pntP=[0.505 0.014 0.052 0.037 0.017 0.002 0.002 0.076 0.001 0.039 0.041 0 0.003 0.001 0 0.007 0 0.002 0.003 0.001 0.013 0 0.002 0 0 0.001 0.024 0.001 0.024 0.001 0.003 0.007 0.001 0.014 0.004 0.102;0.505 0.014 0.052 0.041 0 0.003 0.001 0.024 0.001 0.024 0.037 0.017 0.002 0.002 0 0.007 0 0.002 0.001 0.003 0.007 0.001 0.002 0.001 0 0 0.076 0.001 0.039 0.003 0.001 0.013 0 0.014 0.004 0.102;0.505 0.041 0.024 0.037 0 0.001 0.002 0.076 0.003 0.014 0.014 0 0.001 0.001 0.017 0.007 0.003 0.001 0.001 0.001 0.004 0 0.002 0 0.001 0.002 0.052 0.003 0.024 0.002 0 0.007 0 0.039 0.013 0.102;
0.555 0.031 0.029 0.023 0.022 0.002 0.004 0.063 0.008 0.04 0.027 0.004 0.003 0 0.002 0.026 0 0.001 0.007 0 0.006 0.001 0 0.006 0 0.004 0.027 0.005 0.008 0.001 0 0.003 0.001 0.01 0.007 0.074;0.555 0.031 0.029 0.027 0.004 0.003 0 0.027 0.005 0.008 0.023 0.022 0.002 0.004 0.002 0.026 0 0.001 0.001 0 0.003 0.001 0 0.004 0 0.006 0.063 0.008 0.04 0.007 0 0.006 0.001 0.01 0.007 0.074;0.555 0.027 0.027 0.023 0.002 0.001 0 0.063 0.007 0.01 0.031 0.004 0.005 0 0.022 0.026 0 0.004 0.008 0 0.007 0.001 0.004 0.006 0.001 0.001 0.029 0.003 0.008 0.002 0 0.003 0 0.04 0.006 0.074;
0.535 0.043 0.007 0.071 0.05 0.002 0.003 0.039 0.006 0.003 0.03 0.008 0.001 0.003 0.005 0.098 0.002 0 0.003 0.006 0.005 0 0.004 0.005 0.002 0.011 0.033 0.002 0 0.004 0.004 0.001 0 0.001 0 0.013;0.535 0.043 0.007 0.03 0.008 0.001 0.003 0.033 0.002 0 0.071 0.05 0.002 0.003 0.005 0.098 0.002 0 0.004 0.004 0.001 0 0.004 0.011 0.002 0.005 0.039 0.006 0.003 0.003 0.006 0.005 0 0.001 0 0.013;0.535 0.03 0.033 0.071 0.005 0.004 0.004 0.039 0.003 0.001 0.043 0.008 0.002 0.003 0.05 0.098 0.004 0.011 0.006 0.006 0 0 0.003 0.005 0 0 0.007 0.001 0 0.002 0.002 0.001 0.002 0.003 0.005 0.013;
0.525 0.034 0.02 0.012 0.033 0.003 0.01 0.09 0.011 0.024 0.026 0.002 0 0 0 0.035 0.004 0.003 0.006 0.002 0.005 0 0.001 0.003 0 0.003 0.033 0.004 0.013 0 0.003 0.002 0.002 0.007 0.006 0.078;0.525 0.034 0.02 0.026 0.002 0 0 0.033 0.004 0.013 0.012 0.033 0.003 0.01 0 0.035 0.004 0.003 0 0.003 0.002 0.002 0.001 0.003 0 0.003 0.09 0.011 0.024 0.006 0.002 0.005 0 0.007 0.006 0.078;0.525 0.026 0.033 0.012 0 0 0.001 0.09 0.006 0.007 0.034 0.002 0.004 0 0.033 0.035 0.003 0.003 0.011 0.002 0.006 0 0.01 0.003 0.002 0.003 0.02 0 0.013 0.003 0.004 0.002 0 0.024 0.005 0.078;
0.553 0.034 0.014 0.015 0.039 0.001 0.008 0.102 0.002 0.023 0.029 0.002 0 0 0.001 0.03 0 0.003 0.007 0.001 0.007 0 0.001 0.005 0 0.001 0.027 0 0.014 0.001 0.003 0.005 0.001 0.003 0 0.068;0.553 0.034 0.014 0.029 0.002 0 0 0.027 0 0.014 0.015 0.039 0.001 0.008 0.001 0.03 0 0.003 0.001 0.003 0.005 0.001 0.001 0.001 0 0.005 0.102 0.002 0.023 0.007 0.001 0.007 0 0.003 0 0.068;0.553 0.029 0.027 0.015 0.001 0.001 0.001 0.102 0.007 0.003 0.034 0.002 0 0 0.039 0.03 0.003 0.001 0.002 0.001 0 0 0.008 0.005 0.001 0.003 0.014 0 0.014 0.001 0 0.005 0 0.023 0.007 0.068;
0.545 0.025 0.035 0.055 0.027 0.008 0.003 0.048 0.005 0.021 0.011 0.004 0 0.001 0 0.096 0.001 0.006 0 0.012 0.003 0.001 0.001 0.008 0.001 0.015 0.041 0.001 0.001 0.003 0.002 0.004 0 0.003 0.003 0.01;0.545 0.025 0.035 0.011 0.004 0 0.001 0.041 0.001 0.001 0.055 0.027 0.008 0.003 0 0.096 0.001 0.006 0.003 0.002 0.004 0 0.001 0.015 0.001 0.008 0.048 0.005 0.021 0 0.012 0.003 0.001 0.003 0.003 0.01;0.545 0.011 0.041 0.055 0 0.003 0.001 0.048 0 0.003 0.025 0.004 0.001 0.001 0.027 0.096 0.002 0.015 0.005 0.012 0.003 0.001 0.003 0.008 0 0.006 0.035 0 0.001 0.008 0.001 0.004 0.001 0.021 0.003 0.01;
0.547 0.028 0.031 0.002 0.026 0 0.006 0.1 0.006 0.028 0.012 0.001 0.001 0 0.002 0.066 0.003 0.004 0.002 0 0.001 0.001 0 0.014 0 0.008 0.04 0.005 0.009 0 0.005 0 0.001 0.007 0.004 0.04;0.547 0.028 0.031 0.012 0.001 0.001 0 0.04 0.005 0.009 0.002 0.026 0 0.006 0.002 0.066 0.003 0.004 0 0.005 0 0.001 0 0.008 0 0.014 0.1 0.006 0.028 0.002 0 0.001 0.001 0.007 0.004 0.04;0.547 0.012 0.04 0.002 0.002 0 0 0.1 0.002 0.007 0.028 0.001 0.005 0 0.026 0.066 0.005 0.008 0.006 0 0.004 0.001 0.006 0.014 0.001 0.004 0.031 0.001 0.009 0 0.003 0 0 0.028 0.001 0.04;
0.558 0.033 0.017 0.052 0.029 0.004 0.008 0.057 0.011 0.026 0.036 0.003 0.002 0 0.001 0.003 0 0 0.005 0.003 0.014 0 0.002 0.002 0 0.001 0.009 0.002 0.012 0.001 0.006 0.011 0 0.004 0.009 0.079;0.558 0.033 0.017 0.036 0.003 0.002 0 0.009 0.002 0.012 0.052 0.029 0.004 0.008 0.001 0.003 0 0 0.001 0.006 0.011 0 0.002 0.001 0 0.002 0.057 0.011 0.026 0.005 0.003 0.014 0 0.004 0.009 0.079;0.558 0.036 0.009 0.052 0.001 0.001 0.002 0.057 0.005 0.004 0.033 0.003 0.002 0 0.029 0.003 0.006 0.001 0.011 0.003 0.009 0 0.008 0.002 0 0 0.017 0.002 0.012 0.004 0 0.011 0 0.026 0.014 0.079;
0.542 0.019 0.034 0.054 0.039 0.001 0.005 0.045 0.003 0.023 0.031 0.005 0.002 0 0.001 0.052 0.002 0.004 0.002 0.004 0.006 0.001 0.001 0.007 0 0.004 0.013 0.002 0.005 0.004 0.006 0.011 0.001 0.002 0.002 0.067;0.542 0.019 0.034 0.031 0.005 0.002 0 0.013 0.002 0.005 0.054 0.039 0.001 0.005 0.001 0.052 0.002 0.004 0.004 0.006 0.011 0.001 0.001 0.004 0 0.007 0.045 0.003 0.023 0.002 0.004 0.006 0.001 0.002 0.002 0.067;0.542 0.031 0.013 0.054 0.001 0.004 0.001 0.045 0.002 0.002 0.019 0.005 0.002 0 0.039 0.052 0.006 0.004 0.003 0.004 0.002 0.001 0.005 0.007 0.001 0.004 0.034 0.002 0.005 0.001 0.002 0.011 0 0.023 0.006 0.067;
0.558 0.045 0.006 0.064 0.029 0.006 0.004 0.024 0.008 0.026 0.037 0.004 0 0.001 0.006 0.082 0.003 0 0.005 0.007 0.008 0.003 0.002 0.01 0.002 0.013 0.014 0.004 0.001 0.001 0.003 0.002 0 0 0.002 0.02;0.558 0.045 0.006 0.037 0.004 0 0.001 0.014 0.004 0.001 0.064 0.029 0.006 0.004 0.006 0.082 0.003 0 0.001 0.003 0.002 0 0.002 0.013 0.002 0.01 0.024 0.008 0.026 0.005 0.007 0.008 0.003 0 0.002 0.02;0.558 0.037 0.014 0.064 0.006 0.001 0.002 0.024 0.005 0 0.045 0.004 0.004 0.001 0.029 0.082 0.003 0.013 0.008 0.007 0.002 0.003 0.004 0.01 0 0 0.006 0 0.001 0.006 0.003 0.002 0.002 0.026 0.008 0.02;
0.509 0.007 0.032 0.071 0.033 0.009 0.016 0.061 0.002 0.018 0.031 0.004 0.002 0 0.003 0.062 0 0.005 0.008 0.001 0.007 0.001 0 0.008 0.001 0.005 0.021 0 0.005 0.003 0.007 0.006 0 0.006 0.002 0.054;0.509 0.007 0.032 0.031 0.004 0.002 0 0.021 0 0.005 0.071 0.033 0.009 0.016 0.003 0.062 0 0.005 0.003 0.007 0.006 0 0 0.005 0.001 0.008 0.061 0.002 0.018 0.008 0.001 0.007 0.001 0.006 0.002 0.054;0.509 0.031 0.021 0.071 0.003 0.003 0 0.061 0.008 0.006 0.007 0.004 0 0 0.033 0.062 0.007 0.005 0.002 0.001 0.002 0.001 0.016 0.008 0 0.005 0.032 0.002 0.005 0.009 0 0.006 0.001 0.018 0.007 0.054;
0.523 0.047 0.01 0.09 0.03 0.008 0.004 0.018 0.011 0.026 0.033 0.007 0.003 0.001 0.009 0.07 0.002 0.002 0.001 0.005 0.008 0 0.003 0.003 0.003 0.009 0.006 0 0.001 0.001 0.011 0.003 0.001 0.001 0.004 0.046;0.523 0.047 0.01 0.033 0.007 0.003 0.001 0.006 0 0.001 0.09 0.03 0.008 0.004 0.009 0.07 0.002 0.002 0.001 0.011 0.003 0.001 0.003 0.009 0.003 0.003 0.018 0.011 0.026 0.001 0.005 0.008 0 0.001 0.004 0.046;0.523 0.033 0.006 0.09 0.009 0.001 0.003 0.018 0.001 0.001 0.047 0.007 0 0.001 0.03 0.07 0.011 0.009 0.011 0.005 0.004 0 0.004 0.003 0.001 0.002 0.01 0.003 0.001 0.008 0.002 0.003 0.003 0.026 0.008 0.046;
0.53 0.009 0.047 0.066 0.043 0.005 0.003 0.059 0.006 0.016 0.036 0.001 0.004 0.002 0 0.017 0.002 0.001 0.003 0.001 0.004 0 0.003 0.002 0 0.002 0.009 0 0.009 0.002 0.008 0.01 0 0.011 0.002 0.087;0.53 0.009 0.047 0.036 0.001 0.004 0.002 0.009 0 0.009 0.066 0.043 0.005 0.003 0 0.017 0.002 0.001 0.002 0.008 0.01 0 0.003 0.002 0 0.002 0.059 0.006 0.016 0.003 0.001 0.004 0 0.011 0.002 0.087;0.53 0.036 0.009 0.066 0 0.002 0.003 0.059 0.003 0.011 0.009 0.001 0 0.002 0.043 0.017 0.008 0.002 0.006 0.001 0.002 0 0.003 0.002 0 0.001 0.047 0.004 0.009 0.005 0.002 0.01 0 0.016 0.004 0.087;
0.556 0.003 0.04 0.034 0.025 0.004 0.003 0.081 0.002 0.033 0.024 0 0.002 0 0.001 0.008 0 0.001 0.003 0 0.004 0 0 0.001 0.001 0 0.026 0 0.018 0.003 0.009 0.003 0.001 0.008 0.001 0.105;0.556 0.003 0.04 0.024 0 0.002 0 0.026 0 0.018 0.034 0.025 0.004 0.003 0.001 0.008 0 0.001 0.003 0.009 0.003 0.001 0 0 0.001 0.001 0.081 0.002 0.033 0.003 0 0.004 0 0.008 0.001 0.105;0.556 0.024 0.026 0.034 0.001 0.003 0 0.081 0.003 0.008 0.003 0 0 0 0.025 0.008 0.009 0 0.002 0 0.001 0 0.003 0.001 0.001 0.001 0.04 0.002 0.018 0.004 0 0.003 0.001 0.033 0.004 0.105;
0.554 0.022 0.023 0.066 0.035 0.012 0.003 0.033 0.001 0.039 0.002 0.001 0 0 0.001 0.005 0 0 0 0.002 0 0 0.001 0.001 0 0.002 0.052 0.003 0.011 0.005 0.004 0.013 0 0.007 0.003 0.099;0.554 0.022 0.023 0.002 0.001 0 0 0.052 0.003 0.011 0.066 0.035 0.012 0.003 0.001 0.005 0 0 0.005 0.004 0.013 0 0.001 0.002 0 0.001 0.033 0.001 0.039 0 0.002 0 0 0.007 0.003 0.099;0.554 0.002 0.052 0.066 0.001 0.005 0.001 0.033 0 0.007 0.022 0.001 0.003 0 0.035 0.005 0.004 0.002 0.001 0.002 0.003 0 0.003 0.001 0 0 0.023 0 0.011 0.012 0 0.013 0 0.039 0 0.099;
0.484 0.026 0.032 0.01 0.042 0 0.008 0.111 0.008 0.023 0.062 0.001 0.003 0.001 0.002 0.038 0.001 0.002 0.01 0 0.007 0.001 0 0.005 0 0.004 0.008 0 0.016 0 0.004 0 0.005 0.006 0.004 0.076;0.484 0.026 0.032 0.062 0.001 0.003 0.001 0.008 0 0.016 0.01 0.042 0 0.008 0.002 0.038 0.001 0.002 0 0.004 0 0.005 0 0.004 0 0.005 0.111 0.008 0.023 0.01 0 0.007 0.001 0.006 0.004 0.076;0.484 0.062 0.008 0.01 0.002 0 0 0.111 0.01 0.006 0.026 0.001 0 0.001 0.042 0.038 0.004 0.004 0.008 0 0.004 0.001 0.008 0.005 0.005 0.002 0.032 0.003 0.016 0 0.001 0 0 0.023 0.007 0.076;
0.53 0.03 0.016 0.11 0.016 0.008 0.004 0.01 0.002 0.037 0.01 0.008 0 0.001 0.007 0.076 0.004 0.003 0.001 0.004 0.004 0.003 0.001 0 0.001 0.01 0.042 0.004 0.001 0.005 0.003 0.004 0 0.002 0.004 0.039;0.53 0.03 0.016 0.01 0.008 0 0.001 0.042 0.004 0.001 0.11 0.016 0.008 0.004 0.007 0.076 0.004 0.003 0.005 0.003 0.004 0 0.001 0.01 0.001 0 0.01 0.002 0.037 0.001 0.004 0.004 0.003 0.002 0.004 0.039;0.53 0.01 0.042 0.11 0.007 0.005 0.001 0.01 0.001 0.002 0.03 0.008 0.004 0.001 0.016 0.076 0.003 0.01 0.002 0.004 0.004 0.003 0.004 0 0 0.003 0.016 0 0.001 0.008 0.004 0.004 0.001 0.037 0.004 0.039;
0.524 0.03 0.014 0.091 0.038 0.003 0.011 0.014 0.005 0.018 0.012 0.007 0 0.001 0.005 0.106 0.004 0.001 0 0.011 0.006 0.002 0 0.003 0.002 0.015 0.032 0.005 0.001 0.009 0.01 0.002 0 0.004 0.001 0.013;0.524 0.03 0.014 0.012 0.007 0 0.001 0.032 0.005 0.001 0.091 0.038 0.003 0.011 0.005 0.106 0.004 0.001 0.009 0.01 0.002 0 0 0.015 0.002 0.003 0.014 0.005 0.018 0 0.011 0.006 0.002 0.004 0.001 0.013;0.524 0.012 0.032 0.091 0.005 0.009 0 0.014 0 0.004 0.03 0.007 0.005 0.001 0.038 0.106 0.01 0.015 0.005 0.011 0.001 0.002 0.011 0.003 0 0.001 0.014 0 0.001 0.003 0.004 0.002 0.002 0.018 0.006 0.013;
0.536 0.03 0.023 0.048 0.034 0.008 0.005 0.063 0.008 0.035 0.007 0.002 0.002 0.005 0.004 0.069 0.001 0.006 0 0.004 0.001 0 0 0.011 0.001 0.014 0.05 0 0.004 0.01 0.002 0.001 0 0.006 0 0.01;0.536 0.03 0.023 0.007 0.002 0.002 0.005 0.05 0 0.004 0.048 0.034 0.008 0.005 0.004 0.069 0.001 0.006 0.01 0.002 0.001 0 0 0.014 0.001 0.011 0.063 0.008 0.035 0 0.004 0.001 0 0.006 0 0.01;0.536 0.007 0.05 0.048 0.004 0.01 0 0.063 0 0.006 0.03 0.002 0 0.005 0.034 0.069 0.002 0.014 0.008 0.004 0 0 0.005 0.011 0 0.006 0.023 0.002 0.004 0.008 0.001 0.001 0.001 0.035 0.001 0.01;
0.506 0.002 0.048 0.097 0.029 0.012 0.003 0.037 0.006 0.032 0.015 0.003 0 0 0.002 0.082 0 0.003 0.001 0.004 0.002 0.001 0.001 0.004 0 0.007 0.036 0 0.006 0.005 0.003 0.008 0 0.006 0.001 0.038;0.506 0.002 0.048 0.015 0.003 0 0 0.036 0 0.006 0.097 0.029 0.012 0.003 0.002 0.082 0 0.003 0.005 0.003 0.008 0 0.001 0.007 0 0.004 0.037 0.006 0.032 0.001 0.004 0.002 0.001 0.006 0.001 0.038;0.506 0.015 0.036 0.097 0.002 0.005 0.001 0.037 0.001 0.006 0.002 0.003 0 0 0.029 0.082 0.003 0.007 0.006 0.004 0.001 0.001 0.003 0.004 0 0.003 0.048 0 0.006 0.012 0 0.008 0 0.032 0.002 0.038;
0.541 0.014 0.034 0.09 0.019 0.008 0.002 0.024 0.006 0.028 0.005 0.005 0 0.001 0 0.054 0.003 0.003 0 0.007 0.003 0 0.001 0.003 0 0.007 0.044 0.003 0.002 0.005 0.003 0.012 0 0.004 0.004 0.065;0.541 0.014 0.034 0.005 0.005 0 0.001 0.044 0.003 0.002 0.09 0.019 0.008 0.002 0 0.054 0.003 0.003 0.005 0.003 0.012 0 0.001 0.007 0 0.003 0.024 0.006 0.028 0 0.007 0.003 0 0.004 0.004 0.065;0.541 0.005 0.044 0.09 0 0.005 0.001 0.024 0 0.004 0.014 0.005 0.003 0.001 0.019 0.054 0.003 0.007 0.006 0.007 0.004 0 0.002 0.003 0 0.003 0.034 0 0.002 0.008 0.003 0.012 0 0.028 0.003 0.065;
0.548 0.019 0.025 0.037 0.03 0.007 0.006 0.072 0.008 0.031 0.016 0.001 0 0.002 0.002 0.095 0.004 0.005 0.001 0.005 0.001 0 0 0.009 0.001 0.011 0.027 0 0.003 0.003 0.002 0 0.002 0.007 0.004 0.016;0.548 0.019 0.025 0.016 0.001 0 0.002 0.027 0 0.003 0.037 0.03 0.007 0.006 0.002 0.095 0.004 0.005 0.003 0.002 0 0.002 0 0.011 0.001 0.009 0.072 0.008 0.031 0.001 0.005 0.001 0 0.007 0.004 0.016;0.548 0.016 0.027 0.037 0.002 0.003 0 0.072 0.001 0.007 0.019 0.001 0 0.002 0.03 0.095 0.002 0.011 0.008 0.005 0.004 0 0.006 0.009 0.002 0.005 0.025 0 0.003 0.007 0.004 0 0.001 0.031 0.001 0.016;
0.536 0.035 0.011 0.008 0.032 0 0.003 0.119 0.006 0.035 0.003 0.001 0.001 0 0 0.042 0.001 0.002 0.001 0 0 0 0.002 0.009 0 0.008 0.047 0.005 0.01 0 0.007 0 0.001 0.009 0.005 0.061;0.536 0.035 0.011 0.003 0.001 0.001 0 0.047 0.005 0.01 0.008 0.032 0 0.003 0 0.042 0.001 0.002 0 0.007 0 0.001 0.002 0.008 0 0.009 0.119 0.006 0.035 0.001 0 0 0 0.009 0.005 0.061;0.536 0.003 0.047 0.008 0 0 0.002 0.119 0.001 0.009 0.035 0.001 0.005 0 0.032 0.042 0.007 0.008 0.006 0 0.005 0 0.003 0.009 0.001 0.002 0.011 0.001 0.01 0 0.001 0 0 0.035 0 0.061;
0.534 0.029 0.026 0.018 0.018 0.001 0.006 0.086 0.008 0.043 0.008 0 0.004 0.001 0 0.015 0.001 0.001 0.002 0 0.003 0.001 0.002 0 0.001 0.001 0.038 0.004 0.021 0.003 0.005 0.002 0.001 0.007 0.004 0.106;0.534 0.029 0.026 0.008 0 0.004 0.001 0.038 0.004 0.021 0.018 0.018 0.001 0.006 0 0.015 0.001 0.001 0.003 0.005 0.002 0.001 0.002 0.001 0.001 0 0.086 0.008 0.043 0.002 0 0.003 0.001 0.007 0.004 0.106;0.534 0.008 0.038 0.018 0 0.003 0.002 0.086 0.002 0.007 0.029 0 0.004 0.001 0.018 0.015 0.005 0.001 0.008 0 0.004 0.001 0.006 0 0.001 0.001 0.026 0.004 0.021 0.001 0.001 0.002 0.001 0.043 0.003 0.106;
0.524 0.003 0.051 0.027 0.043 0.003 0.007 0.083 0.002 0.033 0.014 0.001 0.001 0 0.003 0.047 0 0.007 0.003 0 0.001 0 0 0.018 0.001 0.008 0.032 0 0.016 0.002 0.009 0.003 0 0.012 0.002 0.044;0.524 0.003 0.051 0.014 0.001 0.001 0 0.032 0 0.016 0.027 0.043 0.003 0.007 0.003 0.047 0 0.007 0.002 0.009 0.003 0 0 0.008 0.001 0.018 0.083 0.002 0.033 0.003 0 0.001 0 0.012 0.002 0.044;0.524 0.014 0.032 0.027 0.003 0.002 0 0.083 0.003 0.012 0.003 0.001 0 0 0.043 0.047 0.009 0.008 0.002 0 0.002 0 0.007 0.018 0 0.007 0.051 0.001 0.016 0.003 0 0.003 0.001 0.033 0.001 0.044;
0.528 0.02 0.03 0.098 0.024 0.018 0.003 0.006 0.003 0.036 0.017 0 0 0.001 0.006 0.01 0.002 0.001 0 0 0.006 0 0.003 0 0.001 0.001 0.036 0.002 0.004 0.004 0.009 0.018 0.001 0.01 0.007 0.095;0.528 0.02 0.03 0.017 0 0 0.001 0.036 0.002 0.004 0.098 0.024 0.018 0.003 0.006 0.01 0.002 0.001 0.004 0.009 0.018 0.001 0.003 0.001 0.001 0 0.006 0.003 0.036 0 0 0.006 0 0.01 0.007 0.095;0.528 0.017 0.036 0.098 0.006 0.004 0.003 0.006 0 0.01 0.02 0 0.002 0.001 0.024 0.01 0.009 0.001 0.003 0 0.007 0 0.003 0 0.001 0.001 0.03 0 0.004 0.018 0.002 0.018 0.001 0.036 0.006 0.095;
0.52 0.053 0.013 0.083 0.018 0.007 0.006 0.006 0.004 0.055 0.011 0.004 0 0.001 0.001 0.03 0 0 0.001 0 0.001 0 0.003 0.002 0 0.005 0.044 0.007 0.001 0.012 0.004 0.009 0 0.002 0.009 0.088;0.52 0.053 0.013 0.011 0.004 0 0.001 0.044 0.007 0.001 0.083 0.018 0.007 0.006 0.001 0.03 0 0 0.012 0.004 0.009 0 0.003 0.005 0 0.002 0.006 0.004 0.055 0.001 0 0.001 0 0.002 0.009 0.088;0.52 0.011 0.044 0.083 0.001 0.012 0.003 0.006 0.001 0.002 0.053 0.004 0.007 0.001 0.018 0.03 0.004 0.005 0.004 0 0.009 0 0.006 0.002 0 0 0.013 0 0.001 0.007 0 0.009 0 0.055 0.001 0.088;
0.565 0.005 0.052 0.034 0.029 0.009 0.005 0.063 0.005 0.024 0.029 0.003 0.004 0 0.002 0.015 0.001 0 0.008 0 0.016 0.001 0 0.001 0.001 0.002 0.011 0 0.017 0.001 0.001 0.009 0.002 0.007 0.001 0.077;0.565 0.005 0.052 0.029 0.003 0.004 0 0.011 0 0.017 0.034 0.029 0.009 0.005 0.002 0.015 0.001 0 0.001 0.001 0.009 0.002 0 0.002 0.001 0.001 0.063 0.005 0.024 0.008 0 0.016 0.001 0.007 0.001 0.077;0.565 0.029 0.011 0.034 0.002 0.001 0 0.063 0.008 0.007 0.005 0.003 0 0 0.029 0.015 0.001 0.002 0.005 0 0.001 0.001 0.005 0.001 0.002 0 0.052 0.004 0.017 0.009 0.001 0.009 0.001 0.024 0.016 0.077;
0.516 0.037 0.021 0.035 0.039 0.002 0.006 0.076 0.007 0.022 0.022 0.002 0.001 0.002 0.001 0.037 0 0.002 0.002 0.002 0.004 0 0.002 0.004 0.001 0.004 0.038 0.005 0.008 0.003 0.008 0.005 0 0.009 0.003 0.074;0.516 0.037 0.021 0.022 0.002 0.001 0.002 0.038 0.005 0.008 0.035 0.039 0.002 0.006 0.001 0.037 0 0.002 0.003 0.008 0.005 0 0.002 0.004 0.001 0.004 0.076 0.007 0.022 0.002 0.002 0.004 0 0.009 0.003 0.074;0.516 0.022 0.038 0.035 0.001 0.003 0.002 0.076 0.002 0.009 0.037 0.002 0.005 0.002 0.039 0.037 0.008 0.004 0.007 0.002 0.003 0 0.006 0.004 0 0.002 0.021 0.001 0.008 0.002 0 0.005 0.001 0.022 0.004 0.074;
0.521 0.029 0.022 0.08 0.034 0.004 0.012 0.011 0.004 0.016 0.053 0.006 0.001 0.001 0.002 0.025 0.003 0.003 0.004 0.005 0.018 0.001 0.001 0.001 0.003 0.001 0.008 0.001 0.003 0.002 0.006 0.012 0 0.003 0.008 0.096;0.521 0.029 0.022 0.053 0.006 0.001 0.001 0.008 0.001 0.003 0.08 0.034 0.004 0.012 0.002 0.025 0.003 0.003 0.002 0.006 0.012 0 0.001 0.001 0.003 0.001 0.011 0.004 0.016 0.004 0.005 0.018 0.001 0.003 0.008 0.096;0.521 0.053 0.008 0.08 0.002 0.002 0.001 0.011 0.004 0.003 0.029 0.006 0.001 0.001 0.034 0.025 0.006 0.001 0.004 0.005 0.008 0.001 0.012 0.001 0 0.003 0.022 0.001 0.003 0.004 0.003 0.012 0.003 0.016 0.018 0.096;
0.519 0.013 0.041 0.001 0.049 0.001 0.009 0.087 0.003 0.025 0.042 0 0.004 0 0.001 0.053 0 0.004 0.009 0 0.008 0 0 0.018 0 0.003 0.024 0 0.013 0 0.008 0 0 0.008 0.002 0.055;0.519 0.013 0.041 0.042 0 0.004 0 0.024 0 0.013 0.001 0.049 0.001 0.009 0.001 0.053 0 0.004 0 0.008 0 0 0 0.003 0 0.018 0.087 0.003 0.025 0.009 0 0.008 0 0.008 0.002 0.055;0.519 0.042 0.024 0.001 0.001 0 0 0.087 0.009 0.008 0.013 0 0 0 0.049 0.053 0.008 0.003 0.003 0 0.002 0 0.009 0.018 0 0.004 0.041 0.004 0.013 0.001 0 0 0 0.025 0.008 0.055;
0.549 0.031 0.025 0.03 0.035 0.002 0.004 0.06 0.004 0.03 0.017 0.003 0.003 0.001 0.001 0.051 0.001 0.005 0 0.001 0.002 0 0 0.009 0 0.006 0.035 0.002 0.01 0.007 0.006 0.005 0.001 0.006 0.004 0.054;0.549 0.031 0.025 0.017 0.003 0.003 0.001 0.035 0.002 0.01 0.03 0.035 0.002 0.004 0.001 0.051 0.001 0.005 0.007 0.006 0.005 0.001 0 0.006 0 0.009 0.06 0.004 0.03 0 0.001 0.002 0 0.006 0.004 0.054;0.549 0.017 0.035 0.03 0.001 0.007 0 0.06 0 0.006 0.031 0.003 0.002 0.001 0.035 0.051 0.006 0.006 0.004 0.001 0.004 0 0.004 0.009 0.001 0.005 0.025 0.003 0.01 0.002 0.001 0.005 0 0.03 0.002 0.054;
0.54 0.013 0.032 0.007 0.039 0 0.01 0.104 0.007 0.026 0.028 0.001 0.002 0 0.001 0.049 0 0.003 0.002 0 0.007 0.001 0 0.009 0 0.01 0.028 0.001 0.013 0 0.009 0 0.001 0.005 0.002 0.05;0.54 0.013 0.032 0.028 0.001 0.002 0 0.028 0.001 0.013 0.007 0.039 0 0.01 0.001 0.049 0 0.003 0 0.009 0 0.001 0 0.01 0 0.009 0.104 0.007 0.026 0.002 0 0.007 0.001 0.005 0.002 0.05;0.54 0.028 0.028 0.007 0.001 0 0 0.104 0.002 0.005 0.013 0.001 0.001 0 0.039 0.049 0.009 0.01 0.007 0 0.002 0.001 0.01 0.009 0.001 0.003 0.032 0.002 0.013 0 0 0 0 0.026 0.007 0.05;
0.545 0.041 0.006 0.068 0.025 0.005 0.008 0.028 0.008 0.019 0.041 0.003 0.001 0.001 0.003 0.068 0.002 0.002 0 0.006 0.004 0.001 0.004 0.005 0.001 0.007 0.016 0.001 0.004 0.001 0.008 0.008 0.002 0.003 0.007 0.048;0.545 0.041 0.006 0.041 0.003 0.001 0.001 0.016 0.001 0.004 0.068 0.025 0.005 0.008 0.003 0.068 0.002 0.002 0.001 0.008 0.008 0.002 0.004 0.007 0.001 0.005 0.028 0.008 0.019 0 0.006 0.004 0.001 0.003 0.007 0.048;0.545 0.041 0.016 0.068 0.003 0.001 0.004 0.028 0 0.003 0.041 0.003 0.001 0.001 0.025 0.068 0.008 0.007 0.008 0.006 0.007 0.001 0.008 0.005 0.002 0.002 0.006 0.001 0.004 0.005 0.002 0.008 0.001 0.019 0.004 0.048;
0.555 0.045 0.006 0.027 0.037 0 0.006 0.072 0.007 0.019 0.05 0.007 0 0.001 0.007 0.075 0.006 0.005 0.003 0.001 0.002 0.001 0.002 0.008 0.001 0.004 0.015 0.001 0.005 0.001 0.004 0.002 0 0.001 0.001 0.023;0.555 0.045 0.006 0.05 0.007 0 0.001 0.015 0.001 0.005 0.027 0.037 0 0.006 0.007 0.075 0.006 0.005 0.001 0.004 0.002 0 0.002 0.004 0.001 0.008 0.072 0.007 0.019 0.003 0.001 0.002 0.001 0.001 0.001 0.023;0.555 0.05 0.015 0.027 0.007 0.001 0.002 0.072 0.003 0.001 0.045 0.007 0.001 0.001 0.037 0.075 0.004 0.004 0.007 0.001 0.001 0.001 0.006 0.008 0 0.005 0.006 0 0.005 0 0.006 0.002 0.001 0.019 0.002 0.023;
0.531 0.044 0.016 0.063 0.042 0.003 0.004 0.046 0.009 0.026 0.003 0.001 0 0 0.004 0.016 0 0.002 0 0 0.001 0 0 0.001 0.001 0.004 0.046 0.002 0.006 0.009 0.009 0.012 0.001 0.005 0.004 0.089;0.531 0.044 0.016 0.003 0.001 0 0 0.046 0.002 0.006 0.063 0.042 0.003 0.004 0.004 0.016 0 0.002 0.009 0.009 0.012 0.001 0 0.004 0.001 0.001 0.046 0.009 0.026 0 0 0.001 0 0.005 0.004 0.089;0.531 0.003 0.046 0.063 0.004 0.009 0 0.046 0 0.005 0.044 0.001 0.002 0 0.042 0.016 0.009 0.004 0.009 0 0.004 0 0.004 0.001 0.001 0.002 0.016 0 0.006 0.003 0 0.012 0.001 0.026 0.001 0.089;
0.533 0.004 0.043 0.01 0.037 0.001 0.009 0.091 0.001 0.035 0.008 0 0 0 0 0.083 0 0.011 0.001 0 0.004 0 0 0.008 0 0.016 0.052 0.001 0.005 0 0.008 0.002 0 0.01 0.001 0.026;0.533 0.004 0.043 0.008 0 0 0 0.052 0.001 0.005 0.01 0.037 0.001 0.009 0 0.083 0 0.011 0 0.008 0.002 0 0 0.016 0 0.008 0.091 0.001 0.035 0.001 0 0.004 0 0.01 0.001 0.026;0.533 0.008 0.052 0.01 0 0 0 0.091 0.001 0.01 0.004 0 0.001 0 0.037 0.083 0.008 0.016 0.001 0 0.001 0 0.009 0.008 0 0.011 0.043 0 0.005 0.001 0 0.002 0 0.035 0.004 0.026;
0.545 0.019 0.03 0.054 0.032 0.008 0.008 0.069 0.005 0.011 0.029 0 0.001 0.001 0.003 0.004 0 0 0.003 0 0.008 0 0.001 0 0 0 0.018 0.004 0.012 0.003 0.008 0.009 0.001 0.004 0.003 0.107;0.545 0.019 0.03 0.029 0 0.001 0.001 0.018 0.004 0.012 0.054 0.032 0.008 0.008 0.003 0.004 0 0 0.003 0.008 0.009 0.001 0.001 0 0 0 0.069 0.005 0.011 0.003 0 0.008 0 0.004 0.003 0.107;0.545 0.029 0.018 0.054 0.003 0.003 0.001 0.069 0.003 0.004 0.019 0 0.004 0.001 0.032 0.004 0.008 0 0.005 0 0.003 0 0.008 0 0.001 0 0.03 0.001 0.012 0.008 0 0.009 0 0.011 0.008 0.107;
0.554 0.018 0.039 0.108 0.025 0.013 0.003 0.006 0.002 0.036 0.014 0.001 0.001 0 0.002 0.017 0 0 0.001 0.001 0.004 0.001 0 0 0.001 0.001 0.027 0.003 0.001 0.008 0.007 0.011 0.001 0.005 0.003 0.086;0.554 0.018 0.039 0.014 0.001 0.001 0 0.027 0.003 0.001 0.108 0.025 0.013 0.003 0.002 0.017 0 0 0.008 0.007 0.011 0.001 0 0.001 0.001 0 0.006 0.002 0.036 0.001 0.001 0.004 0.001 0.005 0.003 0.086;0.554 0.014 0.027 0.108 0.002 0.008 0 0.006 0.001 0.005 0.018 0.001 0.003 0 0.025 0.017 0.007 0.001 0.002 0.001 0.003 0.001 0.003 0 0.001 0 0.039 0.001 0.001 0.013 0 0.011 0.001 0.036 0.004 0.086;
0.545 0.044 0.004 0.094 0.041 0.008 0.007 0.01 0.002 0.024 0.005 0 0 0 0 0.01 0 0 0 0 0.001 0 0.001 0 0 0.002 0.036 0.006 0.003 0.008 0.008 0.025 0.002 0.002 0.011 0.101;0.545 0.044 0.004 0.005 0 0 0 0.036 0.006 0.003 0.094 0.041 0.008 0.007 0 0.01 0 0 0.008 0.008 0.025 0.002 0.001 0.002 0 0 0.01 0.002 0.024 0 0 0.001 0 0.002 0.011 0.101;0.545 0.005 0.036 0.094 0 0.008 0.001 0.01 0 0.002 0.044 0 0.006 0 0.041 0.01 0.008 0.002 0.002 0 0.011 0 0.007 0 0.002 0 0.004 0 0.003 0.008 0 0.025 0 0.024 0.001 0.101;
0.541 0.058 0.005 0.061 0.022 0.006 0.009 0.038 0.01 0.03 0.038 0.007 0.001 0.002 0.007 0.084 0.005 0.002 0.001 0.003 0.003 0 0 0.016 0.002 0.009 0.021 0.001 0 0.002 0.003 0 0.001 0.002 0 0.01;0.541 0.058 0.005 0.038 0.007 0.001 0.002 0.021 0.001 0 0.061 0.022 0.006 0.009 0.007 0.084 0.005 0.002 0.002 0.003 0 0.001 0 0.009 0.002 0.016 0.038 0.01 0.03 0.001 0.003 0.003 0 0.002 0 0.01;0.541 0.038 0.021 0.061 0.007 0.002 0 0.038 0.001 0.002 0.058 0.007 0.001 0.002 0.022 0.084 0.003 0.009 0.01 0.003 0 0 0.009 0.016 0.001 0.002 0.005 0.001 0 0.006 0.005 0 0.002 0.03 0.003 0.01;
0.53 0.028 0.027 0.064 0.035 0.006 0.007 0.041 0.004 0.019 0.034 0.001 0.003 0.001 0.003 0.048 0.003 0.002 0 0.004 0.001 0 0.001 0.005 0 0.008 0.028 0.001 0.006 0.005 0.003 0.013 0 0.01 0.005 0.054;0.53 0.028 0.027 0.034 0.001 0.003 0.001 0.028 0.001 0.006 0.064 0.035 0.006 0.007 0.003 0.048 0.003 0.002 0.005 0.003 0.013 0 0.001 0.008 0 0.005 0.041 0.004 0.019 0 0.004 0.001 0 0.01 0.005 0.054;0.53 0.034 0.028 0.064 0.003 0.005 0.001 0.041 0 0.01 0.028 0.001 0.001 0.001 0.035 0.048 0.003 0.008 0.004 0.004 0.005 0 0.007 0.005 0 0.002 0.027 0.003 0.006 0.006 0.003 0.013 0 0.019 0.001 0.054;
0.554 0.041 0.008 0.065 0.026 0.003 0.005 0.025 0.012 0.034 0.005 0.005 0 0.002 0.004 0.056 0.003 0.001 0 0.002 0 0 0.001 0.002 0.001 0.006 0.053 0.007 0.003 0.008 0.005 0.009 0 0.001 0.005 0.048;0.554 0.041 0.008 0.005 0.005 0 0.002 0.053 0.007 0.003 0.065 0.026 0.003 0.005 0.004 0.056 0.003 0.001 0.008 0.005 0.009 0 0.001 0.006 0.001 0.002 0.025 0.012 0.034 0 0.002 0 0 0.001 0.005 0.048;0.554 0.005 0.053 0.065 0.004 0.008 0.001 0.025 0 0.001 0.041 0.005 0.007 0.002 0.026 0.056 0.005 0.006 0.012 0.002 0.005 0 0.005 0.002 0 0.001 0.008 0 0.003 0.003 0.003 0.009 0.001 0.034 0 0.048;
0.527 0.035 0.012 0.071 0.039 0.002 0.006 0.041 0.007 0.008 0.052 0.007 0.002 0 0.007 0.098 0.002 0.004 0.006 0.007 0.002 0.002 0.003 0.008 0.001 0.005 0.013 0.001 0.001 0.003 0.008 0.001 0 0.003 0.002 0.014;0.527 0.035 0.012 0.052 0.007 0.002 0 0.013 0.001 0.001 0.071 0.039 0.002 0.006 0.007 0.098 0.002 0.004 0.003 0.008 0.001 0 0.003 0.005 0.001 0.008 0.041 0.007 0.008 0.006 0.007 0.002 0.002 0.003 0.002 0.014;0.527 0.052 0.013 0.071 0.007 0.003 0.003 0.041 0.006 0.003 0.035 0.007 0.001 0 0.039 0.098 0.008 0.005 0.007 0.007 0.002 0.002 0.006 0.008 0 0.004 0.012 0.002 0.001 0.002 0.002 0.001 0.001 0.008 0.002 0.014;
0.534 0.01 0.041 0.055 0.022 0.008 0.003 0.045 0.003 0.031 0.036 0.002 0.005 0.001 0 0.043 0.003 0.002 0.003 0.001 0.005 0 0.002 0.006 0.001 0.003 0.018 0.002 0.007 0.001 0.004 0.009 0 0.007 0.005 0.082;0.534 0.01 0.041 0.036 0.002 0.005 0.001 0.018 0.002 0.007 0.055 0.022 0.008 0.003 0 0.043 0.003 0.002 0.001 0.004 0.009 0 0.002 0.003 0.001 0.006 0.045 0.003 0.031 0.003 0.001 0.005 0 0.007 0.005 0.082;0.534 0.036 0.018 0.055 0 0.001 0.002 0.045 0.003 0.007 0.01 0.002 0.002 0.001 0.022 0.043 0.004 0.003 0.003 0.001 0.005 0 0.003 0.006 0 0.002 0.041 0.005 0.007 0.008 0.003 0.009 0.001 0.031 0.005 0.082;
0.548 0.031 0.016 0.106 0.027 0.011 0.005 0.004 0.006 0.031 0.017 0.011 0.001 0.001 0.009 0.092 0.002 0.001 0 0.009 0.004 0 0.001 0 0.001 0.008 0.022 0.001 0 0.004 0.006 0.004 0 0 0.001 0.02;0.548 0.031 0.016 0.017 0.011 0.001 0.001 0.022 0.001 0 0.106 0.027 0.011 0.005 0.009 0.092 0.002 0.001 0.004 0.006 0.004 0 0.001 0.008 0.001 0 0.004 0.006 0.031 0 0.009 0.004 0 0 0.001 0.02;0.548 0.017 0.022 0.106 0.009 0.004 0.001 0.004 0 0 0.031 0.011 0.001 0.001 0.027 0.092 0.006 0.008 0.006 0.009 0.001 0 0.005 0 0 0.001 0.016 0.001 0 0.011 0.002 0.004 0.001 0.031 0.004 0.02;
0.514 0.011 0.044 0.124 0.056 0.009 0.007 0.014 0.004 0.006 0.032 0.01 0.001 0.001 0.001 0.083 0 0.008 0 0.01 0.003 0.004 0.004 0.001 0 0.002 0.025 0 0.007 0.006 0.006 0.001 0 0 0 0.006;0.514 0.011 0.044 0.032 0.01 0.001 0.001 0.025 0 0.007 0.124 0.056 0.009 0.007 0.001 0.083 0 0.008 0.006 0.006 0.001 0 0.004 0.002 0 0.001 0.014 0.004 0.006 0 0.01 0.003 0.004 0 0 0.006;0.514 0.032 0.025 0.124 0.001 0.006 0.004 0.014 0 0 0.011 0.01 0 0.001 0.056 0.083 0.006 0.002 0.004 0.01 0 0.004 0.007 0.001 0 0.008 0.044 0.001 0.007 0.009 0 0.001 0 0.006 0.003 0.006;
0.554 0.03 0.024 0.032 0.028 0.003 0.008 0.059 0.007 0.019 0.013 0.005 0.003 0.001 0.002 0.035 0.001 0 0.002 0 0.008 0 0.001 0.003 0.001 0.008 0.04 0.002 0.014 0.002 0.008 0.004 0.004 0.007 0.004 0.068;0.554 0.03 0.024 0.013 0.005 0.003 0.001 0.04 0.002 0.014 0.032 0.028 0.003 0.008 0.002 0.035 0.001 0 0.002 0.008 0.004 0.004 0.001 0.008 0.001 0.003 0.059 0.007 0.019 0.002 0 0.008 0 0.007 0.004 0.068;0.554 0.013 0.04 0.032 0.002 0.002 0.001 0.059 0.002 0.007 0.03 0.005 0.002 0.001 0.028 0.035 0.008 0.008 0.007 0 0.004 0 0.008 0.003 0.004 0 0.024 0.003 0.014 0.003 0.001 0.004 0.001 0.019 0.008 0.068;
0.516 0.01 0.032 0.024 0.036 0.007 0.008 0.092 0.002 0.033 0.041 0 0.007 0 0.003 0.004 0 0.001 0.007 0.001 0.01 0 0.002 0.001 0 0 0.006 0 0.021 0.002 0.005 0.006 0.001 0.013 0.001 0.108;0.516 0.01 0.032 0.041 0 0.007 0 0.006 0 0.021 0.024 0.036 0.007 0.008 0.003 0.004 0 0.001 0.002 0.005 0.006 0.001 0.002 0 0 0.001 0.092 0.002 0.033 0.007 0.001 0.01 0 0.013 0.001 0.108;0.516 0.041 0.006 0.024 0.003 0.002 0.002 0.092 0.007 0.013 0.01 0 0 0 0.036 0.004 0.005 0 0.002 0.001 0.001 0 0.008 0.001 0.001 0.001 0.032 0.007 0.021 0.007 0 0.006 0 0.033 0.01 0.108;
0.53 0.055 0.009 0.104 0.052 0.009 0.005 0.002 0.003 0.003 0.018 0.007 0.001 0.001 0.003 0.089 0.002 0.001 0 0.011 0.006 0 0.003 0 0 0.011 0.031 0.003 0 0.002 0.006 0.003 0.001 0.002 0.003 0.024;0.53 0.055 0.009 0.018 0.007 0.001 0.001 0.031 0.003 0 0.104 0.052 0.009 0.005 0.003 0.089 0.002 0.001 0.002 0.006 0.003 0.001 0.003 0.011 0 0 0.002 0.003 0.003 0 0.011 0.006 0 0.002 0.003 0.024;0.53 0.018 0.031 0.104 0.003 0.002 0.003 0.002 0 0.002 0.055 0.007 0.003 0.001 0.052 0.089 0.006 0.011 0.003 0.011 0.003 0 0.005 0 0.001 0.001 0.009 0.001 0 0.009 0.002 0.003 0 0.003 0.006 0.024;
0.552 0.025 0.019 0.079 0.041 0.009 0.007 0.033 0.005 0.008 0.043 0.005 0.007 0 0.005 0.075 0.001 0.002 0.001 0.005 0.007 0.001 0.004 0.007 0 0.006 0.009 0 0 0.003 0.006 0.003 0.002 0.001 0.001 0.028;0.552 0.025 0.019 0.043 0.005 0.007 0 0.009 0 0 0.079 0.041 0.009 0.007 0.005 0.075 0.001 0.002 0.003 0.006 0.003 0.002 0.004 0.006 0 0.007 0.033 0.005 0.008 0.001 0.005 0.007 0.001 0.001 0.001 0.028;0.552 0.043 0.009 0.079 0.005 0.003 0.004 0.033 0.001 0.001 0.025 0.005 0 0 0.041 0.075 0.006 0.006 0.005 0.005 0.001 0.001 0.007 0.007 0.002 0.002 0.019 0.007 0 0.009 0.001 0.003 0 0.008 0.007 0.028;
0.537 0.037 0.021 0.038 0.048 0.003 0.004 0.075 0.008 0.015 0.039 0.001 0.004 0.001 0.005 0.025 0.002 0.001 0.007 0.002 0.009 0 0 0.003 0 0.002 0.003 0.002 0.007 0 0.006 0.006 0.002 0.003 0.002 0.082;0.537 0.037 0.021 0.039 0.001 0.004 0.001 0.003 0.002 0.007 0.038 0.048 0.003 0.004 0.005 0.025 0.002 0.001 0 0.006 0.006 0.002 0 0.002 0 0.003 0.075 0.008 0.015 0.007 0.002 0.009 0 0.003 0.002 0.082;0.537 0.039 0.003 0.038 0.005 0 0 0.075 0.007 0.003 0.037 0.001 0.002 0.001 0.048 0.025 0.006 0.002 0.008 0.002 0.002 0 0.004 0.003 0.002 0.001 0.021 0.004 0.007 0.003 0.002 0.006 0 0.015 0.009 0.082;
0.499 0.032 0.023 0.11 0.045 0.007 0.006 0.018 0.007 0.012 0.021 0.002 0.001 0.002 0.002 0.05 0.001 0.003 0 0.005 0.003 0.002 0.002 0 0 0.001 0.024 0.003 0.002 0.009 0.008 0.009 0 0.006 0.006 0.079;0.499 0.032 0.023 0.021 0.002 0.001 0.002 0.024 0.003 0.002 0.11 0.045 0.007 0.006 0.002 0.05 0.001 0.003 0.009 0.008 0.009 0 0.002 0.001 0 0 0.018 0.007 0.012 0 0.005 0.003 0.002 0.006 0.006 0.079;0.499 0.021 0.024 0.11 0.002 0.009 0.002 0.018 0 0.006 0.032 0.002 0.003 0.002 0.045 0.05 0.008 0.001 0.007 0.005 0.006 0.002 0.006 0 0 0.003 0.023 0.001 0.002 0.007 0.001 0.009 0 0.012 0.003 0.079;
0.568 0.04 0.016 0.082 0.037 0.007 0.003 0.024 0.009 0.014 0.009 0.002 0 0 0.002 0.033 0.001 0 0 0.003 0.003 0 0.001 0.002 0.001 0 0.032 0.003 0.006 0.006 0.008 0.009 0.001 0.004 0.006 0.068;0.568 0.04 0.016 0.009 0.002 0 0 0.032 0.003 0.006 0.082 0.037 0.007 0.003 0.002 0.033 0.001 0 0.006 0.008 0.009 0.001 0.001 0 0.001 0.002 0.024 0.009 0.014 0 0.003 0.003 0 0.004 0.006 0.068;0.568 0.009 0.032 0.082 0.002 0.006 0.001 0.024 0 0.004 0.04 0.002 0.003 0 0.037 0.033 0.008 0 0.009 0.003 0.006 0 0.003 0.002 0.001 0 0.016 0 0.006 0.007 0.001 0.009 0.001 0.014 0.003 0.068;
0.529 0.035 0.019 0.074 0.028 0.002 0.009 0.041 0.005 0.027 0.024 0.004 0.001 0 0 0.033 0.001 0.002 0.001 0.005 0.007 0.001 0.002 0.002 0 0.006 0.032 0.006 0.006 0.004 0.008 0.003 0 0.006 0.003 0.074;0.529 0.035 0.019 0.024 0.004 0.001 0 0.032 0.006 0.006 0.074 0.028 0.002 0.009 0 0.033 0.001 0.002 0.004 0.008 0.003 0 0.002 0.006 0 0.002 0.041 0.005 0.027 0.001 0.005 0.007 0.001 0.006 0.003 0.074;0.529 0.024 0.032 0.074 0 0.004 0.002 0.041 0.001 0.006 0.035 0.004 0.006 0 0.028 0.033 0.008 0.006 0.005 0.005 0.003 0.001 0.009 0.002 0 0.002 0.019 0.001 0.006 0.002 0.001 0.003 0 0.027 0.007 0.074;
0.557 0.005 0.035 0.025 0.024 0.001 0.005 0.079 0 0.042 0.037 0 0.003 0.001 0 0.044 0.001 0.003 0.003 0.001 0.003 0 0.003 0.004 0 0.006 0.021 0 0.016 0.001 0.008 0.004 0.001 0.007 0.001 0.059;0.557 0.005 0.035 0.037 0 0.003 0.001 0.021 0 0.016 0.025 0.024 0.001 0.005 0 0.044 0.001 0.003 0.001 0.008 0.004 0.001 0.003 0.006 0 0.004 0.079 0 0.042 0.003 0.001 0.003 0 0.007 0.001 0.059;0.557 0.037 0.021 0.025 0 0.001 0.003 0.079 0.003 0.007 0.005 0 0 0.001 0.024 0.044 0.008 0.006 0 0.001 0.001 0 0.005 0.004 0.001 0.003 0.035 0.003 0.016 0.001 0.001 0.004 0 0.042 0.003 0.059;
0.544 0.027 0.023 0.069 0.035 0.002 0.009 0.038 0.004 0.006 0.058 0.004 0.001 0 0.002 0.041 0 0.003 0.006 0.006 0.01 0.001 0.003 0.002 0 0.001 0 0.001 0.005 0 0.008 0.005 0 0.004 0.004 0.078;0.544 0.027 0.023 0.058 0.004 0.001 0 0 0.001 0.005 0.069 0.035 0.002 0.009 0.002 0.041 0 0.003 0 0.008 0.005 0 0.003 0.001 0 0.002 0.038 0.004 0.006 0.006 0.006 0.01 0.001 0.004 0.004 0.078;0.544 0.058 0 0.069 0.002 0 0.003 0.038 0.006 0.004 0.027 0.004 0.001 0 0.035 0.041 0.008 0.001 0.004 0.006 0.004 0.001 0.009 0.002 0 0.003 0.023 0.001 0.005 0.002 0 0.005 0 0.006 0.01 0.078;
0.534 0.047 0.008 0.035 0.028 0.002 0.006 0.085 0.009 0.032 0.002 0 0 0.001 0 0.033 0.001 0 0 0 0.001 0.001 0 0.003 0 0.001 0.056 0.004 0.011 0.003 0.005 0.002 0 0.005 0.008 0.077;0.534 0.047 0.008 0.002 0 0 0.001 0.056 0.004 0.011 0.035 0.028 0.002 0.006 0 0.033 0.001 0 0.003 0.005 0.002 0 0 0.001 0 0.003 0.085 0.009 0.032 0 0 0.001 0.001 0.005 0.008 0.077;0.534 0.002 0.056 0.035 0 0.003 0 0.085 0 0.005 0.047 0 0.004 0.001 0.028 0.033 0.005 0.001 0.009 0 0.008 0.001 0.006 0.003 0 0 0.008 0 0.011 0.002 0.001 0.002 0 0.032 0.001 0.077;
0.526 0.022 0.033 0.019 0.009 0.005 0.001 0.098 0.004 0.041 0.003 0 0 0 0.002 0.05 0 0.006 0 0 0 0 0 0.01 0 0.012 0.062 0 0.011 0 0.002 0 0.001 0.01 0.002 0.071;0.526 0.022 0.033 0.003 0 0 0 0.062 0 0.011 0.019 0.009 0.005 0.001 0.002 0.05 0 0.006 0 0.002 0 0.001 0 0.012 0 0.01 0.098 0.004 0.041 0 0 0 0 0.01 0.002 0.071;0.526 0.003 0.062 0.019 0.002 0 0 0.098 0 0.01 0.022 0 0 0 0.009 0.05 0.002 0.012 0.004 0 0.002 0 0.001 0.01 0.001 0.006 0.033 0 0.011 0.005 0 0 0 0.041 0 0.071;
0.501 0.051 0.025 0.06 0.016 0.008 0.008 0.048 0.008 0.039 0.034 0.008 0.002 0.004 0.005 0.042 0.003 0.002 0 0.007 0.01 0 0.001 0.002 0.001 0.004 0.014 0.003 0.005 0.005 0.002 0.007 0.002 0.002 0.001 0.07;0.501 0.051 0.025 0.034 0.008 0.002 0.004 0.014 0.003 0.005 0.06 0.016 0.008 0.008 0.005 0.042 0.003 0.002 0.005 0.002 0.007 0.002 0.001 0.004 0.001 0.002 0.048 0.008 0.039 0 0.007 0.01 0 0.002 0.001 0.07;0.501 0.034 0.014 0.06 0.005 0.005 0.001 0.048 0 0.002 0.051 0.008 0.003 0.004 0.016 0.042 0.002 0.004 0.008 0.007 0.001 0 0.008 0.002 0.002 0.002 0.025 0.002 0.005 0.008 0.003 0.007 0.001 0.039 0.01 0.07;
0.527 0.031 0.022 0.058 0.016 0.008 0.004 0.047 0.004 0.023 0.063 0.006 0.004 0.002 0 0.025 0.002 0 0.007 0.005 0.007 0.001 0.002 0.002 0.001 0.003 0.008 0.001 0.007 0.001 0.004 0.012 0.002 0.007 0.007 0.081;0.527 0.031 0.022 0.063 0.006 0.004 0.002 0.008 0.001 0.007 0.058 0.016 0.008 0.004 0 0.025 0.002 0 0.001 0.004 0.012 0.002 0.002 0.003 0.001 0.002 0.047 0.004 0.023 0.007 0.005 0.007 0.001 0.007 0.007 0.081;0.527 0.063 0.008 0.058 0 0.001 0.002 0.047 0.007 0.007 0.031 0.006 0.001 0.002 0.016 0.025 0.004 0.003 0.004 0.005 0.007 0.001 0.004 0.002 0.002 0 0.022 0.004 0.007 0.008 0.002 0.012 0.001 0.023 0.007 0.081;
0.531 0.002 0.053 0.034 0.008 0.008 0.006 0.068 0.001 0.052 0.008 0.002 0 0.001 0 0.078 0.001 0.01 0.001 0.001 0 0.001 0 0.01 0 0.011 0.048 0 0.012 0.003 0 0.002 0.001 0.008 0 0.039;0.531 0.002 0.053 0.008 0.002 0 0.001 0.048 0 0.012 0.034 0.008 0.008 0.006 0 0.078 0.001 0.01 0.003 0 0.002 0.001 0 0.011 0 0.01 0.068 0.001 0.052 0.001 0.001 0 0.001 0.008 0 0.039;0.531 0.008 0.048 0.034 0 0.003 0 0.068 0.001 0.008 0.002 0.002 0 0.001 0.008 0.078 0 0.011 0.001 0.001 0 0.001 0.006 0.01 0.001 0.01 0.053 0 0.012 0.008 0.001 0.002 0 0.052 0 0.039;
0.554 0.046 0.011 0.077 0.046 0.006 0.006 0.036 0.003 0.009 0.021 0.001 0 0 0.003 0.027 0.002 0 0.003 0.001 0.002 0 0.002 0 0 0.006 0.025 0.004 0.003 0.008 0.015 0.007 0 0.004 0.006 0.066;0.554 0.046 0.011 0.021 0.001 0 0 0.025 0.004 0.003 0.077 0.046 0.006 0.006 0.003 0.027 0.002 0 0.008 0.015 0.007 0 0.002 0.006 0 0 0.036 0.003 0.009 0.003 0.001 0.002 0 0.004 0.006 0.066;0.554 0.021 0.025 0.077 0.003 0.008 0.002 0.036 0.003 0.004 0.046 0.001 0.004 0 0.046 0.027 0.015 0.006 0.003 0.001 0.006 0 0.006 0 0 0 0.011 0 0.003 0.006 0.002 0.007 0 0.009 0.002 0.066;
0.544 0.048 0.006 0.019 0.009 0.001 0.002 0.07 0.011 0.056 0.001 0 0 0 0.001 0.017 0 0 0 0 0.001 0 0 0.002 0 0.002 0.062 0.007 0.018 0.001 0.003 0.004 0 0.007 0.005 0.103;0.544 0.048 0.006 0.001 0 0 0 0.062 0.007 0.018 0.019 0.009 0.001 0.002 0.001 0.017 0 0 0.001 0.003 0.004 0 0 0.002 0 0.002 0.07 0.011 0.056 0 0 0.001 0 0.007 0.005 0.103;0.544 0.001 0.062 0.019 0.001 0.001 0 0.07 0 0.007 0.048 0 0.007 0 0.009 0.017 0.003 0.002 0.011 0 0.005 0 0.002 0.002 0 0 0.006 0 0.018 0.001 0 0.004 0 0.056 0.001 0.103;
0.513 0.051 0 0.1 0.065 0.002 0.005 0.014 0.008 0.012 0.021 0.01 0 0.001 0.005 0.093 0.005 0 0 0.014 0.003 0 0.005 0.003 0 0.007 0.031 0.002 0.001 0.006 0.005 0.002 0.002 0 0.001 0.013;0.513 0.051 0 0.021 0.01 0 0.001 0.031 0.002 0.001 0.1 0.065 0.002 0.005 0.005 0.093 0.005 0 0.006 0.005 0.002 0.002 0.005 0.007 0 0.003 0.014 0.008 0.012 0 0.014 0.003 0 0 0.001 0.013;0.513 0.021 0.031 0.1 0.005 0.006 0.005 0.014 0 0 0.051 0.01 0.002 0.001 0.065 0.093 0.005 0.007 0.008 0.014 0.001 0 0.005 0.003 0.002 0 0 0 0.001 0.002 0.005 0.002 0 0.012 0.003 0.013;
0.536 0.006 0.044 0.054 0.023 0.007 0.008 0.067 0.003 0.019 0.019 0.004 0 0.001 0 0.091 0 0.01 0.002 0.01 0.003 0.001 0.001 0.011 0 0.013 0.033 0 0.004 0.005 0.004 0.002 0 0.004 0 0.015;0.536 0.006 0.044 0.019 0.004 0 0.001 0.033 0 0.004 0.054 0.023 0.007 0.008 0 0.091 0 0.01 0.005 0.004 0.002 0 0.001 0.013 0 0.011 0.067 0.003 0.019 0.002 0.01 0.003 0.001 0.004 0 0.015;0.536 0.019 0.033 0.054 0 0.005 0.001 0.067 0.002 0.004 0.006 0.004 0 0.001 0.023 0.091 0.004 0.013 0.003 0.01 0 0.001 0.008 0.011 0 0.01 0.044 0 0.004 0.007 0 0.002 0 0.019 0.003 0.015;
0.536 0.022 0.034 0.043 0.018 0.007 0 0.061 0.006 0.047 0.023 0.005 0.001 0.002 0.003 0.053 0.001 0.006 0.003 0.004 0.007 0 0.001 0.005 0 0.003 0.026 0 0.002 0.006 0.004 0.007 0.001 0.007 0.001 0.055;0.536 0.022 0.034 0.023 0.005 0.001 0.002 0.026 0 0.002 0.043 0.018 0.007 0 0.003 0.053 0.001 0.006 0.006 0.004 0.007 0.001 0.001 0.003 0 0.005 0.061 0.006 0.047 0.003 0.004 0.007 0 0.007 0.001 0.055;0.536 0.023 0.026 0.043 0.003 0.006 0.001 0.061 0.003 0.007 0.022 0.005 0 0.002 0.018 0.053 0.004 0.003 0.006 0.004 0.001 0 0 0.005 0.001 0.006 0.034 0.001 0.002 0.007 0.001 0.007 0 0.047 0.007 0.055;
0.527 0.039 0.015 0.051 0.045 0.003 0.005 0.049 0.006 0.021 0.034 0.004 0.002 0.001 0.005 0.039 0.002 0.002 0.005 0.002 0.006 0.001 0 0.005 0 0.006 0.028 0.002 0.004 0.005 0.005 0.008 0 0.001 0.005 0.067;0.527 0.039 0.015 0.034 0.004 0.002 0.001 0.028 0.002 0.004 0.051 0.045 0.003 0.005 0.005 0.039 0.002 0.002 0.005 0.005 0.008 0 0 0.006 0 0.005 0.049 0.006 0.021 0.005 0.002 0.006 0.001 0.001 0.005 0.067;0.527 0.034 0.028 0.051 0.005 0.005 0 0.049 0.005 0.001 0.039 0.004 0.002 0.001 0.045 0.039 0.005 0.006 0.006 0.002 0.005 0.001 0.005 0.005 0 0.002 0.015 0.002 0.004 0.003 0.002 0.008 0 0.021 0.006 0.067;
0.548 0.005 0.048 0.007 0.022 0.003 0.006 0.084 0.001 0.045 0.041 0 0.002 0 0.002 0.057 0 0.002 0.009 0.001 0.005 0 0 0.01 0 0.003 0.024 0 0.011 0 0.006 0.001 0.002 0.007 0.001 0.047;0.548 0.005 0.048 0.041 0 0.002 0 0.024 0 0.011 0.007 0.022 0.003 0.006 0.002 0.057 0 0.002 0 0.006 0.001 0.002 0 0.003 0 0.01 0.084 0.001 0.045 0.009 0.001 0.005 0 0.007 0.001 0.047;0.548 0.041 0.024 0.007 0.002 0 0 0.084 0.009 0.007 0.005 0 0 0 0.022 0.057 0.006 0.003 0.001 0.001 0.001 0 0.006 0.01 0.002 0.002 0.048 0.002 0.011 0.003 0 0.001 0 0.045 0.005 0.047;
0.527 0.016 0.052 0.035 0.018 0.003 0.002 0.077 0.003 0.035 0.035 0.003 0.002 0.001 0.001 0.088 0.001 0.01 0.003 0.003 0.003 0 0.004 0.014 0.001 0.013 0.018 0.002 0.004 0.001 0.004 0.002 0.003 0.003 0.001 0.012;0.527 0.016 0.052 0.035 0.003 0.002 0.001 0.018 0.002 0.004 0.035 0.018 0.003 0.002 0.001 0.088 0.001 0.01 0.001 0.004 0.002 0.003 0.004 0.013 0.001 0.014 0.077 0.003 0.035 0.003 0.003 0.003 0 0.003 0.001 0.012;0.527 0.035 0.018 0.035 0.001 0.001 0.004 0.077 0.003 0.003 0.016 0.003 0.002 0.001 0.018 0.088 0.004 0.013 0.003 0.003 0.001 0 0.002 0.014 0.003 0.01 0.052 0.002 0.004 0.003 0.001 0.002 0.001 0.035 0.003 0.012;
0.531 0.018 0.036 0.008 0.022 0 0.007 0.082 0.001 0.039 0.049 0.001 0.005 0.002 0.004 0.067 0 0.007 0.003 0.001 0.006 0 0.001 0.01 0 0.015 0.012 0.002 0.009 0 0.002 0 0 0.005 0.001 0.054;0.531 0.018 0.036 0.049 0.001 0.005 0.002 0.012 0.002 0.009 0.008 0.022 0 0.007 0.004 0.067 0 0.007 0 0.002 0 0 0.001 0.015 0 0.01 0.082 0.001 0.039 0.003 0.001 0.006 0 0.005 0.001 0.054;0.531 0.049 0.012 0.008 0.004 0 0.001 0.082 0.003 0.005 0.018 0.001 0.002 0.002 0.022 0.067 0.002 0.015 0.001 0.001 0.001 0 0.007 0.01 0 0.007 0.036 0.005 0.009 0 0 0 0 0.039 0.006 0.054;
0.561 0.006 0.049 0.06 0.033 0.008 0.008 0.053 0.003 0.016 0.033 0.002 0.001 0.004 0 0.1 0 0.006 0.002 0.002 0.008 0 0.001 0.011 0.001 0.006 0.018 0.001 0 0 0.001 0.001 0.002 0.003 0 0;0.561 0.006 0.049 0.033 0.002 0.001 0.004 0.018 0.001 0 0.06 0.033 0.008 0.008 0 0.1 0 0.006 0 0.001 0.001 0.002 0.001 0.006 0.001 0.011 0.053 0.003 0.016 0.002 0.002 0.008 0 0.003 0 0;0.561 0.033 0.018 0.06 0 0 0.001 0.053 0.002 0.003 0.006 0.002 0.001 0.004 0.033 0.1 0.001 0.006 0.003 0.002 0 0 0.008 0.011 0.002 0.006 0.049 0.001 0 0.008 0 0.001 0.001 0.016 0.008 0;
0.556 0.002 0.052 0.068 0.022 0.01 0.005 0.028 0.003 0.027 0.041 0.003 0.005 0.002 0 0.082 0 0.007 0.005 0.001 0.004 0 0.003 0.004 0.001 0.005 0.008 0.001 0.004 0.002 0.007 0.002 0 0.002 0 0.038;0.556 0.002 0.052 0.041 0.003 0.005 0.002 0.008 0.001 0.004 0.068 0.022 0.01 0.005 0 0.082 0 0.007 0.002 0.007 0.002 0 0.003 0.005 0.001 0.004 0.028 0.003 0.027 0.005 0.001 0.004 0 0.002 0 0.038;0.556 0.041 0.008 0.068 0 0.002 0.003 0.028 0.005 0.002 0.002 0.003 0.001 0.002 0.022 0.082 0.007 0.005 0.003 0.001 0 0 0.005 0.004 0 0.007 0.052 0.005 0.004 0.01 0 0.002 0.001 0.027 0.004 0.038;
0.53 0.035 0.021 0.026 0.053 0.002 0.008 0.062 0.007 0.018 0.04 0.005 0.002 0.002 0.007 0.081 0.004 0.003 0.008 0.006 0.002 0 0.005 0.015 0.002 0.004 0.01 0.002 0.004 0 0.003 0.004 0.001 0 0.001 0.027;0.53 0.035 0.021 0.04 0.005 0.002 0.002 0.01 0.002 0.004 0.026 0.053 0.002 0.008 0.007 0.081 0.004 0.003 0 0.003 0.004 0.001 0.005 0.004 0.002 0.015 0.062 0.007 0.018 0.008 0.006 0.002 0 0 0.001 0.027;0.53 0.04 0.01 0.026 0.007 0 0.005 0.062 0.008 0 0.035 0.005 0.002 0.002 0.053 0.081 0.003 0.004 0.007 0.006 0.001 0 0.008 0.015 0.001 0.003 0.021 0.002 0.004 0.002 0.004 0.004 0.002 0.018 0.002 0.027;
0.524 0.055 0.003 0.097 0.021 0.003 0.004 0.019 0.004 0.032 0.025 0.008 0.001 0.002 0.004 0.076 0.003 0.001 0.001 0.007 0.006 0 0.002 0.003 0.001 0.002 0.032 0.004 0.002 0.004 0.002 0.003 0.002 0.001 0.003 0.043;0.524 0.055 0.003 0.025 0.008 0.001 0.002 0.032 0.004 0.002 0.097 0.021 0.003 0.004 0.004 0.076 0.003 0.001 0.004 0.002 0.003 0.002 0.002 0.002 0.001 0.003 0.019 0.004 0.032 0.001 0.007 0.006 0 0.001 0.003 0.043;0.524 0.025 0.032 0.097 0.004 0.004 0.002 0.019 0.001 0.001 0.055 0.008 0.004 0.002 0.021 0.076 0.002 0.002 0.004 0.007 0.003 0 0.004 0.003 0.002 0.001 0.003 0.001 0.002 0.003 0.003 0.003 0.001 0.032 0.006 0.043;
0.545 0.028 0.029 0.075 0.037 0.01 0.008 0.014 0.005 0.033 0.044 0.008 0.001 0.002 0.006 0.043 0.002 0.002 0.002 0.004 0.004 0.001 0.004 0.002 0.001 0.007 0.013 0.002 0.001 0.001 0.008 0.01 0 0 0.001 0.047;0.545 0.028 0.029 0.044 0.008 0.001 0.002 0.013 0.002 0.001 0.075 0.037 0.01 0.008 0.006 0.043 0.002 0.002 0.001 0.008 0.01 0 0.004 0.007 0.001 0.002 0.014 0.005 0.033 0.002 0.004 0.004 0.001 0 0.001 0.047;0.545 0.044 0.013 0.075 0.006 0.001 0.004 0.014 0.002 0 0.028 0.008 0.002 0.002 0.037 0.043 0.008 0.007 0.005 0.004 0.001 0.001 0.008 0.002 0 0.002 0.029 0.001 0.001 0.01 0.002 0.01 0.001 0.033 0.004 0.047;
0.551 0.025 0.019 0.033 0.028 0.008 0.008 0.067 0.009 0.043 0.017 0.002 0 0 0.001 0.082 0.005 0.002 0.003 0.002 0.007 0 0.003 0.007 0.001 0.013 0.019 0.002 0.004 0.002 0.004 0.003 0.001 0.004 0 0.025;0.551 0.025 0.019 0.017 0.002 0 0 0.019 0.002 0.004 0.033 0.028 0.008 0.008 0.001 0.082 0.005 0.002 0.002 0.004 0.003 0.001 0.003 0.013 0.001 0.007 0.067 0.009 0.043 0.003 0.002 0.007 0 0.004 0 0.025;0.551 0.017 0.019 0.033 0.001 0.002 0.003 0.067 0.003 0.004 0.025 0.002 0.002 0 0.028 0.082 0.004 0.013 0.009 0.002 0 0 0.008 0.007 0.001 0.002 0.019 0 0.004 0.008 0.005 0.003 0.001 0.043 0.007 0.025;
0.55 0.009 0.041 0.022 0.041 0 0.01 0.091 0.008 0.011 0.034 0.005 0.007 0 0 0.049 0.001 0.004 0.009 0.001 0.006 0 0.002 0.007 0.001 0.006 0.002 0.002 0.004 0 0.012 0.002 0.002 0.007 0.003 0.051;0.55 0.009 0.041 0.034 0.005 0.007 0 0.002 0.002 0.004 0.022 0.041 0 0.01 0 0.049 0.001 0.004 0 0.012 0.002 0.002 0.002 0.006 0.001 0.007 0.091 0.008 0.011 0.009 0.001 0.006 0 0.007 0.003 0.051;0.55 0.034 0.002 0.022 0 0 0.002 0.091 0.009 0.007 0.009 0.005 0.002 0 0.041 0.049 0.012 0.006 0.008 0.001 0.003 0 0.01 0.007 0.002 0.004 0.041 0.007 0.004 0 0.001 0.002 0.001 0.011 0.006 0.051;
0.532 0.008 0.043 0.053 0.043 0.007 0.005 0.052 0.005 0.019 0.011 0.003 0.001 0 0.001 0.056 0 0.003 0.001 0.003 0.004 0.001 0 0.002 0 0.005 0.051 0 0.013 0.004 0.002 0.005 0.003 0.006 0.001 0.057;0.532 0.008 0.043 0.011 0.003 0.001 0 0.051 0 0.013 0.053 0.043 0.007 0.005 0.001 0.056 0 0.003 0.004 0.002 0.005 0.003 0 0.005 0 0.002 0.052 0.005 0.019 0.001 0.003 0.004 0.001 0.006 0.001 0.057;0.532 0.011 0.051 0.053 0.001 0.004 0 0.052 0.001 0.006 0.008 0.003 0 0 0.043 0.056 0.002 0.005 0.005 0.003 0.001 0.001 0.005 0.002 0.003 0.003 0.043 0.001 0.013 0.007 0 0.005 0 0.019 0.004 0.057;
0.518 0.014 0.038 0.099 0.025 0.019 0.003 0.018 0.005 0.027 0.036 0.005 0.002 0.003 0.003 0.077 0 0.007 0.002 0.007 0.005 0 0.001 0.003 0 0.004 0.019 0 0.001 0.002 0.005 0.014 0 0.004 0.001 0.033;0.518 0.014 0.038 0.036 0.005 0.002 0.003 0.019 0 0.001 0.099 0.025 0.019 0.003 0.003 0.077 0 0.007 0.002 0.005 0.014 0 0.001 0.004 0 0.003 0.018 0.005 0.027 0.002 0.007 0.005 0 0.004 0.001 0.033;0.518 0.036 0.019 0.099 0.003 0.002 0.001 0.018 0.002 0.004 0.014 0.005 0 0.003 0.025 0.077 0.005 0.004 0.005 0.007 0.001 0 0.003 0.003 0 0.007 0.038 0.002 0.001 0.019 0 0.014 0 0.027 0.005 0.033;
0.549 0.027 0.026 0.064 0.028 0.017 0.006 0.029 0.006 0.028 0.013 0.004 0.002 0.002 0.003 0.056 0.001 0.003 0 0.003 0.003 0.001 0.001 0.004 0.001 0.011 0.027 0 0.008 0.005 0.006 0.006 0.001 0.005 0.004 0.05;0.549 0.027 0.026 0.013 0.004 0.002 0.002 0.027 0 0.008 0.064 0.028 0.017 0.006 0.003 0.056 0.001 0.003 0.005 0.006 0.006 0.001 0.001 0.011 0.001 0.004 0.029 0.006 0.028 0 0.003 0.003 0.001 0.005 0.004 0.05;0.549 0.013 0.027 0.064 0.003 0.005 0.001 0.029 0 0.005 0.027 0.004 0 0.002 0.028 0.056 0.006 0.011 0.006 0.003 0.004 0.001 0.006 0.004 0.001 0.003 0.026 0.002 0.008 0.017 0.001 0.006 0.001 0.028 0.003 0.05;
0.531 0.041 0.016 0.034 0.041 0.002 0.01 0.078 0.006 0.012 0.034 0.002 0.004 0.001 0.006 0.011 0.002 0 0.006 0.002 0.01 0 0.004 0.002 0 0.003 0.009 0.001 0.009 0.001 0.009 0.007 0.001 0.002 0.006 0.097;0.531 0.041 0.016 0.034 0.002 0.004 0.001 0.009 0.001 0.009 0.034 0.041 0.002 0.01 0.006 0.011 0.002 0 0.001 0.009 0.007 0.001 0.004 0.003 0 0.002 0.078 0.006 0.012 0.006 0.002 0.01 0 0.002 0.006 0.097;0.531 0.034 0.009 0.034 0.006 0.001 0.004 0.078 0.006 0.002 0.041 0.002 0.001 0.001 0.041 0.011 0.009 0.003 0.006 0.002 0.006 0 0.01 0.002 0.001 0 0.016 0.004 0.009 0.002 0.002 0.007 0 0.012 0.01 0.097;
0.545 0.04 0.011 0.027 0.025 0.002 0.004 0.076 0.012 0.03 0.011 0.004 0.002 0.002 0.003 0.073 0.001 0.002 0 0.001 0.003 0 0.004 0.009 0.003 0.008 0.037 0.003 0.008 0.003 0.002 0.005 0 0.004 0.006 0.034;0.545 0.04 0.011 0.011 0.004 0.002 0.002 0.037 0.003 0.008 0.027 0.025 0.002 0.004 0.003 0.073 0.001 0.002 0.003 0.002 0.005 0 0.004 0.008 0.003 0.009 0.076 0.012 0.03 0 0.001 0.003 0 0.004 0.006 0.034;0.545 0.011 0.037 0.027 0.003 0.003 0.004 0.076 0 0.004 0.04 0.004 0.003 0.002 0.025 0.073 0.002 0.008 0.012 0.001 0.006 0 0.004 0.009 0 0.002 0.011 0.002 0.008 0.002 0.001 0.005 0.003 0.03 0.003 0.034;
0.561 0.003 0.04 0.006 0.044 0.003 0.005 0.101 0.001 0.008 0.031 0.001 0.003 0 0 0.079 0 0.005 0.006 0.001 0.011 0 0 0.018 0 0.001 0.018 0 0.009 0 0.005 0.003 0.001 0.005 0 0.031;0.561 0.003 0.04 0.031 0.001 0.003 0 0.018 0 0.009 0.006 0.044 0.003 0.005 0 0.079 0 0.005 0 0.005 0.003 0.001 0 0.001 0 0.018 0.101 0.001 0.008 0.006 0.001 0.011 0 0.005 0 0.031;0.561 0.031 0.018 0.006 0 0 0 0.101 0.006 0.005 0.003 0.001 0 0 0.044 0.079 0.005 0.001 0.001 0.001 0 0 0.005 0.018 0.001 0.005 0.04 0.003 0.009 0.003 0 0.003 0 0.008 0.011 0.031;
0.542 0.004 0.036 0.078 0.024 0.014 0.008 0.03 0.003 0.031 0.035 0.006 0 0 0.001 0.106 0.001 0.007 0.003 0.009 0.003 0.001 0.007 0.013 0 0.009 0.012 0 0.001 0.002 0.004 0 0.001 0.002 0.001 0.006;0.542 0.004 0.036 0.035 0.006 0 0 0.012 0 0.001 0.078 0.024 0.014 0.008 0.001 0.106 0.001 0.007 0.002 0.004 0 0.001 0.007 0.009 0 0.013 0.03 0.003 0.031 0.003 0.009 0.003 0.001 0.002 0.001 0.006;0.542 0.035 0.012 0.078 0.001 0.002 0.007 0.03 0.003 0.002 0.004 0.006 0 0 0.024 0.106 0.004 0.009 0.003 0.009 0.001 0.001 0.008 0.013 0.001 0.007 0.036 0 0.001 0.014 0.001 0 0 0.031 0.003 0.006;
0.525 0.057 0.002 0.098 0.009 0.007 0.006 0.017 0.009 0.045 0.011 0.001 0 0.001 0.002 0.02 0.002 0 0.001 0.003 0.003 0 0.002 0.002 0 0.005 0.049 0.003 0 0.005 0.005 0.011 0 0.003 0.007 0.089;0.525 0.057 0.002 0.011 0.001 0 0.001 0.049 0.003 0 0.098 0.009 0.007 0.006 0.002 0.02 0.002 0 0.005 0.005 0.011 0 0.002 0.005 0 0.002 0.017 0.009 0.045 0.001 0.003 0.003 0 0.003 0.007 0.089;0.525 0.011 0.049 0.098 0.002 0.005 0.002 0.017 0.001 0.003 0.057 0.001 0.003 0.001 0.009 0.02 0.005 0.005 0.009 0.003 0.007 0 0.006 0.002 0 0 0.002 0 0 0.007 0.002 0.011 0 0.045 0.003 0.089;
0.561 0.024 0.031 0.013 0.024 0.001 0.006 0.1 0.003 0.03 0.02 0.002 0 0 0.002 0.073 0.001 0.005 0.002 0.002 0.008 0 0 0.006 0.001 0.006 0.037 0.002 0.007 0.001 0.001 0 0.001 0.007 0.002 0.021;0.561 0.024 0.031 0.02 0.002 0 0 0.037 0.002 0.007 0.013 0.024 0.001 0.006 0.002 0.073 0.001 0.005 0.001 0.001 0 0.001 0 0.006 0.001 0.006 0.1 0.003 0.03 0.002 0.002 0.008 0 0.007 0.002 0.021;0.561 0.02 0.037 0.013 0.002 0.001 0 0.1 0.002 0.007 0.024 0.002 0.002 0 0.024 0.073 0.001 0.006 0.003 0.002 0.002 0 0.006 0.006 0.001 0.005 0.031 0 0.007 0.001 0.001 0 0.001 0.03 0.008 0.021;
0.524 0.028 0.029 0.062 0.05 0.002 0.011 0.047 0.006 0.013 0.028 0.003 0.003 0.001 0.003 0.077 0.002 0.005 0.003 0.006 0.002 0 0.001 0.001 0 0.008 0.023 0.001 0.001 0.002 0.006 0.006 0 0.003 0.003 0.04;0.524 0.028 0.029 0.028 0.003 0.003 0.001 0.023 0.001 0.001 0.062 0.05 0.002 0.011 0.003 0.077 0.002 0.005 0.002 0.006 0.006 0 0.001 0.008 0 0.001 0.047 0.006 0.013 0.003 0.006 0.002 0 0.003 0.003 0.04;0.524 0.028 0.023 0.062 0.003 0.002 0.001 0.047 0.003 0.003 0.028 0.003 0.001 0.001 0.05 0.077 0.006 0.008 0.006 0.006 0.003 0 0.011 0.001 0 0.005 0.029 0.003 0.001 0.002 0.002 0.006 0 0.013 0.002 0.04;
0.53 0.016 0.036 0.065 0.035 0.006 0.011 0.036 0.004 0.023 0.012 0.01 0.002 0.001 0.002 0.088 0.001 0.009 0.002 0.01 0.003 0 0.002 0.012 0 0.006 0.035 0.002 0.004 0.003 0.004 0.005 0 0.003 0.004 0.018;0.53 0.016 0.036 0.012 0.01 0.002 0.001 0.035 0.002 0.004 0.065 0.035 0.006 0.011 0.002 0.088 0.001 0.009 0.003 0.004 0.005 0 0.002 0.006 0 0.012 0.036 0.004 0.023 0.002 0.01 0.003 0 0.003 0.004 0.018;0.53 0.012 0.035 0.065 0.002 0.003 0.002 0.036 0.002 0.003 0.016 0.01 0.002 0.001 0.035 0.088 0.004 0.006 0.004 0.01 0.004 0 0.011 0.012 0 0.009 0.036 0.002 0.004 0.006 0.001 0.005 0 0.023 0.003 0.018;
0.537 0.011 0.039 0.018 0.01 0.003 0.002 0.083 0.002 0.043 0.018 0.003 0.001 0.001 0.005 0.106 0.002 0.013 0.004 0.002 0.002 0.001 0 0.018 0 0.015 0.027 0 0.004 0.002 0.002 0.001 0 0.007 0.003 0.015;0.537 0.011 0.039 0.018 0.003 0.001 0.001 0.027 0 0.004 0.018 0.01 0.003 0.002 0.005 0.106 0.002 0.013 0.002 0.002 0.001 0 0 0.015 0 0.018 0.083 0.002 0.043 0.004 0.002 0.002 0.001 0.007 0.003 0.015;0.537 0.018 0.027 0.018 0.005 0.002 0 0.083 0.004 0.007 0.011 0.003 0 0.001 0.01 0.106 0.002 0.015 0.002 0.002 0.003 0.001 0.002 0.018 0 0.013 0.039 0.001 0.004 0.003 0.002 0.001 0 0.043 0.002 0.015;
0.533 0.046 0.006 0.024 0.032 0.002 0.01 0.089 0.01 0.016 0.031 0.005 0 0.005 0.005 0.104 0.002 0 0.008 0.001 0.006 0.001 0.003 0.017 0.001 0.003 0.014 0 0.003 0 0.004 0.001 0 0 0.001 0.017;0.533 0.046 0.006 0.031 0.005 0 0.005 0.014 0 0.003 0.024 0.032 0.002 0.01 0.005 0.104 0.002 0 0 0.004 0.001 0 0.003 0.003 0.001 0.017 0.089 0.01 0.016 0.008 0.001 0.006 0.001 0 0.001 0.017;0.533 0.031 0.014 0.024 0.005 0 0.003 0.089 0.008 0 0.046 0.005 0 0.005 0.032 0.104 0.004 0.003 0.01 0.001 0.001 0.001 0.01 0.017 0 0 0.006 0 0.003 0.002 0.002 0.001 0.001 0.016 0.006 0.017;
0.559 0.041 0.022 0.023 0.034 0.003 0.008 0.071 0.006 0.021 0.006 0.002 0 0.002 0.001 0.069 0.001 0.005 0.001 0.002 0.003 0 0.001 0.008 0 0.002 0.045 0.001 0.008 0.002 0.001 0.003 0.002 0.004 0.003 0.04;0.559 0.041 0.022 0.006 0.002 0 0.002 0.045 0.001 0.008 0.023 0.034 0.003 0.008 0.001 0.069 0.001 0.005 0.002 0.001 0.003 0.002 0.001 0.002 0 0.008 0.071 0.006 0.021 0.001 0.002 0.003 0 0.004 0.003 0.04;0.559 0.006 0.045 0.023 0.001 0.002 0.001 0.071 0.001 0.004 0.041 0.002 0.001 0.002 0.034 0.069 0.001 0.002 0.006 0.002 0.003 0 0.008 0.008 0.002 0.005 0.022 0 0.008 0.003 0.001 0.003 0 0.021 0.003 0.04;
0.521 0.019 0.028 0.079 0.028 0.008 0.006 0.037 0.003 0.028 0.011 0.008 0.001 0.002 0.001 0.122 0 0.005 0.001 0.005 0.003 0.002 0.002 0.009 0 0.014 0.036 0.001 0.002 0.002 0.002 0.001 0 0.003 0 0.01;0.521 0.019 0.028 0.011 0.008 0.001 0.002 0.036 0.001 0.002 0.079 0.028 0.008 0.006 0.001 0.122 0 0.005 0.002 0.002 0.001 0 0.002 0.014 0 0.009 0.037 0.003 0.028 0.001 0.005 0.003 0.002 0.003 0 0.01;0.521 0.011 0.036 0.079 0.001 0.002 0.002 0.037 0.001 0.003 0.019 0.008 0.001 0.002 0.028 0.122 0.002 0.014 0.003 0.005 0 0.002 0.006 0.009 0 0.005 0.028 0.001 0.002 0.008 0 0.001 0 0.028 0.003 0.01;
0.551 0.034 0.023 0.046 0.034 0.003 0.007 0.062 0.003 0.017 0.046 0.011 0.001 0 0.003 0.087 0.002 0.002 0.004 0.005 0.001 0 0.002 0.012 0.001 0.008 0.006 0 0.003 0.001 0.008 0 0.001 0.001 0.001 0.014;0.551 0.034 0.023 0.046 0.011 0.001 0 0.006 0 0.003 0.046 0.034 0.003 0.007 0.003 0.087 0.002 0.002 0.001 0.008 0 0.001 0.002 0.008 0.001 0.012 0.062 0.003 0.017 0.004 0.005 0.001 0 0.001 0.001 0.014;0.551 0.046 0.006 0.046 0.003 0.001 0.002 0.062 0.004 0.001 0.034 0.011 0 0 0.034 0.087 0.008 0.008 0.003 0.005 0.001 0 0.007 0.012 0.001 0.002 0.023 0.001 0.003 0.003 0.002 0 0.001 0.017 0.001 0.014;
0.545 0.044 0.013 0.013 0.026 0.002 0.006 0.085 0.006 0.018 0.021 0 0.001 0 0.005 0.036 0.002 0.004 0.004 0 0.004 0 0 0.006 0.001 0.002 0.027 0.005 0.019 0 0.007 0.004 0.003 0.007 0.005 0.079;0.545 0.044 0.013 0.021 0 0.001 0 0.027 0.005 0.019 0.013 0.026 0.002 0.006 0.005 0.036 0.002 0.004 0 0.007 0.004 0.003 0 0.002 0.001 0.006 0.085 0.006 0.018 0.004 0 0.004 0 0.007 0.005 0.079;0.545 0.021 0.027 0.013 0.005 0 0 0.085 0.004 0.007 0.044 0 0.005 0 0.026 0.036 0.007 0.002 0.006 0 0.005 0 0.006 0.006 0.003 0.004 0.013 0.001 0.019 0.002 0.002 0.004 0.001 0.018 0.004 0.079;
0.542 0.033 0.029 0.059 0.017 0.003 0.005 0.043 0.005 0.033 0.029 0.001 0.002 0.002 0.002 0.048 0.001 0.002 0.002 0.001 0.007 0.002 0.003 0.001 0.001 0.004 0.025 0.001 0.005 0.003 0.002 0.01 0.001 0.003 0.004 0.069;0.542 0.033 0.029 0.029 0.001 0.002 0.002 0.025 0.001 0.005 0.059 0.017 0.003 0.005 0.002 0.048 0.001 0.002 0.003 0.002 0.01 0.001 0.003 0.004 0.001 0.001 0.043 0.005 0.033 0.002 0.001 0.007 0.002 0.003 0.004 0.069;0.542 0.029 0.025 0.059 0.002 0.003 0.003 0.043 0.002 0.003 0.033 0.001 0.001 0.002 0.017 0.048 0.002 0.004 0.005 0.001 0.004 0.002 0.005 0.001 0.001 0.002 0.029 0.002 0.005 0.003 0.001 0.01 0.001 0.033 0.007 0.069;
0.551 0.029 0.013 0.072 0.019 0.01 0.002 0.023 0.003 0.036 0.054 0.012 0.003 0.002 0.008 0.102 0.004 0.008 0.002 0.007 0.006 0 0.006 0.007 0 0.004 0.004 0 0 0 0.01 0.002 0 0.001 0 0;0.551 0.029 0.013 0.054 0.012 0.003 0.002 0.004 0 0 0.072 0.019 0.01 0.002 0.008 0.102 0.004 0.008 0 0.01 0.002 0 0.006 0.004 0 0.007 0.023 0.003 0.036 0.002 0.007 0.006 0 0.001 0 0;0.551 0.054 0.004 0.072 0.008 0 0.006 0.023 0.002 0.001 0.029 0.012 0 0.002 0.019 0.102 0.01 0.004 0.003 0.007 0 0 0.002 0.007 0 0.008 0.013 0.003 0 0.01 0.004 0.002 0 0.036 0.006 0;
0.53 0.029 0.017 0.106 0.039 0.007 0.003 0.009 0.008 0.009 0.007 0.009 0.001 0.002 0.001 0.069 0.005 0.003 0.001 0.006 0.005 0.002 0.001 0.001 0.002 0.009 0.049 0.005 0.003 0.013 0.005 0.004 0 0.004 0.002 0.034;0.53 0.029 0.017 0.007 0.009 0.001 0.002 0.049 0.005 0.003 0.106 0.039 0.007 0.003 0.001 0.069 0.005 0.003 0.013 0.005 0.004 0 0.001 0.009 0.002 0.001 0.009 0.008 0.009 0.001 0.006 0.005 0.002 0.004 0.002 0.034;0.53 0.007 0.049 0.106 0.001 0.013 0.001 0.009 0.001 0.004 0.029 0.009 0.005 0.002 0.039 0.069 0.005 0.009 0.008 0.006 0.002 0.002 0.003 0.001 0 0.003 0.017 0.001 0.003 0.007 0.005 0.004 0.002 0.009 0.005 0.034;
0.545 0.031 0.022 0.11 0.026 0.011 0.002 0.011 0.004 0.038 0.041 0.008 0.001 0.005 0.007 0.043 0.003 0.002 0.001 0.001 0.008 0.002 0.002 0.001 0 0.007 0.008 0.001 0.003 0.001 0.006 0.01 0 0.002 0.003 0.034;0.545 0.031 0.022 0.041 0.008 0.001 0.005 0.008 0.001 0.003 0.11 0.026 0.011 0.002 0.007 0.043 0.003 0.002 0.001 0.006 0.01 0 0.002 0.007 0 0.001 0.011 0.004 0.038 0.001 0.001 0.008 0.002 0.002 0.003 0.034;0.545 0.041 0.008 0.11 0.007 0.001 0.002 0.011 0.001 0.002 0.031 0.008 0.001 0.005 0.026 0.043 0.006 0.007 0.004 0.001 0.003 0.002 0.002 0.001 0 0.002 0.022 0.001 0.003 0.011 0.003 0.01 0 0.038 0.008 0.034;
0.543 0.016 0.031 0.055 0.033 0.005 0.006 0.06 0.004 0.024 0.042 0.006 0.001 0.002 0.002 0.029 0.001 0.002 0.01 0.002 0.008 0 0.003 0.006 0.001 0.001 0.012 0 0.009 0.004 0.002 0.004 0 0.005 0 0.071;0.543 0.016 0.031 0.042 0.006 0.001 0.002 0.012 0 0.009 0.055 0.033 0.005 0.006 0.002 0.029 0.001 0.002 0.004 0.002 0.004 0 0.003 0.001 0.001 0.006 0.06 0.004 0.024 0.01 0.002 0.008 0 0.005 0 0.071;0.543 0.042 0.012 0.055 0.002 0.004 0.003 0.06 0.01 0.005 0.016 0.006 0 0.002 0.033 0.029 0.002 0.001 0.004 0.002 0 0 0.006 0.006 0 0.002 0.031 0.001 0.009 0.005 0.001 0.004 0.001 0.024 0.008 0.071];