pntP=[0.529 0.033 0.013 0.02 0.008 0.003 0.005 0.074 0.014 0.045 0.024 0.004 0 0 0.004 0.119 0.007 0.002 0.006 0.006 0.002 0.004 0 0.02 0.001 0.007 0.023 0.002 0.001 0.001 0.005 0.001 0 0.003 0.001 0.013;0.529 0.033 0.013 0.024 0.004 0 0 0.023 0.002 0.001 0.02 0.008 0.003 0.005 0.004 0.119 0.007 0.002 0.001 0.005 0.001 0 0 0.007 0.001 0.02 0.074 0.014 0.045 0.006 0.006 0.002 0.004 0.003 0.001 0.013;0.529 0.024 0.023 0.02 0.004 0.001 0 0.074 0.006 0.003 0.033 0.004 0.002 0 0.008 0.119 0.005 0.007 0.014 0.006 0.001 0.004 0.005 0.02 0 0.002 0.013 0 0.001 0.003 0.007 0.001 0.001 0.045 0.002 0.013;
0.509 0.041 0.018 0.049 0.038 0.006 0.009 0.065 0.007 0.013 0.013 0.003 0 0.001 0.004 0.098 0.003 0.007 0.004 0.003 0.005 0 0.002 0.011 0 0.005 0.035 0.002 0.004 0.005 0.007 0.004 0.001 0.005 0 0.023;0.509 0.041 0.018 0.013 0.003 0 0.001 0.035 0.002 0.004 0.049 0.038 0.006 0.009 0.004 0.098 0.003 0.007 0.005 0.007 0.004 0.001 0.002 0.005 0 0.011 0.065 0.007 0.013 0.004 0.003 0.005 0 0.005 0 0.023;0.509 0.013 0.035 0.049 0.004 0.005 0.002 0.065 0.004 0.005 0.041 0.003 0.002 0.001 0.038 0.098 0.007 0.005 0.007 0.003 0 0 0.009 0.011 0.001 0.007 0.018 0 0.004 0.006 0.003 0.004 0 0.013 0.005 0.023;
0.529 0.055 0.002 0.087 0.028 0.002 0.005 0.028 0.006 0.028 0.043 0.003 0.001 0.001 0.004 0.052 0.002 0.001 0.001 0.003 0.007 0 0.007 0.001 0.001 0.004 0.008 0 0.004 0.002 0.006 0.007 0.001 0 0.009 0.062;0.529 0.055 0.002 0.043 0.003 0.001 0.001 0.008 0 0.004 0.087 0.028 0.002 0.005 0.004 0.052 0.002 0.001 0.002 0.006 0.007 0.001 0.007 0.004 0.001 0.001 0.028 0.006 0.028 0.001 0.003 0.007 0 0 0.009 0.062;0.529 0.043 0.008 0.087 0.004 0.002 0.007 0.028 0.001 0 0.055 0.003 0 0.001 0.028 0.052 0.006 0.004 0.006 0.003 0.009 0 0.005 0.001 0.001 0.001 0.002 0.001 0.004 0.002 0.002 0.007 0.001 0.028 0.007 0.062;
0.515 0.001 0.051 0.074 0.007 0.018 0 0.034 0 0.054 0.011 0.004 0.003 0 0.004 0.011 0 0.001 0.002 0 0.004 0 0.001 0 0 0.002 0.047 0.001 0.006 0.006 0.001 0.021 0 0.014 0.001 0.106;0.515 0.001 0.051 0.011 0.004 0.003 0 0.047 0.001 0.006 0.074 0.007 0.018 0 0.004 0.011 0 0.001 0.006 0.001 0.021 0 0.001 0.002 0 0 0.034 0 0.054 0.002 0 0.004 0 0.014 0.001 0.106;0.515 0.011 0.047 0.074 0.004 0.006 0.001 0.034 0.002 0.014 0.001 0.004 0.001 0 0.007 0.011 0.001 0.002 0 0 0.001 0 0 0 0 0.001 0.051 0.003 0.006 0.018 0 0.021 0 0.054 0.004 0.106;
0.524 0.005 0.047 0.133 0.003 0.016 0 0.003 0.002 0.044 0.037 0.009 0.001 0 0.004 0.049 0.001 0.004 0.002 0.002 0.008 0 0.007 0 0 0.007 0.022 0.001 0.001 0.007 0.003 0.011 0 0.006 0.001 0.04;0.524 0.005 0.047 0.037 0.009 0.001 0 0.022 0.001 0.001 0.133 0.003 0.016 0 0.004 0.049 0.001 0.004 0.007 0.003 0.011 0 0.007 0.007 0 0 0.003 0.002 0.044 0.002 0.002 0.008 0 0.006 0.001 0.04;0.524 0.037 0.022 0.133 0.004 0.007 0.007 0.003 0.002 0.006 0.005 0.009 0.001 0 0.003 0.049 0.003 0.007 0.002 0.002 0.001 0 0 0 0 0.004 0.047 0.001 0.001 0.016 0.001 0.011 0 0.044 0.008 0.04;
0.521 0.016 0.033 0.09 0.008 0.019 0.003 0.027 0.003 0.043 0.01 0.005 0.002 0 0.003 0.042 0.001 0.003 0.001 0.003 0.004 0.001 0.002 0.001 0 0.001 0.047 0 0.01 0.004 0.002 0.01 0.001 0.009 0.004 0.071;0.521 0.016 0.033 0.01 0.005 0.002 0 0.047 0 0.01 0.09 0.008 0.019 0.003 0.003 0.042 0.001 0.003 0.004 0.002 0.01 0.001 0.002 0.001 0 0.001 0.027 0.003 0.043 0.001 0.003 0.004 0.001 0.009 0.004 0.071;0.521 0.01 0.047 0.09 0.003 0.004 0.002 0.027 0.001 0.009 0.016 0.005 0 0 0.008 0.042 0.002 0.001 0.003 0.003 0.004 0.001 0.003 0.001 0.001 0.003 0.033 0.002 0.01 0.019 0.001 0.01 0 0.043 0.004 0.071;
0.526 0.032 0.012 0.085 0.026 0.005 0.003 0.024 0.005 0.027 0.043 0.008 0 0.005 0.003 0.092 0.002 0.005 0.001 0.009 0.007 0 0.003 0.009 0.001 0.005 0.013 0.003 0 0.003 0.003 0.004 0 0.003 0.002 0.031;0.526 0.032 0.012 0.043 0.008 0 0.005 0.013 0.003 0 0.085 0.026 0.005 0.003 0.003 0.092 0.002 0.005 0.003 0.003 0.004 0 0.003 0.005 0.001 0.009 0.024 0.005 0.027 0.001 0.009 0.007 0 0.003 0.002 0.031;0.526 0.043 0.013 0.085 0.003 0.003 0.003 0.024 0.001 0.003 0.032 0.008 0.003 0.005 0.026 0.092 0.003 0.005 0.005 0.009 0.002 0 0.003 0.009 0 0.005 0.012 0 0 0.005 0.002 0.004 0.001 0.027 0.007 0.031;
0.518 0.036 0.012 0.114 0.047 0.002 0.006 0.002 0.003 0.009 0.041 0.009 0 0.002 0.009 0.058 0.004 0.001 0 0.01 0.005 0 0.003 0 0.002 0.004 0.012 0.002 0.002 0.004 0.006 0.012 0 0.001 0.003 0.061;0.518 0.036 0.012 0.041 0.009 0 0.002 0.012 0.002 0.002 0.114 0.047 0.002 0.006 0.009 0.058 0.004 0.001 0.004 0.006 0.012 0 0.003 0.004 0.002 0 0.002 0.003 0.009 0 0.01 0.005 0 0.001 0.003 0.061;0.518 0.041 0.012 0.114 0.009 0.004 0.003 0.002 0 0.001 0.036 0.009 0.002 0.002 0.047 0.058 0.006 0.004 0.003 0.01 0.003 0 0.006 0 0 0.001 0.012 0 0.002 0.002 0.004 0.012 0.002 0.009 0.005 0.061;
0.485 0.027 0.031 0.127 0.035 0.009 0.002 0.01 0.006 0.027 0.002 0.004 0 0 0.001 0.029 0 0.002 0 0.001 0.002 0.002 0 0.001 0 0.002 0.047 0.005 0.004 0.013 0.012 0.015 0.001 0.01 0.004 0.084;0.485 0.027 0.031 0.002 0.004 0 0 0.047 0.005 0.004 0.127 0.035 0.009 0.002 0.001 0.029 0 0.002 0.013 0.012 0.015 0.001 0 0.002 0 0.001 0.01 0.006 0.027 0 0.001 0.002 0.002 0.01 0.004 0.084;0.485 0.002 0.047 0.127 0.001 0.013 0 0.01 0 0.01 0.027 0.004 0.005 0 0.035 0.029 0.012 0.002 0.006 0.001 0.004 0.002 0.002 0.001 0.001 0.002 0.031 0 0.004 0.009 0 0.015 0 0.027 0.002 0.084;
0.521 0.017 0.036 0.099 0.021 0.018 0.002 0.004 0 0.053 0.029 0.015 0.003 0.009 0.002 0.105 0.001 0.009 0.001 0.016 0.001 0.001 0.001 0.003 0.001 0.01 0.007 0.001 0 0.001 0.001 0.002 0.001 0.002 0.001 0.006;0.521 0.017 0.036 0.029 0.015 0.003 0.009 0.007 0.001 0 0.099 0.021 0.018 0.002 0.002 0.105 0.001 0.009 0.001 0.001 0.002 0.001 0.001 0.01 0.001 0.003 0.004 0 0.053 0.001 0.016 0.001 0.001 0.002 0.001 0.006;0.521 0.029 0.007 0.099 0.002 0.001 0.001 0.004 0.001 0.002 0.017 0.015 0.001 0.009 0.021 0.105 0.001 0.01 0 0.016 0.001 0.001 0.002 0.003 0.001 0.009 0.036 0.003 0 0.018 0.001 0.002 0.001 0.053 0.001 0.006;
0.512 0.011 0.045 0.059 0.023 0.013 0.002 0.042 0.002 0.042 0.016 0 0.001 0 0.002 0.026 0 0 0 0 0.001 0.001 0.001 0.003 0.001 0.004 0.039 0.001 0.008 0.01 0.005 0.011 0 0.011 0 0.108;0.512 0.011 0.045 0.016 0 0.001 0 0.039 0.001 0.008 0.059 0.023 0.013 0.002 0.002 0.026 0 0 0.01 0.005 0.011 0 0.001 0.004 0.001 0.003 0.042 0.002 0.042 0 0 0.001 0.001 0.011 0 0.108;0.512 0.016 0.039 0.059 0.002 0.01 0.001 0.042 0 0.011 0.011 0 0.001 0 0.023 0.026 0.005 0.004 0.002 0 0 0.001 0.002 0.003 0 0 0.045 0.001 0.008 0.013 0 0.011 0.001 0.042 0.001 0.108;
0.492 0.037 0.016 0.109 0.039 0.011 0.004 0.006 0.002 0.016 0.022 0.014 0.002 0.001 0.006 0.064 0 0.004 0.004 0.009 0.007 0.003 0.003 0.001 0.002 0.005 0.02 0.002 0.001 0.01 0.009 0.012 0.002 0.004 0.005 0.056;0.492 0.037 0.016 0.022 0.014 0.002 0.001 0.02 0.002 0.001 0.109 0.039 0.011 0.004 0.006 0.064 0 0.004 0.01 0.009 0.012 0.002 0.003 0.005 0.002 0.001 0.006 0.002 0.016 0.004 0.009 0.007 0.003 0.004 0.005 0.056;0.492 0.022 0.02 0.109 0.006 0.01 0.003 0.006 0.004 0.004 0.037 0.014 0.002 0.001 0.039 0.064 0.009 0.005 0.002 0.009 0.005 0.003 0.004 0.001 0.002 0.004 0.016 0.002 0.001 0.011 0 0.012 0.002 0.016 0.007 0.056;
0.517 0.029 0.014 0.118 0.04 0.011 0.005 0.006 0.007 0.021 0.044 0.009 0.002 0 0.004 0.043 0.005 0.003 0 0.006 0.004 0.002 0.003 0.001 0 0.002 0.021 0.001 0.002 0.003 0.007 0.014 0 0.002 0.007 0.047;0.517 0.029 0.014 0.044 0.009 0.002 0 0.021 0.001 0.002 0.118 0.04 0.011 0.005 0.004 0.043 0.005 0.003 0.003 0.007 0.014 0 0.003 0.002 0 0.001 0.006 0.007 0.021 0 0.006 0.004 0.002 0.002 0.007 0.047;0.517 0.044 0.021 0.118 0.004 0.003 0.003 0.006 0 0.002 0.029 0.009 0.001 0 0.04 0.043 0.007 0.002 0.007 0.006 0.007 0.002 0.005 0.001 0 0.003 0.014 0.002 0.002 0.011 0.005 0.014 0 0.021 0.004 0.047;
0.536 0.03 0.019 0.035 0.016 0.004 0.004 0.082 0.011 0.046 0.025 0.001 0.002 0 0 0.006 0 0 0.006 0 0.012 0 0.001 0 0 0.001 0.022 0.001 0.015 0 0.003 0.005 0 0.005 0.009 0.103;0.536 0.03 0.019 0.025 0.001 0.002 0 0.022 0.001 0.015 0.035 0.016 0.004 0.004 0 0.006 0 0 0 0.003 0.005 0 0.001 0.001 0 0 0.082 0.011 0.046 0.006 0 0.012 0 0.005 0.009 0.103;0.536 0.025 0.022 0.035 0 0 0.001 0.082 0.006 0.005 0.03 0.001 0.001 0 0.016 0.006 0.003 0.001 0.011 0 0.009 0 0.004 0 0 0 0.019 0.002 0.015 0.004 0 0.005 0 0.046 0.012 0.103;
0.515 0.039 0.006 0.059 0.025 0.005 0.008 0.046 0.005 0.021 0.038 0.008 0.002 0.005 0.008 0.077 0.007 0.001 0.001 0.005 0.006 0.002 0.003 0.007 0 0.007 0.024 0 0.004 0 0.006 0.003 0.001 0.001 0.008 0.047;0.515 0.039 0.006 0.038 0.008 0.002 0.005 0.024 0 0.004 0.059 0.025 0.005 0.008 0.008 0.077 0.007 0.001 0 0.006 0.003 0.001 0.003 0.007 0 0.007 0.046 0.005 0.021 0.001 0.005 0.006 0.002 0.001 0.008 0.047;0.515 0.038 0.024 0.059 0.008 0 0.003 0.046 0.001 0.001 0.039 0.008 0 0.005 0.025 0.077 0.006 0.007 0.005 0.005 0.008 0.002 0.008 0.007 0.001 0.001 0.006 0.002 0.004 0.005 0.007 0.003 0 0.021 0.006 0.047;
0.501 0.041 0.002 0.079 0.033 0.006 0.007 0.042 0.006 0.019 0.046 0.009 0 0.003 0.005 0.031 0.004 0 0.003 0.003 0.013 0.001 0.004 0.004 0 0.006 0.007 0 0.004 0.003 0.009 0.011 0.003 0 0.004 0.091;0.501 0.041 0.002 0.046 0.009 0 0.003 0.007 0 0.004 0.079 0.033 0.006 0.007 0.005 0.031 0.004 0 0.003 0.009 0.011 0.003 0.004 0.006 0 0.004 0.042 0.006 0.019 0.003 0.003 0.013 0.001 0 0.004 0.091;0.501 0.046 0.007 0.079 0.005 0.003 0.004 0.042 0.003 0 0.041 0.009 0 0.003 0.033 0.031 0.009 0.006 0.006 0.003 0.004 0.001 0.007 0.004 0.003 0 0.002 0 0.004 0.006 0.004 0.011 0 0.019 0.013 0.091;
0.49 0.01 0.04 0.095 0.052 0.007 0.004 0.019 0.011 0.006 0.033 0.012 0.002 0 0.006 0.087 0.002 0.008 0 0.007 0.004 0 0.002 0.002 0.001 0.001 0.029 0 0.005 0.009 0.005 0.008 0.001 0.001 0 0.041;0.49 0.01 0.04 0.033 0.012 0.002 0 0.029 0 0.005 0.095 0.052 0.007 0.004 0.006 0.087 0.002 0.008 0.009 0.005 0.008 0.001 0.002 0.001 0.001 0.002 0.019 0.011 0.006 0 0.007 0.004 0 0.001 0 0.041;0.49 0.033 0.029 0.095 0.006 0.009 0.002 0.019 0 0.001 0.01 0.012 0 0 0.052 0.087 0.005 0.001 0.011 0.007 0 0 0.004 0.002 0.001 0.008 0.04 0.002 0.005 0.007 0.002 0.008 0.001 0.006 0.004 0.041;
0.485 0.043 0.015 0.011 0.036 0.005 0.013 0.099 0.009 0.022 0.015 0.001 0.001 0.002 0.004 0.087 0.007 0 0.002 0 0.008 0.002 0.001 0.019 0 0.008 0.042 0.002 0.005 0.001 0.004 0.001 0 0.005 0.004 0.041;0.485 0.043 0.015 0.015 0.001 0.001 0.002 0.042 0.002 0.005 0.011 0.036 0.005 0.013 0.004 0.087 0.007 0 0.001 0.004 0.001 0 0.001 0.008 0 0.019 0.099 0.009 0.022 0.002 0 0.008 0.002 0.005 0.004 0.041;0.485 0.015 0.042 0.011 0.004 0.001 0.001 0.099 0.002 0.005 0.043 0.001 0.002 0.002 0.036 0.087 0.004 0.008 0.009 0 0.004 0.002 0.013 0.019 0 0 0.015 0.001 0.005 0.005 0.007 0.001 0 0.022 0.008 0.041;
0.536 0.022 0.021 0.101 0.029 0.014 0.004 0.009 0.006 0.031 0.008 0 0 0 0.001 0.01 0 0.001 0 0 0.005 0.001 0 0 0 0.006 0.049 0.003 0.003 0.007 0.008 0.016 0 0.003 0.005 0.101;0.536 0.022 0.021 0.008 0 0 0 0.049 0.003 0.003 0.101 0.029 0.014 0.004 0.001 0.01 0 0.001 0.007 0.008 0.016 0 0 0.006 0 0 0.009 0.006 0.031 0 0 0.005 0.001 0.003 0.005 0.101;0.536 0.008 0.049 0.101 0.001 0.007 0 0.009 0 0.003 0.022 0 0.003 0 0.029 0.01 0.008 0.006 0.006 0 0.005 0.001 0.004 0 0 0.001 0.021 0 0.003 0.014 0 0.016 0 0.031 0.005 0.101;
0.525 0.004 0.045 0.024 0.026 0.003 0.008 0.098 0.004 0.026 0.039 0 0.008 0 0 0.05 0 0.006 0.01 0.003 0.01 0 0.001 0.009 0 0.004 0.011 0 0.006 0 0.006 0.004 0 0.007 0.002 0.061;0.525 0.004 0.045 0.039 0 0.008 0 0.011 0 0.006 0.024 0.026 0.003 0.008 0 0.05 0 0.006 0 0.006 0.004 0 0.001 0.004 0 0.009 0.098 0.004 0.026 0.01 0.003 0.01 0 0.007 0.002 0.061;0.525 0.039 0.011 0.024 0 0 0.001 0.098 0.01 0.007 0.004 0 0 0 0.026 0.05 0.006 0.004 0.004 0.003 0.002 0 0.008 0.009 0 0.006 0.045 0.008 0.006 0.003 0 0.004 0 0.026 0.01 0.061;
0.492 0.017 0.035 0.018 0.016 0.002 0.003 0.097 0.006 0.048 0.025 0.001 0.003 0.001 0.002 0.077 0.002 0.003 0.007 0 0.003 0 0.002 0.01 0 0.007 0.031 0.004 0.015 0.002 0.001 0 0.004 0.01 0.005 0.051;0.492 0.017 0.035 0.025 0.001 0.003 0.001 0.031 0.004 0.015 0.018 0.016 0.002 0.003 0.002 0.077 0.002 0.003 0.002 0.001 0 0.004 0.002 0.007 0 0.01 0.097 0.006 0.048 0.007 0 0.003 0 0.01 0.005 0.051;0.492 0.025 0.031 0.018 0.002 0.002 0.002 0.097 0.007 0.01 0.017 0.001 0.004 0.001 0.016 0.077 0.001 0.007 0.006 0 0.005 0 0.003 0.01 0.004 0.003 0.035 0.003 0.015 0.002 0.002 0 0 0.048 0.003 0.051;
0.534 0.038 0.007 0.108 0.034 0.009 0.004 0.001 0.004 0.024 0.034 0.014 0.001 0.005 0.007 0.1 0.002 0.001 0.001 0.015 0.006 0.004 0.005 0.002 0 0.009 0.01 0 0 0.006 0.006 0.001 0 0 0 0.008;0.534 0.038 0.007 0.034 0.014 0.001 0.005 0.01 0 0 0.108 0.034 0.009 0.004 0.007 0.1 0.002 0.001 0.006 0.006 0.001 0 0.005 0.009 0 0.002 0.001 0.004 0.024 0.001 0.015 0.006 0.004 0 0 0.008;0.534 0.034 0.01 0.108 0.007 0.006 0.005 0.001 0.001 0 0.038 0.014 0 0.005 0.034 0.1 0.006 0.009 0.004 0.015 0 0.004 0.004 0.002 0 0.001 0.007 0.001 0 0.009 0.002 0.001 0 0.024 0.006 0.008;
0.532 0.048 0.002 0.052 0.032 0.007 0.004 0.054 0.009 0.023 0.006 0.005 0.001 0 0.002 0.106 0.002 0.006 0.002 0.004 0.002 0 0.001 0.009 0.003 0.017 0.041 0.002 0.003 0.004 0.003 0.001 0 0.007 0.003 0.007;0.532 0.048 0.002 0.006 0.005 0.001 0 0.041 0.002 0.003 0.052 0.032 0.007 0.004 0.002 0.106 0.002 0.006 0.004 0.003 0.001 0 0.001 0.017 0.003 0.009 0.054 0.009 0.023 0.002 0.004 0.002 0 0.007 0.003 0.007;0.532 0.006 0.041 0.052 0.002 0.004 0.001 0.054 0.002 0.007 0.048 0.005 0.002 0 0.032 0.106 0.003 0.017 0.009 0.004 0.003 0 0.004 0.009 0 0.006 0.002 0.001 0.003 0.007 0.002 0.001 0.003 0.023 0.002 0.007;
0.505 0.007 0.046 0.027 0.027 0.002 0.004 0.092 0.002 0.024 0.028 0 0.001 0.001 0.002 0.111 0.003 0.021 0.005 0.002 0.005 0.002 0.001 0.023 0.001 0.01 0.019 0 0.003 0.001 0.004 0 0 0.003 0.001 0.017;0.505 0.007 0.046 0.028 0 0.001 0.001 0.019 0 0.003 0.027 0.027 0.002 0.004 0.002 0.111 0.003 0.021 0.001 0.004 0 0 0.001 0.01 0.001 0.023 0.092 0.002 0.024 0.005 0.002 0.005 0.002 0.003 0.001 0.017;0.505 0.028 0.019 0.027 0.002 0.001 0.001 0.092 0.005 0.003 0.007 0 0 0.001 0.027 0.111 0.004 0.01 0.002 0.002 0.001 0.002 0.004 0.023 0 0.021 0.046 0.001 0.003 0.002 0.003 0 0.001 0.024 0.005 0.017;
0.505 0 0.047 0.035 0.033 0.004 0.004 0.077 0.003 0.028 0.029 0.003 0 0.001 0.001 0.053 0 0.006 0.006 0.001 0.007 0 0.002 0.006 0 0.006 0.033 0 0.016 0.002 0.006 0.002 0.001 0.001 0.001 0.081;0.505 0 0.047 0.029 0.003 0 0.001 0.033 0 0.016 0.035 0.033 0.004 0.004 0.001 0.053 0 0.006 0.002 0.006 0.002 0.001 0.002 0.006 0 0.006 0.077 0.003 0.028 0.006 0.001 0.007 0 0.001 0.001 0.081;0.505 0.029 0.033 0.035 0.001 0.002 0.002 0.077 0.006 0.001 0 0.003 0 0.001 0.033 0.053 0.006 0.006 0.003 0.001 0.001 0 0.004 0.006 0.001 0.006 0.047 0 0.016 0.004 0 0.002 0 0.028 0.007 0.081;
0.5 0.027 0.032 0.085 0.023 0.015 0.004 0.003 0.006 0.041 0.022 0.015 0.001 0.004 0.002 0.087 0.005 0.007 0.001 0.01 0.006 0.003 0.002 0.003 0.001 0.017 0.026 0.002 0 0.008 0.002 0.006 0.001 0.002 0.001 0.03;0.5 0.027 0.032 0.022 0.015 0.001 0.004 0.026 0.002 0 0.085 0.023 0.015 0.004 0.002 0.087 0.005 0.007 0.008 0.002 0.006 0.001 0.002 0.017 0.001 0.003 0.003 0.006 0.041 0.001 0.01 0.006 0.003 0.002 0.001 0.03;0.5 0.022 0.026 0.085 0.002 0.008 0.002 0.003 0.001 0.002 0.027 0.015 0.002 0.004 0.023 0.087 0.002 0.017 0.006 0.01 0.001 0.003 0.004 0.003 0.001 0.007 0.032 0.001 0 0.015 0.005 0.006 0.001 0.041 0.006 0.03;
0.526 0.047 0.005 0.086 0.007 0.005 0.005 0.042 0.007 0.045 0.021 0.005 0 0 0.004 0.095 0.004 0.002 0.002 0.004 0 0.001 0.001 0.005 0.002 0.02 0.031 0 0 0.004 0.003 0.002 0.001 0.004 0.003 0.011;0.526 0.047 0.005 0.021 0.005 0 0 0.031 0 0 0.086 0.007 0.005 0.005 0.004 0.095 0.004 0.002 0.004 0.003 0.002 0.001 0.001 0.02 0.002 0.005 0.042 0.007 0.045 0.002 0.004 0 0.001 0.004 0.003 0.011;0.526 0.021 0.031 0.086 0.004 0.004 0.001 0.042 0.002 0.004 0.047 0.005 0 0 0.007 0.095 0.003 0.02 0.007 0.004 0.003 0.001 0.005 0.005 0.001 0.002 0.005 0 0 0.005 0.004 0.002 0.002 0.045 0 0.011;
0.522 0.044 0.007 0.117 0.02 0.005 0.003 0.008 0.007 0.039 0.009 0.01 0.003 0.001 0.005 0.098 0.004 0.001 0.001 0.011 0.004 0.001 0 0.006 0 0.012 0.02 0.005 0.001 0.006 0.007 0.005 0.001 0 0 0.017;0.522 0.044 0.007 0.009 0.01 0.003 0.001 0.02 0.005 0.001 0.117 0.02 0.005 0.003 0.005 0.098 0.004 0.001 0.006 0.007 0.005 0.001 0 0.012 0 0.006 0.008 0.007 0.039 0.001 0.011 0.004 0.001 0 0 0.017;0.522 0.009 0.02 0.117 0.005 0.006 0 0.008 0.001 0 0.044 0.01 0.005 0.001 0.02 0.098 0.007 0.012 0.007 0.011 0 0.001 0.003 0.006 0.001 0.001 0.007 0.003 0.001 0.005 0.004 0.005 0 0.039 0.004 0.017;
0.511 0.015 0.038 0.021 0.042 0.003 0.008 0.09 0.007 0.028 0.043 0.001 0.008 0.001 0.002 0.086 0 0.003 0.009 0 0.004 0.001 0 0.015 0 0.007 0.014 0.001 0.005 0 0.006 0.001 0 0.006 0.001 0.023;0.511 0.015 0.038 0.043 0.001 0.008 0.001 0.014 0.001 0.005 0.021 0.042 0.003 0.008 0.002 0.086 0 0.003 0 0.006 0.001 0 0 0.007 0 0.015 0.09 0.007 0.028 0.009 0 0.004 0.001 0.006 0.001 0.023;0.511 0.043 0.014 0.021 0.002 0 0 0.09 0.009 0.006 0.015 0.001 0.001 0.001 0.042 0.086 0.006 0.007 0.007 0 0.001 0.001 0.008 0.015 0 0.003 0.038 0.008 0.005 0.003 0 0.001 0 0.028 0.004 0.023;
0.537 0.009 0.026 0.067 0.036 0.009 0.007 0.036 0.002 0.023 0.027 0.001 0.001 0.001 0.003 0.023 0 0.005 0.003 0 0.008 0.001 0.002 0.003 0.002 0 0.026 0 0.009 0.005 0.004 0.012 0.002 0.006 0.001 0.103;0.537 0.009 0.026 0.027 0.001 0.001 0.001 0.026 0 0.009 0.067 0.036 0.009 0.007 0.003 0.023 0 0.005 0.005 0.004 0.012 0.002 0.002 0 0.002 0.003 0.036 0.002 0.023 0.003 0 0.008 0.001 0.006 0.001 0.103;0.537 0.027 0.026 0.067 0.003 0.005 0.002 0.036 0.003 0.006 0.009 0.001 0 0.001 0.036 0.023 0.004 0 0.002 0 0.001 0.001 0.007 0.003 0.002 0.005 0.026 0.001 0.009 0.009 0 0.012 0.002 0.023 0.008 0.103;
0.541 0.015 0.037 0.1 0.011 0.016 0.002 0.011 0 0.035 0.023 0.011 0 0.002 0.004 0.088 0.002 0.007 0.001 0.009 0.003 0 0.001 0.005 0.001 0.02 0.019 0 0.002 0.003 0.006 0.004 0 0 0.001 0.02;0.541 0.015 0.037 0.023 0.011 0 0.002 0.019 0 0.002 0.1 0.011 0.016 0.002 0.004 0.088 0.002 0.007 0.003 0.006 0.004 0 0.001 0.02 0.001 0.005 0.011 0 0.035 0.001 0.009 0.003 0 0 0.001 0.02;0.541 0.023 0.019 0.1 0.004 0.003 0.001 0.011 0.001 0 0.015 0.011 0 0.002 0.011 0.088 0.006 0.02 0 0.009 0.001 0 0.002 0.005 0 0.007 0.037 0 0.002 0.016 0.002 0.004 0.001 0.035 0.003 0.02;
0.511 0.023 0.037 0.098 0.029 0.01 0.003 0.023 0.004 0.014 0.03 0.017 0.001 0 0.003 0.09 0 0.009 0.002 0.013 0.003 0 0.001 0.002 0.002 0.007 0.031 0 0.002 0.007 0.004 0.005 0 0.005 0.003 0.011;0.511 0.023 0.037 0.03 0.017 0.001 0 0.031 0 0.002 0.098 0.029 0.01 0.003 0.003 0.09 0 0.009 0.007 0.004 0.005 0 0.001 0.007 0.002 0.002 0.023 0.004 0.014 0.002 0.013 0.003 0 0.005 0.003 0.011;0.511 0.03 0.031 0.098 0.003 0.007 0.001 0.023 0.002 0.005 0.023 0.017 0 0 0.029 0.09 0.004 0.007 0.004 0.013 0.003 0 0.003 0.002 0 0.009 0.037 0.001 0.002 0.01 0 0.005 0.002 0.014 0.003 0.011;
0.528 0.011 0.032 0.035 0.01 0.008 0.004 0.075 0.002 0.054 0.009 0.008 0.001 0.002 0.001 0.088 0.003 0.015 0.003 0.004 0.001 0 0.001 0.01 0.001 0.015 0.032 0.001 0.004 0.003 0.001 0 0.001 0.008 0.001 0.028;0.528 0.011 0.032 0.009 0.008 0.001 0.002 0.032 0.001 0.004 0.035 0.01 0.008 0.004 0.001 0.088 0.003 0.015 0.003 0.001 0 0.001 0.001 0.015 0.001 0.01 0.075 0.002 0.054 0.003 0.004 0.001 0 0.008 0.001 0.028;0.528 0.009 0.032 0.035 0.001 0.003 0.001 0.075 0.003 0.008 0.011 0.008 0.001 0.002 0.01 0.088 0.001 0.015 0.002 0.004 0.001 0 0.004 0.01 0.001 0.015 0.032 0.001 0.004 0.008 0.003 0 0.001 0.054 0.001 0.028;
0.505 0.004 0.04 0.102 0.027 0.021 0.004 0.001 0.002 0.019 0.027 0.014 0.001 0 0.004 0.089 0 0.01 0.001 0.016 0.007 0.003 0.002 0 0 0.007 0.03 0.002 0.001 0.007 0.005 0.012 0 0.007 0 0.03;0.505 0.004 0.04 0.027 0.014 0.001 0 0.03 0.002 0.001 0.102 0.027 0.021 0.004 0.004 0.089 0 0.01 0.007 0.005 0.012 0 0.002 0.007 0 0 0.001 0.002 0.019 0.001 0.016 0.007 0.003 0.007 0 0.03;0.505 0.027 0.03 0.102 0.004 0.007 0.002 0.001 0.001 0.007 0.004 0.014 0.002 0 0.027 0.089 0.005 0.007 0.002 0.016 0 0.003 0.004 0 0 0.01 0.04 0.001 0.001 0.021 0 0.012 0 0.019 0.007 0.03;
0.525 0.034 0.014 0.12 0.025 0.007 0.002 0.011 0.005 0.033 0.035 0.013 0.002 0.003 0.008 0.103 0.002 0.001 0.001 0.005 0.004 0.001 0.002 0.004 0.001 0.015 0.011 0.001 0 0.003 0.007 0.001 0 0 0 0.001;0.525 0.034 0.014 0.035 0.013 0.002 0.003 0.011 0.001 0 0.12 0.025 0.007 0.002 0.008 0.103 0.002 0.001 0.003 0.007 0.001 0 0.002 0.015 0.001 0.004 0.011 0.005 0.033 0.001 0.005 0.004 0.001 0 0 0.001;0.525 0.035 0.011 0.12 0.008 0.003 0.002 0.011 0.001 0 0.034 0.013 0.001 0.003 0.025 0.103 0.007 0.015 0.005 0.005 0 0.001 0.002 0.004 0 0.001 0.014 0.002 0 0.007 0.002 0.001 0.001 0.033 0.004 0.001;
0.495 0.026 0.026 0.097 0.018 0.008 0.004 0.018 0.004 0.044 0.034 0.016 0.003 0.004 0.005 0.106 0.005 0.004 0 0.011 0.004 0 0.005 0.002 0 0.01 0.018 0.001 0 0.001 0.009 0.006 0 0.002 0.001 0.013;0.495 0.026 0.026 0.034 0.016 0.003 0.004 0.018 0.001 0 0.097 0.018 0.008 0.004 0.005 0.106 0.005 0.004 0.001 0.009 0.006 0 0.005 0.01 0 0.002 0.018 0.004 0.044 0 0.011 0.004 0 0.002 0.001 0.013;0.495 0.034 0.018 0.097 0.005 0.001 0.005 0.018 0 0.002 0.026 0.016 0.001 0.004 0.018 0.106 0.009 0.01 0.004 0.011 0.001 0 0.004 0.002 0 0.004 0.026 0.003 0 0.008 0.005 0.006 0 0.044 0.004 0.013;
0.538 0.036 0.014 0.056 0.021 0.004 0.006 0.065 0.01 0.024 0.011 0.006 0 0.001 0.006 0.111 0.002 0.002 0 0.008 0.001 0 0.002 0.006 0.001 0.017 0.03 0.006 0.001 0.004 0.001 0 0.001 0.003 0 0.006;0.538 0.036 0.014 0.011 0.006 0 0.001 0.03 0.006 0.001 0.056 0.021 0.004 0.006 0.006 0.111 0.002 0.002 0.004 0.001 0 0.001 0.002 0.017 0.001 0.006 0.065 0.01 0.024 0 0.008 0.001 0 0.003 0 0.006;0.538 0.011 0.03 0.056 0.006 0.004 0.002 0.065 0 0.003 0.036 0.006 0.006 0.001 0.021 0.111 0.001 0.017 0.01 0.008 0 0 0.006 0.006 0.001 0.002 0.014 0 0.001 0.004 0.002 0 0.001 0.024 0.001 0.006;
0.545 0.037 0.003 0.094 0.025 0.008 0.005 0.031 0.005 0.02 0.048 0.005 0.001 0.001 0.004 0.049 0.004 0.001 0.005 0.003 0.007 0.001 0.003 0.005 0 0.002 0.01 0 0.002 0.004 0.006 0.011 0 0.001 0.004 0.05;0.545 0.037 0.003 0.048 0.005 0.001 0.001 0.01 0 0.002 0.094 0.025 0.008 0.005 0.004 0.049 0.004 0.001 0.004 0.006 0.011 0 0.003 0.002 0 0.005 0.031 0.005 0.02 0.005 0.003 0.007 0.001 0.001 0.004 0.05;0.545 0.048 0.01 0.094 0.004 0.004 0.003 0.031 0.005 0.001 0.037 0.005 0 0.001 0.025 0.049 0.006 0.002 0.005 0.003 0.004 0.001 0.005 0.005 0 0.001 0.003 0.001 0.002 0.008 0.004 0.011 0 0.02 0.007 0.05;
0.504 0.025 0.024 0.103 0.014 0.008 0.005 0.023 0.002 0.047 0.014 0.003 0 0 0.003 0.053 0.002 0.004 0 0.006 0.01 0.001 0 0.001 0 0.004 0.035 0.002 0.003 0.01 0.003 0.014 0 0.001 0.006 0.07;0.504 0.025 0.024 0.014 0.003 0 0 0.035 0.002 0.003 0.103 0.014 0.008 0.005 0.003 0.053 0.002 0.004 0.01 0.003 0.014 0 0 0.004 0 0.001 0.023 0.002 0.047 0 0.006 0.01 0.001 0.001 0.006 0.07;0.504 0.014 0.035 0.103 0.003 0.01 0 0.023 0 0.001 0.025 0.003 0.002 0 0.014 0.053 0.003 0.004 0.002 0.006 0.006 0.001 0.005 0.001 0 0.004 0.024 0 0.003 0.008 0.002 0.014 0 0.047 0.01 0.07;
0.507 0.046 0.009 0.043 0.05 0.003 0.004 0.065 0.006 0.014 0.018 0.005 0 0 0.008 0.104 0.004 0.003 0.003 0.002 0.004 0 0.002 0.015 0.001 0.009 0.038 0.005 0.002 0.005 0.004 0.003 0 0.004 0.001 0.013;0.507 0.046 0.009 0.018 0.005 0 0 0.038 0.005 0.002 0.043 0.05 0.003 0.004 0.008 0.104 0.004 0.003 0.005 0.004 0.003 0 0.002 0.009 0.001 0.015 0.065 0.006 0.014 0.003 0.002 0.004 0 0.004 0.001 0.013;0.507 0.018 0.038 0.043 0.008 0.005 0.002 0.065 0.003 0.004 0.046 0.005 0.005 0 0.05 0.104 0.004 0.009 0.006 0.002 0.001 0 0.004 0.015 0 0.003 0.009 0 0.002 0.003 0.004 0.003 0.001 0.014 0.004 0.013;
0.529 0.031 0.019 0.028 0.019 0.001 0.005 0.074 0.013 0.037 0.024 0.003 0 0 0.004 0.091 0.004 0.003 0.002 0.005 0.006 0.001 0.003 0.016 0.002 0.014 0.018 0.001 0.006 0.001 0.004 0 0 0.006 0.001 0.029;0.529 0.031 0.019 0.024 0.003 0 0 0.018 0.001 0.006 0.028 0.019 0.001 0.005 0.004 0.091 0.004 0.003 0.001 0.004 0 0 0.003 0.014 0.002 0.016 0.074 0.013 0.037 0.002 0.005 0.006 0.001 0.006 0.001 0.029;0.529 0.024 0.018 0.028 0.004 0.001 0.003 0.074 0.002 0.006 0.031 0.003 0.001 0 0.019 0.091 0.004 0.014 0.013 0.005 0.001 0.001 0.005 0.016 0 0.003 0.019 0 0.006 0.001 0.004 0 0.002 0.037 0.006 0.029;
0.504 0.054 0.009 0.084 0.037 0.008 0.01 0.027 0.006 0.029 0.036 0.008 0.003 0.001 0.004 0.076 0.003 0.001 0.003 0.004 0.005 0.001 0.005 0.004 0.001 0.004 0.012 0.002 0.001 0.001 0.004 0.006 0 0 0.002 0.045;0.504 0.054 0.009 0.036 0.008 0.003 0.001 0.012 0.002 0.001 0.084 0.037 0.008 0.01 0.004 0.076 0.003 0.001 0.001 0.004 0.006 0 0.005 0.004 0.001 0.004 0.027 0.006 0.029 0.003 0.004 0.005 0.001 0 0.002 0.045;0.504 0.036 0.012 0.084 0.004 0.001 0.005 0.027 0.003 0 0.054 0.008 0.002 0.001 0.037 0.076 0.004 0.004 0.006 0.004 0.002 0.001 0.01 0.004 0 0.001 0.009 0.003 0.001 0.008 0.003 0.006 0.001 0.029 0.005 0.045;
0.526 0.04 0.016 0.107 0.028 0.01 0.004 0.019 0.006 0.034 0.026 0.002 0.002 0.001 0.002 0.003 0.001 0 0.001 0 0.005 0 0.003 0 0.001 0 0.009 0.002 0.002 0.006 0.003 0.021 0.001 0.007 0.007 0.105;0.526 0.04 0.016 0.026 0.002 0.002 0.001 0.009 0.002 0.002 0.107 0.028 0.01 0.004 0.002 0.003 0.001 0 0.006 0.003 0.021 0.001 0.003 0 0.001 0 0.019 0.006 0.034 0.001 0 0.005 0 0.007 0.007 0.105;0.526 0.026 0.009 0.107 0.002 0.006 0.003 0.019 0.001 0.007 0.04 0.002 0.002 0.001 0.028 0.003 0.003 0 0.006 0 0.007 0 0.004 0 0.001 0 0.016 0.002 0.002 0.01 0.001 0.021 0.001 0.034 0.005 0.105;
0.52 0.021 0.028 0.052 0.03 0.006 0.003 0.079 0.005 0.026 0.017 0.008 0.002 0 0 0.099 0.002 0.006 0.001 0.004 0.001 0 0.001 0.013 0 0.008 0.027 0 0.002 0.006 0.003 0.003 0.001 0.006 0.002 0.018;0.52 0.021 0.028 0.017 0.008 0.002 0 0.027 0 0.002 0.052 0.03 0.006 0.003 0 0.099 0.002 0.006 0.006 0.003 0.003 0.001 0.001 0.008 0 0.013 0.079 0.005 0.026 0.001 0.004 0.001 0 0.006 0.002 0.018;0.52 0.017 0.027 0.052 0 0.006 0.001 0.079 0.001 0.006 0.021 0.008 0 0 0.03 0.099 0.003 0.008 0.005 0.004 0.002 0 0.003 0.013 0.001 0.006 0.028 0.002 0.002 0.006 0.002 0.003 0 0.026 0.001 0.018;
0.502 0.049 0.002 0.034 0.039 0 0.006 0.071 0.007 0.013 0.028 0.007 0 0 0.004 0.114 0.004 0.001 0.005 0 0.011 0.001 0.001 0.017 0.002 0.003 0.035 0.002 0.001 0.001 0.006 0.001 0.002 0.005 0.006 0.02;0.502 0.049 0.002 0.028 0.007 0 0 0.035 0.002 0.001 0.034 0.039 0 0.006 0.004 0.114 0.004 0.001 0.001 0.006 0.001 0.002 0.001 0.003 0.002 0.017 0.071 0.007 0.013 0.005 0 0.011 0.001 0.005 0.006 0.02;0.502 0.028 0.035 0.034 0.004 0.001 0.001 0.071 0.005 0.005 0.049 0.007 0.002 0 0.039 0.114 0.006 0.003 0.007 0 0.006 0.001 0.006 0.017 0.002 0.001 0.002 0 0.001 0 0.004 0.001 0.002 0.013 0.011 0.02;
0.493 0.026 0.028 0.088 0.028 0.008 0.006 0.036 0.002 0.028 0.054 0.01 0.002 0.001 0.005 0.118 0.003 0.007 0.002 0.005 0.005 0.001 0.002 0.003 0 0.006 0.012 0 0.001 0.002 0.008 0.001 0 0 0.001 0.008;0.493 0.026 0.028 0.054 0.01 0.002 0.001 0.012 0 0.001 0.088 0.028 0.008 0.006 0.005 0.118 0.003 0.007 0.002 0.008 0.001 0 0.002 0.006 0 0.003 0.036 0.002 0.028 0.002 0.005 0.005 0.001 0 0.001 0.008;0.493 0.054 0.012 0.088 0.005 0.002 0.002 0.036 0.002 0 0.026 0.01 0 0.001 0.028 0.118 0.008 0.006 0.002 0.005 0.001 0.001 0.006 0.003 0 0.007 0.028 0.002 0.001 0.008 0.003 0.001 0 0.028 0.005 0.008;
0.493 0.042 0.023 0.068 0.036 0.005 0.004 0.054 0.007 0.017 0.022 0.004 0.001 0 0.004 0.087 0.001 0.001 0.002 0.002 0.006 0 0 0.009 0.002 0.007 0.031 0.002 0.005 0.003 0.004 0.009 0.002 0.005 0.001 0.041;0.493 0.042 0.023 0.022 0.004 0.001 0 0.031 0.002 0.005 0.068 0.036 0.005 0.004 0.004 0.087 0.001 0.001 0.003 0.004 0.009 0.002 0 0.007 0.002 0.009 0.054 0.007 0.017 0.002 0.002 0.006 0 0.005 0.001 0.041;0.493 0.022 0.031 0.068 0.004 0.003 0 0.054 0.002 0.005 0.042 0.004 0.002 0 0.036 0.087 0.004 0.007 0.007 0.002 0.001 0 0.004 0.009 0.002 0.001 0.023 0.001 0.005 0.005 0.001 0.009 0.002 0.017 0.006 0.041;
0.521 0.018 0.02 0.094 0.023 0.009 0.003 0.029 0.004 0.025 0.043 0.002 0.006 0.001 0.001 0 0.003 0 0.002 0 0.012 0 0.006 0 0.002 0 0.008 0 0.003 0.005 0.006 0.024 0.001 0.006 0.009 0.114;0.521 0.018 0.02 0.043 0.002 0.006 0.001 0.008 0 0.003 0.094 0.023 0.009 0.003 0.001 0 0.003 0 0.005 0.006 0.024 0.001 0.006 0 0.002 0 0.029 0.004 0.025 0.002 0 0.012 0 0.006 0.009 0.114;0.521 0.043 0.008 0.094 0.001 0.005 0.006 0.029 0.002 0.006 0.018 0.002 0 0.001 0.023 0 0.006 0 0.004 0 0.009 0 0.003 0 0.001 0 0.02 0.006 0.003 0.009 0.003 0.024 0.002 0.025 0.012 0.114;
0.53 0.05 0.001 0.03 0.041 0.002 0.007 0.073 0.012 0.004 0.03 0.003 0.001 0.001 0.007 0.108 0.004 0.001 0.003 0.005 0.003 0.002 0.001 0.011 0.002 0.007 0.017 0.001 0.003 0.003 0.006 0.002 0.001 0.006 0.004 0.018;0.53 0.05 0.001 0.03 0.003 0.001 0.001 0.017 0.001 0.003 0.03 0.041 0.002 0.007 0.007 0.108 0.004 0.001 0.003 0.006 0.002 0.001 0.001 0.007 0.002 0.011 0.073 0.012 0.004 0.003 0.005 0.003 0.002 0.006 0.004 0.018;0.53 0.03 0.017 0.03 0.007 0.003 0.001 0.073 0.003 0.006 0.05 0.003 0.001 0.001 0.041 0.108 0.006 0.007 0.012 0.005 0.004 0.002 0.007 0.011 0.001 0.001 0.001 0.001 0.003 0.002 0.004 0.002 0.002 0.004 0.003 0.018;
0.501 0.027 0.036 0.011 0.02 0.002 0.004 0.095 0.007 0.034 0.044 0.004 0.004 0.001 0.003 0.113 0.003 0.004 0.011 0.001 0.006 0 0.002 0.026 0 0.006 0.009 0 0.002 0 0.006 0.001 0.004 0.002 0 0.011;0.501 0.027 0.036 0.044 0.004 0.004 0.001 0.009 0 0.002 0.011 0.02 0.002 0.004 0.003 0.113 0.003 0.004 0 0.006 0.001 0.004 0.002 0.006 0 0.026 0.095 0.007 0.034 0.011 0.001 0.006 0 0.002 0 0.011;0.501 0.044 0.009 0.011 0.003 0 0.002 0.095 0.011 0.002 0.027 0.004 0 0.001 0.02 0.113 0.006 0.006 0.007 0.001 0 0 0.004 0.026 0.004 0.004 0.036 0.004 0.002 0.002 0.003 0.001 0 0.034 0.006 0.011;
0.5 0.012 0.049 0.062 0.021 0.005 0.007 0.051 0.005 0.026 0.042 0.004 0.003 0.001 0.007 0.126 0.004 0.007 0.003 0.006 0.005 0.003 0.001 0.011 0 0.01 0.007 0 0.002 0 0.007 0 0.001 0.002 0 0.01;0.5 0.012 0.049 0.042 0.004 0.003 0.001 0.007 0 0.002 0.062 0.021 0.005 0.007 0.007 0.126 0.004 0.007 0 0.007 0 0.001 0.001 0.01 0 0.011 0.051 0.005 0.026 0.003 0.006 0.005 0.003 0.002 0 0.01;0.5 0.042 0.007 0.062 0.007 0 0.001 0.051 0.003 0.002 0.012 0.004 0 0.001 0.021 0.126 0.007 0.01 0.005 0.006 0 0.003 0.007 0.011 0.001 0.007 0.049 0.003 0.002 0.005 0.004 0 0 0.026 0.005 0.01;
0.523 0.01 0.037 0.04 0.034 0.005 0.01 0.085 0.002 0.026 0.013 0.004 0 0.001 0.001 0.057 0.002 0.004 0 0.005 0.002 0.001 0.001 0.006 0 0.007 0.044 0 0.008 0.007 0.003 0.001 0 0.011 0 0.05;0.523 0.01 0.037 0.013 0.004 0 0.001 0.044 0 0.008 0.04 0.034 0.005 0.01 0.001 0.057 0.002 0.004 0.007 0.003 0.001 0 0.001 0.007 0 0.006 0.085 0.002 0.026 0 0.005 0.002 0.001 0.011 0 0.05;0.523 0.013 0.044 0.04 0.001 0.007 0.001 0.085 0 0.011 0.01 0.004 0 0.001 0.034 0.057 0.003 0.007 0.002 0.005 0 0.001 0.01 0.006 0 0.004 0.037 0 0.008 0.005 0.002 0.001 0 0.026 0.002 0.05;
0.509 0.053 0.009 0.107 0.041 0.009 0.002 0 0.004 0.01 0.02 0.017 0 0.003 0.006 0.099 0.005 0.001 0.001 0.017 0.001 0.002 0.001 0 0 0.011 0.035 0.005 0 0.006 0.005 0.004 0 0 0.002 0.015;0.509 0.053 0.009 0.02 0.017 0 0.003 0.035 0.005 0 0.107 0.041 0.009 0.002 0.006 0.099 0.005 0.001 0.006 0.005 0.004 0 0.001 0.011 0 0 0 0.004 0.01 0.001 0.017 0.001 0.002 0 0.002 0.015;0.509 0.02 0.035 0.107 0.006 0.006 0.001 0 0.001 0 0.053 0.017 0.005 0.003 0.041 0.099 0.005 0.011 0.004 0.017 0.002 0.002 0.002 0 0 0.001 0.009 0 0 0.009 0.005 0.004 0 0.01 0.001 0.015;
0.544 0.022 0.024 0.083 0.044 0.002 0.002 0.037 0.008 0.009 0.027 0.009 0.002 0.002 0.006 0.113 0.003 0.008 0.001 0.007 0.004 0 0.003 0.011 0.001 0.004 0.007 0 0.002 0.002 0.003 0.003 0 0 0.002 0.005;0.544 0.022 0.024 0.027 0.009 0.002 0.002 0.007 0 0.002 0.083 0.044 0.002 0.002 0.006 0.113 0.003 0.008 0.002 0.003 0.003 0 0.003 0.004 0.001 0.011 0.037 0.008 0.009 0.001 0.007 0.004 0 0 0.002 0.005;0.544 0.027 0.007 0.083 0.006 0.002 0.003 0.037 0.001 0 0.022 0.009 0 0.002 0.044 0.113 0.003 0.004 0.008 0.007 0.002 0 0.002 0.011 0 0.008 0.024 0.002 0.002 0.002 0.003 0.003 0.001 0.009 0.004 0.005;
0.497 0.006 0.052 0.023 0.028 0.004 0.003 0.089 0.001 0.039 0.037 0.005 0.005 0.002 0.001 0.126 0 0.004 0.012 0.002 0.006 0 0 0.013 0.001 0.011 0.011 0.001 0 0 0.004 0 0.001 0.002 0 0.014;0.497 0.006 0.052 0.037 0.005 0.005 0.002 0.011 0.001 0 0.023 0.028 0.004 0.003 0.001 0.126 0 0.004 0 0.004 0 0.001 0 0.011 0.001 0.013 0.089 0.001 0.039 0.012 0.002 0.006 0 0.002 0 0.014;0.497 0.037 0.011 0.023 0.001 0 0 0.089 0.012 0.002 0.006 0.005 0.001 0.002 0.028 0.126 0.004 0.011 0.001 0.002 0 0 0.003 0.013 0.001 0.004 0.052 0.005 0 0.004 0 0 0.001 0.039 0.006 0.014;
0.523 0.009 0.036 0.055 0.028 0.007 0.006 0.069 0 0.03 0.021 0.001 0.001 0 0.001 0.022 0 0.007 0.003 0.002 0.001 0 0 0.004 0.001 0.002 0.042 0.002 0.014 0.004 0.004 0.008 0.002 0.007 0.002 0.086;0.523 0.009 0.036 0.021 0.001 0.001 0 0.042 0.002 0.014 0.055 0.028 0.007 0.006 0.001 0.022 0 0.007 0.004 0.004 0.008 0.002 0 0.002 0.001 0.004 0.069 0 0.03 0.003 0.002 0.001 0 0.007 0.002 0.086;0.523 0.021 0.042 0.055 0.001 0.004 0 0.069 0.003 0.007 0.009 0.001 0.002 0 0.028 0.022 0.004 0.002 0 0.002 0.002 0 0.006 0.004 0.002 0.007 0.036 0.001 0.014 0.007 0 0.008 0.001 0.03 0.001 0.086;
0.518 0.024 0.018 0.09 0.015 0.011 0.005 0.024 0.002 0.033 0.031 0.008 0.003 0.001 0.007 0.081 0.004 0.002 0.002 0.017 0.016 0.002 0.001 0.002 0.002 0.009 0.013 0 0.001 0.005 0.006 0.007 0 0.003 0.001 0.036;0.518 0.024 0.018 0.031 0.008 0.003 0.001 0.013 0 0.001 0.09 0.015 0.011 0.005 0.007 0.081 0.004 0.002 0.005 0.006 0.007 0 0.001 0.009 0.002 0.002 0.024 0.002 0.033 0.002 0.017 0.016 0.002 0.003 0.001 0.036;0.518 0.031 0.013 0.09 0.007 0.005 0.001 0.024 0.002 0.003 0.024 0.008 0 0.001 0.015 0.081 0.006 0.009 0.002 0.017 0.001 0.002 0.005 0.002 0 0.002 0.018 0.003 0.001 0.011 0.004 0.007 0.002 0.033 0.016 0.036;
0.519 0.026 0.028 0.015 0.018 0 0.003 0.105 0.005 0.037 0.013 0.001 0.002 0.003 0 0.067 0 0.002 0.003 0.002 0.002 0 0 0.01 0 0.012 0.042 0.002 0.013 0.002 0.003 0.002 0.002 0.013 0.002 0.046;0.519 0.026 0.028 0.013 0.001 0.002 0.003 0.042 0.002 0.013 0.015 0.018 0 0.003 0 0.067 0 0.002 0.002 0.003 0.002 0.002 0 0.012 0 0.01 0.105 0.005 0.037 0.003 0.002 0.002 0 0.013 0.002 0.046;0.519 0.013 0.042 0.015 0 0.002 0 0.105 0.003 0.013 0.026 0.001 0.002 0.003 0.018 0.067 0.003 0.012 0.005 0.002 0.002 0 0.003 0.01 0.002 0.002 0.028 0.002 0.013 0 0 0.002 0 0.037 0.002 0.046;
0.494 0.059 0.01 0.018 0.044 0.001 0.004 0.103 0.009 0.017 0.042 0.002 0.003 0.003 0.003 0.086 0.001 0.001 0.004 0.003 0.008 0.001 0.003 0.011 0 0.003 0.004 0.003 0.003 0 0.005 0.003 0.001 0.001 0.003 0.044;0.494 0.059 0.01 0.042 0.002 0.003 0.003 0.004 0.003 0.003 0.018 0.044 0.001 0.004 0.003 0.086 0.001 0.001 0 0.005 0.003 0.001 0.003 0.003 0 0.011 0.103 0.009 0.017 0.004 0.003 0.008 0.001 0.001 0.003 0.044;0.494 0.042 0.004 0.018 0.003 0 0.003 0.103 0.004 0.001 0.059 0.002 0.003 0.003 0.044 0.086 0.005 0.003 0.009 0.003 0.003 0.001 0.004 0.011 0.001 0.001 0.01 0.003 0.003 0.001 0.001 0.003 0 0.017 0.008 0.044;
0.519 0.013 0.045 0.022 0.013 0.004 0.002 0.086 0.002 0.031 0.008 0.002 0.001 0.002 0 0.03 0.002 0 0.003 0.003 0.001 0.001 0 0.006 0 0.005 0.047 0.003 0.025 0.003 0.01 0.005 0 0.014 0.004 0.088;0.519 0.013 0.045 0.008 0.002 0.001 0.002 0.047 0.003 0.025 0.022 0.013 0.004 0.002 0 0.03 0.002 0 0.003 0.01 0.005 0 0 0.005 0 0.006 0.086 0.002 0.031 0.003 0.003 0.001 0.001 0.014 0.004 0.088;0.519 0.008 0.047 0.022 0 0.003 0 0.086 0.003 0.014 0.013 0.002 0.003 0.002 0.013 0.03 0.01 0.005 0.002 0.003 0.004 0.001 0.002 0.006 0 0 0.045 0.001 0.025 0.004 0.002 0.005 0 0.031 0.001 0.088;
0.491 0.035 0.006 0.084 0.035 0.014 0.003 0.042 0.009 0.035 0.033 0.008 0.001 0.005 0.003 0.082 0.004 0.003 0.002 0.012 0.002 0.001 0.003 0.008 0.002 0.013 0.023 0.004 0 0.005 0.003 0.001 0 0.003 0.002 0.023;0.491 0.035 0.006 0.033 0.008 0.001 0.005 0.023 0.004 0 0.084 0.035 0.014 0.003 0.003 0.082 0.004 0.003 0.005 0.003 0.001 0 0.003 0.013 0.002 0.008 0.042 0.009 0.035 0.002 0.012 0.002 0.001 0.003 0.002 0.023;0.491 0.033 0.023 0.084 0.003 0.005 0.003 0.042 0.002 0.003 0.035 0.008 0.004 0.005 0.035 0.082 0.003 0.013 0.009 0.012 0.002 0.001 0.003 0.008 0 0.003 0.006 0.001 0 0.014 0.004 0.001 0.002 0.035 0.002 0.023;
0.543 0.032 0.018 0.113 0.015 0.006 0.002 0.021 0.001 0.034 0.027 0.001 0.001 0 0.001 0.022 0.001 0.001 0 0.002 0.004 0 0.002 0.003 0 0.006 0.023 0.003 0.006 0.004 0.003 0.013 0.002 0.006 0.006 0.078;0.543 0.032 0.018 0.027 0.001 0.001 0 0.023 0.003 0.006 0.113 0.015 0.006 0.002 0.001 0.022 0.001 0.001 0.004 0.003 0.013 0.002 0.002 0.006 0 0.003 0.021 0.001 0.034 0 0.002 0.004 0 0.006 0.006 0.078;0.543 0.027 0.023 0.113 0.001 0.004 0.002 0.021 0 0.006 0.032 0.001 0.003 0 0.015 0.022 0.003 0.006 0.001 0.002 0.006 0 0.002 0.003 0.002 0.001 0.018 0.001 0.006 0.006 0.001 0.013 0 0.034 0.004 0.078;
0.514 0.016 0.043 0.054 0.005 0.007 0.001 0.065 0.001 0.038 0.007 0.005 0 0.001 0.001 0.111 0.001 0.013 0 0.007 0.001 0.003 0.001 0.01 0 0.024 0.048 0.002 0.003 0.003 0 0.001 0 0.008 0 0.006;0.514 0.016 0.043 0.007 0.005 0 0.001 0.048 0.002 0.003 0.054 0.005 0.007 0.001 0.001 0.111 0.001 0.013 0.003 0 0.001 0 0.001 0.024 0 0.01 0.065 0.001 0.038 0 0.007 0.001 0.003 0.008 0 0.006;0.514 0.007 0.048 0.054 0.001 0.003 0.001 0.065 0 0.008 0.016 0.005 0.002 0.001 0.005 0.111 0 0.024 0.001 0.007 0 0.003 0.001 0.01 0 0.013 0.043 0 0.003 0.007 0.001 0.001 0 0.038 0.001 0.006;
0.529 0.015 0.031 0.116 0.021 0.013 0.006 0.006 0.002 0.027 0.006 0.001 0 0 0 0.015 0 0 0 0 0 0 0 0 0.001 0.004 0.062 0.001 0.003 0.011 0.003 0.019 0 0.011 0 0.097;0.529 0.015 0.031 0.006 0.001 0 0 0.062 0.001 0.003 0.116 0.021 0.013 0.006 0 0.015 0 0 0.011 0.003 0.019 0 0 0.004 0.001 0 0.006 0.002 0.027 0 0 0 0 0.011 0 0.097;0.529 0.006 0.062 0.116 0 0.011 0 0.006 0 0.011 0.015 0.001 0.001 0 0.021 0.015 0.003 0.004 0.002 0 0 0 0.006 0 0 0 0.031 0 0.003 0.013 0 0.019 0.001 0.027 0 0.097;
0.515 0.023 0.027 0.115 0.053 0.009 0.003 0.005 0.004 0.014 0.034 0.016 0.002 0.001 0.007 0.103 0.001 0.004 0.001 0.011 0.005 0 0.003 0.001 0.001 0.008 0.016 0.003 0 0.002 0.005 0.001 0 0 0.001 0.006;0.515 0.023 0.027 0.034 0.016 0.002 0.001 0.016 0.003 0 0.115 0.053 0.009 0.003 0.007 0.103 0.001 0.004 0.002 0.005 0.001 0 0.003 0.008 0.001 0.001 0.005 0.004 0.014 0.001 0.011 0.005 0 0 0.001 0.006;0.515 0.034 0.016 0.115 0.007 0.002 0.003 0.005 0.001 0 0.023 0.016 0.003 0.001 0.053 0.103 0.005 0.008 0.004 0.011 0.001 0 0.003 0.001 0 0.004 0.027 0.002 0 0.009 0.001 0.001 0.001 0.014 0.005 0.006;
0.542 0.028 0.012 0.072 0.019 0.008 0.005 0.028 0.006 0.042 0.049 0.001 0.001 0.004 0.003 0.035 0.001 0.001 0.001 0.002 0.011 0 0.002 0.003 0.001 0.002 0.01 0.001 0.003 0.003 0.004 0.017 0 0.002 0.008 0.073;0.542 0.028 0.012 0.049 0.001 0.001 0.004 0.01 0.001 0.003 0.072 0.019 0.008 0.005 0.003 0.035 0.001 0.001 0.003 0.004 0.017 0 0.002 0.002 0.001 0.003 0.028 0.006 0.042 0.001 0.002 0.011 0 0.002 0.008 0.073;0.542 0.049 0.01 0.072 0.003 0.003 0.002 0.028 0.001 0.002 0.028 0.001 0.001 0.004 0.019 0.035 0.004 0.002 0.006 0.002 0.008 0 0.005 0.003 0 0.001 0.012 0.001 0.003 0.008 0.001 0.017 0.001 0.042 0.011 0.073;
0.525 0.048 0.004 0.051 0.028 0.004 0.003 0.065 0.004 0.028 0.014 0.002 0.001 0.002 0.001 0.07 0.001 0.002 0.001 0.003 0.004 0.002 0.001 0.01 0.001 0.004 0.047 0.004 0.005 0.002 0.007 0.006 0.003 0.007 0.004 0.036;0.525 0.048 0.004 0.014 0.002 0.001 0.002 0.047 0.004 0.005 0.051 0.028 0.004 0.003 0.001 0.07 0.001 0.002 0.002 0.007 0.006 0.003 0.001 0.004 0.001 0.01 0.065 0.004 0.028 0.001 0.003 0.004 0.002 0.007 0.004 0.036;0.525 0.014 0.047 0.051 0.001 0.002 0.001 0.065 0.001 0.007 0.048 0.002 0.004 0.002 0.028 0.07 0.007 0.004 0.004 0.003 0.004 0.002 0.003 0.01 0.003 0.002 0.004 0.001 0.005 0.004 0.001 0.006 0.001 0.028 0.004 0.036;
0.504 0.037 0.016 0.067 0.028 0.006 0.005 0.054 0.004 0.028 0.028 0.003 0 0.001 0.004 0.066 0.001 0.003 0.002 0.003 0.002 0.001 0.001 0.004 0.002 0.005 0.044 0.005 0 0.004 0.003 0.003 0.003 0.008 0.002 0.053;0.504 0.037 0.016 0.028 0.003 0 0.001 0.044 0.005 0 0.067 0.028 0.006 0.005 0.004 0.066 0.001 0.003 0.004 0.003 0.003 0.003 0.001 0.005 0.002 0.004 0.054 0.004 0.028 0.002 0.003 0.002 0.001 0.008 0.002 0.053;0.504 0.028 0.044 0.067 0.004 0.004 0.001 0.054 0.002 0.008 0.037 0.003 0.005 0.001 0.028 0.066 0.003 0.005 0.004 0.003 0.002 0.001 0.005 0.004 0.003 0.003 0.016 0 0 0.006 0.001 0.003 0.002 0.028 0.002 0.053;
0.527 0.005 0.052 0.065 0.011 0.008 0.002 0.06 0.003 0.039 0.042 0.006 0.002 0.002 0.003 0.082 0.002 0.008 0.003 0.006 0.002 0.001 0.005 0.016 0 0.004 0.007 0.002 0.002 0.001 0.004 0.003 0 0.004 0.001 0.02;0.527 0.005 0.052 0.042 0.006 0.002 0.002 0.007 0.002 0.002 0.065 0.011 0.008 0.002 0.003 0.082 0.002 0.008 0.001 0.004 0.003 0 0.005 0.004 0 0.016 0.06 0.003 0.039 0.003 0.006 0.002 0.001 0.004 0.001 0.02;0.527 0.042 0.007 0.065 0.003 0.001 0.005 0.06 0.003 0.004 0.005 0.006 0.002 0.002 0.011 0.082 0.004 0.004 0.003 0.006 0.001 0.001 0.002 0.016 0 0.008 0.052 0.002 0.002 0.008 0.002 0.003 0 0.039 0.002 0.02;
0.505 0.071 0.002 0.12 0.035 0.003 0.005 0.004 0.005 0.008 0.025 0.006 0 0.003 0.005 0.013 0.001 0 0 0.003 0.006 0.001 0.002 0.001 0 0.001 0.018 0.002 0.001 0.008 0.009 0.023 0 0.001 0.01 0.103;0.505 0.071 0.002 0.025 0.006 0 0.003 0.018 0.002 0.001 0.12 0.035 0.003 0.005 0.005 0.013 0.001 0 0.008 0.009 0.023 0 0.002 0.001 0 0.001 0.004 0.005 0.008 0 0.003 0.006 0.001 0.001 0.01 0.103;0.505 0.025 0.018 0.12 0.005 0.008 0.002 0.004 0 0.001 0.071 0.006 0.002 0.003 0.035 0.013 0.009 0.001 0.005 0.003 0.01 0.001 0.005 0.001 0 0 0.002 0 0.001 0.003 0.001 0.023 0 0.008 0.006 0.103;
0.495 0.039 0.015 0.103 0.049 0.003 0.006 0.02 0.006 0.012 0.016 0.005 0.001 0.002 0.002 0.065 0.005 0 0.001 0.009 0.006 0.002 0.001 0.006 0.001 0.006 0.026 0.001 0.003 0.01 0.01 0.015 0.001 0.006 0.007 0.045;0.495 0.039 0.015 0.016 0.005 0.001 0.002 0.026 0.001 0.003 0.103 0.049 0.003 0.006 0.002 0.065 0.005 0 0.01 0.01 0.015 0.001 0.001 0.006 0.001 0.006 0.02 0.006 0.012 0.001 0.009 0.006 0.002 0.006 0.007 0.045;0.495 0.016 0.026 0.103 0.002 0.01 0.001 0.02 0.001 0.006 0.039 0.005 0.001 0.002 0.049 0.065 0.01 0.006 0.006 0.009 0.007 0.002 0.006 0.006 0.001 0 0.015 0.001 0.003 0.003 0.005 0.015 0.001 0.012 0.006 0.045;
0.516 0.021 0.033 0.044 0.005 0.007 0.002 0.06 0.004 0.05 0.038 0.003 0 0.002 0.002 0.059 0 0.002 0.008 0.002 0.007 0 0.003 0.004 0 0.005 0.016 0.003 0.014 0.003 0.001 0.009 0.001 0.002 0.004 0.07;0.516 0.021 0.033 0.038 0.003 0 0.002 0.016 0.003 0.014 0.044 0.005 0.007 0.002 0.002 0.059 0 0.002 0.003 0.001 0.009 0.001 0.003 0.005 0 0.004 0.06 0.004 0.05 0.008 0.002 0.007 0 0.002 0.004 0.07;0.516 0.038 0.016 0.044 0.002 0.003 0.003 0.06 0.008 0.002 0.021 0.003 0.003 0.002 0.005 0.059 0.001 0.005 0.004 0.002 0.004 0 0.002 0.004 0.001 0.002 0.033 0 0.014 0.007 0 0.009 0 0.05 0.007 0.07;
0.506 0.02 0.024 0.099 0.032 0.007 0.009 0.022 0.003 0.024 0.022 0.005 0.001 0.001 0.002 0.054 0 0 0 0.008 0.003 0.002 0.001 0.003 0.001 0.004 0.03 0.005 0.004 0.007 0.006 0.019 0 0.005 0.005 0.066;0.506 0.02 0.024 0.022 0.005 0.001 0.001 0.03 0.005 0.004 0.099 0.032 0.007 0.009 0.002 0.054 0 0 0.007 0.006 0.019 0 0.001 0.004 0.001 0.003 0.022 0.003 0.024 0 0.008 0.003 0.002 0.005 0.005 0.066;0.506 0.022 0.03 0.099 0.002 0.007 0.001 0.022 0 0.005 0.02 0.005 0.005 0.001 0.032 0.054 0.006 0.004 0.003 0.008 0.005 0.002 0.009 0.003 0 0 0.024 0.001 0.004 0.007 0 0.019 0.001 0.024 0.003 0.066;
0.54 0.029 0.012 0.058 0.025 0.004 0.004 0.058 0.007 0.021 0.022 0.001 0.001 0.001 0.003 0.063 0.002 0.003 0.001 0.001 0.004 0.001 0 0.006 0 0.006 0.03 0.003 0.005 0.003 0.005 0.007 0.002 0.005 0.003 0.064;0.54 0.029 0.012 0.022 0.001 0.001 0.001 0.03 0.003 0.005 0.058 0.025 0.004 0.004 0.003 0.063 0.002 0.003 0.003 0.005 0.007 0.002 0 0.006 0 0.006 0.058 0.007 0.021 0.001 0.001 0.004 0.001 0.005 0.003 0.064;0.54 0.022 0.03 0.058 0.003 0.003 0 0.058 0.001 0.005 0.029 0.001 0.003 0.001 0.025 0.063 0.005 0.006 0.007 0.001 0.003 0.001 0.004 0.006 0.002 0.003 0.012 0.001 0.005 0.004 0.002 0.007 0 0.021 0.004 0.064;
0.536 0.049 0.005 0.101 0.032 0.011 0.004 0.007 0.002 0.029 0.019 0.007 0.001 0.002 0.005 0.071 0.006 0.001 0.001 0.011 0.003 0.001 0.003 0.001 0 0.008 0.021 0.001 0.001 0.008 0.005 0.004 0 0.001 0.002 0.041;0.536 0.049 0.005 0.019 0.007 0.001 0.002 0.021 0.001 0.001 0.101 0.032 0.011 0.004 0.005 0.071 0.006 0.001 0.008 0.005 0.004 0 0.003 0.008 0 0.001 0.007 0.002 0.029 0.001 0.011 0.003 0.001 0.001 0.002 0.041;0.536 0.019 0.021 0.101 0.005 0.008 0.003 0.007 0.001 0.001 0.049 0.007 0.001 0.002 0.032 0.071 0.005 0.008 0.002 0.011 0.002 0.001 0.004 0.001 0 0.001 0.005 0.001 0.001 0.011 0.006 0.004 0 0.029 0.003 0.041;
0.529 0.038 0.002 0.033 0.036 0.003 0.009 0.088 0.016 0.015 0.039 0.007 0 0 0.002 0.07 0.001 0.002 0.006 0 0.007 0.003 0.003 0.015 0.002 0.007 0.015 0.001 0.006 0 0.007 0.001 0.001 0.001 0.004 0.031;0.529 0.038 0.002 0.039 0.007 0 0 0.015 0.001 0.006 0.033 0.036 0.003 0.009 0.002 0.07 0.001 0.002 0 0.007 0.001 0.001 0.003 0.007 0.002 0.015 0.088 0.016 0.015 0.006 0 0.007 0.003 0.001 0.004 0.031;0.529 0.039 0.015 0.033 0.002 0 0.003 0.088 0.006 0.001 0.038 0.007 0.001 0 0.036 0.07 0.007 0.007 0.016 0 0.004 0.003 0.009 0.015 0.001 0.002 0.002 0 0.006 0.003 0.001 0.001 0.002 0.015 0.007 0.031;
0.525 0.051 0.004 0.05 0.026 0.005 0.007 0.061 0.007 0.032 0.019 0.006 0 0 0.008 0.056 0.006 0.002 0.004 0.003 0.008 0 0.002 0.007 0 0.009 0.03 0.003 0.005 0.005 0.006 0.005 0.001 0.004 0.004 0.039;0.525 0.051 0.004 0.019 0.006 0 0 0.03 0.003 0.005 0.05 0.026 0.005 0.007 0.008 0.056 0.006 0.002 0.005 0.006 0.005 0.001 0.002 0.009 0 0.007 0.061 0.007 0.032 0.004 0.003 0.008 0 0.004 0.004 0.039;0.525 0.019 0.03 0.05 0.008 0.005 0.002 0.061 0.004 0.004 0.051 0.006 0.003 0 0.026 0.056 0.006 0.009 0.007 0.003 0.004 0 0.007 0.007 0.001 0.002 0.004 0 0.005 0.005 0.006 0.005 0 0.032 0.008 0.039;
0.541 0.018 0.025 0.04 0.02 0.002 0.002 0.087 0.005 0.037 0.018 0.004 0.001 0.002 0.001 0.059 0.004 0.004 0 0.003 0.003 0.002 0.001 0.008 0.002 0.005 0.023 0.001 0.01 0.003 0.004 0.004 0.001 0.005 0.001 0.054;0.541 0.018 0.025 0.018 0.004 0.001 0.002 0.023 0.001 0.01 0.04 0.02 0.002 0.002 0.001 0.059 0.004 0.004 0.003 0.004 0.004 0.001 0.001 0.005 0.002 0.008 0.087 0.005 0.037 0 0.003 0.003 0.002 0.005 0.001 0.054;0.541 0.018 0.023 0.04 0.001 0.003 0.001 0.087 0 0.005 0.018 0.004 0.001 0.002 0.02 0.059 0.004 0.005 0.005 0.003 0.001 0.002 0.002 0.008 0.001 0.004 0.025 0.001 0.01 0.002 0.004 0.004 0.002 0.037 0.003 0.054;
0.525 0.005 0.05 0.012 0.027 0.003 0.009 0.094 0.001 0.029 0.01 0.001 0 0 0.002 0.049 0 0.007 0.001 0 0.004 0 0 0.012 0 0.006 0.038 0.001 0.016 0.001 0.011 0.004 0.004 0.011 0.001 0.066;0.525 0.005 0.05 0.01 0.001 0 0 0.038 0.001 0.016 0.012 0.027 0.003 0.009 0.002 0.049 0 0.007 0.001 0.011 0.004 0.004 0 0.006 0 0.012 0.094 0.001 0.029 0.001 0 0.004 0 0.011 0.001 0.066;0.525 0.01 0.038 0.012 0.002 0.001 0 0.094 0.001 0.011 0.005 0.001 0.001 0 0.027 0.049 0.011 0.006 0.001 0 0.001 0 0.009 0.012 0.004 0.007 0.05 0 0.016 0.003 0 0.004 0 0.029 0.004 0.066;
0.514 0.021 0.025 0.09 0.02 0.01 0.002 0.029 0.008 0.025 0.006 0.011 0 0.003 0.004 0.122 0.002 0.004 0 0.013 0.003 0.001 0.002 0.004 0 0.012 0.039 0.003 0.004 0.006 0.004 0.004 0 0.003 0 0.006;0.514 0.021 0.025 0.006 0.011 0 0.003 0.039 0.003 0.004 0.09 0.02 0.01 0.002 0.004 0.122 0.002 0.004 0.006 0.004 0.004 0 0.002 0.012 0 0.004 0.029 0.008 0.025 0 0.013 0.003 0.001 0.003 0 0.006;0.514 0.006 0.039 0.09 0.004 0.006 0.002 0.029 0 0.003 0.021 0.011 0.003 0.003 0.02 0.122 0.004 0.012 0.008 0.013 0 0.001 0.002 0.004 0 0.004 0.025 0 0.004 0.01 0.002 0.004 0 0.025 0.003 0.006;
0.525 0.032 0.021 0.082 0.023 0.01 0.004 0.035 0.002 0.026 0.028 0.002 0.003 0.001 0.007 0.043 0 0.003 0.002 0.004 0.005 0 0.003 0.003 0.001 0.01 0.022 0.002 0.003 0.002 0.004 0.014 0 0.006 0.004 0.068;0.525 0.032 0.021 0.028 0.002 0.003 0.001 0.022 0.002 0.003 0.082 0.023 0.01 0.004 0.007 0.043 0 0.003 0.002 0.004 0.014 0 0.003 0.01 0.001 0.003 0.035 0.002 0.026 0.002 0.004 0.005 0 0.006 0.004 0.068;0.525 0.028 0.022 0.082 0.007 0.002 0.003 0.035 0.002 0.006 0.032 0.002 0.002 0.001 0.023 0.043 0.004 0.01 0.002 0.004 0.004 0 0.004 0.003 0 0.003 0.021 0.003 0.003 0.01 0 0.014 0.001 0.026 0.005 0.068;
0.526 0.032 0.023 0.011 0.028 0.005 0.005 0.094 0.011 0.027 0.026 0.001 0.003 0 0.003 0.042 0.001 0.001 0.006 0.001 0.004 0.002 0 0.011 0 0.008 0.029 0.001 0.009 0 0.005 0.004 0.001 0.007 0.004 0.069;0.526 0.032 0.023 0.026 0.001 0.003 0 0.029 0.001 0.009 0.011 0.028 0.005 0.005 0.003 0.042 0.001 0.001 0 0.005 0.004 0.001 0 0.008 0 0.011 0.094 0.011 0.027 0.006 0.001 0.004 0.002 0.007 0.004 0.069;0.526 0.026 0.029 0.011 0.003 0 0 0.094 0.006 0.007 0.032 0.001 0.001 0 0.028 0.042 0.005 0.008 0.011 0.001 0.004 0.002 0.005 0.011 0.001 0.001 0.023 0.003 0.009 0.005 0.001 0.004 0 0.027 0.004 0.069;
0.547 0.006 0.037 0.051 0.029 0.005 0.003 0.047 0.003 0.031 0.04 0.008 0.005 0.002 0.004 0.096 0.002 0.006 0.002 0.006 0.006 0 0.001 0.011 0.001 0.005 0.009 0.001 0.005 0.002 0.003 0 0 0.006 0.001 0.019;0.547 0.006 0.037 0.04 0.008 0.005 0.002 0.009 0.001 0.005 0.051 0.029 0.005 0.003 0.004 0.096 0.002 0.006 0.002 0.003 0 0 0.001 0.005 0.001 0.011 0.047 0.003 0.031 0.002 0.006 0.006 0 0.006 0.001 0.019;0.547 0.04 0.009 0.051 0.004 0.002 0.001 0.047 0.002 0.006 0.006 0.008 0.001 0.002 0.029 0.096 0.003 0.005 0.003 0.006 0.001 0 0.003 0.011 0 0.006 0.037 0.005 0.005 0.005 0.002 0 0.001 0.031 0.006 0.019;
0.527 0.013 0.025 0.018 0.032 0.001 0.007 0.102 0 0.014 0.045 0.004 0.003 0.001 0.001 0.058 0.001 0.002 0.01 0.001 0.008 0 0.001 0.015 0.001 0.005 0.014 0 0.01 0 0.008 0.002 0 0.004 0.004 0.063;0.527 0.013 0.025 0.045 0.004 0.003 0.001 0.014 0 0.01 0.018 0.032 0.001 0.007 0.001 0.058 0.001 0.002 0 0.008 0.002 0 0.001 0.005 0.001 0.015 0.102 0 0.014 0.01 0.001 0.008 0 0.004 0.004 0.063;0.527 0.045 0.014 0.018 0.001 0 0.001 0.102 0.01 0.004 0.013 0.004 0 0.001 0.032 0.058 0.008 0.005 0 0.001 0.004 0 0.007 0.015 0 0.002 0.025 0.003 0.01 0.001 0.001 0.002 0.001 0.014 0.008 0.063;
0.524 0.033 0.009 0.003 0.032 0 0.007 0.108 0.01 0.023 0.011 0.002 0.002 0 0.001 0.053 0 0.002 0.003 0.001 0.002 0.001 0 0.013 0.001 0.003 0.04 0.005 0.01 0 0.005 0 0.001 0.013 0.007 0.075;0.524 0.033 0.009 0.011 0.002 0.002 0 0.04 0.005 0.01 0.003 0.032 0 0.007 0.001 0.053 0 0.002 0 0.005 0 0.001 0 0.003 0.001 0.013 0.108 0.01 0.023 0.003 0.001 0.002 0.001 0.013 0.007 0.075;0.524 0.011 0.04 0.003 0.001 0 0 0.108 0.003 0.013 0.033 0.002 0.005 0 0.032 0.053 0.005 0.003 0.01 0.001 0.007 0.001 0.007 0.013 0.001 0.002 0.009 0.002 0.01 0 0 0 0.001 0.023 0.002 0.075;
0.485 0.045 0.002 0.059 0.026 0.005 0.008 0.072 0.005 0.033 0.038 0.011 0.004 0.002 0.01 0.115 0.006 0 0.006 0.003 0.001 0.001 0.005 0.018 0.001 0.01 0.015 0 0 0.003 0.001 0 0.003 0 0.001 0.006;0.485 0.045 0.002 0.038 0.011 0.004 0.002 0.015 0 0 0.059 0.026 0.005 0.008 0.01 0.115 0.006 0 0.003 0.001 0 0.003 0.005 0.01 0.001 0.018 0.072 0.005 0.033 0.006 0.003 0.001 0.001 0 0.001 0.006;0.485 0.038 0.015 0.059 0.01 0.003 0.005 0.072 0.006 0 0.045 0.011 0 0.002 0.026 0.115 0.001 0.01 0.005 0.003 0.001 0.001 0.008 0.018 0.003 0 0.002 0.004 0 0.005 0.006 0 0.001 0.033 0.001 0.006;
0.51 0.003 0.043 0.096 0.024 0.019 0.003 0.031 0.001 0.028 0.037 0.008 0.004 0 0.003 0.08 0 0.007 0.002 0.005 0.006 0.001 0.006 0.005 0.002 0.003 0.005 0.002 0.004 0.002 0.006 0.01 0 0.009 0.002 0.033;0.51 0.003 0.043 0.037 0.008 0.004 0 0.005 0.002 0.004 0.096 0.024 0.019 0.003 0.003 0.08 0 0.007 0.002 0.006 0.01 0 0.006 0.003 0.002 0.005 0.031 0.001 0.028 0.002 0.005 0.006 0.001 0.009 0.002 0.033;0.51 0.037 0.005 0.096 0.003 0.002 0.006 0.031 0.002 0.009 0.003 0.008 0.002 0 0.024 0.08 0.006 0.003 0.001 0.005 0.002 0.001 0.003 0.005 0 0.007 0.043 0.004 0.004 0.019 0 0.01 0.002 0.028 0.006 0.033;
0.502 0.058 0.015 0.062 0.03 0.006 0.007 0.056 0.007 0.026 0.033 0.008 0.001 0 0.002 0.095 0.003 0.004 0.008 0.003 0.006 0 0.002 0.008 0.003 0.009 0.009 0.002 0.001 0.002 0.006 0.005 0 0.002 0.002 0.017;0.502 0.058 0.015 0.033 0.008 0.001 0 0.009 0.002 0.001 0.062 0.03 0.006 0.007 0.002 0.095 0.003 0.004 0.002 0.006 0.005 0 0.002 0.009 0.003 0.008 0.056 0.007 0.026 0.008 0.003 0.006 0 0.002 0.002 0.017;0.502 0.033 0.009 0.062 0.002 0.002 0.002 0.056 0.008 0.002 0.058 0.008 0.002 0 0.03 0.095 0.006 0.009 0.007 0.003 0.002 0 0.007 0.008 0 0.004 0.015 0.001 0.001 0.006 0.003 0.005 0.003 0.026 0.006 0.017;
0.52 0.018 0.03 0.067 0.019 0.003 0.004 0.043 0.005 0.051 0.028 0 0.002 0.002 0.005 0.043 0.003 0.002 0.003 0.005 0.007 0 0.002 0.002 0 0.003 0.011 0.001 0.004 0.001 0.002 0.012 0.001 0.006 0.003 0.092;0.52 0.018 0.03 0.028 0 0.002 0.002 0.011 0.001 0.004 0.067 0.019 0.003 0.004 0.005 0.043 0.003 0.002 0.001 0.002 0.012 0.001 0.002 0.003 0 0.002 0.043 0.005 0.051 0.003 0.005 0.007 0 0.006 0.003 0.092;0.52 0.028 0.011 0.067 0.005 0.001 0.002 0.043 0.003 0.006 0.018 0 0.001 0.002 0.019 0.043 0.002 0.003 0.005 0.005 0.003 0 0.004 0.002 0.001 0.002 0.03 0.002 0.004 0.003 0.003 0.012 0 0.051 0.007 0.092;
0.531 0.005 0.046 0.064 0.026 0.01 0.005 0.042 0.002 0.039 0.003 0.002 0 0 0 0.047 0 0.006 0 0.006 0.001 0.001 0 0.01 0.001 0.009 0.038 0 0.006 0.005 0.004 0.009 0 0.016 0 0.066;0.531 0.005 0.046 0.003 0.002 0 0 0.038 0 0.006 0.064 0.026 0.01 0.005 0 0.047 0 0.006 0.005 0.004 0.009 0 0 0.009 0.001 0.01 0.042 0.002 0.039 0 0.006 0.001 0.001 0.016 0 0.066;0.531 0.003 0.038 0.064 0 0.005 0 0.042 0 0.016 0.005 0.002 0 0 0.026 0.047 0.004 0.009 0.002 0.006 0 0.001 0.005 0.01 0 0.006 0.046 0 0.006 0.01 0 0.009 0.001 0.039 0.001 0.066;
0.499 0.038 0.019 0.084 0.011 0.017 0.006 0.045 0.008 0.03 0.031 0.009 0.002 0.002 0.002 0.086 0.004 0.001 0.005 0.009 0.003 0.001 0.004 0.007 0.001 0.013 0.037 0.001 0.001 0.003 0.003 0.004 0.002 0.002 0.001 0.009;0.499 0.038 0.019 0.031 0.009 0.002 0.002 0.037 0.001 0.001 0.084 0.011 0.017 0.006 0.002 0.086 0.004 0.001 0.003 0.003 0.004 0.002 0.004 0.013 0.001 0.007 0.045 0.008 0.03 0.005 0.009 0.003 0.001 0.002 0.001 0.009;0.499 0.031 0.037 0.084 0.002 0.003 0.004 0.045 0.005 0.002 0.038 0.009 0.001 0.002 0.011 0.086 0.003 0.013 0.008 0.009 0.001 0.001 0.006 0.007 0.002 0.001 0.019 0.002 0.001 0.017 0.004 0.004 0.001 0.03 0.003 0.009;
0.518 0.051 0.007 0.103 0.045 0.008 0.008 0.008 0.003 0.023 0.003 0.002 0 0.001 0.001 0.025 0.002 0 0 0.002 0.002 0 0 0.001 0 0.002 0.049 0.006 0.003 0.008 0.013 0.019 0.001 0 0.006 0.08;0.518 0.051 0.007 0.003 0.002 0 0.001 0.049 0.006 0.003 0.103 0.045 0.008 0.008 0.001 0.025 0.002 0 0.008 0.013 0.019 0.001 0 0.002 0 0.001 0.008 0.003 0.023 0 0.002 0.002 0 0 0.006 0.08;0.518 0.003 0.049 0.103 0.001 0.008 0 0.008 0 0 0.051 0.002 0.006 0.001 0.045 0.025 0.013 0.002 0.003 0.002 0.006 0 0.008 0.001 0.001 0 0.007 0 0.003 0.008 0.002 0.019 0 0.023 0.002 0.08;
0.502 0.035 0.019 0.113 0.031 0.011 0.005 0.02 0.004 0.021 0.029 0.013 0 0.001 0.005 0.074 0.002 0.004 0.001 0.011 0.007 0.001 0.003 0.007 0.001 0.006 0.017 0.002 0.003 0.004 0.007 0.008 0 0 0.003 0.03;0.502 0.035 0.019 0.029 0.013 0 0.001 0.017 0.002 0.003 0.113 0.031 0.011 0.005 0.005 0.074 0.002 0.004 0.004 0.007 0.008 0 0.003 0.006 0.001 0.007 0.02 0.004 0.021 0.001 0.011 0.007 0.001 0 0.003 0.03;0.502 0.029 0.017 0.113 0.005 0.004 0.003 0.02 0.001 0 0.035 0.013 0.002 0.001 0.031 0.074 0.007 0.006 0.004 0.011 0.003 0.001 0.005 0.007 0 0.004 0.019 0 0.003 0.011 0.002 0.008 0.001 0.021 0.007 0.03;
0.522 0.036 0.025 0.05 0.025 0.005 0.005 0.056 0.008 0.033 0.05 0.005 0.003 0.003 0.008 0.08 0.001 0.001 0.003 0.002 0.005 0.001 0.003 0.014 0 0.011 0.005 0 0.003 0 0.006 0.001 0.001 0 0.002 0.027;0.522 0.036 0.025 0.05 0.005 0.003 0.003 0.005 0 0.003 0.05 0.025 0.005 0.005 0.008 0.08 0.001 0.001 0 0.006 0.001 0.001 0.003 0.011 0 0.014 0.056 0.008 0.033 0.003 0.002 0.005 0.001 0 0.002 0.027;0.522 0.05 0.005 0.05 0.008 0 0.003 0.056 0.003 0 0.036 0.005 0 0.003 0.025 0.08 0.006 0.011 0.008 0.002 0.002 0.001 0.005 0.014 0.001 0.001 0.025 0.003 0.003 0.005 0.001 0.001 0 0.033 0.005 0.027;
0.492 0.029 0.026 0.105 0.036 0.005 0.006 0.022 0.003 0.018 0.021 0.003 0.003 0 0.003 0.031 0.003 0.003 0.002 0.003 0.007 0 0.002 0.002 0.001 0.002 0.021 0.006 0.004 0.004 0.009 0.011 0.001 0.01 0.004 0.102;0.492 0.029 0.026 0.021 0.003 0.003 0 0.021 0.006 0.004 0.105 0.036 0.005 0.006 0.003 0.031 0.003 0.003 0.004 0.009 0.011 0.001 0.002 0.002 0.001 0.002 0.022 0.003 0.018 0.002 0.003 0.007 0 0.01 0.004 0.102;0.492 0.021 0.021 0.105 0.003 0.004 0.002 0.022 0.002 0.01 0.029 0.003 0.006 0 0.036 0.031 0.009 0.002 0.003 0.003 0.004 0 0.006 0.002 0.001 0.003 0.026 0.003 0.004 0.005 0.003 0.011 0.001 0.018 0.007 0.102;
0.518 0.011 0.051 0.065 0.027 0.013 0.003 0.045 0.001 0.037 0.022 0.004 0.005 0.001 0.002 0.093 0.001 0.015 0.005 0.009 0.007 0 0.003 0.007 0 0.012 0.019 0 0.001 0.004 0.006 0.001 0.001 0 0 0.011;0.518 0.011 0.051 0.022 0.004 0.005 0.001 0.019 0 0.001 0.065 0.027 0.013 0.003 0.002 0.093 0.001 0.015 0.004 0.006 0.001 0.001 0.003 0.012 0 0.007 0.045 0.001 0.037 0.005 0.009 0.007 0 0 0 0.011;0.518 0.022 0.019 0.065 0.002 0.004 0.003 0.045 0.005 0 0.011 0.004 0 0.001 0.027 0.093 0.006 0.012 0.001 0.009 0 0 0.003 0.007 0.001 0.015 0.051 0.005 0.001 0.013 0.001 0.001 0 0.037 0.007 0.011;
0.526 0.043 0.007 0.021 0.019 0.004 0.009 0.092 0.007 0.03 0.049 0.006 0.002 0.001 0.004 0.11 0.006 0.002 0.006 0.002 0.01 0 0.001 0.017 0.001 0.006 0.004 0 0 0.001 0.002 0 0.003 0.001 0.001 0.007;0.526 0.043 0.007 0.049 0.006 0.002 0.001 0.004 0 0 0.021 0.019 0.004 0.009 0.004 0.11 0.006 0.002 0.001 0.002 0 0.003 0.001 0.006 0.001 0.017 0.092 0.007 0.03 0.006 0.002 0.01 0 0.001 0.001 0.007;0.526 0.049 0.004 0.021 0.004 0.001 0.001 0.092 0.006 0.001 0.043 0.006 0 0.001 0.019 0.11 0.002 0.006 0.007 0.002 0.001 0 0.009 0.017 0.003 0.002 0.007 0.002 0 0.004 0.006 0 0.001 0.03 0.01 0.007;
0.527 0.015 0.04 0.032 0.026 0.006 0.006 0.087 0.004 0.025 0.01 0.006 0.002 0.001 0.002 0.094 0.001 0.006 0.003 0.002 0.001 0.001 0 0.006 0 0.011 0.041 0.001 0.009 0.002 0.007 0.003 0.002 0.003 0.001 0.017;0.527 0.015 0.04 0.01 0.006 0.002 0.001 0.041 0.001 0.009 0.032 0.026 0.006 0.006 0.002 0.094 0.001 0.006 0.002 0.007 0.003 0.002 0 0.011 0 0.006 0.087 0.004 0.025 0.003 0.002 0.001 0.001 0.003 0.001 0.017;0.527 0.01 0.041 0.032 0.002 0.002 0 0.087 0.003 0.003 0.015 0.006 0.001 0.001 0.026 0.094 0.007 0.011 0.004 0.002 0.001 0.001 0.006 0.006 0.002 0.006 0.04 0.002 0.009 0.006 0.001 0.003 0 0.025 0.001 0.017;
0.511 0.046 0.005 0.1 0.024 0.015 0.007 0.017 0.006 0.035 0.02 0.007 0.001 0.003 0.001 0.043 0.001 0 0 0.002 0.001 0 0.003 0 0.001 0.006 0.032 0.006 0.002 0.01 0.005 0.019 0 0.001 0.008 0.062;0.511 0.046 0.005 0.02 0.007 0.001 0.003 0.032 0.006 0.002 0.1 0.024 0.015 0.007 0.001 0.043 0.001 0 0.01 0.005 0.019 0 0.003 0.006 0.001 0 0.017 0.006 0.035 0 0.002 0.001 0 0.001 0.008 0.062;0.511 0.02 0.032 0.1 0.001 0.01 0.003 0.017 0 0.001 0.046 0.007 0.006 0.003 0.024 0.043 0.005 0.006 0.006 0.002 0.008 0 0.007 0 0 0 0.005 0.001 0.002 0.015 0.001 0.019 0.001 0.035 0.001 0.062;
0.516 0.039 0.014 0.062 0.016 0.006 0.006 0.054 0.008 0.029 0.044 0.003 0.006 0.002 0.01 0.067 0 0.001 0.003 0.002 0.008 0.001 0.004 0.006 0 0.007 0.014 0.003 0.008 0.002 0.001 0.005 0 0.003 0.003 0.047;0.516 0.039 0.014 0.044 0.003 0.006 0.002 0.014 0.003 0.008 0.062 0.016 0.006 0.006 0.01 0.067 0 0.001 0.002 0.001 0.005 0 0.004 0.007 0 0.006 0.054 0.008 0.029 0.003 0.002 0.008 0.001 0.003 0.003 0.047;0.516 0.044 0.014 0.062 0.01 0.002 0.004 0.054 0.003 0.003 0.039 0.003 0.003 0.002 0.016 0.067 0.001 0.007 0.008 0.002 0.003 0.001 0.006 0.006 0 0.001 0.014 0.006 0.008 0.006 0 0.005 0 0.029 0.008 0.047];