pntP=[0.178 0.002 0 0.19 0.003 0.005 0 0.011 0.001 0.002 0.003 0.118 0 0.002 0.001 0.222 0.001 0.002 0.001 0.1 0.001 0.002 0.001 0.014 0 0.001 0.003 0.001 0.003 0.001 0.002 0.062 0 0 0 0.067;0.178 0.002 0 0.003 0.118 0 0.002 0.003 0.001 0.003 0.19 0.003 0.005 0 0.001 0.222 0.001 0.002 0.001 0.002 0.062 0 0.001 0.001 0 0.014 0.011 0.001 0.002 0.001 0.1 0.001 0.002 0 0 0.067;0.178 0.003 0.003 0.19 0.001 0.001 0.001 0.011 0.001 0 0.002 0.118 0.001 0.002 0.003 0.222 0.002 0.001 0.001 0.1 0 0.002 0 0.014 0 0.002 0 0 0.003 0.005 0.001 0.062 0 0.002 0.001 0.067;
0.133 0 0.006 0.155 0.002 0.003 0 0.054 0 0.001 0.001 0.102 0 0.002 0 0.183 0.001 0.001 0.002 0.086 0.001 0 0.001 0.064 0 0.002 0.003 0 0.021 0.003 0.001 0.081 0 0 0 0.091;0.133 0 0.006 0.001 0.102 0 0.002 0.003 0 0.021 0.155 0.002 0.003 0 0 0.183 0.001 0.001 0.003 0.001 0.081 0 0.001 0.002 0 0.064 0.054 0 0.001 0.002 0.086 0.001 0 0 0 0.091;0.133 0.001 0.003 0.155 0 0.003 0.001 0.054 0.002 0 0 0.102 0 0.002 0.002 0.183 0.001 0.002 0 0.086 0 0 0 0.064 0 0.001 0.006 0 0.021 0.003 0.001 0.081 0 0.001 0.001 0.091;
0.159 0 0.001 0.119 0 0.001 0.001 0.07 0 0.001 0 0.079 0.002 0 0.001 0.153 0.003 0.001 0 0.074 0 0 0 0.117 0.003 0.002 0.003 0.001 0.056 0.001 0.001 0.079 0 0.003 0 0.069;0.159 0 0.001 0 0.079 0.002 0 0.003 0.001 0.056 0.119 0 0.001 0.001 0.001 0.153 0.003 0.001 0.001 0.001 0.079 0 0 0.002 0.003 0.117 0.07 0 0.001 0 0.074 0 0 0.003 0 0.069;0.159 0 0.003 0.119 0.001 0.001 0 0.07 0 0.003 0 0.079 0.001 0 0 0.153 0.001 0.002 0 0.074 0 0 0.001 0.117 0 0.001 0.001 0.002 0.056 0.001 0.003 0.079 0.003 0.001 0 0.069;
0.136 0.002 0.003 0.151 0.001 0.007 0 0.06 0.001 0.001 0 0.084 0 0.001 0.001 0.134 0 0.002 0 0.11 0 0.002 0 0.081 0 0 0.003 0 0.038 0.002 0.001 0.103 0.001 0.001 0 0.074;0.136 0.002 0.003 0 0.084 0 0.001 0.003 0 0.038 0.151 0.001 0.007 0 0.001 0.134 0 0.002 0.002 0.001 0.103 0.001 0 0 0 0.081 0.06 0.001 0.001 0 0.11 0 0.002 0.001 0 0.074;0.136 0 0.003 0.151 0.001 0.002 0 0.06 0 0.001 0.002 0.084 0 0.001 0.001 0.134 0.001 0 0.001 0.11 0 0.002 0 0.081 0.001 0.002 0.003 0 0.038 0.007 0 0.103 0 0.001 0 0.074;
0.174 0.004 0 0.191 0 0 0 0.017 0.002 0.001 0.002 0.124 0 0.001 0.003 0.252 0.001 0 0 0.132 0.002 0 0 0.009 0.001 0.003 0 0 0.002 0 0.001 0.043 0 0 0 0.035;0.174 0.004 0 0.002 0.124 0 0.001 0 0 0.002 0.191 0 0 0 0.003 0.252 0.001 0 0 0.001 0.043 0 0 0.003 0.001 0.009 0.017 0.002 0.001 0 0.132 0.002 0 0 0 0.035;0.174 0.002 0 0.191 0.003 0 0 0.017 0 0 0.004 0.124 0 0.001 0 0.252 0.001 0.003 0.002 0.132 0 0 0 0.009 0 0 0 0 0.002 0 0.001 0.043 0.001 0.001 0.002 0.035;
0.132 0.002 0 0.177 0.002 0.001 0.002 0.073 0 0 0.002 0.109 0 0 0.001 0.156 0.002 0.003 0.001 0.109 0.001 0 0.001 0.087 0 0.001 0 0 0.027 0.002 0.002 0.067 0 0 0.002 0.038;0.132 0.002 0 0.002 0.109 0 0 0 0 0.027 0.177 0.002 0.001 0.002 0.001 0.156 0.002 0.003 0.002 0.002 0.067 0 0.001 0.001 0 0.087 0.073 0 0 0.001 0.109 0.001 0 0 0.002 0.038;0.132 0.002 0 0.177 0.001 0.002 0.001 0.073 0.001 0 0.002 0.109 0 0 0.002 0.156 0.002 0.001 0 0.109 0.002 0 0.002 0.087 0 0.003 0 0 0.027 0.001 0.002 0.067 0 0 0.001 0.038;
0.196 0.004 0.002 0.242 0.002 0.006 0 0.059 0.001 0.003 0 0.005 0 0 0.002 0.009 0.001 0 0 0.01 0.001 0 0 0.004 0.002 0 0.004 0 0.057 0.005 0 0.201 0.001 0 0 0.183;0.196 0.004 0.002 0 0.005 0 0 0.004 0 0.057 0.242 0.002 0.006 0 0.002 0.009 0.001 0 0.005 0 0.201 0.001 0 0 0.002 0.004 0.059 0.001 0.003 0 0.01 0.001 0 0 0 0.183;0.196 0 0.004 0.242 0.002 0.005 0 0.059 0 0 0.004 0.005 0 0 0.002 0.009 0 0 0.001 0.01 0 0 0 0.004 0.001 0 0.002 0 0.057 0.006 0.001 0.201 0.002 0.003 0.001 0.183;
0.132 0.002 0.005 0.166 0.001 0.002 0 0.058 0.001 0.002 0 0.084 0 0.002 0 0.134 0.001 0.001 0 0.078 0 0.002 0 0.07 0.001 0.003 0.002 0 0.053 0.005 0 0.109 0.001 0.001 0.001 0.083;0.132 0.002 0.005 0 0.084 0 0.002 0.002 0 0.053 0.166 0.001 0.002 0 0 0.134 0.001 0.001 0.005 0 0.109 0.001 0 0.003 0.001 0.07 0.058 0.001 0.002 0 0.078 0 0.002 0.001 0.001 0.083;0.132 0 0.002 0.166 0 0.005 0 0.058 0 0.001 0.002 0.084 0 0.002 0.001 0.134 0 0.003 0.001 0.078 0.001 0.002 0 0.07 0.001 0.001 0.005 0 0.053 0.002 0.001 0.109 0.001 0.002 0 0.083;
0.125 0.001 0.002 0.116 0.002 0 0 0.105 0 0.001 0 0.051 0.001 0 0.001 0.17 0.003 0.003 0.002 0.05 0 0 0.001 0.141 0 0.002 0.001 0 0.064 0.002 0.001 0.075 0.003 0.001 0 0.076;0.125 0.001 0.002 0 0.051 0.001 0 0.001 0 0.064 0.116 0.002 0 0 0.001 0.17 0.003 0.003 0.002 0.001 0.075 0.003 0.001 0.002 0 0.141 0.105 0 0.001 0.002 0.05 0 0 0.001 0 0.076;0.125 0 0.001 0.116 0.001 0.002 0.001 0.105 0.002 0.001 0.001 0.051 0 0 0.002 0.17 0.001 0.002 0 0.05 0 0 0 0.141 0.003 0.003 0.002 0.001 0.064 0 0.003 0.075 0 0.001 0 0.076;
0.142 0 0.002 0.116 0 0.006 0 0.08 0 0.003 0 0.075 0.001 0 0 0.142 0 0.004 0.002 0.076 0 0.004 0.002 0.126 0 0.002 0.003 0 0.077 0.005 0.001 0.055 0 0.006 0.001 0.069;0.142 0 0.002 0 0.075 0.001 0 0.003 0 0.077 0.116 0 0.006 0 0 0.142 0 0.004 0.005 0.001 0.055 0 0.002 0.002 0 0.126 0.08 0 0.003 0.002 0.076 0 0.004 0.006 0.001 0.069;0.142 0 0.003 0.116 0 0.005 0.002 0.08 0.002 0.006 0 0.075 0 0 0 0.142 0.001 0.002 0 0.076 0.001 0.004 0 0.126 0 0.004 0.002 0.001 0.077 0.006 0 0.055 0 0.003 0 0.069;
0.175 0.002 0.001 0.18 0.003 0 0.002 0.006 0 0.003 0.002 0.116 0.001 0 0 0.233 0.001 0.001 0.001 0.125 0.001 0 0.002 0.003 0.001 0.001 0.001 0.001 0.001 0.001 0.002 0.08 0.002 0 0 0.052;0.175 0.002 0.001 0.002 0.116 0.001 0 0.001 0.001 0.001 0.18 0.003 0 0.002 0 0.233 0.001 0.001 0.001 0.002 0.08 0.002 0.002 0.001 0.001 0.003 0.006 0 0.003 0.001 0.125 0.001 0 0 0 0.052;0.175 0.002 0.001 0.18 0 0.001 0.002 0.006 0.001 0 0.002 0.116 0.001 0 0.003 0.233 0.002 0.001 0 0.125 0 0 0.002 0.003 0.002 0.001 0.001 0.001 0.001 0 0.001 0.08 0.001 0.003 0.001 0.052;
0.21 0.001 0 0.229 0.001 0.001 0 0.022 0.002 0.001 0.005 0.112 0 0.002 0 0.207 0 0.002 0 0.121 0.001 0.002 0 0.024 0 0.004 0 0.001 0.001 0.001 0.002 0.025 0 0 0 0.023;0.21 0.001 0 0.005 0.112 0 0.002 0 0.001 0.001 0.229 0.001 0.001 0 0 0.207 0 0.002 0.001 0.002 0.025 0 0 0.004 0 0.024 0.022 0.002 0.001 0 0.121 0.001 0.002 0 0 0.023;0.21 0.005 0 0.229 0 0.001 0 0.022 0 0 0.001 0.112 0.001 0.002 0.001 0.207 0.002 0.004 0.002 0.121 0 0.002 0 0.024 0 0.002 0 0 0.001 0.001 0 0.025 0 0.001 0.001 0.023;
0.174 0.002 0 0.23 0.005 0 0.001 0.057 0.001 0.001 0.001 0.115 0 0.001 0.002 0.21 0.001 0 0 0.119 0.001 0.001 0 0.039 0.001 0.002 0.001 0.002 0.004 0.001 0 0.016 0.001 0.001 0 0.01;0.174 0.002 0 0.001 0.115 0 0.001 0.001 0.002 0.004 0.23 0.005 0 0.001 0.002 0.21 0.001 0 0.001 0 0.016 0.001 0 0.002 0.001 0.039 0.057 0.001 0.001 0 0.119 0.001 0.001 0.001 0 0.01;0.174 0.001 0.001 0.23 0.002 0.001 0 0.057 0 0.001 0.002 0.115 0.002 0.001 0.005 0.21 0 0.002 0.001 0.119 0 0.001 0.001 0.039 0.001 0 0 0 0.004 0 0.001 0.016 0.001 0.001 0.001 0.01;
0.211 0.001 0.001 0.23 0.003 0 0 0.019 0 0.006 0.001 0.021 0 0 0.001 0.027 0.001 0 0 0.011 0.002 0 0 0.004 0 0 0.004 0.001 0.031 0.005 0 0.202 0.001 0.001 0.001 0.215;0.211 0.001 0.001 0.001 0.021 0 0 0.004 0.001 0.031 0.23 0.003 0 0 0.001 0.027 0.001 0 0.005 0 0.202 0.001 0 0 0 0.004 0.019 0 0.006 0 0.011 0.002 0 0.001 0.001 0.215;0.211 0.001 0.004 0.23 0.001 0.005 0 0.019 0 0.001 0.001 0.021 0.001 0 0.003 0.027 0 0 0 0.011 0.001 0 0 0.004 0.001 0 0.001 0 0.031 0 0.001 0.202 0 0.006 0.002 0.215;
0.156 0 0.003 0.197 0.001 0.002 0 0.014 0.001 0.002 0.001 0.106 0 0.004 0 0.229 0 0.003 0 0.108 0.003 0.002 0 0.022 0 0.005 0.001 0 0.009 0 0.002 0.079 0 0.001 0 0.049;0.156 0 0.003 0.001 0.106 0 0.004 0.001 0 0.009 0.197 0.001 0.002 0 0 0.229 0 0.003 0 0.002 0.079 0 0 0.005 0 0.022 0.014 0.001 0.002 0 0.108 0.003 0.002 0.001 0 0.049;0.156 0.001 0.001 0.197 0 0 0 0.014 0 0.001 0 0.106 0 0.004 0.001 0.229 0.002 0.005 0.001 0.108 0 0.002 0 0.022 0 0.003 0.003 0 0.009 0.002 0 0.079 0 0.002 0.003 0.049;
0.131 0.003 0.003 0.144 0.001 0.002 0 0.077 0.001 0.002 0 0.114 0.001 0.001 0 0.154 0.004 0 0 0.096 0.002 0.002 0 0.116 0.002 0.006 0.003 0.001 0.025 0.001 0.001 0.061 0 0 0 0.046;0.131 0.003 0.003 0 0.114 0.001 0.001 0.003 0.001 0.025 0.144 0.001 0.002 0 0 0.154 0.004 0 0.001 0.001 0.061 0 0 0.006 0.002 0.116 0.077 0.001 0.002 0 0.096 0.002 0.002 0 0 0.046;0.131 0 0.003 0.144 0 0.001 0 0.077 0 0 0.003 0.114 0.001 0.001 0.001 0.154 0.001 0.006 0.001 0.096 0 0.002 0 0.116 0 0 0.003 0.001 0.025 0.002 0.004 0.061 0.002 0.002 0.002 0.046;
0.145 0.004 0 0.193 0.004 0.002 0 0.026 0.001 0 0.004 0.124 0.001 0.002 0.003 0.187 0.001 0 0 0.12 0.003 0.001 0.002 0.029 0 0.002 0 0.001 0.01 0.002 0.001 0.056 0 0 0 0.076;0.145 0.004 0 0.004 0.124 0.001 0.002 0 0.001 0.01 0.193 0.004 0.002 0 0.003 0.187 0.001 0 0.002 0.001 0.056 0 0.002 0.002 0 0.029 0.026 0.001 0 0 0.12 0.003 0.001 0 0 0.076;0.145 0.004 0 0.193 0.003 0.002 0.002 0.026 0 0 0.004 0.124 0.001 0.002 0.004 0.187 0.001 0.002 0.001 0.12 0 0.001 0 0.029 0 0 0 0.001 0.01 0.002 0.001 0.056 0 0 0.003 0.076;
0.187 0.003 0.005 0.161 0.001 0.007 0 0.012 0 0.001 0 0.108 0 0.003 0.001 0.222 0 0.002 0 0.12 0 0.006 0 0.01 0 0.001 0.002 0.001 0.006 0.002 0.002 0.058 0 0.001 0 0.078;0.187 0.003 0.005 0 0.108 0 0.003 0.002 0.001 0.006 0.161 0.001 0.007 0 0.001 0.222 0 0.002 0.002 0.002 0.058 0 0 0.001 0 0.01 0.012 0 0.001 0 0.12 0 0.006 0.001 0 0.078;0.187 0 0.002 0.161 0.001 0.002 0 0.012 0 0.001 0.003 0.108 0.001 0.003 0.001 0.222 0.002 0.001 0 0.12 0 0.006 0 0.01 0 0.002 0.005 0 0.006 0.007 0 0.058 0 0.001 0 0.078;
0.202 0.002 0 0.2 0.004 0.002 0 0.012 0 0.001 0.003 0.128 0 0.001 0 0.218 0 0 0.002 0.124 0.003 0.002 0.001 0.013 0.001 0 0.001 0 0.005 0.002 0 0.041 0 0.001 0.001 0.03;0.202 0.002 0 0.003 0.128 0 0.001 0.001 0 0.005 0.2 0.004 0.002 0 0 0.218 0 0 0.002 0 0.041 0 0.001 0 0.001 0.013 0.012 0 0.001 0.002 0.124 0.003 0.002 0.001 0.001 0.03;0.202 0.003 0.001 0.2 0 0.002 0.001 0.012 0.002 0.001 0.002 0.128 0 0.001 0.004 0.218 0 0 0 0.124 0.001 0.002 0 0.013 0 0 0 0 0.005 0.002 0 0.041 0.001 0.001 0.003 0.03;
0.138 0.001 0.001 0.216 0.001 0.005 0.001 0.073 0.001 0.005 0.001 0.101 0.001 0.001 0.002 0.158 0.001 0.002 0 0.107 0.001 0.004 0.001 0.104 0 0.003 0.001 0.001 0.005 0.001 0 0.036 0 0 0 0.027;0.138 0.001 0.001 0.001 0.101 0.001 0.001 0.001 0.001 0.005 0.216 0.001 0.005 0.001 0.002 0.158 0.001 0.002 0.001 0 0.036 0 0.001 0.003 0 0.104 0.073 0.001 0.005 0 0.107 0.001 0.004 0 0 0.027;0.138 0.001 0.001 0.216 0.002 0.001 0.001 0.073 0 0 0.001 0.101 0.001 0.001 0.001 0.158 0 0.003 0.001 0.107 0 0.004 0.001 0.104 0 0.002 0.001 0.001 0.005 0.005 0.001 0.036 0 0.005 0.001 0.027;
0.153 0.004 0 0.196 0.002 0.002 0.002 0.048 0.001 0 0.002 0.119 0 0 0.001 0.194 0.001 0.002 0.001 0.101 0.001 0.001 0.002 0.063 0.001 0 0 0 0.012 0.002 0 0.047 0 0.001 0.001 0.04;0.153 0.004 0 0.002 0.119 0 0 0 0 0.012 0.196 0.002 0.002 0.002 0.001 0.194 0.001 0.002 0.002 0 0.047 0 0.002 0 0.001 0.063 0.048 0.001 0 0.001 0.101 0.001 0.001 0.001 0.001 0.04;0.153 0.002 0 0.196 0.001 0.002 0.002 0.048 0.001 0.001 0.004 0.119 0 0 0.002 0.194 0 0 0.001 0.101 0.001 0.001 0.002 0.063 0 0.002 0 0 0.012 0.002 0.001 0.047 0.001 0 0.001 0.04;
0.169 0.001 0 0.202 0.001 0.001 0 0.015 0.001 0.003 0 0.065 0.001 0 0 0.135 0 0 0 0.063 0 0 0 0.016 0 0.002 0.003 0 0.017 0.007 0.003 0.144 0 0.001 0.001 0.149;0.169 0.001 0 0 0.065 0.001 0 0.003 0 0.017 0.202 0.001 0.001 0 0 0.135 0 0 0.007 0.003 0.144 0 0 0.002 0 0.016 0.015 0.001 0.003 0 0.063 0 0 0.001 0.001 0.149;0.169 0 0.003 0.202 0 0.007 0 0.015 0 0.001 0.001 0.065 0 0 0.001 0.135 0.003 0.002 0.001 0.063 0.001 0 0 0.016 0 0 0 0.001 0.017 0.001 0 0.144 0 0.003 0 0.149;
0.114 0.001 0 0.145 0.001 0.002 0.003 0.091 0.001 0.004 0 0.106 0 0 0.002 0.141 0.002 0 0.003 0.094 0 0.001 0.002 0.12 0 0.001 0 0.002 0.032 0 0.001 0.079 0 0 0.001 0.051;0.114 0.001 0 0 0.106 0 0 0 0.002 0.032 0.145 0.001 0.002 0.003 0.002 0.141 0.002 0 0 0.001 0.079 0 0.002 0.001 0 0.12 0.091 0.001 0.004 0.003 0.094 0 0.001 0 0.001 0.051;0.114 0 0 0.145 0.002 0 0.002 0.091 0.003 0 0.001 0.106 0.002 0 0.001 0.141 0.001 0.001 0.001 0.094 0.001 0.001 0.003 0.12 0 0 0 0 0.032 0.002 0.002 0.079 0 0.004 0 0.051;
0.187 0.003 0.001 0.215 0.006 0.001 0.001 0.019 0.001 0 0.003 0.133 0 0 0.002 0.223 0.001 0.002 0 0.114 0 0 0.003 0.017 0 0.002 0.002 0 0.002 0.002 0 0.026 0 0.002 0 0.032;0.187 0.003 0.001 0.003 0.133 0 0 0.002 0 0.002 0.215 0.006 0.001 0.001 0.002 0.223 0.001 0.002 0.002 0 0.026 0 0.003 0.002 0 0.017 0.019 0.001 0 0 0.114 0 0 0.002 0 0.032;0.187 0.003 0.002 0.215 0.002 0.002 0.003 0.019 0 0.002 0.003 0.133 0 0 0.006 0.223 0 0.002 0.001 0.114 0 0 0.001 0.017 0 0.002 0.001 0 0.002 0.001 0.001 0.026 0 0 0 0.032;
0.185 0.003 0 0.193 0.002 0.001 0 0.009 0.001 0.002 0.001 0.106 0 0.001 0.001 0.24 0.001 0 0.002 0.097 0.001 0 0 0.024 0.002 0.002 0.001 0 0.003 0.001 0.001 0.068 0 0.001 0.001 0.05;0.185 0.003 0 0.001 0.106 0 0.001 0.001 0 0.003 0.193 0.002 0.001 0 0.001 0.24 0.001 0 0.001 0.001 0.068 0 0 0.002 0.002 0.024 0.009 0.001 0.002 0.002 0.097 0.001 0 0.001 0.001 0.05;0.185 0.001 0.001 0.193 0.001 0.001 0 0.009 0.002 0.001 0.003 0.106 0 0.001 0.002 0.24 0.001 0.002 0.001 0.097 0.001 0 0 0.024 0 0 0 0 0.003 0.001 0.001 0.068 0.002 0.002 0.001 0.05;
0.169 0.001 0 0.203 0.003 0.002 0 0.072 0.002 0 0 0.111 0 0 0.001 0.167 0.001 0.002 0.001 0.109 0.002 0.001 0.001 0.082 0 0.002 0 0.001 0.009 0.001 0 0.026 0 0.002 0.002 0.027;0.169 0.001 0 0 0.111 0 0 0 0.001 0.009 0.203 0.003 0.002 0 0.001 0.167 0.001 0.002 0.001 0 0.026 0 0.001 0.002 0 0.082 0.072 0.002 0 0.001 0.109 0.002 0.001 0.002 0.002 0.027;0.169 0 0 0.203 0.001 0.001 0.001 0.072 0.001 0.002 0.001 0.111 0.001 0 0.003 0.167 0 0.002 0.002 0.109 0.002 0.001 0 0.082 0 0.002 0 0 0.009 0.002 0.001 0.026 0 0 0.002 0.027;
0.138 0.001 0.003 0.121 0.001 0.006 0.001 0.106 0 0.004 0 0.093 0 0 0 0.156 0 0.002 0 0.088 0 0.001 0 0.095 0.001 0.002 0 0 0.046 0.002 0 0.063 0 0 0 0.07;0.138 0.001 0.003 0 0.093 0 0 0 0 0.046 0.121 0.001 0.006 0.001 0 0.156 0 0.002 0.002 0 0.063 0 0 0.002 0.001 0.095 0.106 0 0.004 0 0.088 0 0.001 0 0 0.07;0.138 0 0 0.121 0 0.002 0 0.106 0 0 0.001 0.093 0 0 0.001 0.156 0 0.002 0 0.088 0 0.001 0.001 0.095 0 0.002 0.003 0 0.046 0.006 0 0.063 0.001 0.004 0 0.07;
0.177 0.002 0.001 0.168 0 0.003 0 0.002 0.001 0 0.003 0.111 0 0 0.002 0.256 0 0.001 0 0.12 0.001 0.002 0 0.005 0 0.001 0 0 0.003 0.003 0.002 0.053 0 0.002 0.001 0.08;0.177 0.002 0.001 0.003 0.111 0 0 0 0 0.003 0.168 0 0.003 0 0.002 0.256 0 0.001 0.003 0.002 0.053 0 0 0.001 0 0.005 0.002 0.001 0 0 0.12 0.001 0.002 0.002 0.001 0.08;0.177 0.003 0 0.168 0.002 0.003 0 0.002 0 0.002 0.002 0.111 0 0 0 0.256 0.002 0.001 0.001 0.12 0.001 0.002 0 0.005 0 0.001 0.001 0 0.003 0.003 0 0.053 0 0 0.001 0.08;
0.161 0.001 0.003 0.199 0 0.003 0 0.119 0 0.002 0 0.102 0 0.001 0 0.166 0 0.004 0 0.109 0 0 0 0.112 0 0.001 0 0 0.002 0.001 0 0.007 0 0.001 0 0.006;0.161 0.001 0.003 0 0.102 0 0.001 0 0 0.002 0.199 0 0.003 0 0 0.166 0 0.004 0.001 0 0.007 0 0 0.001 0 0.112 0.119 0 0.002 0 0.109 0 0 0.001 0 0.006;0.161 0 0 0.199 0 0.001 0 0.119 0 0.001 0.001 0.102 0 0.001 0 0.166 0 0.001 0 0.109 0 0 0 0.112 0 0.004 0.003 0 0.002 0.003 0 0.007 0 0.002 0 0.006;
0.191 0.002 0 0.186 0.002 0.003 0 0.002 0.004 0 0 0.061 0 0.001 0 0.135 0.002 0.002 0 0.074 0.001 0.001 0.001 0.001 0.003 0 0 0.001 0.003 0.004 0.003 0.15 0 0 0.001 0.166;0.191 0.002 0 0 0.061 0 0.001 0 0.001 0.003 0.186 0.002 0.003 0 0 0.135 0.002 0.002 0.004 0.003 0.15 0 0.001 0 0.003 0.001 0.002 0.004 0 0 0.074 0.001 0.001 0 0.001 0.166;0.191 0 0 0.186 0 0.004 0.001 0.002 0 0 0.002 0.061 0.001 0.001 0.002 0.135 0.003 0 0.004 0.074 0.001 0.001 0 0.001 0 0.002 0 0 0.003 0.003 0.002 0.15 0.003 0 0.001 0.166;
0.169 0 0 0.182 0.001 0.001 0 0.024 0.001 0.001 0 0.119 0 0.001 0.002 0.202 0.001 0.002 0 0.107 0 0.003 0.002 0.029 0.002 0.002 0.001 0 0.009 0.001 0.001 0.077 0 0.001 0 0.059;0.169 0 0 0 0.119 0 0.001 0.001 0 0.009 0.182 0.001 0.001 0 0.002 0.202 0.001 0.002 0.001 0.001 0.077 0 0.002 0.002 0.002 0.029 0.024 0.001 0.001 0 0.107 0 0.003 0.001 0 0.059;0.169 0 0.001 0.182 0.002 0.001 0.002 0.024 0 0.001 0 0.119 0 0.001 0.001 0.202 0.001 0.002 0.001 0.107 0 0.003 0 0.029 0 0.002 0 0 0.009 0.001 0.001 0.077 0.002 0.001 0 0.059;
0.199 0.001 0.003 0.004 0.002 0 0.001 0.166 0.001 0 0.002 0.003 0.001 0 0.001 0.192 0 0.003 0.001 0.004 0 0 0 0.158 0.002 0.004 0.004 0 0.109 0 0.002 0.003 0.002 0 0.003 0.129;0.199 0.001 0.003 0.002 0.003 0.001 0 0.004 0 0.109 0.004 0.002 0 0.001 0.001 0.192 0 0.003 0 0.002 0.003 0.002 0 0.004 0.002 0.158 0.166 0.001 0 0.001 0.004 0 0 0 0.003 0.129;0.199 0.002 0.004 0.004 0.001 0 0 0.166 0.001 0 0.001 0.003 0 0 0.002 0.192 0.002 0.004 0.001 0.004 0.003 0 0.001 0.158 0.002 0.003 0.003 0.001 0.109 0 0 0.003 0.002 0 0 0.129;
0.144 0.001 0.005 0.131 0 0.001 0 0.125 0 0.004 0.002 0.072 0 0.002 0.001 0.184 0 0.003 0.002 0.071 0 0.003 0 0.162 0 0.001 0 0 0.025 0 0 0.029 0.001 0 0 0.031;0.144 0.001 0.005 0.002 0.072 0 0.002 0 0 0.025 0.131 0 0.001 0 0.001 0.184 0 0.003 0 0 0.029 0.001 0 0.001 0 0.162 0.125 0 0.004 0.002 0.071 0 0.003 0 0 0.031;0.144 0.002 0 0.131 0.001 0 0 0.125 0.002 0 0.001 0.072 0 0.002 0 0.184 0 0.001 0 0.071 0 0.003 0 0.162 0.001 0.003 0.005 0 0.025 0.001 0 0.029 0 0.004 0 0.031;
0.151 0 0 0.198 0.002 0.002 0.001 0.067 0 0.001 0 0.112 0.001 0.004 0.001 0.198 0.001 0.002 0 0.09 0.002 0.001 0 0.083 0 0.002 0.001 0 0.011 0.004 0.004 0.036 0 0 0 0.025;0.151 0 0 0 0.112 0.001 0.004 0.001 0 0.011 0.198 0.002 0.002 0.001 0.001 0.198 0.001 0.002 0.004 0.004 0.036 0 0 0.002 0 0.083 0.067 0 0.001 0 0.09 0.002 0.001 0 0 0.025;0.151 0 0.001 0.198 0.001 0.004 0 0.067 0 0 0 0.112 0 0.004 0.002 0.198 0.004 0.002 0 0.09 0 0.001 0.001 0.083 0 0.002 0 0.001 0.011 0.002 0.001 0.036 0 0.001 0.002 0.025;
0.241 0.001 0.001 0.242 0.001 0.003 0 0.014 0 0.006 0 0.012 0 0 0 0.025 0 0 0 0.015 0.001 0 0 0.002 0.001 0.001 0.001 0.003 0.006 0.006 0.003 0.222 0 0.001 0 0.192;0.241 0.001 0.001 0 0.012 0 0 0.001 0.003 0.006 0.242 0.001 0.003 0 0 0.025 0 0 0.006 0.003 0.222 0 0 0.001 0.001 0.002 0.014 0 0.006 0 0.015 0.001 0 0.001 0 0.192;0.241 0 0.001 0.242 0 0.006 0 0.014 0 0.001 0.001 0.012 0.003 0 0.001 0.025 0.003 0.001 0 0.015 0 0 0 0.002 0 0 0.001 0 0.006 0.003 0 0.222 0.001 0.006 0.001 0.192;
0.184 0.002 0.002 0.201 0 0.004 0.001 0.056 0 0 0.004 0.116 0 0.001 0.001 0.196 0.001 0 0.002 0.11 0 0.003 0 0.067 0.001 0.002 0.002 0 0.004 0.001 0.004 0.018 0 0 0.001 0.016;0.184 0.002 0.002 0.004 0.116 0 0.001 0.002 0 0.004 0.201 0 0.004 0.001 0.001 0.196 0.001 0 0.001 0.004 0.018 0 0 0.002 0.001 0.067 0.056 0 0 0.002 0.11 0 0.003 0 0.001 0.016;0.184 0.004 0.002 0.201 0.001 0.001 0 0.056 0.002 0 0.002 0.116 0 0.001 0 0.196 0.004 0.002 0 0.11 0.001 0.003 0.001 0.067 0 0 0.002 0 0.004 0.004 0.001 0.018 0.001 0 0 0.016;
0.167 0 0 0.159 0 0.001 0.002 0.084 0.002 0.003 0 0.097 0 0.003 0.002 0.146 0 0.001 0 0.085 0.001 0.004 0 0.127 0.001 0.004 0.002 0 0.027 0.002 0 0.041 0 0.002 0.001 0.036;0.167 0 0 0 0.097 0 0.003 0.002 0 0.027 0.159 0 0.001 0.002 0.002 0.146 0 0.001 0.002 0 0.041 0 0 0.004 0.001 0.127 0.084 0.002 0.003 0 0.085 0.001 0.004 0.002 0.001 0.036;0.167 0 0.002 0.159 0.002 0.002 0 0.084 0 0.002 0 0.097 0 0.003 0 0.146 0 0.004 0.002 0.085 0.001 0.004 0.002 0.127 0 0.001 0 0 0.027 0.001 0 0.041 0.001 0.003 0.001 0.036;
0.209 0.002 0.001 0.234 0.002 0.002 0.001 0.038 0 0 0.001 0.109 0.003 0 0.002 0.242 0 0.001 0.002 0.098 0 0.001 0.001 0.033 0 0 0 0.001 0.001 0 0.005 0.006 0 0 0 0.005;0.209 0.002 0.001 0.001 0.109 0.003 0 0 0.001 0.001 0.234 0.002 0.002 0.001 0.002 0.242 0 0.001 0 0.005 0.006 0 0.001 0 0 0.033 0.038 0 0 0.002 0.098 0 0.001 0 0 0.005;0.209 0.001 0 0.234 0.002 0 0.001 0.038 0.002 0 0.002 0.109 0.001 0 0.002 0.242 0.005 0 0 0.098 0 0.001 0.001 0.033 0 0.001 0.001 0.003 0.001 0.002 0 0.006 0 0 0 0.005;
0.134 0.002 0.002 0.215 0.001 0.005 0.001 0.095 0 0.004 0 0.113 0 0.003 0.002 0.182 0 0.002 0.001 0.095 0.001 0 0.003 0.093 0 0.002 0 0.002 0.006 0 0.002 0.017 0.001 0 0.001 0.015;0.134 0.002 0.002 0 0.113 0 0.003 0 0.002 0.006 0.215 0.001 0.005 0.001 0.002 0.182 0 0.002 0 0.002 0.017 0.001 0.003 0.002 0 0.093 0.095 0 0.004 0.001 0.095 0.001 0 0 0.001 0.015;0.134 0 0 0.215 0.002 0 0.003 0.095 0.001 0 0.002 0.113 0.002 0.003 0.001 0.182 0.002 0.002 0 0.095 0.001 0 0.001 0.093 0.001 0.002 0.002 0 0.006 0.005 0 0.017 0 0.004 0.001 0.015;
0.158 0.001 0 0.2 0 0.001 0.001 0.033 0.001 0.001 0.002 0.109 0 0.002 0.001 0.197 0.001 0.001 0.002 0.117 0.001 0.004 0.001 0.027 0 0.003 0.001 0 0.008 0.005 0.001 0.063 0 0 0.001 0.057;0.158 0.001 0 0.002 0.109 0 0.002 0.001 0 0.008 0.2 0 0.001 0.001 0.001 0.197 0.001 0.001 0.005 0.001 0.063 0 0.001 0.003 0 0.027 0.033 0.001 0.001 0.002 0.117 0.001 0.004 0 0.001 0.057;0.158 0.002 0.001 0.2 0.001 0.005 0.001 0.033 0.002 0 0.001 0.109 0 0.002 0 0.197 0.001 0.003 0.001 0.117 0.001 0.004 0.001 0.027 0 0.001 0 0 0.008 0.001 0.001 0.063 0 0.001 0.001 0.057;
0.223 0.003 0.001 0.221 0.004 0 0 0.008 0 0.002 0.002 0.111 0.001 0 0.003 0.237 0.001 0 0.001 0.13 0.003 0.003 0 0.02 0.001 0.005 0 0 0.001 0.001 0 0.01 0.001 0 0.001 0.006;0.223 0.003 0.001 0.002 0.111 0.001 0 0 0 0.001 0.221 0.004 0 0 0.003 0.237 0.001 0 0.001 0 0.01 0.001 0 0.005 0.001 0.02 0.008 0 0.002 0.001 0.13 0.003 0.003 0 0.001 0.006;0.223 0.002 0 0.221 0.003 0.001 0 0.008 0.001 0 0.003 0.111 0 0 0.004 0.237 0 0.005 0 0.13 0.001 0.003 0 0.02 0.001 0 0.001 0.001 0.001 0 0.001 0.01 0.001 0.002 0.003 0.006;
0.127 0 0.001 0.174 0 0.003 0 0.031 0.001 0.002 0 0.128 0 0.001 0 0.163 0.001 0.001 0 0.12 0 0.002 0 0.056 0.001 0.005 0.001 0 0.027 0.002 0.001 0.085 0 0.001 0.001 0.065;0.127 0 0.001 0 0.128 0 0.001 0.001 0 0.027 0.174 0 0.003 0 0 0.163 0.001 0.001 0.002 0.001 0.085 0 0 0.005 0.001 0.056 0.031 0.001 0.002 0 0.12 0 0.002 0.001 0.001 0.065;0.127 0 0.001 0.174 0 0.002 0 0.031 0 0.001 0 0.128 0 0.001 0 0.163 0.001 0.005 0.001 0.12 0.001 0.002 0 0.056 0 0.001 0.001 0 0.027 0.003 0.001 0.085 0.001 0.002 0 0.065;
0.136 0.001 0 0.144 0.001 0.002 0.001 0.069 0.001 0.002 0.002 0.098 0 0.004 0.001 0.142 0.001 0.004 0.001 0.089 0 0.003 0 0.104 0.001 0.002 0 0.001 0.039 0 0 0.09 0.002 0 0 0.059;0.136 0.001 0 0.002 0.098 0 0.004 0 0.001 0.039 0.144 0.001 0.002 0.001 0.001 0.142 0.001 0.004 0 0 0.09 0.002 0 0.002 0.001 0.104 0.069 0.001 0.002 0.001 0.089 0 0.003 0 0 0.059;0.136 0.002 0 0.144 0.001 0 0 0.069 0.001 0 0.001 0.098 0.001 0.004 0.001 0.142 0 0.002 0.001 0.089 0 0.003 0.001 0.104 0.002 0.004 0 0 0.039 0.002 0.001 0.09 0.001 0.002 0 0.059;
0.161 0.001 0.002 0.218 0.001 0.004 0 0.074 0.001 0 0.003 0.105 0 0 0.001 0.174 0 0 0 0.127 0.003 0.004 0 0.076 0 0.001 0 0 0.009 0.002 0 0.014 0 0 0 0.019;0.161 0.001 0.002 0.003 0.105 0 0 0 0 0.009 0.218 0.001 0.004 0 0.001 0.174 0 0 0.002 0 0.014 0 0 0.001 0 0.076 0.074 0.001 0 0 0.127 0.003 0.004 0 0 0.019;0.161 0.003 0 0.218 0.001 0.002 0 0.074 0 0 0.001 0.105 0 0 0.001 0.174 0 0.001 0.001 0.127 0 0.004 0 0.076 0 0 0.002 0 0.009 0.004 0 0.014 0 0 0.003 0.019;
0.159 0.002 0 0.191 0.002 0.003 0 0.035 0.001 0.002 0.002 0.108 0.001 0.001 0.001 0.186 0 0 0 0.119 0.002 0.001 0.001 0.057 0 0.001 0.002 0.005 0.013 0.001 0.002 0.055 0 0 0.001 0.046;0.159 0.002 0 0.002 0.108 0.001 0.001 0.002 0.005 0.013 0.191 0.002 0.003 0 0.001 0.186 0 0 0.001 0.002 0.055 0 0.001 0.001 0 0.057 0.035 0.001 0.002 0 0.119 0.002 0.001 0 0.001 0.046;0.159 0.002 0.002 0.191 0.001 0.001 0.001 0.035 0 0 0.002 0.108 0.005 0.001 0.002 0.186 0.002 0.001 0.001 0.119 0.001 0.001 0 0.057 0 0 0 0.001 0.013 0.003 0 0.055 0 0.002 0.002 0.046;
0.126 0.001 0.003 0.177 0.003 0.006 0 0.053 0.001 0.002 0.001 0.111 0 0.003 0.002 0.17 0 0.004 0 0.115 0 0.001 0.001 0.082 0 0.002 0 0.001 0.027 0 0.001 0.053 0.001 0.002 0 0.051;0.126 0.001 0.003 0.001 0.111 0 0.003 0 0.001 0.027 0.177 0.003 0.006 0 0.002 0.17 0 0.004 0 0.001 0.053 0.001 0.001 0.002 0 0.082 0.053 0.001 0.002 0 0.115 0 0.001 0.002 0 0.051;0.126 0.001 0 0.177 0.002 0 0.001 0.053 0 0.002 0.001 0.111 0.001 0.003 0.003 0.17 0.001 0.002 0.001 0.115 0 0.001 0 0.082 0.001 0.004 0.003 0 0.027 0.006 0 0.053 0 0.002 0 0.051;
0.217 0.001 0.001 0.238 0.001 0.001 0.001 0.033 0.001 0.001 0.001 0.108 0 0.001 0.004 0.194 0.001 0.001 0 0.115 0 0 0.002 0.043 0.001 0.001 0.001 0.001 0 0 0 0.015 0.003 0 0.001 0.012;0.217 0.001 0.001 0.001 0.108 0 0.001 0.001 0.001 0 0.238 0.001 0.001 0.001 0.004 0.194 0.001 0.001 0 0 0.015 0.003 0.002 0.001 0.001 0.043 0.033 0.001 0.001 0 0.115 0 0 0 0.001 0.012;0.217 0.001 0.001 0.238 0.004 0 0.002 0.033 0 0 0.001 0.108 0.001 0.001 0.001 0.194 0 0.001 0.001 0.115 0.001 0 0.001 0.043 0.003 0.001 0.001 0 0 0.001 0.001 0.015 0.001 0.001 0 0.012;
0.205 0.001 0 0.243 0.005 0 0 0.032 0.003 0.001 0 0.131 0.002 0.001 0.001 0.203 0.002 0 0.001 0.109 0.001 0 0.003 0.037 0 0 0 0.001 0 0.001 0.001 0.008 0.001 0 0 0.007;0.205 0.001 0 0 0.131 0.002 0.001 0 0.001 0 0.243 0.005 0 0 0.001 0.203 0.002 0 0.001 0.001 0.008 0.001 0.003 0 0 0.037 0.032 0.003 0.001 0.001 0.109 0.001 0 0 0 0.007;0.205 0 0 0.243 0.001 0.001 0.003 0.032 0.001 0 0.001 0.131 0.001 0.001 0.005 0.203 0.001 0 0.003 0.109 0 0 0 0.037 0.001 0 0 0.002 0 0 0.002 0.008 0 0.001 0.001 0.007;
0.171 0 0.001 0.188 0.003 0 0.002 0.093 0 0.001 0 0.108 0 0.002 0.002 0.174 0 0.002 0.002 0.104 0.001 0.002 0 0.117 0 0.004 0 0 0.005 0.002 0 0.011 0 0 0.001 0.004;0.171 0 0.001 0 0.108 0 0.002 0 0 0.005 0.188 0.003 0 0.002 0.002 0.174 0 0.002 0.002 0 0.011 0 0 0.004 0 0.117 0.093 0 0.001 0.002 0.104 0.001 0.002 0 0.001 0.004;0.171 0 0 0.188 0.002 0.002 0 0.093 0.002 0 0 0.108 0 0.002 0.003 0.174 0 0.004 0 0.104 0.001 0.002 0.002 0.117 0 0.002 0.001 0 0.005 0 0 0.011 0 0.001 0.001 0.004;
0.188 0 0.001 0.242 0.005 0.002 0.001 0.051 0 0.003 0.001 0.11 0 0.003 0.002 0.193 0.001 0.001 0 0.117 0.002 0.001 0.001 0.056 0.002 0.002 0 0 0.001 0.004 0 0.004 0 0.001 0 0.005;0.188 0 0.001 0.001 0.11 0 0.003 0 0 0.001 0.242 0.005 0.002 0.001 0.002 0.193 0.001 0.001 0.004 0 0.004 0 0.001 0.002 0.002 0.056 0.051 0 0.003 0 0.117 0.002 0.001 0.001 0 0.005;0.188 0.001 0 0.242 0.002 0.004 0.001 0.051 0 0.001 0 0.11 0 0.003 0.005 0.193 0 0.002 0 0.117 0 0.001 0.001 0.056 0 0.001 0.001 0 0.001 0.002 0.001 0.004 0.002 0.003 0.002 0.005;
0.145 0 0.004 0.18 0.001 0.002 0.001 0.052 0.003 0.002 0.004 0.121 0 0.002 0.002 0.183 0 0 0 0.095 0.001 0.001 0.002 0.069 0.001 0.001 0 0 0.015 0 0.001 0.058 0 0 0.001 0.053;0.145 0 0.004 0.004 0.121 0 0.002 0 0 0.015 0.18 0.001 0.002 0.001 0.002 0.183 0 0 0 0.001 0.058 0 0.002 0.001 0.001 0.069 0.052 0.003 0.002 0 0.095 0.001 0.001 0 0.001 0.053;0.145 0.004 0 0.18 0.002 0 0.002 0.052 0 0 0 0.121 0 0.002 0.001 0.183 0.001 0.001 0.003 0.095 0.001 0.001 0.001 0.069 0 0 0.004 0 0.015 0.002 0 0.058 0.001 0.002 0.001 0.053;
0.193 0.002 0 0.143 0.002 0.001 0 0.137 0 0.001 0.001 0.073 0.001 0 0 0.17 0 0.001 0 0.071 0 0 0 0.156 0 0.002 0.002 0 0.011 0.002 0.001 0.019 0.001 0 0 0.01;0.193 0.002 0 0.001 0.073 0.001 0 0.002 0 0.011 0.143 0.002 0.001 0 0 0.17 0 0.001 0.002 0.001 0.019 0.001 0 0.002 0 0.156 0.137 0 0.001 0 0.071 0 0 0 0 0.01;0.193 0.001 0.002 0.143 0 0.002 0 0.137 0 0 0.002 0.073 0 0 0.002 0.17 0.001 0.002 0 0.071 0 0 0 0.156 0.001 0.001 0 0.001 0.011 0.001 0 0.019 0 0.001 0 0.01;
0.151 0 0.002 0.217 0.001 0.002 0 0.077 0.002 0.004 0 0.101 0.001 0.001 0.002 0.152 0 0.002 0 0.132 0.001 0.001 0 0.095 0 0.006 0 0.001 0.01 0.002 0.001 0.02 0 0 0 0.016;0.151 0 0.002 0 0.101 0.001 0.001 0 0.001 0.01 0.217 0.001 0.002 0 0.002 0.152 0 0.002 0.002 0.001 0.02 0 0 0.006 0 0.095 0.077 0.002 0.004 0 0.132 0.001 0.001 0 0 0.016;0.151 0 0 0.217 0.002 0.002 0 0.077 0 0 0 0.101 0.001 0.001 0.001 0.152 0.001 0.006 0.002 0.132 0 0.001 0 0.095 0 0.002 0.002 0.001 0.01 0.002 0 0.02 0 0.004 0.001 0.016;
0.166 0 0.005 0.179 0.001 0.004 0 0.126 0.001 0.003 0 0.106 0 0.003 0 0.165 0.001 0.005 0.001 0.1 0 0.001 0 0.117 0 0.003 0.001 0 0.001 0.001 0 0.003 0 0.001 0 0.006;0.166 0 0.005 0 0.106 0 0.003 0.001 0 0.001 0.179 0.001 0.004 0 0 0.165 0.001 0.005 0.001 0 0.003 0 0 0.003 0 0.117 0.126 0.001 0.003 0.001 0.1 0 0.001 0.001 0 0.006;0.166 0 0.001 0.179 0 0.001 0 0.126 0.001 0.001 0 0.106 0 0.003 0.001 0.165 0 0.003 0.001 0.1 0 0.001 0 0.117 0 0.005 0.005 0 0.001 0.004 0.001 0.003 0 0.003 0 0.006;
0.196 0.002 0.002 0.199 0 0 0 0.012 0 0.006 0.001 0.117 0 0.006 0.001 0.212 0 0.001 0 0.128 0 0.003 0.001 0.014 0 0.006 0.001 0 0.003 0.006 0 0.036 0 0 0 0.047;0.196 0.002 0.002 0.001 0.117 0 0.006 0.001 0 0.003 0.199 0 0 0 0.001 0.212 0 0.001 0.006 0 0.036 0 0.001 0.006 0 0.014 0.012 0 0.006 0 0.128 0 0.003 0 0 0.047;0.196 0.001 0.001 0.199 0.001 0.006 0.001 0.012 0 0 0.002 0.117 0 0.006 0 0.212 0 0.006 0 0.128 0 0.003 0 0.014 0 0.001 0.002 0 0.003 0 0 0.036 0 0.006 0 0.047;
0.184 0.003 0.001 0.176 0.003 0.002 0 0.004 0.003 0.001 0 0.102 0 0.003 0.004 0.238 0.002 0 0 0.101 0 0.002 0.001 0.002 0.002 0.004 0.001 0 0.002 0.006 0 0.081 0 0 0 0.072;0.184 0.003 0.001 0 0.102 0 0.003 0.001 0 0.002 0.176 0.003 0.002 0 0.004 0.238 0.002 0 0.006 0 0.081 0 0.001 0.004 0.002 0.002 0.004 0.003 0.001 0 0.101 0 0.002 0 0 0.072;0.184 0 0.001 0.176 0.004 0.006 0.001 0.004 0 0 0.003 0.102 0 0.003 0.003 0.238 0 0.004 0.003 0.101 0 0.002 0 0.002 0 0 0.001 0 0.002 0.002 0.002 0.081 0.002 0.001 0 0.072;
0.178 0.001 0 0.211 0.004 0 0.005 0.089 0 0 0.002 0.106 0 0 0.002 0.161 0 0.002 0.001 0.11 0 0.002 0.003 0.092 0 0.002 0 0 0.001 0.003 0 0.017 0 0 0 0.008;0.178 0.001 0 0.002 0.106 0 0 0 0 0.001 0.211 0.004 0 0.005 0.002 0.161 0 0.002 0.003 0 0.017 0 0.003 0.002 0 0.092 0.089 0 0 0.001 0.11 0 0.002 0 0 0.008;0.178 0.002 0 0.211 0.002 0.003 0.003 0.089 0.001 0 0.001 0.106 0 0 0.004 0.161 0 0.002 0 0.11 0 0.002 0.005 0.092 0 0.002 0 0 0.001 0 0 0.017 0 0 0 0.008;
0.167 0.002 0.001 0.208 0.001 0.002 0.002 0.119 0.001 0.001 0.002 0.089 0 0.002 0.003 0.155 0.001 0.006 0 0.106 0 0.001 0 0.118 0 0.004 0 0.001 0.002 0.001 0.002 0.003 0 0 0 0;0.167 0.002 0.001 0.002 0.089 0 0.002 0 0.001 0.002 0.208 0.001 0.002 0.002 0.003 0.155 0.001 0.006 0.001 0.002 0.003 0 0 0.004 0 0.118 0.119 0.001 0.001 0 0.106 0 0.001 0 0 0;0.167 0.002 0 0.208 0.003 0.001 0 0.119 0 0 0.002 0.089 0.001 0.002 0.001 0.155 0.002 0.004 0.001 0.106 0 0.001 0.002 0.118 0 0.006 0.001 0 0.002 0.002 0.001 0.003 0 0.001 0 0;
0.173 0.003 0.002 0.207 0.004 0.003 0.001 0.083 0.003 0.002 0.002 0.104 0.001 0 0.002 0.17 0.001 0.003 0.002 0.095 0 0.002 0.002 0.072 0.002 0.001 0 0.001 0.007 0.001 0.001 0.031 0 0 0.002 0.017;0.173 0.003 0.002 0.002 0.104 0.001 0 0 0.001 0.007 0.207 0.004 0.003 0.001 0.002 0.17 0.001 0.003 0.001 0.001 0.031 0 0.002 0.001 0.002 0.072 0.083 0.003 0.002 0.002 0.095 0 0.002 0 0.002 0.017;0.173 0.002 0 0.207 0.002 0.001 0.002 0.083 0.002 0 0.003 0.104 0.001 0 0.004 0.17 0.001 0.001 0.003 0.095 0.002 0.002 0.001 0.072 0 0.003 0.002 0.001 0.007 0.003 0.001 0.031 0.002 0.002 0 0.017;
0.171 0.001 0.001 0.19 0.001 0.003 0.005 0.101 0.002 0.002 0 0.107 0 0 0.002 0.141 0.001 0.005 0.003 0.103 0 0.001 0.004 0.13 0 0 0 0 0.004 0 0.001 0.012 0.002 0 0 0.007;0.171 0.001 0.001 0 0.107 0 0 0 0 0.004 0.19 0.001 0.003 0.005 0.002 0.141 0.001 0.005 0 0.001 0.012 0.002 0.004 0 0 0.13 0.101 0.002 0.002 0.003 0.103 0 0.001 0 0 0.007;0.171 0 0 0.19 0.002 0 0.004 0.101 0.003 0 0.001 0.107 0 0 0.001 0.141 0.001 0 0.002 0.103 0 0.001 0.005 0.13 0.002 0.005 0.001 0 0.004 0.003 0.001 0.012 0 0.002 0 0.007;
0.199 0 0 0.233 0.001 0 0 0 0 0.001 0.002 0.111 0 0.001 0 0.234 0.002 0 0.001 0.129 0.001 0 0.002 0 0.002 0.002 0.002 0 0 0.002 0 0.038 0 0 0 0.037;0.199 0 0 0.002 0.111 0 0.001 0.002 0 0 0.233 0.001 0 0 0 0.234 0.002 0 0.002 0 0.038 0 0.002 0.002 0.002 0 0 0 0.001 0.001 0.129 0.001 0 0 0 0.037;0.199 0.002 0.002 0.233 0 0.002 0.002 0 0.001 0 0 0.111 0 0.001 0.001 0.234 0 0.002 0 0.129 0 0 0 0 0 0 0 0 0 0 0.002 0.038 0.002 0.001 0.001 0.037;
0.211 0.003 0.004 0.126 0.002 0 0.001 0.137 0.001 0.001 0.001 0.062 0.001 0 0.001 0.188 0.002 0.005 0 0.049 0.001 0.001 0 0.187 0 0.002 0.004 0 0.003 0 0 0.001 0 0.003 0 0.003;0.211 0.003 0.004 0.001 0.062 0.001 0 0.004 0 0.003 0.126 0.002 0 0.001 0.001 0.188 0.002 0.005 0 0 0.001 0 0 0.002 0 0.187 0.137 0.001 0.001 0 0.049 0.001 0.001 0.003 0 0.003;0.211 0.001 0.004 0.126 0.001 0 0 0.137 0 0.003 0.003 0.062 0 0 0.002 0.188 0 0.002 0.001 0.049 0 0.001 0.001 0.187 0 0.005 0.004 0.001 0.003 0 0.002 0.001 0 0.001 0.001 0.003;
0.157 0.002 0.002 0.196 0.001 0 0.002 0.062 0 0 0.001 0.123 0 0.001 0.002 0.183 0.003 0.001 0.002 0.112 0.004 0.002 0.001 0.075 0.002 0.002 0 0.001 0.006 0 0.001 0.033 0 0 0 0.023;0.157 0.002 0.002 0.001 0.123 0 0.001 0 0.001 0.006 0.196 0.001 0 0.002 0.002 0.183 0.003 0.001 0 0.001 0.033 0 0.001 0.002 0.002 0.075 0.062 0 0 0.002 0.112 0.004 0.002 0 0 0.023;0.157 0.001 0 0.196 0.002 0 0.001 0.062 0.002 0 0.002 0.123 0.001 0.001 0.001 0.183 0.001 0.002 0 0.112 0 0.002 0.002 0.075 0 0.001 0.002 0 0.006 0 0.003 0.033 0.002 0 0.004 0.023;
0.178 0 0.003 0.01 0.003 0 0.001 0.202 0 0.001 0 0.005 0 0 0 0.223 0 0.005 0.002 0.004 0.001 0 0 0.232 0 0.003 0.002 0 0.058 0 0.002 0.002 0.002 0.005 0 0.056;0.178 0 0.003 0 0.005 0 0 0.002 0 0.058 0.01 0.003 0 0.001 0 0.223 0 0.005 0 0.002 0.002 0.002 0 0.003 0 0.232 0.202 0 0.001 0.002 0.004 0.001 0 0.005 0 0.056;0.178 0 0.002 0.01 0 0 0 0.202 0.002 0.005 0 0.005 0 0 0.003 0.223 0.002 0.003 0 0.004 0 0 0.001 0.232 0.002 0.005 0.003 0 0.058 0 0 0.002 0 0.001 0.001 0.056;
0.143 0.001 0.002 0.188 0.002 0.002 0.001 0.018 0.001 0.001 0.001 0.111 0.001 0.001 0 0.207 0 0 0.001 0.12 0.002 0 0.002 0.029 0.001 0.003 0.001 0.001 0.011 0.001 0.001 0.069 0.001 0.005 0.002 0.07;0.143 0.001 0.002 0.001 0.111 0.001 0.001 0.001 0.001 0.011 0.188 0.002 0.002 0.001 0 0.207 0 0 0.001 0.001 0.069 0.001 0.002 0.003 0.001 0.029 0.018 0.001 0.001 0.001 0.12 0.002 0 0.005 0.002 0.07;0.143 0.001 0.001 0.188 0 0.001 0.002 0.018 0.001 0.005 0.001 0.111 0.001 0.001 0.002 0.207 0.001 0.003 0.001 0.12 0.002 0 0.001 0.029 0.001 0 0.002 0.001 0.011 0.002 0 0.069 0.001 0.001 0.002 0.07;
0.195 0 0.005 0.211 0 0.003 0 0.004 0 0.002 0.001 0.092 0 0.003 0 0.206 0 0.003 0 0.101 0.001 0.004 0 0.005 0.001 0.003 0 0 0.001 0.001 0 0.081 0 0.001 0 0.076;0.195 0 0.005 0.001 0.092 0 0.003 0 0 0.001 0.211 0 0.003 0 0 0.206 0 0.003 0.001 0 0.081 0 0 0.003 0.001 0.005 0.004 0 0.002 0 0.101 0.001 0.004 0.001 0 0.076;0.195 0.001 0 0.211 0 0.001 0 0.004 0 0.001 0 0.092 0 0.003 0 0.206 0 0.003 0 0.101 0 0.004 0 0.005 0 0.003 0.005 0 0.001 0.003 0 0.081 0.001 0.002 0.001 0.076;
0.176 0.002 0 0.153 0.004 0.002 0.001 0.029 0 0.001 0.002 0.118 0.002 0.002 0 0.214 0 0.002 0 0.123 0 0.003 0 0.036 0.001 0.003 0 0 0.01 0.002 0.001 0.066 0 0.001 0.002 0.044;0.176 0.002 0 0.002 0.118 0.002 0.002 0 0 0.01 0.153 0.004 0.002 0.001 0 0.214 0 0.002 0.002 0.001 0.066 0 0 0.003 0.001 0.036 0.029 0 0.001 0 0.123 0 0.003 0.001 0.002 0.044;0.176 0.002 0 0.153 0 0.002 0 0.029 0 0.001 0.002 0.118 0 0.002 0.004 0.214 0.001 0.003 0 0.123 0.002 0.003 0.001 0.036 0 0.002 0 0.002 0.01 0.002 0 0.066 0.001 0.001 0 0.044;
0.169 0.002 0.001 0.153 0.005 0.001 0 0.057 0.001 0 0.001 0.104 0 0.001 0.002 0.168 0.001 0.003 0.001 0.11 0.004 0 0.001 0.069 0 0.006 0.002 0.002 0.025 0.001 0 0.061 0 0 0 0.049;0.169 0.002 0.001 0.001 0.104 0 0.001 0.002 0.002 0.025 0.153 0.005 0.001 0 0.002 0.168 0.001 0.003 0.001 0 0.061 0 0.001 0.006 0 0.069 0.057 0.001 0 0.001 0.11 0.004 0 0 0 0.049;0.169 0.001 0.002 0.153 0.002 0.001 0.001 0.057 0.001 0 0.002 0.104 0.002 0.001 0.005 0.168 0 0.006 0.001 0.11 0 0 0 0.069 0 0.003 0.001 0 0.025 0.001 0.001 0.061 0 0 0.004 0.049;
0.193 0.003 0.002 0.178 0.002 0.001 0.001 0.012 0.002 0.001 0.002 0.12 0.001 0.002 0.001 0.214 0.001 0 0 0.123 0.001 0.001 0.004 0.011 0 0.002 0 0.001 0.004 0 0.002 0.056 0 0.001 0 0.058;0.193 0.003 0.002 0.002 0.12 0.001 0.002 0 0.001 0.004 0.178 0.002 0.001 0.001 0.001 0.214 0.001 0 0 0.002 0.056 0 0.004 0.002 0 0.011 0.012 0.002 0.001 0 0.123 0.001 0.001 0.001 0 0.058;0.193 0.002 0 0.178 0.001 0 0.004 0.012 0 0.001 0.003 0.12 0.001 0.002 0.002 0.214 0.002 0.002 0.002 0.123 0 0.001 0.001 0.011 0 0 0.002 0.001 0.004 0.001 0.001 0.056 0 0.001 0.001 0.058;
0.172 0.001 0.001 0.205 0 0.001 0 0.052 0 0.002 0.001 0.097 0 0.002 0 0.201 0 0.002 0 0.131 0 0.002 0.001 0.054 0 0.003 0 0 0.01 0.002 0 0.035 0 0.001 0.001 0.023;0.172 0.001 0.001 0.001 0.097 0 0.002 0 0 0.01 0.205 0 0.001 0 0 0.201 0 0.002 0.002 0 0.035 0 0.001 0.003 0 0.054 0.052 0 0.002 0 0.131 0 0.002 0.001 0.001 0.023;0.172 0.001 0 0.205 0 0.002 0.001 0.052 0 0.001 0.001 0.097 0 0.002 0 0.201 0 0.003 0 0.131 0.001 0.002 0 0.054 0 0.002 0.001 0 0.01 0.001 0 0.035 0 0.002 0 0.023;
0.154 0.001 0.001 0.101 0 0.002 0.001 0.104 0 0.002 0.001 0.048 0.001 0 0 0.196 0 0.004 0 0.063 0.002 0.001 0 0.153 0 0.004 0.001 0 0.052 0.002 0.001 0.039 0.001 0.003 0.001 0.061;0.154 0.001 0.001 0.001 0.048 0.001 0 0.001 0 0.052 0.101 0 0.002 0.001 0 0.196 0 0.004 0.002 0.001 0.039 0.001 0 0.004 0 0.153 0.104 0 0.002 0 0.063 0.002 0.001 0.003 0.001 0.061;0.154 0.001 0.001 0.101 0 0.002 0 0.104 0 0.003 0.001 0.048 0 0 0 0.196 0.001 0.004 0 0.063 0.001 0.001 0.001 0.153 0.001 0.004 0.001 0.001 0.052 0.002 0 0.039 0 0.002 0.002 0.061;
0.129 0 0.004 0.144 0 0.002 0 0.102 0 0.003 0.002 0.087 0.001 0.002 0.001 0.158 0 0.001 0 0.077 0.001 0.001 0.001 0.127 0 0.005 0.002 0 0.049 0 0 0.049 0 0.003 0 0.049;0.129 0 0.004 0.002 0.087 0.001 0.002 0.002 0 0.049 0.144 0 0.002 0 0.001 0.158 0 0.001 0 0 0.049 0 0.001 0.005 0 0.127 0.102 0 0.003 0 0.077 0.001 0.001 0.003 0 0.049;0.129 0.002 0.002 0.144 0.001 0 0.001 0.102 0 0.003 0 0.087 0 0.002 0 0.158 0 0.005 0 0.077 0 0.001 0 0.127 0 0.001 0.004 0.001 0.049 0.002 0 0.049 0 0.003 0.001 0.049;
0.135 0.001 0 0.171 0.001 0.001 0 0.077 0 0.002 0 0.088 0 0.001 0 0.171 0.001 0 0.001 0.091 0.001 0.001 0.002 0.094 0 0.003 0 0 0.024 0.001 0 0.077 0 0 0 0.056;0.135 0.001 0 0 0.088 0 0.001 0 0 0.024 0.171 0.001 0.001 0 0 0.171 0.001 0 0.001 0 0.077 0 0.002 0.003 0 0.094 0.077 0 0.002 0.001 0.091 0.001 0.001 0 0 0.056;0.135 0 0 0.171 0 0.001 0.002 0.077 0.001 0 0.001 0.088 0 0.001 0.001 0.171 0 0.003 0 0.091 0 0.001 0 0.094 0 0 0 0 0.024 0.001 0.001 0.077 0 0.002 0.001 0.056;
0.165 0 0 0.22 0.001 0.001 0.001 0.077 0.001 0.002 0 0.109 0 0.003 0 0.175 0 0.005 0.001 0.131 0 0.001 0.003 0.079 0 0 0.002 0 0.005 0.002 0.001 0.01 0 0.001 0 0.004;0.165 0 0 0 0.109 0 0.003 0.002 0 0.005 0.22 0.001 0.001 0.001 0 0.175 0 0.005 0.002 0.001 0.01 0 0.003 0 0 0.079 0.077 0.001 0.002 0.001 0.131 0 0.001 0.001 0 0.004;0.165 0 0.002 0.22 0 0.002 0.003 0.077 0.001 0.001 0 0.109 0 0.003 0.001 0.175 0.001 0 0.001 0.131 0 0.001 0.001 0.079 0 0.005 0 0 0.005 0.001 0 0.01 0 0.002 0 0.004;
0.173 0.001 0.002 0.181 0.001 0.001 0 0.017 0.003 0.003 0.001 0.074 0 0.001 0.001 0.167 0.001 0.001 0.001 0.078 0 0.001 0.001 0.009 0 0 0.001 0.002 0.009 0.003 0 0.134 0.002 0.002 0 0.129;0.173 0.001 0.002 0.001 0.074 0 0.001 0.001 0.002 0.009 0.181 0.001 0.001 0 0.001 0.167 0.001 0.001 0.003 0 0.134 0.002 0.001 0 0 0.009 0.017 0.003 0.003 0.001 0.078 0 0.001 0.002 0 0.129;0.173 0.001 0.001 0.181 0.001 0.003 0.001 0.017 0.001 0.002 0.001 0.074 0.002 0.001 0.001 0.167 0 0 0.003 0.078 0 0.001 0 0.009 0.002 0.001 0.002 0 0.009 0.001 0.001 0.134 0 0.003 0 0.129;
0.155 0.001 0 0.201 0.002 0 0.003 0.054 0 0 0.001 0.112 0 0 0.001 0.184 0 0 0.001 0.116 0 0.002 0.001 0.077 0.003 0.002 0.001 0.001 0.014 0.003 0 0.034 0 0 0 0.031;0.155 0.001 0 0.001 0.112 0 0 0.001 0.001 0.014 0.201 0.002 0 0.003 0.001 0.184 0 0 0.003 0 0.034 0 0.001 0.002 0.003 0.077 0.054 0 0 0.001 0.116 0 0.002 0 0 0.031;0.155 0.001 0.001 0.201 0.001 0.003 0.001 0.054 0.001 0 0.001 0.112 0.001 0 0.002 0.184 0 0.002 0 0.116 0 0.002 0.003 0.077 0 0 0 0 0.014 0 0 0.034 0.003 0 0 0.031;
0.173 0.006 0.003 0.21 0.003 0.001 0 0.05 0.003 0.002 0.002 0.098 0.002 0.001 0.001 0.198 0 0.002 0 0.114 0.001 0.005 0.001 0.057 0.001 0.001 0 0 0.004 0.002 0 0.035 0.001 0 0 0.023;0.173 0.006 0.003 0.002 0.098 0.002 0.001 0 0 0.004 0.21 0.003 0.001 0 0.001 0.198 0 0.002 0.002 0 0.035 0.001 0.001 0.001 0.001 0.057 0.05 0.003 0.002 0 0.114 0.001 0.005 0 0 0.023;0.173 0.002 0 0.21 0.001 0.002 0.001 0.05 0 0 0.006 0.098 0 0.001 0.003 0.198 0 0.001 0.003 0.114 0 0.005 0 0.057 0.001 0.002 0.003 0.002 0.004 0.001 0 0.035 0.001 0.002 0.001 0.023;
0.131 0 0.003 0.181 0 0.004 0.001 0.069 0 0.002 0.001 0.114 0.001 0.001 0 0.173 0.001 0.001 0.001 0.103 0 0.002 0.001 0.077 0 0.006 0.002 0 0.019 0.001 0 0.057 0 0.001 0.001 0.046;0.131 0 0.003 0.001 0.114 0.001 0.001 0.002 0 0.019 0.181 0 0.004 0.001 0 0.173 0.001 0.001 0.001 0 0.057 0 0.001 0.006 0 0.077 0.069 0 0.002 0.001 0.103 0 0.002 0.001 0.001 0.046;0.131 0.001 0.002 0.181 0 0.001 0.001 0.069 0.001 0.001 0 0.114 0 0.001 0 0.173 0 0.006 0 0.103 0.001 0.002 0.001 0.077 0 0.001 0.003 0.001 0.019 0.004 0.001 0.057 0 0.002 0 0.046;
0.181 0.001 0.001 0.201 0.002 0.001 0.002 0.038 0.001 0 0.001 0.112 0 0.002 0 0.2 0 0.001 0.001 0.121 0 0.005 0.002 0.051 0.001 0 0 0 0.007 0.001 0 0.034 0 0 0.001 0.032;0.181 0.001 0.001 0.001 0.112 0 0.002 0 0 0.007 0.201 0.002 0.001 0.002 0 0.2 0 0.001 0.001 0 0.034 0 0.002 0 0.001 0.051 0.038 0.001 0 0.001 0.121 0 0.005 0 0.001 0.032;0.181 0.001 0 0.201 0 0.001 0.002 0.038 0.001 0 0.001 0.112 0 0.002 0.002 0.2 0 0 0.001 0.121 0.001 0.005 0.002 0.051 0 0.001 0.001 0 0.007 0.001 0 0.034 0.001 0 0 0.032;
0.114 0 0.003 0.168 0.002 0.001 0.002 0.071 0.001 0.001 0.001 0.063 0 0.001 0 0.133 0 0.001 0.001 0.078 0.002 0.002 0.001 0.076 0.001 0.001 0.002 0.001 0.055 0 0 0.133 0 0.003 0 0.082;0.114 0 0.003 0.001 0.063 0 0.001 0.002 0.001 0.055 0.168 0.002 0.001 0.002 0 0.133 0 0.001 0 0 0.133 0 0.001 0.001 0.001 0.076 0.071 0.001 0.001 0.001 0.078 0.002 0.002 0.003 0 0.082;0.114 0.001 0.002 0.168 0 0 0.001 0.071 0.001 0.003 0 0.063 0.001 0.001 0.002 0.133 0 0.001 0.001 0.078 0 0.002 0.002 0.076 0 0.001 0.003 0 0.055 0.001 0 0.133 0.001 0.001 0.002 0.082;
0.129 0.001 0.001 0.162 0.002 0.002 0 0.108 0.001 0 0 0.095 0 0.001 0 0.188 0.001 0.004 0.002 0.099 0.002 0.001 0.003 0.114 0 0 0 0 0.021 0 0 0.04 0 0 0 0.023;0.129 0.001 0.001 0 0.095 0 0.001 0 0 0.021 0.162 0.002 0.002 0 0 0.188 0.001 0.004 0 0 0.04 0 0.003 0 0 0.114 0.108 0.001 0 0.002 0.099 0.002 0.001 0 0 0.023;0.129 0 0 0.162 0 0 0.003 0.108 0.002 0 0.001 0.095 0 0.001 0.002 0.188 0 0 0.001 0.099 0 0.001 0 0.114 0 0.004 0.001 0 0.021 0.002 0.001 0.04 0 0 0.002 0.023;
0.175 0.002 0.002 0.127 0 0.001 0.002 0.115 0.003 0.002 0.002 0.04 0 0.001 0.001 0.087 0 0 0 0.032 0.002 0 0.001 0.072 0 0 0.002 0.001 0.086 0.001 0.003 0.119 0.002 0.003 0.001 0.115;0.175 0.002 0.002 0.002 0.04 0 0.001 0.002 0.001 0.086 0.127 0 0.001 0.002 0.001 0.087 0 0 0.001 0.003 0.119 0.002 0.001 0 0 0.072 0.115 0.003 0.002 0 0.032 0.002 0 0.003 0.001 0.115;0.175 0.002 0.002 0.127 0.001 0.001 0.001 0.115 0 0.003 0.002 0.04 0.001 0.001 0 0.087 0.003 0 0.003 0.032 0.001 0 0.002 0.072 0.002 0 0.002 0 0.086 0.001 0 0.119 0 0.002 0.002 0.115;
0.185 0.002 0.003 0.203 0 0.005 0 0.046 0 0.002 0 0.131 0 0.006 0 0.186 0.001 0.005 0 0.108 0 0.002 0 0.052 0.001 0.002 0 0 0.005 0.001 0 0.035 0 0 0 0.019;0.185 0.002 0.003 0 0.131 0 0.006 0 0 0.005 0.203 0 0.005 0 0 0.186 0.001 0.005 0.001 0 0.035 0 0 0.002 0.001 0.052 0.046 0 0.002 0 0.108 0 0.002 0 0 0.019;0.185 0 0 0.203 0 0.001 0 0.046 0 0 0.002 0.131 0 0.006 0 0.186 0 0.002 0 0.108 0 0.002 0 0.052 0 0.005 0.003 0 0.005 0.005 0.001 0.035 0.001 0.002 0 0.019;
0.179 0.003 0.001 0.204 0.003 0.001 0.001 0.013 0 0.002 0.002 0.116 0 0.001 0 0.252 0 0.001 0.001 0.107 0 0.002 0.001 0.008 0.002 0.002 0.004 0.001 0.002 0.002 0.002 0.041 0 0 0 0.046;0.179 0.003 0.001 0.002 0.116 0 0.001 0.004 0.001 0.002 0.204 0.003 0.001 0.001 0 0.252 0 0.001 0.002 0.002 0.041 0 0.001 0.002 0.002 0.008 0.013 0 0.002 0.001 0.107 0 0.002 0 0 0.046;0.179 0.002 0.004 0.204 0 0.002 0.001 0.013 0.001 0 0.003 0.116 0.001 0.001 0.003 0.252 0.002 0.002 0 0.107 0 0.002 0.001 0.008 0 0.001 0.001 0 0.002 0.001 0 0.041 0.002 0.002 0 0.046;
0.153 0 0.001 0.191 0.007 0.001 0.001 0.053 0 0 0.002 0.115 0.001 0 0.002 0.16 0 0.003 0.003 0.099 0.002 0.003 0.001 0.095 0.002 0.001 0 0.001 0.019 0.001 0.001 0.047 0 0 0 0.035;0.153 0 0.001 0.002 0.115 0.001 0 0 0.001 0.019 0.191 0.007 0.001 0.001 0.002 0.16 0 0.003 0.001 0.001 0.047 0 0.001 0.001 0.002 0.095 0.053 0 0 0.003 0.099 0.002 0.003 0 0 0.035;0.153 0.002 0 0.191 0.002 0.001 0.001 0.053 0.003 0 0 0.115 0.001 0 0.007 0.16 0.001 0.001 0 0.099 0 0.003 0.001 0.095 0 0.003 0.001 0.001 0.019 0.001 0 0.047 0.002 0 0.002 0.035;
0.191 0.002 0.001 0.234 0.002 0.002 0 0.02 0.001 0.001 0.001 0.114 0 0.005 0.004 0.205 0 0 0 0.136 0 0 0.004 0.023 0 0.001 0 0 0.004 0 0.002 0.02 0 0 0.002 0.025;0.191 0.002 0.001 0.001 0.114 0 0.005 0 0 0.004 0.234 0.002 0.002 0 0.004 0.205 0 0 0 0.002 0.02 0 0.004 0.001 0 0.023 0.02 0.001 0.001 0 0.136 0 0 0 0.002 0.025;0.191 0.001 0 0.234 0.004 0 0.004 0.02 0 0 0.002 0.114 0 0.005 0.002 0.205 0.002 0.001 0.001 0.136 0.002 0 0 0.023 0 0 0.001 0 0.004 0.002 0 0.02 0 0.001 0 0.025;
0.128 0.002 0.002 0.158 0.002 0.001 0.003 0.097 0.002 0.002 0 0.093 0 0.001 0.003 0.176 0.001 0.002 0.001 0.112 0.001 0.001 0.001 0.109 0 0.002 0.001 0.001 0.026 0.001 0 0.042 0.001 0.002 0.001 0.025;0.128 0.002 0.002 0 0.093 0 0.001 0.001 0.001 0.026 0.158 0.002 0.001 0.003 0.003 0.176 0.001 0.002 0.001 0 0.042 0.001 0.001 0.002 0 0.109 0.097 0.002 0.002 0.001 0.112 0.001 0.001 0.002 0.001 0.025;0.128 0 0.001 0.158 0.003 0.001 0.001 0.097 0.001 0.002 0.002 0.093 0.001 0.001 0.002 0.176 0 0.002 0.002 0.112 0.001 0.001 0.003 0.109 0.001 0.002 0.002 0 0.026 0.001 0.001 0.042 0 0.002 0.001 0.025;
0.121 0.004 0.001 0.15 0 0.003 0.001 0.048 0.001 0.001 0.001 0.106 0 0.003 0.001 0.172 0.005 0.003 0 0.081 0 0.003 0.001 0.065 0.002 0.002 0 0.001 0.03 0.002 0 0.094 0.002 0 0 0.096;0.121 0.004 0.001 0.001 0.106 0 0.003 0 0.001 0.03 0.15 0 0.003 0.001 0.001 0.172 0.005 0.003 0.002 0 0.094 0.002 0.001 0.002 0.002 0.065 0.048 0.001 0.001 0 0.081 0 0.003 0 0 0.096;0.121 0.001 0 0.15 0.001 0.002 0.001 0.048 0 0 0.004 0.106 0.001 0.003 0 0.172 0 0.002 0.001 0.081 0 0.003 0.001 0.065 0.002 0.003 0.001 0 0.03 0.003 0.005 0.094 0.002 0.001 0 0.096;
0.158 0.002 0 0.166 0.002 0.001 0.005 0.044 0.002 0.002 0.002 0.105 0.001 0.001 0.003 0.203 0.001 0 0.002 0.11 0 0 0.002 0.042 0 0 0 0 0.017 0.002 0.001 0.081 0 0 0.003 0.042;0.158 0.002 0 0.002 0.105 0.001 0.001 0 0 0.017 0.166 0.002 0.001 0.005 0.003 0.203 0.001 0 0.002 0.001 0.081 0 0.002 0 0 0.042 0.044 0.002 0.002 0.002 0.11 0 0 0 0.003 0.042;0.158 0.002 0 0.166 0.003 0.002 0.002 0.044 0.002 0 0.002 0.105 0 0.001 0.002 0.203 0.001 0 0.002 0.11 0.003 0 0.005 0.042 0 0 0 0.001 0.017 0.001 0.001 0.081 0 0.002 0 0.042;
0.113 0.004 0 0.128 0 0 0.001 0.08 0.002 0.002 0.001 0.086 0.001 0.001 0 0.131 0 0.006 0 0.094 0.001 0.001 0.001 0.101 0 0.001 0.001 0 0.062 0.001 0 0.093 0.001 0 0.003 0.084;0.113 0.004 0 0.001 0.086 0.001 0.001 0.001 0 0.062 0.128 0 0 0.001 0 0.131 0 0.006 0.001 0 0.093 0.001 0.001 0.001 0 0.101 0.08 0.002 0.002 0 0.094 0.001 0.001 0 0.003 0.084;0.113 0.001 0.001 0.128 0 0.001 0.001 0.08 0 0 0.004 0.086 0 0.001 0 0.131 0 0.001 0.002 0.094 0.003 0.001 0.001 0.101 0.001 0.006 0 0.001 0.062 0 0 0.093 0 0.002 0.001 0.084;
0.159 0.002 0.003 0.192 0.003 0.001 0.001 0.015 0 0.002 0 0.103 0 0.001 0 0.21 0.003 0.001 0.001 0.096 0.001 0.002 0.001 0.022 0 0 0.003 0.001 0.011 0.002 0.001 0.083 0 0.001 0.001 0.078;0.159 0.002 0.003 0 0.103 0 0.001 0.003 0.001 0.011 0.192 0.003 0.001 0.001 0 0.21 0.003 0.001 0.002 0.001 0.083 0 0.001 0 0 0.022 0.015 0 0.002 0.001 0.096 0.001 0.002 0.001 0.001 0.078;0.159 0 0.003 0.192 0 0.002 0.001 0.015 0.001 0.001 0.002 0.103 0.001 0.001 0.003 0.21 0.001 0 0 0.096 0.001 0.002 0.001 0.022 0 0.001 0.003 0 0.011 0.001 0.003 0.083 0 0.002 0.001 0.078;
0.156 0.002 0 0.211 0.001 0 0.001 0.035 0.001 0.002 0.004 0.098 0.001 0.002 0.002 0.191 0 0.004 0.001 0.111 0 0.004 0.001 0.045 0 0.002 0 0 0.011 0.001 0.001 0.065 0 0.001 0 0.046;0.156 0.002 0 0.004 0.098 0.001 0.002 0 0 0.011 0.211 0.001 0 0.001 0.002 0.191 0 0.004 0.001 0.001 0.065 0 0.001 0.002 0 0.045 0.035 0.001 0.002 0.001 0.111 0 0.004 0.001 0 0.046;0.156 0.004 0 0.211 0.002 0.001 0.001 0.035 0.001 0.001 0.002 0.098 0 0.002 0.001 0.191 0.001 0.002 0.001 0.111 0 0.004 0.001 0.045 0 0.004 0 0.001 0.011 0 0 0.065 0 0.002 0 0.046;
0.143 0.002 0.002 0.156 0.004 0.002 0 0.04 0.001 0 0 0.102 0 0.005 0.002 0.174 0.001 0.004 0 0.108 0.002 0 0.002 0.043 0 0.001 0.003 0 0.023 0.004 0.002 0.104 0 0 0.001 0.069;0.143 0.002 0.002 0 0.102 0 0.005 0.003 0 0.023 0.156 0.004 0.002 0 0.002 0.174 0.001 0.004 0.004 0.002 0.104 0 0.002 0.001 0 0.043 0.04 0.001 0 0 0.108 0.002 0 0 0.001 0.069;0.143 0 0.003 0.156 0.002 0.004 0.002 0.04 0 0 0.002 0.102 0 0.005 0.004 0.174 0.002 0.001 0.001 0.108 0.001 0 0 0.043 0 0.004 0.002 0 0.023 0.002 0.001 0.104 0 0 0.002 0.069;
0.136 0.004 0.004 0.199 0.001 0.002 0.001 0.075 0.001 0 0.001 0.11 0 0.001 0.002 0.193 0 0.001 0.001 0.108 0 0.001 0.001 0.082 0 0.002 0.001 0 0.012 0.002 0.001 0.031 0 0.001 0 0.026;0.136 0.004 0.004 0.001 0.11 0 0.001 0.001 0 0.012 0.199 0.001 0.002 0.001 0.002 0.193 0 0.001 0.002 0.001 0.031 0 0.001 0.002 0 0.082 0.075 0.001 0 0.001 0.108 0 0.001 0.001 0 0.026;0.136 0.001 0.001 0.199 0.002 0.002 0.001 0.075 0.001 0.001 0.004 0.11 0 0.001 0.001 0.193 0.001 0.002 0.001 0.108 0 0.001 0.001 0.082 0 0.001 0.004 0 0.012 0.002 0 0.031 0 0 0 0.026;
0.179 0.001 0 0.031 0.001 0.002 0.002 0.132 0.002 0.001 0.002 0.02 0.001 0 0 0.215 0 0.001 0 0.022 0.001 0 0.001 0.182 0.001 0.002 0.003 0.002 0.086 0 0.001 0.017 0.002 0 0.001 0.089;0.179 0.001 0 0.002 0.02 0.001 0 0.003 0.002 0.086 0.031 0.001 0.002 0.002 0 0.215 0 0.001 0 0.001 0.017 0.002 0.001 0.002 0.001 0.182 0.132 0.002 0.001 0 0.022 0.001 0 0 0.001 0.089;0.179 0.002 0.003 0.031 0 0 0.001 0.132 0 0 0.001 0.02 0.002 0 0.001 0.215 0.001 0.002 0.002 0.022 0.001 0 0.002 0.182 0.002 0.001 0 0.001 0.086 0.002 0 0.017 0.001 0.001 0.001 0.089;
0.195 0.002 0.001 0.159 0 0.003 0.001 0.121 0.001 0 0 0.091 0 0.004 0.001 0.163 0 0.004 0.002 0.094 0 0.001 0.004 0.145 0 0.005 0.001 0 0 0 0.001 0 0.001 0 0 0;0.195 0.002 0.001 0 0.091 0 0.004 0.001 0 0 0.159 0 0.003 0.001 0.001 0.163 0 0.004 0 0.001 0 0.001 0.004 0.005 0 0.145 0.121 0.001 0 0.002 0.094 0 0.001 0 0 0;0.195 0 0.001 0.159 0.001 0 0.004 0.121 0.002 0 0.002 0.091 0 0.004 0 0.163 0.001 0.005 0.001 0.094 0 0.001 0.001 0.145 0.001 0.004 0.001 0 0 0.003 0 0 0 0 0 0;
0.182 0.002 0 0.197 0.002 0.003 0 0.032 0.001 0 0.001 0.12 0 0 0 0.234 0.002 0.001 0 0.092 0 0.002 0.001 0.042 0.001 0.003 0.006 0 0.009 0.001 0.001 0.041 0.001 0 0 0.023;0.182 0.002 0 0.001 0.12 0 0 0.006 0 0.009 0.197 0.002 0.003 0 0 0.234 0.002 0.001 0.001 0.001 0.041 0.001 0.001 0.003 0.001 0.042 0.032 0.001 0 0 0.092 0 0.002 0 0 0.023;0.182 0.001 0.006 0.197 0 0.001 0.001 0.032 0 0 0.002 0.12 0 0 0.002 0.234 0.001 0.003 0.001 0.092 0 0.002 0 0.042 0.001 0.001 0 0 0.009 0.003 0.002 0.041 0.001 0 0 0.023;
0.197 0 0 0.208 0 0.003 0 0.023 0.001 0.004 0.001 0.125 0 0.004 0.004 0.187 0 0.001 0.003 0.108 0 0.003 0.001 0.032 0 0.003 0 0 0.002 0 0 0.049 0.001 0 0.002 0.038;0.197 0 0 0.001 0.125 0 0.004 0 0 0.002 0.208 0 0.003 0 0.004 0.187 0 0.001 0 0 0.049 0.001 0.001 0.003 0 0.032 0.023 0.001 0.004 0.003 0.108 0 0.003 0 0.002 0.038;0.197 0.001 0 0.208 0.004 0 0.001 0.023 0.003 0 0 0.125 0 0.004 0 0.187 0 0.003 0.001 0.108 0.002 0.003 0 0.032 0.001 0.001 0 0 0.002 0.003 0 0.049 0 0.004 0 0.038;
0.162 0.002 0.003 0.159 0.001 0.003 0.001 0.005 0.002 0.001 0.004 0.111 0 0.002 0.002 0.193 0.001 0.001 0 0.101 0.001 0.002 0 0.005 0 0.003 0.002 0.001 0.003 0.003 0.002 0.113 0 0 0 0.111;0.162 0.002 0.003 0.004 0.111 0 0.002 0.002 0.001 0.003 0.159 0.001 0.003 0.001 0.002 0.193 0.001 0.001 0.003 0.002 0.113 0 0 0.003 0 0.005 0.005 0.002 0.001 0 0.101 0.001 0.002 0 0 0.111;0.162 0.004 0.002 0.159 0.002 0.003 0 0.005 0 0 0.002 0.111 0.001 0.002 0.001 0.193 0.002 0.003 0.002 0.101 0 0.002 0.001 0.005 0 0.001 0.003 0 0.003 0.003 0.001 0.113 0 0.001 0.001 0.111;
0.183 0 0.002 0.243 0.002 0.003 0.001 0.08 0 0.002 0.002 0.109 0.001 0.001 0.002 0.172 0.001 0.004 0 0.113 0.001 0.004 0.001 0.06 0 0.005 0 0 0.001 0 0 0.002 0 0 0.004 0.001;0.183 0 0.002 0.002 0.109 0.001 0.001 0 0 0.001 0.243 0.002 0.003 0.001 0.002 0.172 0.001 0.004 0 0 0.002 0 0.001 0.005 0 0.06 0.08 0 0.002 0 0.113 0.001 0.004 0 0.004 0.001;0.183 0.002 0 0.243 0.002 0 0.001 0.08 0 0 0 0.109 0 0.001 0.002 0.172 0 0.005 0 0.113 0.004 0.004 0.001 0.06 0 0.004 0.002 0.001 0.001 0.003 0.001 0.002 0 0.002 0.001 0.001];