pntP=[0.174 0.001 0.001 0.158 0.004 0.004 0.001 0.117 0.001 0.002 0.001 0.085 0 0.001 0.004 0.175 0.001 0.005 0 0.076 0 0 0 0.127 0 0.002 0 0 0.012 0 0 0.031 0 0 0.001 0.016;0.174 0.001 0.001 0.001 0.085 0 0.001 0 0 0.012 0.158 0.004 0.004 0.001 0.004 0.175 0.001 0.005 0 0 0.031 0 0 0.002 0 0.127 0.117 0.001 0.002 0 0.076 0 0 0 0.001 0.016;0.174 0.001 0 0.158 0.004 0 0 0.117 0 0 0.001 0.085 0 0.001 0.004 0.175 0 0.002 0.001 0.076 0.001 0 0.001 0.127 0 0.005 0.001 0 0.012 0.004 0.001 0.031 0 0.002 0 0.016;
0.175 0.001 0.002 0.213 0.002 0.006 0.001 0.031 0.002 0 0.002 0.115 0.002 0 0.001 0.191 0.001 0.002 0 0.108 0.002 0.001 0.001 0.031 0.001 0.001 0 0.001 0.005 0.004 0 0.049 0 0.001 0.002 0.046;0.175 0.001 0.002 0.002 0.115 0.002 0 0 0.001 0.005 0.213 0.002 0.006 0.001 0.001 0.191 0.001 0.002 0.004 0 0.049 0 0.001 0.001 0.001 0.031 0.031 0.002 0 0 0.108 0.002 0.001 0.001 0.002 0.046;0.175 0.002 0 0.213 0.001 0.004 0.001 0.031 0 0.001 0.001 0.115 0.001 0 0.002 0.191 0 0.001 0.002 0.108 0.002 0.001 0.001 0.031 0 0.002 0.002 0.002 0.005 0.006 0.001 0.049 0.001 0 0.002 0.046;
0.194 0.001 0.005 0.203 0.001 0.008 0 0.087 0.001 0.006 0.001 0.021 0 0 0.001 0.045 0.001 0 0 0.024 0 0 0 0.021 0 0 0.002 0 0.067 0.003 0.008 0.132 0 0.003 0 0.165;0.194 0.001 0.005 0.001 0.021 0 0 0.002 0 0.067 0.203 0.001 0.008 0 0.001 0.045 0.001 0 0.003 0.008 0.132 0 0 0 0 0.021 0.087 0.001 0.006 0 0.024 0 0 0.003 0 0.165;0.194 0.001 0.002 0.203 0.001 0.003 0 0.087 0 0.003 0.001 0.021 0 0 0.001 0.045 0.008 0 0.001 0.024 0 0 0 0.021 0 0 0.005 0 0.067 0.008 0.001 0.132 0 0.006 0 0.165;
0.168 0.001 0.002 0.188 0.003 0.003 0 0.034 0.002 0.002 0.004 0.12 0 0 0.001 0.219 0 0.001 0 0.099 0.001 0.003 0.001 0.054 0.001 0.001 0.001 0.001 0.007 0.004 0 0.04 0.001 0.001 0 0.037;0.168 0.001 0.002 0.004 0.12 0 0 0.001 0.001 0.007 0.188 0.003 0.003 0 0.001 0.219 0 0.001 0.004 0 0.04 0.001 0.001 0.001 0.001 0.054 0.034 0.002 0.002 0 0.099 0.001 0.003 0.001 0 0.037;0.168 0.004 0.001 0.188 0.001 0.004 0.001 0.034 0 0.001 0.001 0.12 0.001 0 0.003 0.219 0 0.001 0.002 0.099 0 0.003 0 0.054 0.001 0.001 0.002 0 0.007 0.003 0 0.04 0.001 0.002 0.001 0.037;
0.173 0.003 0.001 0.059 0.005 0 0.002 0.154 0.001 0.004 0.002 0.018 0.002 0 0.001 0.14 0.002 0.005 0 0.028 0.001 0 0 0.122 0 0.002 0.001 0.003 0.098 0.001 0.001 0.04 0.001 0.001 0.002 0.127;0.173 0.003 0.001 0.002 0.018 0.002 0 0.001 0.003 0.098 0.059 0.005 0 0.002 0.001 0.14 0.002 0.005 0.001 0.001 0.04 0.001 0 0.002 0 0.122 0.154 0.001 0.004 0 0.028 0.001 0 0.001 0.002 0.127;0.173 0.002 0.001 0.059 0.001 0.001 0 0.154 0 0.001 0.003 0.018 0.003 0 0.005 0.14 0.001 0.002 0.001 0.028 0.002 0 0.002 0.122 0.001 0.005 0.001 0.002 0.098 0 0.002 0.04 0 0.004 0.001 0.127;
0.202 0.001 0.001 0.233 0.002 0.002 0 0.034 0 0.002 0 0.132 0 0.003 0 0.232 0.001 0.006 0.001 0.113 0.001 0.003 0 0.028 0 0 0.001 0.001 0 0 0.001 0 0 0 0 0;0.202 0.001 0.001 0 0.132 0 0.003 0.001 0.001 0 0.233 0.002 0.002 0 0 0.232 0.001 0.006 0 0.001 0 0 0 0 0 0.028 0.034 0 0.002 0.001 0.113 0.001 0.003 0 0 0;0.202 0 0.001 0.233 0 0 0 0.034 0.001 0 0.001 0.132 0.001 0.003 0.002 0.232 0.001 0 0 0.113 0 0.003 0 0.028 0 0.006 0.001 0 0 0.002 0.001 0 0 0.002 0.001 0;
0.226 0 0.002 0.227 0.001 0 0 0.027 0 0.001 0 0.131 0 0.003 0.001 0.215 0.001 0.001 0 0.108 0.001 0.001 0 0.025 0 0.003 0.004 0 0.002 0.002 0 0.008 0 0 0 0.01;0.226 0 0.002 0 0.131 0 0.003 0.004 0 0.002 0.227 0.001 0 0 0.001 0.215 0.001 0.001 0.002 0 0.008 0 0 0.003 0 0.025 0.027 0 0.001 0 0.108 0.001 0.001 0 0 0.01;0.226 0 0.004 0.227 0.001 0.002 0 0.027 0 0 0 0.131 0 0.003 0.001 0.215 0 0.003 0 0.108 0 0.001 0 0.025 0 0.001 0.002 0 0.002 0 0.001 0.008 0 0.001 0.001 0.01;
0.178 0.004 0 0.195 0.003 0.002 0.004 0.021 0.002 0.001 0 0.095 0 0.004 0.003 0.207 0.002 0 0 0.098 0 0.002 0.001 0.015 0.001 0.002 0.003 0.002 0.008 0.004 0.001 0.072 0 0 0 0.07;0.178 0.004 0 0 0.095 0 0.004 0.003 0.002 0.008 0.195 0.003 0.002 0.004 0.003 0.207 0.002 0 0.004 0.001 0.072 0 0.001 0.002 0.001 0.015 0.021 0.002 0.001 0 0.098 0 0.002 0 0 0.07;0.178 0 0.003 0.195 0.003 0.004 0.001 0.021 0 0 0.004 0.095 0.002 0.004 0.003 0.207 0.001 0.002 0.002 0.098 0 0.002 0.004 0.015 0 0 0 0 0.008 0.002 0.002 0.072 0.001 0.001 0 0.07;
0.119 0.001 0 0.167 0.006 0 0.001 0.068 0 0.002 0.003 0.112 0 0.002 0.001 0.186 0.003 0 0.002 0.099 0.003 0.002 0.002 0.098 0 0.003 0 0.001 0.016 0 0.001 0.061 0.001 0 0.002 0.038;0.119 0.001 0 0.003 0.112 0 0.002 0 0.001 0.016 0.167 0.006 0 0.001 0.001 0.186 0.003 0 0 0.001 0.061 0.001 0.002 0.003 0 0.098 0.068 0 0.002 0.002 0.099 0.003 0.002 0 0.002 0.038;0.119 0.003 0 0.167 0.001 0 0.002 0.068 0.002 0 0.001 0.112 0.001 0.002 0.006 0.186 0.001 0.003 0 0.099 0.002 0.002 0.001 0.098 0.001 0 0 0 0.016 0 0.003 0.061 0 0.002 0.003 0.038;
0.258 0.001 0.001 0.24 0.002 0.004 0 0.011 0 0 0.002 0.099 0 0.003 0 0.225 0 0.002 0 0.115 0 0.002 0.001 0.02 0.001 0.006 0 0 0 0.001 0 0.002 0 0 0 0.004;0.258 0.001 0.001 0.002 0.099 0 0.003 0 0 0 0.24 0.002 0.004 0 0 0.225 0 0.002 0.001 0 0.002 0 0.001 0.006 0.001 0.02 0.011 0 0 0 0.115 0 0.002 0 0 0.004;0.258 0.002 0 0.24 0 0.001 0.001 0.011 0 0 0.001 0.099 0 0.003 0.002 0.225 0 0.006 0 0.115 0 0.002 0 0.02 0 0.002 0.001 0 0 0.004 0 0.002 0.001 0 0 0.004;
0.156 0.003 0 0.172 0.003 0.001 0.001 0.011 0.001 0.002 0.002 0.102 0 0.001 0.003 0.205 0.001 0 0 0.113 0.005 0.001 0.001 0.023 0 0.002 0 0 0.008 0.001 0 0.094 0 0 0.001 0.087;0.156 0.003 0 0.002 0.102 0 0.001 0 0 0.008 0.172 0.003 0.001 0.001 0.003 0.205 0.001 0 0.001 0 0.094 0 0.001 0.002 0 0.023 0.011 0.001 0.002 0 0.113 0.005 0.001 0 0.001 0.087;0.156 0.002 0 0.172 0.003 0.001 0.001 0.011 0 0 0.003 0.102 0 0.001 0.003 0.205 0 0.002 0.001 0.113 0.001 0.001 0.001 0.023 0 0 0 0 0.008 0.001 0.001 0.094 0 0.002 0.005 0.087;
0.201 0.003 0 0.233 0.001 0.005 0.001 0.047 0.001 0.002 0.003 0.105 0 0.001 0.001 0.195 0.001 0 0.001 0.108 0 0 0.001 0.06 0 0.001 0 0 0.002 0 0.003 0.008 0 0 0 0.016;0.201 0.003 0 0.003 0.105 0 0.001 0 0 0.002 0.233 0.001 0.005 0.001 0.001 0.195 0.001 0 0 0.003 0.008 0 0.001 0.001 0 0.06 0.047 0.001 0.002 0.001 0.108 0 0 0 0 0.016;0.201 0.003 0 0.233 0.001 0 0.001 0.047 0.001 0 0.003 0.105 0 0.001 0.001 0.195 0.003 0.001 0.001 0.108 0 0 0.001 0.06 0 0 0 0 0.002 0.005 0.001 0.008 0 0.002 0 0.016;
0.124 0.003 0.002 0.17 0 0.003 0 0.067 0.001 0.003 0 0.109 0 0.002 0 0.187 0 0.003 0 0.107 0 0.001 0 0.079 0 0.004 0.002 0.001 0.026 0.002 0 0.053 0 0 0 0.051;0.124 0.003 0.002 0 0.109 0 0.002 0.002 0.001 0.026 0.17 0 0.003 0 0 0.187 0 0.003 0.002 0 0.053 0 0 0.004 0 0.079 0.067 0.001 0.003 0 0.107 0 0.001 0 0 0.051;0.124 0 0.002 0.17 0 0.002 0 0.067 0 0 0.003 0.109 0.001 0.002 0 0.187 0 0.004 0.001 0.107 0 0.001 0 0.079 0 0.003 0.002 0 0.026 0.003 0 0.053 0 0.003 0 0.051;
0.133 0.002 0.001 0.156 0.002 0.002 0.001 0.067 0.001 0.001 0.001 0.092 0 0.003 0.001 0.121 0 0.004 0 0.074 0.001 0.001 0 0.085 0 0.001 0.002 0.001 0.048 0.003 0.002 0.094 0.001 0 0.001 0.098;0.133 0.002 0.001 0.001 0.092 0 0.003 0.002 0.001 0.048 0.156 0.002 0.002 0.001 0.001 0.121 0 0.004 0.003 0.002 0.094 0.001 0 0.001 0 0.085 0.067 0.001 0.001 0 0.074 0.001 0.001 0 0.001 0.098;0.133 0.001 0.002 0.156 0.001 0.003 0 0.067 0 0 0.002 0.092 0.001 0.003 0.002 0.121 0.002 0.001 0.001 0.074 0.001 0.001 0.001 0.085 0.001 0.004 0.001 0 0.048 0.002 0 0.094 0 0.001 0.001 0.098;
0.169 0 0.001 0.202 0.004 0.004 0.002 0.075 0 0.001 0.002 0.091 0.002 0 0 0.184 0.001 0.001 0.001 0.11 0 0.003 0 0.082 0 0 0 0 0.012 0 0.001 0.027 0 0 0.002 0.023;0.169 0 0.001 0.002 0.091 0.002 0 0 0 0.012 0.202 0.004 0.004 0.002 0 0.184 0.001 0.001 0 0.001 0.027 0 0 0 0 0.082 0.075 0 0.001 0.001 0.11 0 0.003 0 0.002 0.023;0.169 0.002 0 0.202 0 0 0 0.075 0.001 0 0 0.091 0 0 0.004 0.184 0.001 0 0 0.11 0.002 0.003 0.002 0.082 0 0.001 0.001 0.002 0.012 0.004 0.001 0.027 0 0.001 0 0.023;
0.154 0.003 0.001 0.212 0.001 0.004 0 0.082 0.001 0.001 0.002 0.077 0.001 0.002 0.001 0.178 0 0.001 0 0.1 0.003 0.002 0.001 0.08 0.002 0 0.001 0 0.017 0.001 0 0.039 0.001 0 0 0.032;0.154 0.003 0.001 0.002 0.077 0.001 0.002 0.001 0 0.017 0.212 0.001 0.004 0 0.001 0.178 0 0.001 0.001 0 0.039 0.001 0.001 0 0.002 0.08 0.082 0.001 0.001 0 0.1 0.003 0.002 0 0 0.032;0.154 0.002 0.001 0.212 0.001 0.001 0.001 0.082 0 0 0.003 0.077 0 0.002 0.001 0.178 0 0 0.001 0.1 0 0.002 0 0.08 0.001 0.001 0.001 0.001 0.017 0.004 0 0.039 0.002 0.001 0.003 0.032;
0.156 0.002 0.004 0.178 0.001 0.002 0 0.02 0 0.004 0 0.083 0.001 0.003 0.002 0.179 0 0.003 0 0.087 0 0.001 0.002 0.021 0 0.001 0.002 0 0.011 0.003 0 0.113 0 0.002 0.002 0.117;0.156 0.002 0.004 0 0.083 0.001 0.003 0.002 0 0.011 0.178 0.001 0.002 0 0.002 0.179 0 0.003 0.003 0 0.113 0 0.002 0.001 0 0.021 0.02 0 0.004 0 0.087 0 0.001 0.002 0.002 0.117;0.156 0 0.002 0.178 0.002 0.003 0.002 0.02 0 0.002 0.002 0.083 0 0.003 0.001 0.179 0 0.001 0 0.087 0.002 0.001 0 0.021 0 0.003 0.004 0.001 0.011 0.002 0 0.113 0 0.004 0 0.117;
0.124 0 0.001 0.202 0.004 0.003 0 0.046 0.001 0.003 0.002 0.079 0 0.002 0 0.106 0 0.002 0.001 0.072 0.002 0.001 0 0.05 0 0.003 0.001 0.001 0.043 0 0 0.132 0.002 0.001 0 0.116;0.124 0 0.001 0.002 0.079 0 0.002 0.001 0.001 0.043 0.202 0.004 0.003 0 0 0.106 0 0.002 0 0 0.132 0.002 0 0.003 0 0.05 0.046 0.001 0.003 0.001 0.072 0.002 0.001 0.001 0 0.116;0.124 0.002 0.001 0.202 0 0 0 0.046 0.001 0.001 0 0.079 0.001 0.002 0.004 0.106 0 0.003 0.001 0.072 0 0.001 0 0.05 0.002 0.002 0.001 0 0.043 0.003 0 0.132 0 0.003 0.002 0.116;
0.153 0 0.003 0.163 0 0.003 0 0.113 0.002 0.002 0 0.036 0.001 0 0.001 0.059 0 0.001 0.001 0.041 0.001 0.001 0 0.056 0.002 0 0 0 0.081 0.002 0 0.14 0 0.002 0 0.136;0.153 0 0.003 0 0.036 0.001 0 0 0 0.081 0.163 0 0.003 0 0.001 0.059 0 0.001 0.002 0 0.14 0 0 0 0.002 0.056 0.113 0.002 0.002 0.001 0.041 0.001 0.001 0.002 0 0.136;0.153 0 0 0.163 0.001 0.002 0 0.113 0.001 0.002 0 0.036 0 0 0 0.059 0 0 0.002 0.041 0 0.001 0 0.056 0 0.001 0.003 0.001 0.081 0.003 0 0.14 0.002 0.002 0.001 0.136;
0.193 0 0.004 0.056 0.002 0.001 0 0.189 0.003 0.005 0.001 0.01 0.001 0 0 0.086 0 0.001 0.001 0.012 0.001 0 0.001 0.067 0 0 0.002 0 0.136 0.001 0 0.058 0 0.001 0 0.168;0.193 0 0.004 0.001 0.01 0.001 0 0.002 0 0.136 0.056 0.002 0.001 0 0 0.086 0 0.001 0.001 0 0.058 0 0.001 0 0 0.067 0.189 0.003 0.005 0.001 0.012 0.001 0 0.001 0 0.168;0.193 0.001 0.002 0.056 0 0.001 0.001 0.189 0.001 0.001 0 0.01 0 0 0.002 0.086 0 0 0.003 0.012 0 0 0 0.067 0 0.001 0.004 0.001 0.136 0.001 0 0.058 0 0.005 0.001 0.168;
0.152 0 0.002 0.18 0.001 0.002 0 0.02 0.002 0.003 0.001 0.099 0.001 0.004 0 0.175 0.001 0.001 0 0.103 0.001 0.001 0 0.027 0.001 0.002 0 0.001 0.022 0.001 0.001 0.077 0 0.002 0 0.117;0.152 0 0.002 0.001 0.099 0.001 0.004 0 0.001 0.022 0.18 0.001 0.002 0 0 0.175 0.001 0.001 0.001 0.001 0.077 0 0 0.002 0.001 0.027 0.02 0.002 0.003 0 0.103 0.001 0.001 0.002 0 0.117;0.152 0.001 0 0.18 0 0.001 0 0.02 0 0.002 0 0.099 0.001 0.004 0.001 0.175 0.001 0.002 0.002 0.103 0 0.001 0 0.027 0 0.001 0.002 0.001 0.022 0.002 0.001 0.077 0.001 0.003 0.001 0.117;
0.154 0.001 0.001 0.198 0.001 0.003 0 0.051 0.002 0.001 0.004 0.113 0.001 0.002 0.002 0.203 0.002 0 0.001 0.131 0.001 0 0 0.044 0.001 0.001 0 0 0.01 0.001 0.001 0.029 0.001 0 0.002 0.038;0.154 0.001 0.001 0.004 0.113 0.001 0.002 0 0 0.01 0.198 0.001 0.003 0 0.002 0.203 0.002 0 0.001 0.001 0.029 0.001 0 0.001 0.001 0.044 0.051 0.002 0.001 0.001 0.131 0.001 0 0 0.002 0.038;0.154 0.004 0 0.198 0.002 0.001 0 0.051 0.001 0 0.001 0.113 0 0.002 0.001 0.203 0.001 0.001 0.002 0.131 0.002 0 0 0.044 0.001 0 0.001 0.001 0.01 0.003 0.002 0.029 0.001 0.001 0.001 0.038;
0.183 0.001 0.002 0.213 0.002 0 0 0.049 0.001 0.004 0.001 0.029 0 0 0 0.057 0.002 0 0.001 0.041 0.001 0.001 0 0.02 0.003 0 0.002 0 0.046 0.004 0.001 0.173 0.001 0 0 0.162;0.183 0.001 0.002 0.001 0.029 0 0 0.002 0 0.046 0.213 0.002 0 0 0 0.057 0.002 0 0.004 0.001 0.173 0.001 0 0 0.003 0.02 0.049 0.001 0.004 0.001 0.041 0.001 0.001 0 0 0.162;0.183 0.001 0.002 0.213 0 0.004 0 0.049 0.001 0 0.001 0.029 0 0 0.002 0.057 0.001 0 0.001 0.041 0 0.001 0 0.02 0.001 0 0.002 0 0.046 0 0.002 0.173 0.003 0.004 0.001 0.162;
0.157 0 0 0.196 0.001 0.002 0.001 0.035 0 0 0.004 0.09 0.001 0 0 0.159 0.001 0.001 0 0.089 0.001 0.001 0 0.042 0.001 0.002 0.001 0.001 0.023 0.001 0.001 0.099 0.001 0.002 0.003 0.084;0.157 0 0 0.004 0.09 0.001 0 0.001 0.001 0.023 0.196 0.001 0.002 0.001 0 0.159 0.001 0.001 0.001 0.001 0.099 0.001 0 0.002 0.001 0.042 0.035 0 0 0 0.089 0.001 0.001 0.002 0.003 0.084;0.157 0.004 0.001 0.196 0 0.001 0 0.035 0 0.002 0 0.09 0.001 0 0.001 0.159 0.001 0.002 0 0.089 0.003 0.001 0.001 0.042 0.001 0.001 0 0.001 0.023 0.002 0.001 0.099 0.001 0 0.001 0.084;
0.182 0.001 0.002 0.166 0.004 0 0.002 0.122 0.002 0 0.003 0.086 0.001 0 0.001 0.185 0 0.001 0.001 0.09 0 0.001 0 0.126 0.002 0 0.001 0.001 0.004 0 0.001 0.006 0.001 0 0.001 0.007;0.182 0.001 0.002 0.003 0.086 0.001 0 0.001 0.001 0.004 0.166 0.004 0 0.002 0.001 0.185 0 0.001 0 0.001 0.006 0.001 0 0 0.002 0.126 0.122 0.002 0 0.001 0.09 0 0.001 0 0.001 0.007;0.182 0.003 0.001 0.166 0.001 0 0 0.122 0.001 0 0.001 0.086 0.001 0 0.004 0.185 0.001 0 0.002 0.09 0.001 0.001 0.002 0.126 0.001 0.001 0.002 0.001 0.004 0 0 0.006 0.002 0 0 0.007;
0.218 0.001 0 0.21 0.004 0.001 0.003 0.005 0.003 0.002 0.003 0.117 0 0.001 0.004 0.249 0.004 0 0 0.115 0.002 0 0.001 0.003 0 0.002 0 0 0 0.002 0.002 0.021 0 0 0.002 0.025;0.218 0.001 0 0.003 0.117 0 0.001 0 0 0 0.21 0.004 0.001 0.003 0.004 0.249 0.004 0 0.002 0.002 0.021 0 0.001 0.002 0 0.003 0.005 0.003 0.002 0 0.115 0.002 0 0 0.002 0.025;0.218 0.003 0 0.21 0.004 0.002 0.001 0.005 0 0 0.001 0.117 0 0.001 0.004 0.249 0.002 0.002 0.003 0.115 0.002 0 0.003 0.003 0 0 0 0 0 0.001 0.004 0.021 0 0.002 0.002 0.025;
0.146 0.001 0.001 0.162 0 0.001 0 0.071 0.004 0.001 0.001 0.065 0.001 0 0.001 0.125 0 0 0.002 0.095 0.003 0.001 0 0.051 0.001 0 0.001 0.001 0.05 0 0.002 0.128 0.001 0 0 0.084;0.146 0.001 0.001 0.001 0.065 0.001 0 0.001 0.001 0.05 0.162 0 0.001 0 0.001 0.125 0 0 0 0.002 0.128 0.001 0 0 0.001 0.051 0.071 0.004 0.001 0.002 0.095 0.003 0.001 0 0 0.084;0.146 0.001 0.001 0.162 0.001 0 0 0.071 0.002 0 0.001 0.065 0.001 0 0 0.125 0.002 0 0.004 0.095 0 0.001 0 0.051 0.001 0 0.001 0.001 0.05 0.001 0 0.128 0.001 0.001 0.003 0.084;
0.162 0.002 0.001 0.11 0.003 0.004 0.003 0.104 0 0 0.001 0.05 0.002 0 0.001 0.183 0 0 0 0.051 0 0.001 0.003 0.131 0 0.001 0.001 0.001 0.058 0.001 0.002 0.05 0.002 0.002 0 0.07;0.162 0.002 0.001 0.001 0.05 0.002 0 0.001 0.001 0.058 0.11 0.003 0.004 0.003 0.001 0.183 0 0 0.001 0.002 0.05 0.002 0.003 0.001 0 0.131 0.104 0 0 0 0.051 0 0.001 0.002 0 0.07;0.162 0.001 0.001 0.11 0.001 0.001 0.003 0.104 0 0.002 0.002 0.05 0.001 0 0.003 0.183 0.002 0.001 0 0.051 0 0.001 0.003 0.131 0.002 0 0.001 0.002 0.058 0.004 0 0.05 0 0 0 0.07;
0.198 0.004 0.002 0.207 0.001 0.004 0.003 0.066 0.001 0.002 0 0.108 0 0.006 0 0.183 0 0 0 0.095 0 0.003 0.001 0.071 0.001 0.004 0 0 0.003 0.002 0 0.018 0 0 0 0.017;0.198 0.004 0.002 0 0.108 0 0.006 0 0 0.003 0.207 0.001 0.004 0.003 0 0.183 0 0 0.002 0 0.018 0 0.001 0.004 0.001 0.071 0.066 0.001 0.002 0 0.095 0 0.003 0 0 0.017;0.198 0 0 0.207 0 0.002 0.001 0.066 0 0 0.004 0.108 0 0.006 0.001 0.183 0 0.004 0.001 0.095 0 0.003 0.003 0.071 0 0 0.002 0 0.003 0.004 0 0.018 0.001 0.002 0 0.017;
0.193 0.001 0.001 0.244 0.001 0.002 0.002 0.031 0 0.001 0.002 0.102 0 0 0.001 0.211 0.001 0 0 0.125 0.001 0 0 0.035 0 0.003 0 0.001 0.002 0 0.003 0.019 0 0 0.002 0.016;0.193 0.001 0.001 0.002 0.102 0 0 0 0.001 0.002 0.244 0.001 0.002 0.002 0.001 0.211 0.001 0 0 0.003 0.019 0 0 0.003 0 0.035 0.031 0 0.001 0 0.125 0.001 0 0 0.002 0.016;0.193 0.002 0 0.244 0.001 0 0 0.031 0 0 0.001 0.102 0.001 0 0.001 0.211 0.003 0.003 0 0.125 0.002 0 0.002 0.035 0 0 0.001 0 0.002 0.002 0.001 0.019 0 0.001 0.001 0.016;
0.198 0.003 0 0.186 0.001 0 0 0.007 0.001 0 0.001 0.123 0 0 0.001 0.239 0.003 0.001 0 0.123 0.003 0 0.004 0.008 0.001 0.002 0.002 0.001 0 0 0.003 0.052 0 0 0.003 0.034;0.198 0.003 0 0.001 0.123 0 0 0.002 0.001 0 0.186 0.001 0 0 0.001 0.239 0.003 0.001 0 0.003 0.052 0 0.004 0.002 0.001 0.008 0.007 0.001 0 0 0.123 0.003 0 0 0.003 0.034;0.198 0.001 0.002 0.186 0.001 0 0.004 0.007 0 0 0.003 0.123 0.001 0 0.001 0.239 0.003 0.002 0.001 0.123 0.003 0 0 0.008 0 0.001 0 0 0 0 0.003 0.052 0.001 0 0.003 0.034;
0.121 0.005 0 0.171 0.002 0.002 0.001 0.034 0.002 0.001 0.001 0.125 0 0 0 0.16 0.001 0.001 0.002 0.097 0 0.003 0.001 0.066 0 0.002 0.002 0.001 0.022 0 0.002 0.096 0.001 0 0.003 0.075;0.121 0.005 0 0.001 0.125 0 0 0.002 0.001 0.022 0.171 0.002 0.002 0.001 0 0.16 0.001 0.001 0 0.002 0.096 0.001 0.001 0.002 0 0.066 0.034 0.002 0.001 0.002 0.097 0 0.003 0 0.003 0.075;0.121 0.001 0.002 0.171 0 0 0.001 0.034 0.002 0 0.005 0.125 0.001 0 0.002 0.16 0.002 0.002 0.002 0.097 0.003 0.003 0.001 0.066 0.001 0.001 0 0 0.022 0.002 0.001 0.096 0 0.001 0 0.075;
0.135 0.001 0 0.124 0 0.001 0.003 0.094 0.002 0 0.001 0.077 0.002 0 0.003 0.163 0.001 0 0.004 0.076 0.004 0 0 0.128 0.002 0.001 0.001 0.001 0.042 0 0 0.056 0.001 0 0 0.077;0.135 0.001 0 0.001 0.077 0.002 0 0.001 0.001 0.042 0.124 0 0.001 0.003 0.003 0.163 0.001 0 0 0 0.056 0.001 0 0.001 0.002 0.128 0.094 0.002 0 0.004 0.076 0.004 0 0 0 0.077;0.135 0.001 0.001 0.124 0.003 0 0 0.094 0.004 0 0.001 0.077 0.001 0 0 0.163 0 0.001 0.002 0.076 0 0 0.003 0.128 0.001 0 0 0.002 0.042 0.001 0.001 0.056 0.002 0 0.004 0.077;
0.183 0.001 0.001 0.22 0.003 0.004 0.004 0.09 0.002 0.001 0.002 0.104 0 0.002 0 0.169 0.002 0 0.001 0.106 0 0.001 0.002 0.098 0 0 0 0.001 0 0 0 0 0 0.002 0.001 0;0.183 0.001 0.001 0.002 0.104 0 0.002 0 0.001 0 0.22 0.003 0.004 0.004 0 0.169 0.002 0 0 0 0 0 0.002 0 0 0.098 0.09 0.002 0.001 0.001 0.106 0 0.001 0.002 0.001 0;0.183 0.002 0 0.22 0 0 0.002 0.09 0.001 0.002 0.001 0.104 0.001 0.002 0.003 0.169 0 0 0.002 0.106 0.001 0.001 0.004 0.098 0 0 0.001 0 0 0.004 0.002 0 0 0.001 0 0;
0.171 0 0.001 0.058 0.002 0.001 0.003 0.155 0 0.003 0.002 0.031 0.002 0 0 0.209 0.001 0.004 0.002 0.038 0.001 0 0.001 0.191 0.001 0 0.002 0.001 0.057 0 0.001 0.018 0.002 0 0.001 0.041;0.171 0 0.001 0.002 0.031 0.002 0 0.002 0.001 0.057 0.058 0.002 0.001 0.003 0 0.209 0.001 0.004 0 0.001 0.018 0.002 0.001 0 0.001 0.191 0.155 0 0.003 0.002 0.038 0.001 0 0 0.001 0.041;0.171 0.002 0.002 0.058 0 0 0.001 0.155 0.002 0 0 0.031 0.001 0 0.002 0.209 0.001 0 0 0.038 0.001 0 0.003 0.191 0.002 0.004 0.001 0.002 0.057 0.001 0.001 0.018 0.001 0.003 0.001 0.041;
0.198 0.003 0 0.223 0.004 0.003 0 0.045 0 0.001 0.002 0.114 0 0.001 0.002 0.193 0 0.002 0 0.106 0.002 0.003 0.003 0.049 0.001 0.003 0 0 0.007 0.001 0.002 0.018 0 0 0 0.014;0.198 0.003 0 0.002 0.114 0 0.001 0 0 0.007 0.223 0.004 0.003 0 0.002 0.193 0 0.002 0.001 0.002 0.018 0 0.003 0.003 0.001 0.049 0.045 0 0.001 0 0.106 0.002 0.003 0 0 0.014;0.198 0.002 0 0.223 0.002 0.001 0.003 0.045 0 0 0.003 0.114 0 0.001 0.004 0.193 0.002 0.003 0 0.106 0 0.003 0 0.049 0 0.002 0 0 0.007 0.003 0 0.018 0.001 0.001 0.002 0.014;
0.225 0.004 0.001 0.222 0.002 0.002 0 0.008 0 0 0.001 0.118 0.002 0.003 0 0.23 0.003 0 0.002 0.109 0.001 0 0 0.013 0 0.006 0 0 0.003 0.002 0 0.022 0 0 0 0.021;0.225 0.004 0.001 0.001 0.118 0.002 0.003 0 0 0.003 0.222 0.002 0.002 0 0 0.23 0.003 0 0.002 0 0.022 0 0 0.006 0 0.013 0.008 0 0 0.002 0.109 0.001 0 0 0 0.021;0.225 0.001 0 0.222 0 0.002 0 0.008 0.002 0 0.004 0.118 0 0.003 0.002 0.23 0 0.006 0 0.109 0 0 0 0.013 0 0 0.001 0.002 0.003 0.002 0.003 0.022 0 0 0.001 0.021;
0.179 0.001 0.003 0.184 0.002 0.003 0 0.047 0 0 0 0.107 0 0.002 0.003 0.224 0 0.001 0 0.132 0 0 0 0.04 0 0.005 0.003 0 0.004 0.002 0 0.033 0 0.001 0 0.024;0.179 0.001 0.003 0 0.107 0 0.002 0.003 0 0.004 0.184 0.002 0.003 0 0.003 0.224 0 0.001 0.002 0 0.033 0 0 0.005 0 0.04 0.047 0 0 0 0.132 0 0 0.001 0 0.024;0.179 0 0.003 0.184 0.003 0.002 0 0.047 0 0.001 0.001 0.107 0 0.002 0.002 0.224 0 0.005 0 0.132 0 0 0 0.04 0 0.001 0.003 0 0.004 0.003 0 0.033 0 0 0 0.024;
0.155 0.002 0.001 0.197 0.002 0.002 0.002 0.105 0.001 0.001 0.004 0.085 0 0.002 0.001 0.175 0.002 0 0.001 0.114 0.002 0 0 0.108 0.001 0 0.001 0 0.009 0 0 0.017 0 0.001 0 0.009;0.155 0.002 0.001 0.004 0.085 0 0.002 0.001 0 0.009 0.197 0.002 0.002 0.002 0.001 0.175 0.002 0 0 0 0.017 0 0 0 0.001 0.108 0.105 0.001 0.001 0.001 0.114 0.002 0 0.001 0 0.009;0.155 0.004 0.001 0.197 0.001 0 0 0.105 0.001 0.001 0.002 0.085 0 0.002 0.002 0.175 0 0 0.001 0.114 0 0 0.002 0.108 0 0 0.001 0 0.009 0.002 0.002 0.017 0.001 0.001 0.002 0.009;
0.158 0.002 0 0.158 0.001 0.003 0 0.042 0.003 0.002 0 0.091 0.004 0.001 0.003 0.165 0 0 0.003 0.095 0.002 0.001 0.001 0.051 0 0 0 0.002 0.024 0.001 0.003 0.107 0.002 0 0 0.075;0.158 0.002 0 0 0.091 0.004 0.001 0 0.002 0.024 0.158 0.001 0.003 0 0.003 0.165 0 0 0.001 0.003 0.107 0.002 0.001 0 0 0.051 0.042 0.003 0.002 0.003 0.095 0.002 0.001 0 0 0.075;0.158 0 0 0.158 0.003 0.001 0.001 0.042 0.003 0 0.002 0.091 0.002 0.001 0.001 0.165 0.003 0 0.003 0.095 0 0.001 0 0.051 0.002 0 0 0.004 0.024 0.003 0 0.107 0 0.002 0.002 0.075;
0.22 0.006 0.002 0.222 0.003 0.002 0 0.016 0.001 0.002 0.003 0.123 0 0.002 0.001 0.229 0 0.001 0 0.118 0 0.003 0.002 0.018 0 0.001 0 0 0 0 0 0.011 0 0 0 0.014;0.22 0.006 0.002 0.003 0.123 0 0.002 0 0 0 0.222 0.003 0.002 0 0.001 0.229 0 0.001 0 0 0.011 0 0.002 0.001 0 0.018 0.016 0.001 0.002 0 0.118 0 0.003 0 0 0.014;0.22 0.003 0 0.222 0.001 0 0.002 0.016 0 0 0.006 0.123 0 0.002 0.003 0.229 0 0.001 0.001 0.118 0 0.003 0 0.018 0 0.001 0.002 0 0 0.002 0 0.011 0 0.002 0 0.014;
0.15 0.001 0.005 0.167 0.004 0.001 0 0.046 0.001 0.001 0.001 0.102 0 0.004 0.002 0.172 0 0 0.001 0.113 0.002 0 0.002 0.055 0.001 0.003 0 0.001 0.02 0 0 0.074 0.001 0 0 0.07;0.15 0.001 0.005 0.001 0.102 0 0.004 0 0.001 0.02 0.167 0.004 0.001 0 0.002 0.172 0 0 0 0 0.074 0.001 0.002 0.003 0.001 0.055 0.046 0.001 0.001 0.001 0.113 0.002 0 0 0 0.07;0.15 0.001 0 0.167 0.002 0 0.002 0.046 0.001 0 0.001 0.102 0.001 0.004 0.004 0.172 0 0.003 0.001 0.113 0 0 0 0.055 0.001 0 0.005 0 0.02 0.001 0 0.074 0.001 0.001 0.002 0.07;
0.184 0.001 0.001 0.125 0.002 0.003 0.001 0.151 0 0.002 0 0.061 0 0 0 0.197 0 0.001 0.003 0.065 0 0.001 0 0.12 0 0.002 0.001 0 0.024 0.003 0 0.02 0 0 0.001 0.031;0.184 0.001 0.001 0 0.061 0 0 0.001 0 0.024 0.125 0.002 0.003 0.001 0 0.197 0 0.001 0.003 0 0.02 0 0 0.002 0 0.12 0.151 0 0.002 0.003 0.065 0 0.001 0 0.001 0.031;0.184 0 0.001 0.125 0 0.003 0 0.151 0.003 0 0.001 0.061 0 0 0.002 0.197 0 0.002 0 0.065 0.001 0.001 0.001 0.12 0 0.001 0.001 0 0.024 0.003 0 0.02 0 0.002 0 0.031;
0.172 0.001 0.001 0.182 0 0.002 0.001 0.014 0 0 0.002 0.124 0.001 0 0.002 0.206 0.002 0.002 0.001 0.097 0.003 0.002 0 0.025 0 0.002 0 0.003 0.006 0.002 0.001 0.077 0 0 0.001 0.068;0.172 0.001 0.001 0.002 0.124 0.001 0 0 0.003 0.006 0.182 0 0.002 0.001 0.002 0.206 0.002 0.002 0.002 0.001 0.077 0 0 0.002 0 0.025 0.014 0 0 0.001 0.097 0.003 0.002 0 0.001 0.068;0.172 0.002 0 0.182 0.002 0.002 0 0.014 0.001 0 0.001 0.124 0.003 0 0 0.206 0.001 0.002 0 0.097 0.001 0.002 0.001 0.025 0 0.002 0.001 0.001 0.006 0.002 0.002 0.077 0 0 0.003 0.068;
0.171 0.001 0.002 0.188 0.001 0.001 0.001 0.1 0.005 0.002 0.001 0.08 0 0 0 0.16 0.001 0.002 0 0.109 0 0.003 0.001 0.119 0 0.003 0.001 0 0.013 0.001 0 0.019 0.001 0 0.001 0.013;0.171 0.001 0.002 0.001 0.08 0 0 0.001 0 0.013 0.188 0.001 0.001 0.001 0 0.16 0.001 0.002 0.001 0 0.019 0.001 0.001 0.003 0 0.119 0.1 0.005 0.002 0 0.109 0 0.003 0 0.001 0.013;0.171 0.001 0.001 0.188 0 0.001 0.001 0.1 0 0 0.001 0.08 0 0 0.001 0.16 0 0.003 0.005 0.109 0.001 0.003 0.001 0.119 0.001 0.002 0.002 0 0.013 0.001 0.001 0.019 0 0.002 0 0.013;
0.199 0.001 0.002 0.012 0.002 0 0 0.162 0.003 0.003 0.002 0.011 0.004 0 0.002 0.196 0.001 0.002 0 0.013 0 0 0.001 0.154 0.001 0.002 0.002 0 0.102 0.001 0.002 0.007 0 0.001 0.001 0.111;0.199 0.001 0.002 0.002 0.011 0.004 0 0.002 0 0.102 0.012 0.002 0 0 0.002 0.196 0.001 0.002 0.001 0.002 0.007 0 0.001 0.002 0.001 0.154 0.162 0.003 0.003 0 0.013 0 0 0.001 0.001 0.111;0.199 0.002 0.002 0.012 0.002 0.001 0.001 0.162 0 0.001 0.001 0.011 0 0 0.002 0.196 0.002 0.002 0.003 0.013 0.001 0 0 0.154 0 0.002 0.002 0.004 0.102 0 0.001 0.007 0.001 0.003 0 0.111;
0.163 0.003 0.001 0.173 0.003 0.003 0.001 0.072 0 0.001 0.001 0.12 0 0.001 0.003 0.162 0.001 0.001 0.004 0.087 0 0.001 0 0.097 0 0 0 0 0.02 0.003 0.003 0.042 0.001 0 0 0.033;0.163 0.003 0.001 0.001 0.12 0 0.001 0 0 0.02 0.173 0.003 0.003 0.001 0.003 0.162 0.001 0.001 0.003 0.003 0.042 0.001 0 0 0 0.097 0.072 0 0.001 0.004 0.087 0 0.001 0 0 0.033;0.163 0.001 0 0.173 0.003 0.003 0 0.072 0.004 0 0.003 0.12 0 0.001 0.003 0.162 0.003 0 0 0.087 0 0.001 0.001 0.097 0.001 0.001 0.001 0 0.02 0.003 0.001 0.042 0 0.001 0 0.033;
0.199 0.003 0.001 0.216 0.004 0.002 0 0.045 0.001 0.002 0 0.121 0.002 0.004 0.001 0.216 0.002 0.001 0 0.117 0.001 0.004 0.001 0.036 0 0.002 0.001 0 0.002 0.002 0 0.006 0 0 0 0.008;0.199 0.003 0.001 0 0.121 0.002 0.004 0.001 0 0.002 0.216 0.004 0.002 0 0.001 0.216 0.002 0.001 0.002 0 0.006 0 0.001 0.002 0 0.036 0.045 0.001 0.002 0 0.117 0.001 0.004 0 0 0.008;0.199 0 0.001 0.216 0.001 0.002 0.001 0.045 0 0 0.003 0.121 0 0.004 0.004 0.216 0 0.002 0.001 0.117 0 0.004 0 0.036 0 0.001 0.001 0.002 0.002 0.002 0.002 0.006 0 0.002 0.001 0.008;
0.215 0 0.004 0.239 0.001 0.004 0 0.056 0.001 0.002 0.003 0.116 0 0.002 0 0.172 0 0.002 0.001 0.101 0.001 0.005 0.001 0.055 0 0.004 0.005 0.001 0.001 0.001 0 0.003 0 0.001 0.001 0.002;0.215 0 0.004 0.003 0.116 0 0.002 0.005 0.001 0.001 0.239 0.001 0.004 0 0 0.172 0 0.002 0.001 0 0.003 0 0.001 0.004 0 0.055 0.056 0.001 0.002 0.001 0.101 0.001 0.005 0.001 0.001 0.002;0.215 0.003 0.005 0.239 0 0.001 0.001 0.056 0.001 0.001 0 0.116 0.001 0.002 0.001 0.172 0 0.004 0.001 0.101 0.001 0.005 0 0.055 0 0.002 0.004 0 0.001 0.004 0 0.003 0 0.002 0.001 0.002;
0.204 0.002 0.003 0.169 0.002 0.003 0.001 0.118 0 0.003 0.002 0.067 0.002 0 0 0.185 0 0.002 0.002 0.078 0.001 0.002 0.003 0.128 0 0.002 0.002 0 0.005 0.001 0.001 0.008 0 0 0 0.004;0.204 0.002 0.003 0.002 0.067 0.002 0 0.002 0 0.005 0.169 0.002 0.003 0.001 0 0.185 0 0.002 0.001 0.001 0.008 0 0.003 0.002 0 0.128 0.118 0 0.003 0.002 0.078 0.001 0.002 0 0 0.004;0.204 0.002 0.002 0.169 0 0.001 0.003 0.118 0.002 0 0.002 0.067 0 0 0.002 0.185 0.001 0.002 0 0.078 0 0.002 0.001 0.128 0 0.002 0.003 0.002 0.005 0.003 0 0.008 0 0.003 0.001 0.004;
0.14 0.001 0.001 0.162 0 0.003 0.001 0.048 0.001 0.002 0 0.083 0 0.001 0.001 0.157 0.001 0 0 0.093 0.002 0.005 0 0.069 0.001 0.001 0.001 0 0.038 0.002 0.001 0.099 0 0 0.001 0.085;0.14 0.001 0.001 0 0.083 0 0.001 0.001 0 0.038 0.162 0 0.003 0.001 0.001 0.157 0.001 0 0.002 0.001 0.099 0 0 0.001 0.001 0.069 0.048 0.001 0.002 0 0.093 0.002 0.005 0 0.001 0.085;0.14 0 0.001 0.162 0.001 0.002 0 0.048 0 0 0.001 0.083 0 0.001 0 0.157 0.001 0.001 0.001 0.093 0.001 0.005 0.001 0.069 0 0 0.001 0 0.038 0.003 0.001 0.099 0.001 0.002 0.002 0.085;
0.165 0.001 0.001 0.239 0.001 0.001 0 0.053 0 0.003 0.001 0.103 0 0.002 0.003 0.183 0.001 0.001 0.001 0.118 0.001 0.003 0.001 0.054 0 0.003 0.001 0.001 0.003 0.003 0 0.028 0 0.001 0 0.024;0.165 0.001 0.001 0.001 0.103 0 0.002 0.001 0.001 0.003 0.239 0.001 0.001 0 0.003 0.183 0.001 0.001 0.003 0 0.028 0 0.001 0.003 0 0.054 0.053 0 0.003 0.001 0.118 0.001 0.003 0.001 0 0.024;0.165 0.001 0.001 0.239 0.003 0.003 0.001 0.053 0.001 0.001 0.001 0.103 0.001 0.002 0.001 0.183 0 0.003 0 0.118 0 0.003 0 0.054 0 0.001 0.001 0 0.003 0.001 0.001 0.028 0 0.003 0.001 0.024;
0.137 0.001 0 0.216 0 0 0 0.074 0.002 0.002 0.002 0.122 0.001 0.001 0.002 0.176 0.001 0 0 0.116 0 0 0 0.074 0.001 0.004 0.001 0 0.013 0.001 0 0.027 0 0.001 0 0.025;0.137 0.001 0 0.002 0.122 0.001 0.001 0.001 0 0.013 0.216 0 0 0 0.002 0.176 0.001 0 0.001 0 0.027 0 0 0.004 0.001 0.074 0.074 0.002 0.002 0 0.116 0 0 0.001 0 0.025;0.137 0.002 0.001 0.216 0.002 0.001 0 0.074 0 0.001 0.001 0.122 0 0.001 0 0.176 0 0.004 0.002 0.116 0 0 0 0.074 0 0 0 0.001 0.013 0 0.001 0.027 0.001 0.002 0 0.025;
0.2 0.002 0.001 0.199 0.001 0.006 0.001 0.001 0.001 0.003 0.002 0.068 0 0.001 0 0.14 0 0 0 0.062 0.001 0.001 0 0 0 0.001 0.001 0 0 0.005 0 0.151 0.002 0.001 0.003 0.146;0.2 0.002 0.001 0.002 0.068 0 0.001 0.001 0 0 0.199 0.001 0.006 0.001 0 0.14 0 0 0.005 0 0.151 0.002 0 0.001 0 0 0.001 0.001 0.003 0 0.062 0.001 0.001 0.001 0.003 0.146;0.2 0.002 0.001 0.199 0 0.005 0 0.001 0 0.001 0.002 0.068 0 0.001 0.001 0.14 0 0.001 0.001 0.062 0.003 0.001 0.001 0 0.002 0 0.001 0 0 0.006 0 0.151 0 0.003 0.001 0.146;
0.223 0.004 0.001 0.225 0.003 0.001 0 0.019 0.003 0 0.002 0.13 0 0.003 0.002 0.223 0.001 0.002 0.001 0.113 0 0.001 0 0.019 0.001 0.001 0 0 0 0.002 0 0.009 0 0 0.001 0.01;0.223 0.004 0.001 0.002 0.13 0 0.003 0 0 0 0.225 0.003 0.001 0 0.002 0.223 0.001 0.002 0.002 0 0.009 0 0 0.001 0.001 0.019 0.019 0.003 0 0.001 0.113 0 0.001 0 0.001 0.01;0.223 0.002 0 0.225 0.002 0.002 0 0.019 0.001 0 0.004 0.13 0 0.003 0.003 0.223 0 0.001 0.003 0.113 0.001 0.001 0 0.019 0 0.002 0.001 0 0 0.001 0.001 0.009 0.001 0 0 0.01;
0.167 0 0 0.168 0.001 0.005 0 0.034 0 0.003 0 0.119 0 0.003 0 0.173 0 0.001 0 0.114 0 0.001 0.002 0.036 0 0 0.001 0 0.009 0.003 0 0.088 0.001 0 0.002 0.069;0.167 0 0 0 0.119 0 0.003 0.001 0 0.009 0.168 0.001 0.005 0 0 0.173 0 0.001 0.003 0 0.088 0.001 0.002 0 0 0.036 0.034 0 0.003 0 0.114 0 0.001 0 0.002 0.069;0.167 0 0.001 0.168 0 0.003 0.002 0.034 0 0 0 0.119 0 0.003 0.001 0.173 0 0 0 0.114 0.002 0.001 0 0.036 0.001 0.001 0 0 0.009 0.005 0 0.088 0 0.003 0 0.069;
0.2 0.002 0 0.182 0.001 0.001 0 0.006 0.002 0 0.001 0.124 0 0.002 0.001 0.207 0.002 0.002 0 0.12 0.004 0.001 0 0.004 0 0.001 0.001 0 0.003 0.002 0.002 0.062 0 0.001 0 0.066;0.2 0.002 0 0.001 0.124 0 0.002 0.001 0 0.003 0.182 0.001 0.001 0 0.001 0.207 0.002 0.002 0.002 0.002 0.062 0 0 0.001 0 0.004 0.006 0.002 0 0 0.12 0.004 0.001 0.001 0 0.066;0.2 0.001 0.001 0.182 0.001 0.002 0 0.006 0 0.001 0.002 0.124 0 0.002 0.001 0.207 0.002 0.001 0.002 0.12 0 0.001 0 0.004 0 0.002 0 0 0.003 0.001 0.002 0.062 0 0 0.004 0.066;
0.149 0 0.001 0.094 0.003 0 0.001 0.102 0.003 0.002 0.002 0.056 0 0.001 0 0.155 0.001 0.002 0.001 0.049 0.002 0 0 0.108 0 0 0.003 0.002 0.081 0.001 0.001 0.073 0 0.002 0.001 0.104;0.149 0 0.001 0.002 0.056 0 0.001 0.003 0.002 0.081 0.094 0.003 0 0.001 0 0.155 0.001 0.002 0.001 0.001 0.073 0 0 0 0 0.108 0.102 0.003 0.002 0.001 0.049 0.002 0 0.002 0.001 0.104;0.149 0.002 0.003 0.094 0 0.001 0 0.102 0.001 0.002 0 0.056 0.002 0.001 0.003 0.155 0.001 0 0.003 0.049 0.001 0 0.001 0.108 0 0.002 0.001 0 0.081 0 0.001 0.073 0 0.002 0.002 0.104;
0.163 0.001 0.001 0.177 0.003 0 0.001 0.017 0.001 0.001 0 0.086 0.001 0.002 0.002 0.173 0.001 0 0 0.11 0.002 0.003 0 0.024 0.001 0.003 0.002 0 0.019 0.002 0.001 0.115 0.001 0 0 0.087;0.163 0.001 0.001 0 0.086 0.001 0.002 0.002 0 0.019 0.177 0.003 0 0.001 0.002 0.173 0.001 0 0.002 0.001 0.115 0.001 0 0.003 0.001 0.024 0.017 0.001 0.001 0 0.11 0.002 0.003 0 0 0.087;0.163 0 0.002 0.177 0.002 0.002 0 0.017 0 0 0.001 0.086 0 0.002 0.003 0.173 0.001 0.003 0.001 0.11 0 0.003 0.001 0.024 0.001 0 0.001 0.001 0.019 0 0.001 0.115 0.001 0.001 0.002 0.087;
0.172 0.003 0 0.223 0.004 0.001 0.001 0.077 0.003 0.003 0.001 0.101 0.001 0.002 0.002 0.185 0 0.002 0 0.115 0 0.002 0 0.072 0 0.001 0 0.001 0.002 0.001 0.001 0.013 0.001 0.001 0 0.009;0.172 0.003 0 0.001 0.101 0.001 0.002 0 0.001 0.002 0.223 0.004 0.001 0.001 0.002 0.185 0 0.002 0.001 0.001 0.013 0.001 0 0.001 0 0.072 0.077 0.003 0.003 0 0.115 0 0.002 0.001 0 0.009;0.172 0.001 0 0.223 0.002 0.001 0 0.077 0 0.001 0.003 0.101 0.001 0.002 0.004 0.185 0.001 0.001 0.003 0.115 0 0.002 0.001 0.072 0.001 0.002 0 0.001 0.002 0.001 0 0.013 0 0.003 0 0.009;
0.141 0.004 0.001 0.145 0.002 0.002 0 0.104 0.001 0.002 0.001 0.105 0 0.002 0 0.156 0.001 0 0 0.079 0 0.002 0 0.087 0.001 0.002 0.004 0 0.037 0.003 0 0.061 0.001 0.002 0 0.054;0.141 0.004 0.001 0.001 0.105 0 0.002 0.004 0 0.037 0.145 0.002 0.002 0 0 0.156 0.001 0 0.003 0 0.061 0.001 0 0.002 0.001 0.087 0.104 0.001 0.002 0 0.079 0 0.002 0.002 0 0.054;0.141 0.001 0.004 0.145 0 0.003 0 0.104 0 0.002 0.004 0.105 0 0.002 0.002 0.156 0 0.002 0.001 0.079 0 0.002 0 0.087 0.001 0 0.001 0 0.037 0.002 0.001 0.061 0.001 0.002 0 0.054;
0.173 0.001 0.001 0.199 0 0.005 0 0.037 0 0.002 0.001 0.08 0 0.002 0 0.181 0 0.002 0 0.091 0 0.003 0.001 0.029 0 0.002 0.002 0 0.014 0.003 0 0.086 0 0.001 0 0.084;0.173 0.001 0.001 0.001 0.08 0 0.002 0.002 0 0.014 0.199 0 0.005 0 0 0.181 0 0.002 0.003 0 0.086 0 0.001 0.002 0 0.029 0.037 0 0.002 0 0.091 0 0.003 0.001 0 0.084;0.173 0.001 0.002 0.199 0 0.003 0.001 0.037 0 0.001 0.001 0.08 0 0.002 0 0.181 0 0.002 0 0.091 0 0.003 0 0.029 0 0.002 0.001 0 0.014 0.005 0 0.086 0 0.002 0 0.084;
0.187 0.003 0.003 0.231 0.003 0.004 0 0.053 0 0 0 0.109 0.001 0.001 0.001 0.206 0 0.005 0.001 0.106 0 0.003 0.002 0.062 0.001 0.002 0.002 0 0 0.001 0.002 0.006 0 0 0 0.005;0.187 0.003 0.003 0 0.109 0.001 0.001 0.002 0 0 0.231 0.003 0.004 0 0.001 0.206 0 0.005 0.001 0.002 0.006 0 0.002 0.002 0.001 0.062 0.053 0 0 0.001 0.106 0 0.003 0 0 0.005;0.187 0 0.002 0.231 0.001 0.001 0.002 0.053 0.001 0 0.003 0.109 0 0.001 0.003 0.206 0.002 0.002 0 0.106 0 0.003 0 0.062 0 0.005 0.003 0.001 0 0.004 0 0.006 0.001 0 0 0.005;
0.166 0.002 0.001 0.199 0.001 0.001 0.001 0.036 0 0.002 0.002 0.117 0.001 0.003 0 0.225 0.001 0 0 0.112 0 0 0 0.04 0.002 0.001 0.002 0 0.006 0.001 0 0.035 0 0.001 0.001 0.041;0.166 0.002 0.001 0.002 0.117 0.001 0.003 0.002 0 0.006 0.199 0.001 0.001 0.001 0 0.225 0.001 0 0.001 0 0.035 0 0 0.001 0.002 0.04 0.036 0 0.002 0 0.112 0 0 0.001 0.001 0.041;0.166 0.002 0.002 0.199 0 0.001 0 0.036 0 0.001 0.002 0.117 0 0.003 0.001 0.225 0 0.001 0 0.112 0.001 0 0.001 0.04 0 0 0.001 0.001 0.006 0.001 0.001 0.035 0.002 0.002 0 0.041;
0.153 0 0 0.169 0.002 0.002 0 0.058 0.003 0.002 0.002 0.087 0 0.001 0 0.175 0 0.001 0 0.116 0 0.003 0.003 0.06 0 0 0.003 0 0.015 0.001 0.001 0.073 0.002 0 0.001 0.067;0.153 0 0 0.002 0.087 0 0.001 0.003 0 0.015 0.169 0.002 0.002 0 0 0.175 0 0.001 0.001 0.001 0.073 0.002 0.003 0 0 0.06 0.058 0.003 0.002 0 0.116 0 0.003 0 0.001 0.067;0.153 0.002 0.003 0.169 0 0.001 0.003 0.058 0 0 0 0.087 0 0.001 0.002 0.175 0.001 0 0.003 0.116 0.001 0.003 0 0.06 0.002 0.001 0 0 0.015 0.002 0 0.073 0 0.002 0 0.067;
0.125 0.001 0.002 0.178 0.004 0.002 0 0.048 0.001 0.001 0 0.104 0.002 0 0.001 0.154 0.002 0.001 0.002 0.092 0 0 0.005 0.071 0.001 0.003 0.002 0.001 0.025 0.001 0 0.1 0 0 0.002 0.069;0.125 0.001 0.002 0 0.104 0.002 0 0.002 0.001 0.025 0.178 0.004 0.002 0 0.001 0.154 0.002 0.001 0.001 0 0.1 0 0.005 0.003 0.001 0.071 0.048 0.001 0.001 0.002 0.092 0 0 0 0.002 0.069;0.125 0 0.002 0.178 0.001 0.001 0.005 0.048 0.002 0 0.001 0.104 0.001 0 0.004 0.154 0 0.003 0.001 0.092 0.002 0 0 0.071 0 0.001 0.002 0.002 0.025 0.002 0.002 0.1 0.001 0.001 0 0.069;
0.167 0.003 0 0.191 0.001 0.001 0.002 0.05 0.001 0.001 0 0.123 0 0 0 0.199 0 0.001 0 0.105 0 0.002 0.003 0.069 0.001 0.001 0.001 0.001 0.009 0.001 0.001 0.029 0.001 0 0 0.036;0.167 0.003 0 0 0.123 0 0 0.001 0.001 0.009 0.191 0.001 0.001 0.002 0 0.199 0 0.001 0.001 0.001 0.029 0.001 0.003 0.001 0.001 0.069 0.05 0.001 0.001 0 0.105 0 0.002 0 0 0.036;0.167 0 0.001 0.191 0 0.001 0.003 0.05 0 0 0.003 0.123 0.001 0 0.001 0.199 0.001 0.001 0.001 0.105 0 0.002 0.002 0.069 0.001 0.001 0 0 0.009 0.001 0 0.029 0.001 0.001 0 0.036;
0.142 0.002 0.001 0.153 0.002 0.001 0 0.059 0.002 0.002 0.001 0.076 0 0.003 0.001 0.136 0.001 0.001 0.001 0.078 0.001 0.001 0.003 0.077 0 0.003 0.002 0 0.053 0.001 0.001 0.125 0 0.001 0 0.07;0.142 0.002 0.001 0.001 0.076 0 0.003 0.002 0 0.053 0.153 0.002 0.001 0 0.001 0.136 0.001 0.001 0.001 0.001 0.125 0 0.003 0.003 0 0.077 0.059 0.002 0.002 0.001 0.078 0.001 0.001 0.001 0 0.07;0.142 0.001 0.002 0.153 0.001 0.001 0.003 0.059 0.001 0.001 0.002 0.076 0 0.003 0.002 0.136 0.001 0.003 0.002 0.078 0 0.001 0 0.077 0 0.001 0.001 0 0.053 0.001 0.001 0.125 0 0.002 0.001 0.07;
0.171 0 0.001 0.138 0.002 0.001 0 0.079 0 0.003 0.001 0.071 0 0.003 0 0.156 0 0.002 0.002 0.083 0 0 0 0.089 0 0 0 0.002 0.046 0 0.001 0.069 0.001 0.001 0.003 0.075;0.171 0 0.001 0.001 0.071 0 0.003 0 0.002 0.046 0.138 0.002 0.001 0 0 0.156 0 0.002 0 0.001 0.069 0.001 0 0 0 0.089 0.079 0 0.003 0.002 0.083 0 0 0.001 0.003 0.075;0.171 0.001 0 0.138 0 0 0 0.079 0.002 0.001 0 0.071 0.002 0.003 0.002 0.156 0.001 0 0 0.083 0.003 0 0 0.089 0.001 0.002 0.001 0 0.046 0.001 0 0.069 0 0.003 0 0.075;
0.166 0 0 0.185 0 0.002 0.001 0.144 0.002 0.002 0 0.089 0.001 0.001 0.001 0.173 0 0.006 0.002 0.091 0 0.001 0.001 0.115 0 0.002 0.003 0 0.003 0.002 0 0.001 0 0.001 0 0.005;0.166 0 0 0 0.089 0.001 0.001 0.003 0 0.003 0.185 0 0.002 0.001 0.001 0.173 0 0.006 0.002 0 0.001 0 0.001 0.002 0 0.115 0.144 0.002 0.002 0.002 0.091 0 0.001 0.001 0 0.005;0.166 0 0.003 0.185 0.001 0.002 0.001 0.144 0.002 0.001 0 0.089 0 0.001 0 0.173 0 0.002 0.002 0.091 0 0.001 0.001 0.115 0 0.006 0 0.001 0.003 0.002 0 0.001 0 0.002 0 0.005;
0.17 0.002 0.001 0.201 0.002 0.004 0 0.031 0 0.001 0.003 0.113 0 0.005 0 0.228 0.001 0.003 0.001 0.107 0.002 0 0 0.04 0.001 0.002 0.002 0.002 0.005 0.002 0.001 0.039 0 0.002 0 0.029;0.17 0.002 0.001 0.003 0.113 0 0.005 0.002 0.002 0.005 0.201 0.002 0.004 0 0 0.228 0.001 0.003 0.002 0.001 0.039 0 0 0.002 0.001 0.04 0.031 0 0.001 0.001 0.107 0.002 0 0.002 0 0.029;0.17 0.003 0.002 0.201 0 0.002 0 0.031 0.001 0.002 0.002 0.113 0.002 0.005 0.002 0.228 0.001 0.002 0 0.107 0 0 0 0.04 0 0.003 0.001 0 0.005 0.004 0.001 0.039 0.001 0.001 0.002 0.029;
0.182 0 0 0.187 0.004 0.002 0.001 0.036 0.003 0.001 0.001 0.098 0.001 0.002 0.002 0.209 0 0.001 0.001 0.118 0.001 0.001 0.002 0.035 0.001 0.001 0 0 0.004 0.001 0.003 0.057 0 0 0.003 0.042;0.182 0 0 0.001 0.098 0.001 0.002 0 0 0.004 0.187 0.004 0.002 0.001 0.002 0.209 0 0.001 0.001 0.003 0.057 0 0.002 0.001 0.001 0.035 0.036 0.003 0.001 0.001 0.118 0.001 0.001 0 0.003 0.042;0.182 0.001 0 0.187 0.002 0.001 0.002 0.036 0.001 0 0 0.098 0 0.002 0.004 0.209 0.003 0.001 0.003 0.118 0.003 0.001 0.001 0.035 0 0.001 0 0.001 0.004 0.002 0 0.057 0.001 0.001 0.001 0.042;
0.225 0.002 0.003 0.226 0.002 0.005 0 0.022 0.001 0.001 0.001 0.018 0.002 0 0 0.031 0.001 0 0.001 0.01 0.003 0 0.002 0.002 0 0 0 0 0.017 0.004 0.003 0.21 0 0.001 0.002 0.205;0.225 0.002 0.003 0.001 0.018 0.002 0 0 0 0.017 0.226 0.002 0.005 0 0 0.031 0.001 0 0.004 0.003 0.21 0 0.002 0 0 0.002 0.022 0.001 0.001 0.001 0.01 0.003 0 0.001 0.002 0.205;0.225 0.001 0 0.226 0 0.004 0.002 0.022 0.001 0.001 0.002 0.018 0 0 0.002 0.031 0.003 0 0.001 0.01 0.002 0 0 0.002 0 0 0.003 0.002 0.017 0.005 0.001 0.21 0 0.001 0.003 0.205;
0.155 0.001 0 0.176 0.002 0.006 0 0.026 0.002 0.001 0.001 0.112 0.001 0.003 0.001 0.19 0 0.002 0 0.111 0.002 0.003 0 0.04 0 0 0 0.002 0.013 0.006 0 0.081 0 0 0.001 0.062;0.155 0.001 0 0.001 0.112 0.001 0.003 0 0.002 0.013 0.176 0.002 0.006 0 0.001 0.19 0 0.002 0.006 0 0.081 0 0 0 0 0.04 0.026 0.002 0.001 0 0.111 0.002 0.003 0 0.001 0.062;0.155 0.001 0 0.176 0.001 0.006 0 0.026 0 0 0.001 0.112 0.002 0.003 0.002 0.19 0 0 0.002 0.111 0.001 0.003 0 0.04 0 0.002 0 0.001 0.013 0.006 0 0.081 0 0.001 0.002 0.062;
0.199 0.002 0 0.176 0.002 0.002 0 0.018 0 0.002 0.005 0.071 0 0 0.001 0.11 0 0.001 0.002 0.061 0.002 0 0 0.017 0 0.001 0 0.001 0.023 0.002 0.002 0.16 0 0.001 0 0.139;0.199 0.002 0 0.005 0.071 0 0 0 0.001 0.023 0.176 0.002 0.002 0 0.001 0.11 0 0.001 0.002 0.002 0.16 0 0 0.001 0 0.017 0.018 0 0.002 0.002 0.061 0.002 0 0.001 0 0.139;0.199 0.005 0 0.176 0.001 0.002 0 0.018 0.002 0.001 0.002 0.071 0.001 0 0.002 0.11 0.002 0.001 0 0.061 0 0 0 0.017 0 0.001 0 0 0.023 0.002 0 0.16 0 0.002 0.002 0.139;
0.17 0.004 0 0.168 0.004 0.001 0 0.018 0 0.001 0.002 0.09 0 0.002 0 0.203 0.001 0.002 0 0.084 0.002 0 0.002 0.015 0.001 0.002 0 0.002 0.013 0 0.001 0.114 0 0.002 0.004 0.092;0.17 0.004 0 0.002 0.09 0 0.002 0 0.002 0.013 0.168 0.004 0.001 0 0 0.203 0.001 0.002 0 0.001 0.114 0 0.002 0.002 0.001 0.015 0.018 0 0.001 0 0.084 0.002 0 0.002 0.004 0.092;0.17 0.002 0 0.168 0 0 0.002 0.018 0 0.002 0.004 0.09 0.002 0.002 0.004 0.203 0.001 0.002 0 0.084 0.004 0 0 0.015 0 0.002 0 0 0.013 0.001 0.001 0.114 0.001 0.001 0.002 0.092;
0.155 0.002 0.001 0.18 0.004 0.001 0 0.075 0 0.001 0.002 0.104 0 0.002 0.001 0.166 0 0.002 0.001 0.1 0.001 0.003 0.001 0.081 0 0 0.001 0 0.021 0.002 0.001 0.051 0.002 0 0.001 0.038;0.155 0.002 0.001 0.002 0.104 0 0.002 0.001 0 0.021 0.18 0.004 0.001 0 0.001 0.166 0 0.002 0.002 0.001 0.051 0.002 0.001 0 0 0.081 0.075 0 0.001 0.001 0.1 0.001 0.003 0 0.001 0.038;0.155 0.002 0.001 0.18 0.001 0.002 0.001 0.075 0.001 0 0.002 0.104 0 0.002 0.004 0.166 0.001 0 0 0.1 0.001 0.003 0 0.081 0.002 0.002 0.001 0 0.021 0.001 0 0.051 0 0.001 0.001 0.038;
0.159 0 0.001 0.055 0.002 0 0.003 0.143 0.002 0.001 0.002 0.038 0 0 0.001 0.192 0.002 0 0.001 0.027 0.002 0.001 0 0.159 0 0 0.001 0.003 0.068 0 0.002 0.036 0 0 0 0.099;0.159 0 0.001 0.002 0.038 0 0 0.001 0.003 0.068 0.055 0.002 0 0.003 0.001 0.192 0.002 0 0 0.002 0.036 0 0 0 0 0.159 0.143 0.002 0.001 0.001 0.027 0.002 0.001 0 0 0.099;0.159 0.002 0.001 0.055 0.001 0 0 0.143 0.001 0 0 0.038 0.003 0 0.002 0.192 0.002 0 0.002 0.027 0 0.001 0.003 0.159 0 0 0.001 0 0.068 0 0.002 0.036 0 0.001 0.002 0.099;
0.18 0.001 0 0.196 0.001 0.006 0.001 0.091 0 0.001 0.002 0.023 0 0 0 0.042 0 0.001 0 0.026 0 0 0.001 0.019 0.001 0.001 0.003 0 0.084 0.003 0 0.185 0.001 0.003 0 0.128;0.18 0.001 0 0.002 0.023 0 0 0.003 0 0.084 0.196 0.001 0.006 0.001 0 0.042 0 0.001 0.003 0 0.185 0.001 0.001 0.001 0.001 0.019 0.091 0 0.001 0 0.026 0 0 0.003 0 0.128;0.18 0.002 0.003 0.196 0 0.003 0.001 0.091 0 0.003 0.001 0.023 0 0 0.001 0.042 0 0.001 0 0.026 0 0 0.001 0.019 0.001 0.001 0 0 0.084 0.006 0 0.185 0.001 0.001 0 0.128;
0.157 0.001 0.005 0.178 0 0.005 0 0.023 0 0 0 0.077 0 0.002 0 0.159 0 0.006 0 0.086 0.001 0.002 0.001 0.033 0 0.002 0.003 0 0.016 0.004 0.003 0.119 0 0.002 0 0.115;0.157 0.001 0.005 0 0.077 0 0.002 0.003 0 0.016 0.178 0 0.005 0 0 0.159 0 0.006 0.004 0.003 0.119 0 0.001 0.002 0 0.033 0.023 0 0 0 0.086 0.001 0.002 0.002 0 0.115;0.157 0 0.003 0.178 0 0.004 0.001 0.023 0 0.002 0.001 0.077 0 0.002 0 0.159 0.003 0.002 0 0.086 0 0.002 0 0.033 0 0.006 0.005 0 0.016 0.005 0 0.119 0 0 0.001 0.115;
0.127 0.002 0.004 0.173 0 0.004 0 0.056 0.001 0.004 0 0.1 0 0.003 0.002 0.191 0 0.002 0.002 0.111 0 0.002 0 0.068 0 0.001 0.001 0 0.02 0 0 0.076 0 0 0 0.05;0.127 0.002 0.004 0 0.1 0 0.003 0.001 0 0.02 0.173 0 0.004 0 0.002 0.191 0 0.002 0 0 0.076 0 0 0.001 0 0.068 0.056 0.001 0.004 0.002 0.111 0 0.002 0 0 0.05;0.127 0 0.001 0.173 0.002 0 0 0.056 0.002 0 0.002 0.1 0 0.003 0 0.191 0 0.001 0.001 0.111 0 0.002 0 0.068 0 0.002 0.004 0 0.02 0.004 0 0.076 0 0.004 0 0.05;
0.172 0.001 0.005 0.213 0.004 0.002 0.001 0.077 0 0.003 0 0.118 0.001 0.002 0 0.193 0.003 0.002 0 0.104 0.002 0.004 0.002 0.058 0 0.006 0.004 0 0 0.002 0.001 0.009 0 0 0 0.011;0.172 0.001 0.005 0 0.118 0.001 0.002 0.004 0 0 0.213 0.004 0.002 0.001 0 0.193 0.003 0.002 0.002 0.001 0.009 0 0.002 0.006 0 0.058 0.077 0 0.003 0 0.104 0.002 0.004 0 0 0.011;0.172 0 0.004 0.213 0 0.002 0.002 0.077 0 0 0.001 0.118 0 0.002 0.004 0.193 0.001 0.006 0 0.104 0 0.004 0.001 0.058 0 0.002 0.005 0.001 0 0.002 0.003 0.009 0 0.003 0.002 0.011;
0.15 0 0.001 0.174 0.004 0.002 0.001 0.057 0.001 0.001 0.001 0.091 0 0.002 0.001 0.133 0 0.001 0 0.072 0 0 0 0.053 0.001 0 0 0.001 0.028 0 0.003 0.123 0.001 0.001 0 0.097;0.15 0 0.001 0.001 0.091 0 0.002 0 0.001 0.028 0.174 0.004 0.002 0.001 0.001 0.133 0 0.001 0 0.003 0.123 0.001 0 0 0.001 0.053 0.057 0.001 0.001 0 0.072 0 0 0.001 0 0.097;0.15 0.001 0 0.174 0.001 0 0 0.057 0 0.001 0 0.091 0.001 0.002 0.004 0.133 0.003 0 0.001 0.072 0 0 0.001 0.053 0.001 0.001 0.001 0 0.028 0.002 0 0.123 0.001 0.001 0 0.097;
0.176 0.004 0.002 0.191 0.001 0.001 0.001 0 0.001 0.001 0.001 0.107 0 0.001 0 0.196 0 0.001 0 0.085 0.003 0.001 0 0 0 0 0.005 0 0 0.003 0.002 0.113 0 0.001 0.001 0.102;0.176 0.004 0.002 0.001 0.107 0 0.001 0.005 0 0 0.191 0.001 0.001 0.001 0 0.196 0 0.001 0.003 0.002 0.113 0 0 0 0 0 0 0.001 0.001 0 0.085 0.003 0.001 0.001 0.001 0.102;0.176 0.001 0.005 0.191 0 0.003 0 0 0 0.001 0.004 0.107 0 0.001 0.001 0.196 0.002 0 0.001 0.085 0.001 0.001 0.001 0 0 0.001 0.002 0 0 0.001 0 0.113 0 0.001 0.003 0.102;
0.154 0.001 0.004 0.117 0 0 0.001 0.122 0 0.001 0 0.037 0.001 0.001 0 0.109 0.001 0.003 0.001 0.029 0 0.001 0.002 0.071 0 0.001 0.001 0 0.11 0.001 0.001 0.091 0.001 0.002 0 0.136;0.154 0.001 0.004 0 0.037 0.001 0.001 0.001 0 0.11 0.117 0 0 0.001 0 0.109 0.001 0.003 0.001 0.001 0.091 0.001 0.002 0.001 0 0.071 0.122 0 0.001 0.001 0.029 0 0.001 0.002 0 0.136;0.154 0 0.001 0.117 0 0.001 0.002 0.122 0.001 0.002 0.001 0.037 0 0.001 0 0.109 0.001 0.001 0 0.029 0 0.001 0.001 0.071 0.001 0.003 0.004 0.001 0.11 0 0.001 0.091 0 0.001 0 0.136;
0.219 0.002 0.002 0.066 0.002 0.001 0 0.154 0.002 0.001 0.003 0.025 0.001 0 0 0.206 0 0.002 0.002 0.028 0.001 0.001 0.001 0.178 0.001 0.003 0.002 0 0.041 0 0.001 0.01 0 0.004 0.002 0.039;0.219 0.002 0.002 0.003 0.025 0.001 0 0.002 0 0.041 0.066 0.002 0.001 0 0 0.206 0 0.002 0 0.001 0.01 0 0.001 0.003 0.001 0.178 0.154 0.002 0.001 0.002 0.028 0.001 0.001 0.004 0.002 0.039;0.219 0.003 0.002 0.066 0 0 0.001 0.154 0.002 0.004 0.002 0.025 0 0 0.002 0.206 0.001 0.003 0.002 0.028 0.002 0.001 0 0.178 0 0.002 0.002 0.001 0.041 0.001 0 0.01 0.001 0.001 0.001 0.039;
0.203 0.001 0.002 0.2 0.002 0.004 0.001 0.013 0.003 0 0 0.118 0.001 0.001 0.001 0.238 0 0 0 0.131 0.002 0.003 0.003 0.018 0.001 0.001 0 0 0.002 0 0.002 0.035 0 0 0 0.014;0.203 0.001 0.002 0 0.118 0.001 0.001 0 0 0.002 0.2 0.002 0.004 0.001 0.001 0.238 0 0 0 0.002 0.035 0 0.003 0.001 0.001 0.018 0.013 0.003 0 0 0.131 0.002 0.003 0 0 0.014;0.203 0 0 0.2 0.001 0 0.003 0.013 0 0 0.001 0.118 0 0.001 0.002 0.238 0.002 0.001 0.003 0.131 0 0.003 0.001 0.018 0 0 0.002 0.001 0.002 0.004 0 0.035 0.001 0 0.002 0.014;
0.198 0.001 0.003 0.215 0 0.006 0 0.013 0 0.001 0 0.124 0 0.002 0.001 0.221 0.001 0.002 0 0.107 0 0.002 0.002 0.021 0 0.003 0.001 0.001 0.007 0 0 0.034 0 0 0 0.034;0.198 0.001 0.003 0 0.124 0 0.002 0.001 0.001 0.007 0.215 0 0.006 0 0.001 0.221 0.001 0.002 0 0 0.034 0 0.002 0.003 0 0.021 0.013 0 0.001 0 0.107 0 0.002 0 0 0.034;0.198 0 0.001 0.215 0.001 0 0.002 0.013 0 0 0.001 0.124 0.001 0.002 0 0.221 0 0.003 0 0.107 0 0.002 0 0.021 0 0.002 0.003 0 0.007 0.006 0.001 0.034 0 0.001 0 0.034;
0.184 0.005 0.001 0.067 0.001 0.001 0.001 0.16 0.005 0.001 0.002 0.028 0.001 0.001 0.002 0.193 0.001 0 0.002 0.038 0 0 0 0.155 0.001 0.001 0.001 0 0.049 0.001 0.001 0.029 0 0.002 0 0.066;0.184 0.005 0.001 0.002 0.028 0.001 0.001 0.001 0 0.049 0.067 0.001 0.001 0.001 0.002 0.193 0.001 0 0.001 0.001 0.029 0 0 0.001 0.001 0.155 0.16 0.005 0.001 0.002 0.038 0 0 0.002 0 0.066;0.184 0.002 0.001 0.067 0.002 0.001 0 0.16 0.002 0.002 0.005 0.028 0 0.001 0.001 0.193 0.001 0.001 0.005 0.038 0 0 0.001 0.155 0 0 0.001 0.001 0.049 0.001 0.001 0.029 0.001 0.001 0 0.066;
0.148 0.003 0 0.188 0.002 0 0 0.054 0.001 0.003 0.004 0.102 0 0.001 0.001 0.176 0 0.001 0 0.113 0.001 0 0 0.062 0 0.005 0 0.001 0.02 0.003 0.001 0.055 0 0.001 0.002 0.052;0.148 0.003 0 0.004 0.102 0 0.001 0 0.001 0.02 0.188 0.002 0 0 0.001 0.176 0 0.001 0.003 0.001 0.055 0 0 0.005 0 0.062 0.054 0.001 0.003 0 0.113 0.001 0 0.001 0.002 0.052;0.148 0.004 0 0.188 0.001 0.003 0 0.054 0 0.001 0.003 0.102 0.001 0.001 0.002 0.176 0.001 0.005 0.001 0.113 0.002 0 0 0.062 0 0.001 0 0 0.02 0 0 0.055 0 0.003 0.001 0.052;
0.173 0.001 0.002 0.174 0.002 0 0.001 0.085 0 0.004 0.001 0.079 0.001 0.002 0.003 0.181 0 0 0 0.112 0 0.003 0.002 0.098 0.003 0.002 0 0 0.013 0 0.001 0.024 0.001 0 0.002 0.03;0.173 0.001 0.002 0.001 0.079 0.001 0.002 0 0 0.013 0.174 0.002 0 0.001 0.003 0.181 0 0 0 0.001 0.024 0.001 0.002 0.002 0.003 0.098 0.085 0 0.004 0 0.112 0 0.003 0 0.002 0.03;0.173 0.001 0 0.174 0.003 0 0.002 0.085 0 0 0.001 0.079 0 0.002 0.002 0.181 0.001 0.002 0 0.112 0.002 0.003 0.001 0.098 0.001 0 0.002 0.001 0.013 0 0 0.024 0.003 0.004 0 0.03;
0.161 0 0.003 0.193 0 0.007 0.002 0.052 0 0 0.003 0.114 0 0.004 0.001 0.181 0.001 0.003 0 0.109 0 0.003 0 0.066 0 0.004 0.003 0.001 0.011 0.002 0 0.048 0 0 0 0.028;0.161 0 0.003 0.003 0.114 0 0.004 0.003 0.001 0.011 0.193 0 0.007 0.002 0.001 0.181 0.001 0.003 0.002 0 0.048 0 0 0.004 0 0.066 0.052 0 0 0 0.109 0 0.003 0 0 0.028;0.161 0.003 0.003 0.193 0.001 0.002 0 0.052 0 0 0 0.114 0.001 0.004 0 0.181 0 0.004 0 0.109 0 0.003 0.002 0.066 0 0.003 0.003 0 0.011 0.007 0.001 0.048 0 0 0 0.028;
0.159 0 0.001 0.199 0.001 0.002 0.004 0.024 0.001 0.002 0.002 0.076 0 0 0 0.135 0.002 0.003 0 0.075 0 0.003 0.001 0.02 0.001 0 0.002 0.001 0.019 0.003 0 0.134 0 0.002 0 0.128;0.159 0 0.001 0.002 0.076 0 0 0.002 0.001 0.019 0.199 0.001 0.002 0.004 0 0.135 0.002 0.003 0.003 0 0.134 0 0.001 0 0.001 0.02 0.024 0.001 0.002 0 0.075 0 0.003 0.002 0 0.128;0.159 0.002 0.002 0.199 0 0.003 0.001 0.024 0 0.002 0 0.076 0.001 0 0.001 0.135 0 0 0.001 0.075 0 0.003 0.004 0.02 0 0.003 0.001 0 0.019 0.002 0.002 0.134 0.001 0.002 0 0.128;
0.179 0.001 0.004 0.181 0 0.004 0 0.028 0 0 0 0.118 0 0.003 0 0.212 0.001 0.004 0 0.093 0 0.004 0 0.024 0.001 0.003 0.004 0 0.009 0.003 0 0.061 0 0.002 0 0.061;0.179 0.001 0.004 0 0.118 0 0.003 0.004 0 0.009 0.181 0 0.004 0 0 0.212 0.001 0.004 0.003 0 0.061 0 0 0.003 0.001 0.024 0.028 0 0 0 0.093 0 0.004 0.002 0 0.061;0.179 0 0.004 0.181 0 0.003 0 0.028 0 0.002 0.001 0.118 0 0.003 0 0.212 0 0.003 0 0.093 0 0.004 0 0.024 0 0.004 0.004 0 0.009 0.004 0.001 0.061 0.001 0 0 0.061;
0.173 0.002 0.007 0.185 0.001 0.002 0 0.034 0 0.001 0.003 0.129 0 0.001 0 0.179 0 0.002 0.001 0.115 0.003 0.003 0.002 0.043 0 0.003 0 0.004 0.002 0.001 0.001 0.06 0 0 0.002 0.041;0.173 0.002 0.007 0.003 0.129 0 0.001 0 0.004 0.002 0.185 0.001 0.002 0 0 0.179 0 0.002 0.001 0.001 0.06 0 0.002 0.003 0 0.043 0.034 0 0.001 0.001 0.115 0.003 0.003 0 0.002 0.041;0.173 0.003 0 0.185 0 0.001 0.002 0.034 0.001 0 0.002 0.129 0.004 0.001 0.001 0.179 0.001 0.003 0 0.115 0.002 0.003 0 0.043 0 0.002 0.007 0 0.002 0.002 0 0.06 0 0.001 0.003 0.041;
0.174 0.004 0.001 0.207 0.001 0.001 0.002 0.043 0.001 0 0.002 0.122 0.001 0.003 0.003 0.185 0 0 0 0.105 0.001 0 0.001 0.077 0.001 0 0.001 0 0.009 0 0 0.033 0 0 0.001 0.021;0.174 0.004 0.001 0.002 0.122 0.001 0.003 0.001 0 0.009 0.207 0.001 0.001 0.002 0.003 0.185 0 0 0 0 0.033 0 0.001 0 0.001 0.077 0.043 0.001 0 0 0.105 0.001 0 0 0.001 0.021;0.174 0.002 0.001 0.207 0.003 0 0.001 0.043 0 0 0.004 0.122 0 0.003 0.001 0.185 0 0 0.001 0.105 0.001 0 0.002 0.077 0 0 0.001 0.001 0.009 0.001 0 0.033 0.001 0 0.001 0.021;
0.15 0.002 0 0.128 0.001 0.003 0.002 0.087 0 0.002 0 0.067 0 0.003 0.001 0.137 0 0.003 0 0.065 0.002 0 0 0.095 0 0 0.002 0 0.059 0 0 0.093 0 0 0.001 0.097;0.15 0.002 0 0 0.067 0 0.003 0.002 0 0.059 0.128 0.001 0.003 0.002 0.001 0.137 0 0.003 0 0 0.093 0 0 0 0 0.095 0.087 0 0.002 0 0.065 0.002 0 0 0.001 0.097;0.15 0 0.002 0.128 0.001 0 0 0.087 0 0 0.002 0.067 0 0.003 0.001 0.137 0 0 0 0.065 0.001 0 0.002 0.095 0 0.003 0 0 0.059 0.003 0 0.093 0 0.002 0.002 0.097;
0.192 0.002 0 0.167 0.001 0.002 0.001 0.002 0 0.003 0.002 0.092 0 0.001 0.003 0.184 0.001 0.001 0 0.114 0.002 0.001 0.001 0.005 0 0.002 0.002 0 0.001 0.002 0.001 0.114 0.001 0 0.001 0.099;0.192 0.002 0 0.002 0.092 0 0.001 0.002 0 0.001 0.167 0.001 0.002 0.001 0.003 0.184 0.001 0.001 0.002 0.001 0.114 0.001 0.001 0.002 0 0.005 0.002 0 0.003 0 0.114 0.002 0.001 0 0.001 0.099;0.192 0.002 0.002 0.167 0.003 0.002 0.001 0.002 0 0 0.002 0.092 0 0.001 0.001 0.184 0.001 0.002 0 0.114 0.001 0.001 0.001 0.005 0.001 0.001 0 0 0.001 0.002 0.001 0.114 0 0.003 0.002 0.099;
0.134 0 0.002 0.153 0.002 0.004 0 0.077 0 0.003 0.003 0.1 0.001 0.001 0.001 0.168 0 0.002 0 0.093 0 0.005 0.001 0.104 0 0.003 0 0.001 0.032 0 0.002 0.053 0.001 0 0.001 0.053;0.134 0 0.002 0.003 0.1 0.001 0.001 0 0.001 0.032 0.153 0.002 0.004 0 0.001 0.168 0 0.002 0 0.002 0.053 0.001 0.001 0.003 0 0.104 0.077 0 0.003 0 0.093 0 0.005 0 0.001 0.053;0.134 0.003 0 0.153 0.001 0 0.001 0.077 0 0 0 0.1 0.001 0.001 0.002 0.168 0.002 0.003 0 0.093 0.001 0.005 0 0.104 0.001 0.002 0.002 0.001 0.032 0.004 0 0.053 0 0.003 0 0.053;
0.168 0.001 0 0.2 0.005 0.001 0.001 0.057 0 0.001 0.002 0.114 0 0.001 0 0.176 0.002 0.001 0.001 0.119 0.006 0.001 0 0.065 0.001 0 0.002 0.001 0.014 0 0.001 0.033 0 0 0.001 0.025;0.168 0.001 0 0.002 0.114 0 0.001 0.002 0.001 0.014 0.2 0.005 0.001 0.001 0 0.176 0.002 0.001 0 0.001 0.033 0 0 0 0.001 0.065 0.057 0 0.001 0.001 0.119 0.006 0.001 0 0.001 0.025;0.168 0.002 0.002 0.2 0 0 0 0.057 0.001 0 0.001 0.114 0.001 0.001 0.005 0.176 0.001 0 0 0.119 0.001 0.001 0.001 0.065 0 0.001 0 0 0.014 0.001 0.002 0.033 0.001 0.001 0.006 0.025];