pntP=[0.209 0.003 0.001 0.231 0.002 0.002 0.001 0.056 0.003 0 0.006 0.091 0 0.001 0.001 0.198 0 0.002 0.002 0.084 0.001 0.001 0.001 0.037 0.002 0.002 0.001 0 0.009 0 0.003 0.019 0 0 0.001 0.03;0.209 0.003 0.001 0.006 0.091 0 0.001 0.001 0 0.009 0.231 0.002 0.002 0.001 0.001 0.198 0 0.002 0 0.003 0.019 0 0.001 0.002 0.002 0.037 0.056 0.003 0 0.002 0.084 0.001 0.001 0 0.001 0.03;0.209 0.006 0.001 0.231 0.001 0 0.001 0.056 0.002 0 0.003 0.091 0 0.001 0.002 0.198 0.003 0.002 0.003 0.084 0.001 0.001 0.001 0.037 0 0.002 0.001 0 0.009 0.002 0 0.019 0.002 0 0.001 0.03;
0.229 0.001 0.001 0.155 0.001 0.001 0.001 0.098 0 0.001 0 0.053 0 0.002 0 0.134 0.001 0.001 0 0.052 0 0.001 0 0.071 0 0.003 0.005 0 0.038 0.002 0 0.059 0 0.001 0.001 0.088;0.229 0.001 0.001 0 0.053 0 0.002 0.005 0 0.038 0.155 0.001 0.001 0.001 0 0.134 0.001 0.001 0.002 0 0.059 0 0 0.003 0 0.071 0.098 0 0.001 0 0.052 0 0.001 0.001 0.001 0.088;0.229 0 0.005 0.155 0 0.002 0 0.098 0 0.001 0.001 0.053 0 0.002 0.001 0.134 0 0.003 0 0.052 0.001 0.001 0.001 0.071 0 0.001 0.001 0 0.038 0.001 0.001 0.059 0 0.001 0 0.088;
0.243 0.001 0.002 0.192 0.003 0.003 0.001 0.074 0 0.006 0 0.036 0.001 0.001 0 0.072 0 0.001 0 0.031 0 0 0 0.025 0 0.002 0.001 0.001 0.045 0.003 0.002 0.107 0.001 0.002 0 0.144;0.243 0.001 0.002 0 0.036 0.001 0.001 0.001 0.001 0.045 0.192 0.003 0.003 0.001 0 0.072 0 0.001 0.003 0.002 0.107 0.001 0 0.002 0 0.025 0.074 0 0.006 0 0.031 0 0 0.002 0 0.144;0.243 0 0.001 0.192 0 0.003 0 0.074 0 0.002 0.001 0.036 0.001 0.001 0.003 0.072 0.002 0.002 0 0.031 0 0 0.001 0.025 0.001 0.001 0.002 0.001 0.045 0.003 0 0.107 0 0.006 0 0.144;
0.272 0.003 0 0.217 0 0.001 0.001 0.04 0.002 0.001 0.001 0.097 0 0.002 0.001 0.212 0.001 0.001 0 0.094 0 0.002 0 0.04 0 0.007 0.003 0 0 0.001 0 0 0 0.001 0 0;0.272 0.003 0 0.001 0.097 0 0.002 0.003 0 0 0.217 0 0.001 0.001 0.001 0.212 0.001 0.001 0.001 0 0 0 0 0.007 0 0.04 0.04 0.002 0.001 0 0.094 0 0.002 0.001 0 0;0.272 0.001 0.003 0.217 0.001 0.001 0 0.04 0 0.001 0.003 0.097 0 0.002 0 0.212 0 0.007 0.002 0.094 0 0.002 0.001 0.04 0 0.001 0 0 0 0.001 0.001 0 0 0.001 0 0;
0.245 0.004 0 0.209 0.007 0.002 0.001 0.046 0.001 0 0.003 0.071 0 0.001 0.001 0.217 0 0.001 0 0.095 0.001 0 0 0.024 0.001 0.001 0.001 0.002 0.005 0 0 0.033 0 0 0 0.028;0.245 0.004 0 0.003 0.071 0 0.001 0.001 0.002 0.005 0.209 0.007 0.002 0.001 0.001 0.217 0 0.001 0 0 0.033 0 0 0.001 0.001 0.024 0.046 0.001 0 0 0.095 0.001 0 0 0 0.028;0.245 0.003 0.001 0.209 0.001 0 0 0.046 0 0 0.004 0.071 0.002 0.001 0.007 0.217 0 0.001 0.001 0.095 0 0 0.001 0.024 0 0.001 0 0 0.005 0.002 0 0.033 0.001 0 0.001 0.028;
0.254 0 0.001 0.195 0.003 0 0 0.049 0 0.001 0 0.087 0.002 0 0.001 0.208 0 0.001 0.001 0.086 0 0.001 0.001 0.048 0.002 0.002 0.005 0 0.003 0.001 0.001 0.021 0 0.001 0.001 0.024;0.254 0 0.001 0 0.087 0.002 0 0.005 0 0.003 0.195 0.003 0 0 0.001 0.208 0 0.001 0.001 0.001 0.021 0 0.001 0.002 0.002 0.048 0.049 0 0.001 0.001 0.086 0 0.001 0.001 0.001 0.024;0.254 0 0.005 0.195 0.001 0.001 0.001 0.049 0.001 0.001 0 0.087 0 0 0.003 0.208 0.001 0.002 0 0.086 0.001 0.001 0 0.048 0 0.001 0.001 0.002 0.003 0 0 0.021 0.002 0.001 0 0.024;
0.271 0.005 0.002 0.229 0.006 0.003 0.002 0.002 0.002 0.002 0.002 0.098 0 0 0.004 0.211 0.003 0 0.001 0.102 0.001 0 0.001 0.003 0 0.003 0.001 0 0 0.001 0.001 0.022 0 0 0.001 0.021;0.271 0.005 0.002 0.002 0.098 0 0 0.001 0 0 0.229 0.006 0.003 0.002 0.004 0.211 0.003 0 0.001 0.001 0.022 0 0.001 0.003 0 0.003 0.002 0.002 0.002 0.001 0.102 0.001 0 0 0.001 0.021;0.271 0.002 0.001 0.229 0.004 0.001 0.001 0.002 0.001 0 0.005 0.098 0 0 0.006 0.211 0.001 0.003 0.002 0.102 0.001 0 0.002 0.003 0 0 0.002 0 0 0.003 0.003 0.022 0 0.002 0.001 0.021;
0.27 0.003 0.001 0.183 0.001 0.002 0.002 0.063 0.002 0.002 0.002 0.091 0.001 0.002 0.001 0.195 0.002 0 0 0.096 0.001 0.002 0.002 0.039 0 0.002 0.001 0 0.004 0.001 0 0.014 0 0 0 0.015;0.27 0.003 0.001 0.002 0.091 0.001 0.002 0.001 0 0.004 0.183 0.001 0.002 0.002 0.001 0.195 0.002 0 0.001 0 0.014 0 0.002 0.002 0 0.039 0.063 0.002 0.002 0 0.096 0.001 0.002 0 0 0.015;0.27 0.002 0.001 0.183 0.001 0.001 0.002 0.063 0 0 0.003 0.091 0 0.002 0.001 0.195 0 0.002 0.002 0.096 0 0.002 0.002 0.039 0 0 0.001 0.001 0.004 0.002 0.002 0.014 0 0.002 0.001 0.015;
0.254 0.003 0.003 0.131 0.005 0.001 0.001 0.126 0.001 0.002 0.002 0.063 0.001 0.001 0 0.227 0 0.002 0.002 0.057 0.003 0 0 0.086 0.001 0.004 0 0 0.006 0 0.001 0.004 0 0 0 0.013;0.254 0.003 0.003 0.002 0.063 0.001 0.001 0 0 0.006 0.131 0.005 0.001 0.001 0 0.227 0 0.002 0 0.001 0.004 0 0 0.004 0.001 0.086 0.126 0.001 0.002 0.002 0.057 0.003 0 0 0 0.013;0.254 0.002 0 0.131 0 0 0 0.126 0.002 0 0.003 0.063 0 0.001 0.005 0.227 0.001 0.004 0.001 0.057 0 0 0.001 0.086 0 0.002 0.003 0.001 0.006 0.001 0 0.004 0.001 0.002 0.003 0.013;
0.237 0.004 0.001 0.178 0.001 0.001 0.002 0.072 0 0.001 0.002 0.08 0.001 0.001 0.001 0.172 0.002 0 0.002 0.087 0 0.002 0 0.056 0.001 0.002 0.001 0 0.009 0.002 0 0.038 0 0 0.001 0.043;0.237 0.004 0.001 0.002 0.08 0.001 0.001 0.001 0 0.009 0.178 0.001 0.001 0.002 0.001 0.172 0.002 0 0.002 0 0.038 0 0 0.002 0.001 0.056 0.072 0 0.001 0.002 0.087 0 0.002 0 0.001 0.043;0.237 0.002 0.001 0.178 0.001 0.002 0 0.072 0.002 0 0.004 0.08 0 0.001 0.001 0.172 0 0.002 0 0.087 0.001 0.002 0.002 0.056 0 0 0.001 0.001 0.009 0.001 0.002 0.038 0.001 0.001 0 0.043;
0.226 0.001 0 0.203 0.001 0 0.002 0.044 0 0.002 0.002 0.083 0 0.001 0.001 0.161 0.001 0.002 0 0.056 0.001 0.001 0.003 0.038 0 0.004 0 0 0.014 0 0.001 0.06 0.002 0.002 0.001 0.087;0.226 0.001 0 0.002 0.083 0 0.001 0 0 0.014 0.203 0.001 0 0.002 0.001 0.161 0.001 0.002 0 0.001 0.06 0.002 0.003 0.004 0 0.038 0.044 0 0.002 0 0.056 0.001 0.001 0.002 0.001 0.087;0.226 0.002 0 0.203 0.001 0 0.003 0.044 0 0.002 0.001 0.083 0 0.001 0.001 0.161 0.001 0.004 0 0.056 0.001 0.001 0.002 0.038 0.002 0.002 0 0 0.014 0 0.001 0.06 0 0.002 0.001 0.087;
0.23 0.002 0.002 0.235 0.003 0.004 0 0.001 0 0 0.002 0.1 0 0.005 0.002 0.228 0.001 0.002 0 0.108 0 0.003 0 0.005 0 0.001 0.001 0 0 0 0 0.023 0 0 0 0.042;0.23 0.002 0.002 0.002 0.1 0 0.005 0.001 0 0 0.235 0.003 0.004 0 0.002 0.228 0.001 0.002 0 0 0.023 0 0 0.001 0 0.005 0.001 0 0 0 0.108 0 0.003 0 0 0.042;0.23 0.002 0.001 0.235 0.002 0 0 0.001 0 0 0.002 0.1 0 0.005 0.003 0.228 0 0.001 0 0.108 0 0.003 0 0.005 0 0.002 0.002 0 0 0.004 0.001 0.023 0 0 0 0.042;
0.209 0.002 0.001 0.146 0.004 0.001 0.001 0.125 0 0.001 0 0.061 0 0.001 0.001 0.165 0.002 0 0.001 0.067 0 0.004 0 0.066 0 0 0.001 0 0.023 0.004 0 0.039 0 0.001 0 0.074;0.209 0.002 0.001 0 0.061 0 0.001 0.001 0 0.023 0.146 0.004 0.001 0.001 0.001 0.165 0.002 0 0.004 0 0.039 0 0 0 0 0.066 0.125 0 0.001 0.001 0.067 0 0.004 0.001 0 0.074;0.209 0 0.001 0.146 0.001 0.004 0 0.125 0.001 0.001 0.002 0.061 0 0.001 0.004 0.165 0 0 0 0.067 0 0.004 0.001 0.066 0 0 0.001 0 0.023 0.001 0.002 0.039 0 0.001 0 0.074;
0.207 0.003 0.003 0.194 0.003 0.001 0.001 0.046 0 0.001 0 0.055 0.001 0 0.001 0.118 0 0.001 0 0.066 0.003 0 0 0.028 0 0 0.004 0.001 0.027 0.001 0.005 0.109 0 0.002 0.003 0.116;0.207 0.003 0.003 0 0.055 0.001 0 0.004 0.001 0.027 0.194 0.003 0.001 0.001 0.001 0.118 0 0.001 0.001 0.005 0.109 0 0 0 0 0.028 0.046 0 0.001 0 0.066 0.003 0 0.002 0.003 0.116;0.207 0 0.004 0.194 0.001 0.001 0 0.046 0 0.002 0.003 0.055 0.001 0 0.003 0.118 0.005 0 0 0.066 0.003 0 0.001 0.028 0 0.001 0.003 0.001 0.027 0.001 0 0.109 0 0.001 0.003 0.116;
0.242 0.001 0.001 0.045 0.002 0 0.001 0.157 0.002 0.001 0.002 0.018 0 0.001 0 0.211 0.001 0.002 0.001 0.008 0.003 0 0 0.146 0 0.002 0.002 0.001 0.049 0 0 0.014 0 0.004 0 0.083;0.242 0.001 0.001 0.002 0.018 0 0.001 0.002 0.001 0.049 0.045 0.002 0 0.001 0 0.211 0.001 0.002 0 0 0.014 0 0 0.002 0 0.146 0.157 0.002 0.001 0.001 0.008 0.003 0 0.004 0 0.083;0.242 0.002 0.002 0.045 0 0 0 0.157 0.001 0.004 0.001 0.018 0.001 0.001 0.002 0.211 0 0.002 0.002 0.008 0 0 0.001 0.146 0 0.002 0.001 0 0.049 0 0.001 0.014 0 0.001 0.003 0.083;
0.222 0.003 0.001 0.16 0.001 0.004 0 0.064 0.002 0.002 0.004 0.063 0.001 0.001 0.001 0.167 0 0 0.002 0.054 0 0.001 0.001 0.048 0.002 0.006 0.002 0 0.025 0.001 0.001 0.068 0 0 0 0.093;0.222 0.003 0.001 0.004 0.063 0.001 0.001 0.002 0 0.025 0.16 0.001 0.004 0 0.001 0.167 0 0 0.001 0.001 0.068 0 0.001 0.006 0.002 0.048 0.064 0.002 0.002 0.002 0.054 0 0.001 0 0 0.093;0.222 0.004 0.002 0.16 0.001 0.001 0.001 0.064 0.002 0 0.003 0.063 0 0.001 0.001 0.167 0.001 0.006 0.002 0.054 0 0.001 0 0.048 0 0 0.001 0.001 0.025 0.004 0 0.068 0.002 0.002 0 0.093;
0.211 0.001 0.003 0.155 0 0.001 0.002 0.093 0.001 0.006 0 0.074 0 0 0 0.172 0.002 0.004 0.002 0.065 0.002 0.003 0.002 0.077 0 0.002 0.001 0 0.028 0.003 0.001 0.04 0.001 0 0 0.048;0.211 0.001 0.003 0 0.074 0 0 0.001 0 0.028 0.155 0 0.001 0.002 0 0.172 0.002 0.004 0.003 0.001 0.04 0.001 0.002 0.002 0 0.077 0.093 0.001 0.006 0.002 0.065 0.002 0.003 0 0 0.048;0.211 0 0.001 0.155 0 0.003 0.002 0.093 0.002 0 0.001 0.074 0 0 0 0.172 0.001 0.002 0.001 0.065 0 0.003 0.002 0.077 0.001 0.004 0.003 0 0.028 0.001 0.002 0.04 0 0.006 0.002 0.048;
0.235 0.002 0.002 0.205 0.002 0.004 0 0.016 0.003 0.002 0.003 0.088 0 0.001 0.004 0.231 0.001 0.001 0.001 0.102 0.001 0.004 0.001 0.021 0.001 0.001 0.001 0 0.002 0 0 0.03 0 0 0 0.035;0.235 0.002 0.002 0.003 0.088 0 0.001 0.001 0 0.002 0.205 0.002 0.004 0 0.004 0.231 0.001 0.001 0 0 0.03 0 0.001 0.001 0.001 0.021 0.016 0.003 0.002 0.001 0.102 0.001 0.004 0 0 0.035;0.235 0.003 0.001 0.205 0.004 0 0.001 0.016 0.001 0 0.002 0.088 0 0.001 0.002 0.231 0 0.001 0.003 0.102 0 0.004 0 0.021 0 0.001 0.002 0 0.002 0.004 0.001 0.03 0.001 0.002 0.001 0.035;
0.226 0.002 0.003 0.191 0.005 0.001 0.001 0.023 0.001 0 0.003 0.088 0 0.001 0.002 0.181 0.002 0.001 0.002 0.098 0.001 0.001 0 0.017 0.001 0 0 0.001 0.002 0 0.003 0.071 0.001 0 0.002 0.069;0.226 0.002 0.003 0.003 0.088 0 0.001 0 0.001 0.002 0.191 0.005 0.001 0.001 0.002 0.181 0.002 0.001 0 0.003 0.071 0.001 0 0 0.001 0.017 0.023 0.001 0 0.002 0.098 0.001 0.001 0 0.002 0.069;0.226 0.003 0 0.191 0.002 0 0 0.023 0.002 0 0.002 0.088 0.001 0.001 0.005 0.181 0.003 0 0.001 0.098 0.002 0.001 0.001 0.017 0.001 0.001 0.003 0 0.002 0.001 0.002 0.071 0.001 0 0.001 0.069;
0.266 0.001 0.001 0.242 0.002 0.004 0 0.038 0.002 0.003 0 0.002 0.001 0 0.001 0.002 0 0 0.001 0 0.002 0 0.001 0 0 0 0.003 0 0.034 0.004 0.001 0.172 0 0.002 0.001 0.214;0.266 0.001 0.001 0 0.002 0.001 0 0.003 0 0.034 0.242 0.002 0.004 0 0.001 0.002 0 0 0.004 0.001 0.172 0 0.001 0 0 0 0.038 0.002 0.003 0.001 0 0.002 0 0.002 0.001 0.214;0.266 0 0.003 0.242 0.001 0.004 0.001 0.038 0.001 0.002 0.001 0.002 0 0 0.002 0.002 0.001 0 0.002 0 0.001 0 0 0 0 0 0.001 0.001 0.034 0.004 0 0.172 0 0.003 0.002 0.214;
0.241 0.006 0.001 0.181 0.003 0.004 0.001 0.118 0.003 0.005 0 0.005 0 0 0.001 0.006 0.001 0 0 0 0 0 0 0.003 0 0 0.007 0.002 0.088 0 0.002 0.132 0.001 0 0.001 0.188;0.241 0.006 0.001 0 0.005 0 0 0.007 0.002 0.088 0.181 0.003 0.004 0.001 0.001 0.006 0.001 0 0 0.002 0.132 0.001 0 0 0 0.003 0.118 0.003 0.005 0 0 0 0 0 0.001 0.188;0.241 0 0.007 0.181 0.001 0 0 0.118 0 0 0.006 0.005 0.002 0 0.003 0.006 0.002 0 0.003 0 0.001 0 0.001 0.003 0.001 0 0.001 0 0.088 0.004 0.001 0.132 0 0.005 0 0.188;
0.246 0.002 0 0.208 0.002 0.004 0 0.028 0 0.001 0.001 0.072 0 0.003 0.001 0.192 0.001 0 0 0.078 0 0.002 0 0.017 0 0.001 0 0.001 0.005 0 0 0.055 0 0 0 0.08;0.246 0.002 0 0.001 0.072 0 0.003 0 0.001 0.005 0.208 0.002 0.004 0 0.001 0.192 0.001 0 0 0 0.055 0 0 0.001 0 0.017 0.028 0 0.001 0 0.078 0 0.002 0 0 0.08;0.246 0.001 0 0.208 0.001 0 0 0.028 0 0 0.002 0.072 0.001 0.003 0.002 0.192 0 0.001 0 0.078 0 0.002 0 0.017 0 0 0 0 0.005 0.004 0.001 0.055 0 0.001 0 0.08;
0.216 0.002 0.002 0.11 0.001 0.001 0.002 0.135 0.001 0.002 0 0.056 0 0.001 0.003 0.157 0.001 0.001 0.001 0.042 0 0.001 0 0.098 0 0.003 0.001 0 0.046 0 0.002 0.036 0 0 0.001 0.078;0.216 0.002 0.002 0 0.056 0 0.001 0.001 0 0.046 0.11 0.001 0.001 0.002 0.003 0.157 0.001 0.001 0 0.002 0.036 0 0 0.003 0 0.098 0.135 0.001 0.002 0.001 0.042 0 0.001 0 0.001 0.078;0.216 0 0.001 0.11 0.003 0 0 0.135 0.001 0 0.002 0.056 0 0.001 0.001 0.157 0.002 0.003 0.001 0.042 0.001 0.001 0.002 0.098 0 0.001 0.002 0 0.046 0.001 0.001 0.036 0 0.002 0 0.078;
0.266 0 0.003 0.193 0.002 0.002 0 0.005 0.001 0.001 0.002 0.093 0 0.001 0.002 0.213 0 0.001 0.001 0.097 0.001 0.001 0 0.003 0 0 0.002 0 0.001 0 0.004 0.046 0 0.001 0 0.058;0.266 0 0.003 0.002 0.093 0 0.001 0.002 0 0.001 0.193 0.002 0.002 0 0.002 0.213 0 0.001 0 0.004 0.046 0 0 0 0 0.003 0.005 0.001 0.001 0.001 0.097 0.001 0.001 0.001 0 0.058;0.266 0.002 0.002 0.193 0.002 0 0 0.005 0.001 0.001 0 0.093 0 0.001 0.002 0.213 0.004 0 0.001 0.097 0 0.001 0 0.003 0 0.001 0.003 0 0.001 0.002 0 0.046 0 0.001 0.001 0.058;
0.238 0.001 0.002 0.179 0.006 0.001 0 0.048 0.003 0.001 0.001 0.09 0 0.001 0.006 0.219 0 0.002 0 0.082 0.001 0 0.002 0.055 0 0 0 0 0.008 0 0.001 0.029 0 0 0 0.024;0.238 0.001 0.002 0.001 0.09 0 0.001 0 0 0.008 0.179 0.006 0.001 0 0.006 0.219 0 0.002 0 0.001 0.029 0 0.002 0 0 0.055 0.048 0.003 0.001 0 0.082 0.001 0 0 0 0.024;0.238 0.001 0 0.179 0.006 0 0.002 0.048 0 0 0.001 0.09 0 0.001 0.006 0.219 0.001 0 0.003 0.082 0 0 0 0.055 0 0.002 0.002 0 0.008 0.001 0 0.029 0 0.001 0.001 0.024;
0.219 0 0.002 0.077 0.003 0.001 0 0.154 0.002 0.002 0.001 0.032 0 0 0 0.173 0.001 0 0.001 0.027 0.002 0 0.003 0.115 0 0 0.004 0 0.068 0 0.002 0.034 0.001 0.001 0 0.075;0.219 0 0.002 0.001 0.032 0 0 0.004 0 0.068 0.077 0.003 0.001 0 0 0.173 0.001 0 0 0.002 0.034 0.001 0.003 0 0 0.115 0.154 0.002 0.002 0.001 0.027 0.002 0 0.001 0 0.075;0.219 0.001 0.004 0.077 0 0 0.003 0.154 0.001 0.001 0 0.032 0 0 0.003 0.173 0.002 0 0.002 0.027 0 0 0 0.115 0.001 0 0.002 0 0.068 0.001 0.001 0.034 0 0.002 0.002 0.075;
0.227 0.002 0.001 0.177 0.003 0 0.001 0.055 0.001 0.002 0.001 0.058 0.001 0.001 0 0.143 0.002 0.001 0.001 0.068 0.003 0 0.002 0.039 0.001 0.003 0.002 0 0.027 0 0.002 0.091 0.002 0 0.002 0.081;0.227 0.002 0.001 0.001 0.058 0.001 0.001 0.002 0 0.027 0.177 0.003 0 0.001 0 0.143 0.002 0.001 0 0.002 0.091 0.002 0.002 0.003 0.001 0.039 0.055 0.001 0.002 0.001 0.068 0.003 0 0 0.002 0.081;0.227 0.001 0.002 0.177 0 0 0.002 0.055 0.001 0 0.002 0.058 0 0.001 0.003 0.143 0.002 0.003 0.001 0.068 0.002 0 0.001 0.039 0.002 0.001 0.001 0.001 0.027 0 0.002 0.091 0.001 0.002 0.003 0.081;
0.267 0 0.001 0.223 0.001 0.004 0 0.014 0 0.001 0.002 0.05 0 0.003 0.003 0.16 0.003 0.002 0 0.088 0.003 0.003 0.001 0.011 0.001 0.001 0 0 0.004 0.001 0.002 0.069 0.002 0 0.001 0.079;0.267 0 0.001 0.002 0.05 0 0.003 0 0 0.004 0.223 0.001 0.004 0 0.003 0.16 0.003 0.002 0.001 0.002 0.069 0.002 0.001 0.001 0.001 0.011 0.014 0 0.001 0 0.088 0.003 0.003 0 0.001 0.079;0.267 0.002 0 0.223 0.003 0.001 0.001 0.014 0 0 0 0.05 0 0.003 0.001 0.16 0.002 0.001 0 0.088 0.001 0.003 0 0.011 0.002 0.002 0.001 0 0.004 0.004 0.003 0.069 0.001 0.001 0.003 0.079;
0.214 0 0 0.212 0.004 0.002 0.001 0.034 0.001 0 0.001 0.064 0 0.001 0.002 0.144 0.001 0.001 0 0.058 0 0.001 0.002 0.025 0 0 0.006 0 0.016 0.003 0.002 0.1 0.001 0.001 0.002 0.101;0.214 0 0 0.001 0.064 0 0.001 0.006 0 0.016 0.212 0.004 0.002 0.001 0.002 0.144 0.001 0.001 0.003 0.002 0.1 0.001 0.002 0 0 0.025 0.034 0.001 0 0 0.058 0 0.001 0.001 0.002 0.101;0.214 0.001 0.006 0.212 0.002 0.003 0.002 0.034 0 0.001 0 0.064 0 0.001 0.004 0.144 0.002 0 0.001 0.058 0.002 0.001 0.001 0.025 0.001 0.001 0 0 0.016 0.002 0.001 0.1 0 0 0 0.101;
0.222 0 0.001 0.136 0.001 0.002 0 0.087 0.001 0.002 0.001 0.049 0 0 0 0.184 0 0.003 0 0.059 0.001 0.001 0.001 0.084 0 0.006 0.001 0 0.033 0.002 0 0.054 0.002 0.003 0.001 0.063;0.222 0 0.001 0.001 0.049 0 0 0.001 0 0.033 0.136 0.001 0.002 0 0 0.184 0 0.003 0.002 0 0.054 0.002 0.001 0.006 0 0.084 0.087 0.001 0.002 0 0.059 0.001 0.001 0.003 0.001 0.063;0.222 0.001 0.001 0.136 0 0.002 0.001 0.087 0 0.003 0 0.049 0 0 0.001 0.184 0 0.006 0.001 0.059 0.001 0.001 0 0.084 0.002 0.003 0.001 0 0.033 0.002 0 0.054 0 0.002 0.001 0.063;
0.265 0.002 0 0.204 0.002 0.003 0.001 0.021 0 0.001 0.005 0.045 0.001 0.001 0.003 0.104 0.001 0.002 0 0.05 0.003 0.001 0.001 0.017 0.001 0.003 0 0 0.012 0.002 0.002 0.123 0 0.001 0.003 0.12;0.265 0.002 0 0.005 0.045 0.001 0.001 0 0 0.012 0.204 0.002 0.003 0.001 0.003 0.104 0.001 0.002 0.002 0.002 0.123 0 0.001 0.003 0.001 0.017 0.021 0 0.001 0 0.05 0.003 0.001 0.001 0.003 0.12;0.265 0.005 0 0.204 0.003 0.002 0.001 0.021 0 0.001 0.002 0.045 0 0.001 0.002 0.104 0.002 0.003 0 0.05 0.003 0.001 0.001 0.017 0 0.002 0 0.001 0.012 0.003 0.001 0.123 0.001 0.001 0.003 0.12;
0.228 0.002 0.002 0.221 0 0.001 0.002 0.083 0.001 0.001 0 0.086 0 0.004 0.001 0.205 0 0.002 0.002 0.071 0.001 0 0 0.05 0 0 0 0 0.006 0.001 0.001 0.011 0 0.001 0.001 0.016;0.228 0.002 0.002 0 0.086 0 0.004 0 0 0.006 0.221 0 0.001 0.002 0.001 0.205 0 0.002 0.001 0.001 0.011 0 0 0 0 0.05 0.083 0.001 0.001 0.002 0.071 0.001 0 0.001 0.001 0.016;0.228 0 0 0.221 0.001 0.001 0 0.083 0.002 0.001 0.002 0.086 0 0.004 0 0.205 0.001 0 0.001 0.071 0.001 0 0.002 0.05 0 0.002 0.002 0 0.006 0.001 0 0.011 0 0.001 0.001 0.016;
0.245 0.001 0 0.218 0.006 0.002 0.003 0.032 0 0.001 0.002 0.096 0 0.001 0.001 0.214 0.004 0 0.002 0.103 0.002 0.001 0.001 0.034 0 0.004 0.001 0 0.002 0.002 0 0.013 0 0 0 0.009;0.245 0.001 0 0.002 0.096 0 0.001 0.001 0 0.002 0.218 0.006 0.002 0.003 0.001 0.214 0.004 0 0.002 0 0.013 0 0.001 0.004 0 0.034 0.032 0 0.001 0.002 0.103 0.002 0.001 0 0 0.009;0.245 0.002 0.001 0.218 0.001 0.002 0.001 0.032 0.002 0 0.001 0.096 0 0.001 0.006 0.214 0 0.004 0 0.103 0 0.001 0.003 0.034 0 0 0 0 0.002 0.002 0.004 0.013 0 0.001 0.002 0.009;
0.221 0.001 0.002 0.158 0 0.001 0.001 0.097 0.002 0 0.002 0.065 0.002 0 0 0.16 0.001 0.003 0 0.059 0.001 0 0.003 0.055 0.001 0.001 0 0 0.028 0.002 0.001 0.051 0.001 0.003 0.001 0.077;0.221 0.001 0.002 0.002 0.065 0.002 0 0 0 0.028 0.158 0 0.001 0.001 0 0.16 0.001 0.003 0.002 0.001 0.051 0.001 0.003 0.001 0.001 0.055 0.097 0.002 0 0 0.059 0.001 0 0.003 0.001 0.077;0.221 0.002 0 0.158 0 0.002 0.003 0.097 0 0.003 0.001 0.065 0 0 0 0.16 0.001 0.001 0.002 0.059 0.001 0 0.001 0.055 0.001 0.003 0.002 0.002 0.028 0.001 0.001 0.051 0.001 0 0.001 0.077;
0.21 0.001 0.005 0.083 0.001 0.001 0.001 0.158 0.002 0.001 0.001 0.032 0 0 0 0.2 0 0.001 0 0.041 0 0.001 0.001 0.114 0.001 0.004 0.005 0 0.027 0.001 0.001 0.024 0 0.002 0.001 0.08;0.21 0.001 0.005 0.001 0.032 0 0 0.005 0 0.027 0.083 0.001 0.001 0.001 0 0.2 0 0.001 0.001 0.001 0.024 0 0.001 0.004 0.001 0.114 0.158 0.002 0.001 0 0.041 0 0.001 0.002 0.001 0.08;0.21 0.001 0.005 0.083 0 0.001 0.001 0.158 0 0.002 0.001 0.032 0 0 0.001 0.2 0.001 0.004 0.002 0.041 0.001 0.001 0.001 0.114 0 0.001 0.005 0 0.027 0.001 0 0.024 0.001 0.001 0 0.08;
0.246 0.002 0 0.212 0.006 0.001 0 0.032 0.001 0 0.001 0.047 0 0.001 0 0.1 0.001 0 0 0.055 0.001 0.001 0.001 0.017 0 0.003 0.001 0 0.013 0.001 0.001 0.127 0.001 0.002 0.002 0.124;0.246 0.002 0 0.001 0.047 0 0.001 0.001 0 0.013 0.212 0.006 0.001 0 0 0.1 0.001 0 0.001 0.001 0.127 0.001 0.001 0.003 0 0.017 0.032 0.001 0 0 0.055 0.001 0.001 0.002 0.002 0.124;0.246 0.001 0.001 0.212 0 0.001 0.001 0.032 0 0.002 0.002 0.047 0 0.001 0.006 0.1 0.001 0.003 0.001 0.055 0.002 0.001 0 0.017 0.001 0 0 0 0.013 0.001 0.001 0.127 0 0 0.001 0.124;
0.257 0.002 0.001 0.025 0.002 0 0.002 0.171 0.001 0.005 0.002 0.007 0.001 0.001 0.002 0.15 0 0.005 0.002 0.005 0 0 0 0.118 0.001 0.001 0.001 0 0.09 0.001 0.001 0.011 0.001 0.003 0.001 0.13;0.257 0.002 0.001 0.002 0.007 0.001 0.001 0.001 0 0.09 0.025 0.002 0 0.002 0.002 0.15 0 0.005 0.001 0.001 0.011 0.001 0 0.001 0.001 0.118 0.171 0.001 0.005 0.002 0.005 0 0 0.003 0.001 0.13;0.257 0.002 0.001 0.025 0.002 0.001 0 0.171 0.002 0.003 0.002 0.007 0 0.001 0.002 0.15 0.001 0.001 0.001 0.005 0.001 0 0.002 0.118 0.001 0.005 0.001 0.001 0.09 0 0 0.011 0.001 0.005 0 0.13;
0.258 0.004 0.003 0.199 0 0.004 0 0.06 0.001 0.004 0.004 0.022 0.001 0 0.002 0.059 0 0 0.001 0.018 0 0 0 0.012 0 0 0.002 0.001 0.039 0 0.001 0.137 0.002 0.001 0.001 0.164;0.258 0.004 0.003 0.004 0.022 0.001 0 0.002 0.001 0.039 0.199 0 0.004 0 0.002 0.059 0 0 0 0.001 0.137 0.002 0 0 0 0.012 0.06 0.001 0.004 0.001 0.018 0 0 0.001 0.001 0.164;0.258 0.004 0.002 0.199 0.002 0 0 0.06 0.001 0.001 0.004 0.022 0.001 0 0 0.059 0.001 0 0.001 0.018 0.001 0 0 0.012 0.002 0 0.003 0.001 0.039 0.004 0 0.137 0 0.004 0 0.164;
0.241 0.001 0.003 0.191 0 0.003 0.001 0.063 0 0.004 0.001 0.033 0 0 0 0.06 0.001 0.001 0 0.027 0.002 0.001 0.002 0.012 0 0 0.003 0 0.054 0.001 0.001 0.131 0 0.001 0.001 0.161;0.241 0.001 0.003 0.001 0.033 0 0 0.003 0 0.054 0.191 0 0.003 0.001 0 0.06 0.001 0.001 0.001 0.001 0.131 0 0.002 0 0 0.012 0.063 0 0.004 0 0.027 0.002 0.001 0.001 0.001 0.161;0.241 0.001 0.003 0.191 0 0.001 0.002 0.063 0 0.001 0.001 0.033 0 0 0 0.06 0.001 0 0 0.027 0.001 0.001 0.001 0.012 0 0.001 0.003 0 0.054 0.003 0.001 0.131 0 0.004 0.002 0.161;
0.276 0.001 0.001 0.218 0.002 0.001 0 0.005 0 0.002 0.004 0.1 0 0.001 0 0.24 0.001 0.004 0 0.096 0 0.001 0.001 0.004 0 0.003 0 0 0 0 0 0.02 0 0 0 0.019;0.276 0.001 0.001 0.004 0.1 0 0.001 0 0 0 0.218 0.002 0.001 0 0 0.24 0.001 0.004 0 0 0.02 0 0.001 0.003 0 0.004 0.005 0 0.002 0 0.096 0 0.001 0 0 0.019;0.276 0.004 0 0.218 0 0 0.001 0.005 0 0 0.001 0.1 0 0.001 0.002 0.24 0 0.003 0 0.096 0 0.001 0 0.004 0 0.004 0.001 0 0 0.001 0.001 0.02 0 0.002 0 0.019;
0.225 0 0.001 0.203 0.005 0.004 0.001 0.043 0.002 0.002 0.003 0.075 0 0.001 0.002 0.197 0.001 0.003 0 0.09 0.003 0 0.001 0.03 0.002 0.001 0.001 0.001 0.013 0.001 0 0.029 0 0.001 0 0.059;0.225 0 0.001 0.003 0.075 0 0.001 0.001 0.001 0.013 0.203 0.005 0.004 0.001 0.002 0.197 0.001 0.003 0.001 0 0.029 0 0.001 0.001 0.002 0.03 0.043 0.002 0.002 0 0.09 0.003 0 0.001 0 0.059;0.225 0.003 0.001 0.203 0.002 0.001 0.001 0.043 0 0.001 0 0.075 0.001 0.001 0.005 0.197 0 0.001 0.002 0.09 0 0 0.001 0.03 0 0.003 0.001 0 0.013 0.004 0.001 0.029 0.002 0.002 0.003 0.059;
0.245 0.001 0.001 0.149 0 0.004 0.001 0.115 0 0.001 0.002 0.062 0 0.001 0.002 0.199 0 0 0.001 0.065 0 0 0.003 0.083 0 0.003 0.001 0 0.01 0.001 0.001 0.019 0.001 0 0 0.029;0.245 0.001 0.001 0.002 0.062 0 0.001 0.001 0 0.01 0.149 0 0.004 0.001 0.002 0.199 0 0 0.001 0.001 0.019 0.001 0.003 0.003 0 0.083 0.115 0 0.001 0.001 0.065 0 0 0 0 0.029;0.245 0.002 0.001 0.149 0.002 0.001 0.003 0.115 0.001 0 0.001 0.062 0 0.001 0 0.199 0.001 0.003 0 0.065 0 0 0.001 0.083 0.001 0 0.001 0 0.01 0.004 0 0.019 0 0.001 0 0.029;
0.25 0.005 0.001 0.222 0.006 0 0.002 0.049 0.002 0.001 0.005 0.095 0 0 0 0.214 0 0.002 0 0.103 0.001 0.001 0.002 0.023 0 0.002 0.001 0 0.002 0 0 0.005 0 0 0.002 0.004;0.25 0.005 0.001 0.005 0.095 0 0 0.001 0 0.002 0.222 0.006 0 0.002 0 0.214 0 0.002 0 0 0.005 0 0.002 0.002 0 0.023 0.049 0.002 0.001 0 0.103 0.001 0.001 0 0.002 0.004;0.25 0.005 0.001 0.222 0 0 0.002 0.049 0 0 0.005 0.095 0 0 0.006 0.214 0 0.002 0.002 0.103 0.002 0.001 0.002 0.023 0 0.002 0.001 0 0.002 0 0 0.005 0 0.001 0.001 0.004;
0.215 0 0.002 0.14 0.001 0.002 0.001 0.094 0 0.001 0.002 0.057 0.001 0.003 0.001 0.141 0 0.002 0.001 0.039 0 0 0.001 0.072 0 0.004 0.001 0 0.045 0.003 0.001 0.07 0.001 0.001 0 0.098;0.215 0 0.002 0.002 0.057 0.001 0.003 0.001 0 0.045 0.14 0.001 0.002 0.001 0.001 0.141 0 0.002 0.003 0.001 0.07 0.001 0.001 0.004 0 0.072 0.094 0 0.001 0.001 0.039 0 0 0.001 0 0.098;0.215 0.002 0.001 0.14 0.001 0.003 0.001 0.094 0.001 0.001 0 0.057 0 0.003 0.001 0.141 0.001 0.004 0 0.039 0 0 0.001 0.072 0.001 0.002 0.002 0.001 0.045 0.002 0 0.07 0 0.001 0 0.098;
0.254 0.001 0 0.19 0.001 0.001 0.001 0.011 0.001 0.001 0.003 0.07 0 0 0.002 0.148 0 0 0 0.065 0.001 0.003 0 0.001 0.001 0.001 0 0.001 0.005 0.001 0 0.11 0 0.002 0 0.125;0.254 0.001 0 0.003 0.07 0 0 0 0.001 0.005 0.19 0.001 0.001 0.001 0.002 0.148 0 0 0.001 0 0.11 0 0 0.001 0.001 0.001 0.011 0.001 0.001 0 0.065 0.001 0.003 0.002 0 0.125;0.254 0.003 0 0.19 0.002 0.001 0 0.011 0 0.002 0.001 0.07 0.001 0 0.001 0.148 0 0.001 0.001 0.065 0 0.003 0.001 0.001 0 0 0 0 0.005 0.001 0 0.11 0.001 0.001 0.001 0.125;
0.266 0.004 0.001 0.216 0.005 0.001 0 0 0 0.002 0.001 0.104 0.002 0.001 0.001 0.247 0.001 0.002 0 0.105 0.001 0.001 0 0 0 0.005 0 0.001 0 0 0 0.013 0 0 0 0.02;0.266 0.004 0.001 0.001 0.104 0.002 0.001 0 0.001 0 0.216 0.005 0.001 0 0.001 0.247 0.001 0.002 0 0 0.013 0 0 0.005 0 0 0 0 0.002 0 0.105 0.001 0.001 0 0 0.02;0.266 0.001 0 0.216 0.001 0 0 0 0 0 0.004 0.104 0.001 0.001 0.005 0.247 0 0.005 0 0.105 0 0.001 0 0 0 0.002 0.001 0.002 0 0.001 0.001 0.013 0 0.002 0.001 0.02;
0.245 0.002 0 0.209 0.001 0.001 0 0.056 0.002 0 0 0.079 0 0 0 0.214 0 0.004 0.001 0.075 0 0.001 0.001 0.032 0 0.002 0.002 0 0.002 0 0.001 0.033 0 0.001 0 0.036;0.245 0.002 0 0 0.079 0 0 0.002 0 0.002 0.209 0.001 0.001 0 0 0.214 0 0.004 0 0.001 0.033 0 0.001 0.002 0 0.032 0.056 0.002 0 0.001 0.075 0 0.001 0.001 0 0.036;0.245 0 0.002 0.209 0 0 0.001 0.056 0.001 0.001 0.002 0.079 0 0 0.001 0.214 0.001 0.002 0.002 0.075 0 0.001 0 0.032 0 0.004 0 0 0.002 0.001 0 0.033 0 0 0 0.036;
0.243 0.001 0 0.169 0.004 0 0.002 0.094 0.002 0.001 0.001 0.09 0 0 0 0.199 0 0.001 0 0.084 0.001 0.001 0.002 0.078 0 0.005 0.003 0 0 0.002 0 0.007 0 0.002 0 0.008;0.243 0.001 0 0.001 0.09 0 0 0.003 0 0 0.169 0.004 0 0.002 0 0.199 0 0.001 0.002 0 0.007 0 0.002 0.005 0 0.078 0.094 0.002 0.001 0 0.084 0.001 0.001 0.002 0 0.008;0.243 0.001 0.003 0.169 0 0.002 0.002 0.094 0 0.002 0.001 0.09 0 0 0.004 0.199 0 0.005 0.002 0.084 0 0.001 0.002 0.078 0 0.001 0 0 0 0 0 0.007 0 0.001 0.001 0.008;
0.267 0.002 0 0.235 0.004 0.001 0.001 0.028 0 0 0.003 0.086 0 0.002 0.001 0.215 0.002 0 0 0.105 0.002 0.002 0 0.023 0 0.003 0.003 0 0 0 0.001 0.007 0.001 0 0.001 0.005;0.267 0.002 0 0.003 0.086 0 0.002 0.003 0 0 0.235 0.004 0.001 0.001 0.001 0.215 0.002 0 0 0.001 0.007 0.001 0 0.003 0 0.023 0.028 0 0 0 0.105 0.002 0.002 0 0.001 0.005;0.267 0.003 0.003 0.235 0.001 0 0 0.028 0 0 0.002 0.086 0 0.002 0.004 0.215 0.001 0.003 0 0.105 0.001 0.002 0.001 0.023 0.001 0 0 0 0 0.001 0.002 0.007 0 0 0.002 0.005;
0.222 0.002 0.002 0.146 0.003 0 0.001 0.093 0.003 0.004 0.003 0.052 0 0 0.001 0.122 0 0.001 0.002 0.051 0.001 0 0 0.041 0.002 0 0.001 0 0.038 0.002 0.006 0.09 0.001 0 0 0.11;0.222 0.002 0.002 0.003 0.052 0 0 0.001 0 0.038 0.146 0.003 0 0.001 0.001 0.122 0 0.001 0.002 0.006 0.09 0.001 0 0 0.002 0.041 0.093 0.003 0.004 0.002 0.051 0.001 0 0 0 0.11;0.222 0.003 0.001 0.146 0.001 0.002 0 0.093 0.002 0 0.002 0.052 0 0 0.003 0.122 0.006 0 0.003 0.051 0 0 0.001 0.041 0.001 0.001 0.002 0 0.038 0 0 0.09 0.002 0.004 0.001 0.11;
0.213 0.003 0.001 0.155 0.004 0.002 0 0.103 0 0.001 0.001 0.059 0 0.001 0 0.176 0 0 0.004 0.062 0.002 0.003 0.002 0.083 0 0.001 0 0.002 0.035 0 0 0.031 0 0.002 0 0.054;0.213 0.003 0.001 0.001 0.059 0 0.001 0 0.002 0.035 0.155 0.004 0.002 0 0 0.176 0 0 0 0 0.031 0 0.002 0.001 0 0.083 0.103 0 0.001 0.004 0.062 0.002 0.003 0.002 0 0.054;0.213 0.001 0 0.155 0 0 0.002 0.103 0.004 0.002 0.003 0.059 0.002 0.001 0.004 0.176 0 0.001 0 0.062 0 0.003 0 0.083 0 0 0.001 0 0.035 0.002 0 0.031 0 0.001 0.002 0.054;
0.195 0 0.004 0.12 0.002 0.002 0.001 0.107 0 0.002 0.006 0.047 0 0 0.001 0.174 0 0.002 0 0.057 0.003 0.002 0 0.089 0.001 0.001 0 0.002 0.05 0 0 0.05 0 0 0.001 0.081;0.195 0 0.004 0.006 0.047 0 0 0 0.002 0.05 0.12 0.002 0.002 0.001 0.001 0.174 0 0.002 0 0 0.05 0 0 0.001 0.001 0.089 0.107 0 0.002 0 0.057 0.003 0.002 0 0.001 0.081;0.195 0.006 0 0.12 0.001 0 0 0.107 0 0 0 0.047 0.002 0 0.002 0.174 0 0.001 0 0.057 0.001 0.002 0.001 0.089 0 0.002 0.004 0 0.05 0.002 0 0.05 0.001 0.002 0.003 0.081;
0.239 0.005 0.001 0.216 0.001 0 0.001 0.019 0 0.002 0 0.06 0 0 0.003 0.131 0.001 0 0 0.072 0.002 0.001 0 0.008 0.001 0.001 0.001 0 0.007 0.007 0.001 0.088 0 0.002 0.003 0.127;0.239 0.005 0.001 0 0.06 0 0 0.001 0 0.007 0.216 0.001 0 0.001 0.003 0.131 0.001 0 0.007 0.001 0.088 0 0 0.001 0.001 0.008 0.019 0 0.002 0 0.072 0.002 0.001 0.002 0.003 0.127;0.239 0 0.001 0.216 0.003 0.007 0 0.019 0 0.002 0.005 0.06 0 0 0.001 0.131 0.001 0.001 0 0.072 0.003 0.001 0.001 0.008 0 0 0.001 0 0.007 0 0.001 0.088 0.001 0.002 0.002 0.127;
0.244 0 0.002 0.115 0.001 0 0 0.152 0.001 0.002 0.002 0.028 0 0 0 0.103 0 0.001 0.002 0.024 0.002 0 0 0.049 0.001 0 0.005 0.001 0.057 0.003 0 0.067 0.002 0.002 0 0.134;0.244 0 0.002 0.002 0.028 0 0 0.005 0.001 0.057 0.115 0.001 0 0 0 0.103 0 0.001 0.003 0 0.067 0.002 0 0 0.001 0.049 0.152 0.001 0.002 0.002 0.024 0.002 0 0.002 0 0.134;0.244 0.002 0.005 0.115 0 0.003 0 0.152 0.002 0.002 0 0.028 0.001 0 0.001 0.103 0 0 0.001 0.024 0 0 0 0.049 0.002 0.001 0.002 0 0.057 0 0 0.067 0.001 0.002 0.002 0.134;
0.234 0 0.004 0.129 0.002 0.001 0.001 0.14 0.001 0.006 0.001 0.053 0 0.001 0 0.2 0.002 0.006 0 0.052 0 0.001 0.001 0.115 0.001 0.003 0.001 0.001 0.007 0 0.002 0.01 0 0.001 0 0.024;0.234 0 0.004 0.001 0.053 0 0.001 0.001 0.001 0.007 0.129 0.002 0.001 0.001 0 0.2 0.002 0.006 0 0.002 0.01 0 0.001 0.003 0.001 0.115 0.14 0.001 0.006 0 0.052 0 0.001 0.001 0 0.024;0.234 0.001 0.001 0.129 0 0 0.001 0.14 0 0.001 0 0.053 0.001 0.001 0.002 0.2 0.002 0.003 0.001 0.052 0 0.001 0.001 0.115 0 0.006 0.004 0 0.007 0.001 0.002 0.01 0.001 0.006 0 0.024;
0.231 0.001 0.003 0.169 0.002 0.001 0.001 0.046 0 0 0.003 0.078 0.001 0 0 0.187 0.001 0.001 0.002 0.06 0.001 0.001 0 0.055 0.001 0 0 0.002 0.024 0 0.002 0.063 0.001 0 0 0.063;0.231 0.001 0.003 0.003 0.078 0.001 0 0 0.002 0.024 0.169 0.002 0.001 0.001 0 0.187 0.001 0.001 0 0.002 0.063 0.001 0 0 0.001 0.055 0.046 0 0 0.002 0.06 0.001 0.001 0 0 0.063;0.231 0.003 0 0.169 0 0 0 0.046 0.002 0 0.001 0.078 0.002 0 0.002 0.187 0.002 0 0 0.06 0 0.001 0.001 0.055 0.001 0.001 0.003 0.001 0.024 0.001 0.001 0.063 0.001 0 0.001 0.063;
0.258 0.003 0 0.061 0 0 0.001 0.152 0 0.002 0.002 0.02 0.001 0 0 0.231 0 0.005 0 0.021 0 0 0.001 0.154 0 0.007 0.001 0.001 0.032 0.001 0 0.007 0 0.003 0 0.036;0.258 0.003 0 0.002 0.02 0.001 0 0.001 0.001 0.032 0.061 0 0 0.001 0 0.231 0 0.005 0.001 0 0.007 0 0.001 0.007 0 0.154 0.152 0 0.002 0 0.021 0 0 0.003 0 0.036;0.258 0.002 0.001 0.061 0 0.001 0.001 0.152 0 0.003 0.003 0.02 0.001 0 0 0.231 0 0.007 0 0.021 0 0 0.001 0.154 0 0.005 0 0.001 0.032 0 0 0.007 0 0.002 0 0.036;
0.278 0.004 0.002 0.228 0.003 0.003 0 0.011 0 0.002 0 0.106 0 0.001 0.001 0.225 0 0.003 0 0.099 0 0 0.001 0.015 0 0 0 0.001 0.001 0 0.001 0.007 0 0 0.001 0.007;0.278 0.004 0.002 0 0.106 0 0.001 0 0.001 0.001 0.228 0.003 0.003 0 0.001 0.225 0 0.003 0 0.001 0.007 0 0.001 0 0 0.015 0.011 0 0.002 0 0.099 0 0 0 0.001 0.007;0.278 0 0 0.228 0.001 0 0.001 0.011 0 0 0.004 0.106 0.001 0.001 0.003 0.225 0.001 0 0 0.099 0.001 0 0 0.015 0 0.003 0.002 0 0.001 0.003 0 0.007 0 0.002 0 0.007;
0.221 0.002 0 0.213 0.003 0.002 0.001 0.055 0.001 0.002 0.002 0.098 0 0 0.001 0.189 0.002 0 0.002 0.099 0.002 0 0.001 0.043 0.001 0 0.003 0 0.004 0.002 0.001 0.017 0 0 0 0.033;0.221 0.002 0 0.002 0.098 0 0 0.003 0 0.004 0.213 0.003 0.002 0.001 0.001 0.189 0.002 0 0.002 0.001 0.017 0 0.001 0 0.001 0.043 0.055 0.001 0.002 0.002 0.099 0.002 0 0 0 0.033;0.221 0.002 0.003 0.213 0.001 0.002 0.001 0.055 0.002 0 0.002 0.098 0 0 0.003 0.189 0.001 0 0.001 0.099 0 0 0.001 0.043 0 0 0 0 0.004 0.002 0.002 0.017 0.001 0.002 0.002 0.033;
0.237 0.002 0.004 0.207 0.002 0.002 0 0.005 0.001 0.002 0.002 0.091 0 0 0.004 0.196 0 0 0 0.105 0.002 0.001 0 0.002 0 0.003 0.001 0.001 0.001 0.005 0 0.048 0 0 0.001 0.075;0.237 0.002 0.004 0.002 0.091 0 0 0.001 0.001 0.001 0.207 0.002 0.002 0 0.004 0.196 0 0 0.005 0 0.048 0 0 0.003 0 0.002 0.005 0.001 0.002 0 0.105 0.002 0.001 0 0.001 0.075;0.237 0.002 0.001 0.207 0.004 0.005 0 0.005 0 0 0.002 0.091 0.001 0 0.002 0.196 0 0.003 0.001 0.105 0.001 0.001 0 0.002 0 0 0.004 0 0.001 0.002 0 0.048 0 0.002 0.002 0.075;
0.261 0.006 0.002 0.098 0.003 0.001 0.002 0.191 0.001 0.001 0 0.001 0.001 0 0 0.006 0.001 0 0.002 0.003 0 0 0 0.007 0 0 0.002 0.001 0.126 0 0 0.074 0.001 0.003 0.003 0.203;0.261 0.006 0.002 0 0.001 0.001 0 0.002 0.001 0.126 0.098 0.003 0.001 0.002 0 0.006 0.001 0 0 0 0.074 0.001 0 0 0 0.007 0.191 0.001 0.001 0.002 0.003 0 0 0.003 0.003 0.203;0.261 0 0.002 0.098 0 0 0 0.191 0.002 0.003 0.006 0.001 0.001 0 0.003 0.006 0 0 0.001 0.003 0.003 0 0.002 0.007 0.001 0 0.002 0.001 0.126 0.001 0.001 0.074 0 0.001 0 0.203;
0.226 0.001 0.002 0.222 0.003 0.002 0 0.033 0.002 0 0.001 0.053 0 0.002 0.002 0.114 0 0.004 0.001 0.066 0 0.002 0.001 0.015 0 0.002 0.003 0 0.023 0.001 0.001 0.098 0 0 0.001 0.119;0.226 0.001 0.002 0.001 0.053 0 0.002 0.003 0 0.023 0.222 0.003 0.002 0 0.002 0.114 0 0.004 0.001 0.001 0.098 0 0.001 0.002 0 0.015 0.033 0.002 0 0.001 0.066 0 0.002 0 0.001 0.119;0.226 0.001 0.003 0.222 0.002 0.001 0.001 0.033 0.001 0 0.001 0.053 0 0.002 0.003 0.114 0.001 0.002 0.002 0.066 0.001 0.002 0 0.015 0 0.004 0.002 0 0.023 0.002 0 0.098 0 0 0 0.119;
0.212 0.003 0 0.192 0.002 0.001 0 0.057 0.001 0.004 0.003 0.09 0 0.001 0.001 0.156 0.001 0.001 0.001 0.082 0.002 0 0.002 0.063 0 0.003 0 0 0.01 0.003 0.001 0.049 0.002 0.001 0 0.056;0.212 0.003 0 0.003 0.09 0 0.001 0 0 0.01 0.192 0.002 0.001 0 0.001 0.156 0.001 0.001 0.003 0.001 0.049 0.002 0.002 0.003 0 0.063 0.057 0.001 0.004 0.001 0.082 0.002 0 0.001 0 0.056;0.212 0.003 0 0.192 0.001 0.003 0.002 0.057 0.001 0.001 0.003 0.09 0 0.001 0.002 0.156 0.001 0.003 0.001 0.082 0 0 0 0.063 0.002 0.001 0 0 0.01 0.001 0.001 0.049 0 0.004 0.002 0.056;
0.247 0.003 0.005 0.071 0.003 0 0 0.149 0.002 0.003 0.004 0.041 0 0.001 0 0.193 0.001 0.002 0 0.032 0.001 0.001 0 0.11 0 0.002 0.001 0 0.038 0 0.002 0.02 0 0.001 0 0.067;0.247 0.003 0.005 0.004 0.041 0 0.001 0.001 0 0.038 0.071 0.003 0 0 0 0.193 0.001 0.002 0 0.002 0.02 0 0 0.002 0 0.11 0.149 0.002 0.003 0 0.032 0.001 0.001 0.001 0 0.067;0.247 0.004 0.001 0.071 0 0 0 0.149 0 0.001 0.003 0.041 0 0.001 0.003 0.193 0.002 0.002 0.002 0.032 0 0.001 0 0.11 0 0.002 0.005 0 0.038 0 0.001 0.02 0 0.003 0.001 0.067;
0.24 0.003 0.002 0.174 0.004 0.006 0.004 0.106 0.002 0.002 0.001 0.079 0 0.002 0.002 0.196 0.002 0.001 0.001 0.067 0 0.002 0 0.076 0 0.002 0 0.001 0.003 0.001 0 0.006 0 0.004 0 0.011;0.24 0.003 0.002 0.001 0.079 0 0.002 0 0.001 0.003 0.174 0.004 0.006 0.004 0.002 0.196 0.002 0.001 0.001 0 0.006 0 0 0.002 0 0.076 0.106 0.002 0.002 0.001 0.067 0 0.002 0.004 0 0.011;0.24 0.001 0 0.174 0.002 0.001 0 0.106 0.001 0.004 0.003 0.079 0.001 0.002 0.004 0.196 0 0.002 0.002 0.067 0 0.002 0.004 0.076 0 0.001 0.002 0 0.003 0.006 0.002 0.006 0 0.002 0 0.011;
0.252 0.002 0.002 0.219 0.002 0.001 0.001 0.02 0.002 0 0.002 0.047 0 0.001 0 0.121 0.001 0.001 0 0.056 0.001 0 0 0.001 0.003 0 0.001 0.001 0.005 0.003 0.002 0.122 0.001 0.002 0.001 0.127;0.252 0.002 0.002 0.002 0.047 0 0.001 0.001 0.001 0.005 0.219 0.002 0.001 0.001 0 0.121 0.001 0.001 0.003 0.002 0.122 0.001 0 0 0.003 0.001 0.02 0.002 0 0 0.056 0.001 0 0.002 0.001 0.127;0.252 0.002 0.001 0.219 0 0.003 0 0.02 0 0.002 0.002 0.047 0.001 0.001 0.002 0.121 0.002 0 0.002 0.056 0.001 0 0.001 0.001 0.001 0.001 0.002 0 0.005 0.001 0.001 0.122 0.003 0 0.001 0.127;
0.277 0.002 0.003 0.043 0.001 0.001 0.001 0.172 0.001 0.002 0.001 0.026 0 0 0.001 0.213 0 0.001 0.001 0.022 0.001 0 0.001 0.135 0.002 0.01 0.003 0 0.031 0 0.001 0.009 0 0.001 0 0.038;0.277 0.002 0.003 0.001 0.026 0 0 0.003 0 0.031 0.043 0.001 0.001 0.001 0.001 0.213 0 0.001 0 0.001 0.009 0 0.001 0.01 0.002 0.135 0.172 0.001 0.002 0.001 0.022 0.001 0 0.001 0 0.038;0.277 0.001 0.003 0.043 0.001 0 0.001 0.172 0.001 0.001 0.002 0.026 0 0 0.001 0.213 0.001 0.01 0.001 0.022 0 0 0.001 0.135 0 0.001 0.003 0 0.031 0.001 0 0.009 0.002 0.002 0.001 0.038;
0.265 0.001 0.002 0.18 0.001 0.001 0.001 0.072 0.001 0.006 0 0.022 0 0 0.001 0.066 0 0.002 0 0.022 0 0 0 0.017 0 0.004 0.002 0.003 0.059 0.001 0.001 0.116 0 0.002 0 0.152;0.265 0.001 0.002 0 0.022 0 0 0.002 0.003 0.059 0.18 0.001 0.001 0.001 0.001 0.066 0 0.002 0.001 0.001 0.116 0 0 0.004 0 0.017 0.072 0.001 0.006 0 0.022 0 0 0.002 0 0.152;0.265 0 0.002 0.18 0.001 0.001 0 0.072 0 0.002 0.001 0.022 0.003 0 0.001 0.066 0.001 0.004 0.001 0.022 0 0 0.001 0.017 0 0.002 0.002 0 0.059 0.001 0 0.116 0 0.006 0 0.152;
0.223 0.001 0 0.188 0.004 0 0.001 0.038 0.003 0 0.003 0.091 0.002 0.003 0.001 0.18 0 0 0 0.083 0 0.001 0 0.033 0 0 0 0.001 0.012 0 0.001 0.07 0 0 0.001 0.06;0.223 0.001 0 0.003 0.091 0.002 0.003 0 0.001 0.012 0.188 0.004 0 0.001 0.001 0.18 0 0 0 0.001 0.07 0 0 0 0 0.033 0.038 0.003 0 0 0.083 0 0.001 0 0.001 0.06;0.223 0.003 0 0.188 0.001 0 0 0.038 0 0 0.001 0.091 0.001 0.003 0.004 0.18 0.001 0 0.003 0.083 0.001 0.001 0.001 0.033 0 0 0 0.002 0.012 0 0 0.07 0 0 0 0.06;
0.205 0.001 0.001 0.189 0 0.003 0.002 0.05 0 0.001 0.004 0.059 0.001 0 0 0.124 0 0.002 0.002 0.051 0.001 0.003 0 0.022 0 0 0.001 0 0.02 0.003 0.001 0.118 0.001 0.001 0.002 0.132;0.205 0.001 0.001 0.004 0.059 0.001 0 0.001 0 0.02 0.189 0 0.003 0.002 0 0.124 0 0.002 0.003 0.001 0.118 0.001 0 0 0 0.022 0.05 0 0.001 0.002 0.051 0.001 0.003 0.001 0.002 0.132;0.205 0.004 0.001 0.189 0 0.003 0 0.05 0.002 0.001 0.001 0.059 0 0 0 0.124 0.001 0 0 0.051 0.002 0.003 0.002 0.022 0.001 0.002 0.001 0.001 0.02 0.003 0 0.118 0 0.001 0.001 0.132;
0.252 0.002 0.001 0.193 0.001 0.004 0.001 0.035 0 0 0.001 0.071 0.001 0.001 0.002 0.159 0.001 0.001 0 0.072 0 0.004 0 0.038 0.001 0.001 0.003 0.001 0.013 0.002 0.002 0.049 0 0.004 0.001 0.083;0.252 0.002 0.001 0.001 0.071 0.001 0.001 0.003 0.001 0.013 0.193 0.001 0.004 0.001 0.002 0.159 0.001 0.001 0.002 0.002 0.049 0 0 0.001 0.001 0.038 0.035 0 0 0 0.072 0 0.004 0.004 0.001 0.083;0.252 0.001 0.003 0.193 0.002 0.002 0 0.035 0 0.004 0.002 0.071 0.001 0.001 0.001 0.159 0.002 0.001 0 0.072 0.001 0.004 0.001 0.038 0 0.001 0.001 0.001 0.013 0.004 0.001 0.049 0.001 0 0 0.083;
0.254 0.003 0.001 0.202 0.002 0.001 0.001 0.028 0 0.001 0.002 0.093 0 0.001 0.004 0.199 0.002 0.001 0 0.098 0.001 0 0.001 0.019 0.001 0.003 0 0.001 0.003 0 0.003 0.035 0 0 0 0.04;0.254 0.003 0.001 0.002 0.093 0 0.001 0 0.001 0.003 0.202 0.002 0.001 0.001 0.004 0.199 0.002 0.001 0 0.003 0.035 0 0.001 0.003 0.001 0.019 0.028 0 0.001 0 0.098 0.001 0 0 0 0.04;0.254 0.002 0 0.202 0.004 0 0.001 0.028 0 0 0.003 0.093 0.001 0.001 0.002 0.199 0.003 0.003 0 0.098 0 0 0.001 0.019 0 0.001 0.001 0 0.003 0.001 0.002 0.035 0.001 0.001 0.001 0.04;
0.203 0.002 0 0.192 0.003 0.002 0.001 0.06 0.001 0.001 0.003 0.078 0.001 0.002 0.001 0.189 0 0.002 0 0.069 0 0 0 0.047 0 0.002 0.002 0.001 0.011 0.002 0.001 0.048 0.001 0.002 0 0.073;0.203 0.002 0 0.003 0.078 0.001 0.002 0.002 0.001 0.011 0.192 0.003 0.002 0.001 0.001 0.189 0 0.002 0.002 0.001 0.048 0.001 0 0.002 0 0.047 0.06 0.001 0.001 0 0.069 0 0 0.002 0 0.073;0.203 0.003 0.002 0.192 0.001 0.002 0 0.06 0 0.002 0.002 0.078 0.001 0.002 0.003 0.189 0.001 0.002 0.001 0.069 0 0 0.001 0.047 0.001 0.002 0 0.001 0.011 0.002 0 0.048 0 0.001 0 0.073;
0.23 0 0.004 0.055 0.002 0 0.004 0.172 0.001 0.003 0.002 0.007 0 0 0 0.133 0 0.001 0.001 0.024 0.003 0.001 0 0.11 0 0.003 0.004 0.001 0.072 0.001 0.001 0.023 0 0.003 0.001 0.138;0.23 0 0.004 0.002 0.007 0 0 0.004 0.001 0.072 0.055 0.002 0 0.004 0 0.133 0 0.001 0.001 0.001 0.023 0 0 0.003 0 0.11 0.172 0.001 0.003 0.001 0.024 0.003 0.001 0.003 0.001 0.138;0.23 0.002 0.004 0.055 0 0.001 0 0.172 0.001 0.003 0 0.007 0.001 0 0.002 0.133 0.001 0.003 0.001 0.024 0.001 0.001 0.004 0.11 0 0.001 0.004 0 0.072 0 0 0.023 0 0.003 0.003 0.138;
0.228 0.001 0 0.14 0.003 0 0.001 0.111 0 0 0.002 0.038 0 0 0 0.143 0 0 0 0.049 0.001 0 0.001 0.066 0.001 0.001 0.002 0.002 0.032 0 0 0.061 0 0.001 0 0.116;0.228 0.001 0 0.002 0.038 0 0 0.002 0.002 0.032 0.14 0.003 0 0.001 0 0.143 0 0 0 0 0.061 0 0.001 0.001 0.001 0.066 0.111 0 0 0 0.049 0.001 0 0.001 0 0.116;0.228 0.002 0.002 0.14 0 0 0.001 0.111 0 0.001 0.001 0.038 0.002 0 0.003 0.143 0 0.001 0 0.049 0 0 0.001 0.066 0 0 0 0 0.032 0 0 0.061 0.001 0 0.001 0.116;
0.247 0 0.004 0.201 0.001 0.001 0.001 0.063 0.001 0.004 0.001 0.03 0 0 0.002 0.087 0.001 0 0 0.027 0.001 0 0.001 0.02 0 0 0 0.002 0.038 0.004 0.004 0.114 0.001 0.002 0.002 0.14;0.247 0 0.004 0.001 0.03 0 0 0 0.002 0.038 0.201 0.001 0.001 0.001 0.002 0.087 0.001 0 0.004 0.004 0.114 0.001 0.001 0 0 0.02 0.063 0.001 0.004 0 0.027 0.001 0 0.002 0.002 0.14;0.247 0.001 0 0.201 0.002 0.004 0.001 0.063 0 0.002 0 0.03 0.002 0 0.001 0.087 0.004 0 0.001 0.027 0.002 0 0.001 0.02 0.001 0 0.004 0 0.038 0.001 0.001 0.114 0 0.004 0.001 0.14;
0.256 0.007 0 0.264 0.002 0.002 0.001 0.006 0.001 0 0.003 0.037 0 0 0 0.051 0.001 0 0 0.028 0 0 0.001 0 0.002 0 0.002 0.002 0.005 0.003 0.003 0.147 0 0 0.004 0.172;0.256 0.007 0 0.003 0.037 0 0 0.002 0.002 0.005 0.264 0.002 0.002 0.001 0 0.051 0.001 0 0.003 0.003 0.147 0 0.001 0 0.002 0 0.006 0.001 0 0 0.028 0 0 0 0.004 0.172;0.256 0.003 0.002 0.264 0 0.003 0.001 0.006 0 0 0.007 0.037 0.002 0 0.002 0.051 0.003 0 0.001 0.028 0.004 0 0.001 0 0 0 0 0 0.005 0.002 0.001 0.147 0.002 0 0 0.172;
0.226 0.004 0 0.219 0.003 0.001 0.002 0.02 0.001 0.006 0 0.048 0 0 0 0.124 0 0 0 0.058 0 0 0 0.012 0 0.001 0.002 0 0.007 0 0.001 0.121 0 0 0.002 0.142;0.226 0.004 0 0 0.048 0 0 0.002 0 0.007 0.219 0.003 0.001 0.002 0 0.124 0 0 0 0.001 0.121 0 0 0.001 0 0.012 0.02 0.001 0.006 0 0.058 0 0 0 0.002 0.142;0.226 0 0.002 0.219 0 0 0 0.02 0 0 0.004 0.048 0 0 0.003 0.124 0.001 0.001 0.001 0.058 0.002 0 0.002 0.012 0 0 0 0 0.007 0.001 0 0.121 0 0.006 0 0.142;
0.219 0.002 0.002 0.184 0.001 0.003 0.001 0.082 0.001 0.002 0.001 0.044 0 0 0.001 0.135 0.001 0 0 0.046 0 0.001 0.002 0.05 0 0 0.001 0 0.032 0.001 0.002 0.085 0.001 0.003 0 0.097;0.219 0.002 0.002 0.001 0.044 0 0 0.001 0 0.032 0.184 0.001 0.003 0.001 0.001 0.135 0.001 0 0.001 0.002 0.085 0.001 0.002 0 0 0.05 0.082 0.001 0.002 0 0.046 0 0.001 0.003 0 0.097;0.219 0.001 0.001 0.184 0.001 0.001 0.002 0.082 0 0.003 0.002 0.044 0 0 0.001 0.135 0.002 0 0.001 0.046 0 0.001 0.001 0.05 0.001 0 0.002 0 0.032 0.003 0.001 0.085 0 0.002 0 0.097;
0.228 0.001 0 0.199 0.001 0.003 0.002 0.079 0.001 0.003 0.003 0.028 0 0.001 0 0.048 0.001 0.001 0 0.026 0.002 0 0.001 0.031 0 0.001 0.003 0 0.065 0.001 0.002 0.108 0.001 0 0.001 0.159;0.228 0.001 0 0.003 0.028 0 0.001 0.003 0 0.065 0.199 0.001 0.003 0.002 0 0.048 0.001 0.001 0.001 0.002 0.108 0.001 0.001 0.001 0 0.031 0.079 0.001 0.003 0 0.026 0.002 0 0 0.001 0.159;0.228 0.003 0.003 0.199 0 0.001 0.001 0.079 0 0 0.001 0.028 0 0.001 0.001 0.048 0.002 0.001 0.001 0.026 0.001 0 0.002 0.031 0.001 0.001 0 0 0.065 0.003 0.001 0.108 0 0.003 0.002 0.159;
0.259 0.001 0.001 0.199 0.004 0.003 0.001 0.007 0 0.003 0.002 0.062 0 0 0.001 0.096 0.002 0 0.001 0.045 0.002 0 0.002 0.004 0 0.001 0.002 0 0.003 0.001 0.001 0.14 0 0.001 0.002 0.154;0.259 0.001 0.001 0.002 0.062 0 0 0.002 0 0.003 0.199 0.004 0.003 0.001 0.001 0.096 0.002 0 0.001 0.001 0.14 0 0.002 0.001 0 0.004 0.007 0 0.003 0.001 0.045 0.002 0 0.001 0.002 0.154;0.259 0.002 0.002 0.199 0.001 0.001 0.002 0.007 0.001 0.001 0.001 0.062 0 0 0.004 0.096 0.001 0.001 0 0.045 0.002 0 0.001 0.004 0 0 0.001 0 0.003 0.003 0.002 0.14 0 0.003 0.002 0.154;
0.248 0.002 0 0.208 0.003 0.003 0 0.002 0 0.002 0.001 0.109 0 0 0.001 0.177 0 0 0 0.103 0.002 0.002 0.002 0 0 0.003 0.002 0 0.001 0 0 0.059 0 0 0.001 0.069;0.248 0.002 0 0.001 0.109 0 0 0.002 0 0.001 0.208 0.003 0.003 0 0.001 0.177 0 0 0 0 0.059 0 0.002 0.003 0 0 0.002 0 0.002 0 0.103 0.002 0.002 0 0.001 0.069;0.248 0.001 0.002 0.208 0.001 0 0.002 0.002 0 0 0.002 0.109 0 0 0.003 0.177 0 0.003 0 0.103 0.001 0.002 0 0 0 0 0 0 0.001 0.003 0 0.059 0 0.002 0.002 0.069;
0.234 0.004 0.001 0.191 0.003 0.005 0 0.039 0.001 0.001 0.002 0.072 0 0.001 0.001 0.185 0.002 0.003 0 0.094 0 0.003 0 0.04 0.001 0.001 0.001 0 0.005 0.003 0.004 0.055 0 0 0 0.048;0.234 0.004 0.001 0.002 0.072 0 0.001 0.001 0 0.005 0.191 0.003 0.005 0 0.001 0.185 0.002 0.003 0.003 0.004 0.055 0 0 0.001 0.001 0.04 0.039 0.001 0.001 0 0.094 0 0.003 0 0 0.048;0.234 0.002 0.001 0.191 0.001 0.003 0 0.039 0 0 0.004 0.072 0 0.001 0.003 0.185 0.004 0.001 0.001 0.094 0 0.003 0 0.04 0 0.003 0.001 0 0.005 0.005 0.002 0.055 0.001 0.001 0 0.048;
0.239 0.002 0.001 0.221 0.004 0.004 0 0.016 0.001 0.001 0.002 0.044 0 0.001 0.001 0.096 0.002 0.002 0 0.041 0.001 0 0.003 0.012 0 0 0.003 0 0.017 0.003 0.001 0.135 0 0.001 0.001 0.145;0.239 0.002 0.001 0.002 0.044 0 0.001 0.003 0 0.017 0.221 0.004 0.004 0 0.001 0.096 0.002 0.002 0.003 0.001 0.135 0 0.003 0 0 0.012 0.016 0.001 0.001 0 0.041 0.001 0 0.001 0.001 0.145;0.239 0.002 0.003 0.221 0.001 0.003 0.003 0.016 0 0.001 0.002 0.044 0 0.001 0.004 0.096 0.001 0 0.001 0.041 0.001 0 0 0.012 0 0.002 0.001 0 0.017 0.004 0.002 0.135 0 0.001 0.001 0.145;
0.242 0.001 0.003 0.202 0.002 0.003 0.001 0.086 0 0.003 0 0.008 0 0.001 0 0.049 0 0.001 0 0.02 0.001 0 0 0.009 0 0.001 0.003 0 0.052 0.007 0.001 0.137 0 0.002 0 0.165;0.242 0.001 0.003 0 0.008 0 0.001 0.003 0 0.052 0.202 0.002 0.003 0.001 0 0.049 0 0.001 0.007 0.001 0.137 0 0 0.001 0 0.009 0.086 0 0.003 0 0.02 0.001 0 0.002 0 0.165;0.242 0 0.003 0.202 0 0.007 0 0.086 0 0.002 0.001 0.008 0 0.001 0.002 0.049 0.001 0.001 0 0.02 0 0 0.001 0.009 0 0.001 0.003 0 0.052 0.003 0 0.137 0 0.003 0.001 0.165;
0.255 0.008 0.001 0.198 0.001 0.002 0 0.008 0.001 0 0.003 0.094 0.002 0 0.002 0.221 0.001 0 0 0.091 0.001 0.001 0 0.006 0.002 0.001 0 0 0.002 0.001 0.001 0.047 0 0 0 0.05;0.255 0.008 0.001 0.003 0.094 0.002 0 0 0 0.002 0.198 0.001 0.002 0 0.002 0.221 0.001 0 0.001 0.001 0.047 0 0 0.001 0.002 0.006 0.008 0.001 0 0 0.091 0.001 0.001 0 0 0.05;0.255 0.003 0 0.198 0.002 0.001 0 0.008 0 0 0.008 0.094 0 0 0.001 0.221 0.001 0.001 0.001 0.091 0 0.001 0 0.006 0 0 0.001 0.002 0.002 0.002 0.001 0.047 0.002 0 0.001 0.05;
0.235 0 0.005 0.207 0.002 0.004 0 0.008 0 0 0.002 0.091 0.001 0.001 0.002 0.211 0.001 0.003 0 0.1 0 0 0 0.01 0 0.003 0 0 0 0.001 0.003 0.053 0 0.001 0 0.056;0.235 0 0.005 0.002 0.091 0.001 0.001 0 0 0 0.207 0.002 0.004 0 0.002 0.211 0.001 0.003 0.001 0.003 0.053 0 0 0.003 0 0.01 0.008 0 0 0 0.1 0 0 0.001 0 0.056;0.235 0.002 0 0.207 0.002 0.001 0 0.008 0 0.001 0 0.091 0 0.001 0.002 0.211 0.003 0.003 0 0.1 0 0 0 0.01 0 0.003 0.005 0.001 0 0.004 0.001 0.053 0 0 0 0.056;
0.266 0 0.002 0.2 0 0.003 0.001 0.016 0.001 0 0 0.084 0 0.002 0 0.196 0 0 0 0.08 0 0.003 0 0.016 0 0 0.005 0 0.005 0.001 0 0.053 0 0.001 0.001 0.064;0.266 0 0.002 0 0.084 0 0.002 0.005 0 0.005 0.2 0 0.003 0.001 0 0.196 0 0 0.001 0 0.053 0 0 0 0 0.016 0.016 0.001 0 0 0.08 0 0.003 0.001 0.001 0.064;0.266 0 0.005 0.2 0 0.001 0 0.016 0 0.001 0 0.084 0 0.002 0 0.196 0 0 0.001 0.08 0.001 0.003 0.001 0.016 0 0 0.002 0 0.005 0.003 0 0.053 0 0 0 0.064;
0.253 0 0.002 0.179 0.003 0.008 0 0.096 0 0.003 0 0.012 0 0 0 0.027 0 0 0 0.009 0.001 0 0 0.008 0 0 0.007 0 0.064 0.003 0.003 0.132 0 0.001 0 0.189;0.253 0 0.002 0 0.012 0 0 0.007 0 0.064 0.179 0.003 0.008 0 0 0.027 0 0 0.003 0.003 0.132 0 0 0 0 0.008 0.096 0 0.003 0 0.009 0.001 0 0.001 0 0.189;0.253 0 0.007 0.179 0 0.003 0 0.096 0 0.001 0 0.012 0 0 0.003 0.027 0.003 0 0 0.009 0 0 0 0.008 0 0 0.002 0 0.064 0.008 0 0.132 0 0.003 0.001 0.189;
0.233 0.002 0 0.214 0.001 0.003 0.002 0.016 0 0.001 0.001 0.055 0 0 0.003 0.132 0 0 0.003 0.056 0.003 0.001 0.001 0.006 0.001 0 0.002 0 0.009 0.001 0 0.126 0 0.001 0.001 0.126;0.233 0.002 0 0.001 0.055 0 0 0.002 0 0.009 0.214 0.001 0.003 0.002 0.003 0.132 0 0 0.001 0 0.126 0 0.001 0 0.001 0.006 0.016 0 0.001 0.003 0.056 0.003 0.001 0.001 0.001 0.126;0.233 0.001 0.002 0.214 0.003 0.001 0.001 0.016 0.003 0.001 0.002 0.055 0 0 0.001 0.132 0 0 0 0.056 0.001 0.001 0.002 0.006 0 0 0 0 0.009 0.003 0 0.126 0.001 0.001 0.003 0.126;
0.264 0.001 0.002 0.2 0.002 0.002 0 0.04 0.001 0.005 0.001 0.079 0 0.001 0.002 0.166 0 0.006 0 0.087 0.001 0 0 0.032 0 0.002 0 0 0.007 0 0.002 0.045 0.001 0.002 0.001 0.048;0.264 0.001 0.002 0.001 0.079 0 0.001 0 0 0.007 0.2 0.002 0.002 0 0.002 0.166 0 0.006 0 0.002 0.045 0.001 0 0.002 0 0.032 0.04 0.001 0.005 0 0.087 0.001 0 0.002 0.001 0.048;0.264 0.001 0 0.2 0.002 0 0 0.04 0 0.002 0.001 0.079 0 0.001 0.002 0.166 0.002 0.002 0.001 0.087 0.001 0 0 0.032 0.001 0.006 0.002 0 0.007 0.002 0 0.045 0 0.005 0.001 0.048;
0.295 0.002 0.003 0.23 0.001 0.004 0.001 0.005 0.001 0.001 0.003 0.104 0 0 0.002 0.219 0 0 0.001 0.107 0 0.001 0.003 0.007 0 0.002 0.001 0 0 0 0 0.002 0 0 0 0.005;0.295 0.002 0.003 0.003 0.104 0 0 0.001 0 0 0.23 0.001 0.004 0.001 0.002 0.219 0 0 0 0 0.002 0 0.003 0.002 0 0.007 0.005 0.001 0.001 0.001 0.107 0 0.001 0 0 0.005;0.295 0.003 0.001 0.23 0.002 0 0.003 0.005 0.001 0 0.002 0.104 0 0 0.001 0.219 0 0.002 0.001 0.107 0 0.001 0.001 0.007 0 0 0.003 0 0 0.004 0 0.002 0 0.001 0 0.005;
0.262 0.001 0 0.243 0.002 0.003 0.001 0.008 0.002 0 0 0.082 0 0.006 0 0.246 0.001 0 0.001 0.101 0.002 0.001 0.001 0.012 0 0.001 0 0 0 0.001 0 0.01 0 0 0.001 0.012;0.262 0.001 0 0 0.082 0 0.006 0 0 0 0.243 0.002 0.003 0.001 0 0.246 0.001 0 0.001 0 0.01 0 0.001 0.001 0 0.012 0.008 0.002 0 0.001 0.101 0.002 0.001 0 0.001 0.012;0.262 0 0 0.243 0 0.001 0.001 0.008 0.001 0 0.001 0.082 0 0.006 0.002 0.246 0 0.001 0.002 0.101 0.001 0.001 0.001 0.012 0 0 0 0 0 0.003 0.001 0.01 0 0 0.002 0.012;
0.259 0 0.004 0.05 0 0 0.002 0.19 0.001 0.002 0.001 0.016 0 0 0.001 0.252 0 0.005 0.001 0.017 0.001 0 0 0.147 0.001 0.005 0.002 0 0.012 0 0 0.003 0 0.001 0 0.027;0.259 0 0.004 0.001 0.016 0 0 0.002 0 0.012 0.05 0 0 0.002 0.001 0.252 0 0.005 0 0 0.003 0 0 0.005 0.001 0.147 0.19 0.001 0.002 0.001 0.017 0.001 0 0.001 0 0.027;0.259 0.001 0.002 0.05 0.001 0 0 0.19 0.001 0.001 0 0.016 0 0 0 0.252 0 0.005 0.001 0.017 0 0 0.002 0.147 0 0.005 0.004 0 0.012 0 0 0.003 0.001 0.002 0.001 0.027;
0.222 0.001 0.002 0.233 0.002 0 0.002 0.063 0.002 0.002 0.001 0.083 0 0 0.001 0.211 0 0.001 0.001 0.09 0.001 0.001 0 0.04 0 0 0.001 0 0.001 0 0.001 0.018 0 0 0.001 0.019;0.222 0.001 0.002 0.001 0.083 0 0 0.001 0 0.001 0.233 0.002 0 0.002 0.001 0.211 0 0.001 0 0.001 0.018 0 0 0 0 0.04 0.063 0.002 0.002 0.001 0.09 0.001 0.001 0 0.001 0.019;0.222 0.001 0.001 0.233 0.001 0 0 0.063 0.001 0 0.001 0.083 0 0 0.002 0.211 0.001 0 0.002 0.09 0.001 0.001 0.002 0.04 0 0.001 0.002 0 0.001 0 0 0.018 0 0.002 0.001 0.019;
0.27 0.003 0.005 0.067 0.002 0 0.001 0.159 0.001 0.004 0 0.007 0 0.001 0.001 0.068 0 0 0 0.016 0.001 0 0.001 0.046 0 0.001 0.006 0 0.109 0 0.003 0.047 0 0.002 0 0.179;0.27 0.003 0.005 0 0.007 0 0.001 0.006 0 0.109 0.067 0.002 0 0.001 0.001 0.068 0 0 0 0.003 0.047 0 0.001 0.001 0 0.046 0.159 0.001 0.004 0 0.016 0.001 0 0.002 0 0.179;0.27 0 0.006 0.067 0.001 0 0.001 0.159 0 0.002 0.003 0.007 0 0.001 0.002 0.068 0.003 0.001 0.001 0.016 0 0 0.001 0.046 0 0 0.005 0 0.109 0 0 0.047 0 0.004 0.001 0.179;
0.27 0 0.003 0.201 0.003 0.004 0 0.008 0.001 0 0.001 0.093 0.001 0.002 0.003 0.192 0.002 0 0 0.085 0.001 0.001 0.001 0.009 0 0.003 0.002 0.001 0.001 0.001 0 0.054 0 0 0.001 0.056;0.27 0 0.003 0.001 0.093 0.001 0.002 0.002 0.001 0.001 0.201 0.003 0.004 0 0.003 0.192 0.002 0 0.001 0 0.054 0 0.001 0.003 0 0.009 0.008 0.001 0 0 0.085 0.001 0.001 0 0.001 0.056;0.27 0.001 0.002 0.201 0.003 0.001 0.001 0.008 0 0 0 0.093 0.001 0.002 0.003 0.192 0 0.003 0.001 0.085 0.001 0.001 0 0.009 0 0 0.003 0.001 0.001 0.004 0.002 0.054 0 0 0.001 0.056;
0.217 0.002 0.001 0.079 0.002 0 0.002 0.14 0.002 0.003 0.002 0.04 0.002 0 0.001 0.169 0.001 0.003 0 0.042 0 0.001 0.002 0.109 0.001 0.001 0.001 0 0.05 0.003 0.001 0.036 0.002 0.001 0.002 0.082;0.217 0.002 0.001 0.002 0.04 0.002 0 0.001 0 0.05 0.079 0.002 0 0.002 0.001 0.169 0.001 0.003 0.003 0.001 0.036 0.002 0.002 0.001 0.001 0.109 0.14 0.002 0.003 0 0.042 0 0.001 0.001 0.002 0.082;0.217 0.002 0.001 0.079 0.001 0.003 0.002 0.14 0 0.001 0.002 0.04 0 0 0.002 0.169 0.001 0.001 0.002 0.042 0.002 0.001 0.002 0.109 0.002 0.003 0.001 0.002 0.05 0 0.001 0.036 0.001 0.003 0 0.082;
0.23 0.003 0 0.212 0.003 0.001 0.001 0.036 0.001 0.005 0.005 0.091 0 0 0.001 0.203 0 0 0 0.069 0 0.001 0.001 0.018 0 0 0.001 0.002 0.001 0.002 0 0.062 0.001 0 0 0.05;0.23 0.003 0 0.005 0.091 0 0 0.001 0.002 0.001 0.212 0.003 0.001 0.001 0.001 0.203 0 0 0.002 0 0.062 0.001 0.001 0 0 0.018 0.036 0.001 0.005 0 0.069 0 0.001 0 0 0.05;0.23 0.005 0.001 0.212 0.001 0.002 0.001 0.036 0 0 0.003 0.091 0.002 0 0.003 0.203 0 0 0.001 0.069 0 0.001 0.001 0.018 0.001 0 0 0 0.001 0.001 0 0.062 0 0.005 0 0.05;
0.243 0.001 0.003 0.249 0 0.002 0 0.035 0 0.002 0.001 0.092 0 0.002 0.001 0.185 0 0.003 0.001 0.082 0.001 0.004 0.003 0.047 0 0.002 0.002 0 0.004 0.001 0.003 0.012 0 0 0 0.019;0.243 0.001 0.003 0.001 0.092 0 0.002 0.002 0 0.004 0.249 0 0.002 0 0.001 0.185 0 0.003 0.001 0.003 0.012 0 0.003 0.002 0 0.047 0.035 0 0.002 0.001 0.082 0.001 0.004 0 0 0.019;0.243 0.001 0.002 0.249 0.001 0.001 0.003 0.035 0.001 0 0.001 0.092 0 0.002 0 0.185 0.003 0.002 0 0.082 0 0.004 0 0.047 0 0.003 0.003 0 0.004 0.002 0 0.012 0 0.002 0.001 0.019];