pntP=[0.21 0 0.003 0.232 0.003 0.002 0.001 0.073 0.002 0.003 0.002 0.007 0 0 0.001 0.02 0.001 0 0.001 0.01 0 0 0.001 0.004 0 0 0.003 0.001 0.066 0.002 0.002 0.196 0 0.001 0.003 0.15;0.21 0 0.003 0.002 0.007 0 0 0.003 0.001 0.066 0.232 0.003 0.002 0.001 0.001 0.02 0.001 0 0.002 0.002 0.196 0 0.001 0 0 0.004 0.073 0.002 0.003 0.001 0.01 0 0 0.001 0.003 0.15;0.21 0.002 0.003 0.232 0.001 0.002 0.001 0.073 0.001 0.001 0 0.007 0.001 0 0.003 0.02 0.002 0 0.002 0.01 0.003 0 0.001 0.004 0 0 0.003 0 0.066 0.002 0.001 0.196 0 0.003 0 0.15;
0.173 0.002 0.004 0.18 0.001 0.002 0.002 0.094 0 0 0.001 0.101 0 0.002 0.001 0.2 0 0 0 0.09 0 0.003 0.001 0.08 0 0.003 0.001 0 0.008 0.001 0 0.023 0 0.001 0 0.026;0.173 0.002 0.004 0.001 0.101 0 0.002 0.001 0 0.008 0.18 0.001 0.002 0.002 0.001 0.2 0 0 0.001 0 0.023 0 0.001 0.003 0 0.08 0.094 0 0 0 0.09 0 0.003 0.001 0 0.026;0.173 0.001 0.001 0.18 0.001 0.001 0.001 0.094 0 0.001 0.002 0.101 0 0.002 0.001 0.2 0 0.003 0 0.09 0 0.003 0.002 0.08 0 0 0.004 0 0.008 0.002 0 0.023 0 0 0 0.026;
0.194 0.003 0 0.191 0 0.002 0 0.034 0.002 0 0.004 0.107 0 0.001 0 0.2 0 0 0 0.089 0.002 0 0.001 0.03 0 0.002 0.001 0.003 0.007 0.001 0.001 0.069 0 0 0 0.056;0.194 0.003 0 0.004 0.107 0 0.001 0.001 0.003 0.007 0.191 0 0.002 0 0 0.2 0 0 0.001 0.001 0.069 0 0.001 0.002 0 0.03 0.034 0.002 0 0 0.089 0.002 0 0 0 0.056;0.194 0.004 0.001 0.191 0 0.001 0.001 0.034 0 0 0.003 0.107 0.003 0.001 0 0.2 0.001 0.002 0.002 0.089 0 0 0 0.03 0 0 0 0 0.007 0.002 0 0.069 0 0 0.002 0.056;
0.208 0 0.002 0.176 0.002 0.001 0.001 0.021 0 0.003 0.001 0.111 0 0.001 0 0.18 0 0.002 0 0.089 0 0 0.001 0.012 0 0.006 0.001 0 0.005 0 0.001 0.097 0 0.001 0 0.078;0.208 0 0.002 0.001 0.111 0 0.001 0.001 0 0.005 0.176 0.002 0.001 0.001 0 0.18 0 0.002 0 0.001 0.097 0 0.001 0.006 0 0.012 0.021 0 0.003 0 0.089 0 0 0.001 0 0.078;0.208 0.001 0.001 0.176 0 0 0.001 0.021 0 0.001 0 0.111 0 0.001 0.002 0.18 0.001 0.006 0 0.089 0 0 0.001 0.012 0 0.002 0.002 0 0.005 0.001 0 0.097 0 0.003 0 0.078;
0.158 0.002 0.001 0.177 0 0.007 0 0.067 0 0.002 0.001 0.101 0 0.003 0.001 0.208 0.001 0.005 0 0.089 0.001 0 0 0.07 0 0.002 0.001 0 0.015 0.002 0.001 0.037 0 0.002 0 0.046;0.158 0.002 0.001 0.001 0.101 0 0.003 0.001 0 0.015 0.177 0 0.007 0 0.001 0.208 0.001 0.005 0.002 0.001 0.037 0 0 0.002 0 0.07 0.067 0 0.002 0 0.089 0.001 0 0.002 0 0.046;0.158 0.001 0.001 0.177 0.001 0.002 0 0.067 0 0.002 0.002 0.101 0 0.003 0 0.208 0.001 0.002 0 0.089 0 0 0 0.07 0 0.005 0.001 0 0.015 0.007 0.001 0.037 0 0.002 0.001 0.046;
0.196 0.001 0 0.211 0.001 0.001 0.001 0.038 0 0 0 0.124 0.002 0.002 0 0.209 0.001 0.001 0.002 0.104 0 0.006 0.001 0.023 0 0 0 0 0.004 0 0.001 0.034 0 0 0.001 0.036;0.196 0.001 0 0 0.124 0.002 0.002 0 0 0.004 0.211 0.001 0.001 0.001 0 0.209 0.001 0.001 0 0.001 0.034 0 0.001 0 0 0.023 0.038 0 0 0.002 0.104 0 0.006 0 0.001 0.036;0.196 0 0 0.211 0 0 0.001 0.038 0.002 0 0.001 0.124 0 0.002 0.001 0.209 0.001 0 0 0.104 0.001 0.006 0.001 0.023 0 0.001 0 0.002 0.004 0.001 0.001 0.034 0 0 0 0.036;
0.22 0.001 0 0.22 0 0.002 0.002 0.032 0 0.004 0.001 0.105 0 0 0.003 0.201 0 0.002 0 0.099 0 0.001 0 0.037 0.002 0.003 0.005 0 0.003 0 0.001 0.024 0 0 0.001 0.031;0.22 0.001 0 0.001 0.105 0 0 0.005 0 0.003 0.22 0 0.002 0.002 0.003 0.201 0 0.002 0 0.001 0.024 0 0 0.003 0.002 0.037 0.032 0 0.004 0 0.099 0 0.001 0 0.001 0.031;0.22 0.001 0.005 0.22 0.003 0 0 0.032 0 0 0.001 0.105 0 0 0 0.201 0.001 0.003 0 0.099 0.001 0.001 0.002 0.037 0 0.002 0 0 0.003 0.002 0 0.024 0.002 0.004 0 0.031;
0.208 0.002 0.003 0.225 0.002 0.001 0 0.023 0 0.001 0.005 0.099 0.001 0 0.001 0.209 0 0.004 0 0.103 0.002 0.001 0 0.034 0 0.001 0.001 0.001 0.004 0.001 0.001 0.033 0 0 0 0.034;0.208 0.002 0.003 0.005 0.099 0.001 0 0.001 0.001 0.004 0.225 0.002 0.001 0 0.001 0.209 0 0.004 0.001 0.001 0.033 0 0 0.001 0 0.034 0.023 0 0.001 0 0.103 0.002 0.001 0 0 0.034;0.208 0.005 0.001 0.225 0.001 0.001 0 0.023 0 0 0.002 0.099 0.001 0 0.002 0.209 0.001 0.001 0 0.103 0 0.001 0 0.034 0 0.004 0.003 0.001 0.004 0.001 0 0.033 0 0.001 0.002 0.034;
0.187 0.002 0 0.248 0.001 0.004 0 0.016 0.001 0.004 0.001 0.045 0 0.003 0 0.085 0 0 0 0.034 0.002 0.001 0 0.005 0 0.002 0.001 0.002 0.012 0.003 0.005 0.163 0 0.001 0.001 0.171;0.187 0.002 0 0.001 0.045 0 0.003 0.001 0.002 0.012 0.248 0.001 0.004 0 0 0.085 0 0 0.003 0.005 0.163 0 0 0.002 0 0.005 0.016 0.001 0.004 0 0.034 0.002 0.001 0.001 0.001 0.171;0.187 0.001 0.001 0.248 0 0.003 0 0.016 0 0.001 0.002 0.045 0.002 0.003 0.001 0.085 0.005 0.002 0.001 0.034 0.001 0.001 0 0.005 0 0 0 0 0.012 0.004 0 0.163 0 0.004 0.002 0.171;
0.169 0 0.001 0.186 0.001 0.003 0.003 0.069 0.002 0.003 0.002 0.105 0.002 0.003 0.002 0.192 0.001 0 0.002 0.088 0 0.002 0.001 0.063 0 0.001 0.001 0.002 0.015 0.001 0.001 0.036 0 0 0 0.043;0.169 0 0.001 0.002 0.105 0.002 0.003 0.001 0.002 0.015 0.186 0.001 0.003 0.003 0.002 0.192 0.001 0 0.001 0.001 0.036 0 0.001 0.001 0 0.063 0.069 0.002 0.003 0.002 0.088 0 0.002 0 0 0.043;0.169 0.002 0.001 0.186 0.002 0.001 0.001 0.069 0.002 0 0 0.105 0.002 0.003 0.001 0.192 0.001 0.001 0.002 0.088 0 0.002 0.003 0.063 0 0 0.001 0.002 0.015 0.003 0.001 0.036 0 0.003 0 0.043;
0.169 0 0.002 0.172 0.001 0.001 0 0.054 0.001 0.006 0 0.075 0 0.001 0 0.177 0.001 0.002 0 0.091 0.001 0.003 0 0.048 0.001 0.002 0.005 0 0.023 0.001 0 0.069 0.001 0.001 0.001 0.091;0.169 0 0.002 0 0.075 0 0.001 0.005 0 0.023 0.172 0.001 0.001 0 0 0.177 0.001 0.002 0.001 0 0.069 0.001 0 0.002 0.001 0.048 0.054 0.001 0.006 0 0.091 0.001 0.003 0.001 0.001 0.091;0.169 0 0.005 0.172 0 0.001 0 0.054 0 0.001 0 0.075 0 0.001 0.001 0.177 0 0.002 0.001 0.091 0.001 0.003 0 0.048 0.001 0.002 0.002 0 0.023 0.001 0.001 0.069 0.001 0.006 0.001 0.091;
0.2 0.002 0.005 0.23 0 0.004 0 0.046 0.002 0.004 0.001 0.088 0.001 0 0.003 0.21 0.001 0 0 0.113 0 0.005 0.001 0.034 0 0.002 0.002 0 0.001 0.003 0.002 0.023 0 0 0 0.017;0.2 0.002 0.005 0.001 0.088 0.001 0 0.002 0 0.001 0.23 0 0.004 0 0.003 0.21 0.001 0 0.003 0.002 0.023 0 0.001 0.002 0 0.034 0.046 0.002 0.004 0 0.113 0 0.005 0 0 0.017;0.2 0.001 0.002 0.23 0.003 0.003 0.001 0.046 0 0 0.002 0.088 0 0 0 0.21 0.002 0.002 0.002 0.113 0 0.005 0 0.034 0 0 0.005 0.001 0.001 0.004 0.001 0.023 0 0.004 0 0.017;
0.228 0.002 0.002 0.023 0.001 0 0.001 0.177 0 0.003 0.001 0.024 0 0 0.001 0.236 0.002 0.009 0 0.019 0 0.001 0 0.19 0 0.004 0.002 0 0.026 0.001 0 0.001 0 0.004 0 0.042;0.228 0.002 0.002 0.001 0.024 0 0 0.002 0 0.026 0.023 0.001 0 0.001 0.001 0.236 0.002 0.009 0.001 0 0.001 0 0 0.004 0 0.19 0.177 0 0.003 0 0.019 0 0.001 0.004 0 0.042;0.228 0.001 0.002 0.023 0.001 0.001 0 0.177 0 0.004 0.002 0.024 0 0 0.001 0.236 0 0.004 0 0.019 0 0.001 0.001 0.19 0 0.009 0.002 0 0.026 0 0.002 0.001 0 0.003 0 0.042;
0.169 0.001 0 0.167 0.002 0.001 0.001 0.057 0 0 0.001 0.081 0 0.001 0.003 0.116 0 0.001 0 0.078 0.001 0.001 0.002 0.053 0.003 0.001 0 0 0.041 0.001 0.003 0.105 0.002 0.001 0.001 0.106;0.169 0.001 0 0.001 0.081 0 0.001 0 0 0.041 0.167 0.002 0.001 0.001 0.003 0.116 0 0.001 0.001 0.003 0.105 0.002 0.002 0.001 0.003 0.053 0.057 0 0 0 0.078 0.001 0.001 0.001 0.001 0.106;0.169 0.001 0 0.167 0.003 0.001 0.002 0.057 0 0.001 0.001 0.081 0 0.001 0.002 0.116 0.003 0.001 0 0.078 0.001 0.001 0.001 0.053 0.002 0.001 0 0 0.041 0.001 0 0.105 0.003 0 0.001 0.106;
0.203 0 0.005 0.021 0 0.001 0 0.147 0 0.001 0.006 0.024 0.001 0 0.001 0.236 0.001 0.005 0 0.015 0.002 0 0 0.152 0.001 0.006 0.001 0 0.075 0 0.001 0.01 0 0 0.001 0.084;0.203 0 0.005 0.006 0.024 0.001 0 0.001 0 0.075 0.021 0 0.001 0 0.001 0.236 0.001 0.005 0 0.001 0.01 0 0 0.006 0.001 0.152 0.147 0 0.001 0 0.015 0.002 0 0 0.001 0.084;0.203 0.006 0.001 0.021 0.001 0 0 0.147 0 0 0 0.024 0 0 0 0.236 0.001 0.006 0 0.015 0.001 0 0 0.152 0 0.005 0.005 0.001 0.075 0.001 0.001 0.01 0.001 0.001 0.002 0.084;
0.263 0.003 0 0.189 0.003 0 0.001 0.007 0 0 0.004 0.102 0 0.002 0.001 0.217 0.001 0 0.002 0.11 0 0 0.001 0.006 0 0.002 0.001 0.001 0 0 0.002 0.036 0 0 0 0.046;0.263 0.003 0 0.004 0.102 0 0.002 0.001 0.001 0 0.189 0.003 0 0.001 0.001 0.217 0.001 0 0 0.002 0.036 0 0.001 0.002 0 0.006 0.007 0 0 0.002 0.11 0 0 0 0 0.046;0.263 0.004 0.001 0.189 0.001 0 0.001 0.007 0.002 0 0.003 0.102 0.001 0.002 0.003 0.217 0.002 0.002 0 0.11 0 0 0.001 0.006 0 0 0 0 0 0 0.001 0.036 0 0 0 0.046;
0.245 0.003 0 0.204 0.004 0.004 0 0.005 0.001 0 0.004 0.131 0 0.002 0.001 0.217 0 0 0 0.091 0 0.001 0.002 0.003 0 0.001 0 0.001 0.001 0.001 0 0.034 0 0.001 0 0.043;0.245 0.003 0 0.004 0.131 0 0.002 0 0.001 0.001 0.204 0.004 0.004 0 0.001 0.217 0 0 0.001 0 0.034 0 0.002 0.001 0 0.003 0.005 0.001 0 0 0.091 0 0.001 0.001 0 0.043;0.245 0.004 0 0.204 0.001 0.001 0.002 0.005 0 0.001 0.003 0.131 0.001 0.002 0.004 0.217 0 0.001 0.001 0.091 0 0.001 0 0.003 0 0 0 0 0.001 0.004 0 0.034 0 0 0 0.043;
0.231 0 0.002 0.109 0.002 0.005 0.001 0.18 0.001 0.002 0 0.01 0 0 0.001 0.03 0 0 0.001 0.003 0.001 0.001 0.001 0.013 0 0.001 0.003 0 0.117 0.005 0.002 0.08 0.004 0.003 0 0.191;0.231 0 0.002 0 0.01 0 0 0.003 0 0.117 0.109 0.002 0.005 0.001 0.001 0.03 0 0 0.005 0.002 0.08 0.004 0.001 0.001 0 0.013 0.18 0.001 0.002 0.001 0.003 0.001 0.001 0.003 0 0.191;0.231 0 0.003 0.109 0.001 0.005 0.001 0.18 0.001 0.003 0 0.01 0 0 0.002 0.03 0.002 0.001 0.001 0.003 0 0.001 0.001 0.013 0.004 0 0.002 0 0.117 0.005 0 0.08 0 0.002 0.001 0.191;
0.206 0 0.001 0.196 0.002 0.002 0 0.089 0 0 0.001 0.093 0 0.001 0 0.172 0.001 0.002 0 0.097 0 0.003 0 0.092 0 0.001 0 0 0.004 0.003 0 0.015 0 0.001 0 0.018;0.206 0 0.001 0.001 0.093 0 0.001 0 0 0.004 0.196 0.002 0.002 0 0 0.172 0.001 0.002 0.003 0 0.015 0 0 0.001 0 0.092 0.089 0 0 0 0.097 0 0.003 0.001 0 0.018;0.206 0.001 0 0.196 0 0.003 0 0.089 0 0.001 0 0.093 0 0.001 0.002 0.172 0 0.001 0 0.097 0 0.003 0 0.092 0 0.002 0.001 0 0.004 0.002 0.001 0.015 0 0 0 0.018;
0.249 0.001 0.003 0.247 0.001 0.001 0 0.011 0.004 0.005 0.002 0.105 0 0.005 0.001 0.203 0 0.002 0 0.108 0.001 0.004 0 0.016 0 0.001 0.002 0 0.002 0.001 0 0.009 0 0 0.001 0.015;0.249 0.001 0.003 0.002 0.105 0 0.005 0.002 0 0.002 0.247 0.001 0.001 0 0.001 0.203 0 0.002 0.001 0 0.009 0 0 0.001 0 0.016 0.011 0.004 0.005 0 0.108 0.001 0.004 0 0.001 0.015;0.249 0.002 0.002 0.247 0.001 0.001 0 0.011 0 0 0.001 0.105 0 0.005 0.001 0.203 0 0.001 0.004 0.108 0.001 0.004 0 0.016 0 0.002 0.003 0 0.002 0.001 0 0.009 0 0.005 0.001 0.015;
0.199 0.002 0.002 0.173 0.003 0.002 0 0.037 0.001 0.002 0 0.071 0 0.004 0.002 0.141 0.001 0.001 0 0.073 0 0.001 0 0.027 0 0.003 0.004 0.001 0.012 0.002 0 0.125 0.002 0.001 0.001 0.107;0.199 0.002 0.002 0 0.071 0 0.004 0.004 0.001 0.012 0.173 0.003 0.002 0 0.002 0.141 0.001 0.001 0.002 0 0.125 0.002 0 0.003 0 0.027 0.037 0.001 0.002 0 0.073 0 0.001 0.001 0.001 0.107;0.199 0 0.004 0.173 0.002 0.002 0 0.037 0 0.001 0.002 0.071 0.001 0.004 0.003 0.141 0 0.003 0.001 0.073 0.001 0.001 0 0.027 0.002 0.001 0.002 0 0.012 0.002 0.001 0.125 0 0.002 0 0.107;
0.17 0.002 0 0.179 0.002 0.002 0.002 0.062 0.001 0.001 0.003 0.094 0.001 0.003 0 0.208 0 0 0 0.096 0.001 0.003 0.001 0.067 0.002 0 0.003 0.001 0.012 0.003 0.003 0.044 0 0.001 0 0.033;0.17 0.002 0 0.003 0.094 0.001 0.003 0.003 0.001 0.012 0.179 0.002 0.002 0.002 0 0.208 0 0 0.003 0.003 0.044 0 0.001 0 0.002 0.067 0.062 0.001 0.001 0 0.096 0.001 0.003 0.001 0 0.033;0.17 0.003 0.003 0.179 0 0.003 0.001 0.062 0 0.001 0.002 0.094 0.001 0.003 0.002 0.208 0.003 0 0.001 0.096 0 0.003 0.002 0.067 0 0 0 0.001 0.012 0.002 0 0.044 0.002 0.001 0.001 0.033;
0.175 0 0.002 0.166 0 0.006 0 0.065 0.001 0.002 0 0.097 0 0.001 0 0.145 0 0.003 0 0.084 0 0.004 0 0.053 0 0.006 0 0 0.02 0.003 0.001 0.077 0 0.002 0 0.087;0.175 0 0.002 0 0.097 0 0.001 0 0 0.02 0.166 0 0.006 0 0 0.145 0 0.003 0.003 0.001 0.077 0 0 0.006 0 0.053 0.065 0.001 0.002 0 0.084 0 0.004 0.002 0 0.087;0.175 0 0 0.166 0 0.003 0 0.065 0 0.002 0 0.097 0 0.001 0 0.145 0.001 0.006 0.001 0.084 0 0.004 0 0.053 0 0.003 0.002 0 0.02 0.006 0 0.077 0 0.002 0 0.087;
0.193 0 0.006 0.037 0.001 0 0.002 0.188 0 0.005 0 0.012 0 0.001 0 0.178 0 0.003 0.001 0.015 0.001 0 0 0.133 0 0.004 0.004 0 0.085 0.001 0 0.016 0.001 0.001 0 0.112;0.193 0 0.006 0 0.012 0 0.001 0.004 0 0.085 0.037 0.001 0 0.002 0 0.178 0 0.003 0.001 0 0.016 0.001 0 0.004 0 0.133 0.188 0 0.005 0.001 0.015 0.001 0 0.001 0 0.112;0.193 0 0.004 0.037 0 0.001 0 0.188 0.001 0.001 0 0.012 0 0.001 0.001 0.178 0 0.004 0 0.015 0 0 0.002 0.133 0.001 0.003 0.006 0 0.085 0 0 0.016 0 0.005 0.001 0.112;
0.218 0.001 0.002 0.213 0 0.004 0.002 0.01 0 0 0.001 0.107 0 0.005 0 0.197 0 0 0 0.1 0.001 0.003 0.001 0.024 0.001 0.004 0.001 0 0.001 0.002 0.001 0.05 0 0 0.001 0.05;0.218 0.001 0.002 0.001 0.107 0 0.005 0.001 0 0.001 0.213 0 0.004 0.002 0 0.197 0 0 0.002 0.001 0.05 0 0.001 0.004 0.001 0.024 0.01 0 0 0 0.1 0.001 0.003 0 0.001 0.05;0.218 0.001 0.001 0.213 0 0.002 0.001 0.01 0 0 0.001 0.107 0 0.005 0 0.197 0.001 0.004 0 0.1 0.001 0.003 0.002 0.024 0 0 0.002 0 0.001 0.004 0 0.05 0.001 0 0.001 0.05;
0.188 0.001 0.001 0.135 0.005 0.003 0 0.104 0 0.001 0.001 0.075 0 0.003 0.001 0.189 0 0.003 0 0.063 0 0.001 0 0.112 0 0.006 0.004 0 0.02 0.001 0 0.043 0 0.002 0 0.038;0.188 0.001 0.001 0.001 0.075 0 0.003 0.004 0 0.02 0.135 0.005 0.003 0 0.001 0.189 0 0.003 0.001 0 0.043 0 0 0.006 0 0.112 0.104 0 0.001 0 0.063 0 0.001 0.002 0 0.038;0.188 0.001 0.004 0.135 0.001 0.001 0 0.104 0 0.002 0.001 0.075 0 0.003 0.005 0.189 0 0.006 0 0.063 0 0.001 0 0.112 0 0.003 0.001 0 0.02 0.003 0 0.043 0 0.001 0 0.038;
0.206 0.003 0.002 0.216 0.003 0.004 0 0.068 0.001 0.001 0.002 0.018 0.001 0.002 0.002 0.038 0.001 0 0 0.017 0 0 0 0.006 0 0 0 0 0.051 0.002 0.005 0.17 0 0.004 0.001 0.176;0.206 0.003 0.002 0.002 0.018 0.001 0.002 0 0 0.051 0.216 0.003 0.004 0 0.002 0.038 0.001 0 0.002 0.005 0.17 0 0 0 0 0.006 0.068 0.001 0.001 0 0.017 0 0 0.004 0.001 0.176;0.206 0.002 0 0.216 0.002 0.002 0 0.068 0 0.004 0.003 0.018 0 0.002 0.003 0.038 0.005 0 0.001 0.017 0.001 0 0 0.006 0 0 0.002 0.001 0.051 0.004 0.001 0.17 0 0.001 0 0.176;
0.245 0.001 0.002 0.209 0.002 0.003 0 0.019 0.002 0.001 0 0.106 0 0.003 0.001 0.228 0 0.003 0 0.119 0 0.002 0.003 0.015 0 0.004 0.001 0 0 0.002 0 0.011 0 0.003 0.001 0.014;0.245 0.001 0.002 0 0.106 0 0.003 0.001 0 0 0.209 0.002 0.003 0 0.001 0.228 0 0.003 0.002 0 0.011 0 0.003 0.004 0 0.015 0.019 0.002 0.001 0 0.119 0 0.002 0.003 0.001 0.014;0.245 0 0.001 0.209 0.001 0.002 0.003 0.019 0 0.003 0.001 0.106 0 0.003 0.002 0.228 0 0.004 0.002 0.119 0.001 0.002 0 0.015 0 0.003 0.002 0 0 0.003 0 0.011 0 0.001 0 0.014;
0.203 0.001 0.002 0.151 0.001 0 0.002 0.118 0 0 0 0.034 0 0 0.001 0.053 0.002 0.001 0 0.021 0.002 0 0.003 0.039 0.001 0.001 0 0.001 0.092 0.004 0 0.134 0.001 0 0.002 0.13;0.203 0.001 0.002 0 0.034 0 0 0 0.001 0.092 0.151 0.001 0 0.002 0.001 0.053 0.002 0.001 0.004 0 0.134 0.001 0.003 0.001 0.001 0.039 0.118 0 0 0 0.021 0.002 0 0 0.002 0.13;0.203 0 0 0.151 0.001 0.004 0.003 0.118 0 0 0.001 0.034 0.001 0 0.001 0.053 0 0.001 0 0.021 0.002 0 0.002 0.039 0.001 0.001 0.002 0 0.092 0 0.002 0.134 0.001 0 0.002 0.13;
0.225 0.004 0.003 0.221 0.002 0.002 0 0.005 0 0.001 0.001 0.112 0 0.002 0.002 0.238 0.002 0.001 0 0.113 0 0.003 0 0.006 0.002 0.002 0.002 0 0 0.002 0.001 0.023 0 0 0 0.025;0.225 0.004 0.003 0.001 0.112 0 0.002 0.002 0 0 0.221 0.002 0.002 0 0.002 0.238 0.002 0.001 0.002 0.001 0.023 0 0 0.002 0.002 0.006 0.005 0 0.001 0 0.113 0 0.003 0 0 0.025;0.225 0.001 0.002 0.221 0.002 0.002 0 0.005 0 0 0.004 0.112 0 0.002 0.002 0.238 0.001 0.002 0 0.113 0 0.003 0 0.006 0 0.001 0.003 0 0 0.002 0.002 0.023 0.002 0.001 0 0.025;
0.248 0.002 0.001 0.228 0 0.001 0 0.009 0.002 0.002 0.001 0.035 0 0 0 0.072 0 0 0 0.039 0 0 0 0.003 0.001 0 0.002 0.001 0.004 0 0 0.158 0.002 0 0.005 0.184;0.248 0.002 0.001 0.001 0.035 0 0 0.002 0.001 0.004 0.228 0 0.001 0 0 0.072 0 0 0 0 0.158 0.002 0 0 0.001 0.003 0.009 0.002 0.002 0 0.039 0 0 0 0.005 0.184;0.248 0.001 0.002 0.228 0 0 0 0.009 0 0 0.002 0.035 0.001 0 0 0.072 0 0 0.002 0.039 0.005 0 0 0.003 0.002 0 0.001 0 0.004 0.001 0 0.158 0.001 0.002 0 0.184;
0.157 0.002 0.001 0.152 0 0.001 0.002 0.079 0 0.002 0.001 0.072 0 0.004 0.001 0.181 0 0.001 0.002 0.078 0 0.001 0 0.069 0 0 0.001 0.001 0.032 0 0.002 0.077 0 0.001 0.001 0.079;0.157 0.002 0.001 0.001 0.072 0 0.004 0.001 0.001 0.032 0.152 0 0.001 0.002 0.001 0.181 0 0.001 0 0.002 0.077 0 0 0 0 0.069 0.079 0 0.002 0.002 0.078 0 0.001 0.001 0.001 0.079;0.157 0.001 0.001 0.152 0.001 0 0 0.079 0.002 0.001 0.002 0.072 0.001 0.004 0 0.181 0.002 0 0 0.078 0.001 0.001 0.002 0.069 0 0.001 0.001 0 0.032 0.001 0 0.077 0 0.002 0 0.079;
0.169 0.004 0.001 0.163 0 0.004 0.002 0.066 0.001 0.003 0 0.079 0.001 0.001 0 0.149 0.001 0.002 0 0.069 0 0.001 0 0.056 0 0.006 0.001 0.001 0.039 0.003 0.003 0.08 0 0.001 0.001 0.093;0.169 0.004 0.001 0 0.079 0.001 0.001 0.001 0.001 0.039 0.163 0 0.004 0.002 0 0.149 0.001 0.002 0.003 0.003 0.08 0 0 0.006 0 0.056 0.066 0.001 0.003 0 0.069 0 0.001 0.001 0.001 0.093;0.169 0 0.001 0.163 0 0.003 0 0.066 0 0.001 0.004 0.079 0.001 0.001 0 0.149 0.003 0.006 0.001 0.069 0.001 0.001 0.002 0.056 0 0.002 0.001 0.001 0.039 0.004 0.001 0.08 0 0.003 0 0.093;
0.182 0.001 0.003 0.143 0.001 0.001 0.001 0.1 0.004 0.003 0.001 0.075 0 0.001 0 0.196 0 0 0.001 0.056 0.001 0.001 0 0.1 0 0 0.002 0.002 0.033 0 0.001 0.047 0 0.001 0.002 0.041;0.182 0.001 0.003 0.001 0.075 0 0.001 0.002 0.002 0.033 0.143 0.001 0.001 0.001 0 0.196 0 0 0 0.001 0.047 0 0 0 0 0.1 0.1 0.004 0.003 0.001 0.056 0.001 0.001 0.001 0.002 0.041;0.182 0.001 0.002 0.143 0 0 0 0.1 0.001 0.001 0.001 0.075 0.002 0.001 0.001 0.196 0.001 0 0.004 0.056 0.002 0.001 0.001 0.1 0 0 0.003 0 0.033 0.001 0 0.047 0 0.003 0.001 0.041;
0.211 0.007 0 0.216 0.003 0.001 0.001 0.041 0 0 0.003 0.09 0.001 0 0 0.203 0.002 0 0.001 0.112 0 0 0.004 0.041 0.001 0.001 0 0 0.003 0.002 0.001 0.022 0 0 0 0.033;0.211 0.007 0 0.003 0.09 0.001 0 0 0 0.003 0.216 0.003 0.001 0.001 0 0.203 0.002 0 0.002 0.001 0.022 0 0.004 0.001 0.001 0.041 0.041 0 0 0.001 0.112 0 0 0 0 0.033;0.211 0.003 0 0.216 0 0.002 0.004 0.041 0.001 0 0.007 0.09 0 0 0.003 0.203 0.001 0.001 0 0.112 0 0 0.001 0.041 0 0 0 0.001 0.003 0.001 0.002 0.022 0.001 0 0 0.033;
0.206 0.002 0.001 0.213 0.005 0.003 0 0.042 0 0.003 0.005 0.14 0 0.001 0.001 0.22 0.001 0.002 0 0.108 0 0.001 0 0.036 0 0.002 0.001 0 0 0.002 0.001 0.002 0 0 0 0.002;0.206 0.002 0.001 0.005 0.14 0 0.001 0.001 0 0 0.213 0.005 0.003 0 0.001 0.22 0.001 0.002 0.002 0.001 0.002 0 0 0.002 0 0.036 0.042 0 0.003 0 0.108 0 0.001 0 0 0.002;0.206 0.005 0.001 0.213 0.001 0.002 0 0.042 0 0 0.002 0.14 0 0.001 0.005 0.22 0.001 0.002 0 0.108 0 0.001 0 0.036 0 0.002 0.001 0 0 0.003 0.001 0.002 0 0.003 0 0.002;
0.166 0.003 0.001 0.169 0 0.001 0 0.09 0 0.001 0.001 0.083 0 0.002 0.002 0.188 0.001 0 0.001 0.098 0 0 0.002 0.07 0.001 0.005 0.002 0 0.018 0 0.001 0.049 0 0.001 0.001 0.043;0.166 0.003 0.001 0.001 0.083 0 0.002 0.002 0 0.018 0.169 0 0.001 0 0.002 0.188 0.001 0 0 0.001 0.049 0 0.002 0.005 0.001 0.07 0.09 0 0.001 0.001 0.098 0 0 0.001 0.001 0.043;0.166 0.001 0.002 0.169 0.002 0 0.002 0.09 0.001 0.001 0.003 0.083 0 0.002 0 0.188 0.001 0.005 0 0.098 0.001 0 0 0.07 0 0 0.001 0 0.018 0.001 0.001 0.049 0.001 0.001 0 0.043;
0.23 0.003 0.002 0.225 0.001 0.002 0 0.024 0.002 0.003 0.001 0.123 0.001 0.001 0.001 0.213 0 0.002 0 0.116 0.001 0.001 0.001 0.021 0.001 0.002 0 0 0 0 0 0.013 0 0 0 0.01;0.23 0.003 0.002 0.001 0.123 0.001 0.001 0 0 0 0.225 0.001 0.002 0 0.001 0.213 0 0.002 0 0 0.013 0 0.001 0.002 0.001 0.021 0.024 0.002 0.003 0 0.116 0.001 0.001 0 0 0.01;0.23 0.001 0 0.225 0.001 0 0.001 0.024 0 0 0.003 0.123 0 0.001 0.001 0.213 0 0.002 0.002 0.116 0 0.001 0 0.021 0 0.002 0.002 0.001 0 0.002 0 0.013 0.001 0.003 0.001 0.01;
0.228 0.001 0.002 0.227 0 0.002 0 0.019 0.001 0.002 0.003 0.104 0.001 0.002 0.002 0.211 0 0.003 0 0.109 0.002 0.004 0.002 0.022 0 0.002 0.003 0 0.002 0.001 0.001 0.024 0.001 0 0.001 0.018;0.228 0.001 0.002 0.003 0.104 0.001 0.002 0.003 0 0.002 0.227 0 0.002 0 0.002 0.211 0 0.003 0.001 0.001 0.024 0.001 0.002 0.002 0 0.022 0.019 0.001 0.002 0 0.109 0.002 0.004 0 0.001 0.018;0.228 0.003 0.003 0.227 0.002 0.001 0.002 0.019 0 0 0.001 0.104 0 0.002 0 0.211 0.001 0.002 0.001 0.109 0.001 0.004 0 0.022 0.001 0.003 0.002 0.001 0.002 0.002 0 0.024 0 0.002 0.002 0.018;
0.203 0.003 0.001 0.186 0.002 0.001 0.002 0.092 0.001 0.001 0.001 0.024 0.001 0.001 0 0.053 0 0 0.001 0.022 0.001 0 0.001 0.027 0.001 0.001 0.002 0.002 0.062 0 0.001 0.167 0 0.002 0.004 0.134;0.203 0.003 0.001 0.001 0.024 0.001 0.001 0.002 0.002 0.062 0.186 0.002 0.001 0.002 0 0.053 0 0 0 0.001 0.167 0 0.001 0.001 0.001 0.027 0.092 0.001 0.001 0.001 0.022 0.001 0 0.002 0.004 0.134;0.203 0.001 0.002 0.186 0 0 0.001 0.092 0.001 0.002 0.003 0.024 0.002 0.001 0.002 0.053 0.001 0.001 0.001 0.022 0.004 0 0.002 0.027 0 0 0.001 0.001 0.062 0.001 0 0.167 0.001 0.001 0.001 0.134;
0.214 0.003 0.002 0.209 0.004 0.004 0 0.014 0.001 0 0.004 0.093 0 0.001 0.002 0.228 0.001 0 0 0.101 0.001 0.002 0.002 0.023 0 0.001 0 0.001 0.006 0 0.001 0.039 0 0 0.001 0.042;0.214 0.003 0.002 0.004 0.093 0 0.001 0 0.001 0.006 0.209 0.004 0.004 0 0.002 0.228 0.001 0 0 0.001 0.039 0 0.002 0.001 0 0.023 0.014 0.001 0 0 0.101 0.001 0.002 0 0.001 0.042;0.214 0.004 0 0.209 0.002 0 0.002 0.014 0 0 0.003 0.093 0.001 0.001 0.004 0.228 0.001 0.001 0.001 0.101 0.001 0.002 0 0.023 0 0 0.002 0 0.006 0.004 0.001 0.039 0 0 0.001 0.042;
0.207 0.001 0 0.223 0.004 0.003 0.001 0.016 0 0 0 0.119 0.002 0.001 0.003 0.206 0 0.001 0 0.1 0 0 0 0.028 0.001 0.003 0.001 0.001 0.003 0 0.002 0.032 0 0 0.002 0.04;0.207 0.001 0 0 0.119 0.002 0.001 0.001 0.001 0.003 0.223 0.004 0.003 0.001 0.003 0.206 0 0.001 0 0.002 0.032 0 0 0.003 0.001 0.028 0.016 0 0 0 0.1 0 0 0 0.002 0.04;0.207 0 0.001 0.223 0.003 0 0 0.016 0 0 0.001 0.119 0.001 0.001 0.004 0.206 0.002 0.003 0 0.1 0.002 0 0.001 0.028 0 0.001 0 0.002 0.003 0.003 0 0.032 0.001 0 0 0.04;
0.233 0.001 0.001 0.194 0 0.003 0 0.009 0.001 0.004 0 0.11 0 0.002 0 0.242 0 0.003 0 0.114 0.001 0.001 0.001 0.006 0 0.002 0.001 0 0.001 0.003 0 0.031 0 0.001 0 0.035;0.233 0.001 0.001 0 0.11 0 0.002 0.001 0 0.001 0.194 0 0.003 0 0 0.242 0 0.003 0.003 0 0.031 0 0.001 0.002 0 0.006 0.009 0.001 0.004 0 0.114 0.001 0.001 0.001 0 0.035;0.233 0 0.001 0.194 0 0.003 0.001 0.009 0 0.001 0.001 0.11 0 0.002 0 0.242 0 0.002 0.001 0.114 0 0.001 0 0.006 0 0.003 0.001 0 0.001 0.003 0 0.031 0 0.004 0.001 0.035;
0.171 0 0.001 0.176 0 0.004 0 0.065 0.001 0.003 0.001 0.052 0 0.001 0 0.096 0.001 0.001 0 0.048 0.001 0.003 0 0.033 0 0.003 0.002 0 0.056 0.002 0.003 0.15 0.001 0.003 0.001 0.121;0.171 0 0.001 0.001 0.052 0 0.001 0.002 0 0.056 0.176 0 0.004 0 0 0.096 0.001 0.001 0.002 0.003 0.15 0.001 0 0.003 0 0.033 0.065 0.001 0.003 0 0.048 0.001 0.003 0.003 0.001 0.121;0.171 0.001 0.002 0.176 0 0.002 0 0.065 0 0.003 0 0.052 0 0.001 0 0.096 0.003 0.003 0.001 0.048 0.001 0.003 0 0.033 0.001 0.001 0.001 0 0.056 0.004 0.001 0.15 0 0.003 0.001 0.121;
0.203 0 0.002 0.15 0.004 0.006 0.003 0.121 0 0.002 0.003 0.072 0 0.001 0 0.182 0 0.003 0.002 0.082 0.001 0 0.003 0.124 0 0.001 0 0.001 0.011 0 0 0.012 0 0 0 0.011;0.203 0 0.002 0.003 0.072 0 0.001 0 0.001 0.011 0.15 0.004 0.006 0.003 0 0.182 0 0.003 0 0 0.012 0 0.003 0.001 0 0.124 0.121 0 0.002 0.002 0.082 0.001 0 0 0 0.011;0.203 0.003 0 0.15 0 0 0.003 0.121 0.002 0 0 0.072 0.001 0.001 0.004 0.182 0 0.001 0 0.082 0 0 0.003 0.124 0 0.003 0.002 0 0.011 0.006 0 0.012 0 0.002 0.001 0.011;
0.178 0 0.004 0.186 0.003 0.002 0.002 0.058 0.001 0.002 0.002 0.057 0 0 0 0.114 0.001 0 0.001 0.056 0.001 0.001 0 0.033 0.001 0.001 0.002 0.002 0.03 0.002 0.001 0.137 0 0.001 0 0.121;0.178 0 0.004 0.002 0.057 0 0 0.002 0.002 0.03 0.186 0.003 0.002 0.002 0 0.114 0.001 0 0.002 0.001 0.137 0 0 0.001 0.001 0.033 0.058 0.001 0.002 0.001 0.056 0.001 0.001 0.001 0 0.121;0.178 0.002 0.002 0.186 0 0.002 0 0.058 0.001 0.001 0 0.057 0.002 0 0.003 0.114 0.001 0.001 0.001 0.056 0 0.001 0.002 0.033 0 0 0.004 0 0.03 0.002 0.001 0.137 0.001 0.002 0.001 0.121;
0.238 0 0.003 0.203 0.002 0.002 0.001 0.029 0 0.002 0.003 0.048 0 0.001 0 0.101 0 0 0 0.058 0.002 0.001 0 0.019 0 0 0.001 0 0.022 0.001 0.001 0.134 0 0.002 0 0.126;0.238 0 0.003 0.003 0.048 0 0.001 0.001 0 0.022 0.203 0.002 0.002 0.001 0 0.101 0 0 0.001 0.001 0.134 0 0 0 0 0.019 0.029 0 0.002 0 0.058 0.002 0.001 0.002 0 0.126;0.238 0.003 0.001 0.203 0 0.001 0 0.029 0 0.002 0 0.048 0 0.001 0.002 0.101 0.001 0 0 0.058 0 0.001 0.001 0.019 0 0 0.003 0 0.022 0.002 0 0.134 0 0.002 0.002 0.126;
0.212 0 0.003 0.237 0.001 0.003 0.001 0.072 0.003 0 0 0.109 0 0.001 0 0.193 0 0.002 0.001 0.079 0.001 0 0.003 0.048 0 0.001 0 0 0.003 0 0.001 0.017 0.001 0 0.002 0.006;0.212 0 0.003 0 0.109 0 0.001 0 0 0.003 0.237 0.001 0.003 0.001 0 0.193 0 0.002 0 0.001 0.017 0.001 0.003 0.001 0 0.048 0.072 0.003 0 0.001 0.079 0.001 0 0 0.002 0.006;0.212 0 0 0.237 0 0 0.003 0.072 0.001 0 0 0.109 0 0.001 0.001 0.193 0.001 0.001 0.003 0.079 0.002 0 0.001 0.048 0.001 0.002 0.003 0 0.003 0.003 0 0.017 0 0 0.001 0.006;
0.262 0 0.002 0.23 0.004 0.003 0 0.011 0.001 0.001 0.001 0.116 0 0.004 0.001 0.215 0.001 0.001 0 0.112 0.003 0.001 0 0.01 0 0.003 0.002 0 0.002 0.002 0 0.004 0 0 0.001 0.007;0.262 0 0.002 0.001 0.116 0 0.004 0.002 0 0.002 0.23 0.004 0.003 0 0.001 0.215 0.001 0.001 0.002 0 0.004 0 0 0.003 0 0.01 0.011 0.001 0.001 0 0.112 0.003 0.001 0 0.001 0.007;0.262 0.001 0.002 0.23 0.001 0.002 0 0.011 0 0 0 0.116 0 0.004 0.004 0.215 0 0.003 0.001 0.112 0.001 0.001 0 0.01 0 0.001 0.002 0 0.002 0.003 0.001 0.004 0 0.001 0.003 0.007;
0.185 0 0.003 0.191 0.005 0.003 0.005 0.051 0 0.004 0.002 0.094 0.001 0.001 0.001 0.198 0.001 0 0 0.115 0.001 0.003 0 0.053 0.001 0.004 0 0 0.009 0.002 0.001 0.027 0 0 0 0.039;0.185 0 0.003 0.002 0.094 0.001 0.001 0 0 0.009 0.191 0.005 0.003 0.005 0.001 0.198 0.001 0 0.002 0.001 0.027 0 0 0.004 0.001 0.053 0.051 0 0.004 0 0.115 0.001 0.003 0 0 0.039;0.185 0.002 0 0.191 0.001 0.002 0 0.051 0 0 0 0.094 0 0.001 0.005 0.198 0.001 0.004 0 0.115 0 0.003 0.005 0.053 0 0 0.003 0.001 0.009 0.003 0.001 0.027 0.001 0.004 0.001 0.039;
0.18 0.005 0.001 0.177 0.002 0.001 0.001 0.1 0.001 0.003 0.003 0.036 0 0 0.002 0.086 0 0 0.002 0.037 0.001 0 0.002 0.036 0 0 0.003 0.003 0.075 0 0.001 0.117 0.003 0 0.001 0.121;0.18 0.005 0.001 0.003 0.036 0 0 0.003 0.003 0.075 0.177 0.002 0.001 0.001 0.002 0.086 0 0 0 0.001 0.117 0.003 0.002 0 0 0.036 0.1 0.001 0.003 0.002 0.037 0.001 0 0 0.001 0.121;0.18 0.003 0.003 0.177 0.002 0 0.002 0.1 0.002 0 0.005 0.036 0.003 0 0.002 0.086 0.001 0 0.001 0.037 0.001 0 0.001 0.036 0.003 0 0.001 0 0.075 0.001 0 0.117 0 0.003 0.001 0.121;
0.205 0.001 0.001 0.183 0.005 0.001 0.001 0.017 0 0.002 0.002 0.101 0 0.001 0.001 0.189 0.001 0 0 0.126 0 0.005 0 0.023 0 0.001 0.001 0 0.006 0.003 0 0.075 0.003 0 0.002 0.044;0.205 0.001 0.001 0.002 0.101 0 0.001 0.001 0 0.006 0.183 0.005 0.001 0.001 0.001 0.189 0.001 0 0.003 0 0.075 0.003 0 0.001 0 0.023 0.017 0 0.002 0 0.126 0 0.005 0 0.002 0.044;0.205 0.002 0.001 0.183 0.001 0.003 0 0.017 0 0 0.001 0.101 0 0.001 0.005 0.189 0 0.001 0 0.126 0.002 0.005 0.001 0.023 0.003 0 0.001 0 0.006 0.001 0.001 0.075 0 0.002 0 0.044;
0.177 0.001 0 0.195 0.001 0.002 0.002 0.021 0 0 0.002 0.114 0 0.004 0 0.217 0.003 0 0 0.121 0 0.002 0 0.018 0 0.001 0.003 0 0.005 0.004 0 0.058 0 0.001 0.001 0.047;0.177 0.001 0 0.002 0.114 0 0.004 0.003 0 0.005 0.195 0.001 0.002 0.002 0 0.217 0.003 0 0.004 0 0.058 0 0 0.001 0 0.018 0.021 0 0 0 0.121 0 0.002 0.001 0.001 0.047;0.177 0.002 0.003 0.195 0 0.004 0 0.021 0 0.001 0.001 0.114 0 0.004 0.001 0.217 0 0.001 0 0.121 0.001 0.002 0.002 0.018 0 0 0 0 0.005 0.002 0.003 0.058 0 0 0 0.047;
0.197 0.005 0.003 0.182 0.001 0.002 0 0 0 0.001 0.004 0.099 0 0.001 0.003 0.183 0.001 0.002 0.002 0.086 0.001 0.002 0.003 0 0 0 0 0 0.001 0 0 0.099 0 0.001 0 0.121;0.197 0.005 0.003 0.004 0.099 0 0.001 0 0 0.001 0.182 0.001 0.002 0 0.003 0.183 0.001 0.002 0 0 0.099 0 0.003 0 0 0 0 0 0.001 0.002 0.086 0.001 0.002 0.001 0 0.121;0.197 0.004 0 0.182 0.003 0 0.003 0 0.002 0.001 0.005 0.099 0 0.001 0.001 0.183 0 0 0 0.086 0 0.002 0 0 0 0.002 0.003 0 0.001 0.002 0.001 0.099 0 0.001 0.001 0.121;
0.211 0.002 0.001 0.03 0.001 0 0 0.151 0 0.003 0.001 0.018 0.001 0 0.002 0.201 0 0.007 0 0.017 0 0 0 0.154 0.002 0 0.006 0 0.076 0 0.001 0.01 0 0.002 0.002 0.101;0.211 0.002 0.001 0.001 0.018 0.001 0 0.006 0 0.076 0.03 0.001 0 0 0.002 0.201 0 0.007 0 0.001 0.01 0 0 0 0.002 0.154 0.151 0 0.003 0 0.017 0 0 0.002 0.002 0.101;0.211 0.001 0.006 0.03 0.002 0 0 0.151 0 0.002 0.002 0.018 0 0 0.001 0.201 0.001 0 0 0.017 0.002 0 0 0.154 0 0.007 0.001 0.001 0.076 0 0 0.01 0.002 0.003 0 0.101;
0.168 0.001 0.001 0.191 0.001 0.001 0.001 0.059 0.001 0.004 0.001 0.088 0 0.001 0 0.171 0 0.001 0.001 0.104 0 0.002 0 0.044 0 0.001 0.001 0 0.015 0.001 0 0.071 0 0 0 0.07;0.168 0.001 0.001 0.001 0.088 0 0.001 0.001 0 0.015 0.191 0.001 0.001 0.001 0 0.171 0 0.001 0.001 0 0.071 0 0 0.001 0 0.044 0.059 0.001 0.004 0.001 0.104 0 0.002 0 0 0.07;0.168 0.001 0.001 0.191 0 0.001 0 0.059 0.001 0 0.001 0.088 0 0.001 0.001 0.171 0 0.001 0.001 0.104 0 0.002 0.001 0.044 0 0.001 0.001 0 0.015 0.001 0 0.071 0 0.004 0 0.07;
0.204 0 0 0.215 0.002 0 0.002 0.011 0.003 0.003 0.001 0.072 0.001 0.001 0.002 0.142 0 0 0 0.081 0 0 0.002 0.011 0 0.003 0.002 0.002 0.01 0.003 0 0.117 0.001 0 0 0.109;0.204 0 0 0.001 0.072 0.001 0.001 0.002 0.002 0.01 0.215 0.002 0 0.002 0.002 0.142 0 0 0.003 0 0.117 0.001 0.002 0.003 0 0.011 0.011 0.003 0.003 0 0.081 0 0 0 0 0.109;0.204 0.001 0.002 0.215 0.002 0.003 0.002 0.011 0 0 0 0.072 0.002 0.001 0.002 0.142 0 0.003 0.003 0.081 0 0 0.002 0.011 0.001 0 0 0.001 0.01 0 0 0.117 0 0.003 0 0.109;
0.185 0 0.002 0.227 0.002 0.004 0 0.007 0 0.003 0.001 0.091 0 0.003 0.002 0.144 0 0.002 0 0.095 0.001 0 0 0.009 0 0 0.001 0 0.004 0.001 0.001 0.103 0.001 0.001 0 0.11;0.185 0 0.002 0.001 0.091 0 0.003 0.001 0 0.004 0.227 0.002 0.004 0 0.002 0.144 0 0.002 0.001 0.001 0.103 0.001 0 0 0 0.009 0.007 0 0.003 0 0.095 0.001 0 0.001 0 0.11;0.185 0.001 0.001 0.227 0.002 0.001 0 0.007 0 0.001 0 0.091 0 0.003 0.002 0.144 0.001 0 0 0.095 0 0 0 0.009 0.001 0.002 0.002 0 0.004 0.004 0 0.103 0 0.003 0.001 0.11;
0.172 0.002 0 0.152 0.001 0 0.001 0.081 0.006 0.002 0.001 0.087 0 0.001 0.002 0.178 0 0 0 0.079 0.003 0 0.001 0.082 0.001 0 0.003 0 0.026 0.002 0.004 0.049 0 0.001 0.001 0.062;0.172 0.002 0 0.001 0.087 0 0.001 0.003 0 0.026 0.152 0.001 0 0.001 0.002 0.178 0 0 0.002 0.004 0.049 0 0.001 0 0.001 0.082 0.081 0.006 0.002 0 0.079 0.003 0 0.001 0.001 0.062;0.172 0.001 0.003 0.152 0.002 0.002 0.001 0.081 0 0.001 0.002 0.087 0 0.001 0.001 0.178 0.004 0 0.006 0.079 0.001 0 0.001 0.082 0 0 0 0 0.026 0 0 0.049 0.001 0.002 0.003 0.062;
0.2 0.002 0.002 0.212 0.004 0.003 0 0.031 0 0.001 0.001 0.107 0 0.003 0.002 0.181 0 0.004 0 0.106 0 0.001 0 0.027 0.002 0.002 0.004 0 0.007 0.002 0 0.057 0 0.001 0 0.038;0.2 0.002 0.002 0.001 0.107 0 0.003 0.004 0 0.007 0.212 0.004 0.003 0 0.002 0.181 0 0.004 0.002 0 0.057 0 0 0.002 0.002 0.027 0.031 0 0.001 0 0.106 0 0.001 0.001 0 0.038;0.2 0.001 0.004 0.212 0.002 0.002 0 0.031 0 0.001 0.002 0.107 0 0.003 0.004 0.181 0 0.002 0 0.106 0 0.001 0 0.027 0 0.004 0.002 0 0.007 0.003 0 0.057 0.002 0.001 0 0.038;
0.195 0.001 0.002 0.19 0.005 0.003 0.001 0.043 0.001 0 0.003 0.099 0.001 0.001 0.001 0.197 0.001 0.002 0 0.105 0.001 0.001 0.001 0.037 0 0 0 0 0.011 0.003 0.003 0.042 0 0 0.001 0.049;0.195 0.001 0.002 0.003 0.099 0.001 0.001 0 0 0.011 0.19 0.005 0.003 0.001 0.001 0.197 0.001 0.002 0.003 0.003 0.042 0 0.001 0 0 0.037 0.043 0.001 0 0 0.105 0.001 0.001 0 0.001 0.049;0.195 0.003 0 0.19 0.001 0.003 0.001 0.043 0 0 0.001 0.099 0 0.001 0.005 0.197 0.003 0 0.001 0.105 0.001 0.001 0.001 0.037 0 0.002 0.002 0.001 0.011 0.003 0.001 0.042 0 0 0.001 0.049;
0.183 0.001 0.004 0.193 0 0.003 0 0.055 0.001 0.003 0.002 0.045 0.001 0.001 0 0.073 0.001 0.001 0.002 0.052 0 0 0.002 0.027 0.001 0 0 0 0.043 0.003 0.001 0.152 0.001 0.003 0 0.146;0.183 0.001 0.004 0.002 0.045 0.001 0.001 0 0 0.043 0.193 0 0.003 0 0 0.073 0.001 0.001 0.003 0.001 0.152 0.001 0.002 0 0.001 0.027 0.055 0.001 0.003 0.002 0.052 0 0 0.003 0 0.146;0.183 0.002 0 0.193 0 0.003 0.002 0.055 0.002 0.003 0.001 0.045 0 0.001 0 0.073 0.001 0 0.001 0.052 0 0 0 0.027 0.001 0.001 0.004 0.001 0.043 0.003 0.001 0.152 0.001 0.003 0 0.146;
0.195 0.003 0 0.197 0.001 0.002 0 0.025 0.003 0.004 0.002 0.07 0 0 0.001 0.171 0.001 0 0 0.084 0.001 0.001 0.002 0.027 0 0.003 0.001 0 0.011 0.002 0 0.093 0 0 0.002 0.098;0.195 0.003 0 0.002 0.07 0 0 0.001 0 0.011 0.197 0.001 0.002 0 0.001 0.171 0.001 0 0.002 0 0.093 0 0.002 0.003 0 0.027 0.025 0.003 0.004 0 0.084 0.001 0.001 0 0.002 0.098;0.195 0.002 0.001 0.197 0.001 0.002 0.002 0.025 0 0 0.003 0.07 0 0 0.001 0.171 0 0.003 0.003 0.084 0.002 0.001 0 0.027 0 0 0 0 0.011 0.002 0.001 0.093 0 0.004 0.001 0.098;
0.184 0.001 0.001 0.211 0 0.003 0.001 0.025 0 0.004 0.002 0.112 0 0.001 0 0.202 0 0.001 0 0.091 0.001 0.004 0 0.029 0.001 0.002 0.003 0 0.012 0.001 0 0.065 0 0 0 0.043;0.184 0.001 0.001 0.002 0.112 0 0.001 0.003 0 0.012 0.211 0 0.003 0.001 0 0.202 0 0.001 0.001 0 0.065 0 0 0.002 0.001 0.029 0.025 0 0.004 0 0.091 0.001 0.004 0 0 0.043;0.184 0.002 0.003 0.211 0 0.001 0 0.025 0 0 0.001 0.112 0 0.001 0 0.202 0 0.002 0 0.091 0 0.004 0.001 0.029 0 0.001 0.001 0 0.012 0.003 0 0.065 0.001 0.004 0.001 0.043;
0.185 0.002 0.001 0.188 0.002 0.001 0.003 0.081 0.001 0.002 0.001 0.082 0.001 0.001 0.002 0.196 0.001 0.003 0.001 0.077 0.001 0.003 0.001 0.093 0.001 0.001 0.001 0 0.011 0.003 0.001 0.021 0 0 0 0.032;0.185 0.002 0.001 0.001 0.082 0.001 0.001 0.001 0 0.011 0.188 0.002 0.001 0.003 0.002 0.196 0.001 0.003 0.003 0.001 0.021 0 0.001 0.001 0.001 0.093 0.081 0.001 0.002 0.001 0.077 0.001 0.003 0 0 0.032;0.185 0.001 0.001 0.188 0.002 0.003 0.001 0.081 0.001 0 0.002 0.082 0 0.001 0.002 0.196 0.001 0.001 0.001 0.077 0 0.003 0.003 0.093 0 0.003 0.001 0.001 0.011 0.001 0.001 0.021 0.001 0.002 0.001 0.032;
0.182 0.001 0.001 0.173 0.002 0.004 0.001 0.077 0.003 0.003 0.003 0.095 0 0 0.002 0.214 0.001 0.003 0.002 0.102 0 0.003 0 0.078 0 0.006 0 0 0.008 0.003 0.001 0.013 0.001 0 0.001 0.017;0.182 0.001 0.001 0.003 0.095 0 0 0 0 0.008 0.173 0.002 0.004 0.001 0.002 0.214 0.001 0.003 0.003 0.001 0.013 0.001 0 0.006 0 0.078 0.077 0.003 0.003 0.002 0.102 0 0.003 0 0.001 0.017;0.182 0.003 0 0.173 0.002 0.003 0 0.077 0.002 0 0.001 0.095 0 0 0.002 0.214 0.001 0.006 0.003 0.102 0.001 0.003 0.001 0.078 0.001 0.003 0.001 0 0.008 0.004 0.001 0.013 0 0.003 0 0.017;
0.179 0.001 0.002 0.161 0 0 0.002 0.081 0.003 0.003 0.002 0.073 0.001 0 0 0.183 0 0 0 0.084 0 0.001 0 0.085 0 0 0 0 0.03 0.001 0 0.05 0.001 0.001 0.001 0.055;0.179 0.001 0.002 0.002 0.073 0.001 0 0 0 0.03 0.161 0 0 0.002 0 0.183 0 0 0.001 0 0.05 0.001 0 0 0 0.085 0.081 0.003 0.003 0 0.084 0 0.001 0.001 0.001 0.055;0.179 0.002 0 0.161 0 0.001 0 0.081 0 0.001 0.001 0.073 0 0 0 0.183 0 0 0.003 0.084 0.001 0.001 0.002 0.085 0.001 0 0.002 0.001 0.03 0 0 0.05 0 0.003 0 0.055;
0.183 0 0.003 0.154 0.002 0.001 0.001 0.081 0.002 0.002 0.003 0.055 0 0.001 0 0.135 0 0.004 0 0.047 0 0.001 0.001 0.081 0 0.003 0.003 0.001 0.047 0.004 0 0.086 0 0.002 0 0.097;0.183 0 0.003 0.003 0.055 0 0.001 0.003 0.001 0.047 0.154 0.002 0.001 0.001 0 0.135 0 0.004 0.004 0 0.086 0 0.001 0.003 0 0.081 0.081 0.002 0.002 0 0.047 0 0.001 0.002 0 0.097;0.183 0.003 0.003 0.154 0 0.004 0.001 0.081 0 0.002 0 0.055 0.001 0.001 0.002 0.135 0 0.003 0.002 0.047 0 0.001 0.001 0.081 0 0.004 0.003 0 0.047 0.001 0 0.086 0 0.002 0 0.097;
0.208 0.005 0.001 0.234 0.002 0.003 0.001 0.055 0.003 0.002 0.001 0.017 0 0 0 0.016 0 0 0 0.016 0.001 0 0.003 0.005 0 0 0.004 0 0.032 0.003 0.002 0.168 0.001 0 0.002 0.215;0.208 0.005 0.001 0.001 0.017 0 0 0.004 0 0.032 0.234 0.002 0.003 0.001 0 0.016 0 0 0.003 0.002 0.168 0.001 0.003 0 0 0.005 0.055 0.003 0.002 0 0.016 0.001 0 0 0.002 0.215;0.208 0.001 0.004 0.234 0 0.003 0.003 0.055 0 0 0.005 0.017 0 0 0.002 0.016 0.002 0 0.003 0.016 0.002 0 0.001 0.005 0.001 0 0.001 0 0.032 0.003 0 0.168 0 0.002 0.001 0.215;
0.193 0.001 0.002 0.193 0.002 0 0.001 0.035 0 0 0.002 0.064 0 0 0.001 0.119 0 0 0 0.083 0.001 0.001 0 0.033 0.001 0.001 0.001 0.001 0.017 0.001 0 0.116 0 0 0.004 0.127;0.193 0.001 0.002 0.002 0.064 0 0 0.001 0.001 0.017 0.193 0.002 0 0.001 0.001 0.119 0 0 0.001 0 0.116 0 0 0.001 0.001 0.033 0.035 0 0 0 0.083 0.001 0.001 0 0.004 0.127;0.193 0.002 0.001 0.193 0.001 0.001 0 0.035 0 0 0.001 0.064 0.001 0 0.002 0.119 0 0.001 0 0.083 0.004 0.001 0.001 0.033 0 0 0.002 0 0.017 0 0 0.116 0.001 0 0.001 0.127;
0.213 0.002 0.001 0.218 0.002 0 0.003 0.03 0.003 0 0.002 0.116 0 0.003 0.002 0.219 0.001 0 0.002 0.119 0.001 0.001 0.001 0.028 0.001 0.004 0.001 0.001 0.001 0 0.001 0.011 0 0 0 0.013;0.213 0.002 0.001 0.002 0.116 0 0.003 0.001 0.001 0.001 0.218 0.002 0 0.003 0.002 0.219 0.001 0 0 0.001 0.011 0 0.001 0.004 0.001 0.028 0.03 0.003 0 0.002 0.119 0.001 0.001 0 0 0.013;0.213 0.002 0.001 0.218 0.002 0 0.001 0.03 0.002 0 0.002 0.116 0.001 0.003 0.002 0.219 0.001 0.004 0.003 0.119 0 0.001 0.003 0.028 0 0 0.001 0 0.001 0 0.001 0.011 0.001 0 0.001 0.013;
0.226 0.001 0.001 0.123 0.002 0.001 0.002 0.142 0.003 0.001 0.004 0.058 0.001 0.002 0.001 0.215 0 0 0.001 0.051 0.001 0.001 0.002 0.136 0.001 0.003 0 0 0.006 0 0.001 0.003 0 0 0 0.011;0.226 0.001 0.001 0.004 0.058 0.001 0.002 0 0 0.006 0.123 0.002 0.001 0.002 0.001 0.215 0 0 0 0.001 0.003 0 0.002 0.003 0.001 0.136 0.142 0.003 0.001 0.001 0.051 0.001 0.001 0 0 0.011;0.226 0.004 0 0.123 0.001 0 0.002 0.142 0.001 0 0.001 0.058 0 0.002 0.002 0.215 0.001 0.003 0.003 0.051 0 0.001 0.002 0.136 0 0 0.001 0.001 0.006 0.001 0 0.003 0.001 0.001 0.001 0.011;
0.231 0.002 0.001 0.2 0 0.005 0 0.002 0 0.006 0.001 0.107 0 0.002 0.004 0.257 0.002 0 0.001 0.092 0 0.001 0.003 0.006 0 0.004 0 0 0.001 0 0.001 0.034 0 0.001 0.001 0.035;0.231 0.002 0.001 0.001 0.107 0 0.002 0 0 0.001 0.2 0 0.005 0 0.004 0.257 0.002 0 0 0.001 0.034 0 0.003 0.004 0 0.006 0.002 0 0.006 0.001 0.092 0 0.001 0.001 0.001 0.035;0.231 0.001 0 0.2 0.004 0 0.003 0.002 0.001 0.001 0.002 0.107 0 0.002 0 0.257 0.001 0.004 0 0.092 0.001 0.001 0 0.006 0 0 0.001 0 0.001 0.005 0.002 0.034 0 0.006 0 0.035;
0.202 0.003 0.001 0.106 0.002 0.001 0.005 0.144 0 0.002 0.001 0.022 0.001 0 0 0.073 0.001 0 0.001 0.02 0 0 0.001 0.063 0.001 0.002 0 0.003 0.111 0 0.003 0.064 0.001 0.002 0 0.164;0.202 0.003 0.001 0.001 0.022 0.001 0 0 0.003 0.111 0.106 0.002 0.001 0.005 0 0.073 0.001 0 0 0.003 0.064 0.001 0.001 0.002 0.001 0.063 0.144 0 0.002 0.001 0.02 0 0 0.002 0 0.164;0.202 0.001 0 0.106 0 0 0.001 0.144 0.001 0.002 0.003 0.022 0.003 0 0.002 0.073 0.003 0.002 0 0.02 0 0 0.005 0.063 0.001 0 0.001 0.001 0.111 0.001 0.001 0.064 0.001 0.002 0 0.164;
0.181 0.001 0.002 0.149 0.003 0 0.001 0.126 0 0.002 0.003 0.07 0 0.003 0 0.221 0.001 0.002 0.002 0.065 0 0.001 0 0.101 0.001 0.002 0.001 0.001 0.011 0 0 0.023 0 0.003 0 0.024;0.181 0.001 0.002 0.003 0.07 0 0.003 0.001 0.001 0.011 0.149 0.003 0 0.001 0 0.221 0.001 0.002 0 0 0.023 0 0 0.002 0.001 0.101 0.126 0 0.002 0.002 0.065 0 0.001 0.003 0 0.024;0.181 0.003 0.001 0.149 0 0 0 0.126 0.002 0.003 0.001 0.07 0.001 0.003 0.003 0.221 0 0.002 0 0.065 0 0.001 0.001 0.101 0 0.002 0.002 0 0.011 0 0.001 0.023 0.001 0.002 0 0.024;
0.236 0.005 0.001 0.22 0.003 0.001 0.003 0.041 0 0 0 0.096 0 0.002 0 0.223 0.002 0.001 0.001 0.117 0.002 0 0 0.039 0 0.001 0 0 0.001 0 0.001 0.002 0 0 0 0.002;0.236 0.005 0.001 0 0.096 0 0.002 0 0 0.001 0.22 0.003 0.001 0.003 0 0.223 0.002 0.001 0 0.001 0.002 0 0 0.001 0 0.039 0.041 0 0 0.001 0.117 0.002 0 0 0 0.002;0.236 0 0 0.22 0 0 0 0.041 0.001 0 0.005 0.096 0 0.002 0.003 0.223 0.001 0.001 0 0.117 0 0 0.003 0.039 0 0.001 0.001 0 0.001 0.001 0.002 0.002 0 0 0.002 0.002;
0.186 0.003 0.001 0.179 0.001 0.001 0 0.104 0 0.002 0 0.022 0 0 0 0.042 0 0.001 0 0.018 0 0 0 0.023 0 0 0.005 0.001 0.063 0 0.001 0.152 0.001 0.003 0.002 0.189;0.186 0.003 0.001 0 0.022 0 0 0.005 0.001 0.063 0.179 0.001 0.001 0 0 0.042 0 0.001 0 0.001 0.152 0.001 0 0 0 0.023 0.104 0 0.002 0 0.018 0 0 0.003 0.002 0.189;0.186 0 0.005 0.179 0 0 0 0.104 0 0.003 0.003 0.022 0.001 0 0.001 0.042 0.001 0 0 0.018 0.002 0 0 0.023 0.001 0.001 0.001 0 0.063 0.001 0 0.152 0 0.002 0 0.189;
0.225 0.002 0 0.2 0.002 0.005 0.001 0.02 0 0.001 0.002 0.097 0 0.001 0 0.19 0 0.002 0 0.11 0 0.001 0 0.01 0 0.005 0.002 0.001 0.004 0.003 0.001 0.055 0 0.002 0 0.058;0.225 0.002 0 0.002 0.097 0 0.001 0.002 0.001 0.004 0.2 0.002 0.005 0.001 0 0.19 0 0.002 0.003 0.001 0.055 0 0 0.005 0 0.01 0.02 0 0.001 0 0.11 0 0.001 0.002 0 0.058;0.225 0.002 0.002 0.2 0 0.003 0 0.02 0 0.002 0.002 0.097 0.001 0.001 0.002 0.19 0.001 0.005 0 0.11 0 0.001 0.001 0.01 0 0.002 0 0 0.004 0.005 0 0.055 0 0.001 0 0.058;
0.247 0.006 0 0.246 0.003 0 0.003 0.018 0.002 0.002 0.004 0.097 0 0.002 0.002 0.234 0.001 0 0 0.103 0.001 0 0.004 0.019 0 0 0.001 0.001 0 0 0.001 0.001 0 0 0 0.002;0.247 0.006 0 0.004 0.097 0 0.002 0.001 0.001 0 0.246 0.003 0 0.003 0.002 0.234 0.001 0 0 0.001 0.001 0 0.004 0 0 0.019 0.018 0.002 0.002 0 0.103 0.001 0 0 0 0.002;0.247 0.004 0.001 0.246 0.002 0 0.004 0.018 0 0 0.006 0.097 0.001 0.002 0.003 0.234 0.001 0 0.002 0.103 0 0 0.003 0.019 0 0 0 0 0 0 0.001 0.001 0 0.002 0.001 0.002;
0.179 0.002 0 0.185 0 0.003 0 0.021 0.001 0.002 0.003 0.105 0.001 0.003 0.003 0.207 0.002 0.002 0 0.083 0.004 0.004 0 0.019 0.002 0.003 0.001 0.001 0.008 0.003 0.003 0.076 0 0 0.001 0.073;0.179 0.002 0 0.003 0.105 0.001 0.003 0.001 0.001 0.008 0.185 0 0.003 0 0.003 0.207 0.002 0.002 0.003 0.003 0.076 0 0 0.003 0.002 0.019 0.021 0.001 0.002 0 0.083 0.004 0.004 0 0.001 0.073;0.179 0.003 0.001 0.185 0.003 0.003 0 0.021 0 0 0.002 0.105 0.001 0.003 0 0.207 0.003 0.003 0.001 0.083 0.001 0.004 0 0.019 0 0.002 0 0.001 0.008 0.003 0.002 0.076 0.002 0.002 0.004 0.073;
0.182 0.001 0.002 0.215 0.002 0.001 0.001 0.053 0 0 0 0.054 0 0 0.001 0.129 0 0.001 0 0.063 0 0.001 0 0.035 0 0.001 0.001 0.002 0.035 0.002 0.001 0.119 0.001 0 0.002 0.095;0.182 0.001 0.002 0 0.054 0 0 0.001 0.002 0.035 0.215 0.002 0.001 0.001 0.001 0.129 0 0.001 0.002 0.001 0.119 0.001 0 0.001 0 0.035 0.053 0 0 0 0.063 0 0.001 0 0.002 0.095;0.182 0 0.001 0.215 0.001 0.002 0 0.053 0 0 0.001 0.054 0.002 0 0.002 0.129 0.001 0.001 0 0.063 0.002 0.001 0.001 0.035 0.001 0.001 0.002 0 0.035 0.001 0 0.119 0 0 0 0.095;
0.183 0.002 0 0.171 0 0.001 0 0.024 0 0.002 0.001 0.087 0 0.001 0.001 0.162 0.002 0 0 0.084 0 0.001 0 0.026 0 0.001 0.003 0.001 0.02 0.003 0.001 0.101 0.002 0 0.002 0.118;0.183 0.002 0 0.001 0.087 0 0.001 0.003 0.001 0.02 0.171 0 0.001 0 0.001 0.162 0.002 0 0.003 0.001 0.101 0.002 0 0.001 0 0.026 0.024 0 0.002 0 0.084 0 0.001 0 0.002 0.118;0.183 0.001 0.003 0.171 0.001 0.003 0 0.024 0 0 0.002 0.087 0.001 0.001 0 0.162 0.001 0.001 0 0.084 0.002 0.001 0 0.026 0.002 0 0 0 0.02 0.001 0.002 0.101 0 0.002 0 0.118;
0.191 0.007 0 0.187 0.002 0.005 0.001 0.07 0.001 0.001 0.002 0.046 0.001 0 0.002 0.084 0.003 0 0 0.047 0.001 0.001 0.001 0.041 0 0 0.001 0.002 0.047 0.002 0.002 0.124 0 0 0.001 0.127;0.191 0.007 0 0.002 0.046 0.001 0 0.001 0.002 0.047 0.187 0.002 0.005 0.001 0.002 0.084 0.003 0 0.002 0.002 0.124 0 0.001 0 0 0.041 0.07 0.001 0.001 0 0.047 0.001 0.001 0 0.001 0.127;0.191 0.002 0.001 0.187 0.002 0.002 0.001 0.07 0 0 0.007 0.046 0.002 0 0.002 0.084 0.002 0 0.001 0.047 0.001 0.001 0.001 0.041 0 0 0 0.001 0.047 0.005 0.003 0.124 0 0.001 0.001 0.127;
0.206 0.002 0.002 0.229 0.002 0.005 0.001 0.053 0.001 0 0.001 0.117 0 0.002 0.001 0.19 0.001 0.001 0 0.105 0.001 0.001 0 0.053 0.001 0 0.002 0 0.002 0.001 0 0.006 0.001 0 0.001 0.012;0.206 0.002 0.002 0.001 0.117 0 0.002 0.002 0 0.002 0.229 0.002 0.005 0.001 0.001 0.19 0.001 0.001 0.001 0 0.006 0.001 0 0 0.001 0.053 0.053 0.001 0 0 0.105 0.001 0.001 0 0.001 0.012;0.206 0.001 0.002 0.229 0.001 0.001 0 0.053 0 0 0.002 0.117 0 0.002 0.002 0.19 0 0 0.001 0.105 0.001 0.001 0.001 0.053 0.001 0.001 0.002 0 0.002 0.005 0.001 0.006 0.001 0 0.001 0.012;
0.226 0.001 0.004 0.239 0.001 0.004 0 0.019 0.002 0 0.003 0.106 0 0.001 0.001 0.227 0 0.002 0.001 0.111 0 0.005 0 0.03 0 0 0.001 0 0 0.002 0.001 0.007 0 0 0 0.006;0.226 0.001 0.004 0.003 0.106 0 0.001 0.001 0 0 0.239 0.001 0.004 0 0.001 0.227 0 0.002 0.002 0.001 0.007 0 0 0 0 0.03 0.019 0.002 0 0.001 0.111 0 0.005 0 0 0.006;0.226 0.003 0.001 0.239 0.001 0.002 0 0.019 0.001 0 0.001 0.106 0 0.001 0.001 0.227 0.001 0 0.002 0.111 0 0.005 0 0.03 0 0.002 0.004 0 0 0.004 0 0.007 0 0 0 0.006;
0.206 0.002 0 0.196 0.002 0.002 0.001 0.087 0.002 0.001 0.002 0.102 0.001 0.001 0 0.216 0 0 0.001 0.095 0 0 0.002 0.075 0.001 0.001 0 0 0.001 0 0.001 0 0 0 0 0.002;0.206 0.002 0 0.002 0.102 0.001 0.001 0 0 0.001 0.196 0.002 0.002 0.001 0 0.216 0 0 0 0.001 0 0 0.002 0.001 0.001 0.075 0.087 0.002 0.001 0.001 0.095 0 0 0 0 0.002;0.206 0.002 0 0.196 0 0 0.002 0.087 0.001 0 0.002 0.102 0 0.001 0.002 0.216 0.001 0.001 0.002 0.095 0 0 0.001 0.075 0 0 0 0.001 0.001 0.002 0 0 0.001 0.001 0 0.002;
0.186 0.001 0.001 0.221 0.003 0.001 0.002 0.051 0 0 0.002 0.065 0 0 0 0.099 0 0 0.003 0.052 0.003 0.002 0.001 0.034 0.002 0.002 0.005 0.001 0.034 0 0.001 0.114 0.002 0.002 0.001 0.109;0.186 0.001 0.001 0.002 0.065 0 0 0.005 0.001 0.034 0.221 0.003 0.001 0.002 0 0.099 0 0 0 0.001 0.114 0.002 0.001 0.002 0.002 0.034 0.051 0 0 0.003 0.052 0.003 0.002 0.002 0.001 0.109;0.186 0.002 0.005 0.221 0 0 0.001 0.051 0.003 0.002 0.001 0.065 0.001 0 0.003 0.099 0.001 0.002 0 0.052 0.001 0.002 0.002 0.034 0.002 0 0.001 0 0.034 0.001 0 0.114 0.002 0 0.003 0.109;
0.175 0 0 0.178 0.004 0.001 0.001 0.019 0 0.003 0.002 0.102 0 0.003 0 0.176 0 0.003 0 0.095 0 0.002 0 0.013 0.001 0.001 0.002 0 0.005 0.004 0.001 0.095 0 0.001 0 0.113;0.175 0 0 0.002 0.102 0 0.003 0.002 0 0.005 0.178 0.004 0.001 0.001 0 0.176 0 0.003 0.004 0.001 0.095 0 0 0.001 0.001 0.013 0.019 0 0.003 0 0.095 0 0.002 0.001 0 0.113;0.175 0.002 0.002 0.178 0 0.004 0 0.019 0 0.001 0 0.102 0 0.003 0.004 0.176 0.001 0.001 0 0.095 0 0.002 0.001 0.013 0 0.003 0 0 0.005 0.001 0 0.095 0.001 0.003 0 0.113;
0.204 0.002 0.003 0.19 0.005 0.002 0.001 0.002 0.001 0.001 0.002 0.114 0 0 0.001 0.208 0.001 0.004 0 0.093 0.001 0.003 0.002 0 0.001 0.002 0.002 0 0.001 0 0.002 0.075 0 0 0.001 0.076;0.204 0.002 0.003 0.002 0.114 0 0 0.002 0 0.001 0.19 0.005 0.002 0.001 0.001 0.208 0.001 0.004 0 0.002 0.075 0 0.002 0.002 0.001 0 0.002 0.001 0.001 0 0.093 0.001 0.003 0 0.001 0.076;0.204 0.002 0.002 0.19 0.001 0 0.002 0.002 0 0 0.002 0.114 0 0 0.005 0.208 0.002 0.002 0.001 0.093 0.001 0.003 0.001 0 0 0.004 0.003 0 0.001 0.002 0.001 0.075 0.001 0.001 0.001 0.076;
0.174 0.002 0.001 0.174 0.002 0.007 0 0.077 0.002 0.002 0.003 0.092 0.001 0.003 0.004 0.161 0 0.001 0 0.099 0.001 0.001 0.003 0.091 0 0.002 0.001 0.001 0.02 0 0.001 0.041 0 0.001 0.002 0.03;0.174 0.002 0.001 0.003 0.092 0.001 0.003 0.001 0.001 0.02 0.174 0.002 0.007 0 0.004 0.161 0 0.001 0 0.001 0.041 0 0.003 0.002 0 0.091 0.077 0.002 0.002 0 0.099 0.001 0.001 0.001 0.002 0.03;0.174 0.003 0.001 0.174 0.004 0 0.003 0.077 0 0.001 0.002 0.092 0.001 0.003 0.002 0.161 0.001 0.002 0.002 0.099 0.002 0.001 0 0.091 0 0.001 0.001 0.001 0.02 0.007 0 0.041 0 0.002 0.001 0.03;
0.174 0.004 0.002 0.087 0.001 0 0.001 0.139 0.004 0 0.002 0.043 0 0.001 0.002 0.195 0.004 0.002 0.002 0.044 0 0.001 0.001 0.154 0.002 0.002 0.001 0 0.043 0.002 0 0.016 0.001 0.004 0 0.066;0.174 0.004 0.002 0.002 0.043 0 0.001 0.001 0 0.043 0.087 0.001 0 0.001 0.002 0.195 0.004 0.002 0.002 0 0.016 0.001 0.001 0.002 0.002 0.154 0.139 0.004 0 0.002 0.044 0 0.001 0.004 0 0.066;0.174 0.002 0.001 0.087 0.002 0.002 0.001 0.139 0.002 0.004 0.004 0.043 0 0.001 0.001 0.195 0 0.002 0.004 0.044 0 0.001 0.001 0.154 0.001 0.002 0.002 0 0.043 0 0.004 0.016 0.002 0 0 0.066;
0.261 0.003 0 0.231 0.002 0 0 0 0.001 0.001 0.002 0.122 0.001 0.001 0 0.24 0.001 0.002 0.001 0.108 0.002 0.001 0.003 0 0.001 0 0 0 0 0 0.001 0.007 0 0 0 0.008;0.261 0.003 0 0.002 0.122 0.001 0.001 0 0 0 0.231 0.002 0 0 0 0.24 0.001 0.002 0 0.001 0.007 0 0.003 0 0.001 0 0 0.001 0.001 0.001 0.108 0.002 0.001 0 0 0.008;0.261 0.002 0 0.231 0 0 0.003 0 0.001 0 0.003 0.122 0 0.001 0.002 0.24 0.001 0 0.001 0.108 0 0.001 0 0 0 0.002 0 0.001 0 0 0.001 0.007 0.001 0.001 0.002 0.008;
0.207 0 0.001 0.197 0.001 0.003 0 0.012 0.001 0 0.002 0.079 0 0.001 0.001 0.151 0.001 0.001 0 0.083 0.001 0.001 0 0.008 0.001 0 0 0.001 0.009 0.002 0.001 0.12 0 0.001 0 0.114;0.207 0 0.001 0.002 0.079 0 0.001 0 0.001 0.009 0.197 0.001 0.003 0 0.001 0.151 0.001 0.001 0.002 0.001 0.12 0 0 0 0.001 0.008 0.012 0.001 0 0 0.083 0.001 0.001 0.001 0 0.114;0.207 0.002 0 0.197 0.001 0.002 0 0.012 0 0.001 0 0.079 0.001 0.001 0.001 0.151 0.001 0 0.001 0.083 0 0.001 0 0.008 0 0.001 0.001 0 0.009 0.003 0.001 0.12 0.001 0 0.001 0.114;
0.175 0.002 0.001 0.15 0.003 0.004 0.002 0.078 0 0.004 0.002 0.091 0 0 0.002 0.153 0 0.001 0.001 0.083 0.001 0.001 0.001 0.068 0 0 0.001 0.001 0.032 0.003 0.001 0.077 0 0 0.001 0.061;0.175 0.002 0.001 0.002 0.091 0 0 0.001 0.001 0.032 0.15 0.003 0.004 0.002 0.002 0.153 0 0.001 0.003 0.001 0.077 0 0.001 0 0 0.068 0.078 0 0.004 0.001 0.083 0.001 0.001 0 0.001 0.061;0.175 0.002 0.001 0.15 0.002 0.003 0.001 0.078 0.001 0 0.002 0.091 0.001 0 0.003 0.153 0.001 0 0 0.083 0.001 0.001 0.002 0.068 0 0.001 0.001 0 0.032 0.004 0 0.077 0 0.004 0.001 0.061;
0.236 0.002 0.005 0.233 0.001 0 0 0.016 0.001 0 0.003 0.13 0 0.001 0.001 0.208 0 0 0 0.099 0 0.002 0.001 0.012 0 0 0 0 0 0 0 0.017 0 0 0.001 0.031;0.236 0.002 0.005 0.003 0.13 0 0.001 0 0 0 0.233 0.001 0 0 0.001 0.208 0 0 0 0 0.017 0 0.001 0 0 0.012 0.016 0.001 0 0 0.099 0 0.002 0 0.001 0.031;0.236 0.003 0 0.233 0.001 0 0.001 0.016 0 0 0.002 0.13 0 0.001 0.001 0.208 0 0 0.001 0.099 0.001 0.002 0 0.012 0 0 0.005 0 0 0 0 0.017 0 0 0 0.031;
0.211 0.001 0 0.191 0.003 0.005 0 0.011 0 0.005 0.001 0.065 0 0.002 0 0.12 0.001 0 0 0.077 0.002 0 0 0.01 0 0.001 0.004 0 0.017 0.001 0 0.132 0 0.001 0.003 0.136;0.211 0.001 0 0.001 0.065 0 0.002 0.004 0 0.017 0.191 0.003 0.005 0 0 0.12 0.001 0 0.001 0 0.132 0 0 0.001 0 0.01 0.011 0 0.005 0 0.077 0.002 0 0.001 0.003 0.136;0.211 0.001 0.004 0.191 0 0.001 0 0.011 0 0.001 0.001 0.065 0 0.002 0.003 0.12 0 0.001 0 0.077 0.003 0 0 0.01 0 0 0 0 0.017 0.005 0.001 0.132 0 0.005 0.002 0.136;
0.234 0.002 0.003 0.206 0.001 0.003 0 0.023 0.001 0.004 0.001 0.115 0 0 0 0.193 0.002 0.002 0.002 0.121 0.001 0.003 0 0.024 0 0.001 0.001 0 0.009 0.003 0 0.022 0 0.001 0.001 0.021;0.234 0.002 0.003 0.001 0.115 0 0 0.001 0 0.009 0.206 0.001 0.003 0 0 0.193 0.002 0.002 0.003 0 0.022 0 0 0.001 0 0.024 0.023 0.001 0.004 0.002 0.121 0.001 0.003 0.001 0.001 0.021;0.234 0.001 0.001 0.206 0 0.003 0 0.023 0.002 0.001 0.002 0.115 0 0 0.001 0.193 0 0.001 0.001 0.121 0.001 0.003 0 0.024 0 0.002 0.003 0 0.009 0.003 0.002 0.022 0 0.004 0.001 0.021;
0.177 0 0.003 0.195 0.002 0.001 0.001 0.062 0 0.001 0.002 0.081 0 0.002 0.002 0.173 0.002 0 0.001 0.091 0 0.001 0.001 0.068 0.001 0 0.002 0 0.023 0 0.001 0.048 0 0 0.001 0.058;0.177 0 0.003 0.002 0.081 0 0.002 0.002 0 0.023 0.195 0.002 0.001 0.001 0.002 0.173 0.002 0 0 0.001 0.048 0 0.001 0 0.001 0.068 0.062 0 0.001 0.001 0.091 0 0.001 0 0.001 0.058;0.177 0.002 0.002 0.195 0.002 0 0.001 0.062 0.001 0 0 0.081 0 0.002 0.002 0.173 0.001 0 0 0.091 0.001 0.001 0.001 0.068 0 0 0.003 0 0.023 0.001 0.002 0.048 0.001 0.001 0 0.058;
0.238 0.001 0.002 0.21 0.001 0.005 0.001 0.026 0 0.001 0 0.018 0 0 0.001 0.04 0 0 0 0.016 0 0.001 0 0.002 0 0 0.004 0.002 0.024 0.004 0 0.186 0.002 0.001 0.003 0.211;0.238 0.001 0.002 0 0.018 0 0 0.004 0.002 0.024 0.21 0.001 0.005 0.001 0.001 0.04 0 0 0.004 0 0.186 0.002 0 0 0 0.002 0.026 0 0.001 0 0.016 0 0.001 0.001 0.003 0.211;0.238 0 0.004 0.21 0.001 0.004 0 0.026 0 0.001 0.001 0.018 0.002 0 0.001 0.04 0 0 0 0.016 0.003 0.001 0.001 0.002 0.002 0 0.002 0 0.024 0.005 0 0.186 0 0.001 0 0.211;
0.191 0 0 0.205 0.002 0.002 0.002 0.066 0 0 0.001 0.119 0 0.002 0 0.19 0.001 0.001 0.002 0.099 0 0.002 0.001 0.049 0.003 0.004 0 0 0.009 0.001 0.002 0.02 0.001 0 0 0.025;0.191 0 0 0.001 0.119 0 0.002 0 0 0.009 0.205 0.002 0.002 0.002 0 0.19 0.001 0.001 0.001 0.002 0.02 0.001 0.001 0.004 0.003 0.049 0.066 0 0 0.002 0.099 0 0.002 0 0 0.025;0.191 0.001 0 0.205 0 0.001 0.001 0.066 0.002 0 0 0.119 0 0.002 0.002 0.19 0.002 0.004 0 0.099 0 0.002 0.002 0.049 0.001 0.001 0 0 0.009 0.002 0.001 0.02 0.003 0 0 0.025];