pntP=[0.286 0.121 0.038 0.139 0.057 0.129 0.024 0.038 0.008 0.051 0.02 0.016 0.016 0.044 0.013;0.286 0.121 0.129 0.024 0.038 0.038 0.139 0.057 0.008 0.051 0.02 0.016 0.044 0.016 0.013;0.286 0.129 0.038 0.008 0.016 0.121 0.024 0.038 0.139 0.051 0.044 0.057 0.016 0.02 0.013;
0.268 0.123 0.053 0.141 0.044 0.117 0.022 0.045 0.014 0.049 0.021 0.012 0.019 0.057 0.015;0.268 0.123 0.117 0.022 0.045 0.053 0.141 0.044 0.014 0.049 0.021 0.012 0.057 0.019 0.015;0.268 0.117 0.053 0.014 0.012 0.123 0.022 0.045 0.141 0.049 0.057 0.044 0.019 0.021 0.015;
0.287 0.123 0.056 0.127 0.052 0.122 0.019 0.042 0.009 0.049 0.012 0.019 0.01 0.056 0.017;0.287 0.123 0.122 0.019 0.042 0.056 0.127 0.052 0.009 0.049 0.012 0.019 0.056 0.01 0.017;0.287 0.122 0.056 0.009 0.019 0.123 0.019 0.042 0.127 0.049 0.056 0.052 0.01 0.012 0.017;
0.258 0.127 0.06 0.106 0.06 0.146 0.021 0.047 0.005 0.055 0.015 0.017 0.013 0.059 0.011;0.258 0.127 0.146 0.021 0.047 0.06 0.106 0.06 0.005 0.055 0.015 0.017 0.059 0.013 0.011;0.258 0.146 0.06 0.005 0.017 0.127 0.021 0.047 0.106 0.055 0.059 0.06 0.013 0.015 0.011;
0.276 0.126 0.058 0.127 0.045 0.109 0.03 0.054 0.017 0.052 0.014 0.016 0.02 0.045 0.011;0.276 0.126 0.109 0.03 0.054 0.058 0.127 0.045 0.017 0.052 0.014 0.016 0.045 0.02 0.011;0.276 0.109 0.058 0.017 0.016 0.126 0.03 0.054 0.127 0.052 0.045 0.045 0.02 0.014 0.011;
0.273 0.129 0.05 0.121 0.055 0.129 0.027 0.034 0.011 0.053 0.016 0.023 0.013 0.053 0.013;0.273 0.129 0.129 0.027 0.034 0.05 0.121 0.055 0.011 0.053 0.016 0.023 0.053 0.013 0.013;0.273 0.129 0.05 0.011 0.023 0.129 0.027 0.034 0.121 0.053 0.053 0.055 0.013 0.016 0.013;
0.284 0.146 0.048 0.131 0.055 0.12 0.023 0.047 0.012 0.04 0.016 0.015 0.007 0.048 0.008;0.284 0.146 0.12 0.023 0.047 0.048 0.131 0.055 0.012 0.04 0.016 0.015 0.048 0.007 0.008;0.284 0.12 0.048 0.012 0.015 0.146 0.023 0.047 0.131 0.04 0.048 0.055 0.007 0.016 0.008;
0.26 0.114 0.056 0.138 0.062 0.135 0.017 0.038 0.011 0.045 0.021 0.014 0.014 0.058 0.017;0.26 0.114 0.135 0.017 0.038 0.056 0.138 0.062 0.011 0.045 0.021 0.014 0.058 0.014 0.017;0.26 0.135 0.056 0.011 0.014 0.114 0.017 0.038 0.138 0.045 0.058 0.062 0.014 0.021 0.017;
0.287 0.103 0.057 0.129 0.071 0.112 0.022 0.045 0.011 0.052 0.018 0.014 0.016 0.048 0.015;0.287 0.103 0.112 0.022 0.045 0.057 0.129 0.071 0.011 0.052 0.018 0.014 0.048 0.016 0.015;0.287 0.112 0.057 0.011 0.014 0.103 0.022 0.045 0.129 0.052 0.048 0.071 0.016 0.018 0.015;
0.266 0.134 0.048 0.138 0.072 0.105 0.026 0.036 0.018 0.047 0.02 0.022 0.012 0.048 0.008;0.266 0.134 0.105 0.026 0.036 0.048 0.138 0.072 0.018 0.047 0.02 0.022 0.048 0.012 0.008;0.266 0.105 0.048 0.018 0.022 0.134 0.026 0.036 0.138 0.047 0.048 0.072 0.012 0.02 0.008;
0.275 0.122 0.05 0.131 0.065 0.122 0.022 0.045 0.012 0.043 0.022 0.018 0.012 0.044 0.017;0.275 0.122 0.122 0.022 0.045 0.05 0.131 0.065 0.012 0.043 0.022 0.018 0.044 0.012 0.017;0.275 0.122 0.05 0.012 0.018 0.122 0.022 0.045 0.131 0.043 0.044 0.065 0.012 0.022 0.017;
0.277 0.116 0.043 0.129 0.052 0.137 0.026 0.03 0.016 0.053 0.021 0.02 0.015 0.061 0.004;0.277 0.116 0.137 0.026 0.03 0.043 0.129 0.052 0.016 0.053 0.021 0.02 0.061 0.015 0.004;0.277 0.137 0.043 0.016 0.02 0.116 0.026 0.03 0.129 0.053 0.061 0.052 0.015 0.021 0.004;
0.279 0.13 0.062 0.126 0.049 0.113 0.013 0.04 0.018 0.053 0.014 0.014 0.012 0.064 0.013;0.279 0.13 0.113 0.013 0.04 0.062 0.126 0.049 0.018 0.053 0.014 0.014 0.064 0.012 0.013;0.279 0.113 0.062 0.018 0.014 0.13 0.013 0.04 0.126 0.053 0.064 0.049 0.012 0.014 0.013;
0.287 0.127 0.049 0.115 0.058 0.124 0.021 0.043 0.012 0.05 0.018 0.022 0.011 0.049 0.014;0.287 0.127 0.124 0.021 0.043 0.049 0.115 0.058 0.012 0.05 0.018 0.022 0.049 0.011 0.014;0.287 0.124 0.049 0.012 0.022 0.127 0.021 0.043 0.115 0.05 0.049 0.058 0.011 0.018 0.014;
0.263 0.129 0.057 0.125 0.053 0.127 0.016 0.041 0.007 0.047 0.012 0.024 0.016 0.067 0.016;0.263 0.129 0.127 0.016 0.041 0.057 0.125 0.053 0.007 0.047 0.012 0.024 0.067 0.016 0.016;0.263 0.127 0.057 0.007 0.024 0.129 0.016 0.041 0.125 0.047 0.067 0.053 0.016 0.012 0.016;
0.278 0.108 0.043 0.143 0.05 0.135 0.022 0.05 0.012 0.049 0.013 0.019 0.018 0.048 0.012;0.278 0.108 0.135 0.022 0.05 0.043 0.143 0.05 0.012 0.049 0.013 0.019 0.048 0.018 0.012;0.278 0.135 0.043 0.012 0.019 0.108 0.022 0.05 0.143 0.049 0.048 0.05 0.018 0.013 0.012;
0.261 0.122 0.047 0.132 0.06 0.135 0.014 0.03 0.016 0.063 0.013 0.02 0.016 0.059 0.012;0.261 0.122 0.135 0.014 0.03 0.047 0.132 0.06 0.016 0.063 0.013 0.02 0.059 0.016 0.012;0.261 0.135 0.047 0.016 0.02 0.122 0.014 0.03 0.132 0.063 0.059 0.06 0.016 0.013 0.012;
0.279 0.138 0.04 0.132 0.051 0.124 0.018 0.035 0.018 0.052 0.013 0.023 0.023 0.044 0.01;0.279 0.138 0.124 0.018 0.035 0.04 0.132 0.051 0.018 0.052 0.013 0.023 0.044 0.023 0.01;0.279 0.124 0.04 0.018 0.023 0.138 0.018 0.035 0.132 0.052 0.044 0.051 0.023 0.013 0.01;
0.281 0.138 0.04 0.126 0.069 0.135 0.018 0.042 0.008 0.037 0.018 0.014 0.011 0.051 0.012;0.281 0.138 0.135 0.018 0.042 0.04 0.126 0.069 0.008 0.037 0.018 0.014 0.051 0.011 0.012;0.281 0.135 0.04 0.008 0.014 0.138 0.018 0.042 0.126 0.037 0.051 0.069 0.011 0.018 0.012;
0.275 0.138 0.049 0.137 0.056 0.122 0.022 0.04 0.012 0.054 0.018 0.013 0.009 0.048 0.007;0.275 0.138 0.122 0.022 0.04 0.049 0.137 0.056 0.012 0.054 0.018 0.013 0.048 0.009 0.007;0.275 0.122 0.049 0.012 0.013 0.138 0.022 0.04 0.137 0.054 0.048 0.056 0.009 0.018 0.007;
0.291 0.119 0.049 0.134 0.049 0.116 0.018 0.037 0.012 0.054 0.02 0.024 0.013 0.053 0.011;0.291 0.119 0.116 0.018 0.037 0.049 0.134 0.049 0.012 0.054 0.02 0.024 0.053 0.013 0.011;0.291 0.116 0.049 0.012 0.024 0.119 0.018 0.037 0.134 0.054 0.053 0.049 0.013 0.02 0.011;
0.273 0.134 0.05 0.121 0.051 0.125 0.023 0.04 0.008 0.062 0.017 0.013 0.014 0.059 0.01;0.273 0.134 0.125 0.023 0.04 0.05 0.121 0.051 0.008 0.062 0.017 0.013 0.059 0.014 0.01;0.273 0.125 0.05 0.008 0.013 0.134 0.023 0.04 0.121 0.062 0.059 0.051 0.014 0.017 0.01;
0.251 0.138 0.059 0.113 0.06 0.135 0.016 0.04 0.009 0.058 0.015 0.012 0.027 0.058 0.009;0.251 0.138 0.135 0.016 0.04 0.059 0.113 0.06 0.009 0.058 0.015 0.012 0.058 0.027 0.009;0.251 0.135 0.059 0.009 0.012 0.138 0.016 0.04 0.113 0.058 0.058 0.06 0.027 0.015 0.009;
0.267 0.113 0.047 0.127 0.058 0.128 0.026 0.053 0.015 0.039 0.014 0.012 0.019 0.074 0.008;0.267 0.113 0.128 0.026 0.053 0.047 0.127 0.058 0.015 0.039 0.014 0.012 0.074 0.019 0.008;0.267 0.128 0.047 0.015 0.012 0.113 0.026 0.053 0.127 0.039 0.074 0.058 0.019 0.014 0.008;
0.256 0.134 0.056 0.141 0.054 0.126 0.02 0.043 0.013 0.045 0.012 0.016 0.006 0.065 0.013;0.256 0.134 0.126 0.02 0.043 0.056 0.141 0.054 0.013 0.045 0.012 0.016 0.065 0.006 0.013;0.256 0.126 0.056 0.013 0.016 0.134 0.02 0.043 0.141 0.045 0.065 0.054 0.006 0.012 0.013;
0.267 0.127 0.053 0.122 0.045 0.137 0.02 0.041 0.008 0.055 0.014 0.022 0.018 0.058 0.013;0.267 0.127 0.137 0.02 0.041 0.053 0.122 0.045 0.008 0.055 0.014 0.022 0.058 0.018 0.013;0.267 0.137 0.053 0.008 0.022 0.127 0.02 0.041 0.122 0.055 0.058 0.045 0.018 0.014 0.013;
0.286 0.108 0.052 0.143 0.055 0.122 0.024 0.044 0.014 0.052 0.016 0.016 0.011 0.045 0.012;0.286 0.108 0.122 0.024 0.044 0.052 0.143 0.055 0.014 0.052 0.016 0.016 0.045 0.011 0.012;0.286 0.122 0.052 0.014 0.016 0.108 0.024 0.044 0.143 0.052 0.045 0.055 0.011 0.016 0.012;
0.276 0.143 0.046 0.125 0.07 0.104 0.017 0.037 0.013 0.055 0.022 0.014 0.019 0.047 0.012;0.276 0.143 0.104 0.017 0.037 0.046 0.125 0.07 0.013 0.055 0.022 0.014 0.047 0.019 0.012;0.276 0.104 0.046 0.013 0.014 0.143 0.017 0.037 0.125 0.055 0.047 0.07 0.019 0.022 0.012;
0.255 0.135 0.049 0.141 0.058 0.118 0.019 0.047 0.016 0.041 0.02 0.009 0.009 0.066 0.017;0.255 0.135 0.118 0.019 0.047 0.049 0.141 0.058 0.016 0.041 0.02 0.009 0.066 0.009 0.017;0.255 0.118 0.049 0.016 0.009 0.135 0.019 0.047 0.141 0.041 0.066 0.058 0.009 0.02 0.017;
0.272 0.122 0.045 0.147 0.061 0.118 0.026 0.037 0.009 0.056 0.018 0.01 0.011 0.054 0.014;0.272 0.122 0.118 0.026 0.037 0.045 0.147 0.061 0.009 0.056 0.018 0.01 0.054 0.011 0.014;0.272 0.118 0.045 0.009 0.01 0.122 0.026 0.037 0.147 0.056 0.054 0.061 0.011 0.018 0.014;
0.273 0.141 0.05 0.136 0.052 0.099 0.016 0.035 0.014 0.054 0.022 0.016 0.012 0.068 0.012;0.273 0.141 0.099 0.016 0.035 0.05 0.136 0.052 0.014 0.054 0.022 0.016 0.068 0.012 0.012;0.273 0.099 0.05 0.014 0.016 0.141 0.016 0.035 0.136 0.054 0.068 0.052 0.012 0.022 0.012;
0.257 0.136 0.038 0.137 0.057 0.125 0.018 0.039 0.016 0.053 0.024 0.024 0.012 0.058 0.006;0.257 0.136 0.125 0.018 0.039 0.038 0.137 0.057 0.016 0.053 0.024 0.024 0.058 0.012 0.006;0.257 0.125 0.038 0.016 0.024 0.136 0.018 0.039 0.137 0.053 0.058 0.057 0.012 0.024 0.006;
0.274 0.131 0.056 0.123 0.063 0.11 0.027 0.038 0.007 0.053 0.021 0.021 0.013 0.055 0.008;0.274 0.131 0.11 0.027 0.038 0.056 0.123 0.063 0.007 0.053 0.021 0.021 0.055 0.013 0.008;0.274 0.11 0.056 0.007 0.021 0.131 0.027 0.038 0.123 0.053 0.055 0.063 0.013 0.021 0.008;
0.234 0.149 0.053 0.133 0.073 0.123 0.02 0.034 0.017 0.047 0.011 0.019 0.017 0.061 0.009;0.234 0.149 0.123 0.02 0.034 0.053 0.133 0.073 0.017 0.047 0.011 0.019 0.061 0.017 0.009;0.234 0.123 0.053 0.017 0.019 0.149 0.02 0.034 0.133 0.047 0.061 0.073 0.017 0.011 0.009;
0.282 0.127 0.054 0.13 0.04 0.138 0.021 0.035 0.012 0.043 0.014 0.02 0.012 0.062 0.01;0.282 0.127 0.138 0.021 0.035 0.054 0.13 0.04 0.012 0.043 0.014 0.02 0.062 0.012 0.01;0.282 0.138 0.054 0.012 0.02 0.127 0.021 0.035 0.13 0.043 0.062 0.04 0.012 0.014 0.01;
0.267 0.127 0.042 0.13 0.047 0.141 0.021 0.036 0.009 0.056 0.019 0.023 0.013 0.056 0.013;0.267 0.127 0.141 0.021 0.036 0.042 0.13 0.047 0.009 0.056 0.019 0.023 0.056 0.013 0.013;0.267 0.141 0.042 0.009 0.023 0.127 0.021 0.036 0.13 0.056 0.056 0.047 0.013 0.019 0.013;
0.289 0.132 0.053 0.14 0.047 0.121 0.018 0.033 0.017 0.043 0.019 0.017 0.011 0.052 0.008;0.289 0.132 0.121 0.018 0.033 0.053 0.14 0.047 0.017 0.043 0.019 0.017 0.052 0.011 0.008;0.289 0.121 0.053 0.017 0.017 0.132 0.018 0.033 0.14 0.043 0.052 0.047 0.011 0.019 0.008;
0.267 0.125 0.045 0.126 0.061 0.124 0.016 0.041 0.008 0.043 0.022 0.021 0.015 0.069 0.017;0.267 0.125 0.124 0.016 0.041 0.045 0.126 0.061 0.008 0.043 0.022 0.021 0.069 0.015 0.017;0.267 0.124 0.045 0.008 0.021 0.125 0.016 0.041 0.126 0.043 0.069 0.061 0.015 0.022 0.017;
0.268 0.115 0.05 0.136 0.055 0.123 0.03 0.045 0.012 0.053 0.013 0.015 0.016 0.061 0.008;0.268 0.115 0.123 0.03 0.045 0.05 0.136 0.055 0.012 0.053 0.013 0.015 0.061 0.016 0.008;0.268 0.123 0.05 0.012 0.015 0.115 0.03 0.045 0.136 0.053 0.061 0.055 0.016 0.013 0.008;
0.279 0.127 0.046 0.129 0.055 0.121 0.025 0.042 0.008 0.054 0.022 0.021 0.009 0.052 0.01;0.279 0.127 0.121 0.025 0.042 0.046 0.129 0.055 0.008 0.054 0.022 0.021 0.052 0.009 0.01;0.279 0.121 0.046 0.008 0.021 0.127 0.025 0.042 0.129 0.054 0.052 0.055 0.009 0.022 0.01;
0.259 0.128 0.051 0.136 0.045 0.122 0.013 0.044 0.015 0.061 0.017 0.023 0.009 0.068 0.009;0.259 0.128 0.122 0.013 0.044 0.051 0.136 0.045 0.015 0.061 0.017 0.023 0.068 0.009 0.009;0.259 0.122 0.051 0.015 0.023 0.128 0.013 0.044 0.136 0.061 0.068 0.045 0.009 0.017 0.009;
0.279 0.126 0.048 0.128 0.043 0.13 0.021 0.04 0.017 0.049 0.015 0.021 0.016 0.059 0.008;0.279 0.126 0.13 0.021 0.04 0.048 0.128 0.043 0.017 0.049 0.015 0.021 0.059 0.016 0.008;0.279 0.13 0.048 0.017 0.021 0.126 0.021 0.04 0.128 0.049 0.059 0.043 0.016 0.015 0.008;
0.293 0.129 0.05 0.151 0.048 0.102 0.023 0.039 0.006 0.045 0.015 0.016 0.015 0.062 0.006;0.293 0.129 0.102 0.023 0.039 0.05 0.151 0.048 0.006 0.045 0.015 0.016 0.062 0.015 0.006;0.293 0.102 0.05 0.006 0.016 0.129 0.023 0.039 0.151 0.045 0.062 0.048 0.015 0.015 0.006;
0.275 0.12 0.058 0.112 0.076 0.13 0.015 0.049 0.007 0.049 0.017 0.012 0.01 0.057 0.013;0.275 0.12 0.13 0.015 0.049 0.058 0.112 0.076 0.007 0.049 0.017 0.012 0.057 0.01 0.013;0.275 0.13 0.058 0.007 0.012 0.12 0.015 0.049 0.112 0.049 0.057 0.076 0.01 0.017 0.013;
0.289 0.117 0.045 0.112 0.051 0.136 0.024 0.04 0.016 0.049 0.02 0.015 0.01 0.061 0.015;0.289 0.117 0.136 0.024 0.04 0.045 0.112 0.051 0.016 0.049 0.02 0.015 0.061 0.01 0.015;0.289 0.136 0.045 0.016 0.015 0.117 0.024 0.04 0.112 0.049 0.061 0.051 0.01 0.02 0.015;
0.28 0.121 0.052 0.119 0.046 0.132 0.019 0.04 0.006 0.055 0.018 0.03 0.01 0.061 0.011;0.28 0.121 0.132 0.019 0.04 0.052 0.119 0.046 0.006 0.055 0.018 0.03 0.061 0.01 0.011;0.28 0.132 0.052 0.006 0.03 0.121 0.019 0.04 0.119 0.055 0.061 0.046 0.01 0.018 0.011;
0.268 0.121 0.05 0.141 0.064 0.118 0.022 0.039 0.012 0.046 0.019 0.017 0.01 0.059 0.014;0.268 0.121 0.118 0.022 0.039 0.05 0.141 0.064 0.012 0.046 0.019 0.017 0.059 0.01 0.014;0.268 0.118 0.05 0.012 0.017 0.121 0.022 0.039 0.141 0.046 0.059 0.064 0.01 0.019 0.014;
0.259 0.122 0.046 0.146 0.051 0.114 0.023 0.04 0.017 0.055 0.02 0.024 0.016 0.059 0.008;0.259 0.122 0.114 0.023 0.04 0.046 0.146 0.051 0.017 0.055 0.02 0.024 0.059 0.016 0.008;0.259 0.114 0.046 0.017 0.024 0.122 0.023 0.04 0.146 0.055 0.059 0.051 0.016 0.02 0.008;
0.267 0.122 0.052 0.132 0.071 0.131 0.025 0.032 0.011 0.048 0.017 0.011 0.016 0.055 0.01;0.267 0.122 0.131 0.025 0.032 0.052 0.132 0.071 0.011 0.048 0.017 0.011 0.055 0.016 0.01;0.267 0.131 0.052 0.011 0.011 0.122 0.025 0.032 0.132 0.048 0.055 0.071 0.016 0.017 0.01;
0.258 0.123 0.062 0.143 0.047 0.139 0.022 0.038 0.012 0.043 0.012 0.017 0.017 0.045 0.022;0.258 0.123 0.139 0.022 0.038 0.062 0.143 0.047 0.012 0.043 0.012 0.017 0.045 0.017 0.022;0.258 0.139 0.062 0.012 0.017 0.123 0.022 0.038 0.143 0.043 0.045 0.047 0.017 0.012 0.022;
0.273 0.136 0.053 0.113 0.057 0.125 0.021 0.035 0.014 0.061 0.016 0.022 0.012 0.053 0.009;0.273 0.136 0.125 0.021 0.035 0.053 0.113 0.057 0.014 0.061 0.016 0.022 0.053 0.012 0.009;0.273 0.125 0.053 0.014 0.022 0.136 0.021 0.035 0.113 0.061 0.053 0.057 0.012 0.016 0.009;
0.283 0.13 0.046 0.114 0.054 0.126 0.029 0.037 0.017 0.056 0.016 0.017 0.019 0.05 0.006;0.283 0.13 0.126 0.029 0.037 0.046 0.114 0.054 0.017 0.056 0.016 0.017 0.05 0.019 0.006;0.283 0.126 0.046 0.017 0.017 0.13 0.029 0.037 0.114 0.056 0.05 0.054 0.019 0.016 0.006;
0.271 0.134 0.041 0.129 0.065 0.113 0.024 0.046 0.016 0.047 0.017 0.015 0.014 0.06 0.008;0.271 0.134 0.113 0.024 0.046 0.041 0.129 0.065 0.016 0.047 0.017 0.015 0.06 0.014 0.008;0.271 0.113 0.041 0.016 0.015 0.134 0.024 0.046 0.129 0.047 0.06 0.065 0.014 0.017 0.008;
0.275 0.133 0.045 0.129 0.048 0.132 0.027 0.038 0.012 0.034 0.011 0.023 0.018 0.064 0.011;0.275 0.133 0.132 0.027 0.038 0.045 0.129 0.048 0.012 0.034 0.011 0.023 0.064 0.018 0.011;0.275 0.132 0.045 0.012 0.023 0.133 0.027 0.038 0.129 0.034 0.064 0.048 0.018 0.011 0.011;
0.258 0.117 0.056 0.138 0.057 0.146 0.013 0.036 0.009 0.049 0.017 0.024 0.021 0.054 0.005;0.258 0.117 0.146 0.013 0.036 0.056 0.138 0.057 0.009 0.049 0.017 0.024 0.054 0.021 0.005;0.258 0.146 0.056 0.009 0.024 0.117 0.013 0.036 0.138 0.049 0.054 0.057 0.021 0.017 0.005;
0.269 0.124 0.06 0.124 0.049 0.136 0.023 0.039 0.01 0.048 0.016 0.017 0.01 0.06 0.015;0.269 0.124 0.136 0.023 0.039 0.06 0.124 0.049 0.01 0.048 0.016 0.017 0.06 0.01 0.015;0.269 0.136 0.06 0.01 0.017 0.124 0.023 0.039 0.124 0.048 0.06 0.049 0.01 0.016 0.015;
0.282 0.125 0.059 0.131 0.043 0.107 0.02 0.035 0.013 0.068 0.008 0.015 0.015 0.064 0.015;0.282 0.125 0.107 0.02 0.035 0.059 0.131 0.043 0.013 0.068 0.008 0.015 0.064 0.015 0.015;0.282 0.107 0.059 0.013 0.015 0.125 0.02 0.035 0.131 0.068 0.064 0.043 0.015 0.008 0.015;
0.27 0.132 0.061 0.116 0.054 0.128 0.021 0.031 0.008 0.052 0.023 0.019 0.016 0.057 0.012;0.27 0.132 0.128 0.021 0.031 0.061 0.116 0.054 0.008 0.052 0.023 0.019 0.057 0.016 0.012;0.27 0.128 0.061 0.008 0.019 0.132 0.021 0.031 0.116 0.052 0.057 0.054 0.016 0.023 0.012;
0.299 0.122 0.063 0.133 0.05 0.123 0.017 0.039 0.012 0.036 0.015 0.012 0.014 0.054 0.011;0.299 0.122 0.123 0.017 0.039 0.063 0.133 0.05 0.012 0.036 0.015 0.012 0.054 0.014 0.011;0.299 0.123 0.063 0.012 0.012 0.122 0.017 0.039 0.133 0.036 0.054 0.05 0.014 0.015 0.011;
0.259 0.118 0.055 0.128 0.06 0.135 0.025 0.031 0.021 0.05 0.018 0.013 0.016 0.063 0.008;0.259 0.118 0.135 0.025 0.031 0.055 0.128 0.06 0.021 0.05 0.018 0.013 0.063 0.016 0.008;0.259 0.135 0.055 0.021 0.013 0.118 0.025 0.031 0.128 0.05 0.063 0.06 0.016 0.018 0.008;
0.283 0.104 0.056 0.128 0.056 0.139 0.028 0.032 0.011 0.046 0.014 0.025 0.022 0.046 0.01;0.283 0.104 0.139 0.028 0.032 0.056 0.128 0.056 0.011 0.046 0.014 0.025 0.046 0.022 0.01;0.283 0.139 0.056 0.011 0.025 0.104 0.028 0.032 0.128 0.046 0.046 0.056 0.022 0.014 0.01;
0.243 0.149 0.061 0.133 0.054 0.131 0.011 0.034 0.008 0.051 0.013 0.02 0.008 0.068 0.016;0.243 0.149 0.131 0.011 0.034 0.061 0.133 0.054 0.008 0.051 0.013 0.02 0.068 0.008 0.016;0.243 0.131 0.061 0.008 0.02 0.149 0.011 0.034 0.133 0.051 0.068 0.054 0.008 0.013 0.016;
0.273 0.132 0.043 0.146 0.069 0.108 0.024 0.04 0.009 0.047 0.013 0.016 0.011 0.054 0.015;0.273 0.132 0.108 0.024 0.04 0.043 0.146 0.069 0.009 0.047 0.013 0.016 0.054 0.011 0.015;0.273 0.108 0.043 0.009 0.016 0.132 0.024 0.04 0.146 0.047 0.054 0.069 0.011 0.013 0.015;
0.273 0.132 0.054 0.139 0.066 0.135 0.024 0.029 0.011 0.04 0.012 0.012 0.011 0.053 0.009;0.273 0.132 0.135 0.024 0.029 0.054 0.139 0.066 0.011 0.04 0.012 0.012 0.053 0.011 0.009;0.273 0.135 0.054 0.011 0.012 0.132 0.024 0.029 0.139 0.04 0.053 0.066 0.011 0.012 0.009;
0.268 0.125 0.045 0.124 0.064 0.134 0.016 0.046 0.015 0.059 0.015 0.017 0.011 0.053 0.008;0.268 0.125 0.134 0.016 0.046 0.045 0.124 0.064 0.015 0.059 0.015 0.017 0.053 0.011 0.008;0.268 0.134 0.045 0.015 0.017 0.125 0.016 0.046 0.124 0.059 0.053 0.064 0.011 0.015 0.008;
0.268 0.125 0.046 0.125 0.064 0.112 0.024 0.039 0.011 0.056 0.015 0.018 0.014 0.073 0.01;0.268 0.125 0.112 0.024 0.039 0.046 0.125 0.064 0.011 0.056 0.015 0.018 0.073 0.014 0.01;0.268 0.112 0.046 0.011 0.018 0.125 0.024 0.039 0.125 0.056 0.073 0.064 0.014 0.015 0.01;
0.261 0.127 0.058 0.13 0.062 0.12 0.022 0.041 0.011 0.054 0.018 0.018 0.014 0.049 0.015;0.261 0.127 0.12 0.022 0.041 0.058 0.13 0.062 0.011 0.054 0.018 0.018 0.049 0.014 0.015;0.261 0.12 0.058 0.011 0.018 0.127 0.022 0.041 0.13 0.054 0.049 0.062 0.014 0.018 0.015;
0.303 0.139 0.05 0.123 0.045 0.104 0.027 0.04 0.013 0.044 0.013 0.02 0.014 0.05 0.015;0.303 0.139 0.104 0.027 0.04 0.05 0.123 0.045 0.013 0.044 0.013 0.02 0.05 0.014 0.015;0.303 0.104 0.05 0.013 0.02 0.139 0.027 0.04 0.123 0.044 0.05 0.045 0.014 0.013 0.015;
0.283 0.136 0.039 0.127 0.074 0.106 0.02 0.033 0.016 0.047 0.013 0.019 0.014 0.058 0.015;0.283 0.136 0.106 0.02 0.033 0.039 0.127 0.074 0.016 0.047 0.013 0.019 0.058 0.014 0.015;0.283 0.106 0.039 0.016 0.019 0.136 0.02 0.033 0.127 0.047 0.058 0.074 0.014 0.013 0.015;
0.279 0.123 0.05 0.14 0.046 0.137 0.023 0.037 0.012 0.04 0.014 0.02 0.009 0.057 0.013;0.279 0.123 0.137 0.023 0.037 0.05 0.14 0.046 0.012 0.04 0.014 0.02 0.057 0.009 0.013;0.279 0.137 0.05 0.012 0.02 0.123 0.023 0.037 0.14 0.04 0.057 0.046 0.009 0.014 0.013;
0.286 0.115 0.035 0.123 0.067 0.13 0.017 0.04 0.011 0.063 0.015 0.021 0.013 0.053 0.011;0.286 0.115 0.13 0.017 0.04 0.035 0.123 0.067 0.011 0.063 0.015 0.021 0.053 0.013 0.011;0.286 0.13 0.035 0.011 0.021 0.115 0.017 0.04 0.123 0.063 0.053 0.067 0.013 0.015 0.011;
0.266 0.128 0.04 0.126 0.06 0.139 0.019 0.044 0.013 0.03 0.023 0.022 0.011 0.071 0.008;0.266 0.128 0.139 0.019 0.044 0.04 0.126 0.06 0.013 0.03 0.023 0.022 0.071 0.011 0.008;0.266 0.139 0.04 0.013 0.022 0.128 0.019 0.044 0.126 0.03 0.071 0.06 0.011 0.023 0.008;
0.276 0.122 0.042 0.145 0.057 0.114 0.019 0.036 0.009 0.063 0.017 0.022 0.013 0.058 0.007;0.276 0.122 0.114 0.019 0.036 0.042 0.145 0.057 0.009 0.063 0.017 0.022 0.058 0.013 0.007;0.276 0.114 0.042 0.009 0.022 0.122 0.019 0.036 0.145 0.063 0.058 0.057 0.013 0.017 0.007;
0.297 0.119 0.042 0.144 0.045 0.12 0.015 0.046 0.012 0.053 0.016 0.015 0.015 0.057 0.004;0.297 0.119 0.12 0.015 0.046 0.042 0.144 0.045 0.012 0.053 0.016 0.015 0.057 0.015 0.004;0.297 0.12 0.042 0.012 0.015 0.119 0.015 0.046 0.144 0.053 0.057 0.045 0.015 0.016 0.004;
0.269 0.118 0.039 0.125 0.066 0.15 0.023 0.036 0.01 0.051 0.016 0.021 0.011 0.058 0.007;0.269 0.118 0.15 0.023 0.036 0.039 0.125 0.066 0.01 0.051 0.016 0.021 0.058 0.011 0.007;0.269 0.15 0.039 0.01 0.021 0.118 0.023 0.036 0.125 0.051 0.058 0.066 0.011 0.016 0.007;
0.275 0.138 0.049 0.119 0.051 0.133 0.024 0.036 0.016 0.052 0.021 0.02 0.011 0.046 0.009;0.275 0.138 0.133 0.024 0.036 0.049 0.119 0.051 0.016 0.052 0.021 0.02 0.046 0.011 0.009;0.275 0.133 0.049 0.016 0.02 0.138 0.024 0.036 0.119 0.052 0.046 0.051 0.011 0.021 0.009;
0.264 0.125 0.056 0.13 0.062 0.119 0.016 0.045 0.013 0.049 0.022 0.028 0.011 0.052 0.008;0.264 0.125 0.119 0.016 0.045 0.056 0.13 0.062 0.013 0.049 0.022 0.028 0.052 0.011 0.008;0.264 0.119 0.056 0.013 0.028 0.125 0.016 0.045 0.13 0.049 0.052 0.062 0.011 0.022 0.008;
0.268 0.117 0.063 0.142 0.058 0.125 0.018 0.033 0.012 0.048 0.02 0.014 0.016 0.05 0.016;0.268 0.117 0.125 0.018 0.033 0.063 0.142 0.058 0.012 0.048 0.02 0.014 0.05 0.016 0.016;0.268 0.125 0.063 0.012 0.014 0.117 0.018 0.033 0.142 0.048 0.05 0.058 0.016 0.02 0.016;
0.288 0.127 0.062 0.126 0.048 0.116 0.016 0.044 0.015 0.044 0.02 0.018 0.016 0.051 0.009;0.288 0.127 0.116 0.016 0.044 0.062 0.126 0.048 0.015 0.044 0.02 0.018 0.051 0.016 0.009;0.288 0.116 0.062 0.015 0.018 0.127 0.016 0.044 0.126 0.044 0.051 0.048 0.016 0.02 0.009;
0.271 0.129 0.052 0.128 0.055 0.116 0.023 0.046 0.015 0.061 0.019 0.027 0.012 0.041 0.005;0.271 0.129 0.116 0.023 0.046 0.052 0.128 0.055 0.015 0.061 0.019 0.027 0.041 0.012 0.005;0.271 0.116 0.052 0.015 0.027 0.129 0.023 0.046 0.128 0.061 0.041 0.055 0.012 0.019 0.005;
0.28 0.121 0.053 0.147 0.05 0.103 0.011 0.041 0.012 0.055 0.015 0.021 0.017 0.063 0.011;0.28 0.121 0.103 0.011 0.041 0.053 0.147 0.05 0.012 0.055 0.015 0.021 0.063 0.017 0.011;0.28 0.103 0.053 0.012 0.021 0.121 0.011 0.041 0.147 0.055 0.063 0.05 0.017 0.015 0.011;
0.274 0.149 0.063 0.129 0.051 0.109 0.018 0.037 0.007 0.04 0.015 0.024 0.016 0.06 0.008;0.274 0.149 0.109 0.018 0.037 0.063 0.129 0.051 0.007 0.04 0.015 0.024 0.06 0.016 0.008;0.274 0.109 0.063 0.007 0.024 0.149 0.018 0.037 0.129 0.04 0.06 0.051 0.016 0.015 0.008;
0.269 0.138 0.042 0.14 0.056 0.117 0.012 0.042 0.014 0.055 0.017 0.021 0.015 0.051 0.011;0.269 0.138 0.117 0.012 0.042 0.042 0.14 0.056 0.014 0.055 0.017 0.021 0.051 0.015 0.011;0.269 0.117 0.042 0.014 0.021 0.138 0.012 0.042 0.14 0.055 0.051 0.056 0.015 0.017 0.011;
0.255 0.15 0.05 0.139 0.07 0.123 0.01 0.034 0.012 0.042 0.015 0.023 0.006 0.06 0.011;0.255 0.15 0.123 0.01 0.034 0.05 0.139 0.07 0.012 0.042 0.015 0.023 0.06 0.006 0.011;0.255 0.123 0.05 0.012 0.023 0.15 0.01 0.034 0.139 0.042 0.06 0.07 0.006 0.015 0.011;
0.279 0.113 0.056 0.139 0.048 0.113 0.023 0.037 0.017 0.053 0.011 0.018 0.013 0.071 0.009;0.279 0.113 0.113 0.023 0.037 0.056 0.139 0.048 0.017 0.053 0.011 0.018 0.071 0.013 0.009;0.279 0.113 0.056 0.017 0.018 0.113 0.023 0.037 0.139 0.053 0.071 0.048 0.013 0.011 0.009;
0.268 0.131 0.043 0.129 0.054 0.131 0.019 0.028 0.017 0.056 0.02 0.013 0.017 0.062 0.012;0.268 0.131 0.131 0.019 0.028 0.043 0.129 0.054 0.017 0.056 0.02 0.013 0.062 0.017 0.012;0.268 0.131 0.043 0.017 0.013 0.131 0.019 0.028 0.129 0.056 0.062 0.054 0.017 0.02 0.012;
0.281 0.119 0.061 0.128 0.05 0.125 0.02 0.036 0.019 0.057 0.016 0.011 0.013 0.053 0.011;0.281 0.119 0.125 0.02 0.036 0.061 0.128 0.05 0.019 0.057 0.016 0.011 0.053 0.013 0.011;0.281 0.125 0.061 0.019 0.011 0.119 0.02 0.036 0.128 0.057 0.053 0.05 0.013 0.016 0.011;
0.281 0.116 0.046 0.125 0.069 0.107 0.021 0.048 0.006 0.052 0.019 0.019 0.018 0.06 0.013;0.281 0.116 0.107 0.021 0.048 0.046 0.125 0.069 0.006 0.052 0.019 0.019 0.06 0.018 0.013;0.281 0.107 0.046 0.006 0.019 0.116 0.021 0.048 0.125 0.052 0.06 0.069 0.018 0.019 0.013;
0.289 0.129 0.056 0.124 0.054 0.124 0.015 0.036 0.015 0.041 0.017 0.015 0.019 0.047 0.019;0.289 0.129 0.124 0.015 0.036 0.056 0.124 0.054 0.015 0.041 0.017 0.015 0.047 0.019 0.019;0.289 0.124 0.056 0.015 0.015 0.129 0.015 0.036 0.124 0.041 0.047 0.054 0.019 0.017 0.019;
0.278 0.138 0.057 0.108 0.06 0.126 0.014 0.031 0.007 0.055 0.015 0.026 0.012 0.06 0.013;0.278 0.138 0.126 0.014 0.031 0.057 0.108 0.06 0.007 0.055 0.015 0.026 0.06 0.012 0.013;0.278 0.126 0.057 0.007 0.026 0.138 0.014 0.031 0.108 0.055 0.06 0.06 0.012 0.015 0.013;
0.233 0.156 0.056 0.135 0.056 0.127 0.03 0.041 0.011 0.048 0.013 0.011 0.017 0.051 0.015;0.233 0.156 0.127 0.03 0.041 0.056 0.135 0.056 0.011 0.048 0.013 0.011 0.051 0.017 0.015;0.233 0.127 0.056 0.011 0.011 0.156 0.03 0.041 0.135 0.048 0.051 0.056 0.017 0.013 0.015;
0.307 0.124 0.049 0.121 0.047 0.132 0.024 0.03 0.007 0.052 0.018 0.012 0.011 0.053 0.013;0.307 0.124 0.132 0.024 0.03 0.049 0.121 0.047 0.007 0.052 0.018 0.012 0.053 0.011 0.013;0.307 0.132 0.049 0.007 0.012 0.124 0.024 0.03 0.121 0.052 0.053 0.047 0.011 0.018 0.013;
0.246 0.125 0.05 0.136 0.051 0.125 0.015 0.039 0.019 0.063 0.019 0.025 0.016 0.059 0.012;0.246 0.125 0.125 0.015 0.039 0.05 0.136 0.051 0.019 0.063 0.019 0.025 0.059 0.016 0.012;0.246 0.125 0.05 0.019 0.025 0.125 0.015 0.039 0.136 0.063 0.059 0.051 0.016 0.019 0.012;
0.271 0.131 0.044 0.153 0.045 0.121 0.019 0.037 0.017 0.047 0.014 0.017 0.016 0.054 0.014;0.271 0.131 0.121 0.019 0.037 0.044 0.153 0.045 0.017 0.047 0.014 0.017 0.054 0.016 0.014;0.271 0.121 0.044 0.017 0.017 0.131 0.019 0.037 0.153 0.047 0.054 0.045 0.016 0.014 0.014;
0.272 0.132 0.043 0.131 0.067 0.114 0.02 0.041 0.015 0.052 0.016 0.019 0.015 0.054 0.009;0.272 0.132 0.114 0.02 0.041 0.043 0.131 0.067 0.015 0.052 0.016 0.019 0.054 0.015 0.009;0.272 0.114 0.043 0.015 0.019 0.132 0.02 0.041 0.131 0.052 0.054 0.067 0.015 0.016 0.009;
0.266 0.115 0.063 0.133 0.056 0.138 0.016 0.043 0.007 0.048 0.012 0.016 0.014 0.058 0.015;0.266 0.115 0.138 0.016 0.043 0.063 0.133 0.056 0.007 0.048 0.012 0.016 0.058 0.014 0.015;0.266 0.138 0.063 0.007 0.016 0.115 0.016 0.043 0.133 0.048 0.058 0.056 0.014 0.012 0.015;
0.284 0.108 0.058 0.133 0.05 0.124 0.015 0.028 0.015 0.044 0.019 0.03 0.01 0.068 0.014;0.284 0.108 0.124 0.015 0.028 0.058 0.133 0.05 0.015 0.044 0.019 0.03 0.068 0.01 0.014;0.284 0.124 0.058 0.015 0.03 0.108 0.015 0.028 0.133 0.044 0.068 0.05 0.01 0.019 0.014;
0.25 0.142 0.049 0.15 0.056 0.128 0.024 0.032 0.015 0.05 0.02 0.017 0.014 0.045 0.008;0.25 0.142 0.128 0.024 0.032 0.049 0.15 0.056 0.015 0.05 0.02 0.017 0.045 0.014 0.008;0.25 0.128 0.049 0.015 0.017 0.142 0.024 0.032 0.15 0.05 0.045 0.056 0.014 0.02 0.008;
0.276 0.114 0.058 0.122 0.053 0.137 0.017 0.04 0.004 0.056 0.013 0.024 0.017 0.057 0.012;0.276 0.114 0.137 0.017 0.04 0.058 0.122 0.053 0.004 0.056 0.013 0.024 0.057 0.017 0.012;0.276 0.137 0.058 0.004 0.024 0.114 0.017 0.04 0.122 0.056 0.057 0.053 0.017 0.013 0.012;
0.294 0.118 0.05 0.132 0.059 0.139 0.022 0.023 0.007 0.034 0.009 0.025 0.017 0.065 0.006;0.294 0.118 0.139 0.022 0.023 0.05 0.132 0.059 0.007 0.034 0.009 0.025 0.065 0.017 0.006;0.294 0.139 0.05 0.007 0.025 0.118 0.022 0.023 0.132 0.034 0.065 0.059 0.017 0.009 0.006];