pntP=[0.058 0.055 0.098 0.052 0.079 0.045 0.05 0.068 0.045 0.095 0.07 0.063 0.094 0.076 0.052;0.058 0.055 0.045 0.05 0.068 0.098 0.052 0.079 0.045 0.095 0.07 0.063 0.076 0.094 0.052;0.058 0.045 0.098 0.045 0.063 0.055 0.05 0.068 0.052 0.095 0.076 0.079 0.094 0.07 0.052;
0.054 0.051 0.088 0.047 0.065 0.052 0.061 0.063 0.039 0.106 0.067 0.077 0.086 0.078 0.066;0.054 0.051 0.052 0.061 0.063 0.088 0.047 0.065 0.039 0.106 0.067 0.077 0.078 0.086 0.066;0.054 0.052 0.088 0.039 0.077 0.051 0.061 0.063 0.047 0.106 0.078 0.065 0.086 0.067 0.066;
0.055 0.046 0.083 0.044 0.096 0.057 0.061 0.047 0.032 0.096 0.076 0.075 0.115 0.074 0.043;0.055 0.046 0.057 0.061 0.047 0.083 0.044 0.096 0.032 0.096 0.076 0.075 0.074 0.115 0.043;0.055 0.057 0.083 0.032 0.075 0.046 0.061 0.047 0.044 0.096 0.074 0.096 0.115 0.076 0.043;
0.067 0.045 0.097 0.047 0.083 0.045 0.049 0.063 0.026 0.099 0.068 0.079 0.095 0.074 0.063;0.067 0.045 0.045 0.049 0.063 0.097 0.047 0.083 0.026 0.099 0.068 0.079 0.074 0.095 0.063;0.067 0.045 0.097 0.026 0.079 0.045 0.049 0.063 0.047 0.099 0.074 0.083 0.095 0.068 0.063;
0.063 0.056 0.103 0.044 0.076 0.05 0.045 0.055 0.039 0.093 0.065 0.063 0.105 0.078 0.065;0.063 0.056 0.05 0.045 0.055 0.103 0.044 0.076 0.039 0.093 0.065 0.063 0.078 0.105 0.065;0.063 0.05 0.103 0.039 0.063 0.056 0.045 0.055 0.044 0.093 0.078 0.076 0.105 0.065 0.065;
0.067 0.059 0.068 0.059 0.077 0.044 0.059 0.061 0.048 0.09 0.059 0.058 0.115 0.082 0.054;0.067 0.059 0.044 0.059 0.061 0.068 0.059 0.077 0.048 0.09 0.059 0.058 0.082 0.115 0.054;0.067 0.044 0.068 0.048 0.058 0.059 0.059 0.061 0.059 0.09 0.082 0.077 0.115 0.059 0.054;
0.054 0.048 0.084 0.061 0.094 0.041 0.044 0.048 0.037 0.09 0.066 0.072 0.107 0.098 0.056;0.054 0.048 0.041 0.044 0.048 0.084 0.061 0.094 0.037 0.09 0.066 0.072 0.098 0.107 0.056;0.054 0.041 0.084 0.037 0.072 0.048 0.044 0.048 0.061 0.09 0.098 0.094 0.107 0.066 0.056;
0.052 0.059 0.111 0.058 0.09 0.043 0.045 0.059 0.039 0.09 0.056 0.059 0.099 0.084 0.056;0.052 0.059 0.043 0.045 0.059 0.111 0.058 0.09 0.039 0.09 0.056 0.059 0.084 0.099 0.056;0.052 0.043 0.111 0.039 0.059 0.059 0.045 0.059 0.058 0.09 0.084 0.09 0.099 0.056 0.056;
0.052 0.056 0.105 0.064 0.093 0.055 0.05 0.057 0.036 0.088 0.07 0.062 0.089 0.068 0.055;0.052 0.056 0.055 0.05 0.057 0.105 0.064 0.093 0.036 0.088 0.07 0.062 0.068 0.089 0.055;0.052 0.055 0.105 0.036 0.062 0.056 0.05 0.057 0.064 0.088 0.068 0.093 0.089 0.07 0.055;
0.07 0.056 0.086 0.059 0.077 0.051 0.056 0.05 0.042 0.085 0.063 0.057 0.107 0.08 0.061;0.07 0.056 0.051 0.056 0.05 0.086 0.059 0.077 0.042 0.085 0.063 0.057 0.08 0.107 0.061;0.07 0.051 0.086 0.042 0.057 0.056 0.056 0.05 0.059 0.085 0.08 0.077 0.107 0.063 0.061;
0.074 0.053 0.094 0.046 0.089 0.047 0.05 0.048 0.046 0.1 0.076 0.062 0.097 0.065 0.053;0.074 0.053 0.047 0.05 0.048 0.094 0.046 0.089 0.046 0.1 0.076 0.062 0.065 0.097 0.053;0.074 0.047 0.094 0.046 0.062 0.053 0.05 0.048 0.046 0.1 0.065 0.089 0.097 0.076 0.053;
0.055 0.055 0.097 0.055 0.074 0.05 0.048 0.059 0.035 0.099 0.071 0.07 0.108 0.082 0.042;0.055 0.055 0.05 0.048 0.059 0.097 0.055 0.074 0.035 0.099 0.071 0.07 0.082 0.108 0.042;0.055 0.05 0.097 0.035 0.07 0.055 0.048 0.059 0.055 0.099 0.082 0.074 0.108 0.071 0.042;
0.066 0.059 0.099 0.045 0.076 0.073 0.036 0.046 0.03 0.11 0.052 0.077 0.098 0.07 0.063;0.066 0.059 0.073 0.036 0.046 0.099 0.045 0.076 0.03 0.11 0.052 0.077 0.07 0.098 0.063;0.066 0.073 0.099 0.03 0.077 0.059 0.036 0.046 0.045 0.11 0.07 0.076 0.098 0.052 0.063;
0.07 0.041 0.091 0.045 0.08 0.047 0.054 0.072 0.039 0.081 0.071 0.062 0.104 0.086 0.057;0.07 0.041 0.047 0.054 0.072 0.091 0.045 0.08 0.039 0.081 0.071 0.062 0.086 0.104 0.057;0.07 0.047 0.091 0.039 0.062 0.041 0.054 0.072 0.045 0.081 0.086 0.08 0.104 0.071 0.057;
0.067 0.058 0.096 0.063 0.077 0.047 0.056 0.047 0.033 0.087 0.062 0.066 0.098 0.095 0.048;0.067 0.058 0.047 0.056 0.047 0.096 0.063 0.077 0.033 0.087 0.062 0.066 0.095 0.098 0.048;0.067 0.047 0.096 0.033 0.066 0.058 0.056 0.047 0.063 0.087 0.095 0.077 0.098 0.062 0.048;
0.061 0.055 0.084 0.061 0.089 0.04 0.05 0.049 0.03 0.093 0.062 0.071 0.105 0.093 0.057;0.061 0.055 0.04 0.05 0.049 0.084 0.061 0.089 0.03 0.093 0.062 0.071 0.093 0.105 0.057;0.061 0.04 0.084 0.03 0.071 0.055 0.05 0.049 0.061 0.093 0.093 0.089 0.105 0.062 0.057;
0.067 0.059 0.103 0.072 0.08 0.055 0.046 0.051 0.031 0.094 0.054 0.063 0.094 0.073 0.058;0.067 0.059 0.055 0.046 0.051 0.103 0.072 0.08 0.031 0.094 0.054 0.063 0.073 0.094 0.058;0.067 0.055 0.103 0.031 0.063 0.059 0.046 0.051 0.072 0.094 0.073 0.08 0.094 0.054 0.058;
0.06 0.054 0.1 0.048 0.064 0.052 0.057 0.056 0.037 0.092 0.074 0.06 0.095 0.093 0.058;0.06 0.054 0.052 0.057 0.056 0.1 0.048 0.064 0.037 0.092 0.074 0.06 0.093 0.095 0.058;0.06 0.052 0.1 0.037 0.06 0.054 0.057 0.056 0.048 0.092 0.093 0.064 0.095 0.074 0.058;
0.06 0.041 0.088 0.04 0.087 0.056 0.054 0.051 0.039 0.105 0.062 0.058 0.11 0.081 0.068;0.06 0.041 0.056 0.054 0.051 0.088 0.04 0.087 0.039 0.105 0.062 0.058 0.081 0.11 0.068;0.06 0.056 0.088 0.039 0.058 0.041 0.054 0.051 0.04 0.105 0.081 0.087 0.11 0.062 0.068;
0.069 0.047 0.093 0.055 0.08 0.045 0.053 0.076 0.035 0.085 0.047 0.076 0.102 0.079 0.058;0.069 0.047 0.045 0.053 0.076 0.093 0.055 0.08 0.035 0.085 0.047 0.076 0.079 0.102 0.058;0.069 0.045 0.093 0.035 0.076 0.047 0.053 0.076 0.055 0.085 0.079 0.08 0.102 0.047 0.058;
0.055 0.041 0.098 0.064 0.073 0.042 0.047 0.045 0.036 0.114 0.065 0.077 0.1 0.078 0.065;0.055 0.041 0.042 0.047 0.045 0.098 0.064 0.073 0.036 0.114 0.065 0.077 0.078 0.1 0.065;0.055 0.042 0.098 0.036 0.077 0.041 0.047 0.045 0.064 0.114 0.078 0.073 0.1 0.065 0.065;
0.068 0.052 0.082 0.058 0.075 0.044 0.052 0.053 0.03 0.111 0.066 0.049 0.115 0.086 0.059;0.068 0.052 0.044 0.052 0.053 0.082 0.058 0.075 0.03 0.111 0.066 0.049 0.086 0.115 0.059;0.068 0.044 0.082 0.03 0.049 0.052 0.052 0.053 0.058 0.111 0.086 0.075 0.115 0.066 0.059;
0.047 0.048 0.088 0.06 0.086 0.032 0.044 0.054 0.036 0.098 0.079 0.06 0.123 0.08 0.065;0.047 0.048 0.032 0.044 0.054 0.088 0.06 0.086 0.036 0.098 0.079 0.06 0.08 0.123 0.065;0.047 0.032 0.088 0.036 0.06 0.048 0.044 0.054 0.06 0.098 0.08 0.086 0.123 0.079 0.065;
0.057 0.046 0.103 0.066 0.059 0.048 0.06 0.055 0.049 0.098 0.047 0.067 0.109 0.08 0.056;0.057 0.046 0.048 0.06 0.055 0.103 0.066 0.059 0.049 0.098 0.047 0.067 0.08 0.109 0.056;0.057 0.048 0.103 0.049 0.067 0.046 0.06 0.055 0.066 0.098 0.08 0.059 0.109 0.047 0.056;
0.058 0.057 0.081 0.048 0.085 0.052 0.051 0.056 0.038 0.089 0.076 0.069 0.09 0.085 0.065;0.058 0.057 0.052 0.051 0.056 0.081 0.048 0.085 0.038 0.089 0.076 0.069 0.085 0.09 0.065;0.058 0.052 0.081 0.038 0.069 0.057 0.051 0.056 0.048 0.089 0.085 0.085 0.09 0.076 0.065;
0.057 0.048 0.102 0.053 0.065 0.055 0.07 0.056 0.03 0.087 0.069 0.069 0.104 0.076 0.059;0.057 0.048 0.055 0.07 0.056 0.102 0.053 0.065 0.03 0.087 0.069 0.069 0.076 0.104 0.059;0.057 0.055 0.102 0.03 0.069 0.048 0.07 0.056 0.053 0.087 0.076 0.065 0.104 0.069 0.059;
0.056 0.047 0.112 0.063 0.069 0.04 0.058 0.062 0.043 0.084 0.066 0.081 0.1 0.067 0.052;0.056 0.047 0.04 0.058 0.062 0.112 0.063 0.069 0.043 0.084 0.066 0.081 0.067 0.1 0.052;0.056 0.04 0.112 0.043 0.081 0.047 0.058 0.062 0.063 0.084 0.067 0.069 0.1 0.066 0.052;
0.069 0.034 0.115 0.05 0.073 0.054 0.054 0.061 0.029 0.09 0.069 0.055 0.107 0.074 0.066;0.069 0.034 0.054 0.054 0.061 0.115 0.05 0.073 0.029 0.09 0.069 0.055 0.074 0.107 0.066;0.069 0.054 0.115 0.029 0.055 0.034 0.054 0.061 0.05 0.09 0.074 0.073 0.107 0.069 0.066;
0.064 0.057 0.085 0.062 0.078 0.058 0.053 0.068 0.043 0.096 0.054 0.059 0.095 0.078 0.05;0.064 0.057 0.058 0.053 0.068 0.085 0.062 0.078 0.043 0.096 0.054 0.059 0.078 0.095 0.05;0.064 0.058 0.085 0.043 0.059 0.057 0.053 0.068 0.062 0.096 0.078 0.078 0.095 0.054 0.05;
0.069 0.047 0.097 0.078 0.067 0.059 0.051 0.059 0.041 0.094 0.061 0.063 0.08 0.073 0.061;0.069 0.047 0.059 0.051 0.059 0.097 0.078 0.067 0.041 0.094 0.061 0.063 0.073 0.08 0.061;0.069 0.059 0.097 0.041 0.063 0.047 0.051 0.059 0.078 0.094 0.073 0.067 0.08 0.061 0.061;
0.056 0.038 0.086 0.051 0.079 0.056 0.054 0.061 0.041 0.088 0.057 0.061 0.135 0.084 0.053;0.056 0.038 0.056 0.054 0.061 0.086 0.051 0.079 0.041 0.088 0.057 0.061 0.084 0.135 0.053;0.056 0.056 0.086 0.041 0.061 0.038 0.054 0.061 0.051 0.088 0.084 0.079 0.135 0.057 0.053;
0.062 0.049 0.088 0.063 0.099 0.056 0.054 0.051 0.028 0.087 0.064 0.06 0.098 0.088 0.053;0.062 0.049 0.056 0.054 0.051 0.088 0.063 0.099 0.028 0.087 0.064 0.06 0.088 0.098 0.053;0.062 0.056 0.088 0.028 0.06 0.049 0.054 0.051 0.063 0.087 0.088 0.099 0.098 0.064 0.053;
0.07 0.045 0.091 0.049 0.082 0.054 0.058 0.054 0.04 0.085 0.061 0.057 0.118 0.077 0.059;0.07 0.045 0.054 0.058 0.054 0.091 0.049 0.082 0.04 0.085 0.061 0.057 0.077 0.118 0.059;0.07 0.054 0.091 0.04 0.057 0.045 0.058 0.054 0.049 0.085 0.077 0.082 0.118 0.061 0.059;
0.068 0.047 0.103 0.054 0.071 0.05 0.05 0.055 0.04 0.093 0.055 0.071 0.116 0.076 0.051;0.068 0.047 0.05 0.05 0.055 0.103 0.054 0.071 0.04 0.093 0.055 0.071 0.076 0.116 0.051;0.068 0.05 0.103 0.04 0.071 0.047 0.05 0.055 0.054 0.093 0.076 0.071 0.116 0.055 0.051;
0.061 0.038 0.08 0.048 0.083 0.045 0.058 0.066 0.042 0.087 0.076 0.07 0.116 0.084 0.046;0.061 0.038 0.045 0.058 0.066 0.08 0.048 0.083 0.042 0.087 0.076 0.07 0.084 0.116 0.046;0.061 0.045 0.08 0.042 0.07 0.038 0.058 0.066 0.048 0.087 0.084 0.083 0.116 0.076 0.046;
0.069 0.044 0.095 0.052 0.08 0.05 0.063 0.057 0.035 0.08 0.085 0.066 0.098 0.075 0.051;0.069 0.044 0.05 0.063 0.057 0.095 0.052 0.08 0.035 0.08 0.085 0.066 0.075 0.098 0.051;0.069 0.05 0.095 0.035 0.066 0.044 0.063 0.057 0.052 0.08 0.075 0.08 0.098 0.085 0.051;
0.051 0.048 0.087 0.054 0.071 0.067 0.063 0.057 0.03 0.099 0.079 0.063 0.104 0.076 0.051;0.051 0.048 0.067 0.063 0.057 0.087 0.054 0.071 0.03 0.099 0.079 0.063 0.076 0.104 0.051;0.051 0.067 0.087 0.03 0.063 0.048 0.063 0.057 0.054 0.099 0.076 0.071 0.104 0.079 0.051;
0.066 0.048 0.112 0.051 0.088 0.054 0.05 0.048 0.042 0.091 0.068 0.052 0.109 0.071 0.05;0.066 0.048 0.054 0.05 0.048 0.112 0.051 0.088 0.042 0.091 0.068 0.052 0.071 0.109 0.05;0.066 0.054 0.112 0.042 0.052 0.048 0.05 0.048 0.051 0.091 0.071 0.088 0.109 0.068 0.05;
0.064 0.057 0.101 0.052 0.093 0.044 0.054 0.068 0.034 0.102 0.056 0.039 0.12 0.07 0.046;0.064 0.057 0.044 0.054 0.068 0.101 0.052 0.093 0.034 0.102 0.056 0.039 0.07 0.12 0.046;0.064 0.044 0.101 0.034 0.039 0.057 0.054 0.068 0.052 0.102 0.07 0.093 0.12 0.056 0.046;
0.061 0.045 0.101 0.061 0.073 0.056 0.056 0.054 0.035 0.084 0.062 0.058 0.109 0.086 0.059;0.061 0.045 0.056 0.056 0.054 0.101 0.061 0.073 0.035 0.084 0.062 0.058 0.086 0.109 0.059;0.061 0.056 0.101 0.035 0.058 0.045 0.056 0.054 0.061 0.084 0.086 0.073 0.109 0.062 0.059;
0.061 0.053 0.094 0.061 0.084 0.054 0.05 0.051 0.028 0.097 0.067 0.068 0.114 0.068 0.05;0.061 0.053 0.054 0.05 0.051 0.094 0.061 0.084 0.028 0.097 0.067 0.068 0.068 0.114 0.05;0.061 0.054 0.094 0.028 0.068 0.053 0.05 0.051 0.061 0.097 0.068 0.084 0.114 0.067 0.05;
0.053 0.055 0.089 0.059 0.074 0.064 0.056 0.063 0.029 0.098 0.062 0.062 0.102 0.074 0.06;0.053 0.055 0.064 0.056 0.063 0.089 0.059 0.074 0.029 0.098 0.062 0.062 0.074 0.102 0.06;0.053 0.064 0.089 0.029 0.062 0.055 0.056 0.063 0.059 0.098 0.074 0.074 0.102 0.062 0.06;
0.057 0.039 0.088 0.06 0.086 0.048 0.063 0.052 0.032 0.091 0.059 0.06 0.119 0.088 0.058;0.057 0.039 0.048 0.063 0.052 0.088 0.06 0.086 0.032 0.091 0.059 0.06 0.088 0.119 0.058;0.057 0.048 0.088 0.032 0.06 0.039 0.063 0.052 0.06 0.091 0.088 0.086 0.119 0.059 0.058;
0.044 0.049 0.089 0.054 0.078 0.057 0.053 0.073 0.042 0.095 0.055 0.054 0.114 0.087 0.056;0.044 0.049 0.057 0.053 0.073 0.089 0.054 0.078 0.042 0.095 0.055 0.054 0.087 0.114 0.056;0.044 0.057 0.089 0.042 0.054 0.049 0.053 0.073 0.054 0.095 0.087 0.078 0.114 0.055 0.056;
0.065 0.055 0.099 0.063 0.071 0.044 0.039 0.055 0.027 0.089 0.061 0.068 0.127 0.085 0.052;0.065 0.055 0.044 0.039 0.055 0.099 0.063 0.071 0.027 0.089 0.061 0.068 0.085 0.127 0.052;0.065 0.044 0.099 0.027 0.068 0.055 0.039 0.055 0.063 0.089 0.085 0.071 0.127 0.061 0.052;
0.06 0.05 0.079 0.062 0.081 0.042 0.054 0.058 0.036 0.089 0.058 0.069 0.127 0.072 0.063;0.06 0.05 0.042 0.054 0.058 0.079 0.062 0.081 0.036 0.089 0.058 0.069 0.072 0.127 0.063;0.06 0.042 0.079 0.036 0.069 0.05 0.054 0.058 0.062 0.089 0.072 0.081 0.127 0.058 0.063;
0.056 0.062 0.104 0.059 0.069 0.048 0.053 0.053 0.036 0.093 0.074 0.071 0.101 0.074 0.047;0.056 0.062 0.048 0.053 0.053 0.104 0.059 0.069 0.036 0.093 0.074 0.071 0.074 0.101 0.047;0.056 0.048 0.104 0.036 0.071 0.062 0.053 0.053 0.059 0.093 0.074 0.069 0.101 0.074 0.047;
0.066 0.038 0.11 0.052 0.065 0.044 0.055 0.069 0.037 0.102 0.059 0.064 0.102 0.082 0.055;0.066 0.038 0.044 0.055 0.069 0.11 0.052 0.065 0.037 0.102 0.059 0.064 0.082 0.102 0.055;0.066 0.044 0.11 0.037 0.064 0.038 0.055 0.069 0.052 0.102 0.082 0.065 0.102 0.059 0.055;
0.051 0.042 0.088 0.066 0.095 0.045 0.063 0.042 0.04 0.091 0.063 0.077 0.101 0.093 0.043;0.051 0.042 0.045 0.063 0.042 0.088 0.066 0.095 0.04 0.091 0.063 0.077 0.093 0.101 0.043;0.051 0.045 0.088 0.04 0.077 0.042 0.063 0.042 0.066 0.091 0.093 0.095 0.101 0.063 0.043;
0.064 0.043 0.092 0.055 0.08 0.043 0.059 0.059 0.026 0.104 0.061 0.066 0.102 0.091 0.055;0.064 0.043 0.043 0.059 0.059 0.092 0.055 0.08 0.026 0.104 0.061 0.066 0.091 0.102 0.055;0.064 0.043 0.092 0.026 0.066 0.043 0.059 0.059 0.055 0.104 0.091 0.08 0.102 0.061 0.055;
0.069 0.051 0.095 0.057 0.082 0.054 0.055 0.067 0.037 0.107 0.059 0.057 0.092 0.065 0.053;0.069 0.051 0.054 0.055 0.067 0.095 0.057 0.082 0.037 0.107 0.059 0.057 0.065 0.092 0.053;0.069 0.054 0.095 0.037 0.057 0.051 0.055 0.067 0.057 0.107 0.065 0.082 0.092 0.059 0.053;
0.07 0.043 0.078 0.063 0.074 0.063 0.046 0.056 0.045 0.105 0.044 0.071 0.115 0.071 0.056;0.07 0.043 0.063 0.046 0.056 0.078 0.063 0.074 0.045 0.105 0.044 0.071 0.071 0.115 0.056;0.07 0.063 0.078 0.045 0.071 0.043 0.046 0.056 0.063 0.105 0.071 0.074 0.115 0.044 0.056;
0.058 0.043 0.088 0.06 0.095 0.049 0.057 0.058 0.028 0.087 0.077 0.051 0.103 0.086 0.06;0.058 0.043 0.049 0.057 0.058 0.088 0.06 0.095 0.028 0.087 0.077 0.051 0.086 0.103 0.06;0.058 0.049 0.088 0.028 0.051 0.043 0.057 0.058 0.06 0.087 0.086 0.095 0.103 0.077 0.06;
0.07 0.05 0.098 0.047 0.067 0.055 0.048 0.058 0.033 0.112 0.058 0.064 0.104 0.08 0.056;0.07 0.05 0.055 0.048 0.058 0.098 0.047 0.067 0.033 0.112 0.058 0.064 0.08 0.104 0.056;0.07 0.055 0.098 0.033 0.064 0.05 0.048 0.058 0.047 0.112 0.08 0.067 0.104 0.058 0.056;
0.067 0.056 0.076 0.054 0.071 0.053 0.06 0.053 0.048 0.094 0.067 0.074 0.104 0.075 0.048;0.067 0.056 0.053 0.06 0.053 0.076 0.054 0.071 0.048 0.094 0.067 0.074 0.075 0.104 0.048;0.067 0.053 0.076 0.048 0.074 0.056 0.06 0.053 0.054 0.094 0.075 0.071 0.104 0.067 0.048;
0.054 0.051 0.076 0.055 0.085 0.06 0.053 0.063 0.03 0.1 0.076 0.068 0.1 0.073 0.056;0.054 0.051 0.06 0.053 0.063 0.076 0.055 0.085 0.03 0.1 0.076 0.068 0.073 0.1 0.056;0.054 0.06 0.076 0.03 0.068 0.051 0.053 0.063 0.055 0.1 0.073 0.085 0.1 0.076 0.056;
0.059 0.044 0.092 0.059 0.082 0.052 0.049 0.05 0.028 0.09 0.078 0.07 0.097 0.101 0.049;0.059 0.044 0.052 0.049 0.05 0.092 0.059 0.082 0.028 0.09 0.078 0.07 0.101 0.097 0.049;0.059 0.052 0.092 0.028 0.07 0.044 0.049 0.05 0.059 0.09 0.101 0.082 0.097 0.078 0.049;
0.061 0.06 0.094 0.048 0.076 0.061 0.052 0.06 0.028 0.091 0.061 0.059 0.113 0.082 0.054;0.061 0.06 0.061 0.052 0.06 0.094 0.048 0.076 0.028 0.091 0.061 0.059 0.082 0.113 0.054;0.061 0.061 0.094 0.028 0.059 0.06 0.052 0.06 0.048 0.091 0.082 0.076 0.113 0.061 0.054;
0.059 0.047 0.094 0.058 0.083 0.069 0.054 0.057 0.039 0.101 0.061 0.053 0.091 0.079 0.055;0.059 0.047 0.069 0.054 0.057 0.094 0.058 0.083 0.039 0.101 0.061 0.053 0.079 0.091 0.055;0.059 0.069 0.094 0.039 0.053 0.047 0.054 0.057 0.058 0.101 0.079 0.083 0.091 0.061 0.055;
0.057 0.05 0.097 0.054 0.092 0.064 0.057 0.057 0.03 0.101 0.049 0.061 0.081 0.087 0.063;0.057 0.05 0.064 0.057 0.057 0.097 0.054 0.092 0.03 0.101 0.049 0.061 0.087 0.081 0.063;0.057 0.064 0.097 0.03 0.061 0.05 0.057 0.057 0.054 0.101 0.087 0.092 0.081 0.049 0.063;
0.059 0.048 0.092 0.064 0.077 0.063 0.047 0.047 0.027 0.1 0.073 0.07 0.108 0.071 0.054;0.059 0.048 0.063 0.047 0.047 0.092 0.064 0.077 0.027 0.1 0.073 0.07 0.071 0.108 0.054;0.059 0.063 0.092 0.027 0.07 0.048 0.047 0.047 0.064 0.1 0.071 0.077 0.108 0.073 0.054;
0.062 0.062 0.093 0.054 0.088 0.043 0.04 0.061 0.045 0.089 0.055 0.058 0.118 0.077 0.055;0.062 0.062 0.043 0.04 0.061 0.093 0.054 0.088 0.045 0.089 0.055 0.058 0.077 0.118 0.055;0.062 0.043 0.093 0.045 0.058 0.062 0.04 0.061 0.054 0.089 0.077 0.088 0.118 0.055 0.055;
0.066 0.038 0.08 0.058 0.076 0.048 0.048 0.076 0.027 0.108 0.067 0.071 0.105 0.074 0.058;0.066 0.038 0.048 0.048 0.076 0.08 0.058 0.076 0.027 0.108 0.067 0.071 0.074 0.105 0.058;0.066 0.048 0.08 0.027 0.071 0.038 0.048 0.076 0.058 0.108 0.074 0.076 0.105 0.067 0.058;
0.059 0.063 0.083 0.058 0.084 0.047 0.052 0.054 0.037 0.09 0.066 0.059 0.11 0.079 0.059;0.059 0.063 0.047 0.052 0.054 0.083 0.058 0.084 0.037 0.09 0.066 0.059 0.079 0.11 0.059;0.059 0.047 0.083 0.037 0.059 0.063 0.052 0.054 0.058 0.09 0.079 0.084 0.11 0.066 0.059;
0.06 0.047 0.118 0.071 0.07 0.054 0.049 0.06 0.032 0.097 0.043 0.051 0.106 0.089 0.053;0.06 0.047 0.054 0.049 0.06 0.118 0.071 0.07 0.032 0.097 0.043 0.051 0.089 0.106 0.053;0.06 0.054 0.118 0.032 0.051 0.047 0.049 0.06 0.071 0.097 0.089 0.07 0.106 0.043 0.053;
0.055 0.033 0.101 0.043 0.08 0.056 0.048 0.053 0.042 0.112 0.062 0.057 0.107 0.095 0.056;0.055 0.033 0.056 0.048 0.053 0.101 0.043 0.08 0.042 0.112 0.062 0.057 0.095 0.107 0.056;0.055 0.056 0.101 0.042 0.057 0.033 0.048 0.053 0.043 0.112 0.095 0.08 0.107 0.062 0.056;
0.047 0.056 0.095 0.052 0.075 0.042 0.056 0.065 0.044 0.096 0.06 0.071 0.1 0.083 0.058;0.047 0.056 0.042 0.056 0.065 0.095 0.052 0.075 0.044 0.096 0.06 0.071 0.083 0.1 0.058;0.047 0.042 0.095 0.044 0.071 0.056 0.056 0.065 0.052 0.096 0.083 0.075 0.1 0.06 0.058;
0.054 0.052 0.087 0.057 0.073 0.044 0.064 0.06 0.034 0.097 0.072 0.075 0.095 0.074 0.062;0.054 0.052 0.044 0.064 0.06 0.087 0.057 0.073 0.034 0.097 0.072 0.075 0.074 0.095 0.062;0.054 0.044 0.087 0.034 0.075 0.052 0.064 0.06 0.057 0.097 0.074 0.073 0.095 0.072 0.062;
0.057 0.045 0.092 0.056 0.075 0.04 0.056 0.056 0.036 0.113 0.068 0.068 0.105 0.077 0.056;0.057 0.045 0.04 0.056 0.056 0.092 0.056 0.075 0.036 0.113 0.068 0.068 0.077 0.105 0.056;0.057 0.04 0.092 0.036 0.068 0.045 0.056 0.056 0.056 0.113 0.077 0.075 0.105 0.068 0.056;
0.067 0.051 0.114 0.053 0.067 0.043 0.056 0.068 0.048 0.087 0.054 0.065 0.1 0.071 0.056;0.067 0.051 0.043 0.056 0.068 0.114 0.053 0.067 0.048 0.087 0.054 0.065 0.071 0.1 0.056;0.067 0.043 0.114 0.048 0.065 0.051 0.056 0.068 0.053 0.087 0.071 0.067 0.1 0.054 0.056;
0.068 0.039 0.103 0.042 0.093 0.058 0.056 0.046 0.042 0.098 0.06 0.069 0.101 0.075 0.05;0.068 0.039 0.058 0.056 0.046 0.103 0.042 0.093 0.042 0.098 0.06 0.069 0.075 0.101 0.05;0.068 0.058 0.103 0.042 0.069 0.039 0.056 0.046 0.042 0.098 0.075 0.093 0.101 0.06 0.05;
0.062 0.047 0.088 0.056 0.085 0.04 0.057 0.053 0.035 0.084 0.077 0.081 0.106 0.083 0.046;0.062 0.047 0.04 0.057 0.053 0.088 0.056 0.085 0.035 0.084 0.077 0.081 0.083 0.106 0.046;0.062 0.04 0.088 0.035 0.081 0.047 0.057 0.053 0.056 0.084 0.083 0.085 0.106 0.077 0.046;
0.062 0.049 0.097 0.043 0.093 0.065 0.06 0.06 0.035 0.096 0.06 0.068 0.086 0.075 0.051;0.062 0.049 0.065 0.06 0.06 0.097 0.043 0.093 0.035 0.096 0.06 0.068 0.075 0.086 0.051;0.062 0.065 0.097 0.035 0.068 0.049 0.06 0.06 0.043 0.096 0.075 0.093 0.086 0.06 0.051;
0.059 0.07 0.076 0.054 0.07 0.056 0.058 0.067 0.038 0.096 0.057 0.068 0.098 0.089 0.044;0.059 0.07 0.056 0.058 0.067 0.076 0.054 0.07 0.038 0.096 0.057 0.068 0.089 0.098 0.044;0.059 0.056 0.076 0.038 0.068 0.07 0.058 0.067 0.054 0.096 0.089 0.07 0.098 0.057 0.044;
0.067 0.062 0.084 0.056 0.082 0.053 0.052 0.059 0.036 0.103 0.067 0.059 0.097 0.072 0.051;0.067 0.062 0.053 0.052 0.059 0.084 0.056 0.082 0.036 0.103 0.067 0.059 0.072 0.097 0.051;0.067 0.053 0.084 0.036 0.059 0.062 0.052 0.059 0.056 0.103 0.072 0.082 0.097 0.067 0.051;
0.069 0.054 0.101 0.066 0.081 0.043 0.044 0.061 0.031 0.088 0.06 0.071 0.104 0.075 0.052;0.069 0.054 0.043 0.044 0.061 0.101 0.066 0.081 0.031 0.088 0.06 0.071 0.075 0.104 0.052;0.069 0.043 0.101 0.031 0.071 0.054 0.044 0.061 0.066 0.088 0.075 0.081 0.104 0.06 0.052;
0.054 0.055 0.102 0.06 0.08 0.059 0.059 0.051 0.029 0.09 0.055 0.063 0.109 0.079 0.055;0.054 0.055 0.059 0.059 0.051 0.102 0.06 0.08 0.029 0.09 0.055 0.063 0.079 0.109 0.055;0.054 0.059 0.102 0.029 0.063 0.055 0.059 0.051 0.06 0.09 0.079 0.08 0.109 0.055 0.055;
0.064 0.055 0.101 0.061 0.079 0.048 0.051 0.053 0.038 0.113 0.058 0.044 0.098 0.088 0.049;0.064 0.055 0.048 0.051 0.053 0.101 0.061 0.079 0.038 0.113 0.058 0.044 0.088 0.098 0.049;0.064 0.048 0.101 0.038 0.044 0.055 0.051 0.053 0.061 0.113 0.088 0.079 0.098 0.058 0.049;
0.072 0.039 0.108 0.06 0.082 0.04 0.051 0.055 0.042 0.088 0.071 0.071 0.091 0.079 0.051;0.072 0.039 0.04 0.051 0.055 0.108 0.06 0.082 0.042 0.088 0.071 0.071 0.079 0.091 0.051;0.072 0.04 0.108 0.042 0.071 0.039 0.051 0.055 0.06 0.088 0.079 0.082 0.091 0.071 0.051;
0.044 0.055 0.119 0.053 0.096 0.048 0.042 0.061 0.029 0.089 0.054 0.07 0.11 0.073 0.057;0.044 0.055 0.048 0.042 0.061 0.119 0.053 0.096 0.029 0.089 0.054 0.07 0.073 0.11 0.057;0.044 0.048 0.119 0.029 0.07 0.055 0.042 0.061 0.053 0.089 0.073 0.096 0.11 0.054 0.057;
0.069 0.053 0.099 0.066 0.084 0.047 0.057 0.053 0.028 0.091 0.052 0.067 0.094 0.08 0.06;0.069 0.053 0.047 0.057 0.053 0.099 0.066 0.084 0.028 0.091 0.052 0.067 0.08 0.094 0.06;0.069 0.047 0.099 0.028 0.067 0.053 0.057 0.053 0.066 0.091 0.08 0.084 0.094 0.052 0.06;
0.047 0.042 0.101 0.054 0.084 0.043 0.043 0.061 0.036 0.103 0.066 0.066 0.11 0.083 0.061;0.047 0.042 0.043 0.043 0.061 0.101 0.054 0.084 0.036 0.103 0.066 0.066 0.083 0.11 0.061;0.047 0.043 0.101 0.036 0.066 0.042 0.043 0.061 0.054 0.103 0.083 0.084 0.11 0.066 0.061;
0.063 0.048 0.104 0.06 0.074 0.034 0.056 0.046 0.039 0.102 0.064 0.066 0.112 0.081 0.051;0.063 0.048 0.034 0.056 0.046 0.104 0.06 0.074 0.039 0.102 0.064 0.066 0.081 0.112 0.051;0.063 0.034 0.104 0.039 0.066 0.048 0.056 0.046 0.06 0.102 0.081 0.074 0.112 0.064 0.051;
0.054 0.054 0.089 0.052 0.095 0.043 0.055 0.048 0.035 0.111 0.062 0.062 0.105 0.076 0.059;0.054 0.054 0.043 0.055 0.048 0.089 0.052 0.095 0.035 0.111 0.062 0.062 0.076 0.105 0.059;0.054 0.043 0.089 0.035 0.062 0.054 0.055 0.048 0.052 0.111 0.076 0.095 0.105 0.062 0.059;
0.061 0.046 0.079 0.052 0.078 0.048 0.062 0.056 0.05 0.086 0.061 0.072 0.106 0.085 0.058;0.061 0.046 0.048 0.062 0.056 0.079 0.052 0.078 0.05 0.086 0.061 0.072 0.085 0.106 0.058;0.061 0.048 0.079 0.05 0.072 0.046 0.062 0.056 0.052 0.086 0.085 0.078 0.106 0.061 0.058;
0.066 0.049 0.096 0.041 0.092 0.052 0.055 0.043 0.029 0.112 0.068 0.07 0.105 0.072 0.05;0.066 0.049 0.052 0.055 0.043 0.096 0.041 0.092 0.029 0.112 0.068 0.07 0.072 0.105 0.05;0.066 0.052 0.096 0.029 0.07 0.049 0.055 0.043 0.041 0.112 0.072 0.092 0.105 0.068 0.05;
0.064 0.048 0.098 0.051 0.09 0.05 0.043 0.053 0.025 0.08 0.07 0.07 0.112 0.087 0.059;0.064 0.048 0.05 0.043 0.053 0.098 0.051 0.09 0.025 0.08 0.07 0.07 0.087 0.112 0.059;0.064 0.05 0.098 0.025 0.07 0.048 0.043 0.053 0.051 0.08 0.087 0.09 0.112 0.07 0.059;
0.065 0.052 0.107 0.048 0.078 0.035 0.075 0.059 0.037 0.104 0.06 0.072 0.089 0.069 0.05;0.065 0.052 0.035 0.075 0.059 0.107 0.048 0.078 0.037 0.104 0.06 0.072 0.069 0.089 0.05;0.065 0.035 0.107 0.037 0.072 0.052 0.075 0.059 0.048 0.104 0.069 0.078 0.089 0.06 0.05;
0.06 0.054 0.098 0.067 0.094 0.048 0.054 0.048 0.032 0.07 0.062 0.074 0.106 0.077 0.056;0.06 0.054 0.048 0.054 0.048 0.098 0.067 0.094 0.032 0.07 0.062 0.074 0.077 0.106 0.056;0.06 0.048 0.098 0.032 0.074 0.054 0.054 0.048 0.067 0.07 0.077 0.094 0.106 0.062 0.056;
0.057 0.041 0.101 0.061 0.071 0.039 0.056 0.051 0.032 0.107 0.061 0.052 0.1 0.113 0.058;0.057 0.041 0.039 0.056 0.051 0.101 0.061 0.071 0.032 0.107 0.061 0.052 0.113 0.1 0.058;0.057 0.039 0.101 0.032 0.052 0.041 0.056 0.051 0.061 0.107 0.113 0.071 0.1 0.061 0.058;
0.068 0.046 0.091 0.059 0.078 0.047 0.046 0.051 0.029 0.096 0.073 0.067 0.12 0.076 0.053;0.068 0.046 0.047 0.046 0.051 0.091 0.059 0.078 0.029 0.096 0.073 0.067 0.076 0.12 0.053;0.068 0.047 0.091 0.029 0.067 0.046 0.046 0.051 0.059 0.096 0.076 0.078 0.12 0.073 0.053;
0.074 0.048 0.103 0.05 0.076 0.049 0.044 0.043 0.036 0.106 0.062 0.065 0.103 0.073 0.068;0.074 0.048 0.049 0.044 0.043 0.103 0.05 0.076 0.036 0.106 0.062 0.065 0.073 0.103 0.068;0.074 0.049 0.103 0.036 0.065 0.048 0.044 0.043 0.05 0.106 0.073 0.076 0.103 0.062 0.068;
0.062 0.056 0.09 0.055 0.077 0.05 0.048 0.059 0.035 0.1 0.051 0.051 0.107 0.089 0.07;0.062 0.056 0.05 0.048 0.059 0.09 0.055 0.077 0.035 0.1 0.051 0.051 0.089 0.107 0.07;0.062 0.05 0.09 0.035 0.051 0.056 0.048 0.059 0.055 0.1 0.089 0.077 0.107 0.051 0.07;
0.046 0.052 0.099 0.057 0.076 0.044 0.057 0.063 0.046 0.094 0.072 0.07 0.096 0.076 0.052;0.046 0.052 0.044 0.057 0.063 0.099 0.057 0.076 0.046 0.094 0.072 0.07 0.076 0.096 0.052;0.046 0.044 0.099 0.046 0.07 0.052 0.057 0.063 0.057 0.094 0.076 0.076 0.096 0.072 0.052;
0.083 0.045 0.097 0.064 0.073 0.047 0.058 0.055 0.029 0.078 0.055 0.067 0.104 0.087 0.058;0.083 0.045 0.047 0.058 0.055 0.097 0.064 0.073 0.029 0.078 0.055 0.067 0.087 0.104 0.058;0.083 0.047 0.097 0.029 0.067 0.045 0.058 0.055 0.064 0.078 0.087 0.073 0.104 0.055 0.058;
0.051 0.049 0.081 0.055 0.08 0.037 0.055 0.067 0.036 0.101 0.079 0.054 0.128 0.081 0.046;0.051 0.049 0.037 0.055 0.067 0.081 0.055 0.08 0.036 0.101 0.079 0.054 0.081 0.128 0.046;0.051 0.037 0.081 0.036 0.054 0.049 0.055 0.067 0.055 0.101 0.081 0.08 0.128 0.079 0.046;
0.055 0.048 0.096 0.058 0.083 0.051 0.049 0.066 0.036 0.098 0.049 0.053 0.106 0.079 0.073;0.055 0.048 0.051 0.049 0.066 0.096 0.058 0.083 0.036 0.098 0.049 0.053 0.079 0.106 0.073;0.055 0.051 0.096 0.036 0.053 0.048 0.049 0.066 0.058 0.098 0.079 0.083 0.106 0.049 0.073;
0.059 0.044 0.091 0.053 0.095 0.048 0.064 0.048 0.032 0.101 0.066 0.07 0.093 0.087 0.049;0.059 0.044 0.048 0.064 0.048 0.091 0.053 0.095 0.032 0.101 0.066 0.07 0.087 0.093 0.049;0.059 0.048 0.091 0.032 0.07 0.044 0.064 0.048 0.053 0.101 0.087 0.095 0.093 0.066 0.049;
0.057 0.056 0.095 0.05 0.065 0.05 0.054 0.063 0.035 0.097 0.058 0.064 0.129 0.074 0.053;0.057 0.056 0.05 0.054 0.063 0.095 0.05 0.065 0.035 0.097 0.058 0.064 0.074 0.129 0.053;0.057 0.05 0.095 0.035 0.064 0.056 0.054 0.063 0.05 0.097 0.074 0.065 0.129 0.058 0.053;
0.066 0.047 0.092 0.043 0.089 0.048 0.047 0.071 0.03 0.099 0.059 0.074 0.107 0.078 0.05;0.066 0.047 0.048 0.047 0.071 0.092 0.043 0.089 0.03 0.099 0.059 0.074 0.078 0.107 0.05;0.066 0.048 0.092 0.03 0.074 0.047 0.047 0.071 0.043 0.099 0.078 0.089 0.107 0.059 0.05];