pntP=[0.073 0.086 0.052 0.101 0.086 0.084 0.05 0.075 0.041 0.05 0.054 0.048 0.048 0.099 0.053;0.073 0.086 0.084 0.05 0.075 0.052 0.101 0.086 0.041 0.05 0.054 0.048 0.099 0.048 0.053;0.073 0.084 0.052 0.041 0.048 0.086 0.05 0.075 0.101 0.05 0.099 0.086 0.048 0.054 0.053;
0.073 0.09 0.044 0.079 0.104 0.089 0.032 0.08 0.024 0.055 0.06 0.047 0.065 0.102 0.056;0.073 0.09 0.089 0.032 0.08 0.044 0.079 0.104 0.024 0.055 0.06 0.047 0.102 0.065 0.056;0.073 0.089 0.044 0.024 0.047 0.09 0.032 0.08 0.079 0.055 0.102 0.104 0.065 0.06 0.056;
0.06 0.074 0.068 0.094 0.092 0.098 0.034 0.086 0.023 0.053 0.059 0.047 0.047 0.11 0.055;0.06 0.074 0.098 0.034 0.086 0.068 0.094 0.092 0.023 0.053 0.059 0.047 0.11 0.047 0.055;0.06 0.098 0.068 0.023 0.047 0.074 0.034 0.086 0.094 0.053 0.11 0.092 0.047 0.059 0.055;
0.07 0.099 0.06 0.081 0.091 0.098 0.043 0.085 0.032 0.046 0.048 0.045 0.054 0.096 0.052;0.07 0.099 0.098 0.043 0.085 0.06 0.081 0.091 0.032 0.046 0.048 0.045 0.096 0.054 0.052;0.07 0.098 0.06 0.032 0.045 0.099 0.043 0.085 0.081 0.046 0.096 0.091 0.054 0.048 0.052;
0.063 0.087 0.058 0.088 0.097 0.089 0.045 0.073 0.03 0.062 0.063 0.051 0.052 0.098 0.044;0.063 0.087 0.089 0.045 0.073 0.058 0.088 0.097 0.03 0.062 0.063 0.051 0.098 0.052 0.044;0.063 0.089 0.058 0.03 0.051 0.087 0.045 0.073 0.088 0.062 0.098 0.097 0.052 0.063 0.044;
0.077 0.1 0.058 0.105 0.082 0.087 0.036 0.075 0.029 0.059 0.051 0.047 0.046 0.097 0.051;0.077 0.1 0.087 0.036 0.075 0.058 0.105 0.082 0.029 0.059 0.051 0.047 0.097 0.046 0.051;0.077 0.087 0.058 0.029 0.047 0.1 0.036 0.075 0.105 0.059 0.097 0.082 0.046 0.051 0.051;
0.075 0.09 0.044 0.104 0.105 0.087 0.031 0.088 0.023 0.058 0.057 0.046 0.047 0.096 0.049;0.075 0.09 0.087 0.031 0.088 0.044 0.104 0.105 0.023 0.058 0.057 0.046 0.096 0.047 0.049;0.075 0.087 0.044 0.023 0.046 0.09 0.031 0.088 0.104 0.058 0.096 0.105 0.047 0.057 0.049;
0.072 0.102 0.056 0.087 0.102 0.092 0.033 0.084 0.025 0.046 0.05 0.055 0.044 0.107 0.045;0.072 0.102 0.092 0.033 0.084 0.056 0.087 0.102 0.025 0.046 0.05 0.055 0.107 0.044 0.045;0.072 0.092 0.056 0.025 0.055 0.102 0.033 0.084 0.087 0.046 0.107 0.102 0.044 0.05 0.045;
0.07 0.109 0.053 0.105 0.094 0.09 0.034 0.085 0.028 0.056 0.042 0.043 0.054 0.094 0.043;0.07 0.109 0.09 0.034 0.085 0.053 0.105 0.094 0.028 0.056 0.042 0.043 0.094 0.054 0.043;0.07 0.09 0.053 0.028 0.043 0.109 0.034 0.085 0.105 0.056 0.094 0.094 0.054 0.042 0.043;
0.082 0.081 0.054 0.097 0.086 0.094 0.054 0.082 0.029 0.048 0.049 0.057 0.038 0.094 0.055;0.082 0.081 0.094 0.054 0.082 0.054 0.097 0.086 0.029 0.048 0.049 0.057 0.094 0.038 0.055;0.082 0.094 0.054 0.029 0.057 0.081 0.054 0.082 0.097 0.048 0.094 0.086 0.038 0.049 0.055;
0.062 0.089 0.045 0.109 0.109 0.086 0.041 0.071 0.024 0.055 0.048 0.051 0.046 0.107 0.057;0.062 0.089 0.086 0.041 0.071 0.045 0.109 0.109 0.024 0.055 0.048 0.051 0.107 0.046 0.057;0.062 0.086 0.045 0.024 0.051 0.089 0.041 0.071 0.109 0.055 0.107 0.109 0.046 0.048 0.057;
0.079 0.084 0.041 0.115 0.088 0.101 0.032 0.092 0.03 0.039 0.054 0.054 0.052 0.101 0.038;0.079 0.084 0.101 0.032 0.092 0.041 0.115 0.088 0.03 0.039 0.054 0.054 0.101 0.052 0.038;0.079 0.101 0.041 0.03 0.054 0.084 0.032 0.092 0.115 0.039 0.101 0.088 0.052 0.054 0.038;
0.072 0.104 0.048 0.092 0.093 0.097 0.048 0.068 0.027 0.054 0.052 0.042 0.047 0.098 0.058;0.072 0.104 0.097 0.048 0.068 0.048 0.092 0.093 0.027 0.054 0.052 0.042 0.098 0.047 0.058;0.072 0.097 0.048 0.027 0.042 0.104 0.048 0.068 0.092 0.054 0.098 0.093 0.047 0.052 0.058;
0.071 0.09 0.047 0.111 0.077 0.085 0.044 0.08 0.031 0.054 0.044 0.06 0.052 0.1 0.054;0.071 0.09 0.085 0.044 0.08 0.047 0.111 0.077 0.031 0.054 0.044 0.06 0.1 0.052 0.054;0.071 0.085 0.047 0.031 0.06 0.09 0.044 0.08 0.111 0.054 0.1 0.077 0.052 0.044 0.054;
0.085 0.078 0.056 0.102 0.081 0.095 0.041 0.081 0.039 0.058 0.059 0.057 0.042 0.08 0.046;0.085 0.078 0.095 0.041 0.081 0.056 0.102 0.081 0.039 0.058 0.059 0.057 0.08 0.042 0.046;0.085 0.095 0.056 0.039 0.057 0.078 0.041 0.081 0.102 0.058 0.08 0.081 0.042 0.059 0.046;
0.071 0.106 0.045 0.089 0.108 0.087 0.04 0.089 0.026 0.053 0.049 0.047 0.046 0.094 0.05;0.071 0.106 0.087 0.04 0.089 0.045 0.089 0.108 0.026 0.053 0.049 0.047 0.094 0.046 0.05;0.071 0.087 0.045 0.026 0.047 0.106 0.04 0.089 0.089 0.053 0.094 0.108 0.046 0.049 0.05;
0.068 0.083 0.041 0.106 0.097 0.084 0.036 0.064 0.023 0.058 0.056 0.053 0.057 0.123 0.051;0.068 0.083 0.084 0.036 0.064 0.041 0.106 0.097 0.023 0.058 0.056 0.053 0.123 0.057 0.051;0.068 0.084 0.041 0.023 0.053 0.083 0.036 0.064 0.106 0.058 0.123 0.097 0.057 0.056 0.051;
0.071 0.102 0.047 0.103 0.098 0.087 0.039 0.091 0.024 0.058 0.059 0.047 0.042 0.082 0.05;0.071 0.102 0.087 0.039 0.091 0.047 0.103 0.098 0.024 0.058 0.059 0.047 0.082 0.042 0.05;0.071 0.087 0.047 0.024 0.047 0.102 0.039 0.091 0.103 0.058 0.082 0.098 0.042 0.059 0.05;
0.074 0.079 0.063 0.109 0.092 0.089 0.034 0.077 0.029 0.064 0.058 0.047 0.048 0.091 0.046;0.074 0.079 0.089 0.034 0.077 0.063 0.109 0.092 0.029 0.064 0.058 0.047 0.091 0.048 0.046;0.074 0.089 0.063 0.029 0.047 0.079 0.034 0.077 0.109 0.064 0.091 0.092 0.048 0.058 0.046;
0.061 0.095 0.054 0.095 0.097 0.088 0.045 0.068 0.035 0.043 0.054 0.064 0.047 0.097 0.057;0.061 0.095 0.088 0.045 0.068 0.054 0.095 0.097 0.035 0.043 0.054 0.064 0.097 0.047 0.057;0.061 0.088 0.054 0.035 0.064 0.095 0.045 0.068 0.095 0.043 0.097 0.097 0.047 0.054 0.057;
0.06 0.074 0.056 0.102 0.098 0.106 0.062 0.084 0.02 0.057 0.043 0.055 0.053 0.08 0.05;0.06 0.074 0.106 0.062 0.084 0.056 0.102 0.098 0.02 0.057 0.043 0.055 0.08 0.053 0.05;0.06 0.106 0.056 0.02 0.055 0.074 0.062 0.084 0.102 0.057 0.08 0.098 0.053 0.043 0.05;
0.067 0.087 0.044 0.1 0.11 0.097 0.026 0.092 0.032 0.048 0.041 0.049 0.05 0.108 0.049;0.067 0.087 0.097 0.026 0.092 0.044 0.1 0.11 0.032 0.048 0.041 0.049 0.108 0.05 0.049;0.067 0.097 0.044 0.032 0.049 0.087 0.026 0.092 0.1 0.048 0.108 0.11 0.05 0.041 0.049;
0.069 0.087 0.056 0.099 0.107 0.085 0.029 0.086 0.026 0.062 0.054 0.05 0.042 0.106 0.042;0.069 0.087 0.085 0.029 0.086 0.056 0.099 0.107 0.026 0.062 0.054 0.05 0.106 0.042 0.042;0.069 0.085 0.056 0.026 0.05 0.087 0.029 0.086 0.099 0.062 0.106 0.107 0.042 0.054 0.042;
0.067 0.074 0.063 0.105 0.084 0.095 0.043 0.087 0.03 0.053 0.05 0.057 0.053 0.088 0.051;0.067 0.074 0.095 0.043 0.087 0.063 0.105 0.084 0.03 0.053 0.05 0.057 0.088 0.053 0.051;0.067 0.095 0.063 0.03 0.057 0.074 0.043 0.087 0.105 0.053 0.088 0.084 0.053 0.05 0.051;
0.059 0.086 0.053 0.091 0.082 0.108 0.041 0.076 0.03 0.053 0.06 0.061 0.062 0.096 0.042;0.059 0.086 0.108 0.041 0.076 0.053 0.091 0.082 0.03 0.053 0.06 0.061 0.096 0.062 0.042;0.059 0.108 0.053 0.03 0.061 0.086 0.041 0.076 0.091 0.053 0.096 0.082 0.062 0.06 0.042;
0.058 0.098 0.048 0.102 0.108 0.082 0.045 0.064 0.033 0.063 0.056 0.052 0.058 0.092 0.041;0.058 0.098 0.082 0.045 0.064 0.048 0.102 0.108 0.033 0.063 0.056 0.052 0.092 0.058 0.041;0.058 0.082 0.048 0.033 0.052 0.098 0.045 0.064 0.102 0.063 0.092 0.108 0.058 0.056 0.041;
0.069 0.089 0.052 0.088 0.095 0.106 0.045 0.087 0.028 0.053 0.052 0.044 0.049 0.094 0.049;0.069 0.089 0.106 0.045 0.087 0.052 0.088 0.095 0.028 0.053 0.052 0.044 0.094 0.049 0.049;0.069 0.106 0.052 0.028 0.044 0.089 0.045 0.087 0.088 0.053 0.094 0.095 0.049 0.052 0.049;
0.054 0.096 0.059 0.094 0.105 0.081 0.042 0.089 0.032 0.054 0.049 0.064 0.053 0.083 0.045;0.054 0.096 0.081 0.042 0.089 0.059 0.094 0.105 0.032 0.054 0.049 0.064 0.083 0.053 0.045;0.054 0.081 0.059 0.032 0.064 0.096 0.042 0.089 0.094 0.054 0.083 0.105 0.053 0.049 0.045;
0.069 0.086 0.057 0.097 0.09 0.086 0.047 0.088 0.012 0.052 0.056 0.051 0.054 0.1 0.055;0.069 0.086 0.086 0.047 0.088 0.057 0.097 0.09 0.012 0.052 0.056 0.051 0.1 0.054 0.055;0.069 0.086 0.057 0.012 0.051 0.086 0.047 0.088 0.097 0.052 0.1 0.09 0.054 0.056 0.055;
0.076 0.087 0.062 0.088 0.108 0.082 0.048 0.081 0.024 0.048 0.053 0.05 0.039 0.105 0.049;0.076 0.087 0.082 0.048 0.081 0.062 0.088 0.108 0.024 0.048 0.053 0.05 0.105 0.039 0.049;0.076 0.082 0.062 0.024 0.05 0.087 0.048 0.081 0.088 0.048 0.105 0.108 0.039 0.053 0.049;
0.078 0.088 0.05 0.098 0.091 0.087 0.033 0.088 0.022 0.05 0.052 0.053 0.049 0.11 0.051;0.078 0.088 0.087 0.033 0.088 0.05 0.098 0.091 0.022 0.05 0.052 0.053 0.11 0.049 0.051;0.078 0.087 0.05 0.022 0.053 0.088 0.033 0.088 0.098 0.05 0.11 0.091 0.049 0.052 0.051;
0.068 0.088 0.059 0.089 0.09 0.072 0.041 0.085 0.03 0.053 0.043 0.057 0.05 0.109 0.066;0.068 0.088 0.072 0.041 0.085 0.059 0.089 0.09 0.03 0.053 0.043 0.057 0.109 0.05 0.066;0.068 0.072 0.059 0.03 0.057 0.088 0.041 0.085 0.089 0.053 0.109 0.09 0.05 0.043 0.066;
0.084 0.084 0.048 0.113 0.089 0.084 0.033 0.079 0.024 0.045 0.044 0.054 0.046 0.111 0.062;0.084 0.084 0.084 0.033 0.079 0.048 0.113 0.089 0.024 0.045 0.044 0.054 0.111 0.046 0.062;0.084 0.084 0.048 0.024 0.054 0.084 0.033 0.079 0.113 0.045 0.111 0.089 0.046 0.044 0.062;
0.065 0.085 0.048 0.104 0.086 0.098 0.031 0.078 0.022 0.068 0.066 0.062 0.052 0.083 0.052;0.065 0.085 0.098 0.031 0.078 0.048 0.104 0.086 0.022 0.068 0.066 0.062 0.083 0.052 0.052;0.065 0.098 0.048 0.022 0.062 0.085 0.031 0.078 0.104 0.068 0.083 0.086 0.052 0.066 0.052;
0.066 0.073 0.063 0.096 0.117 0.092 0.034 0.086 0.029 0.055 0.05 0.049 0.042 0.097 0.051;0.066 0.073 0.092 0.034 0.086 0.063 0.096 0.117 0.029 0.055 0.05 0.049 0.097 0.042 0.051;0.066 0.092 0.063 0.029 0.049 0.073 0.034 0.086 0.096 0.055 0.097 0.117 0.042 0.05 0.051;
0.074 0.105 0.056 0.092 0.084 0.103 0.041 0.09 0.026 0.055 0.048 0.059 0.049 0.08 0.038;0.074 0.105 0.103 0.041 0.09 0.056 0.092 0.084 0.026 0.055 0.048 0.059 0.08 0.049 0.038;0.074 0.103 0.056 0.026 0.059 0.105 0.041 0.09 0.092 0.055 0.08 0.084 0.049 0.048 0.038;
0.067 0.091 0.055 0.103 0.107 0.088 0.046 0.074 0.024 0.055 0.051 0.039 0.051 0.097 0.052;0.067 0.091 0.088 0.046 0.074 0.055 0.103 0.107 0.024 0.055 0.051 0.039 0.097 0.051 0.052;0.067 0.088 0.055 0.024 0.039 0.091 0.046 0.074 0.103 0.055 0.097 0.107 0.051 0.051 0.052;
0.058 0.099 0.043 0.089 0.097 0.096 0.043 0.086 0.021 0.045 0.061 0.052 0.068 0.092 0.05;0.058 0.099 0.096 0.043 0.086 0.043 0.089 0.097 0.021 0.045 0.061 0.052 0.092 0.068 0.05;0.058 0.096 0.043 0.021 0.052 0.099 0.043 0.086 0.089 0.045 0.092 0.097 0.068 0.061 0.05;
0.066 0.092 0.043 0.113 0.111 0.091 0.04 0.082 0.032 0.055 0.053 0.047 0.038 0.093 0.044;0.066 0.092 0.091 0.04 0.082 0.043 0.113 0.111 0.032 0.055 0.053 0.047 0.093 0.038 0.044;0.066 0.091 0.043 0.032 0.047 0.092 0.04 0.082 0.113 0.055 0.093 0.111 0.038 0.053 0.044;
0.075 0.092 0.048 0.106 0.087 0.081 0.045 0.08 0.027 0.051 0.053 0.058 0.06 0.091 0.046;0.075 0.092 0.081 0.045 0.08 0.048 0.106 0.087 0.027 0.051 0.053 0.058 0.091 0.06 0.046;0.075 0.081 0.048 0.027 0.058 0.092 0.045 0.08 0.106 0.051 0.091 0.087 0.06 0.053 0.046;
0.06 0.08 0.056 0.082 0.11 0.096 0.036 0.086 0.027 0.059 0.048 0.07 0.048 0.095 0.047;0.06 0.08 0.096 0.036 0.086 0.056 0.082 0.11 0.027 0.059 0.048 0.07 0.095 0.048 0.047;0.06 0.096 0.056 0.027 0.07 0.08 0.036 0.086 0.082 0.059 0.095 0.11 0.048 0.048 0.047;
0.067 0.089 0.063 0.1 0.089 0.086 0.039 0.067 0.037 0.06 0.055 0.051 0.058 0.09 0.049;0.067 0.089 0.086 0.039 0.067 0.063 0.1 0.089 0.037 0.06 0.055 0.051 0.09 0.058 0.049;0.067 0.086 0.063 0.037 0.051 0.089 0.039 0.067 0.1 0.06 0.09 0.089 0.058 0.055 0.049;
0.068 0.075 0.061 0.1 0.092 0.091 0.036 0.078 0.028 0.05 0.048 0.054 0.057 0.104 0.058;0.068 0.075 0.091 0.036 0.078 0.061 0.1 0.092 0.028 0.05 0.048 0.054 0.104 0.057 0.058;0.068 0.091 0.061 0.028 0.054 0.075 0.036 0.078 0.1 0.05 0.104 0.092 0.057 0.048 0.058;
0.051 0.106 0.056 0.092 0.09 0.093 0.04 0.095 0.025 0.051 0.053 0.053 0.068 0.081 0.046;0.051 0.106 0.093 0.04 0.095 0.056 0.092 0.09 0.025 0.051 0.053 0.053 0.081 0.068 0.046;0.051 0.093 0.056 0.025 0.053 0.106 0.04 0.095 0.092 0.051 0.081 0.09 0.068 0.053 0.046;
0.066 0.095 0.059 0.093 0.111 0.096 0.03 0.093 0.024 0.053 0.046 0.046 0.042 0.103 0.043;0.066 0.095 0.096 0.03 0.093 0.059 0.093 0.111 0.024 0.053 0.046 0.046 0.103 0.042 0.043;0.066 0.096 0.059 0.024 0.046 0.095 0.03 0.093 0.093 0.053 0.103 0.111 0.042 0.046 0.043;
0.073 0.097 0.06 0.099 0.1 0.081 0.038 0.077 0.031 0.063 0.052 0.038 0.045 0.09 0.056;0.073 0.097 0.081 0.038 0.077 0.06 0.099 0.1 0.031 0.063 0.052 0.038 0.09 0.045 0.056;0.073 0.081 0.06 0.031 0.038 0.097 0.038 0.077 0.099 0.063 0.09 0.1 0.045 0.052 0.056;
0.06 0.104 0.053 0.102 0.104 0.085 0.043 0.08 0.031 0.062 0.043 0.05 0.048 0.077 0.058;0.06 0.104 0.085 0.043 0.08 0.053 0.102 0.104 0.031 0.062 0.043 0.05 0.077 0.048 0.058;0.06 0.085 0.053 0.031 0.05 0.104 0.043 0.08 0.102 0.062 0.077 0.104 0.048 0.043 0.058;
0.062 0.093 0.044 0.095 0.111 0.102 0.04 0.096 0.023 0.059 0.045 0.048 0.035 0.105 0.042;0.062 0.093 0.102 0.04 0.096 0.044 0.095 0.111 0.023 0.059 0.045 0.048 0.105 0.035 0.042;0.062 0.102 0.044 0.023 0.048 0.093 0.04 0.096 0.095 0.059 0.105 0.111 0.035 0.045 0.042;
0.061 0.089 0.061 0.091 0.112 0.091 0.029 0.099 0.035 0.049 0.044 0.064 0.044 0.095 0.036;0.061 0.089 0.091 0.029 0.099 0.061 0.091 0.112 0.035 0.049 0.044 0.064 0.095 0.044 0.036;0.061 0.091 0.061 0.035 0.064 0.089 0.029 0.099 0.091 0.049 0.095 0.112 0.044 0.044 0.036;
0.066 0.103 0.055 0.098 0.094 0.067 0.05 0.092 0.025 0.057 0.05 0.041 0.043 0.109 0.05;0.066 0.103 0.067 0.05 0.092 0.055 0.098 0.094 0.025 0.057 0.05 0.041 0.109 0.043 0.05;0.066 0.067 0.055 0.025 0.041 0.103 0.05 0.092 0.098 0.057 0.109 0.094 0.043 0.05 0.05;
0.07 0.089 0.055 0.087 0.096 0.095 0.041 0.072 0.042 0.055 0.041 0.046 0.045 0.115 0.051;0.07 0.089 0.095 0.041 0.072 0.055 0.087 0.096 0.042 0.055 0.041 0.046 0.115 0.045 0.051;0.07 0.095 0.055 0.042 0.046 0.089 0.041 0.072 0.087 0.055 0.115 0.096 0.045 0.041 0.051;
0.071 0.089 0.06 0.1 0.092 0.099 0.042 0.065 0.031 0.043 0.052 0.046 0.054 0.1 0.056;0.071 0.089 0.099 0.042 0.065 0.06 0.1 0.092 0.031 0.043 0.052 0.046 0.1 0.054 0.056;0.071 0.099 0.06 0.031 0.046 0.089 0.042 0.065 0.1 0.043 0.1 0.092 0.054 0.052 0.056;
0.077 0.091 0.058 0.09 0.106 0.086 0.037 0.092 0.026 0.05 0.057 0.05 0.046 0.091 0.043;0.077 0.091 0.086 0.037 0.092 0.058 0.09 0.106 0.026 0.05 0.057 0.05 0.091 0.046 0.043;0.077 0.086 0.058 0.026 0.05 0.091 0.037 0.092 0.09 0.05 0.091 0.106 0.046 0.057 0.043;
0.055 0.107 0.06 0.101 0.102 0.094 0.037 0.085 0.028 0.044 0.042 0.054 0.039 0.098 0.054;0.055 0.107 0.094 0.037 0.085 0.06 0.101 0.102 0.028 0.044 0.042 0.054 0.098 0.039 0.054;0.055 0.094 0.06 0.028 0.054 0.107 0.037 0.085 0.101 0.044 0.098 0.102 0.039 0.042 0.054;
0.06 0.091 0.037 0.089 0.098 0.077 0.038 0.083 0.035 0.057 0.052 0.062 0.055 0.114 0.052;0.06 0.091 0.077 0.038 0.083 0.037 0.089 0.098 0.035 0.057 0.052 0.062 0.114 0.055 0.052;0.06 0.077 0.037 0.035 0.062 0.091 0.038 0.083 0.089 0.057 0.114 0.098 0.055 0.052 0.052;
0.076 0.094 0.054 0.098 0.083 0.083 0.038 0.086 0.028 0.042 0.04 0.064 0.054 0.106 0.054;0.076 0.094 0.083 0.038 0.086 0.054 0.098 0.083 0.028 0.042 0.04 0.064 0.106 0.054 0.054;0.076 0.083 0.054 0.028 0.064 0.094 0.038 0.086 0.098 0.042 0.106 0.083 0.054 0.04 0.054;
0.054 0.095 0.049 0.096 0.091 0.119 0.045 0.084 0.019 0.06 0.044 0.057 0.041 0.094 0.052;0.054 0.095 0.119 0.045 0.084 0.049 0.096 0.091 0.019 0.06 0.044 0.057 0.094 0.041 0.052;0.054 0.119 0.049 0.019 0.057 0.095 0.045 0.084 0.096 0.06 0.094 0.091 0.041 0.044 0.052;
0.058 0.09 0.034 0.094 0.099 0.095 0.039 0.098 0.029 0.057 0.056 0.063 0.046 0.079 0.063;0.058 0.09 0.095 0.039 0.098 0.034 0.094 0.099 0.029 0.057 0.056 0.063 0.079 0.046 0.063;0.058 0.095 0.034 0.029 0.063 0.09 0.039 0.098 0.094 0.057 0.079 0.099 0.046 0.056 0.063;
0.067 0.092 0.046 0.09 0.113 0.094 0.042 0.078 0.03 0.039 0.056 0.053 0.048 0.103 0.049;0.067 0.092 0.094 0.042 0.078 0.046 0.09 0.113 0.03 0.039 0.056 0.053 0.103 0.048 0.049;0.067 0.094 0.046 0.03 0.053 0.092 0.042 0.078 0.09 0.039 0.103 0.113 0.048 0.056 0.049;
0.071 0.094 0.058 0.097 0.103 0.097 0.034 0.074 0.025 0.044 0.056 0.047 0.041 0.107 0.052;0.071 0.094 0.097 0.034 0.074 0.058 0.097 0.103 0.025 0.044 0.056 0.047 0.107 0.041 0.052;0.071 0.097 0.058 0.025 0.047 0.094 0.034 0.074 0.097 0.044 0.107 0.103 0.041 0.056 0.052;
0.075 0.089 0.045 0.094 0.094 0.085 0.046 0.07 0.039 0.057 0.05 0.06 0.045 0.1 0.051;0.075 0.089 0.085 0.046 0.07 0.045 0.094 0.094 0.039 0.057 0.05 0.06 0.1 0.045 0.051;0.075 0.085 0.045 0.039 0.06 0.089 0.046 0.07 0.094 0.057 0.1 0.094 0.045 0.05 0.051;
0.073 0.098 0.063 0.115 0.093 0.086 0.03 0.088 0.031 0.044 0.051 0.055 0.047 0.084 0.042;0.073 0.098 0.086 0.03 0.088 0.063 0.115 0.093 0.031 0.044 0.051 0.055 0.084 0.047 0.042;0.073 0.086 0.063 0.031 0.055 0.098 0.03 0.088 0.115 0.044 0.084 0.093 0.047 0.051 0.042;
0.055 0.081 0.043 0.104 0.094 0.091 0.046 0.097 0.021 0.06 0.046 0.053 0.058 0.106 0.045;0.055 0.081 0.091 0.046 0.097 0.043 0.104 0.094 0.021 0.06 0.046 0.053 0.106 0.058 0.045;0.055 0.091 0.043 0.021 0.053 0.081 0.046 0.097 0.104 0.06 0.106 0.094 0.058 0.046 0.045;
0.083 0.089 0.056 0.111 0.084 0.08 0.036 0.08 0.033 0.049 0.043 0.048 0.068 0.105 0.035;0.083 0.089 0.08 0.036 0.08 0.056 0.111 0.084 0.033 0.049 0.043 0.048 0.105 0.068 0.035;0.083 0.08 0.056 0.033 0.048 0.089 0.036 0.08 0.111 0.049 0.105 0.084 0.068 0.043 0.035;
0.057 0.094 0.044 0.104 0.112 0.094 0.042 0.071 0.029 0.057 0.037 0.052 0.054 0.098 0.055;0.057 0.094 0.094 0.042 0.071 0.044 0.104 0.112 0.029 0.057 0.037 0.052 0.098 0.054 0.055;0.057 0.094 0.044 0.029 0.052 0.094 0.042 0.071 0.104 0.057 0.098 0.112 0.054 0.037 0.055;
0.066 0.091 0.052 0.095 0.085 0.091 0.026 0.095 0.03 0.047 0.068 0.057 0.042 0.108 0.047;0.066 0.091 0.091 0.026 0.095 0.052 0.095 0.085 0.03 0.047 0.068 0.057 0.108 0.042 0.047;0.066 0.091 0.052 0.03 0.057 0.091 0.026 0.095 0.095 0.047 0.108 0.085 0.042 0.068 0.047;
0.074 0.077 0.069 0.108 0.09 0.069 0.054 0.081 0.037 0.069 0.039 0.05 0.052 0.094 0.037;0.074 0.077 0.069 0.054 0.081 0.069 0.108 0.09 0.037 0.069 0.039 0.05 0.094 0.052 0.037;0.074 0.069 0.069 0.037 0.05 0.077 0.054 0.081 0.108 0.069 0.094 0.09 0.052 0.039 0.037;
0.081 0.102 0.045 0.097 0.09 0.081 0.035 0.08 0.034 0.045 0.061 0.055 0.048 0.095 0.051;0.081 0.102 0.081 0.035 0.08 0.045 0.097 0.09 0.034 0.045 0.061 0.055 0.095 0.048 0.051;0.081 0.081 0.045 0.034 0.055 0.102 0.035 0.08 0.097 0.045 0.095 0.09 0.048 0.061 0.051;
0.075 0.088 0.036 0.102 0.09 0.105 0.046 0.078 0.019 0.058 0.045 0.057 0.053 0.101 0.047;0.075 0.088 0.105 0.046 0.078 0.036 0.102 0.09 0.019 0.058 0.045 0.057 0.101 0.053 0.047;0.075 0.105 0.036 0.019 0.057 0.088 0.046 0.078 0.102 0.058 0.101 0.09 0.053 0.045 0.047;
0.072 0.083 0.048 0.091 0.101 0.099 0.032 0.09 0.027 0.039 0.058 0.058 0.043 0.11 0.049;0.072 0.083 0.099 0.032 0.09 0.048 0.091 0.101 0.027 0.039 0.058 0.058 0.11 0.043 0.049;0.072 0.099 0.048 0.027 0.058 0.083 0.032 0.09 0.091 0.039 0.11 0.101 0.043 0.058 0.049;
0.068 0.085 0.057 0.102 0.1 0.077 0.041 0.078 0.03 0.047 0.065 0.057 0.048 0.09 0.055;0.068 0.085 0.077 0.041 0.078 0.057 0.102 0.1 0.03 0.047 0.065 0.057 0.09 0.048 0.055;0.068 0.077 0.057 0.03 0.057 0.085 0.041 0.078 0.102 0.047 0.09 0.1 0.048 0.065 0.055;
0.068 0.074 0.053 0.103 0.117 0.08 0.053 0.069 0.031 0.059 0.054 0.047 0.041 0.101 0.05;0.068 0.074 0.08 0.053 0.069 0.053 0.103 0.117 0.031 0.059 0.054 0.047 0.101 0.041 0.05;0.068 0.08 0.053 0.031 0.047 0.074 0.053 0.069 0.103 0.059 0.101 0.117 0.041 0.054 0.05;
0.074 0.082 0.049 0.107 0.082 0.091 0.044 0.087 0.026 0.056 0.048 0.057 0.04 0.1 0.057;0.074 0.082 0.091 0.044 0.087 0.049 0.107 0.082 0.026 0.056 0.048 0.057 0.1 0.04 0.057;0.074 0.091 0.049 0.026 0.057 0.082 0.044 0.087 0.107 0.056 0.1 0.082 0.04 0.048 0.057;
0.057 0.089 0.04 0.108 0.088 0.084 0.052 0.078 0.031 0.056 0.04 0.06 0.061 0.1 0.056;0.057 0.089 0.084 0.052 0.078 0.04 0.108 0.088 0.031 0.056 0.04 0.06 0.1 0.061 0.056;0.057 0.084 0.04 0.031 0.06 0.089 0.052 0.078 0.108 0.056 0.1 0.088 0.061 0.04 0.056;
0.069 0.093 0.051 0.098 0.085 0.067 0.043 0.081 0.031 0.06 0.051 0.059 0.046 0.118 0.048;0.069 0.093 0.067 0.043 0.081 0.051 0.098 0.085 0.031 0.06 0.051 0.059 0.118 0.046 0.048;0.069 0.067 0.051 0.031 0.059 0.093 0.043 0.081 0.098 0.06 0.118 0.085 0.046 0.051 0.048;
0.073 0.102 0.066 0.083 0.081 0.085 0.04 0.074 0.032 0.055 0.058 0.044 0.06 0.1 0.047;0.073 0.102 0.085 0.04 0.074 0.066 0.083 0.081 0.032 0.055 0.058 0.044 0.1 0.06 0.047;0.073 0.085 0.066 0.032 0.044 0.102 0.04 0.074 0.083 0.055 0.1 0.081 0.06 0.058 0.047;
0.069 0.071 0.047 0.092 0.122 0.083 0.048 0.068 0.025 0.05 0.054 0.055 0.053 0.109 0.054;0.069 0.071 0.083 0.048 0.068 0.047 0.092 0.122 0.025 0.05 0.054 0.055 0.109 0.053 0.054;0.069 0.083 0.047 0.025 0.055 0.071 0.048 0.068 0.092 0.05 0.109 0.122 0.053 0.054 0.054;
0.065 0.082 0.042 0.094 0.093 0.098 0.044 0.084 0.03 0.057 0.051 0.045 0.049 0.11 0.056;0.065 0.082 0.098 0.044 0.084 0.042 0.094 0.093 0.03 0.057 0.051 0.045 0.11 0.049 0.056;0.065 0.098 0.042 0.03 0.045 0.082 0.044 0.084 0.094 0.057 0.11 0.093 0.049 0.051 0.056;
0.076 0.079 0.045 0.093 0.112 0.104 0.044 0.081 0.021 0.054 0.049 0.053 0.061 0.08 0.048;0.076 0.079 0.104 0.044 0.081 0.045 0.093 0.112 0.021 0.054 0.049 0.053 0.08 0.061 0.048;0.076 0.104 0.045 0.021 0.053 0.079 0.044 0.081 0.093 0.054 0.08 0.112 0.061 0.049 0.048;
0.089 0.082 0.054 0.085 0.101 0.09 0.044 0.069 0.029 0.041 0.058 0.052 0.047 0.101 0.058;0.089 0.082 0.09 0.044 0.069 0.054 0.085 0.101 0.029 0.041 0.058 0.052 0.101 0.047 0.058;0.089 0.09 0.054 0.029 0.052 0.082 0.044 0.069 0.085 0.041 0.101 0.101 0.047 0.058 0.058;
0.082 0.082 0.042 0.093 0.105 0.089 0.04 0.079 0.033 0.053 0.056 0.05 0.044 0.105 0.047;0.082 0.082 0.089 0.04 0.079 0.042 0.093 0.105 0.033 0.053 0.056 0.05 0.105 0.044 0.047;0.082 0.089 0.042 0.033 0.05 0.082 0.04 0.079 0.093 0.053 0.105 0.105 0.044 0.056 0.047;
0.067 0.085 0.065 0.105 0.096 0.086 0.045 0.089 0.028 0.062 0.048 0.045 0.043 0.091 0.045;0.067 0.085 0.086 0.045 0.089 0.065 0.105 0.096 0.028 0.062 0.048 0.045 0.091 0.043 0.045;0.067 0.086 0.065 0.028 0.045 0.085 0.045 0.089 0.105 0.062 0.091 0.096 0.043 0.048 0.045;
0.074 0.088 0.046 0.088 0.094 0.091 0.045 0.086 0.032 0.054 0.051 0.043 0.057 0.105 0.046;0.074 0.088 0.091 0.045 0.086 0.046 0.088 0.094 0.032 0.054 0.051 0.043 0.105 0.057 0.046;0.074 0.091 0.046 0.032 0.043 0.088 0.045 0.086 0.088 0.054 0.105 0.094 0.057 0.051 0.046;
0.049 0.093 0.053 0.09 0.104 0.094 0.046 0.092 0.031 0.06 0.056 0.044 0.044 0.101 0.043;0.049 0.093 0.094 0.046 0.092 0.053 0.09 0.104 0.031 0.06 0.056 0.044 0.101 0.044 0.043;0.049 0.094 0.053 0.031 0.044 0.093 0.046 0.092 0.09 0.06 0.101 0.104 0.044 0.056 0.043;
0.053 0.088 0.042 0.082 0.092 0.1 0.039 0.09 0.032 0.061 0.056 0.058 0.061 0.091 0.055;0.053 0.088 0.1 0.039 0.09 0.042 0.082 0.092 0.032 0.061 0.056 0.058 0.091 0.061 0.055;0.053 0.1 0.042 0.032 0.058 0.088 0.039 0.09 0.082 0.061 0.091 0.092 0.061 0.056 0.055;
0.074 0.097 0.043 0.106 0.099 0.085 0.04 0.091 0.025 0.044 0.051 0.053 0.039 0.104 0.049;0.074 0.097 0.085 0.04 0.091 0.043 0.106 0.099 0.025 0.044 0.051 0.053 0.104 0.039 0.049;0.074 0.085 0.043 0.025 0.053 0.097 0.04 0.091 0.106 0.044 0.104 0.099 0.039 0.051 0.049;
0.057 0.097 0.047 0.098 0.093 0.08 0.045 0.087 0.038 0.061 0.049 0.049 0.056 0.097 0.046;0.057 0.097 0.08 0.045 0.087 0.047 0.098 0.093 0.038 0.061 0.049 0.049 0.097 0.056 0.046;0.057 0.08 0.047 0.038 0.049 0.097 0.045 0.087 0.098 0.061 0.097 0.093 0.056 0.049 0.046;
0.081 0.083 0.061 0.099 0.095 0.091 0.039 0.088 0.025 0.049 0.053 0.051 0.046 0.09 0.049;0.081 0.083 0.091 0.039 0.088 0.061 0.099 0.095 0.025 0.049 0.053 0.051 0.09 0.046 0.049;0.081 0.091 0.061 0.025 0.051 0.083 0.039 0.088 0.099 0.049 0.09 0.095 0.046 0.053 0.049;
0.081 0.077 0.052 0.084 0.104 0.091 0.038 0.087 0.026 0.047 0.057 0.048 0.046 0.114 0.048;0.081 0.077 0.091 0.038 0.087 0.052 0.084 0.104 0.026 0.047 0.057 0.048 0.114 0.046 0.048;0.081 0.091 0.052 0.026 0.048 0.077 0.038 0.087 0.084 0.047 0.114 0.104 0.046 0.057 0.048;
0.088 0.082 0.043 0.088 0.094 0.093 0.039 0.069 0.029 0.051 0.064 0.054 0.06 0.097 0.049;0.088 0.082 0.093 0.039 0.069 0.043 0.088 0.094 0.029 0.051 0.064 0.054 0.097 0.06 0.049;0.088 0.093 0.043 0.029 0.054 0.082 0.039 0.069 0.088 0.051 0.097 0.094 0.06 0.064 0.049;
0.077 0.09 0.057 0.095 0.103 0.084 0.059 0.089 0.023 0.054 0.059 0.041 0.036 0.091 0.042;0.077 0.09 0.084 0.059 0.089 0.057 0.095 0.103 0.023 0.054 0.059 0.041 0.091 0.036 0.042;0.077 0.084 0.057 0.023 0.041 0.09 0.059 0.089 0.095 0.054 0.091 0.103 0.036 0.059 0.042;
0.065 0.105 0.059 0.09 0.113 0.064 0.039 0.086 0.033 0.05 0.06 0.05 0.06 0.085 0.041;0.065 0.105 0.064 0.039 0.086 0.059 0.09 0.113 0.033 0.05 0.06 0.05 0.085 0.06 0.041;0.065 0.064 0.059 0.033 0.05 0.105 0.039 0.086 0.09 0.05 0.085 0.113 0.06 0.06 0.041;
0.074 0.081 0.045 0.102 0.103 0.089 0.035 0.1 0.025 0.046 0.053 0.053 0.048 0.107 0.039;0.074 0.081 0.089 0.035 0.1 0.045 0.102 0.103 0.025 0.046 0.053 0.053 0.107 0.048 0.039;0.074 0.089 0.045 0.025 0.053 0.081 0.035 0.1 0.102 0.046 0.107 0.103 0.048 0.053 0.039;
0.073 0.08 0.059 0.092 0.094 0.091 0.037 0.076 0.032 0.045 0.056 0.045 0.049 0.108 0.063;0.073 0.08 0.091 0.037 0.076 0.059 0.092 0.094 0.032 0.045 0.056 0.045 0.108 0.049 0.063;0.073 0.091 0.059 0.032 0.045 0.08 0.037 0.076 0.092 0.045 0.108 0.094 0.049 0.056 0.063;
0.053 0.09 0.053 0.091 0.095 0.103 0.034 0.091 0.028 0.051 0.057 0.046 0.047 0.107 0.054;0.053 0.09 0.103 0.034 0.091 0.053 0.091 0.095 0.028 0.051 0.057 0.046 0.107 0.047 0.054;0.053 0.103 0.053 0.028 0.046 0.09 0.034 0.091 0.091 0.051 0.107 0.095 0.047 0.057 0.054;
0.066 0.09 0.061 0.107 0.1 0.093 0.038 0.086 0.02 0.055 0.047 0.044 0.049 0.099 0.045;0.066 0.09 0.093 0.038 0.086 0.061 0.107 0.1 0.02 0.055 0.047 0.044 0.099 0.049 0.045;0.066 0.093 0.061 0.02 0.044 0.09 0.038 0.086 0.107 0.055 0.099 0.1 0.049 0.047 0.045;
0.059 0.101 0.046 0.095 0.095 0.096 0.049 0.089 0.034 0.046 0.056 0.048 0.045 0.088 0.053;0.059 0.101 0.096 0.049 0.089 0.046 0.095 0.095 0.034 0.046 0.056 0.048 0.088 0.045 0.053;0.059 0.096 0.046 0.034 0.048 0.101 0.049 0.089 0.095 0.046 0.088 0.095 0.045 0.056 0.053;
0.054 0.105 0.049 0.092 0.098 0.095 0.045 0.08 0.034 0.052 0.057 0.05 0.045 0.098 0.046;0.054 0.105 0.095 0.045 0.08 0.049 0.092 0.098 0.034 0.052 0.057 0.05 0.098 0.045 0.046;0.054 0.095 0.049 0.034 0.05 0.105 0.045 0.08 0.092 0.052 0.098 0.098 0.045 0.057 0.046;
0.086 0.098 0.053 0.095 0.1 0.079 0.044 0.076 0.028 0.052 0.043 0.053 0.046 0.096 0.051;0.086 0.098 0.079 0.044 0.076 0.053 0.095 0.1 0.028 0.052 0.043 0.053 0.096 0.046 0.051;0.086 0.079 0.053 0.028 0.053 0.098 0.044 0.076 0.095 0.052 0.096 0.1 0.046 0.043 0.051;
0.057 0.093 0.056 0.104 0.104 0.081 0.047 0.077 0.031 0.052 0.045 0.064 0.043 0.095 0.051;0.057 0.093 0.081 0.047 0.077 0.056 0.104 0.104 0.031 0.052 0.045 0.064 0.095 0.043 0.051;0.057 0.081 0.056 0.031 0.064 0.093 0.047 0.077 0.104 0.052 0.095 0.104 0.043 0.045 0.051];