pntP=[0.038 0.052 0.087 0.063 0.097 0.047 0.043 0.076 0.051 0.049 0.076 0.086 0.079 0.08 0.076;0.038 0.052 0.047 0.043 0.076 0.087 0.063 0.097 0.051 0.049 0.076 0.086 0.08 0.079 0.076;0.038 0.047 0.087 0.051 0.086 0.052 0.043 0.076 0.063 0.049 0.08 0.097 0.079 0.076 0.076;
0.021 0.044 0.059 0.076 0.1 0.062 0.041 0.089 0.045 0.057 0.068 0.083 0.075 0.102 0.078;0.021 0.044 0.062 0.041 0.089 0.059 0.076 0.1 0.045 0.057 0.068 0.083 0.102 0.075 0.078;0.021 0.062 0.059 0.045 0.083 0.044 0.041 0.089 0.076 0.057 0.102 0.1 0.075 0.068 0.078;
0.03 0.045 0.051 0.059 0.098 0.059 0.043 0.077 0.038 0.061 0.087 0.085 0.071 0.108 0.088;0.03 0.045 0.059 0.043 0.077 0.051 0.059 0.098 0.038 0.061 0.087 0.085 0.108 0.071 0.088;0.03 0.059 0.051 0.038 0.085 0.045 0.043 0.077 0.059 0.061 0.108 0.098 0.071 0.087 0.088;
0.025 0.066 0.061 0.058 0.094 0.053 0.034 0.087 0.047 0.063 0.066 0.071 0.077 0.111 0.087;0.025 0.066 0.053 0.034 0.087 0.061 0.058 0.094 0.047 0.063 0.066 0.071 0.111 0.077 0.087;0.025 0.053 0.061 0.047 0.071 0.066 0.034 0.087 0.058 0.063 0.111 0.094 0.077 0.066 0.087;
0.032 0.057 0.045 0.064 0.078 0.046 0.062 0.097 0.055 0.05 0.087 0.081 0.08 0.084 0.082;0.032 0.057 0.046 0.062 0.097 0.045 0.064 0.078 0.055 0.05 0.087 0.081 0.084 0.08 0.082;0.032 0.046 0.045 0.055 0.081 0.057 0.062 0.097 0.064 0.05 0.084 0.078 0.08 0.087 0.082;
0.032 0.054 0.058 0.067 0.093 0.061 0.049 0.074 0.037 0.057 0.073 0.078 0.085 0.104 0.078;0.032 0.054 0.061 0.049 0.074 0.058 0.067 0.093 0.037 0.057 0.073 0.078 0.104 0.085 0.078;0.032 0.061 0.058 0.037 0.078 0.054 0.049 0.074 0.067 0.057 0.104 0.093 0.085 0.073 0.078;
0.019 0.04 0.046 0.054 0.098 0.055 0.039 0.06 0.039 0.071 0.096 0.067 0.11 0.116 0.09;0.019 0.04 0.055 0.039 0.06 0.046 0.054 0.098 0.039 0.071 0.096 0.067 0.116 0.11 0.09;0.019 0.055 0.046 0.039 0.067 0.04 0.039 0.06 0.054 0.071 0.116 0.098 0.11 0.096 0.09;
0.036 0.065 0.064 0.056 0.089 0.043 0.041 0.101 0.042 0.075 0.073 0.075 0.068 0.104 0.068;0.036 0.065 0.043 0.041 0.101 0.064 0.056 0.089 0.042 0.075 0.073 0.075 0.104 0.068 0.068;0.036 0.043 0.064 0.042 0.075 0.065 0.041 0.101 0.056 0.075 0.104 0.089 0.068 0.073 0.068;
0.029 0.054 0.055 0.055 0.093 0.066 0.05 0.064 0.046 0.052 0.08 0.077 0.075 0.116 0.088;0.029 0.054 0.066 0.05 0.064 0.055 0.055 0.093 0.046 0.052 0.08 0.077 0.116 0.075 0.088;0.029 0.066 0.055 0.046 0.077 0.054 0.05 0.064 0.055 0.052 0.116 0.093 0.075 0.08 0.088;
0.027 0.048 0.057 0.054 0.099 0.059 0.054 0.068 0.062 0.056 0.089 0.073 0.081 0.097 0.076;0.027 0.048 0.059 0.054 0.068 0.057 0.054 0.099 0.062 0.056 0.089 0.073 0.097 0.081 0.076;0.027 0.059 0.057 0.062 0.073 0.048 0.054 0.068 0.054 0.056 0.097 0.099 0.081 0.089 0.076;
0.028 0.055 0.072 0.061 0.084 0.056 0.035 0.084 0.053 0.056 0.074 0.081 0.083 0.099 0.079;0.028 0.055 0.056 0.035 0.084 0.072 0.061 0.084 0.053 0.056 0.074 0.081 0.099 0.083 0.079;0.028 0.056 0.072 0.053 0.081 0.055 0.035 0.084 0.061 0.056 0.099 0.084 0.083 0.074 0.079;
0.028 0.056 0.045 0.07 0.094 0.058 0.051 0.083 0.043 0.051 0.087 0.089 0.081 0.092 0.072;0.028 0.056 0.058 0.051 0.083 0.045 0.07 0.094 0.043 0.051 0.087 0.089 0.092 0.081 0.072;0.028 0.058 0.045 0.043 0.089 0.056 0.051 0.083 0.07 0.051 0.092 0.094 0.081 0.087 0.072;
0.027 0.064 0.061 0.061 0.094 0.059 0.04 0.083 0.046 0.044 0.085 0.074 0.074 0.105 0.083;0.027 0.064 0.059 0.04 0.083 0.061 0.061 0.094 0.046 0.044 0.085 0.074 0.105 0.074 0.083;0.027 0.059 0.061 0.046 0.074 0.064 0.04 0.083 0.061 0.044 0.105 0.094 0.074 0.085 0.083;
0.034 0.046 0.052 0.051 0.102 0.068 0.045 0.101 0.044 0.056 0.093 0.071 0.068 0.087 0.082;0.034 0.046 0.068 0.045 0.101 0.052 0.051 0.102 0.044 0.056 0.093 0.071 0.087 0.068 0.082;0.034 0.068 0.052 0.044 0.071 0.046 0.045 0.101 0.051 0.056 0.087 0.102 0.068 0.093 0.082;
0.025 0.038 0.055 0.072 0.108 0.045 0.052 0.081 0.034 0.053 0.082 0.081 0.087 0.108 0.079;0.025 0.038 0.045 0.052 0.081 0.055 0.072 0.108 0.034 0.053 0.082 0.081 0.108 0.087 0.079;0.025 0.045 0.055 0.034 0.081 0.038 0.052 0.081 0.072 0.053 0.108 0.108 0.087 0.082 0.079;
0.029 0.061 0.064 0.059 0.098 0.06 0.04 0.078 0.044 0.05 0.085 0.091 0.087 0.094 0.06;0.029 0.061 0.06 0.04 0.078 0.064 0.059 0.098 0.044 0.05 0.085 0.091 0.094 0.087 0.06;0.029 0.06 0.064 0.044 0.091 0.061 0.04 0.078 0.059 0.05 0.094 0.098 0.087 0.085 0.06;
0.028 0.056 0.042 0.068 0.108 0.054 0.046 0.09 0.047 0.057 0.067 0.093 0.076 0.11 0.058;0.028 0.056 0.054 0.046 0.09 0.042 0.068 0.108 0.047 0.057 0.067 0.093 0.11 0.076 0.058;0.028 0.054 0.042 0.047 0.093 0.056 0.046 0.09 0.068 0.057 0.11 0.108 0.076 0.067 0.058;
0.031 0.063 0.068 0.079 0.084 0.053 0.03 0.091 0.047 0.052 0.067 0.083 0.084 0.095 0.073;0.031 0.063 0.053 0.03 0.091 0.068 0.079 0.084 0.047 0.052 0.067 0.083 0.095 0.084 0.073;0.031 0.053 0.068 0.047 0.083 0.063 0.03 0.091 0.079 0.052 0.095 0.084 0.084 0.067 0.073;
0.029 0.064 0.057 0.07 0.084 0.058 0.032 0.081 0.052 0.07 0.092 0.085 0.082 0.09 0.054;0.029 0.064 0.058 0.032 0.081 0.057 0.07 0.084 0.052 0.07 0.092 0.085 0.09 0.082 0.054;0.029 0.058 0.057 0.052 0.085 0.064 0.032 0.081 0.07 0.07 0.09 0.084 0.082 0.092 0.054;
0.031 0.065 0.051 0.065 0.101 0.066 0.032 0.085 0.042 0.055 0.085 0.086 0.088 0.08 0.068;0.031 0.065 0.066 0.032 0.085 0.051 0.065 0.101 0.042 0.055 0.085 0.086 0.08 0.088 0.068;0.031 0.066 0.051 0.042 0.086 0.065 0.032 0.085 0.065 0.055 0.08 0.101 0.088 0.085 0.068;
0.029 0.049 0.051 0.055 0.105 0.05 0.04 0.08 0.048 0.062 0.082 0.073 0.092 0.105 0.079;0.029 0.049 0.05 0.04 0.08 0.051 0.055 0.105 0.048 0.062 0.082 0.073 0.105 0.092 0.079;0.029 0.05 0.051 0.048 0.073 0.049 0.04 0.08 0.055 0.062 0.105 0.105 0.092 0.082 0.079;
0.03 0.065 0.055 0.07 0.099 0.045 0.036 0.079 0.05 0.049 0.086 0.077 0.079 0.1 0.08;0.03 0.065 0.045 0.036 0.079 0.055 0.07 0.099 0.05 0.049 0.086 0.077 0.1 0.079 0.08;0.03 0.045 0.055 0.05 0.077 0.065 0.036 0.079 0.07 0.049 0.1 0.099 0.079 0.086 0.08;
0.033 0.053 0.05 0.057 0.093 0.053 0.046 0.071 0.055 0.064 0.076 0.081 0.076 0.109 0.083;0.033 0.053 0.053 0.046 0.071 0.05 0.057 0.093 0.055 0.064 0.076 0.081 0.109 0.076 0.083;0.033 0.053 0.05 0.055 0.081 0.053 0.046 0.071 0.057 0.064 0.109 0.093 0.076 0.076 0.083;
0.031 0.07 0.052 0.06 0.114 0.06 0.04 0.075 0.049 0.049 0.081 0.077 0.066 0.102 0.074;0.031 0.07 0.06 0.04 0.075 0.052 0.06 0.114 0.049 0.049 0.081 0.077 0.102 0.066 0.074;0.031 0.06 0.052 0.049 0.077 0.07 0.04 0.075 0.06 0.049 0.102 0.114 0.066 0.081 0.074;
0.018 0.066 0.044 0.06 0.102 0.066 0.059 0.075 0.04 0.061 0.099 0.074 0.073 0.086 0.077;0.018 0.066 0.066 0.059 0.075 0.044 0.06 0.102 0.04 0.061 0.099 0.074 0.086 0.073 0.077;0.018 0.066 0.044 0.04 0.074 0.066 0.059 0.075 0.06 0.061 0.086 0.102 0.073 0.099 0.077;
0.032 0.06 0.05 0.065 0.1 0.062 0.038 0.073 0.041 0.044 0.082 0.081 0.1 0.099 0.073;0.032 0.06 0.062 0.038 0.073 0.05 0.065 0.1 0.041 0.044 0.082 0.081 0.099 0.1 0.073;0.032 0.062 0.05 0.041 0.081 0.06 0.038 0.073 0.065 0.044 0.099 0.1 0.1 0.082 0.073;
0.031 0.051 0.049 0.086 0.098 0.05 0.038 0.069 0.035 0.052 0.088 0.095 0.067 0.131 0.06;0.031 0.051 0.05 0.038 0.069 0.049 0.086 0.098 0.035 0.052 0.088 0.095 0.131 0.067 0.06;0.031 0.05 0.049 0.035 0.095 0.051 0.038 0.069 0.086 0.052 0.131 0.098 0.067 0.088 0.06;
0.032 0.059 0.05 0.072 0.106 0.071 0.035 0.07 0.042 0.06 0.086 0.067 0.086 0.093 0.071;0.032 0.059 0.071 0.035 0.07 0.05 0.072 0.106 0.042 0.06 0.086 0.067 0.093 0.086 0.071;0.032 0.071 0.05 0.042 0.067 0.059 0.035 0.07 0.072 0.06 0.093 0.106 0.086 0.086 0.071;
0.03 0.066 0.058 0.058 0.109 0.053 0.042 0.08 0.04 0.062 0.071 0.07 0.076 0.102 0.083;0.03 0.066 0.053 0.042 0.08 0.058 0.058 0.109 0.04 0.062 0.071 0.07 0.102 0.076 0.083;0.03 0.053 0.058 0.04 0.07 0.066 0.042 0.08 0.058 0.062 0.102 0.109 0.076 0.071 0.083;
0.029 0.051 0.062 0.051 0.101 0.062 0.045 0.082 0.035 0.057 0.076 0.078 0.096 0.096 0.079;0.029 0.051 0.062 0.045 0.082 0.062 0.051 0.101 0.035 0.057 0.076 0.078 0.096 0.096 0.079;0.029 0.062 0.062 0.035 0.078 0.051 0.045 0.082 0.051 0.057 0.096 0.101 0.096 0.076 0.079;
0.041 0.052 0.051 0.062 0.104 0.071 0.039 0.098 0.045 0.043 0.073 0.076 0.089 0.082 0.074;0.041 0.052 0.071 0.039 0.098 0.051 0.062 0.104 0.045 0.043 0.073 0.076 0.082 0.089 0.074;0.041 0.071 0.051 0.045 0.076 0.052 0.039 0.098 0.062 0.043 0.082 0.104 0.089 0.073 0.074;
0.019 0.044 0.057 0.075 0.088 0.068 0.053 0.085 0.038 0.042 0.078 0.089 0.093 0.101 0.07;0.019 0.044 0.068 0.053 0.085 0.057 0.075 0.088 0.038 0.042 0.078 0.089 0.101 0.093 0.07;0.019 0.068 0.057 0.038 0.089 0.044 0.053 0.085 0.075 0.042 0.101 0.088 0.093 0.078 0.07;
0.027 0.056 0.06 0.068 0.097 0.056 0.033 0.1 0.047 0.055 0.081 0.072 0.067 0.107 0.074;0.027 0.056 0.056 0.033 0.1 0.06 0.068 0.097 0.047 0.055 0.081 0.072 0.107 0.067 0.074;0.027 0.056 0.06 0.047 0.072 0.056 0.033 0.1 0.068 0.055 0.107 0.097 0.067 0.081 0.074;
0.02 0.062 0.056 0.057 0.104 0.041 0.039 0.088 0.058 0.055 0.093 0.065 0.089 0.088 0.085;0.02 0.062 0.041 0.039 0.088 0.056 0.057 0.104 0.058 0.055 0.093 0.065 0.088 0.089 0.085;0.02 0.041 0.056 0.058 0.065 0.062 0.039 0.088 0.057 0.055 0.088 0.104 0.089 0.093 0.085;
0.028 0.069 0.047 0.078 0.104 0.053 0.039 0.074 0.037 0.044 0.086 0.086 0.08 0.093 0.082;0.028 0.069 0.053 0.039 0.074 0.047 0.078 0.104 0.037 0.044 0.086 0.086 0.093 0.08 0.082;0.028 0.053 0.047 0.037 0.086 0.069 0.039 0.074 0.078 0.044 0.093 0.104 0.08 0.086 0.082;
0.025 0.066 0.06 0.072 0.094 0.059 0.046 0.079 0.045 0.05 0.084 0.078 0.093 0.097 0.052;0.025 0.066 0.059 0.046 0.079 0.06 0.072 0.094 0.045 0.05 0.084 0.078 0.097 0.093 0.052;0.025 0.059 0.06 0.045 0.078 0.066 0.046 0.079 0.072 0.05 0.097 0.094 0.093 0.084 0.052;
0.023 0.058 0.054 0.059 0.104 0.07 0.049 0.091 0.046 0.049 0.077 0.067 0.076 0.1 0.077;0.023 0.058 0.07 0.049 0.091 0.054 0.059 0.104 0.046 0.049 0.077 0.067 0.1 0.076 0.077;0.023 0.07 0.054 0.046 0.067 0.058 0.049 0.091 0.059 0.049 0.1 0.104 0.076 0.077 0.077;
0.038 0.07 0.054 0.058 0.095 0.064 0.047 0.083 0.053 0.043 0.065 0.077 0.088 0.099 0.066;0.038 0.07 0.064 0.047 0.083 0.054 0.058 0.095 0.053 0.043 0.065 0.077 0.099 0.088 0.066;0.038 0.064 0.054 0.053 0.077 0.07 0.047 0.083 0.058 0.043 0.099 0.095 0.088 0.065 0.066;
0.035 0.052 0.044 0.069 0.1 0.065 0.043 0.073 0.042 0.062 0.079 0.072 0.08 0.1 0.084;0.035 0.052 0.065 0.043 0.073 0.044 0.069 0.1 0.042 0.062 0.079 0.072 0.1 0.08 0.084;0.035 0.065 0.044 0.042 0.072 0.052 0.043 0.073 0.069 0.062 0.1 0.1 0.08 0.079 0.084;
0.023 0.059 0.054 0.082 0.111 0.053 0.049 0.079 0.046 0.051 0.077 0.067 0.078 0.103 0.068;0.023 0.059 0.053 0.049 0.079 0.054 0.082 0.111 0.046 0.051 0.077 0.067 0.103 0.078 0.068;0.023 0.053 0.054 0.046 0.067 0.059 0.049 0.079 0.082 0.051 0.103 0.111 0.078 0.077 0.068;
0.025 0.062 0.072 0.07 0.1 0.065 0.034 0.089 0.062 0.049 0.076 0.077 0.071 0.084 0.064;0.025 0.062 0.065 0.034 0.089 0.072 0.07 0.1 0.062 0.049 0.076 0.077 0.084 0.071 0.064;0.025 0.065 0.072 0.062 0.077 0.062 0.034 0.089 0.07 0.049 0.084 0.1 0.071 0.076 0.064;
0.03 0.062 0.06 0.07 0.088 0.049 0.036 0.077 0.04 0.05 0.08 0.096 0.088 0.091 0.083;0.03 0.062 0.049 0.036 0.077 0.06 0.07 0.088 0.04 0.05 0.08 0.096 0.091 0.088 0.083;0.03 0.049 0.06 0.04 0.096 0.062 0.036 0.077 0.07 0.05 0.091 0.088 0.088 0.08 0.083;
0.032 0.071 0.056 0.065 0.092 0.055 0.04 0.07 0.049 0.057 0.086 0.079 0.075 0.104 0.069;0.032 0.071 0.055 0.04 0.07 0.056 0.065 0.092 0.049 0.057 0.086 0.079 0.104 0.075 0.069;0.032 0.055 0.056 0.049 0.079 0.071 0.04 0.07 0.065 0.057 0.104 0.092 0.075 0.086 0.069;
0.027 0.069 0.055 0.071 0.097 0.052 0.038 0.095 0.044 0.061 0.069 0.084 0.082 0.099 0.057;0.027 0.069 0.052 0.038 0.095 0.055 0.071 0.097 0.044 0.061 0.069 0.084 0.099 0.082 0.057;0.027 0.052 0.055 0.044 0.084 0.069 0.038 0.095 0.071 0.061 0.099 0.097 0.082 0.069 0.057;
0.021 0.059 0.062 0.06 0.105 0.063 0.039 0.08 0.047 0.036 0.098 0.096 0.076 0.092 0.066;0.021 0.059 0.063 0.039 0.08 0.062 0.06 0.105 0.047 0.036 0.098 0.096 0.092 0.076 0.066;0.021 0.063 0.062 0.047 0.096 0.059 0.039 0.08 0.06 0.036 0.092 0.105 0.076 0.098 0.066;
0.03 0.049 0.061 0.052 0.121 0.054 0.029 0.079 0.029 0.058 0.075 0.101 0.071 0.1 0.091;0.03 0.049 0.054 0.029 0.079 0.061 0.052 0.121 0.029 0.058 0.075 0.101 0.1 0.071 0.091;0.03 0.054 0.061 0.029 0.101 0.049 0.029 0.079 0.052 0.058 0.1 0.121 0.071 0.075 0.091;
0.035 0.062 0.049 0.043 0.109 0.053 0.034 0.081 0.04 0.061 0.09 0.081 0.096 0.097 0.069;0.035 0.062 0.053 0.034 0.081 0.049 0.043 0.109 0.04 0.061 0.09 0.081 0.097 0.096 0.069;0.035 0.053 0.049 0.04 0.081 0.062 0.034 0.081 0.043 0.061 0.097 0.109 0.096 0.09 0.069;
0.037 0.061 0.054 0.049 0.119 0.048 0.045 0.084 0.047 0.048 0.078 0.081 0.07 0.108 0.071;0.037 0.061 0.048 0.045 0.084 0.054 0.049 0.119 0.047 0.048 0.078 0.081 0.108 0.07 0.071;0.037 0.048 0.054 0.047 0.081 0.061 0.045 0.084 0.049 0.048 0.108 0.119 0.07 0.078 0.071;
0.027 0.06 0.055 0.069 0.103 0.053 0.044 0.089 0.044 0.054 0.08 0.082 0.067 0.086 0.087;0.027 0.06 0.053 0.044 0.089 0.055 0.069 0.103 0.044 0.054 0.08 0.082 0.086 0.067 0.087;0.027 0.053 0.055 0.044 0.082 0.06 0.044 0.089 0.069 0.054 0.086 0.103 0.067 0.08 0.087;
0.032 0.056 0.05 0.073 0.11 0.06 0.05 0.08 0.026 0.058 0.087 0.072 0.079 0.096 0.071;0.032 0.056 0.06 0.05 0.08 0.05 0.073 0.11 0.026 0.058 0.087 0.072 0.096 0.079 0.071;0.032 0.06 0.05 0.026 0.072 0.056 0.05 0.08 0.073 0.058 0.096 0.11 0.079 0.087 0.071;
0.029 0.052 0.061 0.061 0.115 0.045 0.046 0.079 0.046 0.048 0.086 0.071 0.082 0.095 0.084;0.029 0.052 0.045 0.046 0.079 0.061 0.061 0.115 0.046 0.048 0.086 0.071 0.095 0.082 0.084;0.029 0.045 0.061 0.046 0.071 0.052 0.046 0.079 0.061 0.048 0.095 0.115 0.082 0.086 0.084;
0.033 0.061 0.063 0.072 0.089 0.05 0.042 0.08 0.046 0.062 0.089 0.069 0.077 0.095 0.072;0.033 0.061 0.05 0.042 0.08 0.063 0.072 0.089 0.046 0.062 0.089 0.069 0.095 0.077 0.072;0.033 0.05 0.063 0.046 0.069 0.061 0.042 0.08 0.072 0.062 0.095 0.089 0.077 0.089 0.072;
0.026 0.061 0.057 0.055 0.092 0.05 0.05 0.074 0.045 0.067 0.084 0.077 0.093 0.081 0.088;0.026 0.061 0.05 0.05 0.074 0.057 0.055 0.092 0.045 0.067 0.084 0.077 0.081 0.093 0.088;0.026 0.05 0.057 0.045 0.077 0.061 0.05 0.074 0.055 0.067 0.081 0.092 0.093 0.084 0.088;
0.025 0.055 0.048 0.055 0.088 0.069 0.041 0.091 0.045 0.057 0.091 0.088 0.07 0.1 0.077;0.025 0.055 0.069 0.041 0.091 0.048 0.055 0.088 0.045 0.057 0.091 0.088 0.1 0.07 0.077;0.025 0.069 0.048 0.045 0.088 0.055 0.041 0.091 0.055 0.057 0.1 0.088 0.07 0.091 0.077;
0.019 0.06 0.055 0.072 0.095 0.053 0.043 0.079 0.038 0.044 0.094 0.077 0.086 0.11 0.075;0.019 0.06 0.053 0.043 0.079 0.055 0.072 0.095 0.038 0.044 0.094 0.077 0.11 0.086 0.075;0.019 0.053 0.055 0.038 0.077 0.06 0.043 0.079 0.072 0.044 0.11 0.095 0.086 0.094 0.075;
0.036 0.056 0.058 0.061 0.104 0.052 0.044 0.081 0.047 0.053 0.078 0.082 0.067 0.096 0.085;0.036 0.056 0.052 0.044 0.081 0.058 0.061 0.104 0.047 0.053 0.078 0.082 0.096 0.067 0.085;0.036 0.052 0.058 0.047 0.082 0.056 0.044 0.081 0.061 0.053 0.096 0.104 0.067 0.078 0.085;
0.025 0.056 0.056 0.058 0.108 0.059 0.045 0.079 0.033 0.058 0.1 0.085 0.08 0.085 0.073;0.025 0.056 0.059 0.045 0.079 0.056 0.058 0.108 0.033 0.058 0.1 0.085 0.085 0.08 0.073;0.025 0.059 0.056 0.033 0.085 0.056 0.045 0.079 0.058 0.058 0.085 0.108 0.08 0.1 0.073;
0.025 0.051 0.051 0.055 0.095 0.054 0.036 0.093 0.043 0.06 0.096 0.069 0.088 0.101 0.083;0.025 0.051 0.054 0.036 0.093 0.051 0.055 0.095 0.043 0.06 0.096 0.069 0.101 0.088 0.083;0.025 0.054 0.051 0.043 0.069 0.051 0.036 0.093 0.055 0.06 0.101 0.095 0.088 0.096 0.083;
0.021 0.05 0.064 0.051 0.087 0.068 0.042 0.085 0.034 0.058 0.072 0.08 0.09 0.106 0.092;0.021 0.05 0.068 0.042 0.085 0.064 0.051 0.087 0.034 0.058 0.072 0.08 0.106 0.09 0.092;0.021 0.068 0.064 0.034 0.08 0.05 0.042 0.085 0.051 0.058 0.106 0.087 0.09 0.072 0.092;
0.032 0.048 0.062 0.056 0.1 0.051 0.052 0.073 0.041 0.048 0.086 0.096 0.086 0.083 0.086;0.032 0.048 0.051 0.052 0.073 0.062 0.056 0.1 0.041 0.048 0.086 0.096 0.083 0.086 0.086;0.032 0.051 0.062 0.041 0.096 0.048 0.052 0.073 0.056 0.048 0.083 0.1 0.086 0.086 0.086;
0.021 0.047 0.063 0.058 0.115 0.049 0.04 0.075 0.046 0.047 0.076 0.081 0.094 0.118 0.07;0.021 0.047 0.049 0.04 0.075 0.063 0.058 0.115 0.046 0.047 0.076 0.081 0.118 0.094 0.07;0.021 0.049 0.063 0.046 0.081 0.047 0.04 0.075 0.058 0.047 0.118 0.115 0.094 0.076 0.07;
0.023 0.067 0.055 0.057 0.092 0.058 0.036 0.086 0.058 0.048 0.072 0.064 0.09 0.104 0.09;0.023 0.067 0.058 0.036 0.086 0.055 0.057 0.092 0.058 0.048 0.072 0.064 0.104 0.09 0.09;0.023 0.058 0.055 0.058 0.064 0.067 0.036 0.086 0.057 0.048 0.104 0.092 0.09 0.072 0.09;
0.02 0.056 0.059 0.08 0.089 0.058 0.049 0.082 0.033 0.062 0.067 0.081 0.088 0.102 0.074;0.02 0.056 0.058 0.049 0.082 0.059 0.08 0.089 0.033 0.062 0.067 0.081 0.102 0.088 0.074;0.02 0.058 0.059 0.033 0.081 0.056 0.049 0.082 0.08 0.062 0.102 0.089 0.088 0.067 0.074;
0.033 0.049 0.049 0.064 0.097 0.055 0.026 0.092 0.053 0.06 0.079 0.071 0.086 0.112 0.074;0.033 0.049 0.055 0.026 0.092 0.049 0.064 0.097 0.053 0.06 0.079 0.071 0.112 0.086 0.074;0.033 0.055 0.049 0.053 0.071 0.049 0.026 0.092 0.064 0.06 0.112 0.097 0.086 0.079 0.074;
0.031 0.063 0.064 0.069 0.1 0.044 0.043 0.088 0.04 0.05 0.082 0.078 0.087 0.093 0.068;0.031 0.063 0.044 0.043 0.088 0.064 0.069 0.1 0.04 0.05 0.082 0.078 0.093 0.087 0.068;0.031 0.044 0.064 0.04 0.078 0.063 0.043 0.088 0.069 0.05 0.093 0.1 0.087 0.082 0.068;
0.026 0.069 0.049 0.07 0.095 0.053 0.038 0.072 0.046 0.054 0.085 0.082 0.084 0.1 0.077;0.026 0.069 0.053 0.038 0.072 0.049 0.07 0.095 0.046 0.054 0.085 0.082 0.1 0.084 0.077;0.026 0.053 0.049 0.046 0.082 0.069 0.038 0.072 0.07 0.054 0.1 0.095 0.084 0.085 0.077;
0.031 0.062 0.06 0.054 0.095 0.05 0.049 0.089 0.036 0.047 0.065 0.089 0.079 0.117 0.077;0.031 0.062 0.05 0.049 0.089 0.06 0.054 0.095 0.036 0.047 0.065 0.089 0.117 0.079 0.077;0.031 0.05 0.06 0.036 0.089 0.062 0.049 0.089 0.054 0.047 0.117 0.095 0.079 0.065 0.077;
0.019 0.052 0.048 0.061 0.105 0.053 0.037 0.083 0.048 0.066 0.086 0.084 0.096 0.091 0.071;0.019 0.052 0.053 0.037 0.083 0.048 0.061 0.105 0.048 0.066 0.086 0.084 0.091 0.096 0.071;0.019 0.053 0.048 0.048 0.084 0.052 0.037 0.083 0.061 0.066 0.091 0.105 0.096 0.086 0.071;
0.027 0.057 0.054 0.06 0.105 0.053 0.056 0.08 0.041 0.048 0.082 0.093 0.081 0.075 0.088;0.027 0.057 0.053 0.056 0.08 0.054 0.06 0.105 0.041 0.048 0.082 0.093 0.075 0.081 0.088;0.027 0.053 0.054 0.041 0.093 0.057 0.056 0.08 0.06 0.048 0.075 0.105 0.081 0.082 0.088;
0.03 0.064 0.046 0.056 0.101 0.052 0.035 0.083 0.047 0.063 0.078 0.076 0.08 0.094 0.095;0.03 0.064 0.052 0.035 0.083 0.046 0.056 0.101 0.047 0.063 0.078 0.076 0.094 0.08 0.095;0.03 0.052 0.046 0.047 0.076 0.064 0.035 0.083 0.056 0.063 0.094 0.101 0.08 0.078 0.095;
0.027 0.058 0.059 0.08 0.103 0.069 0.043 0.08 0.037 0.055 0.079 0.078 0.061 0.097 0.074;0.027 0.058 0.069 0.043 0.08 0.059 0.08 0.103 0.037 0.055 0.079 0.078 0.097 0.061 0.074;0.027 0.069 0.059 0.037 0.078 0.058 0.043 0.08 0.08 0.055 0.097 0.103 0.061 0.079 0.074;
0.029 0.058 0.054 0.053 0.099 0.052 0.042 0.09 0.043 0.069 0.086 0.077 0.084 0.096 0.068;0.029 0.058 0.052 0.042 0.09 0.054 0.053 0.099 0.043 0.069 0.086 0.077 0.096 0.084 0.068;0.029 0.052 0.054 0.043 0.077 0.058 0.042 0.09 0.053 0.069 0.096 0.099 0.084 0.086 0.068;
0.032 0.053 0.051 0.051 0.111 0.055 0.043 0.081 0.05 0.054 0.082 0.075 0.089 0.091 0.082;0.032 0.053 0.055 0.043 0.081 0.051 0.051 0.111 0.05 0.054 0.082 0.075 0.091 0.089 0.082;0.032 0.055 0.051 0.05 0.075 0.053 0.043 0.081 0.051 0.054 0.091 0.111 0.089 0.082 0.082;
0.026 0.051 0.053 0.051 0.091 0.066 0.043 0.082 0.04 0.049 0.089 0.077 0.08 0.1 0.102;0.026 0.051 0.066 0.043 0.082 0.053 0.051 0.091 0.04 0.049 0.089 0.077 0.1 0.08 0.102;0.026 0.066 0.053 0.04 0.077 0.051 0.043 0.082 0.051 0.049 0.1 0.091 0.08 0.089 0.102;
0.032 0.051 0.058 0.061 0.109 0.067 0.047 0.079 0.04 0.055 0.074 0.085 0.06 0.102 0.08;0.032 0.051 0.067 0.047 0.079 0.058 0.061 0.109 0.04 0.055 0.074 0.085 0.102 0.06 0.08;0.032 0.067 0.058 0.04 0.085 0.051 0.047 0.079 0.061 0.055 0.102 0.109 0.06 0.074 0.08;
0.028 0.056 0.053 0.068 0.096 0.056 0.041 0.085 0.053 0.053 0.084 0.088 0.07 0.096 0.073;0.028 0.056 0.056 0.041 0.085 0.053 0.068 0.096 0.053 0.053 0.084 0.088 0.096 0.07 0.073;0.028 0.056 0.053 0.053 0.088 0.056 0.041 0.085 0.068 0.053 0.096 0.096 0.07 0.084 0.073;
0.026 0.059 0.077 0.059 0.104 0.054 0.045 0.069 0.036 0.05 0.082 0.087 0.078 0.099 0.075;0.026 0.059 0.054 0.045 0.069 0.077 0.059 0.104 0.036 0.05 0.082 0.087 0.099 0.078 0.075;0.026 0.054 0.077 0.036 0.087 0.059 0.045 0.069 0.059 0.05 0.099 0.104 0.078 0.082 0.075;
0.023 0.064 0.052 0.054 0.097 0.055 0.046 0.07 0.04 0.057 0.081 0.082 0.07 0.112 0.097;0.023 0.064 0.055 0.046 0.07 0.052 0.054 0.097 0.04 0.057 0.081 0.082 0.112 0.07 0.097;0.023 0.055 0.052 0.04 0.082 0.064 0.046 0.07 0.054 0.057 0.112 0.097 0.07 0.081 0.097;
0.028 0.059 0.04 0.052 0.097 0.063 0.041 0.084 0.043 0.062 0.083 0.092 0.066 0.1 0.09;0.028 0.059 0.063 0.041 0.084 0.04 0.052 0.097 0.043 0.062 0.083 0.092 0.1 0.066 0.09;0.028 0.063 0.04 0.043 0.092 0.059 0.041 0.084 0.052 0.062 0.1 0.097 0.066 0.083 0.09;
0.021 0.064 0.046 0.055 0.107 0.053 0.041 0.096 0.041 0.061 0.085 0.081 0.094 0.091 0.064;0.021 0.064 0.053 0.041 0.096 0.046 0.055 0.107 0.041 0.061 0.085 0.081 0.091 0.094 0.064;0.021 0.053 0.046 0.041 0.081 0.064 0.041 0.096 0.055 0.061 0.091 0.107 0.094 0.085 0.064;
0.02 0.063 0.054 0.054 0.099 0.053 0.047 0.071 0.046 0.071 0.097 0.072 0.083 0.09 0.08;0.02 0.063 0.053 0.047 0.071 0.054 0.054 0.099 0.046 0.071 0.097 0.072 0.09 0.083 0.08;0.02 0.053 0.054 0.046 0.072 0.063 0.047 0.071 0.054 0.071 0.09 0.099 0.083 0.097 0.08;
0.035 0.059 0.071 0.053 0.101 0.066 0.035 0.064 0.044 0.047 0.077 0.069 0.081 0.109 0.089;0.035 0.059 0.066 0.035 0.064 0.071 0.053 0.101 0.044 0.047 0.077 0.069 0.109 0.081 0.089;0.035 0.066 0.071 0.044 0.069 0.059 0.035 0.064 0.053 0.047 0.109 0.101 0.081 0.077 0.089;
0.026 0.059 0.073 0.071 0.103 0.045 0.038 0.084 0.038 0.048 0.068 0.095 0.069 0.114 0.069;0.026 0.059 0.045 0.038 0.084 0.073 0.071 0.103 0.038 0.048 0.068 0.095 0.114 0.069 0.069;0.026 0.045 0.073 0.038 0.095 0.059 0.038 0.084 0.071 0.048 0.114 0.103 0.069 0.068 0.069;
0.036 0.06 0.047 0.06 0.098 0.061 0.047 0.065 0.042 0.062 0.089 0.083 0.08 0.099 0.071;0.036 0.06 0.061 0.047 0.065 0.047 0.06 0.098 0.042 0.062 0.089 0.083 0.099 0.08 0.071;0.036 0.061 0.047 0.042 0.083 0.06 0.047 0.065 0.06 0.062 0.099 0.098 0.08 0.089 0.071;
0.031 0.059 0.05 0.05 0.109 0.052 0.045 0.082 0.037 0.05 0.072 0.091 0.088 0.096 0.088;0.031 0.059 0.052 0.045 0.082 0.05 0.05 0.109 0.037 0.05 0.072 0.091 0.096 0.088 0.088;0.031 0.052 0.05 0.037 0.091 0.059 0.045 0.082 0.05 0.05 0.096 0.109 0.088 0.072 0.088;
0.027 0.058 0.064 0.074 0.086 0.068 0.035 0.068 0.051 0.049 0.083 0.086 0.089 0.083 0.079;0.027 0.058 0.068 0.035 0.068 0.064 0.074 0.086 0.051 0.049 0.083 0.086 0.083 0.089 0.079;0.027 0.068 0.064 0.051 0.086 0.058 0.035 0.068 0.074 0.049 0.083 0.086 0.089 0.083 0.079;
0.02 0.056 0.048 0.064 0.103 0.046 0.037 0.091 0.051 0.058 0.082 0.088 0.08 0.098 0.078;0.02 0.056 0.046 0.037 0.091 0.048 0.064 0.103 0.051 0.058 0.082 0.088 0.098 0.08 0.078;0.02 0.046 0.048 0.051 0.088 0.056 0.037 0.091 0.064 0.058 0.098 0.103 0.08 0.082 0.078;
0.025 0.053 0.045 0.079 0.1 0.071 0.043 0.083 0.036 0.053 0.082 0.075 0.082 0.104 0.069;0.025 0.053 0.071 0.043 0.083 0.045 0.079 0.1 0.036 0.053 0.082 0.075 0.104 0.082 0.069;0.025 0.071 0.045 0.036 0.075 0.053 0.043 0.083 0.079 0.053 0.104 0.1 0.082 0.082 0.069;
0.034 0.07 0.054 0.061 0.106 0.04 0.037 0.08 0.043 0.064 0.072 0.087 0.078 0.099 0.075;0.034 0.07 0.04 0.037 0.08 0.054 0.061 0.106 0.043 0.064 0.072 0.087 0.099 0.078 0.075;0.034 0.04 0.054 0.043 0.087 0.07 0.037 0.08 0.061 0.064 0.099 0.106 0.078 0.072 0.075;
0.024 0.053 0.051 0.063 0.092 0.057 0.046 0.079 0.046 0.062 0.081 0.087 0.086 0.09 0.083;0.024 0.053 0.057 0.046 0.079 0.051 0.063 0.092 0.046 0.062 0.081 0.087 0.09 0.086 0.083;0.024 0.057 0.051 0.046 0.087 0.053 0.046 0.079 0.063 0.062 0.09 0.092 0.086 0.081 0.083;
0.029 0.063 0.057 0.048 0.108 0.054 0.047 0.091 0.051 0.044 0.087 0.082 0.079 0.091 0.069;0.029 0.063 0.054 0.047 0.091 0.057 0.048 0.108 0.051 0.044 0.087 0.082 0.091 0.079 0.069;0.029 0.054 0.057 0.051 0.082 0.063 0.047 0.091 0.048 0.044 0.091 0.108 0.079 0.087 0.069;
0.024 0.059 0.049 0.068 0.102 0.036 0.048 0.072 0.04 0.057 0.094 0.082 0.081 0.099 0.089;0.024 0.059 0.036 0.048 0.072 0.049 0.068 0.102 0.04 0.057 0.094 0.082 0.099 0.081 0.089;0.024 0.036 0.049 0.04 0.082 0.059 0.048 0.072 0.068 0.057 0.099 0.102 0.081 0.094 0.089;
0.029 0.055 0.045 0.062 0.102 0.072 0.051 0.09 0.045 0.043 0.087 0.081 0.08 0.08 0.078;0.029 0.055 0.072 0.051 0.09 0.045 0.062 0.102 0.045 0.043 0.087 0.081 0.08 0.08 0.078;0.029 0.072 0.045 0.045 0.081 0.055 0.051 0.09 0.062 0.043 0.08 0.102 0.08 0.087 0.078;
0.03 0.045 0.05 0.06 0.096 0.05 0.042 0.07 0.047 0.071 0.075 0.081 0.089 0.121 0.073;0.03 0.045 0.05 0.042 0.07 0.05 0.06 0.096 0.047 0.071 0.075 0.081 0.121 0.089 0.073;0.03 0.05 0.05 0.047 0.081 0.045 0.042 0.07 0.06 0.071 0.121 0.096 0.089 0.075 0.073;
0.026 0.058 0.059 0.049 0.1 0.065 0.03 0.097 0.048 0.055 0.079 0.083 0.077 0.1 0.074;0.026 0.058 0.065 0.03 0.097 0.059 0.049 0.1 0.048 0.055 0.079 0.083 0.1 0.077 0.074;0.026 0.065 0.059 0.048 0.083 0.058 0.03 0.097 0.049 0.055 0.1 0.1 0.077 0.079 0.074;
0.024 0.056 0.053 0.058 0.105 0.072 0.042 0.086 0.036 0.057 0.094 0.079 0.071 0.094 0.073;0.024 0.056 0.072 0.042 0.086 0.053 0.058 0.105 0.036 0.057 0.094 0.079 0.094 0.071 0.073;0.024 0.072 0.053 0.036 0.079 0.056 0.042 0.086 0.058 0.057 0.094 0.105 0.071 0.094 0.073;
0.015 0.051 0.056 0.07 0.097 0.067 0.05 0.077 0.046 0.057 0.075 0.077 0.084 0.101 0.077;0.015 0.051 0.067 0.05 0.077 0.056 0.07 0.097 0.046 0.057 0.075 0.077 0.101 0.084 0.077;0.015 0.067 0.056 0.046 0.077 0.051 0.05 0.077 0.07 0.057 0.101 0.097 0.084 0.075 0.077;
0.026 0.061 0.053 0.053 0.111 0.049 0.045 0.099 0.047 0.051 0.082 0.079 0.073 0.092 0.079;0.026 0.061 0.049 0.045 0.099 0.053 0.053 0.111 0.047 0.051 0.082 0.079 0.092 0.073 0.079;0.026 0.049 0.053 0.047 0.079 0.061 0.045 0.099 0.053 0.051 0.092 0.111 0.073 0.082 0.079;
0.027 0.057 0.048 0.076 0.095 0.056 0.041 0.082 0.039 0.053 0.081 0.084 0.085 0.108 0.068;0.027 0.057 0.056 0.041 0.082 0.048 0.076 0.095 0.039 0.053 0.081 0.084 0.108 0.085 0.068;0.027 0.056 0.048 0.039 0.084 0.057 0.041 0.082 0.076 0.053 0.108 0.095 0.085 0.081 0.068;
0.036 0.058 0.054 0.071 0.101 0.058 0.051 0.068 0.039 0.046 0.095 0.077 0.069 0.105 0.072;0.036 0.058 0.058 0.051 0.068 0.054 0.071 0.101 0.039 0.046 0.095 0.077 0.105 0.069 0.072;0.036 0.058 0.054 0.039 0.077 0.058 0.051 0.068 0.071 0.046 0.105 0.101 0.069 0.095 0.072];