pntP=[0.025 0.041 0.054 0.055 0.096 0.05 0.048 0.091 0.045 0.046 0.084 0.094 0.074 0.113 0.084;0.025 0.041 0.05 0.048 0.091 0.054 0.055 0.096 0.045 0.046 0.084 0.094 0.113 0.074 0.084;0.025 0.05 0.054 0.045 0.094 0.041 0.048 0.091 0.055 0.046 0.113 0.096 0.074 0.084 0.084;
0.021 0.058 0.048 0.057 0.101 0.05 0.048 0.084 0.043 0.044 0.09 0.079 0.089 0.097 0.091;0.021 0.058 0.05 0.048 0.084 0.048 0.057 0.101 0.043 0.044 0.09 0.079 0.097 0.089 0.091;0.021 0.05 0.048 0.043 0.079 0.058 0.048 0.084 0.057 0.044 0.097 0.101 0.089 0.09 0.091;
0.031 0.051 0.051 0.053 0.118 0.064 0.038 0.081 0.035 0.053 0.083 0.074 0.079 0.113 0.076;0.031 0.051 0.064 0.038 0.081 0.051 0.053 0.118 0.035 0.053 0.083 0.074 0.113 0.079 0.076;0.031 0.064 0.051 0.035 0.074 0.051 0.038 0.081 0.053 0.053 0.113 0.118 0.079 0.083 0.076;
0.025 0.051 0.064 0.078 0.083 0.037 0.047 0.094 0.051 0.045 0.073 0.071 0.104 0.096 0.081;0.025 0.051 0.037 0.047 0.094 0.064 0.078 0.083 0.051 0.045 0.073 0.071 0.096 0.104 0.081;0.025 0.037 0.064 0.051 0.071 0.051 0.047 0.094 0.078 0.045 0.096 0.083 0.104 0.073 0.081;
0.032 0.042 0.063 0.047 0.096 0.051 0.044 0.07 0.06 0.055 0.091 0.093 0.092 0.082 0.082;0.032 0.042 0.051 0.044 0.07 0.063 0.047 0.096 0.06 0.055 0.091 0.093 0.082 0.092 0.082;0.032 0.051 0.063 0.06 0.093 0.042 0.044 0.07 0.047 0.055 0.082 0.096 0.092 0.091 0.082;
0.023 0.043 0.05 0.06 0.092 0.045 0.044 0.098 0.046 0.07 0.083 0.092 0.089 0.091 0.074;0.023 0.043 0.045 0.044 0.098 0.05 0.06 0.092 0.046 0.07 0.083 0.092 0.091 0.089 0.074;0.023 0.045 0.05 0.046 0.092 0.043 0.044 0.098 0.06 0.07 0.091 0.092 0.089 0.083 0.074;
0.012 0.045 0.061 0.061 0.103 0.044 0.042 0.076 0.049 0.059 0.08 0.088 0.085 0.116 0.079;0.012 0.045 0.044 0.042 0.076 0.061 0.061 0.103 0.049 0.059 0.08 0.088 0.116 0.085 0.079;0.012 0.044 0.061 0.049 0.088 0.045 0.042 0.076 0.061 0.059 0.116 0.103 0.085 0.08 0.079;
0.025 0.046 0.047 0.058 0.103 0.043 0.037 0.11 0.047 0.038 0.077 0.082 0.088 0.113 0.086;0.025 0.046 0.043 0.037 0.11 0.047 0.058 0.103 0.047 0.038 0.077 0.082 0.113 0.088 0.086;0.025 0.043 0.047 0.047 0.082 0.046 0.037 0.11 0.058 0.038 0.113 0.103 0.088 0.077 0.086;
0.02 0.054 0.055 0.061 0.09 0.065 0.056 0.094 0.048 0.053 0.077 0.081 0.072 0.091 0.083;0.02 0.054 0.065 0.056 0.094 0.055 0.061 0.09 0.048 0.053 0.077 0.081 0.091 0.072 0.083;0.02 0.065 0.055 0.048 0.081 0.054 0.056 0.094 0.061 0.053 0.091 0.09 0.072 0.077 0.083;
0.025 0.043 0.039 0.059 0.104 0.058 0.045 0.089 0.029 0.065 0.083 0.097 0.082 0.102 0.08;0.025 0.043 0.058 0.045 0.089 0.039 0.059 0.104 0.029 0.065 0.083 0.097 0.102 0.082 0.08;0.025 0.058 0.039 0.029 0.097 0.043 0.045 0.089 0.059 0.065 0.102 0.104 0.082 0.083 0.08;
0.029 0.047 0.059 0.053 0.097 0.067 0.055 0.071 0.043 0.049 0.08 0.102 0.073 0.1 0.075;0.029 0.047 0.067 0.055 0.071 0.059 0.053 0.097 0.043 0.049 0.08 0.102 0.1 0.073 0.075;0.029 0.067 0.059 0.043 0.102 0.047 0.055 0.071 0.053 0.049 0.1 0.097 0.073 0.08 0.075;
0.022 0.054 0.049 0.05 0.101 0.056 0.046 0.092 0.036 0.062 0.068 0.09 0.092 0.081 0.101;0.022 0.054 0.056 0.046 0.092 0.049 0.05 0.101 0.036 0.062 0.068 0.09 0.081 0.092 0.101;0.022 0.056 0.049 0.036 0.09 0.054 0.046 0.092 0.05 0.062 0.081 0.101 0.092 0.068 0.101;
0.016 0.05 0.047 0.049 0.097 0.049 0.047 0.09 0.041 0.055 0.094 0.087 0.087 0.091 0.1;0.016 0.05 0.049 0.047 0.09 0.047 0.049 0.097 0.041 0.055 0.094 0.087 0.091 0.087 0.1;0.016 0.049 0.047 0.041 0.087 0.05 0.047 0.09 0.049 0.055 0.091 0.097 0.087 0.094 0.1;
0.02 0.049 0.056 0.054 0.103 0.056 0.047 0.095 0.05 0.059 0.086 0.081 0.08 0.087 0.077;0.02 0.049 0.056 0.047 0.095 0.056 0.054 0.103 0.05 0.059 0.086 0.081 0.087 0.08 0.077;0.02 0.056 0.056 0.05 0.081 0.049 0.047 0.095 0.054 0.059 0.087 0.103 0.08 0.086 0.077;
0.025 0.052 0.059 0.066 0.092 0.065 0.047 0.073 0.047 0.049 0.081 0.102 0.08 0.089 0.073;0.025 0.052 0.065 0.047 0.073 0.059 0.066 0.092 0.047 0.049 0.081 0.102 0.089 0.08 0.073;0.025 0.065 0.059 0.047 0.102 0.052 0.047 0.073 0.066 0.049 0.089 0.092 0.08 0.081 0.073;
0.019 0.055 0.054 0.059 0.081 0.051 0.053 0.084 0.042 0.049 0.079 0.093 0.095 0.099 0.087;0.019 0.055 0.051 0.053 0.084 0.054 0.059 0.081 0.042 0.049 0.079 0.093 0.099 0.095 0.087;0.019 0.051 0.054 0.042 0.093 0.055 0.053 0.084 0.059 0.049 0.099 0.081 0.095 0.079 0.087;
0.021 0.047 0.05 0.049 0.115 0.051 0.039 0.077 0.037 0.055 0.081 0.097 0.086 0.116 0.079;0.021 0.047 0.051 0.039 0.077 0.05 0.049 0.115 0.037 0.055 0.081 0.097 0.116 0.086 0.079;0.021 0.051 0.05 0.037 0.097 0.047 0.039 0.077 0.049 0.055 0.116 0.115 0.086 0.081 0.079;
0.025 0.047 0.057 0.051 0.104 0.042 0.036 0.086 0.042 0.054 0.09 0.072 0.087 0.12 0.087;0.025 0.047 0.042 0.036 0.086 0.057 0.051 0.104 0.042 0.054 0.09 0.072 0.12 0.087 0.087;0.025 0.042 0.057 0.042 0.072 0.047 0.036 0.086 0.051 0.054 0.12 0.104 0.087 0.09 0.087;
0.023 0.053 0.05 0.064 0.095 0.044 0.031 0.086 0.046 0.056 0.095 0.081 0.083 0.106 0.087;0.023 0.053 0.044 0.031 0.086 0.05 0.064 0.095 0.046 0.056 0.095 0.081 0.106 0.083 0.087;0.023 0.044 0.05 0.046 0.081 0.053 0.031 0.086 0.064 0.056 0.106 0.095 0.083 0.095 0.087;
0.024 0.051 0.056 0.066 0.106 0.047 0.043 0.08 0.051 0.042 0.078 0.089 0.087 0.097 0.083;0.024 0.051 0.047 0.043 0.08 0.056 0.066 0.106 0.051 0.042 0.078 0.089 0.097 0.087 0.083;0.024 0.047 0.056 0.051 0.089 0.051 0.043 0.08 0.066 0.042 0.097 0.106 0.087 0.078 0.083;
0.021 0.045 0.057 0.042 0.099 0.046 0.053 0.086 0.03 0.052 0.096 0.092 0.1 0.104 0.077;0.021 0.045 0.046 0.053 0.086 0.057 0.042 0.099 0.03 0.052 0.096 0.092 0.104 0.1 0.077;0.021 0.046 0.057 0.03 0.092 0.045 0.053 0.086 0.042 0.052 0.104 0.099 0.1 0.096 0.077;
0.015 0.06 0.064 0.061 0.104 0.039 0.033 0.074 0.043 0.057 0.088 0.101 0.089 0.089 0.083;0.015 0.06 0.039 0.033 0.074 0.064 0.061 0.104 0.043 0.057 0.088 0.101 0.089 0.089 0.083;0.015 0.039 0.064 0.043 0.101 0.06 0.033 0.074 0.061 0.057 0.089 0.104 0.089 0.088 0.083;
0.022 0.059 0.054 0.055 0.082 0.055 0.049 0.08 0.049 0.041 0.08 0.096 0.093 0.11 0.075;0.022 0.059 0.055 0.049 0.08 0.054 0.055 0.082 0.049 0.041 0.08 0.096 0.11 0.093 0.075;0.022 0.055 0.054 0.049 0.096 0.059 0.049 0.08 0.055 0.041 0.11 0.082 0.093 0.08 0.075;
0.016 0.039 0.051 0.058 0.105 0.045 0.045 0.078 0.044 0.056 0.09 0.097 0.088 0.079 0.109;0.016 0.039 0.045 0.045 0.078 0.051 0.058 0.105 0.044 0.056 0.09 0.097 0.079 0.088 0.109;0.016 0.045 0.051 0.044 0.097 0.039 0.045 0.078 0.058 0.056 0.079 0.105 0.088 0.09 0.109;
0.013 0.057 0.047 0.058 0.107 0.054 0.047 0.082 0.038 0.058 0.098 0.085 0.08 0.084 0.092;0.013 0.057 0.054 0.047 0.082 0.047 0.058 0.107 0.038 0.058 0.098 0.085 0.084 0.08 0.092;0.013 0.054 0.047 0.038 0.085 0.057 0.047 0.082 0.058 0.058 0.084 0.107 0.08 0.098 0.092;
0.023 0.045 0.053 0.061 0.099 0.043 0.045 0.096 0.053 0.057 0.1 0.071 0.095 0.086 0.073;0.023 0.045 0.043 0.045 0.096 0.053 0.061 0.099 0.053 0.057 0.1 0.071 0.086 0.095 0.073;0.023 0.043 0.053 0.053 0.071 0.045 0.045 0.096 0.061 0.057 0.086 0.099 0.095 0.1 0.073;
0.021 0.061 0.042 0.057 0.1 0.053 0.041 0.089 0.041 0.062 0.089 0.085 0.089 0.094 0.076;0.021 0.061 0.053 0.041 0.089 0.042 0.057 0.1 0.041 0.062 0.089 0.085 0.094 0.089 0.076;0.021 0.053 0.042 0.041 0.085 0.061 0.041 0.089 0.057 0.062 0.094 0.1 0.089 0.089 0.076;
0.026 0.056 0.041 0.053 0.105 0.061 0.044 0.083 0.047 0.051 0.069 0.097 0.08 0.088 0.099;0.026 0.056 0.061 0.044 0.083 0.041 0.053 0.105 0.047 0.051 0.069 0.097 0.088 0.08 0.099;0.026 0.061 0.041 0.047 0.097 0.056 0.044 0.083 0.053 0.051 0.088 0.105 0.08 0.069 0.099;
0.024 0.046 0.061 0.045 0.096 0.057 0.042 0.105 0.037 0.037 0.093 0.077 0.102 0.098 0.08;0.024 0.046 0.057 0.042 0.105 0.061 0.045 0.096 0.037 0.037 0.093 0.077 0.098 0.102 0.08;0.024 0.057 0.061 0.037 0.077 0.046 0.042 0.105 0.045 0.037 0.098 0.096 0.102 0.093 0.08;
0.018 0.057 0.057 0.044 0.094 0.058 0.033 0.09 0.054 0.046 0.087 0.096 0.075 0.102 0.089;0.018 0.057 0.058 0.033 0.09 0.057 0.044 0.094 0.054 0.046 0.087 0.096 0.102 0.075 0.089;0.018 0.058 0.057 0.054 0.096 0.057 0.033 0.09 0.044 0.046 0.102 0.094 0.075 0.087 0.089;
0.027 0.037 0.061 0.046 0.098 0.05 0.04 0.08 0.038 0.057 0.087 0.091 0.08 0.121 0.087;0.027 0.037 0.05 0.04 0.08 0.061 0.046 0.098 0.038 0.057 0.087 0.091 0.121 0.08 0.087;0.027 0.05 0.061 0.038 0.091 0.037 0.04 0.08 0.046 0.057 0.121 0.098 0.08 0.087 0.087;
0.024 0.05 0.051 0.056 0.103 0.054 0.041 0.103 0.052 0.045 0.088 0.08 0.071 0.097 0.085;0.024 0.05 0.054 0.041 0.103 0.051 0.056 0.103 0.052 0.045 0.088 0.08 0.097 0.071 0.085;0.024 0.054 0.051 0.052 0.08 0.05 0.041 0.103 0.056 0.045 0.097 0.103 0.071 0.088 0.085;
0.023 0.05 0.052 0.043 0.092 0.051 0.041 0.083 0.046 0.053 0.1 0.087 0.091 0.092 0.096;0.023 0.05 0.051 0.041 0.083 0.052 0.043 0.092 0.046 0.053 0.1 0.087 0.092 0.091 0.096;0.023 0.051 0.052 0.046 0.087 0.05 0.041 0.083 0.043 0.053 0.092 0.092 0.091 0.1 0.096;
0.023 0.055 0.056 0.044 0.094 0.051 0.041 0.09 0.048 0.04 0.092 0.093 0.073 0.104 0.096;0.023 0.055 0.051 0.041 0.09 0.056 0.044 0.094 0.048 0.04 0.092 0.093 0.104 0.073 0.096;0.023 0.051 0.056 0.048 0.093 0.055 0.041 0.09 0.044 0.04 0.104 0.094 0.073 0.092 0.096;
0.017 0.047 0.047 0.066 0.098 0.054 0.033 0.087 0.042 0.053 0.084 0.092 0.077 0.103 0.1;0.017 0.047 0.054 0.033 0.087 0.047 0.066 0.098 0.042 0.053 0.084 0.092 0.103 0.077 0.1;0.017 0.054 0.047 0.042 0.092 0.047 0.033 0.087 0.066 0.053 0.103 0.098 0.077 0.084 0.1;
0.022 0.062 0.055 0.056 0.076 0.053 0.044 0.089 0.029 0.062 0.098 0.086 0.074 0.106 0.088;0.022 0.062 0.053 0.044 0.089 0.055 0.056 0.076 0.029 0.062 0.098 0.086 0.106 0.074 0.088;0.022 0.053 0.055 0.029 0.086 0.062 0.044 0.089 0.056 0.062 0.106 0.076 0.074 0.098 0.088;
0.018 0.054 0.056 0.053 0.101 0.044 0.035 0.101 0.049 0.051 0.082 0.072 0.086 0.108 0.09;0.018 0.054 0.044 0.035 0.101 0.056 0.053 0.101 0.049 0.051 0.082 0.072 0.108 0.086 0.09;0.018 0.044 0.056 0.049 0.072 0.054 0.035 0.101 0.053 0.051 0.108 0.101 0.086 0.082 0.09;
0.02 0.051 0.051 0.048 0.105 0.06 0.042 0.077 0.058 0.057 0.091 0.091 0.079 0.1 0.07;0.02 0.051 0.06 0.042 0.077 0.051 0.048 0.105 0.058 0.057 0.091 0.091 0.1 0.079 0.07;0.02 0.06 0.051 0.058 0.091 0.051 0.042 0.077 0.048 0.057 0.1 0.105 0.079 0.091 0.07;
0.014 0.043 0.06 0.062 0.096 0.063 0.045 0.094 0.037 0.055 0.098 0.09 0.089 0.07 0.084;0.014 0.043 0.063 0.045 0.094 0.06 0.062 0.096 0.037 0.055 0.098 0.09 0.07 0.089 0.084;0.014 0.063 0.06 0.037 0.09 0.043 0.045 0.094 0.062 0.055 0.07 0.096 0.089 0.098 0.084;
0.017 0.043 0.055 0.05 0.107 0.051 0.048 0.089 0.047 0.045 0.085 0.08 0.082 0.111 0.09;0.017 0.043 0.051 0.048 0.089 0.055 0.05 0.107 0.047 0.045 0.085 0.08 0.111 0.082 0.09;0.017 0.051 0.055 0.047 0.08 0.043 0.048 0.089 0.05 0.045 0.111 0.107 0.082 0.085 0.09;
0.012 0.053 0.046 0.064 0.099 0.046 0.051 0.08 0.037 0.047 0.082 0.099 0.083 0.112 0.089;0.012 0.053 0.046 0.051 0.08 0.046 0.064 0.099 0.037 0.047 0.082 0.099 0.112 0.083 0.089;0.012 0.046 0.046 0.037 0.099 0.053 0.051 0.08 0.064 0.047 0.112 0.099 0.083 0.082 0.089;
0.018 0.038 0.054 0.056 0.082 0.045 0.047 0.096 0.049 0.045 0.089 0.093 0.088 0.109 0.091;0.018 0.038 0.045 0.047 0.096 0.054 0.056 0.082 0.049 0.045 0.089 0.093 0.109 0.088 0.091;0.018 0.045 0.054 0.049 0.093 0.038 0.047 0.096 0.056 0.045 0.109 0.082 0.088 0.089 0.091;
0.026 0.051 0.051 0.053 0.107 0.05 0.043 0.087 0.049 0.05 0.08 0.102 0.08 0.102 0.069;0.026 0.051 0.05 0.043 0.087 0.051 0.053 0.107 0.049 0.05 0.08 0.102 0.102 0.08 0.069;0.026 0.05 0.051 0.049 0.102 0.051 0.043 0.087 0.053 0.05 0.102 0.107 0.08 0.08 0.069;
0.015 0.045 0.046 0.055 0.088 0.041 0.045 0.104 0.047 0.052 0.087 0.103 0.083 0.097 0.092;0.015 0.045 0.041 0.045 0.104 0.046 0.055 0.088 0.047 0.052 0.087 0.103 0.097 0.083 0.092;0.015 0.041 0.046 0.047 0.103 0.045 0.045 0.104 0.055 0.052 0.097 0.088 0.083 0.087 0.092;
0.03 0.058 0.058 0.053 0.096 0.062 0.042 0.085 0.053 0.046 0.079 0.066 0.1 0.097 0.075;0.03 0.058 0.062 0.042 0.085 0.058 0.053 0.096 0.053 0.046 0.079 0.066 0.097 0.1 0.075;0.03 0.062 0.058 0.053 0.066 0.058 0.042 0.085 0.053 0.046 0.097 0.096 0.1 0.079 0.075;
0.019 0.04 0.059 0.058 0.091 0.038 0.054 0.092 0.053 0.05 0.085 0.093 0.102 0.09 0.076;0.019 0.04 0.038 0.054 0.092 0.059 0.058 0.091 0.053 0.05 0.085 0.093 0.09 0.102 0.076;0.019 0.038 0.059 0.053 0.093 0.04 0.054 0.092 0.058 0.05 0.09 0.091 0.102 0.085 0.076;
0.018 0.053 0.048 0.065 0.096 0.052 0.05 0.079 0.046 0.049 0.098 0.089 0.097 0.087 0.073;0.018 0.053 0.052 0.05 0.079 0.048 0.065 0.096 0.046 0.049 0.098 0.089 0.087 0.097 0.073;0.018 0.052 0.048 0.046 0.089 0.053 0.05 0.079 0.065 0.049 0.087 0.096 0.097 0.098 0.073;
0.022 0.051 0.043 0.05 0.107 0.062 0.04 0.1 0.043 0.068 0.081 0.064 0.09 0.092 0.087;0.022 0.051 0.062 0.04 0.1 0.043 0.05 0.107 0.043 0.068 0.081 0.064 0.092 0.09 0.087;0.022 0.062 0.043 0.043 0.064 0.051 0.04 0.1 0.05 0.068 0.092 0.107 0.09 0.081 0.087;
0.019 0.052 0.052 0.048 0.083 0.05 0.043 0.077 0.062 0.056 0.078 0.08 0.104 0.116 0.08;0.019 0.052 0.05 0.043 0.077 0.052 0.048 0.083 0.062 0.056 0.078 0.08 0.116 0.104 0.08;0.019 0.05 0.052 0.062 0.08 0.052 0.043 0.077 0.048 0.056 0.116 0.083 0.104 0.078 0.08;
0.017 0.052 0.058 0.054 0.111 0.045 0.04 0.086 0.044 0.043 0.101 0.087 0.091 0.098 0.073;0.017 0.052 0.045 0.04 0.086 0.058 0.054 0.111 0.044 0.043 0.101 0.087 0.098 0.091 0.073;0.017 0.045 0.058 0.044 0.087 0.052 0.04 0.086 0.054 0.043 0.098 0.111 0.091 0.101 0.073;
0.023 0.043 0.05 0.057 0.111 0.042 0.053 0.083 0.046 0.038 0.09 0.095 0.08 0.1 0.089;0.023 0.043 0.042 0.053 0.083 0.05 0.057 0.111 0.046 0.038 0.09 0.095 0.1 0.08 0.089;0.023 0.042 0.05 0.046 0.095 0.043 0.053 0.083 0.057 0.038 0.1 0.111 0.08 0.09 0.089;
0.01 0.041 0.047 0.059 0.098 0.049 0.033 0.095 0.051 0.043 0.078 0.091 0.094 0.11 0.101;0.01 0.041 0.049 0.033 0.095 0.047 0.059 0.098 0.051 0.043 0.078 0.091 0.11 0.094 0.101;0.01 0.049 0.047 0.051 0.091 0.041 0.033 0.095 0.059 0.043 0.11 0.098 0.094 0.078 0.101;
0.035 0.06 0.044 0.052 0.095 0.05 0.035 0.091 0.058 0.065 0.073 0.075 0.078 0.105 0.084;0.035 0.06 0.05 0.035 0.091 0.044 0.052 0.095 0.058 0.065 0.073 0.075 0.105 0.078 0.084;0.035 0.05 0.044 0.058 0.075 0.06 0.035 0.091 0.052 0.065 0.105 0.095 0.078 0.073 0.084;
0.021 0.054 0.054 0.048 0.101 0.057 0.044 0.082 0.037 0.049 0.099 0.086 0.082 0.102 0.084;0.021 0.054 0.057 0.044 0.082 0.054 0.048 0.101 0.037 0.049 0.099 0.086 0.102 0.082 0.084;0.021 0.057 0.054 0.037 0.086 0.054 0.044 0.082 0.048 0.049 0.102 0.101 0.082 0.099 0.084;
0.023 0.052 0.06 0.055 0.099 0.039 0.058 0.082 0.038 0.057 0.098 0.094 0.081 0.098 0.066;0.023 0.052 0.039 0.058 0.082 0.06 0.055 0.099 0.038 0.057 0.098 0.094 0.098 0.081 0.066;0.023 0.039 0.06 0.038 0.094 0.052 0.058 0.082 0.055 0.057 0.098 0.099 0.081 0.098 0.066;
0.022 0.045 0.043 0.057 0.111 0.056 0.05 0.077 0.044 0.04 0.094 0.082 0.096 0.089 0.094;0.022 0.045 0.056 0.05 0.077 0.043 0.057 0.111 0.044 0.04 0.094 0.082 0.089 0.096 0.094;0.022 0.056 0.043 0.044 0.082 0.045 0.05 0.077 0.057 0.04 0.089 0.111 0.096 0.094 0.094;
0.024 0.051 0.062 0.063 0.074 0.056 0.032 0.097 0.042 0.049 0.073 0.095 0.095 0.099 0.088;0.024 0.051 0.056 0.032 0.097 0.062 0.063 0.074 0.042 0.049 0.073 0.095 0.099 0.095 0.088;0.024 0.056 0.062 0.042 0.095 0.051 0.032 0.097 0.063 0.049 0.099 0.074 0.095 0.073 0.088;
0.015 0.05 0.046 0.044 0.104 0.056 0.053 0.097 0.045 0.057 0.075 0.081 0.076 0.101 0.1;0.015 0.05 0.056 0.053 0.097 0.046 0.044 0.104 0.045 0.057 0.075 0.081 0.101 0.076 0.1;0.015 0.056 0.046 0.045 0.081 0.05 0.053 0.097 0.044 0.057 0.101 0.104 0.076 0.075 0.1;
0.016 0.062 0.054 0.052 0.11 0.043 0.038 0.09 0.053 0.066 0.078 0.082 0.084 0.093 0.079;0.016 0.062 0.043 0.038 0.09 0.054 0.052 0.11 0.053 0.066 0.078 0.082 0.093 0.084 0.079;0.016 0.043 0.054 0.053 0.082 0.062 0.038 0.09 0.052 0.066 0.093 0.11 0.084 0.078 0.079;
0.022 0.056 0.041 0.056 0.089 0.056 0.043 0.084 0.051 0.051 0.083 0.093 0.09 0.109 0.076;0.022 0.056 0.056 0.043 0.084 0.041 0.056 0.089 0.051 0.051 0.083 0.093 0.109 0.09 0.076;0.022 0.056 0.041 0.051 0.093 0.056 0.043 0.084 0.056 0.051 0.109 0.089 0.09 0.083 0.076;
0.018 0.058 0.049 0.045 0.082 0.048 0.043 0.085 0.049 0.054 0.081 0.1 0.083 0.106 0.099;0.018 0.058 0.048 0.043 0.085 0.049 0.045 0.082 0.049 0.054 0.081 0.1 0.106 0.083 0.099;0.018 0.048 0.049 0.049 0.1 0.058 0.043 0.085 0.045 0.054 0.106 0.082 0.083 0.081 0.099;
0.023 0.046 0.043 0.042 0.1 0.06 0.042 0.091 0.038 0.06 0.102 0.071 0.08 0.102 0.1;0.023 0.046 0.06 0.042 0.091 0.043 0.042 0.1 0.038 0.06 0.102 0.071 0.102 0.08 0.1;0.023 0.06 0.043 0.038 0.071 0.046 0.042 0.091 0.042 0.06 0.102 0.1 0.08 0.102 0.1;
0.016 0.045 0.049 0.073 0.09 0.058 0.034 0.082 0.041 0.047 0.087 0.104 0.095 0.095 0.084;0.016 0.045 0.058 0.034 0.082 0.049 0.073 0.09 0.041 0.047 0.087 0.104 0.095 0.095 0.084;0.016 0.058 0.049 0.041 0.104 0.045 0.034 0.082 0.073 0.047 0.095 0.09 0.095 0.087 0.084;
0.028 0.049 0.057 0.061 0.113 0.05 0.047 0.094 0.05 0.062 0.076 0.062 0.082 0.085 0.084;0.028 0.049 0.05 0.047 0.094 0.057 0.061 0.113 0.05 0.062 0.076 0.062 0.085 0.082 0.084;0.028 0.05 0.057 0.05 0.062 0.049 0.047 0.094 0.061 0.062 0.085 0.113 0.082 0.076 0.084;
0.027 0.058 0.037 0.051 0.112 0.047 0.058 0.107 0.039 0.05 0.098 0.083 0.078 0.096 0.059;0.027 0.058 0.047 0.058 0.107 0.037 0.051 0.112 0.039 0.05 0.098 0.083 0.096 0.078 0.059;0.027 0.047 0.037 0.039 0.083 0.058 0.058 0.107 0.051 0.05 0.096 0.112 0.078 0.098 0.059;
0.026 0.056 0.05 0.062 0.08 0.052 0.032 0.084 0.052 0.053 0.103 0.1 0.082 0.099 0.069;0.026 0.056 0.052 0.032 0.084 0.05 0.062 0.08 0.052 0.053 0.103 0.1 0.099 0.082 0.069;0.026 0.052 0.05 0.052 0.1 0.056 0.032 0.084 0.062 0.053 0.099 0.08 0.082 0.103 0.069;
0.022 0.048 0.047 0.055 0.094 0.064 0.05 0.083 0.043 0.057 0.095 0.078 0.084 0.091 0.089;0.022 0.048 0.064 0.05 0.083 0.047 0.055 0.094 0.043 0.057 0.095 0.078 0.091 0.084 0.089;0.022 0.064 0.047 0.043 0.078 0.048 0.05 0.083 0.055 0.057 0.091 0.094 0.084 0.095 0.089;
0.025 0.062 0.042 0.061 0.087 0.048 0.048 0.082 0.052 0.046 0.088 0.086 0.079 0.104 0.09;0.025 0.062 0.048 0.048 0.082 0.042 0.061 0.087 0.052 0.046 0.088 0.086 0.104 0.079 0.09;0.025 0.048 0.042 0.052 0.086 0.062 0.048 0.082 0.061 0.046 0.104 0.087 0.079 0.088 0.09;
0.018 0.053 0.049 0.051 0.103 0.043 0.057 0.082 0.044 0.048 0.087 0.093 0.074 0.102 0.096;0.018 0.053 0.043 0.057 0.082 0.049 0.051 0.103 0.044 0.048 0.087 0.093 0.102 0.074 0.096;0.018 0.043 0.049 0.044 0.093 0.053 0.057 0.082 0.051 0.048 0.102 0.103 0.074 0.087 0.096;
0.018 0.044 0.05 0.059 0.1 0.054 0.045 0.083 0.064 0.057 0.088 0.086 0.089 0.089 0.074;0.018 0.044 0.054 0.045 0.083 0.05 0.059 0.1 0.064 0.057 0.088 0.086 0.089 0.089 0.074;0.018 0.054 0.05 0.064 0.086 0.044 0.045 0.083 0.059 0.057 0.089 0.1 0.089 0.088 0.074;
0.019 0.046 0.052 0.05 0.109 0.054 0.042 0.095 0.041 0.04 0.091 0.089 0.089 0.09 0.093;0.019 0.046 0.054 0.042 0.095 0.052 0.05 0.109 0.041 0.04 0.091 0.089 0.09 0.089 0.093;0.019 0.054 0.052 0.041 0.089 0.046 0.042 0.095 0.05 0.04 0.09 0.109 0.089 0.091 0.093;
0.025 0.045 0.063 0.055 0.097 0.059 0.054 0.069 0.048 0.05 0.075 0.104 0.092 0.094 0.07;0.025 0.045 0.059 0.054 0.069 0.063 0.055 0.097 0.048 0.05 0.075 0.104 0.094 0.092 0.07;0.025 0.059 0.063 0.048 0.104 0.045 0.054 0.069 0.055 0.05 0.094 0.097 0.092 0.075 0.07;
0.021 0.052 0.043 0.061 0.092 0.06 0.046 0.082 0.044 0.047 0.079 0.079 0.078 0.119 0.097;0.021 0.052 0.06 0.046 0.082 0.043 0.061 0.092 0.044 0.047 0.079 0.079 0.119 0.078 0.097;0.021 0.06 0.043 0.044 0.079 0.052 0.046 0.082 0.061 0.047 0.119 0.092 0.078 0.079 0.097;
0.013 0.059 0.052 0.048 0.107 0.057 0.044 0.086 0.044 0.054 0.088 0.089 0.093 0.085 0.081;0.013 0.059 0.057 0.044 0.086 0.052 0.048 0.107 0.044 0.054 0.088 0.089 0.085 0.093 0.081;0.013 0.057 0.052 0.044 0.089 0.059 0.044 0.086 0.048 0.054 0.085 0.107 0.093 0.088 0.081;
0.014 0.051 0.066 0.047 0.108 0.045 0.046 0.082 0.04 0.062 0.078 0.087 0.09 0.103 0.081;0.014 0.051 0.045 0.046 0.082 0.066 0.047 0.108 0.04 0.062 0.078 0.087 0.103 0.09 0.081;0.014 0.045 0.066 0.04 0.087 0.051 0.046 0.082 0.047 0.062 0.103 0.108 0.09 0.078 0.081;
0.023 0.04 0.051 0.064 0.1 0.039 0.042 0.1 0.04 0.06 0.086 0.079 0.084 0.106 0.086;0.023 0.04 0.039 0.042 0.1 0.051 0.064 0.1 0.04 0.06 0.086 0.079 0.106 0.084 0.086;0.023 0.039 0.051 0.04 0.079 0.04 0.042 0.1 0.064 0.06 0.106 0.1 0.084 0.086 0.086;
0.025 0.048 0.058 0.054 0.086 0.054 0.038 0.098 0.049 0.054 0.074 0.072 0.099 0.1 0.091;0.025 0.048 0.054 0.038 0.098 0.058 0.054 0.086 0.049 0.054 0.074 0.072 0.1 0.099 0.091;0.025 0.054 0.058 0.049 0.072 0.048 0.038 0.098 0.054 0.054 0.1 0.086 0.099 0.074 0.091;
0.017 0.052 0.049 0.062 0.099 0.047 0.042 0.079 0.042 0.057 0.085 0.09 0.091 0.098 0.09;0.017 0.052 0.047 0.042 0.079 0.049 0.062 0.099 0.042 0.057 0.085 0.09 0.098 0.091 0.09;0.017 0.047 0.049 0.042 0.09 0.052 0.042 0.079 0.062 0.057 0.098 0.099 0.091 0.085 0.09;
0.019 0.047 0.069 0.054 0.104 0.049 0.034 0.094 0.04 0.062 0.081 0.088 0.07 0.096 0.093;0.019 0.047 0.049 0.034 0.094 0.069 0.054 0.104 0.04 0.062 0.081 0.088 0.096 0.07 0.093;0.019 0.049 0.069 0.04 0.088 0.047 0.034 0.094 0.054 0.062 0.096 0.104 0.07 0.081 0.093;
0.023 0.052 0.047 0.057 0.094 0.051 0.032 0.104 0.047 0.046 0.093 0.093 0.097 0.086 0.078;0.023 0.052 0.051 0.032 0.104 0.047 0.057 0.094 0.047 0.046 0.093 0.093 0.086 0.097 0.078;0.023 0.051 0.047 0.047 0.093 0.052 0.032 0.104 0.057 0.046 0.086 0.094 0.097 0.093 0.078;
0.015 0.055 0.053 0.059 0.099 0.053 0.043 0.083 0.043 0.054 0.083 0.096 0.085 0.101 0.078;0.015 0.055 0.053 0.043 0.083 0.053 0.059 0.099 0.043 0.054 0.083 0.096 0.101 0.085 0.078;0.015 0.053 0.053 0.043 0.096 0.055 0.043 0.083 0.059 0.054 0.101 0.099 0.085 0.083 0.078;
0.025 0.051 0.051 0.057 0.104 0.044 0.039 0.104 0.043 0.049 0.084 0.081 0.082 0.087 0.099;0.025 0.051 0.044 0.039 0.104 0.051 0.057 0.104 0.043 0.049 0.084 0.081 0.087 0.082 0.099;0.025 0.044 0.051 0.043 0.081 0.051 0.039 0.104 0.057 0.049 0.087 0.104 0.082 0.084 0.099;
0.026 0.052 0.052 0.05 0.098 0.05 0.04 0.079 0.042 0.058 0.099 0.086 0.089 0.092 0.087;0.026 0.052 0.05 0.04 0.079 0.052 0.05 0.098 0.042 0.058 0.099 0.086 0.092 0.089 0.087;0.026 0.05 0.052 0.042 0.086 0.052 0.04 0.079 0.05 0.058 0.092 0.098 0.089 0.099 0.087;
0.021 0.057 0.045 0.05 0.104 0.041 0.046 0.078 0.037 0.065 0.091 0.099 0.087 0.094 0.085;0.021 0.057 0.041 0.046 0.078 0.045 0.05 0.104 0.037 0.065 0.091 0.099 0.094 0.087 0.085;0.021 0.041 0.045 0.037 0.099 0.057 0.046 0.078 0.05 0.065 0.094 0.104 0.087 0.091 0.085;
0.018 0.05 0.054 0.064 0.111 0.053 0.042 0.086 0.031 0.046 0.078 0.096 0.092 0.096 0.083;0.018 0.05 0.053 0.042 0.086 0.054 0.064 0.111 0.031 0.046 0.078 0.096 0.096 0.092 0.083;0.018 0.053 0.054 0.031 0.096 0.05 0.042 0.086 0.064 0.046 0.096 0.111 0.092 0.078 0.083;
0.025 0.047 0.063 0.053 0.107 0.046 0.038 0.085 0.035 0.053 0.087 0.089 0.077 0.112 0.083;0.025 0.047 0.046 0.038 0.085 0.063 0.053 0.107 0.035 0.053 0.087 0.089 0.112 0.077 0.083;0.025 0.046 0.063 0.035 0.089 0.047 0.038 0.085 0.053 0.053 0.112 0.107 0.077 0.087 0.083;
0.015 0.056 0.044 0.054 0.089 0.046 0.045 0.089 0.037 0.05 0.098 0.098 0.102 0.085 0.092;0.015 0.056 0.046 0.045 0.089 0.044 0.054 0.089 0.037 0.05 0.098 0.098 0.085 0.102 0.092;0.015 0.046 0.044 0.037 0.098 0.056 0.045 0.089 0.054 0.05 0.085 0.089 0.102 0.098 0.092;
0.018 0.057 0.043 0.06 0.085 0.062 0.061 0.086 0.044 0.049 0.079 0.088 0.079 0.107 0.082;0.018 0.057 0.062 0.061 0.086 0.043 0.06 0.085 0.044 0.049 0.079 0.088 0.107 0.079 0.082;0.018 0.062 0.043 0.044 0.088 0.057 0.061 0.086 0.06 0.049 0.107 0.085 0.079 0.079 0.082;
0.021 0.052 0.038 0.063 0.099 0.04 0.067 0.1 0.039 0.06 0.084 0.077 0.091 0.088 0.081;0.021 0.052 0.04 0.067 0.1 0.038 0.063 0.099 0.039 0.06 0.084 0.077 0.088 0.091 0.081;0.021 0.04 0.038 0.039 0.077 0.052 0.067 0.1 0.063 0.06 0.088 0.099 0.091 0.084 0.081;
0.027 0.053 0.044 0.052 0.1 0.058 0.037 0.085 0.056 0.05 0.094 0.076 0.08 0.094 0.094;0.027 0.053 0.058 0.037 0.085 0.044 0.052 0.1 0.056 0.05 0.094 0.076 0.094 0.08 0.094;0.027 0.058 0.044 0.056 0.076 0.053 0.037 0.085 0.052 0.05 0.094 0.1 0.08 0.094 0.094;
0.024 0.051 0.049 0.05 0.089 0.051 0.046 0.076 0.049 0.051 0.089 0.082 0.092 0.103 0.098;0.024 0.051 0.051 0.046 0.076 0.049 0.05 0.089 0.049 0.051 0.089 0.082 0.103 0.092 0.098;0.024 0.051 0.049 0.049 0.082 0.051 0.046 0.076 0.05 0.051 0.103 0.089 0.092 0.089 0.098;
0.022 0.054 0.054 0.048 0.1 0.041 0.03 0.078 0.067 0.05 0.086 0.093 0.098 0.093 0.086;0.022 0.054 0.041 0.03 0.078 0.054 0.048 0.1 0.067 0.05 0.086 0.093 0.093 0.098 0.086;0.022 0.041 0.054 0.067 0.093 0.054 0.03 0.078 0.048 0.05 0.093 0.1 0.098 0.086 0.086;
0.02 0.057 0.055 0.047 0.1 0.05 0.045 0.081 0.05 0.045 0.093 0.082 0.095 0.091 0.089;0.02 0.057 0.05 0.045 0.081 0.055 0.047 0.1 0.05 0.045 0.093 0.082 0.091 0.095 0.089;0.02 0.05 0.055 0.05 0.082 0.057 0.045 0.081 0.047 0.045 0.091 0.1 0.095 0.093 0.089;
0.029 0.046 0.055 0.062 0.086 0.054 0.047 0.084 0.054 0.044 0.095 0.079 0.084 0.081 0.1;0.029 0.046 0.054 0.047 0.084 0.055 0.062 0.086 0.054 0.044 0.095 0.079 0.081 0.084 0.1;0.029 0.054 0.055 0.054 0.079 0.046 0.047 0.084 0.062 0.044 0.081 0.086 0.084 0.095 0.1;
0.015 0.054 0.053 0.072 0.098 0.047 0.05 0.078 0.051 0.051 0.088 0.083 0.092 0.085 0.083;0.015 0.054 0.047 0.05 0.078 0.053 0.072 0.098 0.051 0.051 0.088 0.083 0.085 0.092 0.083;0.015 0.047 0.053 0.051 0.083 0.054 0.05 0.078 0.072 0.051 0.085 0.098 0.092 0.088 0.083;
0.027 0.048 0.049 0.067 0.102 0.062 0.036 0.077 0.039 0.054 0.089 0.076 0.089 0.111 0.074;0.027 0.048 0.062 0.036 0.077 0.049 0.067 0.102 0.039 0.054 0.089 0.076 0.111 0.089 0.074;0.027 0.062 0.049 0.039 0.076 0.048 0.036 0.077 0.067 0.054 0.111 0.102 0.089 0.089 0.074;
0.018 0.04 0.053 0.067 0.098 0.057 0.039 0.115 0.043 0.052 0.083 0.083 0.071 0.104 0.077;0.018 0.04 0.057 0.039 0.115 0.053 0.067 0.098 0.043 0.052 0.083 0.083 0.104 0.071 0.077;0.018 0.057 0.053 0.043 0.083 0.04 0.039 0.115 0.067 0.052 0.104 0.098 0.071 0.083 0.077;
0.015 0.056 0.054 0.061 0.093 0.055 0.041 0.082 0.046 0.05 0.086 0.096 0.091 0.087 0.087;0.015 0.056 0.055 0.041 0.082 0.054 0.061 0.093 0.046 0.05 0.086 0.096 0.087 0.091 0.087;0.015 0.055 0.054 0.046 0.096 0.056 0.041 0.082 0.061 0.05 0.087 0.093 0.091 0.086 0.087;
0.022 0.038 0.048 0.072 0.093 0.047 0.048 0.094 0.052 0.062 0.088 0.078 0.099 0.098 0.061;0.022 0.038 0.047 0.048 0.094 0.048 0.072 0.093 0.052 0.062 0.088 0.078 0.098 0.099 0.061;0.022 0.047 0.048 0.052 0.078 0.038 0.048 0.094 0.072 0.062 0.098 0.093 0.099 0.088 0.061;
0.02 0.051 0.049 0.056 0.104 0.058 0.04 0.082 0.036 0.05 0.083 0.083 0.088 0.113 0.087;0.02 0.051 0.058 0.04 0.082 0.049 0.056 0.104 0.036 0.05 0.083 0.083 0.113 0.088 0.087;0.02 0.058 0.049 0.036 0.083 0.051 0.04 0.082 0.056 0.05 0.113 0.104 0.088 0.083 0.087];