pntP=[0.041 0.057 0.062 0.07 0.112 0.059 0.03 0.09 0.033 0.074 0.058 0.056 0.091 0.103 0.064;0.041 0.057 0.059 0.03 0.09 0.062 0.07 0.112 0.033 0.074 0.058 0.056 0.103 0.091 0.064;0.041 0.059 0.062 0.033 0.056 0.057 0.03 0.09 0.07 0.074 0.103 0.112 0.091 0.058 0.064;
0.046 0.066 0.071 0.064 0.104 0.047 0.046 0.06 0.046 0.058 0.07 0.063 0.078 0.096 0.085;0.046 0.066 0.047 0.046 0.06 0.071 0.064 0.104 0.046 0.058 0.07 0.063 0.096 0.078 0.085;0.046 0.047 0.071 0.046 0.063 0.066 0.046 0.06 0.064 0.058 0.096 0.104 0.078 0.07 0.085;
0.047 0.05 0.055 0.067 0.11 0.067 0.046 0.072 0.047 0.065 0.073 0.068 0.077 0.086 0.07;0.047 0.05 0.067 0.046 0.072 0.055 0.067 0.11 0.047 0.065 0.073 0.068 0.086 0.077 0.07;0.047 0.067 0.055 0.047 0.068 0.05 0.046 0.072 0.067 0.065 0.086 0.11 0.077 0.073 0.07;
0.031 0.071 0.057 0.065 0.089 0.074 0.038 0.057 0.044 0.065 0.078 0.088 0.065 0.106 0.072;0.031 0.071 0.074 0.038 0.057 0.057 0.065 0.089 0.044 0.065 0.078 0.088 0.106 0.065 0.072;0.031 0.074 0.057 0.044 0.088 0.071 0.038 0.057 0.065 0.065 0.106 0.089 0.065 0.078 0.072;
0.03 0.066 0.059 0.065 0.098 0.054 0.042 0.075 0.043 0.061 0.076 0.075 0.083 0.089 0.084;0.03 0.066 0.054 0.042 0.075 0.059 0.065 0.098 0.043 0.061 0.076 0.075 0.089 0.083 0.084;0.03 0.054 0.059 0.043 0.075 0.066 0.042 0.075 0.065 0.061 0.089 0.098 0.083 0.076 0.084;
0.035 0.058 0.082 0.072 0.088 0.042 0.05 0.073 0.045 0.071 0.063 0.076 0.097 0.086 0.062;0.035 0.058 0.042 0.05 0.073 0.082 0.072 0.088 0.045 0.071 0.063 0.076 0.086 0.097 0.062;0.035 0.042 0.082 0.045 0.076 0.058 0.05 0.073 0.072 0.071 0.086 0.088 0.097 0.063 0.062;
0.048 0.061 0.064 0.064 0.095 0.056 0.044 0.065 0.043 0.06 0.089 0.089 0.073 0.097 0.052;0.048 0.061 0.056 0.044 0.065 0.064 0.064 0.095 0.043 0.06 0.089 0.089 0.097 0.073 0.052;0.048 0.056 0.064 0.043 0.089 0.061 0.044 0.065 0.064 0.06 0.097 0.095 0.073 0.089 0.052;
0.05 0.062 0.054 0.055 0.092 0.05 0.042 0.08 0.051 0.076 0.079 0.08 0.068 0.09 0.071;0.05 0.062 0.05 0.042 0.08 0.054 0.055 0.092 0.051 0.076 0.079 0.08 0.09 0.068 0.071;0.05 0.05 0.054 0.051 0.08 0.062 0.042 0.08 0.055 0.076 0.09 0.092 0.068 0.079 0.071;
0.038 0.06 0.061 0.077 0.08 0.07 0.049 0.071 0.042 0.06 0.059 0.081 0.072 0.108 0.072;0.038 0.06 0.07 0.049 0.071 0.061 0.077 0.08 0.042 0.06 0.059 0.081 0.108 0.072 0.072;0.038 0.07 0.061 0.042 0.081 0.06 0.049 0.071 0.077 0.06 0.108 0.08 0.072 0.059 0.072;
0.039 0.06 0.05 0.058 0.105 0.051 0.036 0.076 0.045 0.08 0.077 0.067 0.083 0.095 0.078;0.039 0.06 0.051 0.036 0.076 0.05 0.058 0.105 0.045 0.08 0.077 0.067 0.095 0.083 0.078;0.039 0.051 0.05 0.045 0.067 0.06 0.036 0.076 0.058 0.08 0.095 0.105 0.083 0.077 0.078;
0.036 0.057 0.058 0.063 0.077 0.054 0.033 0.075 0.048 0.067 0.072 0.087 0.098 0.102 0.073;0.036 0.057 0.054 0.033 0.075 0.058 0.063 0.077 0.048 0.067 0.072 0.087 0.102 0.098 0.073;0.036 0.054 0.058 0.048 0.087 0.057 0.033 0.075 0.063 0.067 0.102 0.077 0.098 0.072 0.073;
0.03 0.04 0.055 0.052 0.127 0.06 0.048 0.087 0.043 0.067 0.073 0.074 0.073 0.106 0.065;0.03 0.04 0.06 0.048 0.087 0.055 0.052 0.127 0.043 0.067 0.073 0.074 0.106 0.073 0.065;0.03 0.06 0.055 0.043 0.074 0.04 0.048 0.087 0.052 0.067 0.106 0.127 0.073 0.073 0.065;
0.039 0.068 0.058 0.074 0.092 0.058 0.045 0.067 0.039 0.064 0.077 0.08 0.08 0.089 0.07;0.039 0.068 0.058 0.045 0.067 0.058 0.074 0.092 0.039 0.064 0.077 0.08 0.089 0.08 0.07;0.039 0.058 0.058 0.039 0.08 0.068 0.045 0.067 0.074 0.064 0.089 0.092 0.08 0.077 0.07;
0.028 0.048 0.064 0.063 0.096 0.067 0.049 0.073 0.042 0.058 0.086 0.074 0.075 0.105 0.072;0.028 0.048 0.067 0.049 0.073 0.064 0.063 0.096 0.042 0.058 0.086 0.074 0.105 0.075 0.072;0.028 0.067 0.064 0.042 0.074 0.048 0.049 0.073 0.063 0.058 0.105 0.096 0.075 0.086 0.072;
0.046 0.058 0.063 0.061 0.096 0.062 0.048 0.078 0.034 0.056 0.057 0.07 0.094 0.11 0.067;0.046 0.058 0.062 0.048 0.078 0.063 0.061 0.096 0.034 0.056 0.057 0.07 0.11 0.094 0.067;0.046 0.062 0.063 0.034 0.07 0.058 0.048 0.078 0.061 0.056 0.11 0.096 0.094 0.057 0.067;
0.041 0.058 0.075 0.073 0.097 0.056 0.033 0.073 0.041 0.061 0.072 0.079 0.073 0.098 0.07;0.041 0.058 0.056 0.033 0.073 0.075 0.073 0.097 0.041 0.061 0.072 0.079 0.098 0.073 0.07;0.041 0.056 0.075 0.041 0.079 0.058 0.033 0.073 0.073 0.061 0.098 0.097 0.073 0.072 0.07;
0.03 0.049 0.066 0.075 0.094 0.063 0.059 0.064 0.042 0.057 0.083 0.064 0.083 0.103 0.068;0.03 0.049 0.063 0.059 0.064 0.066 0.075 0.094 0.042 0.057 0.083 0.064 0.103 0.083 0.068;0.03 0.063 0.066 0.042 0.064 0.049 0.059 0.064 0.075 0.057 0.103 0.094 0.083 0.083 0.068;
0.026 0.054 0.079 0.054 0.105 0.072 0.047 0.09 0.041 0.051 0.08 0.06 0.071 0.097 0.073;0.026 0.054 0.072 0.047 0.09 0.079 0.054 0.105 0.041 0.051 0.08 0.06 0.097 0.071 0.073;0.026 0.072 0.079 0.041 0.06 0.054 0.047 0.09 0.054 0.051 0.097 0.105 0.071 0.08 0.073;
0.045 0.058 0.071 0.057 0.104 0.048 0.046 0.075 0.046 0.071 0.077 0.069 0.083 0.091 0.059;0.045 0.058 0.048 0.046 0.075 0.071 0.057 0.104 0.046 0.071 0.077 0.069 0.091 0.083 0.059;0.045 0.048 0.071 0.046 0.069 0.058 0.046 0.075 0.057 0.071 0.091 0.104 0.083 0.077 0.059;
0.036 0.063 0.062 0.07 0.091 0.049 0.039 0.072 0.041 0.067 0.08 0.067 0.089 0.103 0.071;0.036 0.063 0.049 0.039 0.072 0.062 0.07 0.091 0.041 0.067 0.08 0.067 0.103 0.089 0.071;0.036 0.049 0.062 0.041 0.067 0.063 0.039 0.072 0.07 0.067 0.103 0.091 0.089 0.08 0.071;
0.049 0.057 0.062 0.072 0.092 0.057 0.04 0.064 0.027 0.054 0.074 0.08 0.094 0.1 0.078;0.049 0.057 0.057 0.04 0.064 0.062 0.072 0.092 0.027 0.054 0.074 0.08 0.1 0.094 0.078;0.049 0.057 0.062 0.027 0.08 0.057 0.04 0.064 0.072 0.054 0.1 0.092 0.094 0.074 0.078;
0.037 0.063 0.063 0.069 0.113 0.059 0.037 0.078 0.038 0.06 0.082 0.072 0.081 0.093 0.055;0.037 0.063 0.059 0.037 0.078 0.063 0.069 0.113 0.038 0.06 0.082 0.072 0.093 0.081 0.055;0.037 0.059 0.063 0.038 0.072 0.063 0.037 0.078 0.069 0.06 0.093 0.113 0.081 0.082 0.055;
0.039 0.059 0.078 0.058 0.093 0.051 0.039 0.062 0.049 0.074 0.086 0.071 0.073 0.085 0.083;0.039 0.059 0.051 0.039 0.062 0.078 0.058 0.093 0.049 0.074 0.086 0.071 0.085 0.073 0.083;0.039 0.051 0.078 0.049 0.071 0.059 0.039 0.062 0.058 0.074 0.085 0.093 0.073 0.086 0.083;
0.03 0.061 0.058 0.086 0.093 0.046 0.041 0.062 0.05 0.06 0.07 0.087 0.103 0.088 0.065;0.03 0.061 0.046 0.041 0.062 0.058 0.086 0.093 0.05 0.06 0.07 0.087 0.088 0.103 0.065;0.03 0.046 0.058 0.05 0.087 0.061 0.041 0.062 0.086 0.06 0.088 0.093 0.103 0.07 0.065;
0.047 0.05 0.068 0.071 0.117 0.04 0.05 0.069 0.043 0.055 0.073 0.075 0.077 0.102 0.063;0.047 0.05 0.04 0.05 0.069 0.068 0.071 0.117 0.043 0.055 0.073 0.075 0.102 0.077 0.063;0.047 0.04 0.068 0.043 0.075 0.05 0.05 0.069 0.071 0.055 0.102 0.117 0.077 0.073 0.063;
0.035 0.069 0.051 0.087 0.106 0.054 0.035 0.068 0.04 0.067 0.075 0.077 0.073 0.1 0.063;0.035 0.069 0.054 0.035 0.068 0.051 0.087 0.106 0.04 0.067 0.075 0.077 0.1 0.073 0.063;0.035 0.054 0.051 0.04 0.077 0.069 0.035 0.068 0.087 0.067 0.1 0.106 0.073 0.075 0.063;
0.034 0.062 0.069 0.062 0.085 0.055 0.048 0.065 0.035 0.078 0.087 0.081 0.083 0.104 0.052;0.034 0.062 0.055 0.048 0.065 0.069 0.062 0.085 0.035 0.078 0.087 0.081 0.104 0.083 0.052;0.034 0.055 0.069 0.035 0.081 0.062 0.048 0.065 0.062 0.078 0.104 0.085 0.083 0.087 0.052;
0.042 0.062 0.066 0.052 0.103 0.046 0.042 0.071 0.05 0.062 0.084 0.06 0.09 0.095 0.075;0.042 0.062 0.046 0.042 0.071 0.066 0.052 0.103 0.05 0.062 0.084 0.06 0.095 0.09 0.075;0.042 0.046 0.066 0.05 0.06 0.062 0.042 0.071 0.052 0.062 0.095 0.103 0.09 0.084 0.075;
0.039 0.061 0.075 0.048 0.086 0.057 0.035 0.076 0.038 0.07 0.078 0.068 0.083 0.106 0.08;0.039 0.061 0.057 0.035 0.076 0.075 0.048 0.086 0.038 0.07 0.078 0.068 0.106 0.083 0.08;0.039 0.057 0.075 0.038 0.068 0.061 0.035 0.076 0.048 0.07 0.106 0.086 0.083 0.078 0.08;
0.038 0.044 0.075 0.065 0.1 0.059 0.04 0.067 0.041 0.057 0.075 0.085 0.084 0.093 0.077;0.038 0.044 0.059 0.04 0.067 0.075 0.065 0.1 0.041 0.057 0.075 0.085 0.093 0.084 0.077;0.038 0.059 0.075 0.041 0.085 0.044 0.04 0.067 0.065 0.057 0.093 0.1 0.084 0.075 0.077;
0.032 0.06 0.077 0.069 0.086 0.069 0.04 0.067 0.041 0.077 0.083 0.064 0.073 0.095 0.067;0.032 0.06 0.069 0.04 0.067 0.077 0.069 0.086 0.041 0.077 0.083 0.064 0.095 0.073 0.067;0.032 0.069 0.077 0.041 0.064 0.06 0.04 0.067 0.069 0.077 0.095 0.086 0.073 0.083 0.067;
0.044 0.048 0.067 0.06 0.095 0.062 0.054 0.071 0.036 0.062 0.076 0.084 0.07 0.109 0.062;0.044 0.048 0.062 0.054 0.071 0.067 0.06 0.095 0.036 0.062 0.076 0.084 0.109 0.07 0.062;0.044 0.062 0.067 0.036 0.084 0.048 0.054 0.071 0.06 0.062 0.109 0.095 0.07 0.076 0.062;
0.033 0.052 0.078 0.069 0.098 0.054 0.04 0.073 0.055 0.065 0.078 0.071 0.083 0.074 0.077;0.033 0.052 0.054 0.04 0.073 0.078 0.069 0.098 0.055 0.065 0.078 0.071 0.074 0.083 0.077;0.033 0.054 0.078 0.055 0.071 0.052 0.04 0.073 0.069 0.065 0.074 0.098 0.083 0.078 0.077;
0.034 0.054 0.062 0.065 0.102 0.058 0.047 0.076 0.054 0.064 0.069 0.057 0.076 0.118 0.064;0.034 0.054 0.058 0.047 0.076 0.062 0.065 0.102 0.054 0.064 0.069 0.057 0.118 0.076 0.064;0.034 0.058 0.062 0.054 0.057 0.054 0.047 0.076 0.065 0.064 0.118 0.102 0.076 0.069 0.064;
0.037 0.064 0.063 0.066 0.07 0.07 0.03 0.089 0.041 0.055 0.087 0.076 0.09 0.092 0.07;0.037 0.064 0.07 0.03 0.089 0.063 0.066 0.07 0.041 0.055 0.087 0.076 0.092 0.09 0.07;0.037 0.07 0.063 0.041 0.076 0.064 0.03 0.089 0.066 0.055 0.092 0.07 0.09 0.087 0.07;
0.037 0.048 0.059 0.074 0.092 0.052 0.041 0.077 0.041 0.064 0.079 0.069 0.084 0.107 0.076;0.037 0.048 0.052 0.041 0.077 0.059 0.074 0.092 0.041 0.064 0.079 0.069 0.107 0.084 0.076;0.037 0.052 0.059 0.041 0.069 0.048 0.041 0.077 0.074 0.064 0.107 0.092 0.084 0.079 0.076;
0.035 0.076 0.07 0.072 0.093 0.049 0.043 0.069 0.043 0.062 0.076 0.083 0.067 0.08 0.082;0.035 0.076 0.049 0.043 0.069 0.07 0.072 0.093 0.043 0.062 0.076 0.083 0.08 0.067 0.082;0.035 0.049 0.07 0.043 0.083 0.076 0.043 0.069 0.072 0.062 0.08 0.093 0.067 0.076 0.082;
0.036 0.057 0.058 0.074 0.091 0.061 0.038 0.078 0.047 0.068 0.076 0.079 0.081 0.098 0.058;0.036 0.057 0.061 0.038 0.078 0.058 0.074 0.091 0.047 0.068 0.076 0.079 0.098 0.081 0.058;0.036 0.061 0.058 0.047 0.079 0.057 0.038 0.078 0.074 0.068 0.098 0.091 0.081 0.076 0.058;
0.035 0.073 0.064 0.058 0.107 0.065 0.034 0.085 0.038 0.049 0.065 0.074 0.079 0.092 0.082;0.035 0.073 0.065 0.034 0.085 0.064 0.058 0.107 0.038 0.049 0.065 0.074 0.092 0.079 0.082;0.035 0.065 0.064 0.038 0.074 0.073 0.034 0.085 0.058 0.049 0.092 0.107 0.079 0.065 0.082;
0.036 0.074 0.075 0.056 0.099 0.052 0.043 0.069 0.042 0.061 0.073 0.075 0.074 0.108 0.063;0.036 0.074 0.052 0.043 0.069 0.075 0.056 0.099 0.042 0.061 0.073 0.075 0.108 0.074 0.063;0.036 0.052 0.075 0.042 0.075 0.074 0.043 0.069 0.056 0.061 0.108 0.099 0.074 0.073 0.063;
0.027 0.062 0.07 0.062 0.107 0.045 0.03 0.069 0.04 0.066 0.079 0.079 0.078 0.108 0.078;0.027 0.062 0.045 0.03 0.069 0.07 0.062 0.107 0.04 0.066 0.079 0.079 0.108 0.078 0.078;0.027 0.045 0.07 0.04 0.079 0.062 0.03 0.069 0.062 0.066 0.108 0.107 0.078 0.079 0.078;
0.048 0.053 0.062 0.067 0.093 0.064 0.029 0.082 0.054 0.063 0.071 0.078 0.08 0.09 0.066;0.048 0.053 0.064 0.029 0.082 0.062 0.067 0.093 0.054 0.063 0.071 0.078 0.09 0.08 0.066;0.048 0.064 0.062 0.054 0.078 0.053 0.029 0.082 0.067 0.063 0.09 0.093 0.08 0.071 0.066;
0.034 0.066 0.061 0.061 0.093 0.065 0.043 0.068 0.043 0.063 0.08 0.073 0.077 0.113 0.06;0.034 0.066 0.065 0.043 0.068 0.061 0.061 0.093 0.043 0.063 0.08 0.073 0.113 0.077 0.06;0.034 0.065 0.061 0.043 0.073 0.066 0.043 0.068 0.061 0.063 0.113 0.093 0.077 0.08 0.06;
0.048 0.06 0.054 0.082 0.09 0.065 0.03 0.079 0.041 0.057 0.078 0.086 0.07 0.094 0.066;0.048 0.06 0.065 0.03 0.079 0.054 0.082 0.09 0.041 0.057 0.078 0.086 0.094 0.07 0.066;0.048 0.065 0.054 0.041 0.086 0.06 0.03 0.079 0.082 0.057 0.094 0.09 0.07 0.078 0.066;
0.035 0.075 0.062 0.065 0.099 0.057 0.061 0.061 0.045 0.064 0.073 0.066 0.069 0.093 0.075;0.035 0.075 0.057 0.061 0.061 0.062 0.065 0.099 0.045 0.064 0.073 0.066 0.093 0.069 0.075;0.035 0.057 0.062 0.045 0.066 0.075 0.061 0.061 0.065 0.064 0.093 0.099 0.069 0.073 0.075;
0.037 0.064 0.055 0.078 0.099 0.06 0.036 0.067 0.044 0.075 0.07 0.066 0.098 0.093 0.058;0.037 0.064 0.06 0.036 0.067 0.055 0.078 0.099 0.044 0.075 0.07 0.066 0.093 0.098 0.058;0.037 0.06 0.055 0.044 0.066 0.064 0.036 0.067 0.078 0.075 0.093 0.099 0.098 0.07 0.058;
0.034 0.055 0.056 0.067 0.101 0.061 0.046 0.089 0.041 0.076 0.082 0.066 0.066 0.093 0.067;0.034 0.055 0.061 0.046 0.089 0.056 0.067 0.101 0.041 0.076 0.082 0.066 0.093 0.066 0.067;0.034 0.061 0.056 0.041 0.066 0.055 0.046 0.089 0.067 0.076 0.093 0.101 0.066 0.082 0.067;
0.037 0.06 0.053 0.068 0.081 0.066 0.039 0.079 0.045 0.065 0.064 0.068 0.086 0.116 0.073;0.037 0.06 0.066 0.039 0.079 0.053 0.068 0.081 0.045 0.065 0.064 0.068 0.116 0.086 0.073;0.037 0.066 0.053 0.045 0.068 0.06 0.039 0.079 0.068 0.065 0.116 0.081 0.086 0.064 0.073;
0.035 0.066 0.049 0.071 0.089 0.068 0.032 0.076 0.036 0.067 0.067 0.072 0.101 0.096 0.075;0.035 0.066 0.068 0.032 0.076 0.049 0.071 0.089 0.036 0.067 0.067 0.072 0.096 0.101 0.075;0.035 0.068 0.049 0.036 0.072 0.066 0.032 0.076 0.071 0.067 0.096 0.089 0.101 0.067 0.075;
0.049 0.066 0.058 0.061 0.106 0.052 0.051 0.068 0.034 0.065 0.064 0.072 0.08 0.111 0.063;0.049 0.066 0.052 0.051 0.068 0.058 0.061 0.106 0.034 0.065 0.064 0.072 0.111 0.08 0.063;0.049 0.052 0.058 0.034 0.072 0.066 0.051 0.068 0.061 0.065 0.111 0.106 0.08 0.064 0.063;
0.047 0.064 0.067 0.082 0.087 0.064 0.039 0.07 0.045 0.066 0.063 0.082 0.084 0.074 0.066;0.047 0.064 0.064 0.039 0.07 0.067 0.082 0.087 0.045 0.066 0.063 0.082 0.074 0.084 0.066;0.047 0.064 0.067 0.045 0.082 0.064 0.039 0.07 0.082 0.066 0.074 0.087 0.084 0.063 0.066;
0.042 0.053 0.056 0.065 0.101 0.066 0.04 0.063 0.057 0.056 0.068 0.074 0.075 0.099 0.085;0.042 0.053 0.066 0.04 0.063 0.056 0.065 0.101 0.057 0.056 0.068 0.074 0.099 0.075 0.085;0.042 0.066 0.056 0.057 0.074 0.053 0.04 0.063 0.065 0.056 0.099 0.101 0.075 0.068 0.085;
0.036 0.051 0.06 0.059 0.103 0.064 0.036 0.087 0.041 0.066 0.076 0.077 0.078 0.086 0.08;0.036 0.051 0.064 0.036 0.087 0.06 0.059 0.103 0.041 0.066 0.076 0.077 0.086 0.078 0.08;0.036 0.064 0.06 0.041 0.077 0.051 0.036 0.087 0.059 0.066 0.086 0.103 0.078 0.076 0.08;
0.045 0.066 0.061 0.056 0.106 0.05 0.045 0.081 0.05 0.059 0.065 0.079 0.07 0.104 0.063;0.045 0.066 0.05 0.045 0.081 0.061 0.056 0.106 0.05 0.059 0.065 0.079 0.104 0.07 0.063;0.045 0.05 0.061 0.05 0.079 0.066 0.045 0.081 0.056 0.059 0.104 0.106 0.07 0.065 0.063;
0.041 0.056 0.067 0.068 0.083 0.066 0.042 0.073 0.041 0.063 0.081 0.078 0.085 0.093 0.063;0.041 0.056 0.066 0.042 0.073 0.067 0.068 0.083 0.041 0.063 0.081 0.078 0.093 0.085 0.063;0.041 0.066 0.067 0.041 0.078 0.056 0.042 0.073 0.068 0.063 0.093 0.083 0.085 0.081 0.063;
0.036 0.041 0.063 0.089 0.081 0.067 0.045 0.078 0.052 0.066 0.071 0.077 0.075 0.091 0.068;0.036 0.041 0.067 0.045 0.078 0.063 0.089 0.081 0.052 0.066 0.071 0.077 0.091 0.075 0.068;0.036 0.067 0.063 0.052 0.077 0.041 0.045 0.078 0.089 0.066 0.091 0.081 0.075 0.071 0.068;
0.031 0.055 0.055 0.075 0.103 0.053 0.046 0.07 0.033 0.055 0.081 0.085 0.081 0.1 0.077;0.031 0.055 0.053 0.046 0.07 0.055 0.075 0.103 0.033 0.055 0.081 0.085 0.1 0.081 0.077;0.031 0.053 0.055 0.033 0.085 0.055 0.046 0.07 0.075 0.055 0.1 0.103 0.081 0.081 0.077;
0.039 0.057 0.065 0.068 0.103 0.063 0.052 0.072 0.05 0.066 0.085 0.075 0.07 0.076 0.059;0.039 0.057 0.063 0.052 0.072 0.065 0.068 0.103 0.05 0.066 0.085 0.075 0.076 0.07 0.059;0.039 0.063 0.065 0.05 0.075 0.057 0.052 0.072 0.068 0.066 0.076 0.103 0.07 0.085 0.059;
0.031 0.074 0.061 0.057 0.103 0.065 0.039 0.072 0.036 0.066 0.07 0.073 0.086 0.099 0.068;0.031 0.074 0.065 0.039 0.072 0.061 0.057 0.103 0.036 0.066 0.07 0.073 0.099 0.086 0.068;0.031 0.065 0.061 0.036 0.073 0.074 0.039 0.072 0.057 0.066 0.099 0.103 0.086 0.07 0.068;
0.038 0.055 0.072 0.069 0.069 0.059 0.051 0.062 0.044 0.078 0.086 0.081 0.065 0.103 0.068;0.038 0.055 0.059 0.051 0.062 0.072 0.069 0.069 0.044 0.078 0.086 0.081 0.103 0.065 0.068;0.038 0.059 0.072 0.044 0.081 0.055 0.051 0.062 0.069 0.078 0.103 0.069 0.065 0.086 0.068;
0.03 0.071 0.049 0.051 0.095 0.067 0.04 0.077 0.035 0.052 0.072 0.09 0.092 0.096 0.083;0.03 0.071 0.067 0.04 0.077 0.049 0.051 0.095 0.035 0.052 0.072 0.09 0.096 0.092 0.083;0.03 0.067 0.049 0.035 0.09 0.071 0.04 0.077 0.051 0.052 0.096 0.095 0.092 0.072 0.083;
0.037 0.06 0.056 0.057 0.106 0.047 0.047 0.076 0.046 0.078 0.074 0.083 0.075 0.094 0.064;0.037 0.06 0.047 0.047 0.076 0.056 0.057 0.106 0.046 0.078 0.074 0.083 0.094 0.075 0.064;0.037 0.047 0.056 0.046 0.083 0.06 0.047 0.076 0.057 0.078 0.094 0.106 0.075 0.074 0.064;
0.033 0.054 0.056 0.084 0.075 0.053 0.04 0.074 0.043 0.061 0.092 0.083 0.093 0.094 0.065;0.033 0.054 0.053 0.04 0.074 0.056 0.084 0.075 0.043 0.061 0.092 0.083 0.094 0.093 0.065;0.033 0.053 0.056 0.043 0.083 0.054 0.04 0.074 0.084 0.061 0.094 0.075 0.093 0.092 0.065;
0.044 0.053 0.074 0.064 0.088 0.08 0.045 0.064 0.035 0.072 0.067 0.072 0.082 0.1 0.06;0.044 0.053 0.08 0.045 0.064 0.074 0.064 0.088 0.035 0.072 0.067 0.072 0.1 0.082 0.06;0.044 0.08 0.074 0.035 0.072 0.053 0.045 0.064 0.064 0.072 0.1 0.088 0.082 0.067 0.06;
0.037 0.063 0.063 0.073 0.098 0.058 0.049 0.077 0.037 0.06 0.08 0.065 0.062 0.094 0.084;0.037 0.063 0.058 0.049 0.077 0.063 0.073 0.098 0.037 0.06 0.08 0.065 0.094 0.062 0.084;0.037 0.058 0.063 0.037 0.065 0.063 0.049 0.077 0.073 0.06 0.094 0.098 0.062 0.08 0.084;
0.042 0.06 0.064 0.066 0.107 0.043 0.04 0.078 0.045 0.062 0.065 0.087 0.077 0.087 0.077;0.042 0.06 0.043 0.04 0.078 0.064 0.066 0.107 0.045 0.062 0.065 0.087 0.087 0.077 0.077;0.042 0.043 0.064 0.045 0.087 0.06 0.04 0.078 0.066 0.062 0.087 0.107 0.077 0.065 0.077;
0.041 0.053 0.055 0.067 0.08 0.046 0.039 0.09 0.044 0.071 0.071 0.076 0.095 0.095 0.077;0.041 0.053 0.046 0.039 0.09 0.055 0.067 0.08 0.044 0.071 0.071 0.076 0.095 0.095 0.077;0.041 0.046 0.055 0.044 0.076 0.053 0.039 0.09 0.067 0.071 0.095 0.08 0.095 0.071 0.077;
0.042 0.056 0.059 0.064 0.108 0.06 0.047 0.074 0.05 0.049 0.076 0.071 0.081 0.094 0.069;0.042 0.056 0.06 0.047 0.074 0.059 0.064 0.108 0.05 0.049 0.076 0.071 0.094 0.081 0.069;0.042 0.06 0.059 0.05 0.071 0.056 0.047 0.074 0.064 0.049 0.094 0.108 0.081 0.076 0.069;
0.04 0.063 0.06 0.067 0.105 0.056 0.048 0.071 0.039 0.058 0.075 0.07 0.084 0.1 0.064;0.04 0.063 0.056 0.048 0.071 0.06 0.067 0.105 0.039 0.058 0.075 0.07 0.1 0.084 0.064;0.04 0.056 0.06 0.039 0.07 0.063 0.048 0.071 0.067 0.058 0.1 0.105 0.084 0.075 0.064;
0.034 0.061 0.081 0.067 0.102 0.063 0.032 0.063 0.038 0.059 0.076 0.065 0.092 0.099 0.068;0.034 0.061 0.063 0.032 0.063 0.081 0.067 0.102 0.038 0.059 0.076 0.065 0.099 0.092 0.068;0.034 0.063 0.081 0.038 0.065 0.061 0.032 0.063 0.067 0.059 0.099 0.102 0.092 0.076 0.068;
0.039 0.067 0.069 0.076 0.092 0.068 0.035 0.074 0.05 0.067 0.051 0.056 0.085 0.102 0.069;0.039 0.067 0.068 0.035 0.074 0.069 0.076 0.092 0.05 0.067 0.051 0.056 0.102 0.085 0.069;0.039 0.068 0.069 0.05 0.056 0.067 0.035 0.074 0.076 0.067 0.102 0.092 0.085 0.051 0.069;
0.043 0.066 0.067 0.058 0.094 0.048 0.037 0.073 0.043 0.076 0.077 0.08 0.065 0.096 0.077;0.043 0.066 0.048 0.037 0.073 0.067 0.058 0.094 0.043 0.076 0.077 0.08 0.096 0.065 0.077;0.043 0.048 0.067 0.043 0.08 0.066 0.037 0.073 0.058 0.076 0.096 0.094 0.065 0.077 0.077;
0.041 0.054 0.06 0.074 0.092 0.059 0.037 0.078 0.036 0.085 0.058 0.079 0.075 0.103 0.069;0.041 0.054 0.059 0.037 0.078 0.06 0.074 0.092 0.036 0.085 0.058 0.079 0.103 0.075 0.069;0.041 0.059 0.06 0.036 0.079 0.054 0.037 0.078 0.074 0.085 0.103 0.092 0.075 0.058 0.069;
0.041 0.065 0.059 0.083 0.089 0.053 0.031 0.069 0.043 0.076 0.075 0.081 0.078 0.088 0.069;0.041 0.065 0.053 0.031 0.069 0.059 0.083 0.089 0.043 0.076 0.075 0.081 0.088 0.078 0.069;0.041 0.053 0.059 0.043 0.081 0.065 0.031 0.069 0.083 0.076 0.088 0.089 0.078 0.075 0.069;
0.039 0.07 0.067 0.051 0.098 0.066 0.035 0.074 0.043 0.043 0.072 0.079 0.089 0.101 0.073;0.039 0.07 0.066 0.035 0.074 0.067 0.051 0.098 0.043 0.043 0.072 0.079 0.101 0.089 0.073;0.039 0.066 0.067 0.043 0.079 0.07 0.035 0.074 0.051 0.043 0.101 0.098 0.089 0.072 0.073;
0.048 0.072 0.058 0.059 0.1 0.067 0.031 0.059 0.056 0.069 0.068 0.071 0.071 0.095 0.076;0.048 0.072 0.067 0.031 0.059 0.058 0.059 0.1 0.056 0.069 0.068 0.071 0.095 0.071 0.076;0.048 0.067 0.058 0.056 0.071 0.072 0.031 0.059 0.059 0.069 0.095 0.1 0.071 0.068 0.076;
0.029 0.056 0.054 0.069 0.096 0.062 0.041 0.072 0.042 0.08 0.074 0.065 0.094 0.093 0.073;0.029 0.056 0.062 0.041 0.072 0.054 0.069 0.096 0.042 0.08 0.074 0.065 0.093 0.094 0.073;0.029 0.062 0.054 0.042 0.065 0.056 0.041 0.072 0.069 0.08 0.093 0.096 0.094 0.074 0.073;
0.03 0.058 0.056 0.072 0.111 0.063 0.043 0.061 0.045 0.068 0.079 0.062 0.076 0.092 0.084;0.03 0.058 0.063 0.043 0.061 0.056 0.072 0.111 0.045 0.068 0.079 0.062 0.092 0.076 0.084;0.03 0.063 0.056 0.045 0.062 0.058 0.043 0.061 0.072 0.068 0.092 0.111 0.076 0.079 0.084;
0.044 0.059 0.07 0.064 0.095 0.061 0.043 0.052 0.041 0.085 0.074 0.086 0.073 0.101 0.052;0.044 0.059 0.061 0.043 0.052 0.07 0.064 0.095 0.041 0.085 0.074 0.086 0.101 0.073 0.052;0.044 0.061 0.07 0.041 0.086 0.059 0.043 0.052 0.064 0.085 0.101 0.095 0.073 0.074 0.052;
0.04 0.052 0.079 0.069 0.102 0.054 0.039 0.081 0.038 0.056 0.059 0.07 0.07 0.098 0.093;0.04 0.052 0.054 0.039 0.081 0.079 0.069 0.102 0.038 0.056 0.059 0.07 0.098 0.07 0.093;0.04 0.054 0.079 0.038 0.07 0.052 0.039 0.081 0.069 0.056 0.098 0.102 0.07 0.059 0.093;
0.043 0.059 0.061 0.061 0.099 0.057 0.043 0.069 0.046 0.066 0.077 0.072 0.073 0.093 0.081;0.043 0.059 0.057 0.043 0.069 0.061 0.061 0.099 0.046 0.066 0.077 0.072 0.093 0.073 0.081;0.043 0.057 0.061 0.046 0.072 0.059 0.043 0.069 0.061 0.066 0.093 0.099 0.073 0.077 0.081;
0.06 0.062 0.047 0.057 0.093 0.056 0.043 0.073 0.035 0.062 0.076 0.09 0.085 0.083 0.078;0.06 0.062 0.056 0.043 0.073 0.047 0.057 0.093 0.035 0.062 0.076 0.09 0.083 0.085 0.078;0.06 0.056 0.047 0.035 0.09 0.062 0.043 0.073 0.057 0.062 0.083 0.093 0.085 0.076 0.078;
0.049 0.055 0.064 0.069 0.082 0.057 0.036 0.064 0.048 0.065 0.089 0.087 0.072 0.101 0.062;0.049 0.055 0.057 0.036 0.064 0.064 0.069 0.082 0.048 0.065 0.089 0.087 0.101 0.072 0.062;0.049 0.057 0.064 0.048 0.087 0.055 0.036 0.064 0.069 0.065 0.101 0.082 0.072 0.089 0.062;
0.029 0.059 0.048 0.076 0.09 0.053 0.041 0.088 0.037 0.06 0.073 0.071 0.106 0.099 0.07;0.029 0.059 0.053 0.041 0.088 0.048 0.076 0.09 0.037 0.06 0.073 0.071 0.099 0.106 0.07;0.029 0.053 0.048 0.037 0.071 0.059 0.041 0.088 0.076 0.06 0.099 0.09 0.106 0.073 0.07;
0.042 0.052 0.059 0.068 0.083 0.053 0.034 0.08 0.041 0.058 0.09 0.074 0.076 0.113 0.077;0.042 0.052 0.053 0.034 0.08 0.059 0.068 0.083 0.041 0.058 0.09 0.074 0.113 0.076 0.077;0.042 0.053 0.059 0.041 0.074 0.052 0.034 0.08 0.068 0.058 0.113 0.083 0.076 0.09 0.077;
0.042 0.055 0.058 0.066 0.093 0.054 0.042 0.075 0.041 0.064 0.081 0.068 0.09 0.091 0.08;0.042 0.055 0.054 0.042 0.075 0.058 0.066 0.093 0.041 0.064 0.081 0.068 0.091 0.09 0.08;0.042 0.054 0.058 0.041 0.068 0.055 0.042 0.075 0.066 0.064 0.091 0.093 0.09 0.081 0.08;
0.034 0.06 0.05 0.081 0.092 0.053 0.047 0.061 0.043 0.073 0.078 0.076 0.078 0.102 0.072;0.034 0.06 0.053 0.047 0.061 0.05 0.081 0.092 0.043 0.073 0.078 0.076 0.102 0.078 0.072;0.034 0.053 0.05 0.043 0.076 0.06 0.047 0.061 0.081 0.073 0.102 0.092 0.078 0.078 0.072;
0.04 0.057 0.055 0.063 0.09 0.052 0.04 0.067 0.038 0.079 0.09 0.085 0.077 0.096 0.071;0.04 0.057 0.052 0.04 0.067 0.055 0.063 0.09 0.038 0.079 0.09 0.085 0.096 0.077 0.071;0.04 0.052 0.055 0.038 0.085 0.057 0.04 0.067 0.063 0.079 0.096 0.09 0.077 0.09 0.071;
0.045 0.061 0.065 0.073 0.099 0.044 0.044 0.075 0.036 0.065 0.069 0.08 0.077 0.099 0.068;0.045 0.061 0.044 0.044 0.075 0.065 0.073 0.099 0.036 0.065 0.069 0.08 0.099 0.077 0.068;0.045 0.044 0.065 0.036 0.08 0.061 0.044 0.075 0.073 0.065 0.099 0.099 0.077 0.069 0.068;
0.039 0.069 0.043 0.061 0.097 0.068 0.043 0.076 0.049 0.064 0.079 0.061 0.08 0.107 0.064;0.039 0.069 0.068 0.043 0.076 0.043 0.061 0.097 0.049 0.064 0.079 0.061 0.107 0.08 0.064;0.039 0.068 0.043 0.049 0.061 0.069 0.043 0.076 0.061 0.064 0.107 0.097 0.08 0.079 0.064;
0.033 0.051 0.062 0.07 0.107 0.066 0.03 0.057 0.046 0.061 0.085 0.078 0.091 0.082 0.081;0.033 0.051 0.066 0.03 0.057 0.062 0.07 0.107 0.046 0.061 0.085 0.078 0.082 0.091 0.081;0.033 0.066 0.062 0.046 0.078 0.051 0.03 0.057 0.07 0.061 0.082 0.107 0.091 0.085 0.081;
0.04 0.043 0.064 0.074 0.091 0.064 0.035 0.092 0.043 0.068 0.079 0.075 0.079 0.083 0.07;0.04 0.043 0.064 0.035 0.092 0.064 0.074 0.091 0.043 0.068 0.079 0.075 0.083 0.079 0.07;0.04 0.064 0.064 0.043 0.075 0.043 0.035 0.092 0.074 0.068 0.083 0.091 0.079 0.079 0.07;
0.039 0.058 0.075 0.058 0.109 0.056 0.034 0.066 0.041 0.067 0.078 0.065 0.087 0.089 0.078;0.039 0.058 0.056 0.034 0.066 0.075 0.058 0.109 0.041 0.067 0.078 0.065 0.089 0.087 0.078;0.039 0.056 0.075 0.041 0.065 0.058 0.034 0.066 0.058 0.067 0.089 0.109 0.087 0.078 0.078;
0.043 0.059 0.048 0.062 0.111 0.062 0.037 0.088 0.04 0.061 0.076 0.079 0.066 0.098 0.07;0.043 0.059 0.062 0.037 0.088 0.048 0.062 0.111 0.04 0.061 0.076 0.079 0.098 0.066 0.07;0.043 0.062 0.048 0.04 0.079 0.059 0.037 0.088 0.062 0.061 0.098 0.111 0.066 0.076 0.07;
0.034 0.055 0.061 0.066 0.103 0.063 0.039 0.064 0.038 0.071 0.09 0.067 0.087 0.098 0.064;0.034 0.055 0.063 0.039 0.064 0.061 0.066 0.103 0.038 0.071 0.09 0.067 0.098 0.087 0.064;0.034 0.063 0.061 0.038 0.067 0.055 0.039 0.064 0.066 0.071 0.098 0.103 0.087 0.09 0.064;
0.037 0.059 0.056 0.072 0.087 0.066 0.039 0.083 0.046 0.072 0.061 0.074 0.079 0.095 0.074;0.037 0.059 0.066 0.039 0.083 0.056 0.072 0.087 0.046 0.072 0.061 0.074 0.095 0.079 0.074;0.037 0.066 0.056 0.046 0.074 0.059 0.039 0.083 0.072 0.072 0.095 0.087 0.079 0.061 0.074;
0.039 0.066 0.06 0.066 0.098 0.067 0.043 0.064 0.041 0.064 0.081 0.074 0.061 0.095 0.081;0.039 0.066 0.067 0.043 0.064 0.06 0.066 0.098 0.041 0.064 0.081 0.074 0.095 0.061 0.081;0.039 0.067 0.06 0.041 0.074 0.066 0.043 0.064 0.066 0.064 0.095 0.098 0.061 0.081 0.081;
0.037 0.054 0.056 0.084 0.1 0.051 0.037 0.07 0.044 0.055 0.086 0.081 0.082 0.086 0.077;0.037 0.054 0.051 0.037 0.07 0.056 0.084 0.1 0.044 0.055 0.086 0.081 0.086 0.082 0.077;0.037 0.051 0.056 0.044 0.081 0.054 0.037 0.07 0.084 0.055 0.086 0.1 0.082 0.086 0.077;
0.039 0.061 0.061 0.069 0.089 0.055 0.043 0.069 0.044 0.08 0.079 0.084 0.08 0.085 0.062;0.039 0.061 0.055 0.043 0.069 0.061 0.069 0.089 0.044 0.08 0.079 0.084 0.085 0.08 0.062;0.039 0.055 0.061 0.044 0.084 0.061 0.043 0.069 0.069 0.08 0.085 0.089 0.08 0.079 0.062;
0.042 0.061 0.062 0.063 0.09 0.078 0.047 0.068 0.038 0.056 0.066 0.084 0.082 0.098 0.065;0.042 0.061 0.078 0.047 0.068 0.062 0.063 0.09 0.038 0.056 0.066 0.084 0.098 0.082 0.065;0.042 0.078 0.062 0.038 0.084 0.061 0.047 0.068 0.063 0.056 0.098 0.09 0.082 0.066 0.065];