pntP=[0.063 0.048 0.119 0.045 0.046 0.042 0.071 0.047 0.037 0.116 0.063 0.055 0.135 0.063 0.05;0.063 0.048 0.042 0.071 0.047 0.119 0.045 0.046 0.037 0.116 0.063 0.055 0.063 0.135 0.05;0.063 0.042 0.119 0.037 0.055 0.048 0.071 0.047 0.045 0.116 0.063 0.046 0.135 0.063 0.05;
0.064 0.029 0.122 0.042 0.06 0.039 0.079 0.051 0.034 0.103 0.059 0.056 0.146 0.074 0.042;0.064 0.029 0.039 0.079 0.051 0.122 0.042 0.06 0.034 0.103 0.059 0.056 0.074 0.146 0.042;0.064 0.039 0.122 0.034 0.056 0.029 0.079 0.051 0.042 0.103 0.074 0.06 0.146 0.059 0.042;
0.065 0.029 0.128 0.041 0.078 0.024 0.075 0.047 0.03 0.103 0.051 0.048 0.161 0.073 0.047;0.065 0.029 0.024 0.075 0.047 0.128 0.041 0.078 0.03 0.103 0.051 0.048 0.073 0.161 0.047;0.065 0.024 0.128 0.03 0.048 0.029 0.075 0.047 0.041 0.103 0.073 0.078 0.161 0.051 0.047;
0.06 0.042 0.105 0.038 0.055 0.035 0.058 0.059 0.028 0.13 0.06 0.055 0.158 0.069 0.048;0.06 0.042 0.035 0.058 0.059 0.105 0.038 0.055 0.028 0.13 0.06 0.055 0.069 0.158 0.048;0.06 0.035 0.105 0.028 0.055 0.042 0.058 0.059 0.038 0.13 0.069 0.055 0.158 0.06 0.048;
0.072 0.036 0.131 0.041 0.06 0.034 0.084 0.049 0.026 0.113 0.048 0.049 0.149 0.064 0.044;0.072 0.036 0.034 0.084 0.049 0.131 0.041 0.06 0.026 0.113 0.048 0.049 0.064 0.149 0.044;0.072 0.034 0.131 0.026 0.049 0.036 0.084 0.049 0.041 0.113 0.064 0.06 0.149 0.048 0.044;
0.051 0.042 0.125 0.047 0.053 0.039 0.068 0.045 0.026 0.127 0.064 0.054 0.16 0.057 0.042;0.051 0.042 0.039 0.068 0.045 0.125 0.047 0.053 0.026 0.127 0.064 0.054 0.057 0.16 0.042;0.051 0.039 0.125 0.026 0.054 0.042 0.068 0.045 0.047 0.127 0.057 0.053 0.16 0.064 0.042;
0.054 0.017 0.136 0.04 0.06 0.038 0.087 0.044 0.022 0.13 0.055 0.056 0.148 0.066 0.047;0.054 0.017 0.038 0.087 0.044 0.136 0.04 0.06 0.022 0.13 0.055 0.056 0.066 0.148 0.047;0.054 0.038 0.136 0.022 0.056 0.017 0.087 0.044 0.04 0.13 0.066 0.06 0.148 0.055 0.047;
0.073 0.029 0.108 0.041 0.05 0.031 0.083 0.047 0.026 0.104 0.06 0.052 0.168 0.083 0.045;0.073 0.029 0.031 0.083 0.047 0.108 0.041 0.05 0.026 0.104 0.06 0.052 0.083 0.168 0.045;0.073 0.031 0.108 0.026 0.052 0.029 0.083 0.047 0.041 0.104 0.083 0.05 0.168 0.06 0.045;
0.056 0.041 0.106 0.049 0.06 0.03 0.081 0.06 0.031 0.115 0.064 0.04 0.139 0.077 0.051;0.056 0.041 0.03 0.081 0.06 0.106 0.049 0.06 0.031 0.115 0.064 0.04 0.077 0.139 0.051;0.056 0.03 0.106 0.031 0.04 0.041 0.081 0.06 0.049 0.115 0.077 0.06 0.139 0.064 0.051;
0.054 0.035 0.131 0.037 0.053 0.043 0.07 0.039 0.032 0.115 0.058 0.061 0.157 0.065 0.05;0.054 0.035 0.043 0.07 0.039 0.131 0.037 0.053 0.032 0.115 0.058 0.061 0.065 0.157 0.05;0.054 0.043 0.131 0.032 0.061 0.035 0.07 0.039 0.037 0.115 0.065 0.053 0.157 0.058 0.05;
0.07 0.04 0.111 0.039 0.07 0.042 0.074 0.037 0.026 0.111 0.047 0.053 0.158 0.066 0.056;0.07 0.04 0.042 0.074 0.037 0.111 0.039 0.07 0.026 0.111 0.047 0.053 0.066 0.158 0.056;0.07 0.042 0.111 0.026 0.053 0.04 0.074 0.037 0.039 0.111 0.066 0.07 0.158 0.047 0.056;
0.072 0.033 0.122 0.048 0.064 0.034 0.083 0.031 0.033 0.115 0.061 0.065 0.13 0.069 0.04;0.072 0.033 0.034 0.083 0.031 0.122 0.048 0.064 0.033 0.115 0.061 0.065 0.069 0.13 0.04;0.072 0.034 0.122 0.033 0.065 0.033 0.083 0.031 0.048 0.115 0.069 0.064 0.13 0.061 0.04;
0.065 0.032 0.118 0.049 0.053 0.027 0.082 0.057 0.031 0.115 0.054 0.053 0.158 0.056 0.05;0.065 0.032 0.027 0.082 0.057 0.118 0.049 0.053 0.031 0.115 0.054 0.053 0.056 0.158 0.05;0.065 0.027 0.118 0.031 0.053 0.032 0.082 0.057 0.049 0.115 0.056 0.053 0.158 0.054 0.05;
0.067 0.036 0.117 0.044 0.056 0.037 0.078 0.044 0.021 0.116 0.059 0.062 0.167 0.062 0.034;0.067 0.036 0.037 0.078 0.044 0.117 0.044 0.056 0.021 0.116 0.059 0.062 0.062 0.167 0.034;0.067 0.037 0.117 0.021 0.062 0.036 0.078 0.044 0.044 0.116 0.062 0.056 0.167 0.059 0.034;
0.066 0.037 0.113 0.049 0.058 0.036 0.097 0.045 0.038 0.117 0.043 0.058 0.117 0.065 0.061;0.066 0.037 0.036 0.097 0.045 0.113 0.049 0.058 0.038 0.117 0.043 0.058 0.065 0.117 0.061;0.066 0.036 0.113 0.038 0.058 0.037 0.097 0.045 0.049 0.117 0.065 0.058 0.117 0.043 0.061;
0.07 0.048 0.094 0.053 0.072 0.035 0.063 0.052 0.036 0.124 0.043 0.05 0.15 0.062 0.048;0.07 0.048 0.035 0.063 0.052 0.094 0.053 0.072 0.036 0.124 0.043 0.05 0.062 0.15 0.048;0.07 0.035 0.094 0.036 0.05 0.048 0.063 0.052 0.053 0.124 0.062 0.072 0.15 0.043 0.048;
0.07 0.034 0.127 0.041 0.075 0.041 0.064 0.043 0.024 0.122 0.05 0.063 0.151 0.051 0.044;0.07 0.034 0.041 0.064 0.043 0.127 0.041 0.075 0.024 0.122 0.05 0.063 0.051 0.151 0.044;0.07 0.041 0.127 0.024 0.063 0.034 0.064 0.043 0.041 0.122 0.051 0.075 0.151 0.05 0.044;
0.061 0.044 0.108 0.042 0.078 0.049 0.065 0.045 0.036 0.105 0.062 0.045 0.147 0.063 0.05;0.061 0.044 0.049 0.065 0.045 0.108 0.042 0.078 0.036 0.105 0.062 0.045 0.063 0.147 0.05;0.061 0.049 0.108 0.036 0.045 0.044 0.065 0.045 0.042 0.105 0.063 0.078 0.147 0.062 0.05;
0.074 0.023 0.133 0.051 0.054 0.03 0.067 0.052 0.035 0.113 0.053 0.04 0.162 0.069 0.044;0.074 0.023 0.03 0.067 0.052 0.133 0.051 0.054 0.035 0.113 0.053 0.04 0.069 0.162 0.044;0.074 0.03 0.133 0.035 0.04 0.023 0.067 0.052 0.051 0.113 0.069 0.054 0.162 0.053 0.044;
0.063 0.031 0.108 0.043 0.072 0.044 0.074 0.036 0.038 0.109 0.065 0.045 0.165 0.062 0.045;0.063 0.031 0.044 0.074 0.036 0.108 0.043 0.072 0.038 0.109 0.065 0.045 0.062 0.165 0.045;0.063 0.044 0.108 0.038 0.045 0.031 0.074 0.036 0.043 0.109 0.062 0.072 0.165 0.065 0.045;
0.061 0.039 0.117 0.044 0.059 0.046 0.078 0.051 0.027 0.116 0.047 0.058 0.15 0.062 0.045;0.061 0.039 0.046 0.078 0.051 0.117 0.044 0.059 0.027 0.116 0.047 0.058 0.062 0.15 0.045;0.061 0.046 0.117 0.027 0.058 0.039 0.078 0.051 0.044 0.116 0.062 0.059 0.15 0.047 0.045;
0.069 0.03 0.124 0.033 0.065 0.04 0.059 0.06 0.03 0.117 0.047 0.051 0.158 0.071 0.046;0.069 0.03 0.04 0.059 0.06 0.124 0.033 0.065 0.03 0.117 0.047 0.051 0.071 0.158 0.046;0.069 0.04 0.124 0.03 0.051 0.03 0.059 0.06 0.033 0.117 0.071 0.065 0.158 0.047 0.046;
0.074 0.04 0.15 0.046 0.056 0.031 0.067 0.052 0.037 0.111 0.055 0.047 0.128 0.06 0.046;0.074 0.04 0.031 0.067 0.052 0.15 0.046 0.056 0.037 0.111 0.055 0.047 0.06 0.128 0.046;0.074 0.031 0.15 0.037 0.047 0.04 0.067 0.052 0.046 0.111 0.06 0.056 0.128 0.055 0.046;
0.056 0.038 0.114 0.043 0.061 0.036 0.089 0.042 0.027 0.107 0.054 0.058 0.163 0.065 0.047;0.056 0.038 0.036 0.089 0.042 0.114 0.043 0.061 0.027 0.107 0.054 0.058 0.065 0.163 0.047;0.056 0.036 0.114 0.027 0.058 0.038 0.089 0.042 0.043 0.107 0.065 0.061 0.163 0.054 0.047;
0.047 0.03 0.127 0.043 0.064 0.045 0.064 0.053 0.023 0.137 0.054 0.049 0.15 0.066 0.048;0.047 0.03 0.045 0.064 0.053 0.127 0.043 0.064 0.023 0.137 0.054 0.049 0.066 0.15 0.048;0.047 0.045 0.127 0.023 0.049 0.03 0.064 0.053 0.043 0.137 0.066 0.064 0.15 0.054 0.048;
0.061 0.042 0.125 0.034 0.074 0.03 0.066 0.062 0.031 0.118 0.051 0.049 0.167 0.057 0.033;0.061 0.042 0.03 0.066 0.062 0.125 0.034 0.074 0.031 0.118 0.051 0.049 0.057 0.167 0.033;0.061 0.03 0.125 0.031 0.049 0.042 0.066 0.062 0.034 0.118 0.057 0.074 0.167 0.051 0.033;
0.067 0.04 0.122 0.045 0.061 0.038 0.082 0.044 0.031 0.104 0.056 0.06 0.158 0.056 0.036;0.067 0.04 0.038 0.082 0.044 0.122 0.045 0.061 0.031 0.104 0.056 0.06 0.056 0.158 0.036;0.067 0.038 0.122 0.031 0.06 0.04 0.082 0.044 0.045 0.104 0.056 0.061 0.158 0.056 0.036;
0.077 0.029 0.133 0.038 0.061 0.04 0.075 0.048 0.022 0.102 0.052 0.064 0.143 0.07 0.046;0.077 0.029 0.04 0.075 0.048 0.133 0.038 0.061 0.022 0.102 0.052 0.064 0.07 0.143 0.046;0.077 0.04 0.133 0.022 0.064 0.029 0.075 0.048 0.038 0.102 0.07 0.061 0.143 0.052 0.046;
0.056 0.044 0.122 0.043 0.058 0.043 0.065 0.054 0.029 0.113 0.063 0.051 0.148 0.071 0.04;0.056 0.044 0.043 0.065 0.054 0.122 0.043 0.058 0.029 0.113 0.063 0.051 0.071 0.148 0.04;0.056 0.043 0.122 0.029 0.051 0.044 0.065 0.054 0.043 0.113 0.071 0.058 0.148 0.063 0.04;
0.063 0.038 0.117 0.038 0.058 0.032 0.087 0.034 0.031 0.122 0.059 0.066 0.155 0.056 0.044;0.063 0.038 0.032 0.087 0.034 0.117 0.038 0.058 0.031 0.122 0.059 0.066 0.056 0.155 0.044;0.063 0.032 0.117 0.031 0.066 0.038 0.087 0.034 0.038 0.122 0.056 0.058 0.155 0.059 0.044;
0.06 0.046 0.114 0.043 0.072 0.03 0.07 0.049 0.026 0.119 0.044 0.06 0.153 0.076 0.038;0.06 0.046 0.03 0.07 0.049 0.114 0.043 0.072 0.026 0.119 0.044 0.06 0.076 0.153 0.038;0.06 0.03 0.114 0.026 0.06 0.046 0.07 0.049 0.043 0.119 0.076 0.072 0.153 0.044 0.038;
0.066 0.034 0.136 0.034 0.056 0.037 0.077 0.054 0.025 0.115 0.066 0.055 0.138 0.069 0.038;0.066 0.034 0.037 0.077 0.054 0.136 0.034 0.056 0.025 0.115 0.066 0.055 0.069 0.138 0.038;0.066 0.037 0.136 0.025 0.055 0.034 0.077 0.054 0.034 0.115 0.069 0.056 0.138 0.066 0.038;
0.077 0.035 0.125 0.042 0.058 0.033 0.086 0.055 0.035 0.104 0.038 0.054 0.137 0.061 0.06;0.077 0.035 0.033 0.086 0.055 0.125 0.042 0.058 0.035 0.104 0.038 0.054 0.061 0.137 0.06;0.077 0.033 0.125 0.035 0.054 0.035 0.086 0.055 0.042 0.104 0.061 0.058 0.137 0.038 0.06;
0.052 0.038 0.121 0.041 0.074 0.03 0.066 0.06 0.032 0.115 0.053 0.064 0.143 0.065 0.046;0.052 0.038 0.03 0.066 0.06 0.121 0.041 0.074 0.032 0.115 0.053 0.064 0.065 0.143 0.046;0.052 0.03 0.121 0.032 0.064 0.038 0.066 0.06 0.041 0.115 0.065 0.074 0.143 0.053 0.046;
0.074 0.04 0.112 0.042 0.051 0.031 0.054 0.042 0.033 0.127 0.054 0.051 0.172 0.069 0.048;0.074 0.04 0.031 0.054 0.042 0.112 0.042 0.051 0.033 0.127 0.054 0.051 0.069 0.172 0.048;0.074 0.031 0.112 0.033 0.051 0.04 0.054 0.042 0.042 0.127 0.069 0.051 0.172 0.054 0.048;
0.074 0.046 0.106 0.045 0.071 0.03 0.071 0.038 0.039 0.123 0.046 0.047 0.171 0.053 0.04;0.074 0.046 0.03 0.071 0.038 0.106 0.045 0.071 0.039 0.123 0.046 0.047 0.053 0.171 0.04;0.074 0.03 0.106 0.039 0.047 0.046 0.071 0.038 0.045 0.123 0.053 0.071 0.171 0.046 0.04;
0.077 0.061 0.105 0.053 0.063 0.031 0.073 0.055 0.036 0.116 0.041 0.049 0.137 0.053 0.05;0.077 0.061 0.031 0.073 0.055 0.105 0.053 0.063 0.036 0.116 0.041 0.049 0.053 0.137 0.05;0.077 0.031 0.105 0.036 0.049 0.061 0.073 0.055 0.053 0.116 0.053 0.063 0.137 0.041 0.05;
0.062 0.027 0.114 0.032 0.074 0.04 0.068 0.046 0.031 0.116 0.06 0.061 0.141 0.074 0.054;0.062 0.027 0.04 0.068 0.046 0.114 0.032 0.074 0.031 0.116 0.06 0.061 0.074 0.141 0.054;0.062 0.04 0.114 0.031 0.061 0.027 0.068 0.046 0.032 0.116 0.074 0.074 0.141 0.06 0.054;
0.05 0.039 0.131 0.037 0.074 0.027 0.084 0.055 0.023 0.107 0.056 0.048 0.172 0.059 0.038;0.05 0.039 0.027 0.084 0.055 0.131 0.037 0.074 0.023 0.107 0.056 0.048 0.059 0.172 0.038;0.05 0.027 0.131 0.023 0.048 0.039 0.084 0.055 0.037 0.107 0.059 0.074 0.172 0.056 0.038;
0.076 0.03 0.116 0.037 0.062 0.04 0.067 0.053 0.03 0.111 0.067 0.062 0.139 0.06 0.05;0.076 0.03 0.04 0.067 0.053 0.116 0.037 0.062 0.03 0.111 0.067 0.062 0.06 0.139 0.05;0.076 0.04 0.116 0.03 0.062 0.03 0.067 0.053 0.037 0.111 0.06 0.062 0.139 0.067 0.05;
0.063 0.03 0.146 0.036 0.075 0.037 0.078 0.049 0.031 0.113 0.061 0.046 0.134 0.06 0.041;0.063 0.03 0.037 0.078 0.049 0.146 0.036 0.075 0.031 0.113 0.061 0.046 0.06 0.134 0.041;0.063 0.037 0.146 0.031 0.046 0.03 0.078 0.049 0.036 0.113 0.06 0.075 0.134 0.061 0.041;
0.055 0.038 0.121 0.043 0.077 0.032 0.085 0.041 0.031 0.109 0.053 0.063 0.136 0.07 0.046;0.055 0.038 0.032 0.085 0.041 0.121 0.043 0.077 0.031 0.109 0.053 0.063 0.07 0.136 0.046;0.055 0.032 0.121 0.031 0.063 0.038 0.085 0.041 0.043 0.109 0.07 0.077 0.136 0.053 0.046;
0.063 0.033 0.12 0.04 0.048 0.04 0.093 0.037 0.026 0.124 0.06 0.053 0.156 0.07 0.037;0.063 0.033 0.04 0.093 0.037 0.12 0.04 0.048 0.026 0.124 0.06 0.053 0.07 0.156 0.037;0.063 0.04 0.12 0.026 0.053 0.033 0.093 0.037 0.04 0.124 0.07 0.048 0.156 0.06 0.037;
0.068 0.033 0.114 0.033 0.066 0.02 0.079 0.041 0.028 0.128 0.057 0.061 0.153 0.071 0.048;0.068 0.033 0.02 0.079 0.041 0.114 0.033 0.066 0.028 0.128 0.057 0.061 0.071 0.153 0.048;0.068 0.02 0.114 0.028 0.061 0.033 0.079 0.041 0.033 0.128 0.071 0.066 0.153 0.057 0.048;
0.064 0.04 0.12 0.036 0.086 0.032 0.082 0.046 0.02 0.11 0.059 0.047 0.141 0.07 0.047;0.064 0.04 0.032 0.082 0.046 0.12 0.036 0.086 0.02 0.11 0.059 0.047 0.07 0.141 0.047;0.064 0.032 0.12 0.02 0.047 0.04 0.082 0.046 0.036 0.11 0.07 0.086 0.141 0.059 0.047;
0.062 0.041 0.119 0.041 0.049 0.033 0.087 0.047 0.027 0.097 0.045 0.07 0.169 0.07 0.043;0.062 0.041 0.033 0.087 0.047 0.119 0.041 0.049 0.027 0.097 0.045 0.07 0.07 0.169 0.043;0.062 0.033 0.119 0.027 0.07 0.041 0.087 0.047 0.041 0.097 0.07 0.049 0.169 0.045 0.043;
0.06 0.026 0.113 0.042 0.064 0.046 0.073 0.047 0.033 0.117 0.06 0.053 0.157 0.075 0.034;0.06 0.026 0.046 0.073 0.047 0.113 0.042 0.064 0.033 0.117 0.06 0.053 0.075 0.157 0.034;0.06 0.046 0.113 0.033 0.053 0.026 0.073 0.047 0.042 0.117 0.075 0.064 0.157 0.06 0.034;
0.056 0.029 0.139 0.046 0.062 0.031 0.067 0.054 0.033 0.096 0.061 0.053 0.163 0.072 0.038;0.056 0.029 0.031 0.067 0.054 0.139 0.046 0.062 0.033 0.096 0.061 0.053 0.072 0.163 0.038;0.056 0.031 0.139 0.033 0.053 0.029 0.067 0.054 0.046 0.096 0.072 0.062 0.163 0.061 0.038;
0.052 0.029 0.119 0.053 0.066 0.034 0.066 0.049 0.028 0.103 0.061 0.051 0.167 0.068 0.054;0.052 0.029 0.034 0.066 0.049 0.119 0.053 0.066 0.028 0.103 0.061 0.051 0.068 0.167 0.054;0.052 0.034 0.119 0.028 0.051 0.029 0.066 0.049 0.053 0.103 0.068 0.066 0.167 0.061 0.054;
0.053 0.033 0.127 0.047 0.058 0.044 0.063 0.044 0.037 0.125 0.047 0.054 0.153 0.07 0.045;0.053 0.033 0.044 0.063 0.044 0.127 0.047 0.058 0.037 0.125 0.047 0.054 0.07 0.153 0.045;0.053 0.044 0.127 0.037 0.054 0.033 0.063 0.044 0.047 0.125 0.07 0.058 0.153 0.047 0.045;
0.065 0.045 0.117 0.037 0.069 0.038 0.083 0.041 0.025 0.129 0.038 0.056 0.152 0.057 0.048;0.065 0.045 0.038 0.083 0.041 0.117 0.037 0.069 0.025 0.129 0.038 0.056 0.057 0.152 0.048;0.065 0.038 0.117 0.025 0.056 0.045 0.083 0.041 0.037 0.129 0.057 0.069 0.152 0.038 0.048;
0.075 0.036 0.11 0.044 0.056 0.037 0.082 0.052 0.036 0.09 0.066 0.053 0.149 0.067 0.047;0.075 0.036 0.037 0.082 0.052 0.11 0.044 0.056 0.036 0.09 0.066 0.053 0.067 0.149 0.047;0.075 0.037 0.11 0.036 0.053 0.036 0.082 0.052 0.044 0.09 0.067 0.056 0.149 0.066 0.047;
0.065 0.042 0.108 0.038 0.062 0.053 0.081 0.04 0.033 0.129 0.056 0.037 0.153 0.064 0.039;0.065 0.042 0.053 0.081 0.04 0.108 0.038 0.062 0.033 0.129 0.056 0.037 0.064 0.153 0.039;0.065 0.053 0.108 0.033 0.037 0.042 0.081 0.04 0.038 0.129 0.064 0.062 0.153 0.056 0.039;
0.065 0.023 0.122 0.044 0.067 0.036 0.072 0.06 0.028 0.117 0.05 0.043 0.163 0.063 0.047;0.065 0.023 0.036 0.072 0.06 0.122 0.044 0.067 0.028 0.117 0.05 0.043 0.063 0.163 0.047;0.065 0.036 0.122 0.028 0.043 0.023 0.072 0.06 0.044 0.117 0.063 0.067 0.163 0.05 0.047;
0.062 0.035 0.121 0.037 0.061 0.041 0.079 0.064 0.021 0.117 0.051 0.058 0.139 0.07 0.044;0.062 0.035 0.041 0.079 0.064 0.121 0.037 0.061 0.021 0.117 0.051 0.058 0.07 0.139 0.044;0.062 0.041 0.121 0.021 0.058 0.035 0.079 0.064 0.037 0.117 0.07 0.061 0.139 0.051 0.044;
0.08 0.024 0.118 0.034 0.071 0.043 0.078 0.047 0.023 0.112 0.046 0.053 0.162 0.059 0.05;0.08 0.024 0.043 0.078 0.047 0.118 0.034 0.071 0.023 0.112 0.046 0.053 0.059 0.162 0.05;0.08 0.043 0.118 0.023 0.053 0.024 0.078 0.047 0.034 0.112 0.059 0.071 0.162 0.046 0.05;
0.068 0.035 0.119 0.04 0.061 0.044 0.06 0.05 0.032 0.111 0.059 0.049 0.14 0.075 0.057;0.068 0.035 0.044 0.06 0.05 0.119 0.04 0.061 0.032 0.111 0.059 0.049 0.075 0.14 0.057;0.068 0.044 0.119 0.032 0.049 0.035 0.06 0.05 0.04 0.111 0.075 0.061 0.14 0.059 0.057;
0.064 0.038 0.127 0.041 0.058 0.04 0.07 0.051 0.038 0.133 0.043 0.037 0.144 0.073 0.043;0.064 0.038 0.04 0.07 0.051 0.127 0.041 0.058 0.038 0.133 0.043 0.037 0.073 0.144 0.043;0.064 0.04 0.127 0.038 0.037 0.038 0.07 0.051 0.041 0.133 0.073 0.058 0.144 0.043 0.043;
0.072 0.031 0.11 0.052 0.066 0.041 0.082 0.044 0.027 0.113 0.056 0.052 0.143 0.067 0.044;0.072 0.031 0.041 0.082 0.044 0.11 0.052 0.066 0.027 0.113 0.056 0.052 0.067 0.143 0.044;0.072 0.041 0.11 0.027 0.052 0.031 0.082 0.044 0.052 0.113 0.067 0.066 0.143 0.056 0.044;
0.053 0.034 0.139 0.04 0.077 0.033 0.075 0.047 0.033 0.121 0.054 0.058 0.131 0.066 0.039;0.053 0.034 0.033 0.075 0.047 0.139 0.04 0.077 0.033 0.121 0.054 0.058 0.066 0.131 0.039;0.053 0.033 0.139 0.033 0.058 0.034 0.075 0.047 0.04 0.121 0.066 0.077 0.131 0.054 0.039;
0.06 0.039 0.135 0.042 0.049 0.03 0.092 0.041 0.031 0.113 0.063 0.05 0.15 0.059 0.046;0.06 0.039 0.03 0.092 0.041 0.135 0.042 0.049 0.031 0.113 0.063 0.05 0.059 0.15 0.046;0.06 0.03 0.135 0.031 0.05 0.039 0.092 0.041 0.042 0.113 0.059 0.049 0.15 0.063 0.046;
0.056 0.038 0.117 0.045 0.075 0.037 0.084 0.041 0.035 0.12 0.059 0.049 0.141 0.062 0.041;0.056 0.038 0.037 0.084 0.041 0.117 0.045 0.075 0.035 0.12 0.059 0.049 0.062 0.141 0.041;0.056 0.037 0.117 0.035 0.049 0.038 0.084 0.041 0.045 0.12 0.062 0.075 0.141 0.059 0.041;
0.057 0.037 0.118 0.043 0.069 0.036 0.067 0.052 0.034 0.137 0.057 0.047 0.139 0.055 0.052;0.057 0.037 0.036 0.067 0.052 0.118 0.043 0.069 0.034 0.137 0.057 0.047 0.055 0.139 0.052;0.057 0.036 0.118 0.034 0.047 0.037 0.067 0.052 0.043 0.137 0.055 0.069 0.139 0.057 0.052;
0.065 0.037 0.118 0.05 0.053 0.04 0.075 0.038 0.033 0.122 0.066 0.047 0.141 0.063 0.052;0.065 0.037 0.04 0.075 0.038 0.118 0.05 0.053 0.033 0.122 0.066 0.047 0.063 0.141 0.052;0.065 0.04 0.118 0.033 0.047 0.037 0.075 0.038 0.05 0.122 0.063 0.053 0.141 0.066 0.052;
0.061 0.031 0.122 0.045 0.059 0.032 0.087 0.05 0.042 0.134 0.053 0.047 0.134 0.062 0.041;0.061 0.031 0.032 0.087 0.05 0.122 0.045 0.059 0.042 0.134 0.053 0.047 0.062 0.134 0.041;0.061 0.032 0.122 0.042 0.047 0.031 0.087 0.05 0.045 0.134 0.062 0.059 0.134 0.053 0.041;
0.056 0.037 0.134 0.036 0.064 0.04 0.067 0.044 0.035 0.106 0.056 0.053 0.167 0.062 0.043;0.056 0.037 0.04 0.067 0.044 0.134 0.036 0.064 0.035 0.106 0.056 0.053 0.062 0.167 0.043;0.056 0.04 0.134 0.035 0.053 0.037 0.067 0.044 0.036 0.106 0.062 0.064 0.167 0.056 0.043;
0.067 0.03 0.101 0.042 0.068 0.036 0.073 0.048 0.027 0.121 0.046 0.058 0.157 0.081 0.045;0.067 0.03 0.036 0.073 0.048 0.101 0.042 0.068 0.027 0.121 0.046 0.058 0.081 0.157 0.045;0.067 0.036 0.101 0.027 0.058 0.03 0.073 0.048 0.042 0.121 0.081 0.068 0.157 0.046 0.045;
0.054 0.031 0.105 0.042 0.074 0.035 0.09 0.046 0.039 0.129 0.058 0.048 0.135 0.069 0.045;0.054 0.031 0.035 0.09 0.046 0.105 0.042 0.074 0.039 0.129 0.058 0.048 0.069 0.135 0.045;0.054 0.035 0.105 0.039 0.048 0.031 0.09 0.046 0.042 0.129 0.069 0.074 0.135 0.058 0.045;
0.073 0.042 0.132 0.039 0.069 0.031 0.063 0.039 0.025 0.131 0.05 0.049 0.143 0.069 0.045;0.073 0.042 0.031 0.063 0.039 0.132 0.039 0.069 0.025 0.131 0.05 0.049 0.069 0.143 0.045;0.073 0.031 0.132 0.025 0.049 0.042 0.063 0.039 0.039 0.131 0.069 0.069 0.143 0.05 0.045;
0.077 0.033 0.108 0.035 0.057 0.033 0.074 0.032 0.041 0.11 0.063 0.06 0.162 0.068 0.047;0.077 0.033 0.033 0.074 0.032 0.108 0.035 0.057 0.041 0.11 0.063 0.06 0.068 0.162 0.047;0.077 0.033 0.108 0.041 0.06 0.033 0.074 0.032 0.035 0.11 0.068 0.057 0.162 0.063 0.047;
0.054 0.036 0.107 0.047 0.066 0.034 0.08 0.045 0.034 0.112 0.054 0.049 0.173 0.056 0.053;0.054 0.036 0.034 0.08 0.045 0.107 0.047 0.066 0.034 0.112 0.054 0.049 0.056 0.173 0.053;0.054 0.034 0.107 0.034 0.049 0.036 0.08 0.045 0.047 0.112 0.056 0.066 0.173 0.054 0.053;
0.063 0.027 0.141 0.047 0.056 0.044 0.088 0.037 0.031 0.104 0.051 0.052 0.139 0.071 0.049;0.063 0.027 0.044 0.088 0.037 0.141 0.047 0.056 0.031 0.104 0.051 0.052 0.071 0.139 0.049;0.063 0.044 0.141 0.031 0.052 0.027 0.088 0.037 0.047 0.104 0.071 0.056 0.139 0.051 0.049;
0.069 0.034 0.106 0.027 0.063 0.046 0.062 0.043 0.03 0.128 0.067 0.058 0.149 0.063 0.055;0.069 0.034 0.046 0.062 0.043 0.106 0.027 0.063 0.03 0.128 0.067 0.058 0.063 0.149 0.055;0.069 0.046 0.106 0.03 0.058 0.034 0.062 0.043 0.027 0.128 0.063 0.063 0.149 0.067 0.055;
0.067 0.023 0.114 0.038 0.058 0.029 0.082 0.05 0.029 0.102 0.05 0.057 0.172 0.069 0.06;0.067 0.023 0.029 0.082 0.05 0.114 0.038 0.058 0.029 0.102 0.05 0.057 0.069 0.172 0.06;0.067 0.029 0.114 0.029 0.057 0.023 0.082 0.05 0.038 0.102 0.069 0.058 0.172 0.05 0.06;
0.07 0.044 0.123 0.023 0.063 0.04 0.09 0.035 0.032 0.128 0.055 0.053 0.139 0.06 0.045;0.07 0.044 0.04 0.09 0.035 0.123 0.023 0.063 0.032 0.128 0.055 0.053 0.06 0.139 0.045;0.07 0.04 0.123 0.032 0.053 0.044 0.09 0.035 0.023 0.128 0.06 0.063 0.139 0.055 0.045;
0.063 0.04 0.107 0.034 0.074 0.039 0.067 0.049 0.03 0.117 0.057 0.066 0.142 0.058 0.057;0.063 0.04 0.039 0.067 0.049 0.107 0.034 0.074 0.03 0.117 0.057 0.066 0.058 0.142 0.057;0.063 0.039 0.107 0.03 0.066 0.04 0.067 0.049 0.034 0.117 0.058 0.074 0.142 0.057 0.057;
0.063 0.037 0.143 0.044 0.061 0.033 0.074 0.049 0.02 0.121 0.047 0.046 0.153 0.061 0.048;0.063 0.037 0.033 0.074 0.049 0.143 0.044 0.061 0.02 0.121 0.047 0.046 0.061 0.153 0.048;0.063 0.033 0.143 0.02 0.046 0.037 0.074 0.049 0.044 0.121 0.061 0.061 0.153 0.047 0.048;
0.071 0.035 0.121 0.045 0.063 0.038 0.072 0.045 0.024 0.117 0.048 0.065 0.151 0.058 0.047;0.071 0.035 0.038 0.072 0.045 0.121 0.045 0.063 0.024 0.117 0.048 0.065 0.058 0.151 0.047;0.071 0.038 0.121 0.024 0.065 0.035 0.072 0.045 0.045 0.117 0.058 0.063 0.151 0.048 0.047;
0.062 0.029 0.121 0.042 0.076 0.031 0.073 0.043 0.03 0.109 0.053 0.066 0.145 0.064 0.056;0.062 0.029 0.031 0.073 0.043 0.121 0.042 0.076 0.03 0.109 0.053 0.066 0.064 0.145 0.056;0.062 0.031 0.121 0.03 0.066 0.029 0.073 0.043 0.042 0.109 0.064 0.076 0.145 0.053 0.056;
0.051 0.044 0.125 0.047 0.063 0.034 0.084 0.048 0.029 0.118 0.047 0.054 0.157 0.049 0.05;0.051 0.044 0.034 0.084 0.048 0.125 0.047 0.063 0.029 0.118 0.047 0.054 0.049 0.157 0.05;0.051 0.034 0.125 0.029 0.054 0.044 0.084 0.048 0.047 0.118 0.049 0.063 0.157 0.047 0.05;
0.067 0.031 0.109 0.036 0.058 0.042 0.073 0.047 0.032 0.125 0.06 0.051 0.151 0.064 0.054;0.067 0.031 0.042 0.073 0.047 0.109 0.036 0.058 0.032 0.125 0.06 0.051 0.064 0.151 0.054;0.067 0.042 0.109 0.032 0.051 0.031 0.073 0.047 0.036 0.125 0.064 0.058 0.151 0.06 0.054;
0.061 0.036 0.105 0.05 0.071 0.027 0.069 0.055 0.038 0.133 0.051 0.048 0.156 0.054 0.046;0.061 0.036 0.027 0.069 0.055 0.105 0.05 0.071 0.038 0.133 0.051 0.048 0.054 0.156 0.046;0.061 0.027 0.105 0.038 0.048 0.036 0.069 0.055 0.05 0.133 0.054 0.071 0.156 0.051 0.046;
0.07 0.039 0.122 0.032 0.063 0.039 0.064 0.053 0.038 0.115 0.058 0.06 0.142 0.068 0.037;0.07 0.039 0.039 0.064 0.053 0.122 0.032 0.063 0.038 0.115 0.058 0.06 0.068 0.142 0.037;0.07 0.039 0.122 0.038 0.06 0.039 0.064 0.053 0.032 0.115 0.068 0.063 0.142 0.058 0.037;
0.075 0.026 0.129 0.033 0.059 0.04 0.097 0.045 0.035 0.091 0.05 0.063 0.151 0.06 0.046;0.075 0.026 0.04 0.097 0.045 0.129 0.033 0.059 0.035 0.091 0.05 0.063 0.06 0.151 0.046;0.075 0.04 0.129 0.035 0.063 0.026 0.097 0.045 0.033 0.091 0.06 0.059 0.151 0.05 0.046;
0.068 0.037 0.112 0.034 0.069 0.022 0.076 0.053 0.028 0.117 0.052 0.065 0.143 0.069 0.055;0.068 0.037 0.022 0.076 0.053 0.112 0.034 0.069 0.028 0.117 0.052 0.065 0.069 0.143 0.055;0.068 0.022 0.112 0.028 0.065 0.037 0.076 0.053 0.034 0.117 0.069 0.069 0.143 0.052 0.055;
0.068 0.036 0.127 0.035 0.051 0.036 0.058 0.043 0.039 0.123 0.055 0.059 0.17 0.056 0.044;0.068 0.036 0.036 0.058 0.043 0.127 0.035 0.051 0.039 0.123 0.055 0.059 0.056 0.17 0.044;0.068 0.036 0.127 0.039 0.059 0.036 0.058 0.043 0.035 0.123 0.056 0.051 0.17 0.055 0.044;
0.065 0.033 0.122 0.038 0.061 0.035 0.077 0.042 0.038 0.126 0.062 0.063 0.14 0.054 0.044;0.065 0.033 0.035 0.077 0.042 0.122 0.038 0.061 0.038 0.126 0.062 0.063 0.054 0.14 0.044;0.065 0.035 0.122 0.038 0.063 0.033 0.077 0.042 0.038 0.126 0.054 0.061 0.14 0.062 0.044;
0.064 0.031 0.131 0.038 0.063 0.03 0.064 0.047 0.023 0.112 0.072 0.053 0.152 0.069 0.051;0.064 0.031 0.03 0.064 0.047 0.131 0.038 0.063 0.023 0.112 0.072 0.053 0.069 0.152 0.051;0.064 0.03 0.131 0.023 0.053 0.031 0.064 0.047 0.038 0.112 0.069 0.063 0.152 0.072 0.051;
0.05 0.038 0.102 0.053 0.06 0.033 0.085 0.061 0.036 0.118 0.04 0.057 0.153 0.056 0.058;0.05 0.038 0.033 0.085 0.061 0.102 0.053 0.06 0.036 0.118 0.04 0.057 0.056 0.153 0.058;0.05 0.033 0.102 0.036 0.057 0.038 0.085 0.061 0.053 0.118 0.056 0.06 0.153 0.04 0.058;
0.077 0.037 0.129 0.036 0.047 0.044 0.083 0.039 0.042 0.11 0.062 0.045 0.153 0.057 0.039;0.077 0.037 0.044 0.083 0.039 0.129 0.036 0.047 0.042 0.11 0.062 0.045 0.057 0.153 0.039;0.077 0.044 0.129 0.042 0.045 0.037 0.083 0.039 0.036 0.11 0.057 0.047 0.153 0.062 0.039;
0.063 0.042 0.114 0.046 0.057 0.031 0.083 0.05 0.028 0.12 0.047 0.046 0.156 0.064 0.053;0.063 0.042 0.031 0.083 0.05 0.114 0.046 0.057 0.028 0.12 0.047 0.046 0.064 0.156 0.053;0.063 0.031 0.114 0.028 0.046 0.042 0.083 0.05 0.046 0.12 0.064 0.057 0.156 0.047 0.053;
0.05 0.028 0.097 0.045 0.071 0.044 0.083 0.062 0.031 0.129 0.06 0.051 0.15 0.049 0.05;0.05 0.028 0.044 0.083 0.062 0.097 0.045 0.071 0.031 0.129 0.06 0.051 0.049 0.15 0.05;0.05 0.044 0.097 0.031 0.051 0.028 0.083 0.062 0.045 0.129 0.049 0.071 0.15 0.06 0.05;
0.069 0.03 0.139 0.042 0.084 0.042 0.063 0.043 0.03 0.097 0.049 0.065 0.137 0.066 0.044;0.069 0.03 0.042 0.063 0.043 0.139 0.042 0.084 0.03 0.097 0.049 0.065 0.066 0.137 0.044;0.069 0.042 0.139 0.03 0.065 0.03 0.063 0.043 0.042 0.097 0.066 0.084 0.137 0.049 0.044;
0.051 0.029 0.114 0.047 0.075 0.036 0.097 0.047 0.032 0.13 0.058 0.049 0.133 0.068 0.034;0.051 0.029 0.036 0.097 0.047 0.114 0.047 0.075 0.032 0.13 0.058 0.049 0.068 0.133 0.034;0.051 0.036 0.114 0.032 0.049 0.029 0.097 0.047 0.047 0.13 0.068 0.075 0.133 0.058 0.034;
0.075 0.036 0.112 0.053 0.059 0.028 0.064 0.055 0.042 0.111 0.062 0.059 0.151 0.048 0.045;0.075 0.036 0.028 0.064 0.055 0.112 0.053 0.059 0.042 0.111 0.062 0.059 0.048 0.151 0.045;0.075 0.028 0.112 0.042 0.059 0.036 0.064 0.055 0.053 0.111 0.048 0.059 0.151 0.062 0.045;
0.06 0.04 0.121 0.043 0.058 0.036 0.076 0.05 0.024 0.118 0.048 0.052 0.167 0.062 0.045;0.06 0.04 0.036 0.076 0.05 0.121 0.043 0.058 0.024 0.118 0.048 0.052 0.062 0.167 0.045;0.06 0.036 0.121 0.024 0.052 0.04 0.076 0.05 0.043 0.118 0.062 0.058 0.167 0.048 0.045;
0.047 0.043 0.106 0.033 0.063 0.043 0.073 0.059 0.035 0.118 0.045 0.055 0.143 0.077 0.06;0.047 0.043 0.043 0.073 0.059 0.106 0.033 0.063 0.035 0.118 0.045 0.055 0.077 0.143 0.06;0.047 0.043 0.106 0.035 0.055 0.043 0.073 0.059 0.033 0.118 0.077 0.063 0.143 0.045 0.06;
0.068 0.038 0.117 0.038 0.064 0.039 0.078 0.034 0.027 0.145 0.053 0.041 0.147 0.063 0.048;0.068 0.038 0.039 0.078 0.034 0.117 0.038 0.064 0.027 0.145 0.053 0.041 0.063 0.147 0.048;0.068 0.039 0.117 0.027 0.041 0.038 0.078 0.034 0.038 0.145 0.063 0.064 0.147 0.053 0.048;
0.064 0.038 0.12 0.047 0.078 0.038 0.067 0.051 0.026 0.115 0.051 0.04 0.162 0.056 0.047;0.064 0.038 0.038 0.067 0.051 0.12 0.047 0.078 0.026 0.115 0.051 0.04 0.056 0.162 0.047;0.064 0.038 0.12 0.026 0.04 0.038 0.067 0.051 0.047 0.115 0.056 0.078 0.162 0.051 0.047;
0.06 0.041 0.126 0.036 0.058 0.032 0.086 0.044 0.026 0.106 0.041 0.053 0.171 0.064 0.056;0.06 0.041 0.032 0.086 0.044 0.126 0.036 0.058 0.026 0.106 0.041 0.053 0.064 0.171 0.056;0.06 0.032 0.126 0.026 0.053 0.041 0.086 0.044 0.036 0.106 0.064 0.058 0.171 0.041 0.056];