pntP=[0.025 0.057 0.052 0.063 0.087 0.051 0.048 0.082 0.031 0.059 0.08 0.074 0.086 0.111 0.094;0.025 0.057 0.051 0.048 0.082 0.052 0.063 0.087 0.031 0.059 0.08 0.074 0.111 0.086 0.094;0.025 0.051 0.052 0.031 0.074 0.057 0.048 0.082 0.063 0.059 0.111 0.087 0.086 0.08 0.094;
0.028 0.049 0.042 0.057 0.114 0.06 0.041 0.077 0.037 0.049 0.087 0.098 0.096 0.089 0.076;0.028 0.049 0.06 0.041 0.077 0.042 0.057 0.114 0.037 0.049 0.087 0.098 0.089 0.096 0.076;0.028 0.06 0.042 0.037 0.098 0.049 0.041 0.077 0.057 0.049 0.089 0.114 0.096 0.087 0.076;
0.02 0.041 0.063 0.046 0.104 0.05 0.053 0.094 0.047 0.06 0.078 0.086 0.08 0.094 0.084;0.02 0.041 0.05 0.053 0.094 0.063 0.046 0.104 0.047 0.06 0.078 0.086 0.094 0.08 0.084;0.02 0.05 0.063 0.047 0.086 0.041 0.053 0.094 0.046 0.06 0.094 0.104 0.08 0.078 0.084;
0.029 0.051 0.05 0.066 0.089 0.054 0.041 0.103 0.044 0.054 0.062 0.096 0.089 0.099 0.073;0.029 0.051 0.054 0.041 0.103 0.05 0.066 0.089 0.044 0.054 0.062 0.096 0.099 0.089 0.073;0.029 0.054 0.05 0.044 0.096 0.051 0.041 0.103 0.066 0.054 0.099 0.089 0.089 0.062 0.073;
0.022 0.053 0.062 0.059 0.08 0.056 0.042 0.069 0.048 0.055 0.091 0.084 0.103 0.089 0.087;0.022 0.053 0.056 0.042 0.069 0.062 0.059 0.08 0.048 0.055 0.091 0.084 0.089 0.103 0.087;0.022 0.056 0.062 0.048 0.084 0.053 0.042 0.069 0.059 0.055 0.089 0.08 0.103 0.091 0.087;
0.015 0.061 0.058 0.062 0.095 0.047 0.044 0.094 0.038 0.049 0.089 0.095 0.088 0.088 0.077;0.015 0.061 0.047 0.044 0.094 0.058 0.062 0.095 0.038 0.049 0.089 0.095 0.088 0.088 0.077;0.015 0.047 0.058 0.038 0.095 0.061 0.044 0.094 0.062 0.049 0.088 0.095 0.088 0.089 0.077;
0.029 0.047 0.059 0.065 0.099 0.052 0.046 0.079 0.044 0.047 0.09 0.091 0.07 0.106 0.076;0.029 0.047 0.052 0.046 0.079 0.059 0.065 0.099 0.044 0.047 0.09 0.091 0.106 0.07 0.076;0.029 0.052 0.059 0.044 0.091 0.047 0.046 0.079 0.065 0.047 0.106 0.099 0.07 0.09 0.076;
0.018 0.04 0.044 0.047 0.097 0.057 0.044 0.082 0.042 0.057 0.093 0.099 0.09 0.097 0.093;0.018 0.04 0.057 0.044 0.082 0.044 0.047 0.097 0.042 0.057 0.093 0.099 0.097 0.09 0.093;0.018 0.057 0.044 0.042 0.099 0.04 0.044 0.082 0.047 0.057 0.097 0.097 0.09 0.093 0.093;
0.024 0.051 0.049 0.054 0.099 0.048 0.051 0.077 0.049 0.054 0.078 0.086 0.093 0.099 0.088;0.024 0.051 0.048 0.051 0.077 0.049 0.054 0.099 0.049 0.054 0.078 0.086 0.099 0.093 0.088;0.024 0.048 0.049 0.049 0.086 0.051 0.051 0.077 0.054 0.054 0.099 0.099 0.093 0.078 0.088;
0.024 0.052 0.047 0.068 0.085 0.055 0.04 0.096 0.044 0.04 0.084 0.089 0.089 0.101 0.086;0.024 0.052 0.055 0.04 0.096 0.047 0.068 0.085 0.044 0.04 0.084 0.089 0.101 0.089 0.086;0.024 0.055 0.047 0.044 0.089 0.052 0.04 0.096 0.068 0.04 0.101 0.085 0.089 0.084 0.086;
0.02 0.049 0.073 0.051 0.091 0.054 0.04 0.085 0.044 0.049 0.08 0.088 0.084 0.095 0.097;0.02 0.049 0.054 0.04 0.085 0.073 0.051 0.091 0.044 0.049 0.08 0.088 0.095 0.084 0.097;0.02 0.054 0.073 0.044 0.088 0.049 0.04 0.085 0.051 0.049 0.095 0.091 0.084 0.08 0.097;
0.023 0.048 0.058 0.055 0.112 0.052 0.047 0.086 0.045 0.054 0.084 0.076 0.085 0.11 0.065;0.023 0.048 0.052 0.047 0.086 0.058 0.055 0.112 0.045 0.054 0.084 0.076 0.11 0.085 0.065;0.023 0.052 0.058 0.045 0.076 0.048 0.047 0.086 0.055 0.054 0.11 0.112 0.085 0.084 0.065;
0.025 0.041 0.05 0.065 0.071 0.06 0.048 0.099 0.039 0.062 0.089 0.085 0.085 0.106 0.075;0.025 0.041 0.06 0.048 0.099 0.05 0.065 0.071 0.039 0.062 0.089 0.085 0.106 0.085 0.075;0.025 0.06 0.05 0.039 0.085 0.041 0.048 0.099 0.065 0.062 0.106 0.071 0.085 0.089 0.075;
0.028 0.05 0.047 0.068 0.118 0.059 0.043 0.073 0.051 0.055 0.09 0.077 0.078 0.094 0.069;0.028 0.05 0.059 0.043 0.073 0.047 0.068 0.118 0.051 0.055 0.09 0.077 0.094 0.078 0.069;0.028 0.059 0.047 0.051 0.077 0.05 0.043 0.073 0.068 0.055 0.094 0.118 0.078 0.09 0.069;
0.023 0.055 0.064 0.049 0.101 0.06 0.048 0.086 0.046 0.053 0.072 0.076 0.086 0.096 0.085;0.023 0.055 0.06 0.048 0.086 0.064 0.049 0.101 0.046 0.053 0.072 0.076 0.096 0.086 0.085;0.023 0.06 0.064 0.046 0.076 0.055 0.048 0.086 0.049 0.053 0.096 0.101 0.086 0.072 0.085;
0.036 0.051 0.051 0.055 0.119 0.059 0.041 0.083 0.046 0.058 0.067 0.082 0.093 0.086 0.073;0.036 0.051 0.059 0.041 0.083 0.051 0.055 0.119 0.046 0.058 0.067 0.082 0.086 0.093 0.073;0.036 0.059 0.051 0.046 0.082 0.051 0.041 0.083 0.055 0.058 0.086 0.119 0.093 0.067 0.073;
0.027 0.043 0.049 0.067 0.109 0.056 0.043 0.08 0.039 0.046 0.096 0.092 0.095 0.08 0.078;0.027 0.043 0.056 0.043 0.08 0.049 0.067 0.109 0.039 0.046 0.096 0.092 0.08 0.095 0.078;0.027 0.056 0.049 0.039 0.092 0.043 0.043 0.08 0.067 0.046 0.08 0.109 0.095 0.096 0.078;
0.026 0.059 0.071 0.052 0.096 0.058 0.033 0.086 0.04 0.046 0.088 0.096 0.082 0.08 0.087;0.026 0.059 0.058 0.033 0.086 0.071 0.052 0.096 0.04 0.046 0.088 0.096 0.08 0.082 0.087;0.026 0.058 0.071 0.04 0.096 0.059 0.033 0.086 0.052 0.046 0.08 0.096 0.082 0.088 0.087;
0.027 0.041 0.053 0.053 0.113 0.053 0.046 0.084 0.041 0.055 0.076 0.083 0.084 0.086 0.105;0.027 0.041 0.053 0.046 0.084 0.053 0.053 0.113 0.041 0.055 0.076 0.083 0.086 0.084 0.105;0.027 0.053 0.053 0.041 0.083 0.041 0.046 0.084 0.053 0.055 0.086 0.113 0.084 0.076 0.105;
0.025 0.055 0.066 0.052 0.103 0.041 0.049 0.1 0.04 0.046 0.099 0.074 0.087 0.099 0.064;0.025 0.055 0.041 0.049 0.1 0.066 0.052 0.103 0.04 0.046 0.099 0.074 0.099 0.087 0.064;0.025 0.041 0.066 0.04 0.074 0.055 0.049 0.1 0.052 0.046 0.099 0.103 0.087 0.099 0.064;
0.017 0.045 0.064 0.052 0.094 0.063 0.048 0.079 0.051 0.061 0.096 0.083 0.081 0.098 0.068;0.017 0.045 0.063 0.048 0.079 0.064 0.052 0.094 0.051 0.061 0.096 0.083 0.098 0.081 0.068;0.017 0.063 0.064 0.051 0.083 0.045 0.048 0.079 0.052 0.061 0.098 0.094 0.081 0.096 0.068;
0.023 0.053 0.054 0.052 0.102 0.041 0.042 0.08 0.054 0.049 0.087 0.108 0.082 0.094 0.079;0.023 0.053 0.041 0.042 0.08 0.054 0.052 0.102 0.054 0.049 0.087 0.108 0.094 0.082 0.079;0.023 0.041 0.054 0.054 0.108 0.053 0.042 0.08 0.052 0.049 0.094 0.102 0.082 0.087 0.079;
0.021 0.044 0.051 0.053 0.106 0.058 0.047 0.101 0.049 0.057 0.073 0.091 0.081 0.093 0.075;0.021 0.044 0.058 0.047 0.101 0.051 0.053 0.106 0.049 0.057 0.073 0.091 0.093 0.081 0.075;0.021 0.058 0.051 0.049 0.091 0.044 0.047 0.101 0.053 0.057 0.093 0.106 0.081 0.073 0.075;
0.023 0.038 0.041 0.059 0.099 0.052 0.04 0.076 0.053 0.052 0.089 0.093 0.106 0.094 0.085;0.023 0.038 0.052 0.04 0.076 0.041 0.059 0.099 0.053 0.052 0.089 0.093 0.094 0.106 0.085;0.023 0.052 0.041 0.053 0.093 0.038 0.04 0.076 0.059 0.052 0.094 0.099 0.106 0.089 0.085;
0.016 0.051 0.056 0.055 0.085 0.052 0.043 0.093 0.049 0.061 0.071 0.094 0.091 0.098 0.085;0.016 0.051 0.052 0.043 0.093 0.056 0.055 0.085 0.049 0.061 0.071 0.094 0.098 0.091 0.085;0.016 0.052 0.056 0.049 0.094 0.051 0.043 0.093 0.055 0.061 0.098 0.085 0.091 0.071 0.085;
0.028 0.042 0.061 0.067 0.108 0.064 0.041 0.069 0.043 0.059 0.091 0.088 0.067 0.105 0.067;0.028 0.042 0.064 0.041 0.069 0.061 0.067 0.108 0.043 0.059 0.091 0.088 0.105 0.067 0.067;0.028 0.064 0.061 0.043 0.088 0.042 0.041 0.069 0.067 0.059 0.105 0.108 0.067 0.091 0.067;
0.021 0.053 0.059 0.073 0.097 0.048 0.041 0.068 0.04 0.04 0.094 0.09 0.097 0.096 0.083;0.021 0.053 0.048 0.041 0.068 0.059 0.073 0.097 0.04 0.04 0.094 0.09 0.096 0.097 0.083;0.021 0.048 0.059 0.04 0.09 0.053 0.041 0.068 0.073 0.04 0.096 0.097 0.097 0.094 0.083;
0.019 0.05 0.058 0.053 0.102 0.047 0.057 0.092 0.048 0.044 0.089 0.079 0.093 0.094 0.075;0.019 0.05 0.047 0.057 0.092 0.058 0.053 0.102 0.048 0.044 0.089 0.079 0.094 0.093 0.075;0.019 0.047 0.058 0.048 0.079 0.05 0.057 0.092 0.053 0.044 0.094 0.102 0.093 0.089 0.075;
0.023 0.052 0.055 0.058 0.085 0.054 0.048 0.074 0.051 0.069 0.076 0.081 0.099 0.09 0.085;0.023 0.052 0.054 0.048 0.074 0.055 0.058 0.085 0.051 0.069 0.076 0.081 0.09 0.099 0.085;0.023 0.054 0.055 0.051 0.081 0.052 0.048 0.074 0.058 0.069 0.09 0.085 0.099 0.076 0.085;
0.018 0.058 0.059 0.046 0.087 0.052 0.035 0.1 0.044 0.072 0.075 0.082 0.11 0.088 0.074;0.018 0.058 0.052 0.035 0.1 0.059 0.046 0.087 0.044 0.072 0.075 0.082 0.088 0.11 0.074;0.018 0.052 0.059 0.044 0.082 0.058 0.035 0.1 0.046 0.072 0.088 0.087 0.11 0.075 0.074;
0.034 0.057 0.061 0.05 0.09 0.044 0.04 0.09 0.056 0.044 0.085 0.092 0.07 0.097 0.09;0.034 0.057 0.044 0.04 0.09 0.061 0.05 0.09 0.056 0.044 0.085 0.092 0.097 0.07 0.09;0.034 0.044 0.061 0.056 0.092 0.057 0.04 0.09 0.05 0.044 0.097 0.09 0.07 0.085 0.09;
0.019 0.052 0.049 0.067 0.11 0.059 0.034 0.088 0.041 0.052 0.08 0.077 0.088 0.102 0.082;0.019 0.052 0.059 0.034 0.088 0.049 0.067 0.11 0.041 0.052 0.08 0.077 0.102 0.088 0.082;0.019 0.059 0.049 0.041 0.077 0.052 0.034 0.088 0.067 0.052 0.102 0.11 0.088 0.08 0.082;
0.028 0.045 0.055 0.047 0.109 0.048 0.055 0.078 0.039 0.053 0.081 0.082 0.088 0.094 0.098;0.028 0.045 0.048 0.055 0.078 0.055 0.047 0.109 0.039 0.053 0.081 0.082 0.094 0.088 0.098;0.028 0.048 0.055 0.039 0.082 0.045 0.055 0.078 0.047 0.053 0.094 0.109 0.088 0.081 0.098;
0.021 0.064 0.047 0.058 0.102 0.052 0.033 0.083 0.055 0.049 0.09 0.088 0.085 0.098 0.075;0.021 0.064 0.052 0.033 0.083 0.047 0.058 0.102 0.055 0.049 0.09 0.088 0.098 0.085 0.075;0.021 0.052 0.047 0.055 0.088 0.064 0.033 0.083 0.058 0.049 0.098 0.102 0.085 0.09 0.075;
0.019 0.055 0.055 0.05 0.089 0.055 0.053 0.088 0.045 0.059 0.087 0.088 0.084 0.093 0.08;0.019 0.055 0.055 0.053 0.088 0.055 0.05 0.089 0.045 0.059 0.087 0.088 0.093 0.084 0.08;0.019 0.055 0.055 0.045 0.088 0.055 0.053 0.088 0.05 0.059 0.093 0.089 0.084 0.087 0.08;
0.029 0.049 0.053 0.067 0.094 0.055 0.049 0.101 0.033 0.056 0.078 0.089 0.074 0.092 0.081;0.029 0.049 0.055 0.049 0.101 0.053 0.067 0.094 0.033 0.056 0.078 0.089 0.092 0.074 0.081;0.029 0.055 0.053 0.033 0.089 0.049 0.049 0.101 0.067 0.056 0.092 0.094 0.074 0.078 0.081;
0.028 0.05 0.038 0.064 0.1 0.05 0.038 0.07 0.038 0.048 0.09 0.099 0.104 0.104 0.079;0.028 0.05 0.05 0.038 0.07 0.038 0.064 0.1 0.038 0.048 0.09 0.099 0.104 0.104 0.079;0.028 0.05 0.038 0.038 0.099 0.05 0.038 0.07 0.064 0.048 0.104 0.1 0.104 0.09 0.079;
0.022 0.042 0.043 0.059 0.088 0.063 0.043 0.079 0.045 0.059 0.094 0.09 0.09 0.101 0.082;0.022 0.042 0.063 0.043 0.079 0.043 0.059 0.088 0.045 0.059 0.094 0.09 0.101 0.09 0.082;0.022 0.063 0.043 0.045 0.09 0.042 0.043 0.079 0.059 0.059 0.101 0.088 0.09 0.094 0.082;
0.022 0.052 0.071 0.06 0.098 0.051 0.044 0.085 0.052 0.047 0.068 0.091 0.073 0.105 0.081;0.022 0.052 0.051 0.044 0.085 0.071 0.06 0.098 0.052 0.047 0.068 0.091 0.105 0.073 0.081;0.022 0.051 0.071 0.052 0.091 0.052 0.044 0.085 0.06 0.047 0.105 0.098 0.073 0.068 0.081;
0.029 0.061 0.047 0.068 0.099 0.044 0.052 0.081 0.044 0.042 0.092 0.084 0.08 0.092 0.085;0.029 0.061 0.044 0.052 0.081 0.047 0.068 0.099 0.044 0.042 0.092 0.084 0.092 0.08 0.085;0.029 0.044 0.047 0.044 0.084 0.061 0.052 0.081 0.068 0.042 0.092 0.099 0.08 0.092 0.085;
0.019 0.053 0.058 0.06 0.091 0.064 0.05 0.083 0.028 0.044 0.086 0.087 0.085 0.102 0.09;0.019 0.053 0.064 0.05 0.083 0.058 0.06 0.091 0.028 0.044 0.086 0.087 0.102 0.085 0.09;0.019 0.064 0.058 0.028 0.087 0.053 0.05 0.083 0.06 0.044 0.102 0.091 0.085 0.086 0.09;
0.027 0.053 0.069 0.051 0.098 0.044 0.05 0.09 0.034 0.049 0.101 0.091 0.073 0.098 0.072;0.027 0.053 0.044 0.05 0.09 0.069 0.051 0.098 0.034 0.049 0.101 0.091 0.098 0.073 0.072;0.027 0.044 0.069 0.034 0.091 0.053 0.05 0.09 0.051 0.049 0.098 0.098 0.073 0.101 0.072;
0.035 0.052 0.06 0.059 0.089 0.043 0.034 0.089 0.037 0.054 0.082 0.086 0.087 0.11 0.083;0.035 0.052 0.043 0.034 0.089 0.06 0.059 0.089 0.037 0.054 0.082 0.086 0.11 0.087 0.083;0.035 0.043 0.06 0.037 0.086 0.052 0.034 0.089 0.059 0.054 0.11 0.089 0.087 0.082 0.083;
0.027 0.048 0.048 0.062 0.089 0.051 0.043 0.101 0.038 0.05 0.099 0.082 0.08 0.094 0.088;0.027 0.048 0.051 0.043 0.101 0.048 0.062 0.089 0.038 0.05 0.099 0.082 0.094 0.08 0.088;0.027 0.051 0.048 0.038 0.082 0.048 0.043 0.101 0.062 0.05 0.094 0.089 0.08 0.099 0.088;
0.028 0.055 0.047 0.051 0.082 0.051 0.043 0.083 0.047 0.049 0.092 0.09 0.093 0.104 0.085;0.028 0.055 0.051 0.043 0.083 0.047 0.051 0.082 0.047 0.049 0.092 0.09 0.104 0.093 0.085;0.028 0.051 0.047 0.047 0.09 0.055 0.043 0.083 0.051 0.049 0.104 0.082 0.093 0.092 0.085;
0.019 0.043 0.052 0.07 0.101 0.038 0.056 0.084 0.047 0.052 0.076 0.092 0.086 0.097 0.087;0.019 0.043 0.038 0.056 0.084 0.052 0.07 0.101 0.047 0.052 0.076 0.092 0.097 0.086 0.087;0.019 0.038 0.052 0.047 0.092 0.043 0.056 0.084 0.07 0.052 0.097 0.101 0.086 0.076 0.087;
0.019 0.053 0.045 0.062 0.091 0.059 0.043 0.081 0.043 0.072 0.082 0.09 0.09 0.099 0.071;0.019 0.053 0.059 0.043 0.081 0.045 0.062 0.091 0.043 0.072 0.082 0.09 0.099 0.09 0.071;0.019 0.059 0.045 0.043 0.09 0.053 0.043 0.081 0.062 0.072 0.099 0.091 0.09 0.082 0.071;
0.021 0.078 0.048 0.064 0.091 0.061 0.04 0.076 0.051 0.043 0.101 0.087 0.073 0.089 0.077;0.021 0.078 0.061 0.04 0.076 0.048 0.064 0.091 0.051 0.043 0.101 0.087 0.089 0.073 0.077;0.021 0.061 0.048 0.051 0.087 0.078 0.04 0.076 0.064 0.043 0.089 0.091 0.073 0.101 0.077;
0.023 0.04 0.058 0.072 0.093 0.044 0.048 0.08 0.044 0.049 0.093 0.09 0.088 0.104 0.074;0.023 0.04 0.044 0.048 0.08 0.058 0.072 0.093 0.044 0.049 0.093 0.09 0.104 0.088 0.074;0.023 0.044 0.058 0.044 0.09 0.04 0.048 0.08 0.072 0.049 0.104 0.093 0.088 0.093 0.074;
0.025 0.06 0.055 0.053 0.092 0.057 0.043 0.071 0.048 0.059 0.086 0.085 0.091 0.101 0.074;0.025 0.06 0.057 0.043 0.071 0.055 0.053 0.092 0.048 0.059 0.086 0.085 0.101 0.091 0.074;0.025 0.057 0.055 0.048 0.085 0.06 0.043 0.071 0.053 0.059 0.101 0.092 0.091 0.086 0.074;
0.021 0.043 0.05 0.053 0.093 0.047 0.054 0.082 0.043 0.073 0.092 0.081 0.101 0.084 0.083;0.021 0.043 0.047 0.054 0.082 0.05 0.053 0.093 0.043 0.073 0.092 0.081 0.084 0.101 0.083;0.021 0.047 0.05 0.043 0.081 0.043 0.054 0.082 0.053 0.073 0.084 0.093 0.101 0.092 0.083;
0.019 0.057 0.043 0.057 0.112 0.066 0.036 0.093 0.05 0.048 0.084 0.069 0.075 0.104 0.087;0.019 0.057 0.066 0.036 0.093 0.043 0.057 0.112 0.05 0.048 0.084 0.069 0.104 0.075 0.087;0.019 0.066 0.043 0.05 0.069 0.057 0.036 0.093 0.057 0.048 0.104 0.112 0.075 0.084 0.087;
0.021 0.046 0.049 0.058 0.091 0.059 0.051 0.082 0.047 0.056 0.081 0.077 0.099 0.088 0.095;0.021 0.046 0.059 0.051 0.082 0.049 0.058 0.091 0.047 0.056 0.081 0.077 0.088 0.099 0.095;0.021 0.059 0.049 0.047 0.077 0.046 0.051 0.082 0.058 0.056 0.088 0.091 0.099 0.081 0.095;
0.024 0.051 0.059 0.057 0.084 0.047 0.05 0.076 0.046 0.045 0.085 0.081 0.099 0.103 0.093;0.024 0.051 0.047 0.05 0.076 0.059 0.057 0.084 0.046 0.045 0.085 0.081 0.103 0.099 0.093;0.024 0.047 0.059 0.046 0.081 0.051 0.05 0.076 0.057 0.045 0.103 0.084 0.099 0.085 0.093;
0.029 0.054 0.055 0.047 0.104 0.053 0.045 0.097 0.05 0.063 0.078 0.072 0.078 0.111 0.064;0.029 0.054 0.053 0.045 0.097 0.055 0.047 0.104 0.05 0.063 0.078 0.072 0.111 0.078 0.064;0.029 0.053 0.055 0.05 0.072 0.054 0.045 0.097 0.047 0.063 0.111 0.104 0.078 0.078 0.064;
0.029 0.052 0.06 0.049 0.092 0.062 0.041 0.081 0.045 0.066 0.084 0.083 0.084 0.093 0.079;0.029 0.052 0.062 0.041 0.081 0.06 0.049 0.092 0.045 0.066 0.084 0.083 0.093 0.084 0.079;0.029 0.062 0.06 0.045 0.083 0.052 0.041 0.081 0.049 0.066 0.093 0.092 0.084 0.084 0.079;
0.023 0.065 0.055 0.05 0.116 0.05 0.034 0.091 0.048 0.054 0.08 0.067 0.086 0.104 0.077;0.023 0.065 0.05 0.034 0.091 0.055 0.05 0.116 0.048 0.054 0.08 0.067 0.104 0.086 0.077;0.023 0.05 0.055 0.048 0.067 0.065 0.034 0.091 0.05 0.054 0.104 0.116 0.086 0.08 0.077;
0.026 0.058 0.056 0.063 0.114 0.045 0.042 0.083 0.038 0.063 0.076 0.099 0.084 0.078 0.075;0.026 0.058 0.045 0.042 0.083 0.056 0.063 0.114 0.038 0.063 0.076 0.099 0.078 0.084 0.075;0.026 0.045 0.056 0.038 0.099 0.058 0.042 0.083 0.063 0.063 0.078 0.114 0.084 0.076 0.075;
0.018 0.058 0.039 0.041 0.098 0.05 0.047 0.085 0.053 0.063 0.084 0.095 0.082 0.091 0.096;0.018 0.058 0.05 0.047 0.085 0.039 0.041 0.098 0.053 0.063 0.084 0.095 0.091 0.082 0.096;0.018 0.05 0.039 0.053 0.095 0.058 0.047 0.085 0.041 0.063 0.091 0.098 0.082 0.084 0.096;
0.029 0.055 0.05 0.055 0.115 0.056 0.037 0.072 0.045 0.058 0.078 0.076 0.083 0.104 0.087;0.029 0.055 0.056 0.037 0.072 0.05 0.055 0.115 0.045 0.058 0.078 0.076 0.104 0.083 0.087;0.029 0.056 0.05 0.045 0.076 0.055 0.037 0.072 0.055 0.058 0.104 0.115 0.083 0.078 0.087;
0.019 0.047 0.061 0.055 0.123 0.054 0.041 0.089 0.035 0.038 0.095 0.069 0.082 0.104 0.088;0.019 0.047 0.054 0.041 0.089 0.061 0.055 0.123 0.035 0.038 0.095 0.069 0.104 0.082 0.088;0.019 0.054 0.061 0.035 0.069 0.047 0.041 0.089 0.055 0.038 0.104 0.123 0.082 0.095 0.088;
0.028 0.053 0.06 0.053 0.105 0.042 0.048 0.093 0.036 0.055 0.09 0.078 0.091 0.094 0.074;0.028 0.053 0.042 0.048 0.093 0.06 0.053 0.105 0.036 0.055 0.09 0.078 0.094 0.091 0.074;0.028 0.042 0.06 0.036 0.078 0.053 0.048 0.093 0.053 0.055 0.094 0.105 0.091 0.09 0.074;
0.018 0.052 0.05 0.059 0.095 0.048 0.043 0.083 0.047 0.072 0.085 0.087 0.08 0.102 0.079;0.018 0.052 0.048 0.043 0.083 0.05 0.059 0.095 0.047 0.072 0.085 0.087 0.102 0.08 0.079;0.018 0.048 0.05 0.047 0.087 0.052 0.043 0.083 0.059 0.072 0.102 0.095 0.08 0.085 0.079;
0.011 0.041 0.055 0.05 0.094 0.055 0.052 0.089 0.046 0.054 0.087 0.091 0.094 0.1 0.081;0.011 0.041 0.055 0.052 0.089 0.055 0.05 0.094 0.046 0.054 0.087 0.091 0.1 0.094 0.081;0.011 0.055 0.055 0.046 0.091 0.041 0.052 0.089 0.05 0.054 0.1 0.094 0.094 0.087 0.081;
0.015 0.055 0.049 0.04 0.108 0.057 0.046 0.092 0.037 0.058 0.103 0.073 0.083 0.096 0.088;0.015 0.055 0.057 0.046 0.092 0.049 0.04 0.108 0.037 0.058 0.103 0.073 0.096 0.083 0.088;0.015 0.057 0.049 0.037 0.073 0.055 0.046 0.092 0.04 0.058 0.096 0.108 0.083 0.103 0.088;
0.03 0.046 0.055 0.06 0.102 0.058 0.035 0.08 0.042 0.05 0.091 0.084 0.082 0.108 0.077;0.03 0.046 0.058 0.035 0.08 0.055 0.06 0.102 0.042 0.05 0.091 0.084 0.108 0.082 0.077;0.03 0.058 0.055 0.042 0.084 0.046 0.035 0.08 0.06 0.05 0.108 0.102 0.082 0.091 0.077;
0.022 0.043 0.055 0.063 0.077 0.044 0.043 0.088 0.047 0.06 0.098 0.085 0.082 0.105 0.088;0.022 0.043 0.044 0.043 0.088 0.055 0.063 0.077 0.047 0.06 0.098 0.085 0.105 0.082 0.088;0.022 0.044 0.055 0.047 0.085 0.043 0.043 0.088 0.063 0.06 0.105 0.077 0.082 0.098 0.088;
0.023 0.053 0.056 0.047 0.101 0.055 0.051 0.086 0.03 0.054 0.091 0.094 0.08 0.099 0.08;0.023 0.053 0.055 0.051 0.086 0.056 0.047 0.101 0.03 0.054 0.091 0.094 0.099 0.08 0.08;0.023 0.055 0.056 0.03 0.094 0.053 0.051 0.086 0.047 0.054 0.099 0.101 0.08 0.091 0.08;
0.026 0.044 0.057 0.062 0.108 0.055 0.042 0.067 0.047 0.059 0.082 0.094 0.092 0.101 0.064;0.026 0.044 0.055 0.042 0.067 0.057 0.062 0.108 0.047 0.059 0.082 0.094 0.101 0.092 0.064;0.026 0.055 0.057 0.047 0.094 0.044 0.042 0.067 0.062 0.059 0.101 0.108 0.092 0.082 0.064;
0.026 0.043 0.055 0.043 0.093 0.055 0.046 0.078 0.043 0.055 0.068 0.091 0.087 0.118 0.099;0.026 0.043 0.055 0.046 0.078 0.055 0.043 0.093 0.043 0.055 0.068 0.091 0.118 0.087 0.099;0.026 0.055 0.055 0.043 0.091 0.043 0.046 0.078 0.043 0.055 0.118 0.093 0.087 0.068 0.099;
0.028 0.054 0.047 0.057 0.086 0.049 0.037 0.1 0.033 0.061 0.086 0.097 0.086 0.098 0.081;0.028 0.054 0.049 0.037 0.1 0.047 0.057 0.086 0.033 0.061 0.086 0.097 0.098 0.086 0.081;0.028 0.049 0.047 0.033 0.097 0.054 0.037 0.1 0.057 0.061 0.098 0.086 0.086 0.086 0.081;
0.019 0.05 0.062 0.052 0.098 0.049 0.042 0.085 0.043 0.045 0.095 0.1 0.091 0.095 0.074;0.019 0.05 0.049 0.042 0.085 0.062 0.052 0.098 0.043 0.045 0.095 0.1 0.095 0.091 0.074;0.019 0.049 0.062 0.043 0.1 0.05 0.042 0.085 0.052 0.045 0.095 0.098 0.091 0.095 0.074;
0.027 0.054 0.065 0.055 0.109 0.06 0.038 0.087 0.039 0.059 0.088 0.075 0.072 0.092 0.08;0.027 0.054 0.06 0.038 0.087 0.065 0.055 0.109 0.039 0.059 0.088 0.075 0.092 0.072 0.08;0.027 0.06 0.065 0.039 0.075 0.054 0.038 0.087 0.055 0.059 0.092 0.109 0.072 0.088 0.08;
0.021 0.044 0.061 0.046 0.097 0.052 0.048 0.093 0.041 0.052 0.082 0.081 0.094 0.116 0.072;0.021 0.044 0.052 0.048 0.093 0.061 0.046 0.097 0.041 0.052 0.082 0.081 0.116 0.094 0.072;0.021 0.052 0.061 0.041 0.081 0.044 0.048 0.093 0.046 0.052 0.116 0.097 0.094 0.082 0.072;
0.024 0.044 0.063 0.052 0.105 0.05 0.054 0.082 0.047 0.065 0.073 0.075 0.078 0.112 0.076;0.024 0.044 0.05 0.054 0.082 0.063 0.052 0.105 0.047 0.065 0.073 0.075 0.112 0.078 0.076;0.024 0.05 0.063 0.047 0.075 0.044 0.054 0.082 0.052 0.065 0.112 0.105 0.078 0.073 0.076;
0.027 0.059 0.046 0.057 0.088 0.045 0.049 0.086 0.04 0.054 0.096 0.083 0.092 0.097 0.081;0.027 0.059 0.045 0.049 0.086 0.046 0.057 0.088 0.04 0.054 0.096 0.083 0.097 0.092 0.081;0.027 0.045 0.046 0.04 0.083 0.059 0.049 0.086 0.057 0.054 0.097 0.088 0.092 0.096 0.081;
0.019 0.054 0.057 0.065 0.074 0.049 0.048 0.095 0.042 0.072 0.081 0.074 0.082 0.092 0.096;0.019 0.054 0.049 0.048 0.095 0.057 0.065 0.074 0.042 0.072 0.081 0.074 0.092 0.082 0.096;0.019 0.049 0.057 0.042 0.074 0.054 0.048 0.095 0.065 0.072 0.092 0.074 0.082 0.081 0.096;
0.018 0.051 0.05 0.052 0.108 0.047 0.047 0.078 0.049 0.056 0.085 0.083 0.084 0.105 0.087;0.018 0.051 0.047 0.047 0.078 0.05 0.052 0.108 0.049 0.056 0.085 0.083 0.105 0.084 0.087;0.018 0.047 0.05 0.049 0.083 0.051 0.047 0.078 0.052 0.056 0.105 0.108 0.084 0.085 0.087;
0.023 0.05 0.045 0.048 0.105 0.065 0.046 0.088 0.044 0.05 0.102 0.079 0.085 0.097 0.073;0.023 0.05 0.065 0.046 0.088 0.045 0.048 0.105 0.044 0.05 0.102 0.079 0.097 0.085 0.073;0.023 0.065 0.045 0.044 0.079 0.05 0.046 0.088 0.048 0.05 0.097 0.105 0.085 0.102 0.073;
0.02 0.058 0.041 0.05 0.102 0.051 0.038 0.101 0.043 0.056 0.084 0.083 0.096 0.094 0.083;0.02 0.058 0.051 0.038 0.101 0.041 0.05 0.102 0.043 0.056 0.084 0.083 0.094 0.096 0.083;0.02 0.051 0.041 0.043 0.083 0.058 0.038 0.101 0.05 0.056 0.094 0.102 0.096 0.084 0.083;
0.023 0.064 0.049 0.059 0.107 0.053 0.033 0.085 0.054 0.044 0.076 0.087 0.077 0.108 0.081;0.023 0.064 0.053 0.033 0.085 0.049 0.059 0.107 0.054 0.044 0.076 0.087 0.108 0.077 0.081;0.023 0.053 0.049 0.054 0.087 0.064 0.033 0.085 0.059 0.044 0.108 0.107 0.077 0.076 0.081;
0.02 0.061 0.046 0.069 0.104 0.046 0.043 0.082 0.046 0.053 0.075 0.075 0.082 0.109 0.089;0.02 0.061 0.046 0.043 0.082 0.046 0.069 0.104 0.046 0.053 0.075 0.075 0.109 0.082 0.089;0.02 0.046 0.046 0.046 0.075 0.061 0.043 0.082 0.069 0.053 0.109 0.104 0.082 0.075 0.089;
0.02 0.059 0.059 0.058 0.099 0.051 0.05 0.073 0.037 0.061 0.096 0.073 0.085 0.106 0.073;0.02 0.059 0.051 0.05 0.073 0.059 0.058 0.099 0.037 0.061 0.096 0.073 0.106 0.085 0.073;0.02 0.051 0.059 0.037 0.073 0.059 0.05 0.073 0.058 0.061 0.106 0.099 0.085 0.096 0.073;
0.023 0.057 0.057 0.05 0.107 0.041 0.034 0.081 0.034 0.065 0.094 0.068 0.08 0.119 0.09;0.023 0.057 0.041 0.034 0.081 0.057 0.05 0.107 0.034 0.065 0.094 0.068 0.119 0.08 0.09;0.023 0.041 0.057 0.034 0.068 0.057 0.034 0.081 0.05 0.065 0.119 0.107 0.08 0.094 0.09;
0.023 0.054 0.057 0.069 0.084 0.054 0.024 0.084 0.041 0.058 0.08 0.084 0.098 0.1 0.09;0.023 0.054 0.054 0.024 0.084 0.057 0.069 0.084 0.041 0.058 0.08 0.084 0.1 0.098 0.09;0.023 0.054 0.057 0.041 0.084 0.054 0.024 0.084 0.069 0.058 0.1 0.084 0.098 0.08 0.09;
0.015 0.054 0.057 0.064 0.101 0.057 0.038 0.075 0.046 0.064 0.089 0.08 0.077 0.108 0.075;0.015 0.054 0.057 0.038 0.075 0.057 0.064 0.101 0.046 0.064 0.089 0.08 0.108 0.077 0.075;0.015 0.057 0.057 0.046 0.08 0.054 0.038 0.075 0.064 0.064 0.108 0.101 0.077 0.089 0.075;
0.024 0.055 0.075 0.05 0.099 0.042 0.041 0.07 0.041 0.048 0.086 0.087 0.105 0.097 0.08;0.024 0.055 0.042 0.041 0.07 0.075 0.05 0.099 0.041 0.048 0.086 0.087 0.097 0.105 0.08;0.024 0.042 0.075 0.041 0.087 0.055 0.041 0.07 0.05 0.048 0.097 0.099 0.105 0.086 0.08;
0.018 0.054 0.068 0.062 0.088 0.04 0.037 0.083 0.05 0.051 0.071 0.088 0.083 0.114 0.093;0.018 0.054 0.04 0.037 0.083 0.068 0.062 0.088 0.05 0.051 0.071 0.088 0.114 0.083 0.093;0.018 0.04 0.068 0.05 0.088 0.054 0.037 0.083 0.062 0.051 0.114 0.088 0.083 0.071 0.093;
0.024 0.051 0.052 0.054 0.1 0.049 0.047 0.085 0.048 0.052 0.079 0.094 0.09 0.104 0.071;0.024 0.051 0.049 0.047 0.085 0.052 0.054 0.1 0.048 0.052 0.079 0.094 0.104 0.09 0.071;0.024 0.049 0.052 0.048 0.094 0.051 0.047 0.085 0.054 0.052 0.104 0.1 0.09 0.079 0.071;
0.021 0.054 0.04 0.057 0.095 0.05 0.032 0.1 0.046 0.069 0.083 0.084 0.079 0.102 0.088;0.021 0.054 0.05 0.032 0.1 0.04 0.057 0.095 0.046 0.069 0.083 0.084 0.102 0.079 0.088;0.021 0.05 0.04 0.046 0.084 0.054 0.032 0.1 0.057 0.069 0.102 0.095 0.079 0.083 0.088;
0.022 0.059 0.059 0.062 0.097 0.046 0.039 0.083 0.051 0.052 0.084 0.08 0.082 0.106 0.078;0.022 0.059 0.046 0.039 0.083 0.059 0.062 0.097 0.051 0.052 0.084 0.08 0.106 0.082 0.078;0.022 0.046 0.059 0.051 0.08 0.059 0.039 0.083 0.062 0.052 0.106 0.097 0.082 0.084 0.078;
0.027 0.055 0.041 0.049 0.096 0.06 0.047 0.074 0.039 0.066 0.091 0.085 0.09 0.085 0.095;0.027 0.055 0.06 0.047 0.074 0.041 0.049 0.096 0.039 0.066 0.091 0.085 0.085 0.09 0.095;0.027 0.06 0.041 0.039 0.085 0.055 0.047 0.074 0.049 0.066 0.085 0.096 0.09 0.091 0.095;
0.019 0.053 0.046 0.065 0.088 0.042 0.038 0.084 0.056 0.047 0.083 0.098 0.092 0.102 0.087;0.019 0.053 0.042 0.038 0.084 0.046 0.065 0.088 0.056 0.047 0.083 0.098 0.102 0.092 0.087;0.019 0.042 0.046 0.056 0.098 0.053 0.038 0.084 0.065 0.047 0.102 0.088 0.092 0.083 0.087;
0.026 0.045 0.045 0.056 0.105 0.05 0.057 0.086 0.036 0.049 0.084 0.089 0.089 0.093 0.09;0.026 0.045 0.05 0.057 0.086 0.045 0.056 0.105 0.036 0.049 0.084 0.089 0.093 0.089 0.09;0.026 0.05 0.045 0.036 0.089 0.045 0.057 0.086 0.056 0.049 0.093 0.105 0.089 0.084 0.09;
0.03 0.053 0.052 0.054 0.105 0.048 0.035 0.093 0.044 0.045 0.092 0.087 0.09 0.096 0.076;0.03 0.053 0.048 0.035 0.093 0.052 0.054 0.105 0.044 0.045 0.092 0.087 0.096 0.09 0.076;0.03 0.048 0.052 0.044 0.087 0.053 0.035 0.093 0.054 0.045 0.096 0.105 0.09 0.092 0.076;
0.018 0.064 0.059 0.053 0.086 0.044 0.053 0.079 0.051 0.049 0.073 0.089 0.097 0.107 0.078;0.018 0.064 0.044 0.053 0.079 0.059 0.053 0.086 0.051 0.049 0.073 0.089 0.107 0.097 0.078;0.018 0.044 0.059 0.051 0.089 0.064 0.053 0.079 0.053 0.049 0.107 0.086 0.097 0.073 0.078;
0.018 0.052 0.049 0.054 0.113 0.05 0.059 0.081 0.044 0.054 0.081 0.084 0.083 0.094 0.084;0.018 0.052 0.05 0.059 0.081 0.049 0.054 0.113 0.044 0.054 0.081 0.084 0.094 0.083 0.084;0.018 0.05 0.049 0.044 0.084 0.052 0.059 0.081 0.054 0.054 0.094 0.113 0.083 0.081 0.084;
0.029 0.052 0.052 0.045 0.095 0.05 0.048 0.082 0.045 0.054 0.072 0.094 0.089 0.107 0.086;0.029 0.052 0.05 0.048 0.082 0.052 0.045 0.095 0.045 0.054 0.072 0.094 0.107 0.089 0.086;0.029 0.05 0.052 0.045 0.094 0.052 0.048 0.082 0.045 0.054 0.107 0.095 0.089 0.072 0.086;
0.022 0.053 0.05 0.063 0.099 0.046 0.054 0.054 0.04 0.062 0.079 0.082 0.103 0.106 0.087;0.022 0.053 0.046 0.054 0.054 0.05 0.063 0.099 0.04 0.062 0.079 0.082 0.106 0.103 0.087;0.022 0.046 0.05 0.04 0.082 0.053 0.054 0.054 0.063 0.062 0.106 0.099 0.103 0.079 0.087;
0.025 0.046 0.068 0.061 0.106 0.047 0.038 0.087 0.042 0.052 0.082 0.082 0.103 0.092 0.069;0.025 0.046 0.047 0.038 0.087 0.068 0.061 0.106 0.042 0.052 0.082 0.082 0.092 0.103 0.069;0.025 0.047 0.068 0.042 0.082 0.046 0.038 0.087 0.061 0.052 0.092 0.106 0.103 0.082 0.069];