pntP=[0.045 0.065 0.057 0.079 0.111 0.077 0.038 0.067 0.032 0.059 0.074 0.077 0.066 0.098 0.055;0.045 0.065 0.077 0.038 0.067 0.057 0.079 0.111 0.032 0.059 0.074 0.077 0.098 0.066 0.055;0.045 0.077 0.057 0.032 0.077 0.065 0.038 0.067 0.079 0.059 0.098 0.111 0.066 0.074 0.055;
0.041 0.057 0.066 0.083 0.104 0.068 0.04 0.065 0.044 0.055 0.081 0.064 0.061 0.091 0.08;0.041 0.057 0.068 0.04 0.065 0.066 0.083 0.104 0.044 0.055 0.081 0.064 0.091 0.061 0.08;0.041 0.068 0.066 0.044 0.064 0.057 0.04 0.065 0.083 0.055 0.091 0.104 0.061 0.081 0.08;
0.049 0.061 0.053 0.074 0.098 0.062 0.042 0.088 0.029 0.054 0.079 0.078 0.059 0.102 0.072;0.049 0.061 0.062 0.042 0.088 0.053 0.074 0.098 0.029 0.054 0.079 0.078 0.102 0.059 0.072;0.049 0.062 0.053 0.029 0.078 0.061 0.042 0.088 0.074 0.054 0.102 0.098 0.059 0.079 0.072;
0.04 0.064 0.063 0.08 0.1 0.062 0.028 0.077 0.039 0.047 0.065 0.079 0.075 0.099 0.082;0.04 0.064 0.062 0.028 0.077 0.063 0.08 0.1 0.039 0.047 0.065 0.079 0.099 0.075 0.082;0.04 0.062 0.063 0.039 0.079 0.064 0.028 0.077 0.08 0.047 0.099 0.1 0.075 0.065 0.082;
0.037 0.063 0.06 0.073 0.103 0.061 0.033 0.083 0.04 0.06 0.079 0.065 0.065 0.102 0.076;0.037 0.063 0.061 0.033 0.083 0.06 0.073 0.103 0.04 0.06 0.079 0.065 0.102 0.065 0.076;0.037 0.061 0.06 0.04 0.065 0.063 0.033 0.083 0.073 0.06 0.102 0.103 0.065 0.079 0.076;
0.041 0.075 0.048 0.073 0.096 0.079 0.05 0.088 0.037 0.065 0.075 0.065 0.057 0.095 0.056;0.041 0.075 0.079 0.05 0.088 0.048 0.073 0.096 0.037 0.065 0.075 0.065 0.095 0.057 0.056;0.041 0.079 0.048 0.037 0.065 0.075 0.05 0.088 0.073 0.065 0.095 0.096 0.057 0.075 0.056;
0.034 0.061 0.052 0.091 0.098 0.062 0.044 0.08 0.027 0.062 0.078 0.076 0.068 0.094 0.073;0.034 0.061 0.062 0.044 0.08 0.052 0.091 0.098 0.027 0.062 0.078 0.076 0.094 0.068 0.073;0.034 0.062 0.052 0.027 0.076 0.061 0.044 0.08 0.091 0.062 0.094 0.098 0.068 0.078 0.073;
0.034 0.07 0.046 0.074 0.093 0.076 0.042 0.079 0.045 0.066 0.058 0.075 0.074 0.092 0.076;0.034 0.07 0.076 0.042 0.079 0.046 0.074 0.093 0.045 0.066 0.058 0.075 0.092 0.074 0.076;0.034 0.076 0.046 0.045 0.075 0.07 0.042 0.079 0.074 0.066 0.092 0.093 0.074 0.058 0.076;
0.035 0.069 0.052 0.093 0.084 0.077 0.038 0.075 0.033 0.057 0.072 0.076 0.066 0.11 0.063;0.035 0.069 0.077 0.038 0.075 0.052 0.093 0.084 0.033 0.057 0.072 0.076 0.11 0.066 0.063;0.035 0.077 0.052 0.033 0.076 0.069 0.038 0.075 0.093 0.057 0.11 0.084 0.066 0.072 0.063;
0.056 0.055 0.056 0.07 0.109 0.06 0.046 0.072 0.044 0.056 0.07 0.07 0.067 0.098 0.071;0.056 0.055 0.06 0.046 0.072 0.056 0.07 0.109 0.044 0.056 0.07 0.07 0.098 0.067 0.071;0.056 0.06 0.056 0.044 0.07 0.055 0.046 0.072 0.07 0.056 0.098 0.109 0.067 0.07 0.071;
0.037 0.062 0.058 0.061 0.101 0.081 0.042 0.083 0.043 0.059 0.078 0.067 0.064 0.106 0.058;0.037 0.062 0.081 0.042 0.083 0.058 0.061 0.101 0.043 0.059 0.078 0.067 0.106 0.064 0.058;0.037 0.081 0.058 0.043 0.067 0.062 0.042 0.083 0.061 0.059 0.106 0.101 0.064 0.078 0.058;
0.049 0.073 0.07 0.073 0.089 0.062 0.043 0.074 0.035 0.059 0.086 0.071 0.065 0.08 0.071;0.049 0.073 0.062 0.043 0.074 0.07 0.073 0.089 0.035 0.059 0.086 0.071 0.08 0.065 0.071;0.049 0.062 0.07 0.035 0.071 0.073 0.043 0.074 0.073 0.059 0.08 0.089 0.065 0.086 0.071;
0.031 0.061 0.054 0.081 0.1 0.076 0.045 0.079 0.041 0.044 0.079 0.075 0.065 0.097 0.072;0.031 0.061 0.076 0.045 0.079 0.054 0.081 0.1 0.041 0.044 0.079 0.075 0.097 0.065 0.072;0.031 0.076 0.054 0.041 0.075 0.061 0.045 0.079 0.081 0.044 0.097 0.1 0.065 0.079 0.072;
0.04 0.066 0.054 0.073 0.113 0.075 0.033 0.066 0.03 0.077 0.069 0.058 0.087 0.102 0.057;0.04 0.066 0.075 0.033 0.066 0.054 0.073 0.113 0.03 0.077 0.069 0.058 0.102 0.087 0.057;0.04 0.075 0.054 0.03 0.058 0.066 0.033 0.066 0.073 0.077 0.102 0.113 0.087 0.069 0.057;
0.036 0.064 0.072 0.069 0.1 0.071 0.046 0.089 0.033 0.051 0.085 0.069 0.073 0.083 0.059;0.036 0.064 0.071 0.046 0.089 0.072 0.069 0.1 0.033 0.051 0.085 0.069 0.083 0.073 0.059;0.036 0.071 0.072 0.033 0.069 0.064 0.046 0.089 0.069 0.051 0.083 0.1 0.073 0.085 0.059;
0.04 0.063 0.062 0.069 0.1 0.072 0.034 0.081 0.044 0.044 0.074 0.066 0.07 0.118 0.063;0.04 0.063 0.072 0.034 0.081 0.062 0.069 0.1 0.044 0.044 0.074 0.066 0.118 0.07 0.063;0.04 0.072 0.062 0.044 0.066 0.063 0.034 0.081 0.069 0.044 0.118 0.1 0.07 0.074 0.063;
0.038 0.066 0.057 0.079 0.096 0.067 0.034 0.08 0.036 0.049 0.079 0.057 0.083 0.12 0.059;0.038 0.066 0.067 0.034 0.08 0.057 0.079 0.096 0.036 0.049 0.079 0.057 0.12 0.083 0.059;0.038 0.067 0.057 0.036 0.057 0.066 0.034 0.08 0.079 0.049 0.12 0.096 0.083 0.079 0.059;
0.054 0.07 0.064 0.074 0.102 0.056 0.051 0.075 0.03 0.062 0.059 0.063 0.075 0.101 0.064;0.054 0.07 0.056 0.051 0.075 0.064 0.074 0.102 0.03 0.062 0.059 0.063 0.101 0.075 0.064;0.054 0.056 0.064 0.03 0.063 0.07 0.051 0.075 0.074 0.062 0.101 0.102 0.075 0.059 0.064;
0.032 0.066 0.062 0.093 0.118 0.052 0.033 0.066 0.044 0.053 0.072 0.069 0.068 0.112 0.06;0.032 0.066 0.052 0.033 0.066 0.062 0.093 0.118 0.044 0.053 0.072 0.069 0.112 0.068 0.06;0.032 0.052 0.062 0.044 0.069 0.066 0.033 0.066 0.093 0.053 0.112 0.118 0.068 0.072 0.06;
0.039 0.056 0.051 0.069 0.099 0.076 0.045 0.073 0.042 0.067 0.066 0.084 0.063 0.101 0.069;0.039 0.056 0.076 0.045 0.073 0.051 0.069 0.099 0.042 0.067 0.066 0.084 0.101 0.063 0.069;0.039 0.076 0.051 0.042 0.084 0.056 0.045 0.073 0.069 0.067 0.101 0.099 0.063 0.066 0.069;
0.039 0.056 0.056 0.076 0.094 0.077 0.044 0.073 0.033 0.052 0.069 0.076 0.082 0.099 0.074;0.039 0.056 0.077 0.044 0.073 0.056 0.076 0.094 0.033 0.052 0.069 0.076 0.099 0.082 0.074;0.039 0.077 0.056 0.033 0.076 0.056 0.044 0.073 0.076 0.052 0.099 0.094 0.082 0.069 0.074;
0.03 0.067 0.06 0.079 0.096 0.071 0.038 0.077 0.033 0.067 0.084 0.07 0.079 0.091 0.058;0.03 0.067 0.071 0.038 0.077 0.06 0.079 0.096 0.033 0.067 0.084 0.07 0.091 0.079 0.058;0.03 0.071 0.06 0.033 0.07 0.067 0.038 0.077 0.079 0.067 0.091 0.096 0.079 0.084 0.058;
0.042 0.076 0.062 0.059 0.107 0.066 0.045 0.071 0.037 0.052 0.075 0.063 0.084 0.082 0.079;0.042 0.076 0.066 0.045 0.071 0.062 0.059 0.107 0.037 0.052 0.075 0.063 0.082 0.084 0.079;0.042 0.066 0.062 0.037 0.063 0.076 0.045 0.071 0.059 0.052 0.082 0.107 0.084 0.075 0.079;
0.042 0.063 0.055 0.077 0.102 0.07 0.039 0.079 0.036 0.063 0.081 0.07 0.063 0.098 0.062;0.042 0.063 0.07 0.039 0.079 0.055 0.077 0.102 0.036 0.063 0.081 0.07 0.098 0.063 0.062;0.042 0.07 0.055 0.036 0.07 0.063 0.039 0.079 0.077 0.063 0.098 0.102 0.063 0.081 0.062;
0.038 0.074 0.058 0.077 0.095 0.074 0.035 0.089 0.037 0.058 0.07 0.061 0.072 0.099 0.063;0.038 0.074 0.074 0.035 0.089 0.058 0.077 0.095 0.037 0.058 0.07 0.061 0.099 0.072 0.063;0.038 0.074 0.058 0.037 0.061 0.074 0.035 0.089 0.077 0.058 0.099 0.095 0.072 0.07 0.063;
0.037 0.073 0.051 0.054 0.107 0.067 0.041 0.081 0.029 0.056 0.077 0.076 0.069 0.109 0.073;0.037 0.073 0.067 0.041 0.081 0.051 0.054 0.107 0.029 0.056 0.077 0.076 0.109 0.069 0.073;0.037 0.067 0.051 0.029 0.076 0.073 0.041 0.081 0.054 0.056 0.109 0.107 0.069 0.077 0.073;
0.041 0.066 0.055 0.09 0.082 0.065 0.029 0.078 0.04 0.066 0.073 0.086 0.078 0.087 0.064;0.041 0.066 0.065 0.029 0.078 0.055 0.09 0.082 0.04 0.066 0.073 0.086 0.087 0.078 0.064;0.041 0.065 0.055 0.04 0.086 0.066 0.029 0.078 0.09 0.066 0.087 0.082 0.078 0.073 0.064;
0.036 0.065 0.049 0.1 0.106 0.054 0.042 0.07 0.045 0.067 0.063 0.064 0.058 0.1 0.081;0.036 0.065 0.054 0.042 0.07 0.049 0.1 0.106 0.045 0.067 0.063 0.064 0.1 0.058 0.081;0.036 0.054 0.049 0.045 0.064 0.065 0.042 0.07 0.1 0.067 0.1 0.106 0.058 0.063 0.081;
0.041 0.061 0.046 0.074 0.107 0.054 0.038 0.09 0.036 0.071 0.058 0.069 0.073 0.112 0.07;0.041 0.061 0.054 0.038 0.09 0.046 0.074 0.107 0.036 0.071 0.058 0.069 0.112 0.073 0.07;0.041 0.054 0.046 0.036 0.069 0.061 0.038 0.09 0.074 0.071 0.112 0.107 0.073 0.058 0.07;
0.038 0.064 0.06 0.071 0.103 0.069 0.043 0.087 0.044 0.05 0.072 0.077 0.073 0.083 0.066;0.038 0.064 0.069 0.043 0.087 0.06 0.071 0.103 0.044 0.05 0.072 0.077 0.083 0.073 0.066;0.038 0.069 0.06 0.044 0.077 0.064 0.043 0.087 0.071 0.05 0.083 0.103 0.073 0.072 0.066;
0.056 0.054 0.044 0.071 0.098 0.065 0.04 0.087 0.052 0.048 0.078 0.069 0.06 0.108 0.07;0.056 0.054 0.065 0.04 0.087 0.044 0.071 0.098 0.052 0.048 0.078 0.069 0.108 0.06 0.07;0.056 0.065 0.044 0.052 0.069 0.054 0.04 0.087 0.071 0.048 0.108 0.098 0.06 0.078 0.07;
0.037 0.062 0.06 0.065 0.102 0.065 0.037 0.081 0.03 0.072 0.072 0.059 0.06 0.126 0.072;0.037 0.062 0.065 0.037 0.081 0.06 0.065 0.102 0.03 0.072 0.072 0.059 0.126 0.06 0.072;0.037 0.065 0.06 0.03 0.059 0.062 0.037 0.081 0.065 0.072 0.126 0.102 0.06 0.072 0.072;
0.049 0.056 0.041 0.099 0.08 0.073 0.049 0.074 0.032 0.05 0.06 0.072 0.08 0.106 0.079;0.049 0.056 0.073 0.049 0.074 0.041 0.099 0.08 0.032 0.05 0.06 0.072 0.106 0.08 0.079;0.049 0.073 0.041 0.032 0.072 0.056 0.049 0.074 0.099 0.05 0.106 0.08 0.08 0.06 0.079;
0.032 0.068 0.063 0.066 0.114 0.067 0.044 0.083 0.037 0.071 0.07 0.056 0.075 0.097 0.057;0.032 0.068 0.067 0.044 0.083 0.063 0.066 0.114 0.037 0.071 0.07 0.056 0.097 0.075 0.057;0.032 0.067 0.063 0.037 0.056 0.068 0.044 0.083 0.066 0.071 0.097 0.114 0.075 0.07 0.057;
0.046 0.062 0.069 0.083 0.096 0.061 0.043 0.081 0.039 0.056 0.074 0.067 0.054 0.097 0.072;0.046 0.062 0.061 0.043 0.081 0.069 0.083 0.096 0.039 0.056 0.074 0.067 0.097 0.054 0.072;0.046 0.061 0.069 0.039 0.067 0.062 0.043 0.081 0.083 0.056 0.097 0.096 0.054 0.074 0.072;
0.047 0.073 0.052 0.096 0.127 0.054 0.038 0.089 0.037 0.061 0.071 0.059 0.068 0.081 0.047;0.047 0.073 0.054 0.038 0.089 0.052 0.096 0.127 0.037 0.061 0.071 0.059 0.081 0.068 0.047;0.047 0.054 0.052 0.037 0.059 0.073 0.038 0.089 0.096 0.061 0.081 0.127 0.068 0.071 0.047;
0.048 0.063 0.058 0.059 0.104 0.072 0.039 0.085 0.036 0.063 0.067 0.071 0.072 0.092 0.071;0.048 0.063 0.072 0.039 0.085 0.058 0.059 0.104 0.036 0.063 0.067 0.071 0.092 0.072 0.071;0.048 0.072 0.058 0.036 0.071 0.063 0.039 0.085 0.059 0.063 0.092 0.104 0.072 0.067 0.071;
0.042 0.063 0.062 0.074 0.093 0.077 0.041 0.093 0.038 0.056 0.085 0.061 0.055 0.103 0.057;0.042 0.063 0.077 0.041 0.093 0.062 0.074 0.093 0.038 0.056 0.085 0.061 0.103 0.055 0.057;0.042 0.077 0.062 0.038 0.061 0.063 0.041 0.093 0.074 0.056 0.103 0.093 0.055 0.085 0.057;
0.054 0.057 0.047 0.078 0.097 0.079 0.039 0.082 0.038 0.056 0.068 0.064 0.073 0.093 0.075;0.054 0.057 0.079 0.039 0.082 0.047 0.078 0.097 0.038 0.056 0.068 0.064 0.093 0.073 0.075;0.054 0.079 0.047 0.038 0.064 0.057 0.039 0.082 0.078 0.056 0.093 0.097 0.073 0.068 0.075;
0.038 0.074 0.054 0.086 0.093 0.074 0.035 0.08 0.045 0.059 0.078 0.065 0.062 0.093 0.064;0.038 0.074 0.074 0.035 0.08 0.054 0.086 0.093 0.045 0.059 0.078 0.065 0.093 0.062 0.064;0.038 0.074 0.054 0.045 0.065 0.074 0.035 0.08 0.086 0.059 0.093 0.093 0.062 0.078 0.064;
0.032 0.077 0.062 0.077 0.104 0.072 0.028 0.072 0.045 0.05 0.083 0.076 0.064 0.095 0.063;0.032 0.077 0.072 0.028 0.072 0.062 0.077 0.104 0.045 0.05 0.083 0.076 0.095 0.064 0.063;0.032 0.072 0.062 0.045 0.076 0.077 0.028 0.072 0.077 0.05 0.095 0.104 0.064 0.083 0.063;
0.041 0.069 0.056 0.072 0.126 0.061 0.048 0.082 0.035 0.055 0.072 0.073 0.063 0.096 0.051;0.041 0.069 0.061 0.048 0.082 0.056 0.072 0.126 0.035 0.055 0.072 0.073 0.096 0.063 0.051;0.041 0.061 0.056 0.035 0.073 0.069 0.048 0.082 0.072 0.055 0.096 0.126 0.063 0.072 0.051;
0.042 0.074 0.071 0.082 0.094 0.064 0.037 0.086 0.032 0.062 0.06 0.068 0.057 0.103 0.068;0.042 0.074 0.064 0.037 0.086 0.071 0.082 0.094 0.032 0.062 0.06 0.068 0.103 0.057 0.068;0.042 0.064 0.071 0.032 0.068 0.074 0.037 0.086 0.082 0.062 0.103 0.094 0.057 0.06 0.068;
0.054 0.055 0.049 0.089 0.103 0.07 0.044 0.078 0.032 0.042 0.065 0.08 0.068 0.105 0.066;0.054 0.055 0.07 0.044 0.078 0.049 0.089 0.103 0.032 0.042 0.065 0.08 0.105 0.068 0.066;0.054 0.07 0.049 0.032 0.08 0.055 0.044 0.078 0.089 0.042 0.105 0.103 0.068 0.065 0.066;
0.044 0.072 0.062 0.072 0.118 0.066 0.043 0.068 0.043 0.059 0.068 0.058 0.056 0.102 0.069;0.044 0.072 0.066 0.043 0.068 0.062 0.072 0.118 0.043 0.059 0.068 0.058 0.102 0.056 0.069;0.044 0.066 0.062 0.043 0.058 0.072 0.043 0.068 0.072 0.059 0.102 0.118 0.056 0.068 0.069;
0.035 0.077 0.065 0.079 0.103 0.053 0.047 0.075 0.035 0.054 0.078 0.076 0.065 0.086 0.072;0.035 0.077 0.053 0.047 0.075 0.065 0.079 0.103 0.035 0.054 0.078 0.076 0.086 0.065 0.072;0.035 0.053 0.065 0.035 0.076 0.077 0.047 0.075 0.079 0.054 0.086 0.103 0.065 0.078 0.072;
0.05 0.075 0.054 0.08 0.084 0.062 0.046 0.09 0.038 0.062 0.069 0.07 0.062 0.101 0.057;0.05 0.075 0.062 0.046 0.09 0.054 0.08 0.084 0.038 0.062 0.069 0.07 0.101 0.062 0.057;0.05 0.062 0.054 0.038 0.07 0.075 0.046 0.09 0.08 0.062 0.101 0.084 0.062 0.069 0.057;
0.041 0.086 0.061 0.067 0.105 0.076 0.047 0.082 0.039 0.05 0.058 0.068 0.065 0.1 0.055;0.041 0.086 0.076 0.047 0.082 0.061 0.067 0.105 0.039 0.05 0.058 0.068 0.1 0.065 0.055;0.041 0.076 0.061 0.039 0.068 0.086 0.047 0.082 0.067 0.05 0.1 0.105 0.065 0.058 0.055;
0.043 0.064 0.071 0.065 0.103 0.068 0.043 0.069 0.045 0.039 0.075 0.076 0.055 0.106 0.078;0.043 0.064 0.068 0.043 0.069 0.071 0.065 0.103 0.045 0.039 0.075 0.076 0.106 0.055 0.078;0.043 0.068 0.071 0.045 0.076 0.064 0.043 0.069 0.065 0.039 0.106 0.103 0.055 0.075 0.078;
0.03 0.071 0.069 0.077 0.104 0.087 0.044 0.05 0.044 0.058 0.075 0.069 0.067 0.095 0.06;0.03 0.071 0.087 0.044 0.05 0.069 0.077 0.104 0.044 0.058 0.075 0.069 0.095 0.067 0.06;0.03 0.087 0.069 0.044 0.069 0.071 0.044 0.05 0.077 0.058 0.095 0.104 0.067 0.075 0.06;
0.046 0.064 0.067 0.074 0.107 0.061 0.04 0.082 0.046 0.065 0.063 0.068 0.052 0.1 0.065;0.046 0.064 0.061 0.04 0.082 0.067 0.074 0.107 0.046 0.065 0.063 0.068 0.1 0.052 0.065;0.046 0.061 0.067 0.046 0.068 0.064 0.04 0.082 0.074 0.065 0.1 0.107 0.052 0.063 0.065;
0.036 0.073 0.052 0.074 0.112 0.063 0.054 0.067 0.046 0.052 0.065 0.08 0.054 0.104 0.068;0.036 0.073 0.063 0.054 0.067 0.052 0.074 0.112 0.046 0.052 0.065 0.08 0.104 0.054 0.068;0.036 0.063 0.052 0.046 0.08 0.073 0.054 0.067 0.074 0.052 0.104 0.112 0.054 0.065 0.068;
0.04 0.067 0.054 0.077 0.123 0.064 0.029 0.074 0.041 0.057 0.066 0.07 0.069 0.115 0.054;0.04 0.067 0.064 0.029 0.074 0.054 0.077 0.123 0.041 0.057 0.066 0.07 0.115 0.069 0.054;0.04 0.064 0.054 0.041 0.07 0.067 0.029 0.074 0.077 0.057 0.115 0.123 0.069 0.066 0.054;
0.031 0.06 0.057 0.073 0.1 0.07 0.043 0.089 0.035 0.08 0.062 0.077 0.064 0.091 0.068;0.031 0.06 0.07 0.043 0.089 0.057 0.073 0.1 0.035 0.08 0.062 0.077 0.091 0.064 0.068;0.031 0.07 0.057 0.035 0.077 0.06 0.043 0.089 0.073 0.08 0.091 0.1 0.064 0.062 0.068;
0.047 0.069 0.057 0.074 0.073 0.075 0.043 0.066 0.052 0.068 0.074 0.072 0.056 0.107 0.067;0.047 0.069 0.075 0.043 0.066 0.057 0.074 0.073 0.052 0.068 0.074 0.072 0.107 0.056 0.067;0.047 0.075 0.057 0.052 0.072 0.069 0.043 0.066 0.074 0.068 0.107 0.073 0.056 0.074 0.067;
0.039 0.057 0.048 0.064 0.109 0.063 0.037 0.07 0.04 0.066 0.071 0.076 0.079 0.114 0.067;0.039 0.057 0.063 0.037 0.07 0.048 0.064 0.109 0.04 0.066 0.071 0.076 0.114 0.079 0.067;0.039 0.063 0.048 0.04 0.076 0.057 0.037 0.07 0.064 0.066 0.114 0.109 0.079 0.071 0.067;
0.043 0.075 0.052 0.092 0.111 0.061 0.032 0.064 0.034 0.05 0.068 0.075 0.07 0.101 0.072;0.043 0.075 0.061 0.032 0.064 0.052 0.092 0.111 0.034 0.05 0.068 0.075 0.101 0.07 0.072;0.043 0.061 0.052 0.034 0.075 0.075 0.032 0.064 0.092 0.05 0.101 0.111 0.07 0.068 0.072;
0.044 0.061 0.047 0.066 0.098 0.067 0.041 0.067 0.041 0.067 0.07 0.063 0.072 0.102 0.094;0.044 0.061 0.067 0.041 0.067 0.047 0.066 0.098 0.041 0.067 0.07 0.063 0.102 0.072 0.094;0.044 0.067 0.047 0.041 0.063 0.061 0.041 0.067 0.066 0.067 0.102 0.098 0.072 0.07 0.094;
0.04 0.07 0.069 0.082 0.097 0.07 0.038 0.078 0.031 0.045 0.074 0.067 0.064 0.105 0.07;0.04 0.07 0.07 0.038 0.078 0.069 0.082 0.097 0.031 0.045 0.074 0.067 0.105 0.064 0.07;0.04 0.07 0.069 0.031 0.067 0.07 0.038 0.078 0.082 0.045 0.105 0.097 0.064 0.074 0.07;
0.034 0.079 0.056 0.073 0.091 0.069 0.039 0.089 0.042 0.068 0.062 0.07 0.059 0.093 0.076;0.034 0.079 0.069 0.039 0.089 0.056 0.073 0.091 0.042 0.068 0.062 0.07 0.093 0.059 0.076;0.034 0.069 0.056 0.042 0.07 0.079 0.039 0.089 0.073 0.068 0.093 0.091 0.059 0.062 0.076;
0.045 0.063 0.062 0.072 0.097 0.076 0.038 0.072 0.034 0.079 0.076 0.069 0.065 0.091 0.061;0.045 0.063 0.076 0.038 0.072 0.062 0.072 0.097 0.034 0.079 0.076 0.069 0.091 0.065 0.061;0.045 0.076 0.062 0.034 0.069 0.063 0.038 0.072 0.072 0.079 0.091 0.097 0.065 0.076 0.061;
0.036 0.073 0.068 0.068 0.115 0.065 0.039 0.064 0.044 0.051 0.072 0.072 0.064 0.105 0.064;0.036 0.073 0.065 0.039 0.064 0.068 0.068 0.115 0.044 0.051 0.072 0.072 0.105 0.064 0.064;0.036 0.065 0.068 0.044 0.072 0.073 0.039 0.064 0.068 0.051 0.105 0.115 0.064 0.072 0.064;
0.039 0.068 0.052 0.073 0.095 0.059 0.036 0.088 0.037 0.064 0.066 0.083 0.068 0.101 0.071;0.039 0.068 0.059 0.036 0.088 0.052 0.073 0.095 0.037 0.064 0.066 0.083 0.101 0.068 0.071;0.039 0.059 0.052 0.037 0.083 0.068 0.036 0.088 0.073 0.064 0.101 0.095 0.068 0.066 0.071;
0.048 0.064 0.056 0.081 0.11 0.075 0.045 0.083 0.038 0.058 0.081 0.058 0.067 0.083 0.053;0.048 0.064 0.075 0.045 0.083 0.056 0.081 0.11 0.038 0.058 0.081 0.058 0.083 0.067 0.053;0.048 0.075 0.056 0.038 0.058 0.064 0.045 0.083 0.081 0.058 0.083 0.11 0.067 0.081 0.053;
0.045 0.07 0.046 0.07 0.091 0.067 0.046 0.083 0.036 0.068 0.068 0.075 0.078 0.092 0.065;0.045 0.07 0.067 0.046 0.083 0.046 0.07 0.091 0.036 0.068 0.068 0.075 0.092 0.078 0.065;0.045 0.067 0.046 0.036 0.075 0.07 0.046 0.083 0.07 0.068 0.092 0.091 0.078 0.068 0.065;
0.044 0.089 0.057 0.073 0.1 0.063 0.039 0.07 0.034 0.058 0.073 0.074 0.063 0.106 0.057;0.044 0.089 0.063 0.039 0.07 0.057 0.073 0.1 0.034 0.058 0.073 0.074 0.106 0.063 0.057;0.044 0.063 0.057 0.034 0.074 0.089 0.039 0.07 0.073 0.058 0.106 0.1 0.063 0.073 0.057;
0.04 0.064 0.061 0.061 0.102 0.079 0.037 0.07 0.055 0.061 0.063 0.066 0.078 0.104 0.059;0.04 0.064 0.079 0.037 0.07 0.061 0.061 0.102 0.055 0.061 0.063 0.066 0.104 0.078 0.059;0.04 0.079 0.061 0.055 0.066 0.064 0.037 0.07 0.061 0.061 0.104 0.102 0.078 0.063 0.059;
0.039 0.075 0.073 0.076 0.105 0.063 0.036 0.084 0.041 0.057 0.073 0.059 0.077 0.079 0.063;0.039 0.075 0.063 0.036 0.084 0.073 0.076 0.105 0.041 0.057 0.073 0.059 0.079 0.077 0.063;0.039 0.063 0.073 0.041 0.059 0.075 0.036 0.084 0.076 0.057 0.079 0.105 0.077 0.073 0.063;
0.047 0.047 0.049 0.079 0.082 0.066 0.037 0.095 0.038 0.057 0.077 0.076 0.078 0.11 0.062;0.047 0.047 0.066 0.037 0.095 0.049 0.079 0.082 0.038 0.057 0.077 0.076 0.11 0.078 0.062;0.047 0.066 0.049 0.038 0.076 0.047 0.037 0.095 0.079 0.057 0.11 0.082 0.078 0.077 0.062;
0.045 0.058 0.056 0.084 0.121 0.058 0.028 0.086 0.041 0.054 0.076 0.068 0.067 0.091 0.067;0.045 0.058 0.058 0.028 0.086 0.056 0.084 0.121 0.041 0.054 0.076 0.068 0.091 0.067 0.067;0.045 0.058 0.056 0.041 0.068 0.058 0.028 0.086 0.084 0.054 0.091 0.121 0.067 0.076 0.067;
0.047 0.071 0.065 0.078 0.093 0.056 0.043 0.068 0.036 0.062 0.066 0.074 0.072 0.108 0.061;0.047 0.071 0.056 0.043 0.068 0.065 0.078 0.093 0.036 0.062 0.066 0.074 0.108 0.072 0.061;0.047 0.056 0.065 0.036 0.074 0.071 0.043 0.068 0.078 0.062 0.108 0.093 0.072 0.066 0.061;
0.045 0.068 0.04 0.106 0.111 0.065 0.045 0.068 0.033 0.047 0.059 0.082 0.059 0.096 0.076;0.045 0.068 0.065 0.045 0.068 0.04 0.106 0.111 0.033 0.047 0.059 0.082 0.096 0.059 0.076;0.045 0.065 0.04 0.033 0.082 0.068 0.045 0.068 0.106 0.047 0.096 0.111 0.059 0.059 0.076;
0.034 0.076 0.047 0.088 0.096 0.077 0.036 0.076 0.045 0.055 0.066 0.076 0.061 0.112 0.055;0.034 0.076 0.077 0.036 0.076 0.047 0.088 0.096 0.045 0.055 0.066 0.076 0.112 0.061 0.055;0.034 0.077 0.047 0.045 0.076 0.076 0.036 0.076 0.088 0.055 0.112 0.096 0.061 0.066 0.055;
0.047 0.066 0.057 0.074 0.118 0.05 0.044 0.069 0.042 0.063 0.063 0.067 0.066 0.104 0.07;0.047 0.066 0.05 0.044 0.069 0.057 0.074 0.118 0.042 0.063 0.063 0.067 0.104 0.066 0.07;0.047 0.05 0.057 0.042 0.067 0.066 0.044 0.069 0.074 0.063 0.104 0.118 0.066 0.063 0.07;
0.048 0.063 0.06 0.08 0.093 0.065 0.037 0.08 0.047 0.052 0.071 0.072 0.061 0.102 0.069;0.048 0.063 0.065 0.037 0.08 0.06 0.08 0.093 0.047 0.052 0.071 0.072 0.102 0.061 0.069;0.048 0.065 0.06 0.047 0.072 0.063 0.037 0.08 0.08 0.052 0.102 0.093 0.061 0.071 0.069;
0.035 0.065 0.066 0.077 0.099 0.066 0.036 0.079 0.046 0.041 0.077 0.07 0.065 0.111 0.067;0.035 0.065 0.066 0.036 0.079 0.066 0.077 0.099 0.046 0.041 0.077 0.07 0.111 0.065 0.067;0.035 0.066 0.066 0.046 0.07 0.065 0.036 0.079 0.077 0.041 0.111 0.099 0.065 0.077 0.067;
0.041 0.069 0.041 0.077 0.106 0.05 0.041 0.079 0.046 0.052 0.081 0.082 0.065 0.095 0.075;0.041 0.069 0.05 0.041 0.079 0.041 0.077 0.106 0.046 0.052 0.081 0.082 0.095 0.065 0.075;0.041 0.05 0.041 0.046 0.082 0.069 0.041 0.079 0.077 0.052 0.095 0.106 0.065 0.081 0.075;
0.048 0.074 0.054 0.07 0.104 0.065 0.03 0.083 0.038 0.053 0.072 0.083 0.058 0.096 0.072;0.048 0.074 0.065 0.03 0.083 0.054 0.07 0.104 0.038 0.053 0.072 0.083 0.096 0.058 0.072;0.048 0.065 0.054 0.038 0.083 0.074 0.03 0.083 0.07 0.053 0.096 0.104 0.058 0.072 0.072;
0.042 0.069 0.044 0.077 0.105 0.08 0.039 0.068 0.043 0.05 0.082 0.077 0.057 0.109 0.058;0.042 0.069 0.08 0.039 0.068 0.044 0.077 0.105 0.043 0.05 0.082 0.077 0.109 0.057 0.058;0.042 0.08 0.044 0.043 0.077 0.069 0.039 0.068 0.077 0.05 0.109 0.105 0.057 0.082 0.058;
0.044 0.066 0.044 0.075 0.113 0.07 0.04 0.085 0.028 0.065 0.06 0.067 0.073 0.104 0.066;0.044 0.066 0.07 0.04 0.085 0.044 0.075 0.113 0.028 0.065 0.06 0.067 0.104 0.073 0.066;0.044 0.07 0.044 0.028 0.067 0.066 0.04 0.085 0.075 0.065 0.104 0.113 0.073 0.06 0.066;
0.047 0.063 0.059 0.078 0.088 0.076 0.041 0.07 0.039 0.059 0.079 0.075 0.073 0.087 0.066;0.047 0.063 0.076 0.041 0.07 0.059 0.078 0.088 0.039 0.059 0.079 0.075 0.087 0.073 0.066;0.047 0.076 0.059 0.039 0.075 0.063 0.041 0.07 0.078 0.059 0.087 0.088 0.073 0.079 0.066;
0.052 0.063 0.062 0.072 0.118 0.059 0.046 0.054 0.033 0.048 0.084 0.067 0.079 0.103 0.06;0.052 0.063 0.059 0.046 0.054 0.062 0.072 0.118 0.033 0.048 0.084 0.067 0.103 0.079 0.06;0.052 0.059 0.062 0.033 0.067 0.063 0.046 0.054 0.072 0.048 0.103 0.118 0.079 0.084 0.06;
0.036 0.051 0.066 0.073 0.1 0.073 0.041 0.068 0.029 0.071 0.068 0.063 0.074 0.113 0.074;0.036 0.051 0.073 0.041 0.068 0.066 0.073 0.1 0.029 0.071 0.068 0.063 0.113 0.074 0.074;0.036 0.073 0.066 0.029 0.063 0.051 0.041 0.068 0.073 0.071 0.113 0.1 0.074 0.068 0.074;
0.039 0.072 0.057 0.085 0.097 0.061 0.049 0.086 0.033 0.052 0.072 0.066 0.07 0.085 0.076;0.039 0.072 0.061 0.049 0.086 0.057 0.085 0.097 0.033 0.052 0.072 0.066 0.085 0.07 0.076;0.039 0.061 0.057 0.033 0.066 0.072 0.049 0.086 0.085 0.052 0.085 0.097 0.07 0.072 0.076;
0.045 0.077 0.045 0.069 0.094 0.077 0.046 0.077 0.032 0.066 0.073 0.081 0.055 0.088 0.075;0.045 0.077 0.077 0.046 0.077 0.045 0.069 0.094 0.032 0.066 0.073 0.081 0.088 0.055 0.075;0.045 0.077 0.045 0.032 0.081 0.077 0.046 0.077 0.069 0.066 0.088 0.094 0.055 0.073 0.075;
0.036 0.061 0.06 0.077 0.1 0.061 0.04 0.091 0.037 0.055 0.073 0.073 0.07 0.112 0.054;0.036 0.061 0.061 0.04 0.091 0.06 0.077 0.1 0.037 0.055 0.073 0.073 0.112 0.07 0.054;0.036 0.061 0.06 0.037 0.073 0.061 0.04 0.091 0.077 0.055 0.112 0.1 0.07 0.073 0.054;
0.036 0.083 0.06 0.066 0.102 0.07 0.042 0.081 0.036 0.056 0.057 0.075 0.07 0.092 0.074;0.036 0.083 0.07 0.042 0.081 0.06 0.066 0.102 0.036 0.056 0.057 0.075 0.092 0.07 0.074;0.036 0.07 0.06 0.036 0.075 0.083 0.042 0.081 0.066 0.056 0.092 0.102 0.07 0.057 0.074;
0.041 0.081 0.054 0.08 0.104 0.073 0.04 0.088 0.048 0.049 0.059 0.05 0.07 0.109 0.054;0.041 0.081 0.073 0.04 0.088 0.054 0.08 0.104 0.048 0.049 0.059 0.05 0.109 0.07 0.054;0.041 0.073 0.054 0.048 0.05 0.081 0.04 0.088 0.08 0.049 0.109 0.104 0.07 0.059 0.054;
0.038 0.064 0.066 0.077 0.104 0.056 0.041 0.07 0.03 0.057 0.072 0.065 0.087 0.103 0.07;0.038 0.064 0.056 0.041 0.07 0.066 0.077 0.104 0.03 0.057 0.072 0.065 0.103 0.087 0.07;0.038 0.056 0.066 0.03 0.065 0.064 0.041 0.07 0.077 0.057 0.103 0.104 0.087 0.072 0.07;
0.048 0.067 0.065 0.079 0.09 0.051 0.046 0.078 0.034 0.05 0.079 0.073 0.066 0.108 0.066;0.048 0.067 0.051 0.046 0.078 0.065 0.079 0.09 0.034 0.05 0.079 0.073 0.108 0.066 0.066;0.048 0.051 0.065 0.034 0.073 0.067 0.046 0.078 0.079 0.05 0.108 0.09 0.066 0.079 0.066;
0.047 0.069 0.06 0.077 0.085 0.071 0.036 0.071 0.031 0.065 0.075 0.069 0.07 0.097 0.077;0.047 0.069 0.071 0.036 0.071 0.06 0.077 0.085 0.031 0.065 0.075 0.069 0.097 0.07 0.077;0.047 0.071 0.06 0.031 0.069 0.069 0.036 0.071 0.077 0.065 0.097 0.085 0.07 0.075 0.077;
0.045 0.067 0.061 0.087 0.097 0.078 0.047 0.049 0.034 0.055 0.072 0.059 0.076 0.095 0.078;0.045 0.067 0.078 0.047 0.049 0.061 0.087 0.097 0.034 0.055 0.072 0.059 0.095 0.076 0.078;0.045 0.078 0.061 0.034 0.059 0.067 0.047 0.049 0.087 0.055 0.095 0.097 0.076 0.072 0.078;
0.039 0.064 0.065 0.071 0.104 0.068 0.032 0.076 0.04 0.066 0.075 0.06 0.068 0.114 0.058;0.039 0.064 0.068 0.032 0.076 0.065 0.071 0.104 0.04 0.066 0.075 0.06 0.114 0.068 0.058;0.039 0.068 0.065 0.04 0.06 0.064 0.032 0.076 0.071 0.066 0.114 0.104 0.068 0.075 0.058;
0.044 0.058 0.059 0.079 0.105 0.074 0.026 0.078 0.037 0.044 0.061 0.079 0.078 0.105 0.073;0.044 0.058 0.074 0.026 0.078 0.059 0.079 0.105 0.037 0.044 0.061 0.079 0.105 0.078 0.073;0.044 0.074 0.059 0.037 0.079 0.058 0.026 0.078 0.079 0.044 0.105 0.105 0.078 0.061 0.073;
0.03 0.052 0.056 0.086 0.101 0.064 0.04 0.084 0.027 0.072 0.066 0.072 0.076 0.1 0.074;0.03 0.052 0.064 0.04 0.084 0.056 0.086 0.101 0.027 0.072 0.066 0.072 0.1 0.076 0.074;0.03 0.064 0.056 0.027 0.072 0.052 0.04 0.084 0.086 0.072 0.1 0.101 0.076 0.066 0.074;
0.035 0.056 0.06 0.08 0.099 0.062 0.036 0.091 0.031 0.065 0.063 0.098 0.057 0.105 0.062;0.035 0.056 0.062 0.036 0.091 0.06 0.08 0.099 0.031 0.065 0.063 0.098 0.105 0.057 0.062;0.035 0.062 0.06 0.031 0.098 0.056 0.036 0.091 0.08 0.065 0.105 0.099 0.057 0.063 0.062;
0.044 0.067 0.059 0.085 0.106 0.065 0.038 0.069 0.041 0.061 0.06 0.078 0.068 0.089 0.07;0.044 0.067 0.065 0.038 0.069 0.059 0.085 0.106 0.041 0.061 0.06 0.078 0.089 0.068 0.07;0.044 0.065 0.059 0.041 0.078 0.067 0.038 0.069 0.085 0.061 0.089 0.106 0.068 0.06 0.07;
0.043 0.06 0.058 0.064 0.106 0.066 0.041 0.081 0.041 0.067 0.073 0.073 0.066 0.092 0.069;0.043 0.06 0.066 0.041 0.081 0.058 0.064 0.106 0.041 0.067 0.073 0.073 0.092 0.066 0.069;0.043 0.066 0.058 0.041 0.073 0.06 0.041 0.081 0.064 0.067 0.092 0.106 0.066 0.073 0.069;
0.049 0.062 0.06 0.064 0.099 0.058 0.057 0.096 0.035 0.057 0.072 0.074 0.053 0.104 0.06;0.049 0.062 0.058 0.057 0.096 0.06 0.064 0.099 0.035 0.057 0.072 0.074 0.104 0.053 0.06;0.049 0.058 0.06 0.035 0.074 0.062 0.057 0.096 0.064 0.057 0.104 0.099 0.053 0.072 0.06;
0.038 0.068 0.059 0.067 0.107 0.066 0.049 0.068 0.039 0.056 0.06 0.091 0.061 0.097 0.074;0.038 0.068 0.066 0.049 0.068 0.059 0.067 0.107 0.039 0.056 0.06 0.091 0.097 0.061 0.074;0.038 0.066 0.059 0.039 0.091 0.068 0.049 0.068 0.067 0.056 0.097 0.107 0.061 0.06 0.074];