pntP=[0.059 0.097 0.058 0.102 0.097 0.071 0.04 0.093 0.042 0.047 0.057 0.044 0.053 0.09 0.05;0.059 0.097 0.071 0.04 0.093 0.058 0.102 0.097 0.042 0.047 0.057 0.044 0.09 0.053 0.05;0.059 0.071 0.058 0.042 0.044 0.097 0.04 0.093 0.102 0.047 0.09 0.097 0.053 0.057 0.05;
0.06 0.084 0.061 0.107 0.097 0.08 0.038 0.065 0.031 0.043 0.066 0.052 0.05 0.112 0.054;0.06 0.084 0.08 0.038 0.065 0.061 0.107 0.097 0.031 0.043 0.066 0.052 0.112 0.05 0.054;0.06 0.08 0.061 0.031 0.052 0.084 0.038 0.065 0.107 0.043 0.112 0.097 0.05 0.066 0.054;
0.072 0.094 0.054 0.088 0.101 0.071 0.048 0.078 0.032 0.06 0.048 0.064 0.045 0.1 0.045;0.072 0.094 0.071 0.048 0.078 0.054 0.088 0.101 0.032 0.06 0.048 0.064 0.1 0.045 0.045;0.072 0.071 0.054 0.032 0.064 0.094 0.048 0.078 0.088 0.06 0.1 0.101 0.045 0.048 0.045;
0.069 0.083 0.05 0.096 0.108 0.075 0.032 0.08 0.029 0.057 0.061 0.057 0.048 0.099 0.056;0.069 0.083 0.075 0.032 0.08 0.05 0.096 0.108 0.029 0.057 0.061 0.057 0.099 0.048 0.056;0.069 0.075 0.05 0.029 0.057 0.083 0.032 0.08 0.096 0.057 0.099 0.108 0.048 0.061 0.056;
0.055 0.087 0.057 0.098 0.099 0.076 0.04 0.086 0.034 0.06 0.045 0.056 0.049 0.1 0.058;0.055 0.087 0.076 0.04 0.086 0.057 0.098 0.099 0.034 0.06 0.045 0.056 0.1 0.049 0.058;0.055 0.076 0.057 0.034 0.056 0.087 0.04 0.086 0.098 0.06 0.1 0.099 0.049 0.045 0.058;
0.059 0.088 0.051 0.097 0.097 0.088 0.035 0.075 0.03 0.054 0.057 0.049 0.068 0.101 0.051;0.059 0.088 0.088 0.035 0.075 0.051 0.097 0.097 0.03 0.054 0.057 0.049 0.101 0.068 0.051;0.059 0.088 0.051 0.03 0.049 0.088 0.035 0.075 0.097 0.054 0.101 0.097 0.068 0.057 0.051;
0.061 0.078 0.05 0.087 0.096 0.088 0.035 0.083 0.033 0.073 0.053 0.056 0.053 0.103 0.051;0.061 0.078 0.088 0.035 0.083 0.05 0.087 0.096 0.033 0.073 0.053 0.056 0.103 0.053 0.051;0.061 0.088 0.05 0.033 0.056 0.078 0.035 0.083 0.087 0.073 0.103 0.096 0.053 0.053 0.051;
0.066 0.067 0.053 0.092 0.103 0.094 0.032 0.081 0.041 0.053 0.063 0.066 0.039 0.09 0.06;0.066 0.067 0.094 0.032 0.081 0.053 0.092 0.103 0.041 0.053 0.063 0.066 0.09 0.039 0.06;0.066 0.094 0.053 0.041 0.066 0.067 0.032 0.081 0.092 0.053 0.09 0.103 0.039 0.063 0.06;
0.064 0.086 0.045 0.094 0.103 0.093 0.041 0.082 0.025 0.054 0.066 0.055 0.049 0.091 0.052;0.064 0.086 0.093 0.041 0.082 0.045 0.094 0.103 0.025 0.054 0.066 0.055 0.091 0.049 0.052;0.064 0.093 0.045 0.025 0.055 0.086 0.041 0.082 0.094 0.054 0.091 0.103 0.049 0.066 0.052;
0.069 0.086 0.056 0.085 0.092 0.077 0.043 0.089 0.026 0.046 0.061 0.06 0.052 0.108 0.05;0.069 0.086 0.077 0.043 0.089 0.056 0.085 0.092 0.026 0.046 0.061 0.06 0.108 0.052 0.05;0.069 0.077 0.056 0.026 0.06 0.086 0.043 0.089 0.085 0.046 0.108 0.092 0.052 0.061 0.05;
0.06 0.081 0.057 0.1 0.112 0.08 0.038 0.066 0.027 0.055 0.048 0.062 0.047 0.114 0.053;0.06 0.081 0.08 0.038 0.066 0.057 0.1 0.112 0.027 0.055 0.048 0.062 0.114 0.047 0.053;0.06 0.08 0.057 0.027 0.062 0.081 0.038 0.066 0.1 0.055 0.114 0.112 0.047 0.048 0.053;
0.053 0.081 0.052 0.09 0.093 0.088 0.031 0.095 0.029 0.062 0.057 0.061 0.057 0.094 0.057;0.053 0.081 0.088 0.031 0.095 0.052 0.09 0.093 0.029 0.062 0.057 0.061 0.094 0.057 0.057;0.053 0.088 0.052 0.029 0.061 0.081 0.031 0.095 0.09 0.062 0.094 0.093 0.057 0.057 0.057;
0.053 0.085 0.067 0.098 0.109 0.087 0.044 0.074 0.025 0.07 0.045 0.055 0.044 0.09 0.054;0.053 0.085 0.087 0.044 0.074 0.067 0.098 0.109 0.025 0.07 0.045 0.055 0.09 0.044 0.054;0.053 0.087 0.067 0.025 0.055 0.085 0.044 0.074 0.098 0.07 0.09 0.109 0.044 0.045 0.054;
0.06 0.095 0.071 0.085 0.091 0.077 0.035 0.086 0.04 0.055 0.053 0.059 0.059 0.082 0.052;0.06 0.095 0.077 0.035 0.086 0.071 0.085 0.091 0.04 0.055 0.053 0.059 0.082 0.059 0.052;0.06 0.077 0.071 0.04 0.059 0.095 0.035 0.086 0.085 0.055 0.082 0.091 0.059 0.053 0.052;
0.08 0.092 0.057 0.089 0.089 0.085 0.053 0.083 0.025 0.059 0.048 0.043 0.04 0.103 0.054;0.08 0.092 0.085 0.053 0.083 0.057 0.089 0.089 0.025 0.059 0.048 0.043 0.103 0.04 0.054;0.08 0.085 0.057 0.025 0.043 0.092 0.053 0.083 0.089 0.059 0.103 0.089 0.04 0.048 0.054;
0.069 0.088 0.056 0.095 0.089 0.099 0.041 0.085 0.027 0.052 0.048 0.061 0.057 0.089 0.044;0.069 0.088 0.099 0.041 0.085 0.056 0.095 0.089 0.027 0.052 0.048 0.061 0.089 0.057 0.044;0.069 0.099 0.056 0.027 0.061 0.088 0.041 0.085 0.095 0.052 0.089 0.089 0.057 0.048 0.044;
0.058 0.092 0.057 0.101 0.101 0.082 0.024 0.08 0.03 0.067 0.061 0.056 0.043 0.088 0.06;0.058 0.092 0.082 0.024 0.08 0.057 0.101 0.101 0.03 0.067 0.061 0.056 0.088 0.043 0.06;0.058 0.082 0.057 0.03 0.056 0.092 0.024 0.08 0.101 0.067 0.088 0.101 0.043 0.061 0.06;
0.056 0.087 0.057 0.087 0.104 0.089 0.034 0.08 0.029 0.056 0.058 0.053 0.052 0.103 0.055;0.056 0.087 0.089 0.034 0.08 0.057 0.087 0.104 0.029 0.056 0.058 0.053 0.103 0.052 0.055;0.056 0.089 0.057 0.029 0.053 0.087 0.034 0.08 0.087 0.056 0.103 0.104 0.052 0.058 0.055;
0.057 0.068 0.055 0.096 0.091 0.09 0.04 0.075 0.041 0.065 0.063 0.06 0.052 0.088 0.059;0.057 0.068 0.09 0.04 0.075 0.055 0.096 0.091 0.041 0.065 0.063 0.06 0.088 0.052 0.059;0.057 0.09 0.055 0.041 0.06 0.068 0.04 0.075 0.096 0.065 0.088 0.091 0.052 0.063 0.059;
0.071 0.081 0.056 0.083 0.112 0.075 0.043 0.076 0.032 0.047 0.069 0.066 0.054 0.084 0.051;0.071 0.081 0.075 0.043 0.076 0.056 0.083 0.112 0.032 0.047 0.069 0.066 0.084 0.054 0.051;0.071 0.075 0.056 0.032 0.066 0.081 0.043 0.076 0.083 0.047 0.084 0.112 0.054 0.069 0.051;
0.074 0.094 0.064 0.089 0.092 0.081 0.047 0.078 0.023 0.05 0.056 0.054 0.051 0.095 0.052;0.074 0.094 0.081 0.047 0.078 0.064 0.089 0.092 0.023 0.05 0.056 0.054 0.095 0.051 0.052;0.074 0.081 0.064 0.023 0.054 0.094 0.047 0.078 0.089 0.05 0.095 0.092 0.051 0.056 0.052;
0.064 0.063 0.052 0.11 0.103 0.072 0.032 0.091 0.032 0.057 0.066 0.059 0.054 0.098 0.047;0.064 0.063 0.072 0.032 0.091 0.052 0.11 0.103 0.032 0.057 0.066 0.059 0.098 0.054 0.047;0.064 0.072 0.052 0.032 0.059 0.063 0.032 0.091 0.11 0.057 0.098 0.103 0.054 0.066 0.047;
0.061 0.083 0.057 0.089 0.101 0.078 0.032 0.068 0.024 0.051 0.066 0.069 0.048 0.119 0.054;0.061 0.083 0.078 0.032 0.068 0.057 0.089 0.101 0.024 0.051 0.066 0.069 0.119 0.048 0.054;0.061 0.078 0.057 0.024 0.069 0.083 0.032 0.068 0.089 0.051 0.119 0.101 0.048 0.066 0.054;
0.046 0.087 0.059 0.116 0.112 0.068 0.03 0.086 0.034 0.052 0.056 0.054 0.054 0.088 0.058;0.046 0.087 0.068 0.03 0.086 0.059 0.116 0.112 0.034 0.052 0.056 0.054 0.088 0.054 0.058;0.046 0.068 0.059 0.034 0.054 0.087 0.03 0.086 0.116 0.052 0.088 0.112 0.054 0.056 0.058;
0.064 0.07 0.06 0.091 0.094 0.097 0.039 0.084 0.03 0.065 0.049 0.064 0.059 0.081 0.053;0.064 0.07 0.097 0.039 0.084 0.06 0.091 0.094 0.03 0.065 0.049 0.064 0.081 0.059 0.053;0.064 0.097 0.06 0.03 0.064 0.07 0.039 0.084 0.091 0.065 0.081 0.094 0.059 0.049 0.053;
0.053 0.078 0.06 0.096 0.087 0.091 0.052 0.084 0.03 0.053 0.061 0.054 0.051 0.081 0.069;0.053 0.078 0.091 0.052 0.084 0.06 0.096 0.087 0.03 0.053 0.061 0.054 0.081 0.051 0.069;0.053 0.091 0.06 0.03 0.054 0.078 0.052 0.084 0.096 0.053 0.081 0.087 0.051 0.061 0.069;
0.056 0.082 0.06 0.097 0.1 0.076 0.041 0.076 0.033 0.056 0.053 0.062 0.057 0.094 0.057;0.056 0.082 0.076 0.041 0.076 0.06 0.097 0.1 0.033 0.056 0.053 0.062 0.094 0.057 0.057;0.056 0.076 0.06 0.033 0.062 0.082 0.041 0.076 0.097 0.056 0.094 0.1 0.057 0.053 0.057;
0.074 0.089 0.043 0.09 0.101 0.076 0.045 0.077 0.028 0.061 0.065 0.055 0.045 0.092 0.059;0.074 0.089 0.076 0.045 0.077 0.043 0.09 0.101 0.028 0.061 0.065 0.055 0.092 0.045 0.059;0.074 0.076 0.043 0.028 0.055 0.089 0.045 0.077 0.09 0.061 0.092 0.101 0.045 0.065 0.059;
0.046 0.082 0.042 0.107 0.114 0.084 0.046 0.074 0.029 0.056 0.061 0.066 0.058 0.088 0.047;0.046 0.082 0.084 0.046 0.074 0.042 0.107 0.114 0.029 0.056 0.061 0.066 0.088 0.058 0.047;0.046 0.084 0.042 0.029 0.066 0.082 0.046 0.074 0.107 0.056 0.088 0.114 0.058 0.061 0.047;
0.079 0.09 0.058 0.093 0.103 0.069 0.042 0.076 0.022 0.058 0.055 0.051 0.054 0.097 0.053;0.079 0.09 0.069 0.042 0.076 0.058 0.093 0.103 0.022 0.058 0.055 0.051 0.097 0.054 0.053;0.079 0.069 0.058 0.022 0.051 0.09 0.042 0.076 0.093 0.058 0.097 0.103 0.054 0.055 0.053;
0.082 0.099 0.05 0.094 0.087 0.079 0.041 0.079 0.031 0.047 0.069 0.043 0.055 0.086 0.058;0.082 0.099 0.079 0.041 0.079 0.05 0.094 0.087 0.031 0.047 0.069 0.043 0.086 0.055 0.058;0.082 0.079 0.05 0.031 0.043 0.099 0.041 0.079 0.094 0.047 0.086 0.087 0.055 0.069 0.058;
0.048 0.075 0.068 0.103 0.083 0.088 0.044 0.069 0.029 0.047 0.056 0.07 0.053 0.107 0.06;0.048 0.075 0.088 0.044 0.069 0.068 0.103 0.083 0.029 0.047 0.056 0.07 0.107 0.053 0.06;0.048 0.088 0.068 0.029 0.07 0.075 0.044 0.069 0.103 0.047 0.107 0.083 0.053 0.056 0.06;
0.054 0.086 0.056 0.088 0.112 0.093 0.041 0.072 0.024 0.061 0.063 0.053 0.054 0.091 0.052;0.054 0.086 0.093 0.041 0.072 0.056 0.088 0.112 0.024 0.061 0.063 0.053 0.091 0.054 0.052;0.054 0.093 0.056 0.024 0.053 0.086 0.041 0.072 0.088 0.061 0.091 0.112 0.054 0.063 0.052;
0.057 0.084 0.051 0.101 0.097 0.101 0.028 0.092 0.027 0.054 0.061 0.059 0.05 0.088 0.05;0.057 0.084 0.101 0.028 0.092 0.051 0.101 0.097 0.027 0.054 0.061 0.059 0.088 0.05 0.05;0.057 0.101 0.051 0.027 0.059 0.084 0.028 0.092 0.101 0.054 0.088 0.097 0.05 0.061 0.05;
0.058 0.084 0.051 0.102 0.079 0.089 0.045 0.074 0.03 0.06 0.049 0.072 0.063 0.099 0.045;0.058 0.084 0.089 0.045 0.074 0.051 0.102 0.079 0.03 0.06 0.049 0.072 0.099 0.063 0.045;0.058 0.089 0.051 0.03 0.072 0.084 0.045 0.074 0.102 0.06 0.099 0.079 0.063 0.049 0.045;
0.061 0.07 0.052 0.096 0.098 0.094 0.049 0.085 0.029 0.055 0.055 0.043 0.046 0.105 0.062;0.061 0.07 0.094 0.049 0.085 0.052 0.096 0.098 0.029 0.055 0.055 0.043 0.105 0.046 0.062;0.061 0.094 0.052 0.029 0.043 0.07 0.049 0.085 0.096 0.055 0.105 0.098 0.046 0.055 0.062;
0.058 0.084 0.048 0.079 0.111 0.1 0.038 0.079 0.035 0.049 0.055 0.061 0.06 0.091 0.052;0.058 0.084 0.1 0.038 0.079 0.048 0.079 0.111 0.035 0.049 0.055 0.061 0.091 0.06 0.052;0.058 0.1 0.048 0.035 0.061 0.084 0.038 0.079 0.079 0.049 0.091 0.111 0.06 0.055 0.052;
0.059 0.086 0.045 0.091 0.106 0.086 0.05 0.084 0.026 0.06 0.059 0.05 0.052 0.1 0.046;0.059 0.086 0.086 0.05 0.084 0.045 0.091 0.106 0.026 0.06 0.059 0.05 0.1 0.052 0.046;0.059 0.086 0.045 0.026 0.05 0.086 0.05 0.084 0.091 0.06 0.1 0.106 0.052 0.059 0.046;
0.052 0.091 0.06 0.076 0.101 0.082 0.046 0.091 0.026 0.067 0.047 0.061 0.042 0.101 0.057;0.052 0.091 0.082 0.046 0.091 0.06 0.076 0.101 0.026 0.067 0.047 0.061 0.101 0.042 0.057;0.052 0.082 0.06 0.026 0.061 0.091 0.046 0.091 0.076 0.067 0.101 0.101 0.042 0.047 0.057;
0.053 0.096 0.061 0.078 0.095 0.081 0.037 0.072 0.026 0.069 0.069 0.062 0.041 0.116 0.044;0.053 0.096 0.081 0.037 0.072 0.061 0.078 0.095 0.026 0.069 0.069 0.062 0.116 0.041 0.044;0.053 0.081 0.061 0.026 0.062 0.096 0.037 0.072 0.078 0.069 0.116 0.095 0.041 0.069 0.044;
0.057 0.069 0.061 0.09 0.092 0.09 0.032 0.08 0.042 0.056 0.056 0.058 0.052 0.113 0.052;0.057 0.069 0.09 0.032 0.08 0.061 0.09 0.092 0.042 0.056 0.056 0.058 0.113 0.052 0.052;0.057 0.09 0.061 0.042 0.058 0.069 0.032 0.08 0.09 0.056 0.113 0.092 0.052 0.056 0.052;
0.07 0.07 0.049 0.088 0.096 0.084 0.041 0.094 0.028 0.061 0.061 0.06 0.04 0.104 0.054;0.07 0.07 0.084 0.041 0.094 0.049 0.088 0.096 0.028 0.061 0.061 0.06 0.104 0.04 0.054;0.07 0.084 0.049 0.028 0.06 0.07 0.041 0.094 0.088 0.061 0.104 0.096 0.04 0.061 0.054;
0.059 0.092 0.061 0.085 0.097 0.088 0.04 0.094 0.036 0.052 0.055 0.058 0.044 0.084 0.055;0.059 0.092 0.088 0.04 0.094 0.061 0.085 0.097 0.036 0.052 0.055 0.058 0.084 0.044 0.055;0.059 0.088 0.061 0.036 0.058 0.092 0.04 0.094 0.085 0.052 0.084 0.097 0.044 0.055 0.055;
0.067 0.069 0.053 0.099 0.097 0.095 0.038 0.085 0.027 0.049 0.058 0.056 0.051 0.112 0.044;0.067 0.069 0.095 0.038 0.085 0.053 0.099 0.097 0.027 0.049 0.058 0.056 0.112 0.051 0.044;0.067 0.095 0.053 0.027 0.056 0.069 0.038 0.085 0.099 0.049 0.112 0.097 0.051 0.058 0.044;
0.065 0.084 0.052 0.083 0.111 0.071 0.042 0.076 0.02 0.06 0.065 0.059 0.059 0.099 0.054;0.065 0.084 0.071 0.042 0.076 0.052 0.083 0.111 0.02 0.06 0.065 0.059 0.099 0.059 0.054;0.065 0.071 0.052 0.02 0.059 0.084 0.042 0.076 0.083 0.06 0.099 0.111 0.059 0.065 0.054;
0.062 0.077 0.055 0.09 0.099 0.086 0.043 0.085 0.026 0.052 0.06 0.05 0.07 0.098 0.047;0.062 0.077 0.086 0.043 0.085 0.055 0.09 0.099 0.026 0.052 0.06 0.05 0.098 0.07 0.047;0.062 0.086 0.055 0.026 0.05 0.077 0.043 0.085 0.09 0.052 0.098 0.099 0.07 0.06 0.047;
0.071 0.081 0.054 0.096 0.092 0.078 0.044 0.058 0.029 0.066 0.072 0.044 0.044 0.12 0.051;0.071 0.081 0.078 0.044 0.058 0.054 0.096 0.092 0.029 0.066 0.072 0.044 0.12 0.044 0.051;0.071 0.078 0.054 0.029 0.044 0.081 0.044 0.058 0.096 0.066 0.12 0.092 0.044 0.072 0.051;
0.06 0.09 0.054 0.101 0.1 0.081 0.037 0.093 0.035 0.049 0.054 0.061 0.053 0.091 0.041;0.06 0.09 0.081 0.037 0.093 0.054 0.101 0.1 0.035 0.049 0.054 0.061 0.091 0.053 0.041;0.06 0.081 0.054 0.035 0.061 0.09 0.037 0.093 0.101 0.049 0.091 0.1 0.053 0.054 0.041;
0.067 0.092 0.051 0.085 0.104 0.068 0.051 0.077 0.033 0.059 0.05 0.06 0.051 0.1 0.052;0.067 0.092 0.068 0.051 0.077 0.051 0.085 0.104 0.033 0.059 0.05 0.06 0.1 0.051 0.052;0.067 0.068 0.051 0.033 0.06 0.092 0.051 0.077 0.085 0.059 0.1 0.104 0.051 0.05 0.052;
0.067 0.089 0.057 0.096 0.113 0.088 0.039 0.07 0.031 0.048 0.055 0.049 0.048 0.092 0.058;0.067 0.089 0.088 0.039 0.07 0.057 0.096 0.113 0.031 0.048 0.055 0.049 0.092 0.048 0.058;0.067 0.088 0.057 0.031 0.049 0.089 0.039 0.07 0.096 0.048 0.092 0.113 0.048 0.055 0.058;
0.049 0.075 0.057 0.097 0.103 0.077 0.049 0.074 0.026 0.077 0.062 0.057 0.05 0.101 0.046;0.049 0.075 0.077 0.049 0.074 0.057 0.097 0.103 0.026 0.077 0.062 0.057 0.101 0.05 0.046;0.049 0.077 0.057 0.026 0.057 0.075 0.049 0.074 0.097 0.077 0.101 0.103 0.05 0.062 0.046;
0.057 0.087 0.048 0.089 0.086 0.076 0.045 0.068 0.027 0.07 0.051 0.066 0.052 0.119 0.059;0.057 0.087 0.076 0.045 0.068 0.048 0.089 0.086 0.027 0.07 0.051 0.066 0.119 0.052 0.059;0.057 0.076 0.048 0.027 0.066 0.087 0.045 0.068 0.089 0.07 0.119 0.086 0.052 0.051 0.059;
0.071 0.091 0.048 0.1 0.082 0.093 0.05 0.078 0.023 0.05 0.06 0.045 0.057 0.097 0.055;0.071 0.091 0.093 0.05 0.078 0.048 0.1 0.082 0.023 0.05 0.06 0.045 0.097 0.057 0.055;0.071 0.093 0.048 0.023 0.045 0.091 0.05 0.078 0.1 0.05 0.097 0.082 0.057 0.06 0.055;
0.079 0.087 0.062 0.094 0.095 0.067 0.039 0.079 0.034 0.053 0.046 0.058 0.055 0.102 0.05;0.079 0.087 0.067 0.039 0.079 0.062 0.094 0.095 0.034 0.053 0.046 0.058 0.102 0.055 0.05;0.079 0.067 0.062 0.034 0.058 0.087 0.039 0.079 0.094 0.053 0.102 0.095 0.055 0.046 0.05;
0.08 0.069 0.047 0.095 0.102 0.085 0.045 0.077 0.035 0.045 0.06 0.049 0.056 0.104 0.051;0.08 0.069 0.085 0.045 0.077 0.047 0.095 0.102 0.035 0.045 0.06 0.049 0.104 0.056 0.051;0.08 0.085 0.047 0.035 0.049 0.069 0.045 0.077 0.095 0.045 0.104 0.102 0.056 0.06 0.051;
0.06 0.072 0.053 0.092 0.118 0.082 0.046 0.071 0.033 0.047 0.048 0.063 0.051 0.102 0.062;0.06 0.072 0.082 0.046 0.071 0.053 0.092 0.118 0.033 0.047 0.048 0.063 0.102 0.051 0.062;0.06 0.082 0.053 0.033 0.063 0.072 0.046 0.071 0.092 0.047 0.102 0.118 0.051 0.048 0.062;
0.063 0.094 0.061 0.086 0.085 0.091 0.04 0.078 0.036 0.048 0.053 0.047 0.052 0.111 0.055;0.063 0.094 0.091 0.04 0.078 0.061 0.086 0.085 0.036 0.048 0.053 0.047 0.111 0.052 0.055;0.063 0.091 0.061 0.036 0.047 0.094 0.04 0.078 0.086 0.048 0.111 0.085 0.052 0.053 0.055;
0.073 0.077 0.055 0.092 0.109 0.088 0.026 0.079 0.036 0.045 0.056 0.054 0.047 0.113 0.05;0.073 0.077 0.088 0.026 0.079 0.055 0.092 0.109 0.036 0.045 0.056 0.054 0.113 0.047 0.05;0.073 0.088 0.055 0.036 0.054 0.077 0.026 0.079 0.092 0.045 0.113 0.109 0.047 0.056 0.05;
0.07 0.083 0.057 0.123 0.094 0.076 0.039 0.062 0.032 0.051 0.045 0.053 0.061 0.094 0.06;0.07 0.083 0.076 0.039 0.062 0.057 0.123 0.094 0.032 0.051 0.045 0.053 0.094 0.061 0.06;0.07 0.076 0.057 0.032 0.053 0.083 0.039 0.062 0.123 0.051 0.094 0.094 0.061 0.045 0.06;
0.052 0.082 0.057 0.087 0.086 0.092 0.04 0.078 0.024 0.07 0.06 0.07 0.054 0.106 0.042;0.052 0.082 0.092 0.04 0.078 0.057 0.087 0.086 0.024 0.07 0.06 0.07 0.106 0.054 0.042;0.052 0.092 0.057 0.024 0.07 0.082 0.04 0.078 0.087 0.07 0.106 0.086 0.054 0.06 0.042;
0.072 0.08 0.062 0.083 0.113 0.086 0.042 0.06 0.041 0.059 0.061 0.041 0.05 0.099 0.051;0.072 0.08 0.086 0.042 0.06 0.062 0.083 0.113 0.041 0.059 0.061 0.041 0.099 0.05 0.051;0.072 0.086 0.062 0.041 0.041 0.08 0.042 0.06 0.083 0.059 0.099 0.113 0.05 0.061 0.051;
0.056 0.073 0.064 0.091 0.119 0.102 0.044 0.088 0.026 0.045 0.035 0.056 0.062 0.097 0.042;0.056 0.073 0.102 0.044 0.088 0.064 0.091 0.119 0.026 0.045 0.035 0.056 0.097 0.062 0.042;0.056 0.102 0.064 0.026 0.056 0.073 0.044 0.088 0.091 0.045 0.097 0.119 0.062 0.035 0.042;
0.063 0.089 0.063 0.083 0.101 0.086 0.038 0.078 0.026 0.046 0.056 0.059 0.057 0.106 0.049;0.063 0.089 0.086 0.038 0.078 0.063 0.083 0.101 0.026 0.046 0.056 0.059 0.106 0.057 0.049;0.063 0.086 0.063 0.026 0.059 0.089 0.038 0.078 0.083 0.046 0.106 0.101 0.057 0.056 0.049;
0.054 0.07 0.056 0.108 0.106 0.081 0.036 0.076 0.036 0.052 0.054 0.058 0.057 0.108 0.048;0.054 0.07 0.081 0.036 0.076 0.056 0.108 0.106 0.036 0.052 0.054 0.058 0.108 0.057 0.048;0.054 0.081 0.056 0.036 0.058 0.07 0.036 0.076 0.108 0.052 0.108 0.106 0.057 0.054 0.048;
0.057 0.094 0.054 0.087 0.103 0.085 0.042 0.074 0.025 0.062 0.048 0.049 0.064 0.105 0.051;0.057 0.094 0.085 0.042 0.074 0.054 0.087 0.103 0.025 0.062 0.048 0.049 0.105 0.064 0.051;0.057 0.085 0.054 0.025 0.049 0.094 0.042 0.074 0.087 0.062 0.105 0.103 0.064 0.048 0.051;
0.062 0.093 0.058 0.087 0.089 0.074 0.029 0.084 0.035 0.064 0.058 0.061 0.043 0.111 0.052;0.062 0.093 0.074 0.029 0.084 0.058 0.087 0.089 0.035 0.064 0.058 0.061 0.111 0.043 0.052;0.062 0.074 0.058 0.035 0.061 0.093 0.029 0.084 0.087 0.064 0.111 0.089 0.043 0.058 0.052;
0.045 0.088 0.067 0.087 0.101 0.095 0.032 0.064 0.032 0.056 0.055 0.059 0.055 0.114 0.05;0.045 0.088 0.095 0.032 0.064 0.067 0.087 0.101 0.032 0.056 0.055 0.059 0.114 0.055 0.05;0.045 0.095 0.067 0.032 0.059 0.088 0.032 0.064 0.087 0.056 0.114 0.101 0.055 0.055 0.05;
0.078 0.078 0.05 0.099 0.104 0.091 0.041 0.072 0.025 0.056 0.057 0.06 0.045 0.093 0.051;0.078 0.078 0.091 0.041 0.072 0.05 0.099 0.104 0.025 0.056 0.057 0.06 0.093 0.045 0.051;0.078 0.091 0.05 0.025 0.06 0.078 0.041 0.072 0.099 0.056 0.093 0.104 0.045 0.057 0.051;
0.061 0.108 0.06 0.093 0.094 0.085 0.029 0.081 0.023 0.05 0.057 0.062 0.054 0.093 0.05;0.061 0.108 0.085 0.029 0.081 0.06 0.093 0.094 0.023 0.05 0.057 0.062 0.093 0.054 0.05;0.061 0.085 0.06 0.023 0.062 0.108 0.029 0.081 0.093 0.05 0.093 0.094 0.054 0.057 0.05;
0.059 0.082 0.043 0.075 0.108 0.084 0.043 0.076 0.027 0.06 0.049 0.061 0.063 0.104 0.066;0.059 0.082 0.084 0.043 0.076 0.043 0.075 0.108 0.027 0.06 0.049 0.061 0.104 0.063 0.066;0.059 0.084 0.043 0.027 0.061 0.082 0.043 0.076 0.075 0.06 0.104 0.108 0.063 0.049 0.066;
0.062 0.069 0.054 0.079 0.097 0.092 0.044 0.081 0.035 0.058 0.058 0.059 0.056 0.107 0.049;0.062 0.069 0.092 0.044 0.081 0.054 0.079 0.097 0.035 0.058 0.058 0.059 0.107 0.056 0.049;0.062 0.092 0.054 0.035 0.059 0.069 0.044 0.081 0.079 0.058 0.107 0.097 0.056 0.058 0.049;
0.065 0.084 0.049 0.105 0.095 0.079 0.036 0.086 0.031 0.045 0.052 0.075 0.046 0.103 0.049;0.065 0.084 0.079 0.036 0.086 0.049 0.105 0.095 0.031 0.045 0.052 0.075 0.103 0.046 0.049;0.065 0.079 0.049 0.031 0.075 0.084 0.036 0.086 0.105 0.045 0.103 0.095 0.046 0.052 0.049;
0.072 0.067 0.064 0.092 0.089 0.093 0.047 0.06 0.033 0.057 0.059 0.057 0.047 0.107 0.056;0.072 0.067 0.093 0.047 0.06 0.064 0.092 0.089 0.033 0.057 0.059 0.057 0.107 0.047 0.056;0.072 0.093 0.064 0.033 0.057 0.067 0.047 0.06 0.092 0.057 0.107 0.089 0.047 0.059 0.056;
0.05 0.075 0.044 0.088 0.093 0.083 0.04 0.084 0.034 0.058 0.068 0.06 0.057 0.108 0.058;0.05 0.075 0.083 0.04 0.084 0.044 0.088 0.093 0.034 0.058 0.068 0.06 0.108 0.057 0.058;0.05 0.083 0.044 0.034 0.06 0.075 0.04 0.084 0.088 0.058 0.108 0.093 0.057 0.068 0.058;
0.054 0.085 0.056 0.1 0.109 0.091 0.04 0.079 0.031 0.049 0.055 0.058 0.045 0.099 0.049;0.054 0.085 0.091 0.04 0.079 0.056 0.1 0.109 0.031 0.049 0.055 0.058 0.099 0.045 0.049;0.054 0.091 0.056 0.031 0.058 0.085 0.04 0.079 0.1 0.049 0.099 0.109 0.045 0.055 0.049;
0.06 0.087 0.065 0.076 0.123 0.085 0.033 0.084 0.03 0.06 0.058 0.052 0.045 0.094 0.048;0.06 0.087 0.085 0.033 0.084 0.065 0.076 0.123 0.03 0.06 0.058 0.052 0.094 0.045 0.048;0.06 0.085 0.065 0.03 0.052 0.087 0.033 0.084 0.076 0.06 0.094 0.123 0.045 0.058 0.048;
0.056 0.096 0.044 0.097 0.088 0.101 0.032 0.082 0.026 0.058 0.055 0.057 0.062 0.097 0.049;0.056 0.096 0.101 0.032 0.082 0.044 0.097 0.088 0.026 0.058 0.055 0.057 0.097 0.062 0.049;0.056 0.101 0.044 0.026 0.057 0.096 0.032 0.082 0.097 0.058 0.097 0.088 0.062 0.055 0.049;
0.061 0.101 0.051 0.094 0.103 0.098 0.041 0.072 0.023 0.045 0.052 0.054 0.053 0.101 0.051;0.061 0.101 0.098 0.041 0.072 0.051 0.094 0.103 0.023 0.045 0.052 0.054 0.101 0.053 0.051;0.061 0.098 0.051 0.023 0.054 0.101 0.041 0.072 0.094 0.045 0.101 0.103 0.053 0.052 0.051;
0.056 0.094 0.055 0.086 0.103 0.072 0.037 0.09 0.039 0.068 0.048 0.056 0.045 0.087 0.064;0.056 0.094 0.072 0.037 0.09 0.055 0.086 0.103 0.039 0.068 0.048 0.056 0.087 0.045 0.064;0.056 0.072 0.055 0.039 0.056 0.094 0.037 0.09 0.086 0.068 0.087 0.103 0.045 0.048 0.064;
0.062 0.087 0.061 0.101 0.105 0.078 0.037 0.076 0.025 0.04 0.06 0.058 0.06 0.097 0.053;0.062 0.087 0.078 0.037 0.076 0.061 0.101 0.105 0.025 0.04 0.06 0.058 0.097 0.06 0.053;0.062 0.078 0.061 0.025 0.058 0.087 0.037 0.076 0.101 0.04 0.097 0.105 0.06 0.06 0.053;
0.062 0.091 0.048 0.093 0.108 0.081 0.038 0.078 0.037 0.06 0.059 0.048 0.058 0.091 0.048;0.062 0.091 0.081 0.038 0.078 0.048 0.093 0.108 0.037 0.06 0.059 0.048 0.091 0.058 0.048;0.062 0.081 0.048 0.037 0.048 0.091 0.038 0.078 0.093 0.06 0.091 0.108 0.058 0.059 0.048;
0.063 0.09 0.06 0.098 0.09 0.09 0.043 0.064 0.032 0.047 0.06 0.056 0.059 0.092 0.056;0.063 0.09 0.09 0.043 0.064 0.06 0.098 0.09 0.032 0.047 0.06 0.056 0.092 0.059 0.056;0.063 0.09 0.06 0.032 0.056 0.09 0.043 0.064 0.098 0.047 0.092 0.09 0.059 0.06 0.056;
0.062 0.095 0.047 0.09 0.093 0.076 0.036 0.08 0.033 0.056 0.063 0.064 0.062 0.091 0.052;0.062 0.095 0.076 0.036 0.08 0.047 0.09 0.093 0.033 0.056 0.063 0.064 0.091 0.062 0.052;0.062 0.076 0.047 0.033 0.064 0.095 0.036 0.08 0.09 0.056 0.091 0.093 0.062 0.063 0.052;
0.071 0.077 0.062 0.107 0.099 0.076 0.045 0.072 0.024 0.047 0.061 0.058 0.057 0.096 0.048;0.071 0.077 0.076 0.045 0.072 0.062 0.107 0.099 0.024 0.047 0.061 0.058 0.096 0.057 0.048;0.071 0.076 0.062 0.024 0.058 0.077 0.045 0.072 0.107 0.047 0.096 0.099 0.057 0.061 0.048;
0.07 0.086 0.057 0.083 0.111 0.081 0.029 0.073 0.023 0.063 0.043 0.062 0.061 0.103 0.055;0.07 0.086 0.081 0.029 0.073 0.057 0.083 0.111 0.023 0.063 0.043 0.062 0.103 0.061 0.055;0.07 0.081 0.057 0.023 0.062 0.086 0.029 0.073 0.083 0.063 0.103 0.111 0.061 0.043 0.055;
0.054 0.088 0.062 0.093 0.098 0.075 0.045 0.078 0.028 0.05 0.048 0.064 0.068 0.089 0.06;0.054 0.088 0.075 0.045 0.078 0.062 0.093 0.098 0.028 0.05 0.048 0.064 0.089 0.068 0.06;0.054 0.075 0.062 0.028 0.064 0.088 0.045 0.078 0.093 0.05 0.089 0.098 0.068 0.048 0.06;
0.062 0.086 0.048 0.102 0.087 0.085 0.04 0.092 0.035 0.049 0.055 0.047 0.054 0.099 0.059;0.062 0.086 0.085 0.04 0.092 0.048 0.102 0.087 0.035 0.049 0.055 0.047 0.099 0.054 0.059;0.062 0.085 0.048 0.035 0.047 0.086 0.04 0.092 0.102 0.049 0.099 0.087 0.054 0.055 0.059;
0.069 0.076 0.063 0.089 0.084 0.082 0.038 0.077 0.028 0.067 0.064 0.059 0.051 0.087 0.066;0.069 0.076 0.082 0.038 0.077 0.063 0.089 0.084 0.028 0.067 0.064 0.059 0.087 0.051 0.066;0.069 0.082 0.063 0.028 0.059 0.076 0.038 0.077 0.089 0.067 0.087 0.084 0.051 0.064 0.066;
0.079 0.077 0.055 0.1 0.091 0.077 0.032 0.082 0.025 0.063 0.05 0.061 0.065 0.103 0.04;0.079 0.077 0.077 0.032 0.082 0.055 0.1 0.091 0.025 0.063 0.05 0.061 0.103 0.065 0.04;0.079 0.077 0.055 0.025 0.061 0.077 0.032 0.082 0.1 0.063 0.103 0.091 0.065 0.05 0.04;
0.059 0.095 0.055 0.09 0.086 0.071 0.037 0.079 0.045 0.045 0.061 0.068 0.056 0.11 0.043;0.059 0.095 0.071 0.037 0.079 0.055 0.09 0.086 0.045 0.045 0.061 0.068 0.11 0.056 0.043;0.059 0.071 0.055 0.045 0.068 0.095 0.037 0.079 0.09 0.045 0.11 0.086 0.056 0.061 0.043;
0.065 0.093 0.068 0.101 0.088 0.095 0.043 0.067 0.021 0.064 0.05 0.054 0.057 0.091 0.043;0.065 0.093 0.095 0.043 0.067 0.068 0.101 0.088 0.021 0.064 0.05 0.054 0.091 0.057 0.043;0.065 0.095 0.068 0.021 0.054 0.093 0.043 0.067 0.101 0.064 0.091 0.088 0.057 0.05 0.043;
0.057 0.101 0.054 0.075 0.105 0.08 0.042 0.076 0.019 0.057 0.077 0.062 0.042 0.106 0.047;0.057 0.101 0.08 0.042 0.076 0.054 0.075 0.105 0.019 0.057 0.077 0.062 0.106 0.042 0.047;0.057 0.08 0.054 0.019 0.062 0.101 0.042 0.076 0.075 0.057 0.106 0.105 0.042 0.077 0.047;
0.055 0.087 0.055 0.094 0.098 0.089 0.042 0.082 0.034 0.062 0.057 0.059 0.052 0.091 0.043;0.055 0.087 0.089 0.042 0.082 0.055 0.094 0.098 0.034 0.062 0.057 0.059 0.091 0.052 0.043;0.055 0.089 0.055 0.034 0.059 0.087 0.042 0.082 0.094 0.062 0.091 0.098 0.052 0.057 0.043;
0.065 0.081 0.049 0.086 0.103 0.08 0.047 0.085 0.032 0.052 0.059 0.066 0.037 0.103 0.055;0.065 0.081 0.08 0.047 0.085 0.049 0.086 0.103 0.032 0.052 0.059 0.066 0.103 0.037 0.055;0.065 0.08 0.049 0.032 0.066 0.081 0.047 0.085 0.086 0.052 0.103 0.103 0.037 0.059 0.055;
0.06 0.087 0.058 0.095 0.108 0.083 0.028 0.086 0.035 0.052 0.049 0.059 0.048 0.102 0.05;0.06 0.087 0.083 0.028 0.086 0.058 0.095 0.108 0.035 0.052 0.049 0.059 0.102 0.048 0.05;0.06 0.083 0.058 0.035 0.059 0.087 0.028 0.086 0.095 0.052 0.102 0.108 0.048 0.049 0.05;
0.065 0.068 0.055 0.081 0.107 0.101 0.042 0.085 0.023 0.068 0.071 0.05 0.058 0.077 0.049;0.065 0.068 0.101 0.042 0.085 0.055 0.081 0.107 0.023 0.068 0.071 0.05 0.077 0.058 0.049;0.065 0.101 0.055 0.023 0.05 0.068 0.042 0.085 0.081 0.068 0.077 0.107 0.058 0.071 0.049;
0.059 0.087 0.057 0.09 0.117 0.085 0.037 0.07 0.046 0.065 0.054 0.047 0.048 0.085 0.053;0.059 0.087 0.085 0.037 0.07 0.057 0.09 0.117 0.046 0.065 0.054 0.047 0.085 0.048 0.053;0.059 0.085 0.057 0.046 0.047 0.087 0.037 0.07 0.09 0.065 0.085 0.117 0.048 0.054 0.053;
0.066 0.097 0.064 0.08 0.109 0.085 0.04 0.064 0.024 0.061 0.052 0.054 0.059 0.1 0.045;0.066 0.097 0.085 0.04 0.064 0.064 0.08 0.109 0.024 0.061 0.052 0.054 0.1 0.059 0.045;0.066 0.085 0.064 0.024 0.054 0.097 0.04 0.064 0.08 0.061 0.1 0.109 0.059 0.052 0.045;
0.049 0.089 0.061 0.086 0.095 0.094 0.034 0.079 0.037 0.059 0.051 0.053 0.057 0.101 0.055;0.049 0.089 0.094 0.034 0.079 0.061 0.086 0.095 0.037 0.059 0.051 0.053 0.101 0.057 0.055;0.049 0.094 0.061 0.037 0.053 0.089 0.034 0.079 0.086 0.059 0.101 0.095 0.057 0.051 0.055;
0.06 0.077 0.062 0.085 0.101 0.089 0.042 0.063 0.041 0.052 0.07 0.059 0.051 0.098 0.05;0.06 0.077 0.089 0.042 0.063 0.062 0.085 0.101 0.041 0.052 0.07 0.059 0.098 0.051 0.05;0.06 0.089 0.062 0.041 0.059 0.077 0.042 0.063 0.085 0.052 0.098 0.101 0.051 0.07 0.05];