pntP=[0.04 0.063 0.055 0.072 0.098 0.061 0.034 0.077 0.04 0.069 0.057 0.073 0.065 0.128 0.068;0.04 0.063 0.061 0.034 0.077 0.055 0.072 0.098 0.04 0.069 0.057 0.073 0.128 0.065 0.068;0.04 0.061 0.055 0.04 0.073 0.063 0.034 0.077 0.072 0.069 0.128 0.098 0.065 0.057 0.068;
0.034 0.072 0.065 0.071 0.106 0.068 0.041 0.066 0.037 0.065 0.069 0.075 0.063 0.115 0.053;0.034 0.072 0.068 0.041 0.066 0.065 0.071 0.106 0.037 0.065 0.069 0.075 0.115 0.063 0.053;0.034 0.068 0.065 0.037 0.075 0.072 0.041 0.066 0.071 0.065 0.115 0.106 0.063 0.069 0.053;
0.045 0.064 0.051 0.082 0.107 0.074 0.033 0.077 0.036 0.058 0.055 0.085 0.061 0.105 0.067;0.045 0.064 0.074 0.033 0.077 0.051 0.082 0.107 0.036 0.058 0.055 0.085 0.105 0.061 0.067;0.045 0.074 0.051 0.036 0.085 0.064 0.033 0.077 0.082 0.058 0.105 0.107 0.061 0.055 0.067;
0.055 0.078 0.048 0.081 0.092 0.063 0.041 0.08 0.044 0.05 0.073 0.074 0.049 0.096 0.076;0.055 0.078 0.063 0.041 0.08 0.048 0.081 0.092 0.044 0.05 0.073 0.074 0.096 0.049 0.076;0.055 0.063 0.048 0.044 0.074 0.078 0.041 0.08 0.081 0.05 0.096 0.092 0.049 0.073 0.076;
0.049 0.071 0.046 0.069 0.103 0.081 0.049 0.084 0.037 0.058 0.069 0.071 0.056 0.102 0.055;0.049 0.071 0.081 0.049 0.084 0.046 0.069 0.103 0.037 0.058 0.069 0.071 0.102 0.056 0.055;0.049 0.081 0.046 0.037 0.071 0.071 0.049 0.084 0.069 0.058 0.102 0.103 0.056 0.069 0.055;
0.04 0.069 0.061 0.055 0.088 0.068 0.038 0.083 0.035 0.065 0.062 0.084 0.068 0.117 0.067;0.04 0.069 0.068 0.038 0.083 0.061 0.055 0.088 0.035 0.065 0.062 0.084 0.117 0.068 0.067;0.04 0.068 0.061 0.035 0.084 0.069 0.038 0.083 0.055 0.065 0.117 0.088 0.068 0.062 0.067;
0.042 0.083 0.058 0.071 0.09 0.074 0.047 0.064 0.047 0.05 0.063 0.074 0.064 0.116 0.057;0.042 0.083 0.074 0.047 0.064 0.058 0.071 0.09 0.047 0.05 0.063 0.074 0.116 0.064 0.057;0.042 0.074 0.058 0.047 0.074 0.083 0.047 0.064 0.071 0.05 0.116 0.09 0.064 0.063 0.057;
0.052 0.065 0.05 0.087 0.102 0.057 0.04 0.079 0.043 0.062 0.078 0.067 0.061 0.087 0.07;0.052 0.065 0.057 0.04 0.079 0.05 0.087 0.102 0.043 0.062 0.078 0.067 0.087 0.061 0.07;0.052 0.057 0.05 0.043 0.067 0.065 0.04 0.079 0.087 0.062 0.087 0.102 0.061 0.078 0.07;
0.037 0.064 0.058 0.056 0.095 0.065 0.048 0.089 0.033 0.061 0.056 0.07 0.084 0.105 0.079;0.037 0.064 0.065 0.048 0.089 0.058 0.056 0.095 0.033 0.061 0.056 0.07 0.105 0.084 0.079;0.037 0.065 0.058 0.033 0.07 0.064 0.048 0.089 0.056 0.061 0.105 0.095 0.084 0.056 0.079;
0.056 0.06 0.048 0.092 0.097 0.067 0.03 0.076 0.041 0.055 0.083 0.065 0.061 0.108 0.061;0.056 0.06 0.067 0.03 0.076 0.048 0.092 0.097 0.041 0.055 0.083 0.065 0.108 0.061 0.061;0.056 0.067 0.048 0.041 0.065 0.06 0.03 0.076 0.092 0.055 0.108 0.097 0.061 0.083 0.061;
0.033 0.065 0.055 0.086 0.096 0.073 0.038 0.089 0.039 0.068 0.059 0.068 0.06 0.091 0.08;0.033 0.065 0.073 0.038 0.089 0.055 0.086 0.096 0.039 0.068 0.059 0.068 0.091 0.06 0.08;0.033 0.073 0.055 0.039 0.068 0.065 0.038 0.089 0.086 0.068 0.091 0.096 0.06 0.059 0.08;
0.045 0.065 0.059 0.074 0.132 0.073 0.038 0.065 0.032 0.055 0.075 0.074 0.058 0.089 0.066;0.045 0.065 0.073 0.038 0.065 0.059 0.074 0.132 0.032 0.055 0.075 0.074 0.089 0.058 0.066;0.045 0.073 0.059 0.032 0.074 0.065 0.038 0.065 0.074 0.055 0.089 0.132 0.058 0.075 0.066;
0.043 0.062 0.043 0.075 0.088 0.067 0.047 0.068 0.038 0.07 0.064 0.065 0.079 0.12 0.071;0.043 0.062 0.067 0.047 0.068 0.043 0.075 0.088 0.038 0.07 0.064 0.065 0.12 0.079 0.071;0.043 0.067 0.043 0.038 0.065 0.062 0.047 0.068 0.075 0.07 0.12 0.088 0.079 0.064 0.071;
0.033 0.078 0.059 0.079 0.109 0.064 0.041 0.076 0.035 0.052 0.073 0.067 0.062 0.104 0.068;0.033 0.078 0.064 0.041 0.076 0.059 0.079 0.109 0.035 0.052 0.073 0.067 0.104 0.062 0.068;0.033 0.064 0.059 0.035 0.067 0.078 0.041 0.076 0.079 0.052 0.104 0.109 0.062 0.073 0.068;
0.044 0.059 0.065 0.087 0.102 0.065 0.042 0.065 0.03 0.057 0.061 0.07 0.068 0.116 0.069;0.044 0.059 0.065 0.042 0.065 0.065 0.087 0.102 0.03 0.057 0.061 0.07 0.116 0.068 0.069;0.044 0.065 0.065 0.03 0.07 0.059 0.042 0.065 0.087 0.057 0.116 0.102 0.068 0.061 0.069;
0.044 0.073 0.051 0.087 0.096 0.071 0.027 0.077 0.041 0.054 0.055 0.079 0.066 0.119 0.06;0.044 0.073 0.071 0.027 0.077 0.051 0.087 0.096 0.041 0.054 0.055 0.079 0.119 0.066 0.06;0.044 0.071 0.051 0.041 0.079 0.073 0.027 0.077 0.087 0.054 0.119 0.096 0.066 0.055 0.06;
0.048 0.074 0.061 0.081 0.089 0.067 0.027 0.078 0.041 0.06 0.059 0.094 0.068 0.104 0.049;0.048 0.074 0.067 0.027 0.078 0.061 0.081 0.089 0.041 0.06 0.059 0.094 0.104 0.068 0.049;0.048 0.067 0.061 0.041 0.094 0.074 0.027 0.078 0.081 0.06 0.104 0.089 0.068 0.059 0.049;
0.036 0.071 0.045 0.089 0.121 0.066 0.042 0.061 0.032 0.047 0.075 0.069 0.084 0.099 0.063;0.036 0.071 0.066 0.042 0.061 0.045 0.089 0.121 0.032 0.047 0.075 0.069 0.099 0.084 0.063;0.036 0.066 0.045 0.032 0.069 0.071 0.042 0.061 0.089 0.047 0.099 0.121 0.084 0.075 0.063;
0.055 0.075 0.049 0.084 0.093 0.065 0.047 0.076 0.042 0.055 0.064 0.074 0.048 0.118 0.055;0.055 0.075 0.065 0.047 0.076 0.049 0.084 0.093 0.042 0.055 0.064 0.074 0.118 0.048 0.055;0.055 0.065 0.049 0.042 0.074 0.075 0.047 0.076 0.084 0.055 0.118 0.093 0.048 0.064 0.055;
0.036 0.097 0.041 0.071 0.108 0.06 0.034 0.086 0.037 0.063 0.075 0.068 0.06 0.105 0.059;0.036 0.097 0.06 0.034 0.086 0.041 0.071 0.108 0.037 0.063 0.075 0.068 0.105 0.06 0.059;0.036 0.06 0.041 0.037 0.068 0.097 0.034 0.086 0.071 0.063 0.105 0.108 0.06 0.075 0.059;
0.053 0.061 0.048 0.086 0.101 0.079 0.044 0.063 0.044 0.058 0.059 0.071 0.071 0.086 0.076;0.053 0.061 0.079 0.044 0.063 0.048 0.086 0.101 0.044 0.058 0.059 0.071 0.086 0.071 0.076;0.053 0.079 0.048 0.044 0.071 0.061 0.044 0.063 0.086 0.058 0.086 0.101 0.071 0.059 0.076;
0.043 0.075 0.063 0.078 0.093 0.086 0.028 0.071 0.044 0.061 0.084 0.053 0.055 0.106 0.06;0.043 0.075 0.086 0.028 0.071 0.063 0.078 0.093 0.044 0.061 0.084 0.053 0.106 0.055 0.06;0.043 0.086 0.063 0.044 0.053 0.075 0.028 0.071 0.078 0.061 0.106 0.093 0.055 0.084 0.06;
0.041 0.057 0.063 0.085 0.114 0.08 0.044 0.078 0.034 0.056 0.064 0.077 0.062 0.094 0.051;0.041 0.057 0.08 0.044 0.078 0.063 0.085 0.114 0.034 0.056 0.064 0.077 0.094 0.062 0.051;0.041 0.08 0.063 0.034 0.077 0.057 0.044 0.078 0.085 0.056 0.094 0.114 0.062 0.064 0.051;
0.038 0.062 0.063 0.083 0.086 0.079 0.038 0.089 0.042 0.052 0.078 0.051 0.071 0.09 0.078;0.038 0.062 0.079 0.038 0.089 0.063 0.083 0.086 0.042 0.052 0.078 0.051 0.09 0.071 0.078;0.038 0.079 0.063 0.042 0.051 0.062 0.038 0.089 0.083 0.052 0.09 0.086 0.071 0.078 0.078;
0.053 0.065 0.054 0.079 0.098 0.06 0.045 0.082 0.034 0.059 0.061 0.089 0.065 0.096 0.06;0.053 0.065 0.06 0.045 0.082 0.054 0.079 0.098 0.034 0.059 0.061 0.089 0.096 0.065 0.06;0.053 0.06 0.054 0.034 0.089 0.065 0.045 0.082 0.079 0.059 0.096 0.098 0.065 0.061 0.06;
0.048 0.083 0.042 0.07 0.105 0.074 0.03 0.081 0.044 0.053 0.059 0.076 0.068 0.103 0.064;0.048 0.083 0.074 0.03 0.081 0.042 0.07 0.105 0.044 0.053 0.059 0.076 0.103 0.068 0.064;0.048 0.074 0.042 0.044 0.076 0.083 0.03 0.081 0.07 0.053 0.103 0.105 0.068 0.059 0.064;
0.05 0.063 0.055 0.084 0.104 0.058 0.033 0.063 0.031 0.055 0.058 0.081 0.077 0.116 0.072;0.05 0.063 0.058 0.033 0.063 0.055 0.084 0.104 0.031 0.055 0.058 0.081 0.116 0.077 0.072;0.05 0.058 0.055 0.031 0.081 0.063 0.033 0.063 0.084 0.055 0.116 0.104 0.077 0.058 0.072;
0.056 0.069 0.052 0.078 0.101 0.072 0.044 0.073 0.048 0.049 0.058 0.065 0.066 0.106 0.063;0.056 0.069 0.072 0.044 0.073 0.052 0.078 0.101 0.048 0.049 0.058 0.065 0.106 0.066 0.063;0.056 0.072 0.052 0.048 0.065 0.069 0.044 0.073 0.078 0.049 0.106 0.101 0.066 0.058 0.063;
0.047 0.067 0.059 0.073 0.11 0.061 0.045 0.079 0.042 0.056 0.066 0.063 0.06 0.112 0.06;0.047 0.067 0.061 0.045 0.079 0.059 0.073 0.11 0.042 0.056 0.066 0.063 0.112 0.06 0.06;0.047 0.061 0.059 0.042 0.063 0.067 0.045 0.079 0.073 0.056 0.112 0.11 0.06 0.066 0.06;
0.04 0.078 0.054 0.082 0.091 0.067 0.035 0.075 0.034 0.077 0.066 0.076 0.05 0.118 0.057;0.04 0.078 0.067 0.035 0.075 0.054 0.082 0.091 0.034 0.077 0.066 0.076 0.118 0.05 0.057;0.04 0.067 0.054 0.034 0.076 0.078 0.035 0.075 0.082 0.077 0.118 0.091 0.05 0.066 0.057;
0.048 0.068 0.061 0.08 0.092 0.075 0.038 0.082 0.047 0.047 0.051 0.063 0.076 0.102 0.07;0.048 0.068 0.075 0.038 0.082 0.061 0.08 0.092 0.047 0.047 0.051 0.063 0.102 0.076 0.07;0.048 0.075 0.061 0.047 0.063 0.068 0.038 0.082 0.08 0.047 0.102 0.092 0.076 0.051 0.07;
0.034 0.057 0.061 0.08 0.112 0.098 0.032 0.081 0.038 0.051 0.062 0.074 0.073 0.084 0.063;0.034 0.057 0.098 0.032 0.081 0.061 0.08 0.112 0.038 0.051 0.062 0.074 0.084 0.073 0.063;0.034 0.098 0.061 0.038 0.074 0.057 0.032 0.081 0.08 0.051 0.084 0.112 0.073 0.062 0.063;
0.05 0.062 0.06 0.087 0.113 0.069 0.028 0.071 0.042 0.053 0.078 0.059 0.067 0.094 0.067;0.05 0.062 0.069 0.028 0.071 0.06 0.087 0.113 0.042 0.053 0.078 0.059 0.094 0.067 0.067;0.05 0.069 0.06 0.042 0.059 0.062 0.028 0.071 0.087 0.053 0.094 0.113 0.067 0.078 0.067;
0.041 0.063 0.061 0.078 0.104 0.067 0.047 0.062 0.05 0.079 0.065 0.061 0.06 0.107 0.055;0.041 0.063 0.067 0.047 0.062 0.061 0.078 0.104 0.05 0.079 0.065 0.061 0.107 0.06 0.055;0.041 0.067 0.061 0.05 0.061 0.063 0.047 0.062 0.078 0.079 0.107 0.104 0.06 0.065 0.055;
0.046 0.073 0.057 0.075 0.097 0.088 0.039 0.075 0.021 0.048 0.062 0.07 0.08 0.117 0.052;0.046 0.073 0.088 0.039 0.075 0.057 0.075 0.097 0.021 0.048 0.062 0.07 0.117 0.08 0.052;0.046 0.088 0.057 0.021 0.07 0.073 0.039 0.075 0.075 0.048 0.117 0.097 0.08 0.062 0.052;
0.045 0.075 0.052 0.076 0.106 0.073 0.033 0.087 0.04 0.06 0.063 0.063 0.063 0.106 0.058;0.045 0.075 0.073 0.033 0.087 0.052 0.076 0.106 0.04 0.06 0.063 0.063 0.106 0.063 0.058;0.045 0.073 0.052 0.04 0.063 0.075 0.033 0.087 0.076 0.06 0.106 0.106 0.063 0.063 0.058;
0.038 0.068 0.059 0.082 0.11 0.071 0.039 0.079 0.04 0.058 0.062 0.065 0.065 0.104 0.06;0.038 0.068 0.071 0.039 0.079 0.059 0.082 0.11 0.04 0.058 0.062 0.065 0.104 0.065 0.06;0.038 0.071 0.059 0.04 0.065 0.068 0.039 0.079 0.082 0.058 0.104 0.11 0.065 0.062 0.06;
0.042 0.054 0.051 0.077 0.098 0.072 0.044 0.084 0.035 0.052 0.071 0.075 0.074 0.112 0.059;0.042 0.054 0.072 0.044 0.084 0.051 0.077 0.098 0.035 0.052 0.071 0.075 0.112 0.074 0.059;0.042 0.072 0.051 0.035 0.075 0.054 0.044 0.084 0.077 0.052 0.112 0.098 0.074 0.071 0.059;
0.05 0.073 0.055 0.074 0.107 0.074 0.044 0.081 0.035 0.044 0.056 0.07 0.052 0.121 0.064;0.05 0.073 0.074 0.044 0.081 0.055 0.074 0.107 0.035 0.044 0.056 0.07 0.121 0.052 0.064;0.05 0.074 0.055 0.035 0.07 0.073 0.044 0.081 0.074 0.044 0.121 0.107 0.052 0.056 0.064;
0.044 0.077 0.057 0.079 0.112 0.083 0.044 0.078 0.032 0.052 0.053 0.065 0.049 0.115 0.06;0.044 0.077 0.083 0.044 0.078 0.057 0.079 0.112 0.032 0.052 0.053 0.065 0.115 0.049 0.06;0.044 0.083 0.057 0.032 0.065 0.077 0.044 0.078 0.079 0.052 0.115 0.112 0.049 0.053 0.06;
0.036 0.064 0.073 0.081 0.105 0.072 0.041 0.074 0.033 0.062 0.066 0.071 0.069 0.09 0.063;0.036 0.064 0.072 0.041 0.074 0.073 0.081 0.105 0.033 0.062 0.066 0.071 0.09 0.069 0.063;0.036 0.072 0.073 0.033 0.071 0.064 0.041 0.074 0.081 0.062 0.09 0.105 0.069 0.066 0.063;
0.049 0.075 0.057 0.074 0.091 0.068 0.047 0.085 0.038 0.045 0.072 0.066 0.063 0.1 0.07;0.049 0.075 0.068 0.047 0.085 0.057 0.074 0.091 0.038 0.045 0.072 0.066 0.1 0.063 0.07;0.049 0.068 0.057 0.038 0.066 0.075 0.047 0.085 0.074 0.045 0.1 0.091 0.063 0.072 0.07;
0.046 0.077 0.05 0.097 0.088 0.085 0.047 0.06 0.037 0.073 0.057 0.058 0.059 0.113 0.053;0.046 0.077 0.085 0.047 0.06 0.05 0.097 0.088 0.037 0.073 0.057 0.058 0.113 0.059 0.053;0.046 0.085 0.05 0.037 0.058 0.077 0.047 0.06 0.097 0.073 0.113 0.088 0.059 0.057 0.053;
0.052 0.073 0.053 0.076 0.107 0.073 0.027 0.083 0.038 0.053 0.082 0.062 0.063 0.102 0.056;0.052 0.073 0.073 0.027 0.083 0.053 0.076 0.107 0.038 0.053 0.082 0.062 0.102 0.063 0.056;0.052 0.073 0.053 0.038 0.062 0.073 0.027 0.083 0.076 0.053 0.102 0.107 0.063 0.082 0.056;
0.032 0.073 0.061 0.078 0.107 0.077 0.045 0.078 0.038 0.054 0.067 0.065 0.061 0.099 0.065;0.032 0.073 0.077 0.045 0.078 0.061 0.078 0.107 0.038 0.054 0.067 0.065 0.099 0.061 0.065;0.032 0.077 0.061 0.038 0.065 0.073 0.045 0.078 0.078 0.054 0.099 0.107 0.061 0.067 0.065;
0.055 0.075 0.047 0.08 0.115 0.074 0.041 0.064 0.04 0.053 0.063 0.068 0.06 0.104 0.061;0.055 0.075 0.074 0.041 0.064 0.047 0.08 0.115 0.04 0.053 0.063 0.068 0.104 0.06 0.061;0.055 0.074 0.047 0.04 0.068 0.075 0.041 0.064 0.08 0.053 0.104 0.115 0.06 0.063 0.061;
0.055 0.087 0.063 0.088 0.088 0.081 0.029 0.072 0.037 0.058 0.064 0.061 0.064 0.103 0.05;0.055 0.087 0.081 0.029 0.072 0.063 0.088 0.088 0.037 0.058 0.064 0.061 0.103 0.064 0.05;0.055 0.081 0.063 0.037 0.061 0.087 0.029 0.072 0.088 0.058 0.103 0.088 0.064 0.064 0.05;
0.045 0.056 0.052 0.085 0.088 0.061 0.056 0.09 0.027 0.065 0.084 0.065 0.071 0.101 0.054;0.045 0.056 0.061 0.056 0.09 0.052 0.085 0.088 0.027 0.065 0.084 0.065 0.101 0.071 0.054;0.045 0.061 0.052 0.027 0.065 0.056 0.056 0.09 0.085 0.065 0.101 0.088 0.071 0.084 0.054;
0.042 0.075 0.06 0.104 0.115 0.066 0.041 0.075 0.035 0.053 0.06 0.062 0.06 0.098 0.054;0.042 0.075 0.066 0.041 0.075 0.06 0.104 0.115 0.035 0.053 0.06 0.062 0.098 0.06 0.054;0.042 0.066 0.06 0.035 0.062 0.075 0.041 0.075 0.104 0.053 0.098 0.115 0.06 0.06 0.054;
0.042 0.064 0.054 0.074 0.105 0.081 0.042 0.06 0.029 0.067 0.07 0.081 0.062 0.107 0.062;0.042 0.064 0.081 0.042 0.06 0.054 0.074 0.105 0.029 0.067 0.07 0.081 0.107 0.062 0.062;0.042 0.081 0.054 0.029 0.081 0.064 0.042 0.06 0.074 0.067 0.107 0.105 0.062 0.07 0.062;
0.054 0.066 0.052 0.075 0.121 0.088 0.04 0.059 0.049 0.05 0.051 0.065 0.06 0.089 0.081;0.054 0.066 0.088 0.04 0.059 0.052 0.075 0.121 0.049 0.05 0.051 0.065 0.089 0.06 0.081;0.054 0.088 0.052 0.049 0.065 0.066 0.04 0.059 0.075 0.05 0.089 0.121 0.06 0.051 0.081;
0.042 0.071 0.058 0.056 0.111 0.063 0.036 0.077 0.03 0.059 0.083 0.075 0.058 0.112 0.069;0.042 0.071 0.063 0.036 0.077 0.058 0.056 0.111 0.03 0.059 0.083 0.075 0.112 0.058 0.069;0.042 0.063 0.058 0.03 0.075 0.071 0.036 0.077 0.056 0.059 0.112 0.111 0.058 0.083 0.069;
0.045 0.067 0.055 0.087 0.094 0.069 0.036 0.064 0.046 0.066 0.065 0.074 0.064 0.096 0.072;0.045 0.067 0.069 0.036 0.064 0.055 0.087 0.094 0.046 0.066 0.065 0.074 0.096 0.064 0.072;0.045 0.069 0.055 0.046 0.074 0.067 0.036 0.064 0.087 0.066 0.096 0.094 0.064 0.065 0.072;
0.036 0.065 0.058 0.068 0.111 0.059 0.037 0.07 0.041 0.057 0.065 0.076 0.063 0.112 0.082;0.036 0.065 0.059 0.037 0.07 0.058 0.068 0.111 0.041 0.057 0.065 0.076 0.112 0.063 0.082;0.036 0.059 0.058 0.041 0.076 0.065 0.037 0.07 0.068 0.057 0.112 0.111 0.063 0.065 0.082;
0.044 0.069 0.052 0.078 0.098 0.073 0.043 0.069 0.044 0.068 0.065 0.07 0.064 0.112 0.051;0.044 0.069 0.073 0.043 0.069 0.052 0.078 0.098 0.044 0.068 0.065 0.07 0.112 0.064 0.051;0.044 0.073 0.052 0.044 0.07 0.069 0.043 0.069 0.078 0.068 0.112 0.098 0.064 0.065 0.051;
0.031 0.074 0.067 0.072 0.101 0.057 0.048 0.07 0.04 0.06 0.066 0.081 0.066 0.104 0.063;0.031 0.074 0.057 0.048 0.07 0.067 0.072 0.101 0.04 0.06 0.066 0.081 0.104 0.066 0.063;0.031 0.057 0.067 0.04 0.081 0.074 0.048 0.07 0.072 0.06 0.104 0.101 0.066 0.066 0.063;
0.041 0.056 0.058 0.082 0.097 0.064 0.035 0.071 0.032 0.063 0.069 0.08 0.07 0.109 0.073;0.041 0.056 0.064 0.035 0.071 0.058 0.082 0.097 0.032 0.063 0.069 0.08 0.109 0.07 0.073;0.041 0.064 0.058 0.032 0.08 0.056 0.035 0.071 0.082 0.063 0.109 0.097 0.07 0.069 0.073;
0.055 0.088 0.073 0.08 0.089 0.062 0.041 0.069 0.045 0.05 0.06 0.068 0.061 0.109 0.05;0.055 0.088 0.062 0.041 0.069 0.073 0.08 0.089 0.045 0.05 0.06 0.068 0.109 0.061 0.05;0.055 0.062 0.073 0.045 0.068 0.088 0.041 0.069 0.08 0.05 0.109 0.089 0.061 0.06 0.05;
0.034 0.078 0.051 0.083 0.123 0.072 0.031 0.065 0.039 0.056 0.054 0.08 0.075 0.108 0.051;0.034 0.078 0.072 0.031 0.065 0.051 0.083 0.123 0.039 0.056 0.054 0.08 0.108 0.075 0.051;0.034 0.072 0.051 0.039 0.08 0.078 0.031 0.065 0.083 0.056 0.108 0.123 0.075 0.054 0.051;
0.049 0.066 0.058 0.079 0.099 0.056 0.045 0.074 0.032 0.067 0.071 0.073 0.078 0.091 0.062;0.049 0.066 0.056 0.045 0.074 0.058 0.079 0.099 0.032 0.067 0.071 0.073 0.091 0.078 0.062;0.049 0.056 0.058 0.032 0.073 0.066 0.045 0.074 0.079 0.067 0.091 0.099 0.078 0.071 0.062;
0.049 0.071 0.056 0.097 0.094 0.069 0.034 0.068 0.042 0.055 0.061 0.055 0.073 0.116 0.06;0.049 0.071 0.069 0.034 0.068 0.056 0.097 0.094 0.042 0.055 0.061 0.055 0.116 0.073 0.06;0.049 0.069 0.056 0.042 0.055 0.071 0.034 0.068 0.097 0.055 0.116 0.094 0.073 0.061 0.06;
0.039 0.066 0.061 0.094 0.121 0.066 0.04 0.061 0.039 0.06 0.075 0.066 0.064 0.093 0.055;0.039 0.066 0.066 0.04 0.061 0.061 0.094 0.121 0.039 0.06 0.075 0.066 0.093 0.064 0.055;0.039 0.066 0.061 0.039 0.066 0.066 0.04 0.061 0.094 0.06 0.093 0.121 0.064 0.075 0.055;
0.045 0.058 0.056 0.073 0.095 0.069 0.042 0.079 0.038 0.058 0.066 0.082 0.066 0.102 0.071;0.045 0.058 0.069 0.042 0.079 0.056 0.073 0.095 0.038 0.058 0.066 0.082 0.102 0.066 0.071;0.045 0.069 0.056 0.038 0.082 0.058 0.042 0.079 0.073 0.058 0.102 0.095 0.066 0.066 0.071;
0.031 0.085 0.057 0.072 0.107 0.072 0.042 0.068 0.036 0.068 0.067 0.069 0.075 0.092 0.059;0.031 0.085 0.072 0.042 0.068 0.057 0.072 0.107 0.036 0.068 0.067 0.069 0.092 0.075 0.059;0.031 0.072 0.057 0.036 0.069 0.085 0.042 0.068 0.072 0.068 0.092 0.107 0.075 0.067 0.059;
0.045 0.056 0.054 0.065 0.109 0.075 0.047 0.084 0.035 0.06 0.069 0.069 0.06 0.114 0.058;0.045 0.056 0.075 0.047 0.084 0.054 0.065 0.109 0.035 0.06 0.069 0.069 0.114 0.06 0.058;0.045 0.075 0.054 0.035 0.069 0.056 0.047 0.084 0.065 0.06 0.114 0.109 0.06 0.069 0.058;
0.042 0.076 0.048 0.081 0.121 0.08 0.042 0.062 0.036 0.062 0.062 0.065 0.066 0.094 0.063;0.042 0.076 0.08 0.042 0.062 0.048 0.081 0.121 0.036 0.062 0.062 0.065 0.094 0.066 0.063;0.042 0.08 0.048 0.036 0.065 0.076 0.042 0.062 0.081 0.062 0.094 0.121 0.066 0.062 0.063;
0.047 0.08 0.041 0.074 0.11 0.086 0.034 0.066 0.04 0.063 0.072 0.066 0.069 0.088 0.064;0.047 0.08 0.086 0.034 0.066 0.041 0.074 0.11 0.04 0.063 0.072 0.066 0.088 0.069 0.064;0.047 0.086 0.041 0.04 0.066 0.08 0.034 0.066 0.074 0.063 0.088 0.11 0.069 0.072 0.064;
0.045 0.071 0.055 0.07 0.113 0.072 0.043 0.078 0.03 0.041 0.067 0.077 0.058 0.115 0.065;0.045 0.071 0.072 0.043 0.078 0.055 0.07 0.113 0.03 0.041 0.067 0.077 0.115 0.058 0.065;0.045 0.072 0.055 0.03 0.077 0.071 0.043 0.078 0.07 0.041 0.115 0.113 0.058 0.067 0.065;
0.057 0.079 0.051 0.074 0.082 0.073 0.052 0.085 0.043 0.036 0.083 0.06 0.068 0.095 0.062;0.057 0.079 0.073 0.052 0.085 0.051 0.074 0.082 0.043 0.036 0.083 0.06 0.095 0.068 0.062;0.057 0.073 0.051 0.043 0.06 0.079 0.052 0.085 0.074 0.036 0.095 0.082 0.068 0.083 0.062;
0.043 0.072 0.043 0.075 0.091 0.064 0.05 0.081 0.045 0.061 0.06 0.073 0.06 0.116 0.066;0.043 0.072 0.064 0.05 0.081 0.043 0.075 0.091 0.045 0.061 0.06 0.073 0.116 0.06 0.066;0.043 0.064 0.043 0.045 0.073 0.072 0.05 0.081 0.075 0.061 0.116 0.091 0.06 0.06 0.066;
0.055 0.075 0.065 0.087 0.089 0.069 0.045 0.088 0.029 0.041 0.072 0.069 0.063 0.094 0.059;0.055 0.075 0.069 0.045 0.088 0.065 0.087 0.089 0.029 0.041 0.072 0.069 0.094 0.063 0.059;0.055 0.069 0.065 0.029 0.069 0.075 0.045 0.088 0.087 0.041 0.094 0.089 0.063 0.072 0.059;
0.034 0.087 0.058 0.078 0.101 0.073 0.038 0.076 0.031 0.058 0.054 0.078 0.087 0.099 0.048;0.034 0.087 0.073 0.038 0.076 0.058 0.078 0.101 0.031 0.058 0.054 0.078 0.099 0.087 0.048;0.034 0.073 0.058 0.031 0.078 0.087 0.038 0.076 0.078 0.058 0.099 0.101 0.087 0.054 0.048;
0.049 0.082 0.052 0.078 0.107 0.077 0.031 0.086 0.028 0.071 0.074 0.07 0.058 0.082 0.055;0.049 0.082 0.077 0.031 0.086 0.052 0.078 0.107 0.028 0.071 0.074 0.07 0.082 0.058 0.055;0.049 0.077 0.052 0.028 0.07 0.082 0.031 0.086 0.078 0.071 0.082 0.107 0.058 0.074 0.055;
0.043 0.072 0.08 0.069 0.081 0.091 0.04 0.078 0.044 0.058 0.055 0.067 0.06 0.103 0.059;0.043 0.072 0.091 0.04 0.078 0.08 0.069 0.081 0.044 0.058 0.055 0.067 0.103 0.06 0.059;0.043 0.091 0.08 0.044 0.067 0.072 0.04 0.078 0.069 0.058 0.103 0.081 0.06 0.055 0.059;
0.044 0.071 0.052 0.077 0.095 0.073 0.045 0.074 0.038 0.053 0.064 0.074 0.063 0.099 0.078;0.044 0.071 0.073 0.045 0.074 0.052 0.077 0.095 0.038 0.053 0.064 0.074 0.099 0.063 0.078;0.044 0.073 0.052 0.038 0.074 0.071 0.045 0.074 0.077 0.053 0.099 0.095 0.063 0.064 0.078;
0.048 0.093 0.051 0.081 0.102 0.055 0.032 0.08 0.031 0.067 0.058 0.086 0.057 0.098 0.061;0.048 0.093 0.055 0.032 0.08 0.051 0.081 0.102 0.031 0.067 0.058 0.086 0.098 0.057 0.061;0.048 0.055 0.051 0.031 0.086 0.093 0.032 0.08 0.081 0.067 0.098 0.102 0.057 0.058 0.061;
0.037 0.085 0.068 0.071 0.114 0.068 0.034 0.063 0.043 0.061 0.073 0.077 0.063 0.081 0.062;0.037 0.085 0.068 0.034 0.063 0.068 0.071 0.114 0.043 0.061 0.073 0.077 0.081 0.063 0.062;0.037 0.068 0.068 0.043 0.077 0.085 0.034 0.063 0.071 0.061 0.081 0.114 0.063 0.073 0.062;
0.049 0.066 0.063 0.08 0.094 0.081 0.04 0.077 0.036 0.051 0.066 0.073 0.053 0.1 0.071;0.049 0.066 0.081 0.04 0.077 0.063 0.08 0.094 0.036 0.051 0.066 0.073 0.1 0.053 0.071;0.049 0.081 0.063 0.036 0.073 0.066 0.04 0.077 0.08 0.051 0.1 0.094 0.053 0.066 0.071;
0.041 0.071 0.055 0.087 0.093 0.068 0.038 0.094 0.04 0.055 0.082 0.055 0.065 0.086 0.07;0.041 0.071 0.068 0.038 0.094 0.055 0.087 0.093 0.04 0.055 0.082 0.055 0.086 0.065 0.07;0.041 0.068 0.055 0.04 0.055 0.071 0.038 0.094 0.087 0.055 0.086 0.093 0.065 0.082 0.07;
0.045 0.068 0.057 0.086 0.094 0.07 0.034 0.077 0.028 0.064 0.074 0.083 0.056 0.103 0.061;0.045 0.068 0.07 0.034 0.077 0.057 0.086 0.094 0.028 0.064 0.074 0.083 0.103 0.056 0.061;0.045 0.07 0.057 0.028 0.083 0.068 0.034 0.077 0.086 0.064 0.103 0.094 0.056 0.074 0.061;
0.043 0.074 0.057 0.087 0.095 0.063 0.034 0.072 0.032 0.061 0.07 0.069 0.068 0.104 0.071;0.043 0.074 0.063 0.034 0.072 0.057 0.087 0.095 0.032 0.061 0.07 0.069 0.104 0.068 0.071;0.043 0.063 0.057 0.032 0.069 0.074 0.034 0.072 0.087 0.061 0.104 0.095 0.068 0.07 0.071;
0.043 0.069 0.068 0.076 0.111 0.07 0.042 0.07 0.045 0.063 0.071 0.071 0.049 0.085 0.067;0.043 0.069 0.07 0.042 0.07 0.068 0.076 0.111 0.045 0.063 0.071 0.071 0.085 0.049 0.067;0.043 0.07 0.068 0.045 0.071 0.069 0.042 0.07 0.076 0.063 0.085 0.111 0.049 0.071 0.067;
0.044 0.064 0.064 0.078 0.085 0.083 0.027 0.069 0.051 0.056 0.076 0.074 0.068 0.102 0.059;0.044 0.064 0.083 0.027 0.069 0.064 0.078 0.085 0.051 0.056 0.076 0.074 0.102 0.068 0.059;0.044 0.083 0.064 0.051 0.074 0.064 0.027 0.069 0.078 0.056 0.102 0.085 0.068 0.076 0.059;
0.041 0.076 0.06 0.077 0.101 0.077 0.033 0.086 0.028 0.062 0.083 0.048 0.039 0.113 0.076;0.041 0.076 0.077 0.033 0.086 0.06 0.077 0.101 0.028 0.062 0.083 0.048 0.113 0.039 0.076;0.041 0.077 0.06 0.028 0.048 0.076 0.033 0.086 0.077 0.062 0.113 0.101 0.039 0.083 0.076;
0.038 0.083 0.065 0.06 0.09 0.051 0.042 0.078 0.045 0.068 0.084 0.068 0.061 0.095 0.072;0.038 0.083 0.051 0.042 0.078 0.065 0.06 0.09 0.045 0.068 0.084 0.068 0.095 0.061 0.072;0.038 0.051 0.065 0.045 0.068 0.083 0.042 0.078 0.06 0.068 0.095 0.09 0.061 0.084 0.072;
0.045 0.069 0.062 0.069 0.113 0.083 0.038 0.077 0.031 0.059 0.053 0.078 0.057 0.092 0.074;0.045 0.069 0.083 0.038 0.077 0.062 0.069 0.113 0.031 0.059 0.053 0.078 0.092 0.057 0.074;0.045 0.083 0.062 0.031 0.078 0.069 0.038 0.077 0.069 0.059 0.092 0.113 0.057 0.053 0.074;
0.04 0.065 0.062 0.089 0.092 0.069 0.032 0.07 0.048 0.049 0.073 0.074 0.059 0.099 0.079;0.04 0.065 0.069 0.032 0.07 0.062 0.089 0.092 0.048 0.049 0.073 0.074 0.099 0.059 0.079;0.04 0.069 0.062 0.048 0.074 0.065 0.032 0.07 0.089 0.049 0.099 0.092 0.059 0.073 0.079;
0.043 0.076 0.052 0.08 0.111 0.062 0.035 0.069 0.045 0.066 0.061 0.07 0.063 0.105 0.062;0.043 0.076 0.062 0.035 0.069 0.052 0.08 0.111 0.045 0.066 0.061 0.07 0.105 0.063 0.062;0.043 0.062 0.052 0.045 0.07 0.076 0.035 0.069 0.08 0.066 0.105 0.111 0.063 0.061 0.062;
0.045 0.068 0.056 0.077 0.109 0.06 0.033 0.091 0.042 0.043 0.063 0.068 0.067 0.102 0.076;0.045 0.068 0.06 0.033 0.091 0.056 0.077 0.109 0.042 0.043 0.063 0.068 0.102 0.067 0.076;0.045 0.06 0.056 0.042 0.068 0.068 0.033 0.091 0.077 0.043 0.102 0.109 0.067 0.063 0.076;
0.044 0.071 0.052 0.079 0.107 0.064 0.038 0.078 0.037 0.068 0.064 0.071 0.062 0.1 0.065;0.044 0.071 0.064 0.038 0.078 0.052 0.079 0.107 0.037 0.068 0.064 0.071 0.1 0.062 0.065;0.044 0.064 0.052 0.037 0.071 0.071 0.038 0.078 0.079 0.068 0.1 0.107 0.062 0.064 0.065;
0.051 0.069 0.063 0.077 0.096 0.065 0.034 0.081 0.034 0.068 0.069 0.064 0.059 0.106 0.064;0.051 0.069 0.065 0.034 0.081 0.063 0.077 0.096 0.034 0.068 0.069 0.064 0.106 0.059 0.064;0.051 0.065 0.063 0.034 0.064 0.069 0.034 0.081 0.077 0.068 0.106 0.096 0.059 0.069 0.064;
0.045 0.07 0.057 0.085 0.1 0.066 0.035 0.092 0.041 0.058 0.059 0.067 0.064 0.094 0.067;0.045 0.07 0.066 0.035 0.092 0.057 0.085 0.1 0.041 0.058 0.059 0.067 0.094 0.064 0.067;0.045 0.066 0.057 0.041 0.067 0.07 0.035 0.092 0.085 0.058 0.094 0.1 0.064 0.059 0.067;
0.044 0.085 0.067 0.076 0.09 0.074 0.033 0.089 0.027 0.052 0.068 0.076 0.056 0.101 0.062;0.044 0.085 0.074 0.033 0.089 0.067 0.076 0.09 0.027 0.052 0.068 0.076 0.101 0.056 0.062;0.044 0.074 0.067 0.027 0.076 0.085 0.033 0.089 0.076 0.052 0.101 0.09 0.056 0.068 0.062;
0.051 0.067 0.063 0.071 0.103 0.086 0.036 0.08 0.041 0.044 0.058 0.067 0.073 0.099 0.061;0.051 0.067 0.086 0.036 0.08 0.063 0.071 0.103 0.041 0.044 0.058 0.067 0.099 0.073 0.061;0.051 0.086 0.063 0.041 0.067 0.067 0.036 0.08 0.071 0.044 0.099 0.103 0.073 0.058 0.061;
0.038 0.071 0.052 0.083 0.102 0.07 0.045 0.071 0.032 0.065 0.066 0.078 0.064 0.101 0.062;0.038 0.071 0.07 0.045 0.071 0.052 0.083 0.102 0.032 0.065 0.066 0.078 0.101 0.064 0.062;0.038 0.07 0.052 0.032 0.078 0.071 0.045 0.071 0.083 0.065 0.101 0.102 0.064 0.066 0.062;
0.052 0.065 0.06 0.085 0.119 0.07 0.03 0.068 0.03 0.06 0.08 0.075 0.049 0.086 0.071;0.052 0.065 0.07 0.03 0.068 0.06 0.085 0.119 0.03 0.06 0.08 0.075 0.086 0.049 0.071;0.052 0.07 0.06 0.03 0.075 0.065 0.03 0.068 0.085 0.06 0.086 0.119 0.049 0.08 0.071;
0.048 0.081 0.064 0.079 0.096 0.071 0.04 0.094 0.036 0.054 0.054 0.068 0.06 0.09 0.065;0.048 0.081 0.071 0.04 0.094 0.064 0.079 0.096 0.036 0.054 0.054 0.068 0.09 0.06 0.065;0.048 0.071 0.064 0.036 0.068 0.081 0.04 0.094 0.079 0.054 0.09 0.096 0.06 0.054 0.065;
0.053 0.075 0.055 0.088 0.084 0.07 0.038 0.064 0.032 0.05 0.091 0.07 0.058 0.106 0.066;0.053 0.075 0.07 0.038 0.064 0.055 0.088 0.084 0.032 0.05 0.091 0.07 0.106 0.058 0.066;0.053 0.07 0.055 0.032 0.07 0.075 0.038 0.064 0.088 0.05 0.106 0.084 0.058 0.091 0.066;
0.042 0.073 0.058 0.073 0.115 0.064 0.037 0.08 0.028 0.041 0.067 0.068 0.065 0.109 0.08;0.042 0.073 0.064 0.037 0.08 0.058 0.073 0.115 0.028 0.041 0.067 0.068 0.109 0.065 0.08;0.042 0.064 0.058 0.028 0.068 0.073 0.037 0.08 0.073 0.041 0.109 0.115 0.065 0.067 0.08;
0.043 0.079 0.055 0.078 0.097 0.067 0.037 0.067 0.039 0.065 0.066 0.078 0.068 0.098 0.063;0.043 0.079 0.067 0.037 0.067 0.055 0.078 0.097 0.039 0.065 0.066 0.078 0.098 0.068 0.063;0.043 0.067 0.055 0.039 0.078 0.079 0.037 0.067 0.078 0.065 0.098 0.097 0.068 0.066 0.063];