pntP=[0.106 0.067 0.083 0.076 0.072 0.074 0.042 0.042 0.029 0.109 0.057 0.047 0.067 0.085 0.044;0.106 0.067 0.074 0.042 0.042 0.083 0.076 0.072 0.029 0.109 0.057 0.047 0.085 0.067 0.044;0.106 0.074 0.083 0.029 0.047 0.067 0.042 0.042 0.076 0.109 0.085 0.072 0.067 0.057 0.044;
0.118 0.068 0.095 0.069 0.08 0.084 0.036 0.041 0.027 0.101 0.046 0.041 0.071 0.09 0.033;0.118 0.068 0.084 0.036 0.041 0.095 0.069 0.08 0.027 0.101 0.046 0.041 0.09 0.071 0.033;0.118 0.084 0.095 0.027 0.041 0.068 0.036 0.041 0.069 0.101 0.09 0.08 0.071 0.046 0.033;
0.124 0.071 0.099 0.082 0.061 0.061 0.032 0.032 0.03 0.113 0.058 0.043 0.066 0.089 0.039;0.124 0.071 0.061 0.032 0.032 0.099 0.082 0.061 0.03 0.113 0.058 0.043 0.089 0.066 0.039;0.124 0.061 0.099 0.03 0.043 0.071 0.032 0.032 0.082 0.113 0.089 0.061 0.066 0.058 0.039;
0.124 0.067 0.1 0.08 0.086 0.077 0.033 0.045 0.029 0.099 0.041 0.058 0.066 0.071 0.024;0.124 0.067 0.077 0.033 0.045 0.1 0.08 0.086 0.029 0.099 0.041 0.058 0.071 0.066 0.024;0.124 0.077 0.1 0.029 0.058 0.067 0.033 0.045 0.08 0.099 0.071 0.086 0.066 0.041 0.024;
0.139 0.066 0.106 0.077 0.055 0.071 0.035 0.036 0.037 0.106 0.046 0.052 0.062 0.078 0.034;0.139 0.066 0.071 0.035 0.036 0.106 0.077 0.055 0.037 0.106 0.046 0.052 0.078 0.062 0.034;0.139 0.071 0.106 0.037 0.052 0.066 0.035 0.036 0.077 0.106 0.078 0.055 0.062 0.046 0.034;
0.119 0.072 0.11 0.091 0.068 0.065 0.039 0.032 0.032 0.1 0.053 0.048 0.063 0.081 0.027;0.119 0.072 0.065 0.039 0.032 0.11 0.091 0.068 0.032 0.1 0.053 0.048 0.081 0.063 0.027;0.119 0.065 0.11 0.032 0.048 0.072 0.039 0.032 0.091 0.1 0.081 0.068 0.063 0.053 0.027;
0.122 0.084 0.092 0.072 0.071 0.063 0.04 0.044 0.029 0.1 0.047 0.063 0.067 0.071 0.035;0.122 0.084 0.063 0.04 0.044 0.092 0.072 0.071 0.029 0.1 0.047 0.063 0.071 0.067 0.035;0.122 0.063 0.092 0.029 0.063 0.084 0.04 0.044 0.072 0.1 0.071 0.071 0.067 0.047 0.035;
0.112 0.067 0.082 0.084 0.101 0.059 0.044 0.036 0.032 0.107 0.052 0.048 0.067 0.072 0.037;0.112 0.067 0.059 0.044 0.036 0.082 0.084 0.101 0.032 0.107 0.052 0.048 0.072 0.067 0.037;0.112 0.059 0.082 0.032 0.048 0.067 0.044 0.036 0.084 0.107 0.072 0.101 0.067 0.052 0.037;
0.115 0.061 0.107 0.077 0.085 0.076 0.035 0.041 0.039 0.1 0.047 0.041 0.074 0.07 0.032;0.115 0.061 0.076 0.035 0.041 0.107 0.077 0.085 0.039 0.1 0.047 0.041 0.07 0.074 0.032;0.115 0.076 0.107 0.039 0.041 0.061 0.035 0.041 0.077 0.1 0.07 0.085 0.074 0.047 0.032;
0.128 0.076 0.101 0.07 0.08 0.065 0.035 0.046 0.026 0.103 0.041 0.053 0.068 0.068 0.04;0.128 0.076 0.065 0.035 0.046 0.101 0.07 0.08 0.026 0.103 0.041 0.053 0.068 0.068 0.04;0.128 0.065 0.101 0.026 0.053 0.076 0.035 0.046 0.07 0.103 0.068 0.08 0.068 0.041 0.04;
0.12 0.064 0.092 0.075 0.085 0.06 0.037 0.053 0.025 0.113 0.043 0.054 0.069 0.083 0.027;0.12 0.064 0.06 0.037 0.053 0.092 0.075 0.085 0.025 0.113 0.043 0.054 0.083 0.069 0.027;0.12 0.06 0.092 0.025 0.054 0.064 0.037 0.053 0.075 0.113 0.083 0.085 0.069 0.043 0.027;
0.108 0.079 0.086 0.075 0.085 0.061 0.033 0.047 0.027 0.12 0.046 0.055 0.062 0.072 0.044;0.108 0.079 0.061 0.033 0.047 0.086 0.075 0.085 0.027 0.12 0.046 0.055 0.072 0.062 0.044;0.108 0.061 0.086 0.027 0.055 0.079 0.033 0.047 0.075 0.12 0.072 0.085 0.062 0.046 0.044;
0.106 0.061 0.095 0.092 0.08 0.083 0.035 0.037 0.042 0.101 0.04 0.048 0.067 0.081 0.032;0.106 0.061 0.083 0.035 0.037 0.095 0.092 0.08 0.042 0.101 0.04 0.048 0.081 0.067 0.032;0.106 0.083 0.095 0.042 0.048 0.061 0.035 0.037 0.092 0.101 0.081 0.08 0.067 0.04 0.032;
0.142 0.071 0.084 0.061 0.074 0.08 0.034 0.046 0.039 0.104 0.042 0.048 0.06 0.083 0.032;0.142 0.071 0.08 0.034 0.046 0.084 0.061 0.074 0.039 0.104 0.042 0.048 0.083 0.06 0.032;0.142 0.08 0.084 0.039 0.048 0.071 0.034 0.046 0.061 0.104 0.083 0.074 0.06 0.042 0.032;
0.116 0.063 0.115 0.062 0.093 0.062 0.036 0.045 0.03 0.083 0.052 0.05 0.076 0.084 0.033;0.116 0.063 0.062 0.036 0.045 0.115 0.062 0.093 0.03 0.083 0.052 0.05 0.084 0.076 0.033;0.116 0.062 0.115 0.03 0.05 0.063 0.036 0.045 0.062 0.083 0.084 0.093 0.076 0.052 0.033;
0.116 0.055 0.089 0.081 0.086 0.067 0.044 0.05 0.033 0.095 0.067 0.044 0.067 0.07 0.036;0.116 0.055 0.067 0.044 0.05 0.089 0.081 0.086 0.033 0.095 0.067 0.044 0.07 0.067 0.036;0.116 0.067 0.089 0.033 0.044 0.055 0.044 0.05 0.081 0.095 0.07 0.086 0.067 0.067 0.036;
0.137 0.067 0.101 0.088 0.072 0.082 0.029 0.037 0.024 0.105 0.041 0.044 0.057 0.083 0.033;0.137 0.067 0.082 0.029 0.037 0.101 0.088 0.072 0.024 0.105 0.041 0.044 0.083 0.057 0.033;0.137 0.082 0.101 0.024 0.044 0.067 0.029 0.037 0.088 0.105 0.083 0.072 0.057 0.041 0.033;
0.123 0.063 0.103 0.105 0.073 0.054 0.037 0.045 0.024 0.101 0.046 0.038 0.057 0.088 0.043;0.123 0.063 0.054 0.037 0.045 0.103 0.105 0.073 0.024 0.101 0.046 0.038 0.088 0.057 0.043;0.123 0.054 0.103 0.024 0.038 0.063 0.037 0.045 0.105 0.101 0.088 0.073 0.057 0.046 0.043;
0.112 0.064 0.115 0.059 0.078 0.066 0.038 0.038 0.031 0.113 0.052 0.045 0.067 0.078 0.044;0.112 0.064 0.066 0.038 0.038 0.115 0.059 0.078 0.031 0.113 0.052 0.045 0.078 0.067 0.044;0.112 0.066 0.115 0.031 0.045 0.064 0.038 0.038 0.059 0.113 0.078 0.078 0.067 0.052 0.044;
0.113 0.079 0.099 0.067 0.081 0.075 0.021 0.04 0.03 0.099 0.056 0.044 0.067 0.088 0.041;0.113 0.079 0.075 0.021 0.04 0.099 0.067 0.081 0.03 0.099 0.056 0.044 0.088 0.067 0.041;0.113 0.075 0.099 0.03 0.044 0.079 0.021 0.04 0.067 0.099 0.088 0.081 0.067 0.056 0.041;
0.099 0.063 0.124 0.067 0.089 0.055 0.047 0.039 0.026 0.108 0.054 0.054 0.058 0.082 0.035;0.099 0.063 0.055 0.047 0.039 0.124 0.067 0.089 0.026 0.108 0.054 0.054 0.082 0.058 0.035;0.099 0.055 0.124 0.026 0.054 0.063 0.047 0.039 0.067 0.108 0.082 0.089 0.058 0.054 0.035;
0.112 0.074 0.099 0.073 0.079 0.073 0.042 0.043 0.039 0.096 0.055 0.05 0.055 0.074 0.036;0.112 0.074 0.073 0.042 0.043 0.099 0.073 0.079 0.039 0.096 0.055 0.05 0.074 0.055 0.036;0.112 0.073 0.099 0.039 0.05 0.074 0.042 0.043 0.073 0.096 0.074 0.079 0.055 0.055 0.036;
0.116 0.07 0.102 0.078 0.081 0.073 0.04 0.037 0.03 0.119 0.043 0.05 0.059 0.065 0.037;0.116 0.07 0.073 0.04 0.037 0.102 0.078 0.081 0.03 0.119 0.043 0.05 0.065 0.059 0.037;0.116 0.073 0.102 0.03 0.05 0.07 0.04 0.037 0.078 0.119 0.065 0.081 0.059 0.043 0.037;
0.124 0.064 0.113 0.079 0.067 0.071 0.034 0.046 0.035 0.083 0.068 0.034 0.063 0.087 0.032;0.124 0.064 0.071 0.034 0.046 0.113 0.079 0.067 0.035 0.083 0.068 0.034 0.087 0.063 0.032;0.124 0.071 0.113 0.035 0.034 0.064 0.034 0.046 0.079 0.083 0.087 0.067 0.063 0.068 0.032;
0.122 0.066 0.095 0.086 0.067 0.073 0.029 0.041 0.034 0.106 0.058 0.052 0.057 0.074 0.04;0.122 0.066 0.073 0.029 0.041 0.095 0.086 0.067 0.034 0.106 0.058 0.052 0.074 0.057 0.04;0.122 0.073 0.095 0.034 0.052 0.066 0.029 0.041 0.086 0.106 0.074 0.067 0.057 0.058 0.04;
0.117 0.081 0.095 0.066 0.077 0.069 0.036 0.041 0.028 0.104 0.051 0.053 0.064 0.087 0.031;0.117 0.081 0.069 0.036 0.041 0.095 0.066 0.077 0.028 0.104 0.051 0.053 0.087 0.064 0.031;0.117 0.069 0.095 0.028 0.053 0.081 0.036 0.041 0.066 0.104 0.087 0.077 0.064 0.051 0.031;
0.101 0.067 0.11 0.085 0.076 0.074 0.032 0.043 0.043 0.102 0.044 0.052 0.067 0.076 0.028;0.101 0.067 0.074 0.032 0.043 0.11 0.085 0.076 0.043 0.102 0.044 0.052 0.076 0.067 0.028;0.101 0.074 0.11 0.043 0.052 0.067 0.032 0.043 0.085 0.102 0.076 0.076 0.067 0.044 0.028;
0.131 0.065 0.093 0.085 0.073 0.077 0.027 0.04 0.032 0.093 0.05 0.051 0.062 0.076 0.045;0.131 0.065 0.077 0.027 0.04 0.093 0.085 0.073 0.032 0.093 0.05 0.051 0.076 0.062 0.045;0.131 0.077 0.093 0.032 0.051 0.065 0.027 0.04 0.085 0.093 0.076 0.073 0.062 0.05 0.045;
0.103 0.062 0.091 0.079 0.09 0.069 0.038 0.046 0.033 0.096 0.055 0.052 0.068 0.079 0.039;0.103 0.062 0.069 0.038 0.046 0.091 0.079 0.09 0.033 0.096 0.055 0.052 0.079 0.068 0.039;0.103 0.069 0.091 0.033 0.052 0.062 0.038 0.046 0.079 0.096 0.079 0.09 0.068 0.055 0.039;
0.116 0.067 0.094 0.077 0.076 0.086 0.028 0.041 0.033 0.107 0.049 0.056 0.066 0.073 0.031;0.116 0.067 0.086 0.028 0.041 0.094 0.077 0.076 0.033 0.107 0.049 0.056 0.073 0.066 0.031;0.116 0.086 0.094 0.033 0.056 0.067 0.028 0.041 0.077 0.107 0.073 0.076 0.066 0.049 0.031;
0.14 0.062 0.108 0.078 0.061 0.07 0.039 0.053 0.034 0.102 0.039 0.046 0.059 0.078 0.031;0.14 0.062 0.07 0.039 0.053 0.108 0.078 0.061 0.034 0.102 0.039 0.046 0.078 0.059 0.031;0.14 0.07 0.108 0.034 0.046 0.062 0.039 0.053 0.078 0.102 0.078 0.061 0.059 0.039 0.031;
0.117 0.077 0.107 0.076 0.082 0.067 0.041 0.036 0.035 0.086 0.046 0.05 0.068 0.076 0.036;0.117 0.077 0.067 0.041 0.036 0.107 0.076 0.082 0.035 0.086 0.046 0.05 0.076 0.068 0.036;0.117 0.067 0.107 0.035 0.05 0.077 0.041 0.036 0.076 0.086 0.076 0.082 0.068 0.046 0.036;
0.125 0.053 0.112 0.086 0.076 0.075 0.03 0.033 0.033 0.095 0.042 0.056 0.067 0.082 0.035;0.125 0.053 0.075 0.03 0.033 0.112 0.086 0.076 0.033 0.095 0.042 0.056 0.082 0.067 0.035;0.125 0.075 0.112 0.033 0.056 0.053 0.03 0.033 0.086 0.095 0.082 0.076 0.067 0.042 0.035;
0.105 0.065 0.083 0.092 0.068 0.075 0.039 0.041 0.031 0.106 0.063 0.054 0.057 0.093 0.028;0.105 0.065 0.075 0.039 0.041 0.083 0.092 0.068 0.031 0.106 0.063 0.054 0.093 0.057 0.028;0.105 0.075 0.083 0.031 0.054 0.065 0.039 0.041 0.092 0.106 0.093 0.068 0.057 0.063 0.028;
0.115 0.06 0.094 0.081 0.079 0.064 0.042 0.039 0.03 0.111 0.05 0.054 0.069 0.081 0.031;0.115 0.06 0.064 0.042 0.039 0.094 0.081 0.079 0.03 0.111 0.05 0.054 0.081 0.069 0.031;0.115 0.064 0.094 0.03 0.054 0.06 0.042 0.039 0.081 0.111 0.081 0.079 0.069 0.05 0.031;
0.104 0.063 0.11 0.081 0.075 0.067 0.032 0.05 0.029 0.104 0.045 0.049 0.086 0.066 0.039;0.104 0.063 0.067 0.032 0.05 0.11 0.081 0.075 0.029 0.104 0.045 0.049 0.066 0.086 0.039;0.104 0.067 0.11 0.029 0.049 0.063 0.032 0.05 0.081 0.104 0.066 0.075 0.086 0.045 0.039;
0.118 0.069 0.09 0.066 0.068 0.073 0.029 0.046 0.035 0.103 0.062 0.052 0.073 0.082 0.034;0.118 0.069 0.073 0.029 0.046 0.09 0.066 0.068 0.035 0.103 0.062 0.052 0.082 0.073 0.034;0.118 0.073 0.09 0.035 0.052 0.069 0.029 0.046 0.066 0.103 0.082 0.068 0.073 0.062 0.034;
0.11 0.064 0.122 0.067 0.102 0.076 0.035 0.039 0.031 0.092 0.047 0.034 0.057 0.082 0.042;0.11 0.064 0.076 0.035 0.039 0.122 0.067 0.102 0.031 0.092 0.047 0.034 0.082 0.057 0.042;0.11 0.076 0.122 0.031 0.034 0.064 0.035 0.039 0.067 0.092 0.082 0.102 0.057 0.047 0.042;
0.118 0.063 0.101 0.085 0.065 0.076 0.035 0.045 0.027 0.099 0.062 0.047 0.055 0.081 0.041;0.118 0.063 0.076 0.035 0.045 0.101 0.085 0.065 0.027 0.099 0.062 0.047 0.081 0.055 0.041;0.118 0.076 0.101 0.027 0.047 0.063 0.035 0.045 0.085 0.099 0.081 0.065 0.055 0.062 0.041;
0.123 0.049 0.112 0.096 0.07 0.058 0.035 0.039 0.038 0.093 0.039 0.054 0.063 0.085 0.046;0.123 0.049 0.058 0.035 0.039 0.112 0.096 0.07 0.038 0.093 0.039 0.054 0.085 0.063 0.046;0.123 0.058 0.112 0.038 0.054 0.049 0.035 0.039 0.096 0.093 0.085 0.07 0.063 0.039 0.046;
0.111 0.063 0.095 0.078 0.066 0.068 0.038 0.048 0.036 0.101 0.046 0.054 0.076 0.069 0.051;0.111 0.063 0.068 0.038 0.048 0.095 0.078 0.066 0.036 0.101 0.046 0.054 0.069 0.076 0.051;0.111 0.068 0.095 0.036 0.054 0.063 0.038 0.048 0.078 0.101 0.069 0.066 0.076 0.046 0.051;
0.121 0.07 0.095 0.067 0.068 0.064 0.026 0.047 0.035 0.121 0.064 0.045 0.048 0.092 0.037;0.121 0.07 0.064 0.026 0.047 0.095 0.067 0.068 0.035 0.121 0.064 0.045 0.092 0.048 0.037;0.121 0.064 0.095 0.035 0.045 0.07 0.026 0.047 0.067 0.121 0.092 0.068 0.048 0.064 0.037;
0.11 0.075 0.095 0.087 0.087 0.057 0.036 0.039 0.033 0.097 0.056 0.055 0.055 0.091 0.027;0.11 0.075 0.057 0.036 0.039 0.095 0.087 0.087 0.033 0.097 0.056 0.055 0.091 0.055 0.027;0.11 0.057 0.095 0.033 0.055 0.075 0.036 0.039 0.087 0.097 0.091 0.087 0.055 0.056 0.027;
0.122 0.074 0.103 0.067 0.072 0.058 0.04 0.048 0.021 0.117 0.05 0.053 0.066 0.071 0.038;0.122 0.074 0.058 0.04 0.048 0.103 0.067 0.072 0.021 0.117 0.05 0.053 0.071 0.066 0.038;0.122 0.058 0.103 0.021 0.053 0.074 0.04 0.048 0.067 0.117 0.071 0.072 0.066 0.05 0.038;
0.125 0.065 0.107 0.068 0.061 0.057 0.032 0.041 0.035 0.129 0.051 0.058 0.072 0.063 0.036;0.125 0.065 0.057 0.032 0.041 0.107 0.068 0.061 0.035 0.129 0.051 0.058 0.063 0.072 0.036;0.125 0.057 0.107 0.035 0.058 0.065 0.032 0.041 0.068 0.129 0.063 0.061 0.072 0.051 0.036;
0.113 0.068 0.099 0.081 0.071 0.068 0.036 0.047 0.032 0.114 0.043 0.035 0.064 0.087 0.042;0.113 0.068 0.068 0.036 0.047 0.099 0.081 0.071 0.032 0.114 0.043 0.035 0.087 0.064 0.042;0.113 0.068 0.099 0.032 0.035 0.068 0.036 0.047 0.081 0.114 0.087 0.071 0.064 0.043 0.042;
0.083 0.074 0.107 0.073 0.081 0.064 0.041 0.04 0.039 0.104 0.057 0.051 0.066 0.081 0.039;0.083 0.074 0.064 0.041 0.04 0.107 0.073 0.081 0.039 0.104 0.057 0.051 0.081 0.066 0.039;0.083 0.064 0.107 0.039 0.051 0.074 0.041 0.04 0.073 0.104 0.081 0.081 0.066 0.057 0.039;
0.115 0.076 0.119 0.084 0.068 0.055 0.036 0.046 0.023 0.097 0.046 0.06 0.063 0.08 0.032;0.115 0.076 0.055 0.036 0.046 0.119 0.084 0.068 0.023 0.097 0.046 0.06 0.08 0.063 0.032;0.115 0.055 0.119 0.023 0.06 0.076 0.036 0.046 0.084 0.097 0.08 0.068 0.063 0.046 0.032;
0.122 0.064 0.115 0.074 0.083 0.055 0.04 0.049 0.031 0.105 0.039 0.06 0.063 0.061 0.039;0.122 0.064 0.055 0.04 0.049 0.115 0.074 0.083 0.031 0.105 0.039 0.06 0.061 0.063 0.039;0.122 0.055 0.115 0.031 0.06 0.064 0.04 0.049 0.074 0.105 0.061 0.083 0.063 0.039 0.039;
0.115 0.074 0.104 0.067 0.074 0.065 0.043 0.039 0.046 0.104 0.047 0.04 0.07 0.076 0.036;0.115 0.074 0.065 0.043 0.039 0.104 0.067 0.074 0.046 0.104 0.047 0.04 0.076 0.07 0.036;0.115 0.065 0.104 0.046 0.04 0.074 0.043 0.039 0.067 0.104 0.076 0.074 0.07 0.047 0.036;
0.129 0.051 0.108 0.081 0.091 0.067 0.037 0.039 0.029 0.095 0.045 0.048 0.069 0.068 0.043;0.129 0.051 0.067 0.037 0.039 0.108 0.081 0.091 0.029 0.095 0.045 0.048 0.068 0.069 0.043;0.129 0.067 0.108 0.029 0.048 0.051 0.037 0.039 0.081 0.095 0.068 0.091 0.069 0.045 0.043;
0.121 0.076 0.097 0.091 0.077 0.062 0.031 0.051 0.037 0.086 0.055 0.047 0.055 0.074 0.04;0.121 0.076 0.062 0.031 0.051 0.097 0.091 0.077 0.037 0.086 0.055 0.047 0.074 0.055 0.04;0.121 0.062 0.097 0.037 0.047 0.076 0.031 0.051 0.091 0.086 0.074 0.077 0.055 0.055 0.04;
0.127 0.064 0.114 0.074 0.063 0.062 0.039 0.039 0.029 0.098 0.05 0.046 0.069 0.081 0.045;0.127 0.064 0.062 0.039 0.039 0.114 0.074 0.063 0.029 0.098 0.05 0.046 0.081 0.069 0.045;0.127 0.062 0.114 0.029 0.046 0.064 0.039 0.039 0.074 0.098 0.081 0.063 0.069 0.05 0.045;
0.122 0.087 0.106 0.07 0.07 0.075 0.034 0.036 0.026 0.108 0.057 0.053 0.059 0.069 0.028;0.122 0.087 0.075 0.034 0.036 0.106 0.07 0.07 0.026 0.108 0.057 0.053 0.069 0.059 0.028;0.122 0.075 0.106 0.026 0.053 0.087 0.034 0.036 0.07 0.108 0.069 0.07 0.059 0.057 0.028;
0.107 0.067 0.109 0.062 0.078 0.077 0.037 0.033 0.03 0.099 0.05 0.07 0.057 0.081 0.043;0.107 0.067 0.077 0.037 0.033 0.109 0.062 0.078 0.03 0.099 0.05 0.07 0.081 0.057 0.043;0.107 0.077 0.109 0.03 0.07 0.067 0.037 0.033 0.062 0.099 0.081 0.078 0.057 0.05 0.043;
0.103 0.067 0.09 0.079 0.07 0.076 0.039 0.054 0.036 0.109 0.046 0.053 0.072 0.08 0.026;0.103 0.067 0.076 0.039 0.054 0.09 0.079 0.07 0.036 0.109 0.046 0.053 0.08 0.072 0.026;0.103 0.076 0.09 0.036 0.053 0.067 0.039 0.054 0.079 0.109 0.08 0.07 0.072 0.046 0.026;
0.125 0.062 0.101 0.071 0.076 0.063 0.03 0.046 0.03 0.092 0.053 0.054 0.067 0.089 0.041;0.125 0.062 0.063 0.03 0.046 0.101 0.071 0.076 0.03 0.092 0.053 0.054 0.089 0.067 0.041;0.125 0.063 0.101 0.03 0.054 0.062 0.03 0.046 0.071 0.092 0.089 0.076 0.067 0.053 0.041;
0.123 0.056 0.104 0.072 0.072 0.066 0.034 0.045 0.041 0.108 0.05 0.04 0.066 0.081 0.042;0.123 0.056 0.066 0.034 0.045 0.104 0.072 0.072 0.041 0.108 0.05 0.04 0.081 0.066 0.042;0.123 0.066 0.104 0.041 0.04 0.056 0.034 0.045 0.072 0.108 0.081 0.072 0.066 0.05 0.042;
0.128 0.067 0.11 0.081 0.086 0.066 0.036 0.039 0.032 0.103 0.044 0.044 0.065 0.064 0.035;0.128 0.067 0.066 0.036 0.039 0.11 0.081 0.086 0.032 0.103 0.044 0.044 0.064 0.065 0.035;0.128 0.066 0.11 0.032 0.044 0.067 0.036 0.039 0.081 0.103 0.064 0.086 0.065 0.044 0.035;
0.109 0.067 0.111 0.087 0.079 0.066 0.041 0.048 0.032 0.11 0.04 0.046 0.068 0.062 0.034;0.109 0.067 0.066 0.041 0.048 0.111 0.087 0.079 0.032 0.11 0.04 0.046 0.062 0.068 0.034;0.109 0.066 0.111 0.032 0.046 0.067 0.041 0.048 0.087 0.11 0.062 0.079 0.068 0.04 0.034;
0.123 0.065 0.109 0.074 0.076 0.067 0.025 0.031 0.026 0.113 0.06 0.055 0.061 0.08 0.035;0.123 0.065 0.067 0.025 0.031 0.109 0.074 0.076 0.026 0.113 0.06 0.055 0.08 0.061 0.035;0.123 0.067 0.109 0.026 0.055 0.065 0.025 0.031 0.074 0.113 0.08 0.076 0.061 0.06 0.035;
0.113 0.073 0.099 0.082 0.076 0.062 0.037 0.04 0.026 0.101 0.053 0.052 0.07 0.082 0.034;0.113 0.073 0.062 0.037 0.04 0.099 0.082 0.076 0.026 0.101 0.053 0.052 0.082 0.07 0.034;0.113 0.062 0.099 0.026 0.052 0.073 0.037 0.04 0.082 0.101 0.082 0.076 0.07 0.053 0.034;
0.105 0.077 0.097 0.074 0.058 0.073 0.042 0.048 0.031 0.104 0.044 0.047 0.073 0.082 0.045;0.105 0.077 0.073 0.042 0.048 0.097 0.074 0.058 0.031 0.104 0.044 0.047 0.082 0.073 0.045;0.105 0.073 0.097 0.031 0.047 0.077 0.042 0.048 0.074 0.104 0.082 0.058 0.073 0.044 0.045;
0.1 0.07 0.098 0.072 0.086 0.081 0.039 0.04 0.033 0.1 0.047 0.055 0.066 0.081 0.032;0.1 0.07 0.081 0.039 0.04 0.098 0.072 0.086 0.033 0.1 0.047 0.055 0.081 0.066 0.032;0.1 0.081 0.098 0.033 0.055 0.07 0.039 0.04 0.072 0.1 0.081 0.086 0.066 0.047 0.032;
0.118 0.052 0.108 0.07 0.067 0.068 0.03 0.048 0.028 0.104 0.069 0.054 0.07 0.081 0.033;0.118 0.052 0.068 0.03 0.048 0.108 0.07 0.067 0.028 0.104 0.069 0.054 0.081 0.07 0.033;0.118 0.068 0.108 0.028 0.054 0.052 0.03 0.048 0.07 0.104 0.081 0.067 0.07 0.069 0.033;
0.114 0.068 0.094 0.065 0.075 0.065 0.031 0.04 0.037 0.088 0.058 0.061 0.079 0.092 0.033;0.114 0.068 0.065 0.031 0.04 0.094 0.065 0.075 0.037 0.088 0.058 0.061 0.092 0.079 0.033;0.114 0.065 0.094 0.037 0.061 0.068 0.031 0.04 0.065 0.088 0.092 0.075 0.079 0.058 0.033;
0.105 0.084 0.11 0.076 0.09 0.068 0.031 0.039 0.027 0.092 0.054 0.051 0.063 0.071 0.039;0.105 0.084 0.068 0.031 0.039 0.11 0.076 0.09 0.027 0.092 0.054 0.051 0.071 0.063 0.039;0.105 0.068 0.11 0.027 0.051 0.084 0.031 0.039 0.076 0.092 0.071 0.09 0.063 0.054 0.039;
0.106 0.07 0.114 0.079 0.09 0.064 0.044 0.039 0.024 0.096 0.042 0.045 0.062 0.084 0.041;0.106 0.07 0.064 0.044 0.039 0.114 0.079 0.09 0.024 0.096 0.042 0.045 0.084 0.062 0.041;0.106 0.064 0.114 0.024 0.045 0.07 0.044 0.039 0.079 0.096 0.084 0.09 0.062 0.042 0.041;
0.118 0.064 0.107 0.075 0.078 0.071 0.034 0.041 0.028 0.098 0.045 0.04 0.078 0.081 0.042;0.118 0.064 0.071 0.034 0.041 0.107 0.075 0.078 0.028 0.098 0.045 0.04 0.081 0.078 0.042;0.118 0.071 0.107 0.028 0.04 0.064 0.034 0.041 0.075 0.098 0.081 0.078 0.078 0.045 0.042;
0.112 0.064 0.09 0.087 0.064 0.064 0.036 0.041 0.033 0.129 0.041 0.038 0.063 0.084 0.054;0.112 0.064 0.064 0.036 0.041 0.09 0.087 0.064 0.033 0.129 0.041 0.038 0.084 0.063 0.054;0.112 0.064 0.09 0.033 0.038 0.064 0.036 0.041 0.087 0.129 0.084 0.064 0.063 0.041 0.054;
0.119 0.068 0.113 0.086 0.074 0.06 0.037 0.043 0.028 0.109 0.045 0.048 0.058 0.074 0.038;0.119 0.068 0.06 0.037 0.043 0.113 0.086 0.074 0.028 0.109 0.045 0.048 0.074 0.058 0.038;0.119 0.06 0.113 0.028 0.048 0.068 0.037 0.043 0.086 0.109 0.074 0.074 0.058 0.045 0.038;
0.111 0.07 0.089 0.085 0.09 0.059 0.042 0.053 0.034 0.099 0.044 0.044 0.075 0.069 0.036;0.111 0.07 0.059 0.042 0.053 0.089 0.085 0.09 0.034 0.099 0.044 0.044 0.069 0.075 0.036;0.111 0.059 0.089 0.034 0.044 0.07 0.042 0.053 0.085 0.099 0.069 0.09 0.075 0.044 0.036;
0.13 0.069 0.09 0.087 0.072 0.061 0.036 0.038 0.033 0.091 0.045 0.054 0.071 0.086 0.037;0.13 0.069 0.061 0.036 0.038 0.09 0.087 0.072 0.033 0.091 0.045 0.054 0.086 0.071 0.037;0.13 0.061 0.09 0.033 0.054 0.069 0.036 0.038 0.087 0.091 0.086 0.072 0.071 0.045 0.037;
0.127 0.066 0.097 0.075 0.073 0.065 0.032 0.058 0.029 0.094 0.053 0.057 0.065 0.078 0.031;0.127 0.066 0.065 0.032 0.058 0.097 0.075 0.073 0.029 0.094 0.053 0.057 0.078 0.065 0.031;0.127 0.065 0.097 0.029 0.057 0.066 0.032 0.058 0.075 0.094 0.078 0.073 0.065 0.053 0.031;
0.116 0.066 0.102 0.09 0.072 0.073 0.029 0.044 0.034 0.094 0.041 0.049 0.082 0.063 0.045;0.116 0.066 0.073 0.029 0.044 0.102 0.09 0.072 0.034 0.094 0.041 0.049 0.063 0.082 0.045;0.116 0.073 0.102 0.034 0.049 0.066 0.029 0.044 0.09 0.094 0.063 0.072 0.082 0.041 0.045;
0.12 0.086 0.097 0.07 0.082 0.072 0.027 0.047 0.024 0.092 0.05 0.058 0.063 0.072 0.04;0.12 0.086 0.072 0.027 0.047 0.097 0.07 0.082 0.024 0.092 0.05 0.058 0.072 0.063 0.04;0.12 0.072 0.097 0.024 0.058 0.086 0.027 0.047 0.07 0.092 0.072 0.082 0.063 0.05 0.04;
0.108 0.069 0.112 0.081 0.072 0.052 0.036 0.043 0.038 0.113 0.035 0.044 0.067 0.088 0.042;0.108 0.069 0.052 0.036 0.043 0.112 0.081 0.072 0.038 0.113 0.035 0.044 0.088 0.067 0.042;0.108 0.052 0.112 0.038 0.044 0.069 0.036 0.043 0.081 0.113 0.088 0.072 0.067 0.035 0.042;
0.115 0.074 0.104 0.085 0.069 0.057 0.039 0.043 0.03 0.117 0.045 0.052 0.063 0.069 0.038;0.115 0.074 0.057 0.039 0.043 0.104 0.085 0.069 0.03 0.117 0.045 0.052 0.069 0.063 0.038;0.115 0.057 0.104 0.03 0.052 0.074 0.039 0.043 0.085 0.117 0.069 0.069 0.063 0.045 0.038;
0.124 0.053 0.081 0.095 0.057 0.081 0.04 0.05 0.03 0.104 0.057 0.059 0.065 0.07 0.034;0.124 0.053 0.081 0.04 0.05 0.081 0.095 0.057 0.03 0.104 0.057 0.059 0.07 0.065 0.034;0.124 0.081 0.081 0.03 0.059 0.053 0.04 0.05 0.095 0.104 0.07 0.057 0.065 0.057 0.034;
0.112 0.076 0.101 0.071 0.088 0.071 0.027 0.039 0.026 0.105 0.052 0.056 0.06 0.077 0.039;0.112 0.076 0.071 0.027 0.039 0.101 0.071 0.088 0.026 0.105 0.052 0.056 0.077 0.06 0.039;0.112 0.071 0.101 0.026 0.056 0.076 0.027 0.039 0.071 0.105 0.077 0.088 0.06 0.052 0.039;
0.12 0.059 0.106 0.063 0.082 0.055 0.04 0.042 0.031 0.114 0.054 0.056 0.054 0.084 0.04;0.12 0.059 0.055 0.04 0.042 0.106 0.063 0.082 0.031 0.114 0.054 0.056 0.084 0.054 0.04;0.12 0.055 0.106 0.031 0.056 0.059 0.04 0.042 0.063 0.114 0.084 0.082 0.054 0.054 0.04;
0.104 0.048 0.11 0.069 0.08 0.08 0.038 0.046 0.024 0.1 0.062 0.061 0.067 0.071 0.04;0.104 0.048 0.08 0.038 0.046 0.11 0.069 0.08 0.024 0.1 0.062 0.061 0.071 0.067 0.04;0.104 0.08 0.11 0.024 0.061 0.048 0.038 0.046 0.069 0.1 0.071 0.08 0.067 0.062 0.04;
0.116 0.06 0.099 0.073 0.07 0.068 0.031 0.044 0.048 0.097 0.058 0.054 0.057 0.088 0.037;0.116 0.06 0.068 0.031 0.044 0.099 0.073 0.07 0.048 0.097 0.058 0.054 0.088 0.057 0.037;0.116 0.068 0.099 0.048 0.054 0.06 0.031 0.044 0.073 0.097 0.088 0.07 0.057 0.058 0.037;
0.114 0.069 0.093 0.081 0.092 0.061 0.031 0.057 0.037 0.1 0.04 0.045 0.064 0.082 0.034;0.114 0.069 0.061 0.031 0.057 0.093 0.081 0.092 0.037 0.1 0.04 0.045 0.082 0.064 0.034;0.114 0.061 0.093 0.037 0.045 0.069 0.031 0.057 0.081 0.1 0.082 0.092 0.064 0.04 0.034;
0.117 0.063 0.105 0.081 0.085 0.062 0.031 0.048 0.021 0.106 0.042 0.052 0.074 0.074 0.039;0.117 0.063 0.062 0.031 0.048 0.105 0.081 0.085 0.021 0.106 0.042 0.052 0.074 0.074 0.039;0.117 0.062 0.105 0.021 0.052 0.063 0.031 0.048 0.081 0.106 0.074 0.085 0.074 0.042 0.039;
0.119 0.063 0.094 0.084 0.082 0.059 0.042 0.048 0.032 0.091 0.059 0.051 0.065 0.074 0.037;0.119 0.063 0.059 0.042 0.048 0.094 0.084 0.082 0.032 0.091 0.059 0.051 0.074 0.065 0.037;0.119 0.059 0.094 0.032 0.051 0.063 0.042 0.048 0.084 0.091 0.074 0.082 0.065 0.059 0.037;
0.104 0.072 0.089 0.081 0.073 0.061 0.045 0.049 0.029 0.108 0.05 0.055 0.064 0.074 0.046;0.104 0.072 0.061 0.045 0.049 0.089 0.081 0.073 0.029 0.108 0.05 0.055 0.074 0.064 0.046;0.104 0.061 0.089 0.029 0.055 0.072 0.045 0.049 0.081 0.108 0.074 0.073 0.064 0.05 0.046;
0.104 0.071 0.09 0.09 0.067 0.063 0.043 0.044 0.041 0.118 0.053 0.043 0.061 0.078 0.034;0.104 0.071 0.063 0.043 0.044 0.09 0.09 0.067 0.041 0.118 0.053 0.043 0.078 0.061 0.034;0.104 0.063 0.09 0.041 0.043 0.071 0.043 0.044 0.09 0.118 0.078 0.067 0.061 0.053 0.034;
0.112 0.076 0.105 0.083 0.088 0.053 0.033 0.04 0.033 0.102 0.046 0.045 0.057 0.086 0.041;0.112 0.076 0.053 0.033 0.04 0.105 0.083 0.088 0.033 0.102 0.046 0.045 0.086 0.057 0.041;0.112 0.053 0.105 0.033 0.045 0.076 0.033 0.04 0.083 0.102 0.086 0.088 0.057 0.046 0.041;
0.136 0.073 0.109 0.078 0.087 0.064 0.028 0.029 0.026 0.092 0.05 0.051 0.064 0.075 0.038;0.136 0.073 0.064 0.028 0.029 0.109 0.078 0.087 0.026 0.092 0.05 0.051 0.075 0.064 0.038;0.136 0.064 0.109 0.026 0.051 0.073 0.028 0.029 0.078 0.092 0.075 0.087 0.064 0.05 0.038;
0.123 0.068 0.102 0.069 0.075 0.071 0.038 0.045 0.031 0.097 0.055 0.056 0.056 0.076 0.038;0.123 0.068 0.071 0.038 0.045 0.102 0.069 0.075 0.031 0.097 0.055 0.056 0.076 0.056 0.038;0.123 0.071 0.102 0.031 0.056 0.068 0.038 0.045 0.069 0.097 0.076 0.075 0.056 0.055 0.038;
0.103 0.069 0.105 0.074 0.083 0.075 0.038 0.041 0.031 0.111 0.045 0.052 0.059 0.08 0.034;0.103 0.069 0.075 0.038 0.041 0.105 0.074 0.083 0.031 0.111 0.045 0.052 0.08 0.059 0.034;0.103 0.075 0.105 0.031 0.052 0.069 0.038 0.041 0.074 0.111 0.08 0.083 0.059 0.045 0.034;
0.114 0.072 0.103 0.075 0.081 0.047 0.038 0.052 0.036 0.092 0.048 0.058 0.063 0.076 0.045;0.114 0.072 0.047 0.038 0.052 0.103 0.075 0.081 0.036 0.092 0.048 0.058 0.076 0.063 0.045;0.114 0.047 0.103 0.036 0.058 0.072 0.038 0.052 0.075 0.092 0.076 0.081 0.063 0.048 0.045;
0.123 0.079 0.111 0.08 0.075 0.053 0.044 0.036 0.026 0.099 0.046 0.052 0.061 0.079 0.036;0.123 0.079 0.053 0.044 0.036 0.111 0.08 0.075 0.026 0.099 0.046 0.052 0.079 0.061 0.036;0.123 0.053 0.111 0.026 0.052 0.079 0.044 0.036 0.08 0.099 0.079 0.075 0.061 0.046 0.036;
0.135 0.061 0.106 0.069 0.069 0.069 0.05 0.046 0.029 0.093 0.05 0.044 0.069 0.076 0.034;0.135 0.061 0.069 0.05 0.046 0.106 0.069 0.069 0.029 0.093 0.05 0.044 0.076 0.069 0.034;0.135 0.069 0.106 0.029 0.044 0.061 0.05 0.046 0.069 0.093 0.076 0.069 0.069 0.05 0.034;
0.112 0.073 0.091 0.074 0.081 0.073 0.026 0.037 0.032 0.103 0.056 0.041 0.075 0.084 0.042;0.112 0.073 0.073 0.026 0.037 0.091 0.074 0.081 0.032 0.103 0.056 0.041 0.084 0.075 0.042;0.112 0.073 0.091 0.032 0.041 0.073 0.026 0.037 0.074 0.103 0.084 0.081 0.075 0.056 0.042;
0.126 0.067 0.109 0.069 0.078 0.057 0.041 0.047 0.042 0.092 0.054 0.05 0.06 0.076 0.032;0.126 0.067 0.057 0.041 0.047 0.109 0.069 0.078 0.042 0.092 0.054 0.05 0.076 0.06 0.032;0.126 0.057 0.109 0.042 0.05 0.067 0.041 0.047 0.069 0.092 0.076 0.078 0.06 0.054 0.032;
0.122 0.051 0.113 0.084 0.08 0.06 0.045 0.042 0.03 0.089 0.065 0.046 0.063 0.073 0.037;0.122 0.051 0.06 0.045 0.042 0.113 0.084 0.08 0.03 0.089 0.065 0.046 0.073 0.063 0.037;0.122 0.06 0.113 0.03 0.046 0.051 0.045 0.042 0.084 0.089 0.073 0.08 0.063 0.065 0.037;
0.107 0.054 0.111 0.078 0.089 0.064 0.038 0.037 0.04 0.106 0.055 0.046 0.063 0.081 0.031;0.107 0.054 0.064 0.038 0.037 0.111 0.078 0.089 0.04 0.106 0.055 0.046 0.081 0.063 0.031;0.107 0.064 0.111 0.04 0.046 0.054 0.038 0.037 0.078 0.106 0.081 0.089 0.063 0.055 0.031;
0.12 0.061 0.127 0.08 0.071 0.052 0.034 0.039 0.032 0.11 0.044 0.057 0.058 0.077 0.038;0.12 0.061 0.052 0.034 0.039 0.127 0.08 0.071 0.032 0.11 0.044 0.057 0.077 0.058 0.038;0.12 0.052 0.127 0.032 0.057 0.061 0.034 0.039 0.08 0.11 0.077 0.071 0.058 0.044 0.038];