pntP=[0.052 0.077 0.064 0.072 0.089 0.049 0.045 0.07 0.044 0.061 0.079 0.067 0.075 0.088 0.068;0.052 0.077 0.049 0.045 0.07 0.064 0.072 0.089 0.044 0.061 0.079 0.067 0.088 0.075 0.068;0.052 0.049 0.064 0.044 0.067 0.077 0.045 0.07 0.072 0.061 0.088 0.089 0.075 0.079 0.068;
0.056 0.063 0.06 0.078 0.095 0.061 0.056 0.054 0.035 0.067 0.079 0.076 0.069 0.091 0.06;0.056 0.063 0.061 0.056 0.054 0.06 0.078 0.095 0.035 0.067 0.079 0.076 0.091 0.069 0.06;0.056 0.061 0.06 0.035 0.076 0.063 0.056 0.054 0.078 0.067 0.091 0.095 0.069 0.079 0.06;
0.031 0.066 0.057 0.071 0.093 0.066 0.045 0.058 0.039 0.074 0.093 0.07 0.067 0.096 0.074;0.031 0.066 0.066 0.045 0.058 0.057 0.071 0.093 0.039 0.074 0.093 0.07 0.096 0.067 0.074;0.031 0.066 0.057 0.039 0.07 0.066 0.045 0.058 0.071 0.074 0.096 0.093 0.067 0.093 0.074;
0.047 0.083 0.062 0.073 0.097 0.055 0.044 0.079 0.034 0.069 0.067 0.064 0.072 0.097 0.057;0.047 0.083 0.055 0.044 0.079 0.062 0.073 0.097 0.034 0.069 0.067 0.064 0.097 0.072 0.057;0.047 0.055 0.062 0.034 0.064 0.083 0.044 0.079 0.073 0.069 0.097 0.097 0.072 0.067 0.057;
0.046 0.062 0.06 0.065 0.097 0.064 0.048 0.072 0.048 0.069 0.082 0.067 0.074 0.098 0.048;0.046 0.062 0.064 0.048 0.072 0.06 0.065 0.097 0.048 0.069 0.082 0.067 0.098 0.074 0.048;0.046 0.064 0.06 0.048 0.067 0.062 0.048 0.072 0.065 0.069 0.098 0.097 0.074 0.082 0.048;
0.051 0.069 0.073 0.083 0.091 0.062 0.041 0.064 0.029 0.078 0.079 0.069 0.069 0.085 0.057;0.051 0.069 0.062 0.041 0.064 0.073 0.083 0.091 0.029 0.078 0.079 0.069 0.085 0.069 0.057;0.051 0.062 0.073 0.029 0.069 0.069 0.041 0.064 0.083 0.078 0.085 0.091 0.069 0.079 0.057;
0.061 0.049 0.066 0.065 0.088 0.062 0.045 0.071 0.055 0.069 0.062 0.067 0.071 0.095 0.074;0.061 0.049 0.062 0.045 0.071 0.066 0.065 0.088 0.055 0.069 0.062 0.067 0.095 0.071 0.074;0.061 0.062 0.066 0.055 0.067 0.049 0.045 0.071 0.065 0.069 0.095 0.088 0.071 0.062 0.074;
0.047 0.066 0.078 0.075 0.079 0.069 0.043 0.071 0.033 0.066 0.076 0.076 0.079 0.08 0.062;0.047 0.066 0.069 0.043 0.071 0.078 0.075 0.079 0.033 0.066 0.076 0.076 0.08 0.079 0.062;0.047 0.069 0.078 0.033 0.076 0.066 0.043 0.071 0.075 0.066 0.08 0.079 0.079 0.076 0.062;
0.049 0.059 0.067 0.084 0.073 0.067 0.043 0.075 0.038 0.091 0.082 0.064 0.067 0.079 0.062;0.049 0.059 0.067 0.043 0.075 0.067 0.084 0.073 0.038 0.091 0.082 0.064 0.079 0.067 0.062;0.049 0.067 0.067 0.038 0.064 0.059 0.043 0.075 0.084 0.091 0.079 0.073 0.067 0.082 0.062;
0.063 0.055 0.049 0.079 0.091 0.078 0.033 0.071 0.035 0.061 0.066 0.076 0.084 0.084 0.075;0.063 0.055 0.078 0.033 0.071 0.049 0.079 0.091 0.035 0.061 0.066 0.076 0.084 0.084 0.075;0.063 0.078 0.049 0.035 0.076 0.055 0.033 0.071 0.079 0.061 0.084 0.091 0.084 0.066 0.075;
0.044 0.075 0.063 0.074 0.095 0.054 0.047 0.077 0.037 0.071 0.067 0.064 0.086 0.093 0.053;0.044 0.075 0.054 0.047 0.077 0.063 0.074 0.095 0.037 0.071 0.067 0.064 0.093 0.086 0.053;0.044 0.054 0.063 0.037 0.064 0.075 0.047 0.077 0.074 0.071 0.093 0.095 0.086 0.067 0.053;
0.043 0.055 0.072 0.072 0.079 0.079 0.04 0.077 0.039 0.073 0.081 0.059 0.066 0.099 0.066;0.043 0.055 0.079 0.04 0.077 0.072 0.072 0.079 0.039 0.073 0.081 0.059 0.099 0.066 0.066;0.043 0.079 0.072 0.039 0.059 0.055 0.04 0.077 0.072 0.073 0.099 0.079 0.066 0.081 0.066;
0.05 0.06 0.077 0.052 0.101 0.052 0.047 0.068 0.038 0.066 0.059 0.083 0.071 0.111 0.065;0.05 0.06 0.052 0.047 0.068 0.077 0.052 0.101 0.038 0.066 0.059 0.083 0.111 0.071 0.065;0.05 0.052 0.077 0.038 0.083 0.06 0.047 0.068 0.052 0.066 0.111 0.101 0.071 0.059 0.065;
0.042 0.059 0.062 0.074 0.086 0.062 0.038 0.079 0.042 0.059 0.089 0.075 0.073 0.094 0.066;0.042 0.059 0.062 0.038 0.079 0.062 0.074 0.086 0.042 0.059 0.089 0.075 0.094 0.073 0.066;0.042 0.062 0.062 0.042 0.075 0.059 0.038 0.079 0.074 0.059 0.094 0.086 0.073 0.089 0.066;
0.045 0.044 0.074 0.068 0.093 0.06 0.044 0.065 0.051 0.065 0.069 0.081 0.086 0.094 0.061;0.045 0.044 0.06 0.044 0.065 0.074 0.068 0.093 0.051 0.065 0.069 0.081 0.094 0.086 0.061;0.045 0.06 0.074 0.051 0.081 0.044 0.044 0.065 0.068 0.065 0.094 0.093 0.086 0.069 0.061;
0.053 0.064 0.054 0.078 0.096 0.055 0.04 0.056 0.042 0.072 0.066 0.083 0.089 0.094 0.058;0.053 0.064 0.055 0.04 0.056 0.054 0.078 0.096 0.042 0.072 0.066 0.083 0.094 0.089 0.058;0.053 0.055 0.054 0.042 0.083 0.064 0.04 0.056 0.078 0.072 0.094 0.096 0.089 0.066 0.058;
0.043 0.074 0.069 0.065 0.088 0.06 0.044 0.078 0.029 0.087 0.079 0.065 0.08 0.074 0.065;0.043 0.074 0.06 0.044 0.078 0.069 0.065 0.088 0.029 0.087 0.079 0.065 0.074 0.08 0.065;0.043 0.06 0.069 0.029 0.065 0.074 0.044 0.078 0.065 0.087 0.074 0.088 0.08 0.079 0.065;
0.04 0.057 0.07 0.063 0.097 0.07 0.04 0.067 0.048 0.071 0.067 0.062 0.083 0.1 0.065;0.04 0.057 0.07 0.04 0.067 0.07 0.063 0.097 0.048 0.071 0.067 0.062 0.1 0.083 0.065;0.04 0.07 0.07 0.048 0.062 0.057 0.04 0.067 0.063 0.071 0.1 0.097 0.083 0.067 0.065;
0.048 0.06 0.071 0.073 0.097 0.069 0.033 0.071 0.038 0.074 0.069 0.069 0.073 0.081 0.074;0.048 0.06 0.069 0.033 0.071 0.071 0.073 0.097 0.038 0.074 0.069 0.069 0.081 0.073 0.074;0.048 0.069 0.071 0.038 0.069 0.06 0.033 0.071 0.073 0.074 0.081 0.097 0.073 0.069 0.074;
0.053 0.061 0.077 0.072 0.092 0.068 0.038 0.062 0.036 0.078 0.079 0.071 0.071 0.09 0.052;0.053 0.061 0.068 0.038 0.062 0.077 0.072 0.092 0.036 0.078 0.079 0.071 0.09 0.071 0.052;0.053 0.068 0.077 0.036 0.071 0.061 0.038 0.062 0.072 0.078 0.09 0.092 0.071 0.079 0.052;
0.041 0.055 0.061 0.083 0.092 0.062 0.04 0.072 0.043 0.072 0.073 0.075 0.076 0.102 0.053;0.041 0.055 0.062 0.04 0.072 0.061 0.083 0.092 0.043 0.072 0.073 0.075 0.102 0.076 0.053;0.041 0.062 0.061 0.043 0.075 0.055 0.04 0.072 0.083 0.072 0.102 0.092 0.076 0.073 0.053;
0.048 0.061 0.06 0.088 0.091 0.065 0.043 0.06 0.032 0.065 0.075 0.065 0.081 0.118 0.048;0.048 0.061 0.065 0.043 0.06 0.06 0.088 0.091 0.032 0.065 0.075 0.065 0.118 0.081 0.048;0.048 0.065 0.06 0.032 0.065 0.061 0.043 0.06 0.088 0.065 0.118 0.091 0.081 0.075 0.048;
0.054 0.052 0.07 0.072 0.076 0.064 0.038 0.072 0.031 0.068 0.076 0.083 0.07 0.111 0.063;0.054 0.052 0.064 0.038 0.072 0.07 0.072 0.076 0.031 0.068 0.076 0.083 0.111 0.07 0.063;0.054 0.064 0.07 0.031 0.083 0.052 0.038 0.072 0.072 0.068 0.111 0.076 0.07 0.076 0.063;
0.039 0.061 0.077 0.079 0.098 0.055 0.033 0.059 0.043 0.056 0.07 0.071 0.088 0.107 0.064;0.039 0.061 0.055 0.033 0.059 0.077 0.079 0.098 0.043 0.056 0.07 0.071 0.107 0.088 0.064;0.039 0.055 0.077 0.043 0.071 0.061 0.033 0.059 0.079 0.056 0.107 0.098 0.088 0.07 0.064;
0.045 0.061 0.068 0.077 0.091 0.054 0.056 0.071 0.044 0.085 0.062 0.078 0.072 0.083 0.053;0.045 0.061 0.054 0.056 0.071 0.068 0.077 0.091 0.044 0.085 0.062 0.078 0.083 0.072 0.053;0.045 0.054 0.068 0.044 0.078 0.061 0.056 0.071 0.077 0.085 0.083 0.091 0.072 0.062 0.053;
0.054 0.06 0.085 0.066 0.089 0.049 0.046 0.061 0.043 0.072 0.075 0.073 0.073 0.09 0.064;0.054 0.06 0.049 0.046 0.061 0.085 0.066 0.089 0.043 0.072 0.075 0.073 0.09 0.073 0.064;0.054 0.049 0.085 0.043 0.073 0.06 0.046 0.061 0.066 0.072 0.09 0.089 0.073 0.075 0.064;
0.058 0.057 0.086 0.066 0.102 0.057 0.042 0.06 0.034 0.066 0.079 0.075 0.079 0.086 0.053;0.058 0.057 0.057 0.042 0.06 0.086 0.066 0.102 0.034 0.066 0.079 0.075 0.086 0.079 0.053;0.058 0.057 0.086 0.034 0.075 0.057 0.042 0.06 0.066 0.066 0.086 0.102 0.079 0.079 0.053;
0.047 0.052 0.072 0.066 0.096 0.065 0.039 0.072 0.039 0.085 0.073 0.074 0.06 0.102 0.058;0.047 0.052 0.065 0.039 0.072 0.072 0.066 0.096 0.039 0.085 0.073 0.074 0.102 0.06 0.058;0.047 0.065 0.072 0.039 0.074 0.052 0.039 0.072 0.066 0.085 0.102 0.096 0.06 0.073 0.058;
0.046 0.055 0.088 0.074 0.103 0.061 0.044 0.068 0.027 0.065 0.074 0.062 0.084 0.09 0.059;0.046 0.055 0.061 0.044 0.068 0.088 0.074 0.103 0.027 0.065 0.074 0.062 0.09 0.084 0.059;0.046 0.061 0.088 0.027 0.062 0.055 0.044 0.068 0.074 0.065 0.09 0.103 0.084 0.074 0.059;
0.045 0.068 0.064 0.073 0.092 0.055 0.041 0.078 0.045 0.063 0.075 0.081 0.063 0.093 0.064;0.045 0.068 0.055 0.041 0.078 0.064 0.073 0.092 0.045 0.063 0.075 0.081 0.093 0.063 0.064;0.045 0.055 0.064 0.045 0.081 0.068 0.041 0.078 0.073 0.063 0.093 0.092 0.063 0.075 0.064;
0.042 0.068 0.065 0.069 0.101 0.065 0.047 0.073 0.038 0.062 0.085 0.081 0.062 0.092 0.05;0.042 0.068 0.065 0.047 0.073 0.065 0.069 0.101 0.038 0.062 0.085 0.081 0.092 0.062 0.05;0.042 0.065 0.065 0.038 0.081 0.068 0.047 0.073 0.069 0.062 0.092 0.101 0.062 0.085 0.05;
0.053 0.056 0.085 0.074 0.1 0.053 0.038 0.06 0.04 0.077 0.066 0.066 0.095 0.08 0.057;0.053 0.056 0.053 0.038 0.06 0.085 0.074 0.1 0.04 0.077 0.066 0.066 0.08 0.095 0.057;0.053 0.053 0.085 0.04 0.066 0.056 0.038 0.06 0.074 0.077 0.08 0.1 0.095 0.066 0.057;
0.043 0.073 0.065 0.07 0.089 0.062 0.047 0.066 0.036 0.084 0.081 0.079 0.055 0.081 0.069;0.043 0.073 0.062 0.047 0.066 0.065 0.07 0.089 0.036 0.084 0.081 0.079 0.081 0.055 0.069;0.043 0.062 0.065 0.036 0.079 0.073 0.047 0.066 0.07 0.084 0.081 0.089 0.055 0.081 0.069;
0.065 0.062 0.071 0.073 0.1 0.053 0.053 0.068 0.048 0.066 0.072 0.056 0.076 0.085 0.052;0.065 0.062 0.053 0.053 0.068 0.071 0.073 0.1 0.048 0.066 0.072 0.056 0.085 0.076 0.052;0.065 0.053 0.071 0.048 0.056 0.062 0.053 0.068 0.073 0.066 0.085 0.1 0.076 0.072 0.052;
0.043 0.058 0.066 0.066 0.1 0.06 0.044 0.063 0.049 0.069 0.075 0.071 0.064 0.098 0.074;0.043 0.058 0.06 0.044 0.063 0.066 0.066 0.1 0.049 0.069 0.075 0.071 0.098 0.064 0.074;0.043 0.06 0.066 0.049 0.071 0.058 0.044 0.063 0.066 0.069 0.098 0.1 0.064 0.075 0.074;
0.047 0.078 0.064 0.062 0.099 0.076 0.041 0.058 0.032 0.076 0.081 0.071 0.068 0.088 0.059;0.047 0.078 0.076 0.041 0.058 0.064 0.062 0.099 0.032 0.076 0.081 0.071 0.088 0.068 0.059;0.047 0.076 0.064 0.032 0.071 0.078 0.041 0.058 0.062 0.076 0.088 0.099 0.068 0.081 0.059;
0.042 0.056 0.075 0.087 0.101 0.061 0.047 0.062 0.033 0.065 0.064 0.062 0.074 0.104 0.067;0.042 0.056 0.061 0.047 0.062 0.075 0.087 0.101 0.033 0.065 0.064 0.062 0.104 0.074 0.067;0.042 0.061 0.075 0.033 0.062 0.056 0.047 0.062 0.087 0.065 0.104 0.101 0.074 0.064 0.067;
0.053 0.066 0.072 0.066 0.091 0.071 0.033 0.06 0.046 0.074 0.076 0.063 0.085 0.083 0.061;0.053 0.066 0.071 0.033 0.06 0.072 0.066 0.091 0.046 0.074 0.076 0.063 0.083 0.085 0.061;0.053 0.071 0.072 0.046 0.063 0.066 0.033 0.06 0.066 0.074 0.083 0.091 0.085 0.076 0.061;
0.047 0.059 0.059 0.068 0.096 0.052 0.038 0.075 0.035 0.083 0.067 0.083 0.069 0.099 0.07;0.047 0.059 0.052 0.038 0.075 0.059 0.068 0.096 0.035 0.083 0.067 0.083 0.099 0.069 0.07;0.047 0.052 0.059 0.035 0.083 0.059 0.038 0.075 0.068 0.083 0.099 0.096 0.069 0.067 0.07;
0.047 0.072 0.071 0.071 0.084 0.056 0.037 0.064 0.044 0.06 0.07 0.066 0.082 0.104 0.072;0.047 0.072 0.056 0.037 0.064 0.071 0.071 0.084 0.044 0.06 0.07 0.066 0.104 0.082 0.072;0.047 0.056 0.071 0.044 0.066 0.072 0.037 0.064 0.071 0.06 0.104 0.084 0.082 0.07 0.072;
0.04 0.062 0.073 0.061 0.093 0.07 0.043 0.063 0.053 0.067 0.063 0.083 0.084 0.074 0.071;0.04 0.062 0.07 0.043 0.063 0.073 0.061 0.093 0.053 0.067 0.063 0.083 0.074 0.084 0.071;0.04 0.07 0.073 0.053 0.083 0.062 0.043 0.063 0.061 0.067 0.074 0.093 0.084 0.063 0.071;
0.051 0.059 0.067 0.079 0.094 0.057 0.039 0.062 0.045 0.069 0.077 0.067 0.066 0.098 0.07;0.051 0.059 0.057 0.039 0.062 0.067 0.079 0.094 0.045 0.069 0.077 0.067 0.098 0.066 0.07;0.051 0.057 0.067 0.045 0.067 0.059 0.039 0.062 0.079 0.069 0.098 0.094 0.066 0.077 0.07;
0.042 0.051 0.074 0.066 0.113 0.067 0.044 0.071 0.045 0.073 0.069 0.055 0.063 0.099 0.068;0.042 0.051 0.067 0.044 0.071 0.074 0.066 0.113 0.045 0.073 0.069 0.055 0.099 0.063 0.068;0.042 0.067 0.074 0.045 0.055 0.051 0.044 0.071 0.066 0.073 0.099 0.113 0.063 0.069 0.068;
0.035 0.065 0.084 0.075 0.1 0.036 0.047 0.056 0.046 0.076 0.072 0.075 0.068 0.102 0.063;0.035 0.065 0.036 0.047 0.056 0.084 0.075 0.1 0.046 0.076 0.072 0.075 0.102 0.068 0.063;0.035 0.036 0.084 0.046 0.075 0.065 0.047 0.056 0.075 0.076 0.102 0.1 0.068 0.072 0.063;
0.049 0.078 0.072 0.065 0.09 0.061 0.035 0.072 0.025 0.08 0.069 0.07 0.079 0.091 0.064;0.049 0.078 0.061 0.035 0.072 0.072 0.065 0.09 0.025 0.08 0.069 0.07 0.091 0.079 0.064;0.049 0.061 0.072 0.025 0.07 0.078 0.035 0.072 0.065 0.08 0.091 0.09 0.079 0.069 0.064;
0.056 0.059 0.09 0.076 0.089 0.067 0.041 0.063 0.044 0.067 0.068 0.063 0.068 0.089 0.06;0.056 0.059 0.067 0.041 0.063 0.09 0.076 0.089 0.044 0.067 0.068 0.063 0.089 0.068 0.06;0.056 0.067 0.09 0.044 0.063 0.059 0.041 0.063 0.076 0.067 0.089 0.089 0.068 0.068 0.06;
0.056 0.063 0.057 0.074 0.111 0.066 0.039 0.062 0.031 0.068 0.076 0.061 0.071 0.09 0.075;0.056 0.063 0.066 0.039 0.062 0.057 0.074 0.111 0.031 0.068 0.076 0.061 0.09 0.071 0.075;0.056 0.066 0.057 0.031 0.061 0.063 0.039 0.062 0.074 0.068 0.09 0.111 0.071 0.076 0.075;
0.052 0.067 0.071 0.08 0.085 0.064 0.039 0.066 0.042 0.064 0.066 0.059 0.078 0.095 0.072;0.052 0.067 0.064 0.039 0.066 0.071 0.08 0.085 0.042 0.064 0.066 0.059 0.095 0.078 0.072;0.052 0.064 0.071 0.042 0.059 0.067 0.039 0.066 0.08 0.064 0.095 0.085 0.078 0.066 0.072;
0.058 0.075 0.067 0.067 0.09 0.052 0.039 0.055 0.036 0.067 0.06 0.064 0.093 0.105 0.072;0.058 0.075 0.052 0.039 0.055 0.067 0.067 0.09 0.036 0.067 0.06 0.064 0.105 0.093 0.072;0.058 0.052 0.067 0.036 0.064 0.075 0.039 0.055 0.067 0.067 0.105 0.09 0.093 0.06 0.072;
0.056 0.083 0.068 0.062 0.104 0.056 0.029 0.061 0.042 0.063 0.081 0.07 0.069 0.099 0.057;0.056 0.083 0.056 0.029 0.061 0.068 0.062 0.104 0.042 0.063 0.081 0.07 0.099 0.069 0.057;0.056 0.056 0.068 0.042 0.07 0.083 0.029 0.061 0.062 0.063 0.099 0.104 0.069 0.081 0.057;
0.049 0.068 0.071 0.071 0.093 0.058 0.039 0.07 0.043 0.067 0.082 0.08 0.067 0.076 0.066;0.049 0.068 0.058 0.039 0.07 0.071 0.071 0.093 0.043 0.067 0.082 0.08 0.076 0.067 0.066;0.049 0.058 0.071 0.043 0.08 0.068 0.039 0.07 0.071 0.067 0.076 0.093 0.067 0.082 0.066;
0.046 0.065 0.064 0.074 0.106 0.041 0.058 0.073 0.035 0.067 0.064 0.072 0.084 0.098 0.053;0.046 0.065 0.041 0.058 0.073 0.064 0.074 0.106 0.035 0.067 0.064 0.072 0.098 0.084 0.053;0.046 0.041 0.064 0.035 0.072 0.065 0.058 0.073 0.074 0.067 0.098 0.106 0.084 0.064 0.053;
0.041 0.064 0.067 0.065 0.111 0.06 0.038 0.076 0.041 0.073 0.072 0.071 0.075 0.088 0.058;0.041 0.064 0.06 0.038 0.076 0.067 0.065 0.111 0.041 0.073 0.072 0.071 0.088 0.075 0.058;0.041 0.06 0.067 0.041 0.071 0.064 0.038 0.076 0.065 0.073 0.088 0.111 0.075 0.072 0.058;
0.04 0.063 0.077 0.064 0.09 0.068 0.044 0.065 0.039 0.065 0.077 0.075 0.091 0.087 0.055;0.04 0.063 0.068 0.044 0.065 0.077 0.064 0.09 0.039 0.065 0.077 0.075 0.087 0.091 0.055;0.04 0.068 0.077 0.039 0.075 0.063 0.044 0.065 0.064 0.065 0.087 0.09 0.091 0.077 0.055;
0.043 0.064 0.066 0.069 0.104 0.063 0.036 0.057 0.045 0.061 0.074 0.069 0.081 0.095 0.073;0.043 0.064 0.063 0.036 0.057 0.066 0.069 0.104 0.045 0.061 0.074 0.069 0.095 0.081 0.073;0.043 0.063 0.066 0.045 0.069 0.064 0.036 0.057 0.069 0.061 0.095 0.104 0.081 0.074 0.073;
0.04 0.075 0.078 0.046 0.097 0.069 0.037 0.066 0.033 0.072 0.078 0.076 0.069 0.105 0.059;0.04 0.075 0.069 0.037 0.066 0.078 0.046 0.097 0.033 0.072 0.078 0.076 0.105 0.069 0.059;0.04 0.069 0.078 0.033 0.076 0.075 0.037 0.066 0.046 0.072 0.105 0.097 0.069 0.078 0.059;
0.036 0.073 0.067 0.06 0.096 0.073 0.036 0.079 0.037 0.068 0.08 0.075 0.066 0.101 0.053;0.036 0.073 0.073 0.036 0.079 0.067 0.06 0.096 0.037 0.068 0.08 0.075 0.101 0.066 0.053;0.036 0.073 0.067 0.037 0.075 0.073 0.036 0.079 0.06 0.068 0.101 0.096 0.066 0.08 0.053;
0.036 0.063 0.059 0.068 0.103 0.054 0.033 0.08 0.039 0.087 0.066 0.071 0.086 0.091 0.064;0.036 0.063 0.054 0.033 0.08 0.059 0.068 0.103 0.039 0.087 0.066 0.071 0.091 0.086 0.064;0.036 0.054 0.059 0.039 0.071 0.063 0.033 0.08 0.068 0.087 0.091 0.103 0.086 0.066 0.064;
0.053 0.065 0.073 0.062 0.094 0.053 0.044 0.064 0.044 0.064 0.083 0.063 0.086 0.085 0.067;0.053 0.065 0.053 0.044 0.064 0.073 0.062 0.094 0.044 0.064 0.083 0.063 0.085 0.086 0.067;0.053 0.053 0.073 0.044 0.063 0.065 0.044 0.064 0.062 0.064 0.085 0.094 0.086 0.083 0.067;
0.056 0.057 0.069 0.088 0.103 0.055 0.043 0.074 0.04 0.068 0.072 0.061 0.072 0.085 0.057;0.056 0.057 0.055 0.043 0.074 0.069 0.088 0.103 0.04 0.068 0.072 0.061 0.085 0.072 0.057;0.056 0.055 0.069 0.04 0.061 0.057 0.043 0.074 0.088 0.068 0.085 0.103 0.072 0.072 0.057;
0.047 0.065 0.087 0.065 0.094 0.059 0.051 0.068 0.044 0.062 0.061 0.069 0.067 0.088 0.073;0.047 0.065 0.059 0.051 0.068 0.087 0.065 0.094 0.044 0.062 0.061 0.069 0.088 0.067 0.073;0.047 0.059 0.087 0.044 0.069 0.065 0.051 0.068 0.065 0.062 0.088 0.094 0.067 0.061 0.073;
0.049 0.072 0.076 0.077 0.096 0.069 0.033 0.049 0.034 0.085 0.058 0.067 0.077 0.099 0.059;0.049 0.072 0.069 0.033 0.049 0.076 0.077 0.096 0.034 0.085 0.058 0.067 0.099 0.077 0.059;0.049 0.069 0.076 0.034 0.067 0.072 0.033 0.049 0.077 0.085 0.099 0.096 0.077 0.058 0.059;
0.037 0.055 0.084 0.071 0.093 0.051 0.046 0.065 0.032 0.072 0.075 0.086 0.082 0.087 0.064;0.037 0.055 0.051 0.046 0.065 0.084 0.071 0.093 0.032 0.072 0.075 0.086 0.087 0.082 0.064;0.037 0.051 0.084 0.032 0.086 0.055 0.046 0.065 0.071 0.072 0.087 0.093 0.082 0.075 0.064;
0.043 0.056 0.054 0.074 0.097 0.058 0.039 0.074 0.038 0.069 0.069 0.071 0.061 0.122 0.075;0.043 0.056 0.058 0.039 0.074 0.054 0.074 0.097 0.038 0.069 0.069 0.071 0.122 0.061 0.075;0.043 0.058 0.054 0.038 0.071 0.056 0.039 0.074 0.074 0.069 0.122 0.097 0.061 0.069 0.075;
0.037 0.059 0.068 0.057 0.107 0.061 0.049 0.06 0.035 0.084 0.072 0.074 0.083 0.088 0.066;0.037 0.059 0.061 0.049 0.06 0.068 0.057 0.107 0.035 0.084 0.072 0.074 0.088 0.083 0.066;0.037 0.061 0.068 0.035 0.074 0.059 0.049 0.06 0.057 0.084 0.088 0.107 0.083 0.072 0.066;
0.05 0.065 0.066 0.072 0.098 0.057 0.036 0.074 0.037 0.062 0.079 0.062 0.083 0.104 0.055;0.05 0.065 0.057 0.036 0.074 0.066 0.072 0.098 0.037 0.062 0.079 0.062 0.104 0.083 0.055;0.05 0.057 0.066 0.037 0.062 0.065 0.036 0.074 0.072 0.062 0.104 0.098 0.083 0.079 0.055;
0.049 0.058 0.088 0.063 0.094 0.072 0.039 0.046 0.034 0.081 0.07 0.08 0.084 0.082 0.06;0.049 0.058 0.072 0.039 0.046 0.088 0.063 0.094 0.034 0.081 0.07 0.08 0.082 0.084 0.06;0.049 0.072 0.088 0.034 0.08 0.058 0.039 0.046 0.063 0.081 0.082 0.094 0.084 0.07 0.06;
0.05 0.068 0.058 0.085 0.089 0.066 0.046 0.059 0.038 0.071 0.077 0.067 0.073 0.097 0.056;0.05 0.068 0.066 0.046 0.059 0.058 0.085 0.089 0.038 0.071 0.077 0.067 0.097 0.073 0.056;0.05 0.066 0.058 0.038 0.067 0.068 0.046 0.059 0.085 0.071 0.097 0.089 0.073 0.077 0.056;
0.047 0.068 0.078 0.057 0.084 0.066 0.043 0.056 0.045 0.061 0.071 0.073 0.073 0.108 0.07;0.047 0.068 0.066 0.043 0.056 0.078 0.057 0.084 0.045 0.061 0.071 0.073 0.108 0.073 0.07;0.047 0.066 0.078 0.045 0.073 0.068 0.043 0.056 0.057 0.061 0.108 0.084 0.073 0.071 0.07;
0.053 0.057 0.083 0.077 0.083 0.061 0.046 0.057 0.043 0.069 0.062 0.076 0.084 0.087 0.062;0.053 0.057 0.061 0.046 0.057 0.083 0.077 0.083 0.043 0.069 0.062 0.076 0.087 0.084 0.062;0.053 0.061 0.083 0.043 0.076 0.057 0.046 0.057 0.077 0.069 0.087 0.083 0.084 0.062 0.062;
0.052 0.056 0.077 0.074 0.117 0.044 0.03 0.075 0.029 0.076 0.077 0.066 0.071 0.088 0.068;0.052 0.056 0.044 0.03 0.075 0.077 0.074 0.117 0.029 0.076 0.077 0.066 0.088 0.071 0.068;0.052 0.044 0.077 0.029 0.066 0.056 0.03 0.075 0.074 0.076 0.088 0.117 0.071 0.077 0.068;
0.047 0.055 0.062 0.061 0.088 0.066 0.034 0.085 0.046 0.072 0.068 0.078 0.077 0.104 0.057;0.047 0.055 0.066 0.034 0.085 0.062 0.061 0.088 0.046 0.072 0.068 0.078 0.104 0.077 0.057;0.047 0.066 0.062 0.046 0.078 0.055 0.034 0.085 0.061 0.072 0.104 0.088 0.077 0.068 0.057;
0.041 0.069 0.063 0.069 0.091 0.071 0.04 0.058 0.043 0.085 0.069 0.067 0.072 0.095 0.067;0.041 0.069 0.071 0.04 0.058 0.063 0.069 0.091 0.043 0.085 0.069 0.067 0.095 0.072 0.067;0.041 0.071 0.063 0.043 0.067 0.069 0.04 0.058 0.069 0.085 0.095 0.091 0.072 0.069 0.067;
0.061 0.075 0.079 0.06 0.091 0.058 0.042 0.067 0.038 0.069 0.07 0.077 0.081 0.075 0.057;0.061 0.075 0.058 0.042 0.067 0.079 0.06 0.091 0.038 0.069 0.07 0.077 0.075 0.081 0.057;0.061 0.058 0.079 0.038 0.077 0.075 0.042 0.067 0.06 0.069 0.075 0.091 0.081 0.07 0.057;
0.052 0.06 0.074 0.068 0.078 0.06 0.047 0.062 0.038 0.068 0.065 0.07 0.074 0.102 0.082;0.052 0.06 0.06 0.047 0.062 0.074 0.068 0.078 0.038 0.068 0.065 0.07 0.102 0.074 0.082;0.052 0.06 0.074 0.038 0.07 0.06 0.047 0.062 0.068 0.068 0.102 0.078 0.074 0.065 0.082;
0.054 0.067 0.073 0.074 0.085 0.057 0.039 0.074 0.044 0.067 0.065 0.068 0.083 0.093 0.057;0.054 0.067 0.057 0.039 0.074 0.073 0.074 0.085 0.044 0.067 0.065 0.068 0.093 0.083 0.057;0.054 0.057 0.073 0.044 0.068 0.067 0.039 0.074 0.074 0.067 0.093 0.085 0.083 0.065 0.057;
0.055 0.067 0.075 0.072 0.092 0.058 0.046 0.081 0.036 0.074 0.062 0.073 0.053 0.102 0.054;0.055 0.067 0.058 0.046 0.081 0.075 0.072 0.092 0.036 0.074 0.062 0.073 0.102 0.053 0.054;0.055 0.058 0.075 0.036 0.073 0.067 0.046 0.081 0.072 0.074 0.102 0.092 0.053 0.062 0.054;
0.053 0.06 0.073 0.062 0.105 0.072 0.048 0.061 0.043 0.054 0.066 0.063 0.079 0.099 0.062;0.053 0.06 0.072 0.048 0.061 0.073 0.062 0.105 0.043 0.054 0.066 0.063 0.099 0.079 0.062;0.053 0.072 0.073 0.043 0.063 0.06 0.048 0.061 0.062 0.054 0.099 0.105 0.079 0.066 0.062;
0.043 0.052 0.081 0.076 0.086 0.063 0.041 0.065 0.042 0.068 0.076 0.071 0.072 0.103 0.061;0.043 0.052 0.063 0.041 0.065 0.081 0.076 0.086 0.042 0.068 0.076 0.071 0.103 0.072 0.061;0.043 0.063 0.081 0.042 0.071 0.052 0.041 0.065 0.076 0.068 0.103 0.086 0.072 0.076 0.061;
0.053 0.064 0.067 0.071 0.094 0.06 0.04 0.061 0.035 0.077 0.07 0.076 0.081 0.088 0.063;0.053 0.064 0.06 0.04 0.061 0.067 0.071 0.094 0.035 0.077 0.07 0.076 0.088 0.081 0.063;0.053 0.06 0.067 0.035 0.076 0.064 0.04 0.061 0.071 0.077 0.088 0.094 0.081 0.07 0.063;
0.053 0.065 0.066 0.052 0.098 0.074 0.051 0.072 0.05 0.072 0.07 0.074 0.069 0.076 0.058;0.053 0.065 0.074 0.051 0.072 0.066 0.052 0.098 0.05 0.072 0.07 0.074 0.076 0.069 0.058;0.053 0.074 0.066 0.05 0.074 0.065 0.051 0.072 0.052 0.072 0.076 0.098 0.069 0.07 0.058;
0.051 0.062 0.075 0.068 0.087 0.059 0.03 0.064 0.048 0.066 0.074 0.073 0.078 0.111 0.054;0.051 0.062 0.059 0.03 0.064 0.075 0.068 0.087 0.048 0.066 0.074 0.073 0.111 0.078 0.054;0.051 0.059 0.075 0.048 0.073 0.062 0.03 0.064 0.068 0.066 0.111 0.087 0.078 0.074 0.054;
0.048 0.058 0.081 0.056 0.093 0.055 0.041 0.071 0.052 0.087 0.061 0.072 0.076 0.094 0.055;0.048 0.058 0.055 0.041 0.071 0.081 0.056 0.093 0.052 0.087 0.061 0.072 0.094 0.076 0.055;0.048 0.055 0.081 0.052 0.072 0.058 0.041 0.071 0.056 0.087 0.094 0.093 0.076 0.061 0.055;
0.063 0.054 0.064 0.086 0.113 0.057 0.033 0.069 0.041 0.07 0.061 0.063 0.071 0.088 0.067;0.063 0.054 0.057 0.033 0.069 0.064 0.086 0.113 0.041 0.07 0.061 0.063 0.088 0.071 0.067;0.063 0.057 0.064 0.041 0.063 0.054 0.033 0.069 0.086 0.07 0.088 0.113 0.071 0.061 0.067;
0.039 0.054 0.061 0.074 0.087 0.057 0.055 0.073 0.043 0.075 0.071 0.074 0.08 0.087 0.07;0.039 0.054 0.057 0.055 0.073 0.061 0.074 0.087 0.043 0.075 0.071 0.074 0.087 0.08 0.07;0.039 0.057 0.061 0.043 0.074 0.054 0.055 0.073 0.074 0.075 0.087 0.087 0.08 0.071 0.07;
0.041 0.065 0.067 0.08 0.099 0.055 0.031 0.081 0.035 0.073 0.07 0.074 0.062 0.106 0.061;0.041 0.065 0.055 0.031 0.081 0.067 0.08 0.099 0.035 0.073 0.07 0.074 0.106 0.062 0.061;0.041 0.055 0.067 0.035 0.074 0.065 0.031 0.081 0.08 0.073 0.106 0.099 0.062 0.07 0.061;
0.047 0.078 0.061 0.069 0.106 0.071 0.033 0.069 0.035 0.063 0.087 0.073 0.069 0.079 0.06;0.047 0.078 0.071 0.033 0.069 0.061 0.069 0.106 0.035 0.063 0.087 0.073 0.079 0.069 0.06;0.047 0.071 0.061 0.035 0.073 0.078 0.033 0.069 0.069 0.063 0.079 0.106 0.069 0.087 0.06;
0.063 0.061 0.08 0.059 0.085 0.054 0.044 0.07 0.028 0.069 0.073 0.073 0.066 0.116 0.059;0.063 0.061 0.054 0.044 0.07 0.08 0.059 0.085 0.028 0.069 0.073 0.073 0.116 0.066 0.059;0.063 0.054 0.08 0.028 0.073 0.061 0.044 0.07 0.059 0.069 0.116 0.085 0.066 0.073 0.059;
0.053 0.058 0.06 0.057 0.098 0.07 0.04 0.065 0.043 0.072 0.067 0.074 0.082 0.099 0.062;0.053 0.058 0.07 0.04 0.065 0.06 0.057 0.098 0.043 0.072 0.067 0.074 0.099 0.082 0.062;0.053 0.07 0.06 0.043 0.074 0.058 0.04 0.065 0.057 0.072 0.099 0.098 0.082 0.067 0.062;
0.046 0.046 0.086 0.073 0.091 0.068 0.049 0.084 0.037 0.058 0.069 0.058 0.067 0.087 0.081;0.046 0.046 0.068 0.049 0.084 0.086 0.073 0.091 0.037 0.058 0.069 0.058 0.087 0.067 0.081;0.046 0.068 0.086 0.037 0.058 0.046 0.049 0.084 0.073 0.058 0.087 0.091 0.067 0.069 0.081;
0.048 0.066 0.069 0.077 0.076 0.057 0.037 0.071 0.033 0.066 0.071 0.065 0.09 0.116 0.058;0.048 0.066 0.057 0.037 0.071 0.069 0.077 0.076 0.033 0.066 0.071 0.065 0.116 0.09 0.058;0.048 0.057 0.069 0.033 0.065 0.066 0.037 0.071 0.077 0.066 0.116 0.076 0.09 0.071 0.058;
0.039 0.071 0.085 0.068 0.068 0.061 0.045 0.078 0.046 0.059 0.062 0.078 0.089 0.089 0.062;0.039 0.071 0.061 0.045 0.078 0.085 0.068 0.068 0.046 0.059 0.062 0.078 0.089 0.089 0.062;0.039 0.061 0.085 0.046 0.078 0.071 0.045 0.078 0.068 0.059 0.089 0.068 0.089 0.062 0.062;
0.055 0.057 0.075 0.07 0.092 0.064 0.037 0.057 0.045 0.068 0.074 0.07 0.075 0.102 0.059;0.055 0.057 0.064 0.037 0.057 0.075 0.07 0.092 0.045 0.068 0.074 0.07 0.102 0.075 0.059;0.055 0.064 0.075 0.045 0.07 0.057 0.037 0.057 0.07 0.068 0.102 0.092 0.075 0.074 0.059;
0.055 0.061 0.08 0.067 0.092 0.055 0.026 0.068 0.048 0.065 0.06 0.087 0.068 0.104 0.064;0.055 0.061 0.055 0.026 0.068 0.08 0.067 0.092 0.048 0.065 0.06 0.087 0.104 0.068 0.064;0.055 0.055 0.08 0.048 0.087 0.061 0.026 0.068 0.067 0.065 0.104 0.092 0.068 0.06 0.064;
0.054 0.06 0.08 0.076 0.1 0.06 0.048 0.064 0.037 0.056 0.065 0.075 0.074 0.087 0.064;0.054 0.06 0.06 0.048 0.064 0.08 0.076 0.1 0.037 0.056 0.065 0.075 0.087 0.074 0.064;0.054 0.06 0.08 0.037 0.075 0.06 0.048 0.064 0.076 0.056 0.087 0.1 0.074 0.065 0.064;
0.048 0.058 0.086 0.069 0.098 0.063 0.037 0.058 0.033 0.061 0.058 0.073 0.088 0.11 0.06;0.048 0.058 0.063 0.037 0.058 0.086 0.069 0.098 0.033 0.061 0.058 0.073 0.11 0.088 0.06;0.048 0.063 0.086 0.033 0.073 0.058 0.037 0.058 0.069 0.061 0.11 0.098 0.088 0.058 0.06;
0.051 0.072 0.068 0.068 0.099 0.056 0.042 0.06 0.034 0.074 0.076 0.076 0.077 0.095 0.052;0.051 0.072 0.056 0.042 0.06 0.068 0.068 0.099 0.034 0.074 0.076 0.076 0.095 0.077 0.052;0.051 0.056 0.068 0.034 0.076 0.072 0.042 0.06 0.068 0.074 0.095 0.099 0.077 0.076 0.052;
0.05 0.064 0.07 0.066 0.098 0.048 0.046 0.066 0.038 0.069 0.075 0.071 0.073 0.107 0.059;0.05 0.064 0.048 0.046 0.066 0.07 0.066 0.098 0.038 0.069 0.075 0.071 0.107 0.073 0.059;0.05 0.048 0.07 0.038 0.071 0.064 0.046 0.066 0.066 0.069 0.107 0.098 0.073 0.075 0.059;
0.037 0.068 0.073 0.074 0.084 0.054 0.038 0.076 0.063 0.057 0.075 0.063 0.083 0.093 0.062;0.037 0.068 0.054 0.038 0.076 0.073 0.074 0.084 0.063 0.057 0.075 0.063 0.093 0.083 0.062;0.037 0.054 0.073 0.063 0.063 0.068 0.038 0.076 0.074 0.057 0.093 0.084 0.083 0.075 0.062;
0.043 0.055 0.075 0.085 0.091 0.043 0.044 0.056 0.045 0.082 0.078 0.063 0.075 0.099 0.066;0.043 0.055 0.043 0.044 0.056 0.075 0.085 0.091 0.045 0.082 0.078 0.063 0.099 0.075 0.066;0.043 0.043 0.075 0.045 0.063 0.055 0.044 0.056 0.085 0.082 0.099 0.091 0.075 0.078 0.066];