pntP=[0.569 0.052 0.038 0.011 0.053 0.005 0.001 0.028 0.012 0.034 0.081 0.001 0.007 0.004 0.002 0.021 0 0 0.001 0.002 0.011 0 0 0 0 0.002 0.029 0 0.002 0 0.01 0 0.001 0.002 0.001 0.02;0.569 0.052 0.038 0.081 0.001 0.007 0.004 0.029 0 0.002 0.011 0.053 0.005 0.001 0.002 0.021 0 0 0 0.01 0 0.001 0 0.002 0 0 0.028 0.012 0.034 0.001 0.002 0.011 0 0.002 0.001 0.02;0.569 0.081 0.029 0.011 0.002 0 0 0.028 0.001 0.002 0.052 0.001 0 0.004 0.053 0.021 0.01 0.002 0.012 0.002 0.001 0 0.001 0 0.001 0 0.038 0.007 0.002 0.005 0 0 0 0.034 0.011 0.02;
0.591 0.072 0.019 0.036 0.053 0.007 0.006 0.001 0.004 0.034 0.066 0.003 0.005 0.001 0.002 0.006 0.001 0.001 0.001 0.002 0.001 0.001 0.003 0 0.001 0.006 0.025 0.004 0.002 0.003 0.009 0.003 0 0.002 0.006 0.023;0.591 0.072 0.019 0.066 0.003 0.005 0.001 0.025 0.004 0.002 0.036 0.053 0.007 0.006 0.002 0.006 0.001 0.001 0.003 0.009 0.003 0 0.003 0.006 0.001 0 0.001 0.004 0.034 0.001 0.002 0.001 0.001 0.002 0.006 0.023;0.591 0.066 0.025 0.036 0.002 0.003 0.003 0.001 0.001 0.002 0.072 0.003 0.004 0.001 0.053 0.006 0.009 0.006 0.004 0.002 0.006 0.001 0.006 0 0 0.001 0.019 0.005 0.002 0.007 0.001 0.003 0.001 0.034 0.001 0.023;
0.596 0.048 0.047 0.014 0.025 0.001 0.003 0.018 0.011 0.066 0.022 0.001 0.001 0 0.001 0.02 0 0 0 0 0.002 0 0 0 0 0.003 0.063 0.01 0.009 0.002 0.002 0.001 0.001 0.004 0.004 0.025;0.596 0.048 0.047 0.022 0.001 0.001 0 0.063 0.01 0.009 0.014 0.025 0.001 0.003 0.001 0.02 0 0 0.002 0.002 0.001 0.001 0 0.003 0 0 0.018 0.011 0.066 0 0 0.002 0 0.004 0.004 0.025;0.596 0.022 0.063 0.014 0.001 0.002 0 0.018 0 0.004 0.048 0.001 0.01 0 0.025 0.02 0.002 0.003 0.011 0 0.004 0 0.003 0 0.001 0 0.047 0.001 0.009 0.001 0 0.001 0 0.066 0.002 0.025;
0.597 0.029 0.052 0.011 0.074 0.005 0.009 0.026 0.002 0.022 0.016 0 0.002 0 0 0.013 0 0.001 0 0 0.002 0 0 0.002 0 0 0.077 0.004 0.014 0.003 0.015 0 0.002 0.003 0.002 0.017;0.597 0.029 0.052 0.016 0 0.002 0 0.077 0.004 0.014 0.011 0.074 0.005 0.009 0 0.013 0 0.001 0.003 0.015 0 0.002 0 0 0 0.002 0.026 0.002 0.022 0 0 0.002 0 0.003 0.002 0.017;0.597 0.016 0.077 0.011 0 0.003 0 0.026 0 0.003 0.029 0 0.004 0 0.074 0.013 0.015 0 0.002 0 0.002 0 0.009 0.002 0.002 0.001 0.052 0.002 0.014 0.005 0 0 0 0.022 0.002 0.017;
0.586 0.067 0.02 0.018 0.019 0.004 0 0.018 0.008 0.067 0.066 0.009 0.002 0.005 0.001 0.012 0.001 0 0.002 0 0.013 0.001 0 0.001 0 0.004 0.038 0.004 0 0.002 0.001 0 0 0.002 0.004 0.025;0.586 0.067 0.02 0.066 0.009 0.002 0.005 0.038 0.004 0 0.018 0.019 0.004 0 0.001 0.012 0.001 0 0.002 0.001 0 0 0 0.004 0 0.001 0.018 0.008 0.067 0.002 0 0.013 0.001 0.002 0.004 0.025;0.586 0.066 0.038 0.018 0.001 0.002 0 0.018 0.002 0.002 0.067 0.009 0.004 0.005 0.019 0.012 0.001 0.004 0.008 0 0.004 0.001 0 0.001 0 0 0.02 0.002 0 0.004 0.001 0 0 0.067 0.013 0.025;
0.597 0.024 0.069 0.013 0.08 0.002 0.015 0.019 0.002 0.014 0.025 0 0.002 0 0.001 0.024 0 0.001 0 0.001 0.006 0.001 0 0.001 0 0.002 0.066 0 0.013 0.002 0.012 0.001 0 0.003 0 0.004;0.597 0.024 0.069 0.025 0 0.002 0 0.066 0 0.013 0.013 0.08 0.002 0.015 0.001 0.024 0 0.001 0.002 0.012 0.001 0 0 0.002 0 0.001 0.019 0.002 0.014 0 0.001 0.006 0.001 0.003 0 0.004;0.597 0.025 0.066 0.013 0.001 0.002 0 0.019 0 0.003 0.024 0 0 0 0.08 0.024 0.012 0.002 0.002 0.001 0 0.001 0.015 0.001 0 0.001 0.069 0.002 0.013 0.002 0 0.001 0 0.014 0.006 0.004;
0.574 0.056 0.038 0.016 0.027 0.006 0.004 0.023 0.011 0.072 0.1 0.008 0.005 0.001 0.002 0.022 0.001 0.002 0.002 0 0.004 0.001 0.001 0.001 0.001 0.003 0.009 0.003 0.002 0 0.003 0 0.001 0 0 0.001;0.574 0.056 0.038 0.1 0.008 0.005 0.001 0.009 0.003 0.002 0.016 0.027 0.006 0.004 0.002 0.022 0.001 0.002 0 0.003 0 0.001 0.001 0.003 0.001 0.001 0.023 0.011 0.072 0.002 0 0.004 0.001 0 0 0.001;0.574 0.1 0.009 0.016 0.002 0 0.001 0.023 0.002 0 0.056 0.008 0.003 0.001 0.027 0.022 0.003 0.003 0.011 0 0 0.001 0.004 0.001 0.001 0.002 0.038 0.005 0.002 0.006 0.001 0 0.001 0.072 0.004 0.001;
0.604 0.072 0.02 0.012 0.07 0.001 0.004 0.022 0.013 0.028 0.002 0.001 0 0 0 0.017 0 0 0.002 0 0.003 0 0 0 0 0.001 0.074 0.011 0.002 0.002 0.01 0 0 0.005 0.002 0.022;0.604 0.072 0.02 0.002 0.001 0 0 0.074 0.011 0.002 0.012 0.07 0.001 0.004 0 0.017 0 0 0.002 0.01 0 0 0 0.001 0 0 0.022 0.013 0.028 0.002 0 0.003 0 0.005 0.002 0.022;0.604 0.002 0.074 0.012 0 0.002 0 0.022 0.002 0.005 0.072 0.001 0.011 0 0.07 0.017 0.01 0.001 0.013 0 0.002 0 0.004 0 0 0 0.02 0 0.002 0.001 0 0 0 0.028 0.003 0.022;
0.598 0.014 0.081 0 0.01 0.002 0.003 0.043 0.002 0.083 0.026 0 0.003 0 0 0.002 0 0 0.001 0 0.001 0.001 0 0 0 0.003 0.067 0.005 0.013 0 0.002 0.001 0 0.005 0.002 0.032;0.598 0.014 0.081 0.026 0 0.003 0 0.067 0.005 0.013 0 0.01 0.002 0.003 0 0.002 0 0 0 0.002 0.001 0 0 0.003 0 0 0.043 0.002 0.083 0.001 0 0.001 0.001 0.005 0.002 0.032;0.598 0.026 0.067 0 0 0 0 0.043 0.001 0.005 0.014 0 0.005 0 0.01 0.002 0.002 0.003 0.002 0 0.002 0.001 0.003 0 0 0 0.081 0.003 0.013 0.002 0 0.001 0 0.083 0.001 0.032;
0.593 0.022 0.048 0.027 0.056 0.009 0.007 0.006 0.003 0.05 0.032 0 0.005 0 0.002 0.01 0 0.001 0.001 0 0.004 0 0 0.001 0 0.001 0.062 0.004 0.007 0.004 0.01 0.002 0.002 0.002 0.001 0.028;0.593 0.022 0.048 0.032 0 0.005 0 0.062 0.004 0.007 0.027 0.056 0.009 0.007 0.002 0.01 0 0.001 0.004 0.01 0.002 0.002 0 0.001 0 0.001 0.006 0.003 0.05 0.001 0 0.004 0 0.002 0.001 0.028;0.593 0.032 0.062 0.027 0.002 0.004 0 0.006 0.001 0.002 0.022 0 0.004 0 0.056 0.01 0.01 0.001 0.003 0 0.001 0 0.007 0.001 0.002 0.001 0.048 0.005 0.007 0.009 0 0.002 0 0.05 0.004 0.028;
0.557 0.005 0.083 0.014 0.052 0.001 0.007 0.036 0 0.061 0.043 0 0.006 0.001 0 0.03 0 0.001 0.002 0 0.001 0 0.001 0.001 0 0.005 0.062 0.001 0.006 0.002 0.006 0 0.001 0.004 0 0.011;0.557 0.005 0.083 0.043 0 0.006 0.001 0.062 0.001 0.006 0.014 0.052 0.001 0.007 0 0.03 0 0.001 0.002 0.006 0 0.001 0.001 0.005 0 0.001 0.036 0 0.061 0.002 0 0.001 0 0.004 0 0.011;0.557 0.043 0.062 0.014 0 0.002 0.001 0.036 0.002 0.004 0.005 0 0.001 0.001 0.052 0.03 0.006 0.005 0 0 0 0 0.007 0.001 0.001 0.001 0.083 0.006 0.006 0.001 0 0 0 0.061 0.001 0.011;
0.577 0.009 0.078 0.02 0.069 0.01 0.013 0.015 0.001 0.036 0.023 0 0.002 0 0 0.009 0 0.004 0 0 0 0.001 0 0 0 0.002 0.064 0.001 0.013 0.003 0.01 0.001 0.001 0.008 0 0.03;0.577 0.009 0.078 0.023 0 0.002 0 0.064 0.001 0.013 0.02 0.069 0.01 0.013 0 0.009 0 0.004 0.003 0.01 0.001 0.001 0 0.002 0 0 0.015 0.001 0.036 0 0 0 0.001 0.008 0 0.03;0.577 0.023 0.064 0.02 0 0.003 0 0.015 0 0.008 0.009 0 0.001 0 0.069 0.009 0.01 0.002 0.001 0 0 0.001 0.013 0 0.001 0.004 0.078 0.002 0.013 0.01 0 0.001 0 0.036 0 0.03;
0.573 0.048 0.048 0.033 0.084 0.007 0.004 0.005 0.003 0.017 0.048 0.002 0.007 0.001 0.001 0.015 0.001 0.003 0 0.001 0.003 0.001 0.001 0 0 0.006 0.052 0.005 0.005 0.002 0.005 0 0 0.002 0.001 0.016;0.573 0.048 0.048 0.048 0.002 0.007 0.001 0.052 0.005 0.005 0.033 0.084 0.007 0.004 0.001 0.015 0.001 0.003 0.002 0.005 0 0 0.001 0.006 0 0 0.005 0.003 0.017 0 0.001 0.003 0.001 0.002 0.001 0.016;0.573 0.048 0.052 0.033 0.001 0.002 0.001 0.005 0 0.002 0.048 0.002 0.005 0.001 0.084 0.015 0.005 0.006 0.003 0.001 0.001 0.001 0.004 0 0 0.003 0.048 0.007 0.005 0.007 0.001 0 0 0.017 0.003 0.016;
0.6 0.071 0.002 0.023 0.024 0.007 0.002 0.008 0.01 0.072 0.02 0.002 0 0.002 0.005 0.018 0.002 0.001 0.002 0 0.002 0 0.001 0 0 0.005 0.07 0.01 0 0.005 0.003 0 0 0.001 0.004 0.028;0.6 0.071 0.002 0.02 0.002 0 0.002 0.07 0.01 0 0.023 0.024 0.007 0.002 0.005 0.018 0.002 0.001 0.005 0.003 0 0 0.001 0.005 0 0 0.008 0.01 0.072 0.002 0 0.002 0 0.001 0.004 0.028;0.6 0.02 0.07 0.023 0.005 0.005 0.001 0.008 0.002 0.001 0.071 0.002 0.01 0.002 0.024 0.018 0.003 0.005 0.01 0 0.004 0 0.002 0 0 0.001 0.002 0 0 0.007 0.002 0 0 0.072 0.002 0.028;
0.578 0.027 0.07 0.008 0.071 0.005 0.01 0.027 0.007 0.031 0.002 0 0.001 0.001 0 0.018 0.001 0.001 0 0 0.001 0 0 0.001 0 0.005 0.079 0.007 0.012 0.001 0.013 0.002 0 0.007 0.001 0.013;0.578 0.027 0.07 0.002 0 0.001 0.001 0.079 0.007 0.012 0.008 0.071 0.005 0.01 0 0.018 0.001 0.001 0.001 0.013 0.002 0 0 0.005 0 0.001 0.027 0.007 0.031 0 0 0.001 0 0.007 0.001 0.013;0.578 0.002 0.079 0.008 0 0.001 0 0.027 0 0.007 0.027 0 0.007 0.001 0.071 0.018 0.013 0.005 0.007 0 0.001 0 0.01 0.001 0 0.001 0.07 0.001 0.012 0.005 0.001 0.002 0 0.031 0.001 0.013;
0.607 0.019 0.075 0.022 0.017 0.005 0.002 0.016 0.001 0.085 0.007 0 0 0.001 0 0.007 0.001 0 0.002 0 0.003 0 0 0 0 0.003 0.069 0.001 0.009 0.001 0.004 0.001 0.001 0.006 0.001 0.034;0.607 0.019 0.075 0.007 0 0 0.001 0.069 0.001 0.009 0.022 0.017 0.005 0.002 0 0.007 0.001 0 0.001 0.004 0.001 0.001 0 0.003 0 0 0.016 0.001 0.085 0.002 0 0.003 0 0.006 0.001 0.034;0.607 0.007 0.069 0.022 0 0.001 0 0.016 0.002 0.006 0.019 0 0.001 0.001 0.017 0.007 0.004 0.003 0.001 0 0.001 0 0.002 0 0.001 0 0.075 0 0.009 0.005 0.001 0.001 0 0.085 0.003 0.034;
0.607 0.022 0.069 0.001 0.046 0.001 0.003 0.033 0.003 0.055 0.048 0 0.006 0 0.001 0.015 0 0.001 0 0.001 0.005 0.001 0 0 0 0.003 0.044 0.003 0.007 0 0.007 0 0.001 0.006 0.001 0.01;0.607 0.022 0.069 0.048 0 0.006 0 0.044 0.003 0.007 0.001 0.046 0.001 0.003 0.001 0.015 0 0.001 0 0.007 0 0.001 0 0.003 0 0 0.033 0.003 0.055 0 0.001 0.005 0.001 0.006 0.001 0.01;0.607 0.048 0.044 0.001 0.001 0 0 0.033 0 0.006 0.022 0 0.003 0 0.046 0.015 0.007 0.003 0.003 0.001 0.001 0.001 0.003 0 0.001 0.001 0.069 0.006 0.007 0.001 0 0 0 0.055 0.005 0.01;
0.609 0.075 0.018 0.031 0.036 0.008 0.005 0.007 0.009 0.062 0.036 0.001 0.004 0.004 0.001 0.02 0 0.001 0 0 0.003 0.001 0 0 0 0.006 0.036 0.002 0.001 0 0.002 0.003 0 0 0.004 0.015;0.609 0.075 0.018 0.036 0.001 0.004 0.004 0.036 0.002 0.001 0.031 0.036 0.008 0.005 0.001 0.02 0 0.001 0 0.002 0.003 0 0 0.006 0 0 0.007 0.009 0.062 0 0 0.003 0.001 0 0.004 0.015;0.609 0.036 0.036 0.031 0.001 0 0 0.007 0 0 0.075 0.001 0.002 0.004 0.036 0.02 0.002 0.006 0.009 0 0.004 0.001 0.005 0 0 0.001 0.018 0.004 0.001 0.008 0 0.003 0 0.062 0.003 0.015;
0.582 0.078 0.016 0.004 0.017 0.003 0.002 0.032 0.01 0.069 0.089 0.007 0.003 0.009 0.004 0.029 0.001 0.001 0.004 0.001 0.01 0.001 0.001 0.001 0 0.007 0.003 0 0 0 0.005 0 0 0.001 0.001 0.009;0.582 0.078 0.016 0.089 0.007 0.003 0.009 0.003 0 0 0.004 0.017 0.003 0.002 0.004 0.029 0.001 0.001 0 0.005 0 0 0.001 0.007 0 0.001 0.032 0.01 0.069 0.004 0.001 0.01 0.001 0.001 0.001 0.009;0.582 0.089 0.003 0.004 0.004 0 0.001 0.032 0.004 0.001 0.078 0.007 0 0.009 0.017 0.029 0.005 0.007 0.01 0.001 0.001 0.001 0.002 0.001 0 0.001 0.016 0.003 0 0.003 0.001 0 0 0.069 0.01 0.009;
0.606 0.057 0.032 0.013 0.048 0.003 0.006 0.014 0.006 0.033 0.067 0.002 0.005 0.002 0.001 0.005 0 0.001 0.001 0 0.009 0.001 0 0 0 0.007 0.035 0.002 0.002 0.002 0.003 0.002 0 0.001 0.002 0.032;0.606 0.057 0.032 0.067 0.002 0.005 0.002 0.035 0.002 0.002 0.013 0.048 0.003 0.006 0.001 0.005 0 0.001 0.002 0.003 0.002 0 0 0.007 0 0 0.014 0.006 0.033 0.001 0 0.009 0.001 0.001 0.002 0.032;0.606 0.067 0.035 0.013 0.001 0.002 0 0.014 0.001 0.001 0.057 0.002 0.002 0.002 0.048 0.005 0.003 0.007 0.006 0 0.002 0.001 0.006 0 0 0.001 0.032 0.005 0.002 0.003 0 0.002 0 0.033 0.009 0.032;
0.611 0.052 0.041 0.021 0.053 0.004 0.009 0.01 0.004 0.025 0.015 0.001 0 0 0.001 0.034 0.001 0.002 0.001 0 0 0 0.001 0.001 0.001 0.006 0.077 0.005 0.006 0.001 0.012 0.002 0 0.001 0 0.002;0.611 0.052 0.041 0.015 0.001 0 0 0.077 0.005 0.006 0.021 0.053 0.004 0.009 0.001 0.034 0.001 0.002 0.001 0.012 0.002 0 0.001 0.006 0.001 0.001 0.01 0.004 0.025 0.001 0 0 0 0.001 0 0.002;0.611 0.015 0.077 0.021 0.001 0.001 0.001 0.01 0.001 0.001 0.052 0.001 0.005 0 0.053 0.034 0.012 0.006 0.004 0 0 0 0.009 0.001 0 0.002 0.041 0 0.006 0.004 0.001 0.002 0.001 0.025 0 0.002;
0.568 0.033 0.067 0.013 0.051 0.004 0.006 0.023 0.006 0.043 0.076 0.001 0.006 0.003 0.001 0.023 0.001 0.001 0 0 0.009 0.001 0 0 0 0.001 0.032 0 0.001 0.002 0.006 0 0 0.003 0.003 0.016;0.568 0.033 0.067 0.076 0.001 0.006 0.003 0.032 0 0.001 0.013 0.051 0.004 0.006 0.001 0.023 0.001 0.001 0.002 0.006 0 0 0 0.001 0 0 0.023 0.006 0.043 0 0 0.009 0.001 0.003 0.003 0.016;0.568 0.076 0.032 0.013 0.001 0.002 0 0.023 0 0.003 0.033 0.001 0 0.003 0.051 0.023 0.006 0.001 0.006 0 0.003 0.001 0.006 0 0 0.001 0.067 0.006 0.001 0.004 0.001 0 0 0.043 0.009 0.016;
0.575 0.072 0.051 0.014 0.041 0.004 0.002 0.014 0.002 0.063 0.008 0 0 0 0 0.014 0 0.002 0 0 0.002 0 0.001 0 0 0.001 0.079 0.007 0.006 0.004 0.014 0 0.001 0.002 0.004 0.017;0.575 0.072 0.051 0.008 0 0 0 0.079 0.007 0.006 0.014 0.041 0.004 0.002 0 0.014 0 0.002 0.004 0.014 0 0.001 0.001 0.001 0 0 0.014 0.002 0.063 0 0 0.002 0 0.002 0.004 0.017;0.575 0.008 0.079 0.014 0 0.004 0.001 0.014 0 0.002 0.072 0 0.007 0 0.041 0.014 0.014 0.001 0.002 0 0.004 0 0.002 0 0.001 0.002 0.051 0 0.006 0.004 0 0 0 0.063 0.002 0.017;
0.602 0.013 0.078 0.006 0.007 0.001 0 0.037 0.004 0.086 0.037 0 0.006 0 0.001 0.017 0 0 0.003 0 0.004 0 0 0.001 0 0.002 0.066 0 0.006 0.002 0.002 0 0 0.002 0 0.017;0.602 0.013 0.078 0.037 0 0.006 0 0.066 0 0.006 0.006 0.007 0.001 0 0.001 0.017 0 0 0.002 0.002 0 0 0 0.002 0 0.001 0.037 0.004 0.086 0.003 0 0.004 0 0.002 0 0.017;0.602 0.037 0.066 0.006 0.001 0.002 0 0.037 0.003 0.002 0.013 0 0 0 0.007 0.017 0.002 0.002 0.004 0 0 0 0 0.001 0 0 0.078 0.006 0.006 0.001 0 0 0 0.086 0.004 0.017;
0.57 0.092 0.025 0.025 0.048 0.002 0 0.02 0.011 0.049 0.07 0.002 0.005 0.004 0.001 0.013 0 0.004 0.006 0.003 0.006 0.002 0.001 0 0 0.005 0.01 0.004 0.001 0.001 0.001 0 0 0.001 0.001 0.017;0.57 0.092 0.025 0.07 0.002 0.005 0.004 0.01 0.004 0.001 0.025 0.048 0.002 0 0.001 0.013 0 0.004 0.001 0.001 0 0 0.001 0.005 0 0 0.02 0.011 0.049 0.006 0.003 0.006 0.002 0.001 0.001 0.017;0.57 0.07 0.01 0.025 0.001 0.001 0.001 0.02 0.006 0.001 0.092 0.002 0.004 0.004 0.048 0.013 0.001 0.005 0.011 0.003 0.001 0.002 0 0 0 0.004 0.025 0.005 0.001 0.002 0 0 0 0.049 0.006 0.017;
0.591 0.076 0.024 0.013 0.038 0.002 0.004 0.026 0.006 0.062 0.028 0.002 0.001 0.002 0 0.013 0 0 0 0 0.003 0.001 0 0 0 0.004 0.053 0.01 0.003 0.001 0.008 0 0.001 0.005 0.002 0.021;0.591 0.076 0.024 0.028 0.002 0.001 0.002 0.053 0.01 0.003 0.013 0.038 0.002 0.004 0 0.013 0 0 0.001 0.008 0 0.001 0 0.004 0 0 0.026 0.006 0.062 0 0 0.003 0.001 0.005 0.002 0.021;0.591 0.028 0.053 0.013 0 0.001 0 0.026 0 0.005 0.076 0.002 0.01 0.002 0.038 0.013 0.008 0.004 0.006 0 0.002 0.001 0.004 0 0.001 0 0.024 0.001 0.003 0.002 0 0 0 0.062 0.003 0.021;
0.623 0.073 0.01 0.021 0.044 0.004 0.002 0.013 0.005 0.035 0.004 0.001 0 0.001 0.003 0.01 0 0 0 0.003 0.001 0 0 0 0 0.004 0.087 0.01 0.001 0.006 0.009 0.001 0 0.002 0.004 0.023;0.623 0.073 0.01 0.004 0.001 0 0.001 0.087 0.01 0.001 0.021 0.044 0.004 0.002 0.003 0.01 0 0 0.006 0.009 0.001 0 0 0.004 0 0 0.013 0.005 0.035 0 0.003 0.001 0 0.002 0.004 0.023;0.623 0.004 0.087 0.021 0.003 0.006 0 0.013 0 0.002 0.073 0.001 0.01 0.001 0.044 0.01 0.009 0.004 0.005 0.003 0.004 0 0.002 0 0 0 0.01 0 0.001 0.004 0 0.001 0 0.035 0.001 0.023;
0.586 0.038 0.058 0.004 0.061 0.002 0.005 0.028 0.002 0.034 0.042 0.001 0.003 0.001 0.001 0.018 0.001 0.003 0.003 0 0.006 0 0 0.001 0 0.006 0.057 0.001 0.004 0 0.009 0 0.003 0.003 0.002 0.017;0.586 0.038 0.058 0.042 0.001 0.003 0.001 0.057 0.001 0.004 0.004 0.061 0.002 0.005 0.001 0.018 0.001 0.003 0 0.009 0 0.003 0 0.006 0 0.001 0.028 0.002 0.034 0.003 0 0.006 0 0.003 0.002 0.017;0.586 0.042 0.057 0.004 0.001 0 0 0.028 0.003 0.003 0.038 0.001 0.001 0.001 0.061 0.018 0.009 0.006 0.002 0 0.002 0 0.005 0.001 0.003 0.003 0.058 0.003 0.004 0.002 0.001 0 0 0.034 0.006 0.017;
0.57 0.074 0.022 0.012 0.038 0.007 0.002 0.01 0.01 0.055 0.087 0.004 0.003 0.006 0.001 0.006 0 0 0.003 0.001 0.01 0.001 0.001 0 0.001 0.002 0.032 0.002 0.002 0.001 0.004 0.001 0 0.003 0.005 0.024;0.57 0.074 0.022 0.087 0.004 0.003 0.006 0.032 0.002 0.002 0.012 0.038 0.007 0.002 0.001 0.006 0 0 0.001 0.004 0.001 0 0.001 0.002 0.001 0 0.01 0.01 0.055 0.003 0.001 0.01 0.001 0.003 0.005 0.024;0.57 0.087 0.032 0.012 0.001 0.001 0.001 0.01 0.003 0.003 0.074 0.004 0.002 0.006 0.038 0.006 0.004 0.002 0.01 0.001 0.005 0.001 0.002 0 0 0 0.022 0.003 0.002 0.007 0 0.001 0.001 0.055 0.01 0.024;
0.587 0.032 0.064 0.028 0.042 0.006 0.006 0.01 0.006 0.044 0.051 0.004 0.007 0.001 0.001 0.006 0.001 0.002 0.001 0.001 0.011 0 0.001 0 0.001 0.001 0.034 0.002 0.006 0.003 0.007 0.005 0 0.002 0 0.027;0.587 0.032 0.064 0.051 0.004 0.007 0.001 0.034 0.002 0.006 0.028 0.042 0.006 0.006 0.001 0.006 0.001 0.002 0.003 0.007 0.005 0 0.001 0.001 0.001 0 0.01 0.006 0.044 0.001 0.001 0.011 0 0.002 0 0.027;0.587 0.051 0.034 0.028 0.001 0.003 0.001 0.01 0.001 0.002 0.032 0.004 0.002 0.001 0.042 0.006 0.007 0.001 0.006 0.001 0 0 0.006 0 0 0.002 0.064 0.007 0.006 0.006 0.001 0.005 0.001 0.044 0.011 0.027;
0.59 0.058 0.03 0.026 0.053 0.006 0.001 0.012 0.004 0.047 0.022 0.001 0 0.001 0.003 0.029 0.001 0.004 0 0 0.003 0 0 0 0 0.003 0.074 0.008 0.005 0.006 0.006 0 0 0.002 0.001 0.004;0.59 0.058 0.03 0.022 0.001 0 0.001 0.074 0.008 0.005 0.026 0.053 0.006 0.001 0.003 0.029 0.001 0.004 0.006 0.006 0 0 0 0.003 0 0 0.012 0.004 0.047 0 0 0.003 0 0.002 0.001 0.004;0.59 0.022 0.074 0.026 0.003 0.006 0 0.012 0 0.002 0.058 0.001 0.008 0.001 0.053 0.029 0.006 0.003 0.004 0 0.001 0 0.001 0 0 0.004 0.03 0 0.005 0.006 0.001 0 0 0.047 0.003 0.004;
0.57 0.073 0.017 0.024 0.047 0.013 0.006 0.012 0.009 0.049 0.088 0.005 0.001 0.008 0.001 0.011 0.001 0.001 0 0.001 0.014 0.001 0.001 0 0 0.004 0.009 0.001 0 0.001 0.003 0.001 0.002 0 0 0.026;0.57 0.073 0.017 0.088 0.005 0.001 0.008 0.009 0.001 0 0.024 0.047 0.013 0.006 0.001 0.011 0.001 0.001 0.001 0.003 0.001 0.002 0.001 0.004 0 0 0.012 0.009 0.049 0 0.001 0.014 0.001 0 0 0.026;0.57 0.088 0.009 0.024 0.001 0.001 0.001 0.012 0 0 0.073 0.005 0.001 0.008 0.047 0.011 0.003 0.004 0.009 0.001 0 0.001 0.006 0 0.002 0.001 0.017 0.001 0 0.013 0.001 0.001 0 0.049 0.014 0.026;
0.615 0.054 0.017 0.017 0.086 0.007 0.005 0.019 0.005 0.024 0.012 0 0 0 0.002 0.003 0 0 0 0 0 0 0 0 0.001 0.003 0.062 0.011 0.003 0.004 0.014 0.002 0.001 0.004 0.004 0.025;0.615 0.054 0.017 0.012 0 0 0 0.062 0.011 0.003 0.017 0.086 0.007 0.005 0.002 0.003 0 0 0.004 0.014 0.002 0.001 0 0.003 0.001 0 0.019 0.005 0.024 0 0 0 0 0.004 0.004 0.025;0.615 0.012 0.062 0.017 0.002 0.004 0 0.019 0 0.004 0.054 0 0.011 0 0.086 0.003 0.014 0.003 0.005 0 0.004 0 0.005 0 0.001 0 0.017 0 0.003 0.007 0 0.002 0.001 0.024 0 0.025;
0.574 0.071 0.035 0.014 0.051 0.003 0.002 0.02 0.005 0.047 0.018 0.004 0.003 0.004 0 0.027 0 0 0.002 0.001 0 0 0 0 0 0.007 0.068 0.003 0.004 0.004 0.005 0.002 0 0.004 0.002 0.02;0.574 0.071 0.035 0.018 0.004 0.003 0.004 0.068 0.003 0.004 0.014 0.051 0.003 0.002 0 0.027 0 0 0.004 0.005 0.002 0 0 0.007 0 0 0.02 0.005 0.047 0.002 0.001 0 0 0.004 0.002 0.02;0.574 0.018 0.068 0.014 0 0.004 0 0.02 0.002 0.004 0.071 0.004 0.003 0.004 0.051 0.027 0.005 0.007 0.005 0.001 0.002 0 0.002 0 0 0 0.035 0.003 0.004 0.003 0 0.002 0 0.047 0 0.02;
0.601 0.006 0.074 0.021 0.024 0.003 0.003 0.027 0.001 0.066 0.03 0.002 0.005 0.001 0.001 0.022 0 0.003 0.001 0.001 0.005 0 0 0.001 0 0.008 0.055 0 0.011 0 0.003 0.002 0 0.004 0 0.019;0.601 0.006 0.074 0.03 0.002 0.005 0.001 0.055 0 0.011 0.021 0.024 0.003 0.003 0.001 0.022 0 0.003 0 0.003 0.002 0 0 0.008 0 0.001 0.027 0.001 0.066 0.001 0.001 0.005 0 0.004 0 0.019;0.601 0.03 0.055 0.021 0.001 0 0 0.027 0.001 0.004 0.006 0.002 0 0.001 0.024 0.022 0.003 0.008 0.001 0.001 0 0 0.003 0.001 0 0.003 0.074 0.005 0.011 0.003 0 0.002 0 0.066 0.005 0.019;
0.587 0.088 0.009 0.004 0.077 0.009 0.011 0.021 0.007 0.013 0.076 0.003 0.002 0.002 0 0.008 0.002 0 0.001 0.001 0.006 0 0 0.002 0 0.006 0.021 0.002 0.003 0 0.005 0 0.002 0.001 0.003 0.028;0.587 0.088 0.009 0.076 0.003 0.002 0.002 0.021 0.002 0.003 0.004 0.077 0.009 0.011 0 0.008 0.002 0 0 0.005 0 0.002 0 0.006 0 0.002 0.021 0.007 0.013 0.001 0.001 0.006 0 0.001 0.003 0.028;0.587 0.076 0.021 0.004 0 0 0 0.021 0.001 0.001 0.088 0.003 0.002 0.002 0.077 0.008 0.005 0.006 0.007 0.001 0.003 0 0.011 0.002 0.002 0 0.009 0.002 0.003 0.009 0.002 0 0 0.013 0.006 0.028;
0.595 0.009 0.079 0.003 0.038 0.001 0.007 0.035 0 0.058 0.086 0 0.012 0.001 0 0.012 0 0.003 0.003 0 0.013 0.001 0 0.004 0 0.005 0.005 0 0.001 0 0.004 0 0 0.005 0 0.02;0.595 0.009 0.079 0.086 0 0.012 0.001 0.005 0 0.001 0.003 0.038 0.001 0.007 0 0.012 0 0.003 0 0.004 0 0 0 0.005 0 0.004 0.035 0 0.058 0.003 0 0.013 0.001 0.005 0 0.02;0.595 0.086 0.005 0.003 0 0 0 0.035 0.003 0.005 0.009 0 0 0.001 0.038 0.012 0.004 0.005 0 0 0 0.001 0.007 0.004 0 0.003 0.079 0.012 0.001 0.001 0 0 0 0.058 0.013 0.02;
0.621 0.041 0.028 0.02 0.052 0.004 0.004 0.01 0.011 0.049 0.059 0.001 0.003 0.002 0 0.004 0.001 0 0.001 0 0.005 0 0.001 0.001 0 0.002 0.027 0.003 0.002 0.003 0.005 0.001 0 0.001 0.005 0.033;0.621 0.041 0.028 0.059 0.001 0.003 0.002 0.027 0.003 0.002 0.02 0.052 0.004 0.004 0 0.004 0.001 0 0.003 0.005 0.001 0 0.001 0.002 0 0.001 0.01 0.011 0.049 0.001 0 0.005 0 0.001 0.005 0.033;0.621 0.059 0.027 0.02 0 0.003 0.001 0.01 0.001 0.001 0.041 0.001 0.003 0.002 0.052 0.004 0.005 0.002 0.011 0 0.005 0 0.004 0.001 0 0 0.028 0.003 0.002 0.004 0.001 0.001 0 0.049 0.005 0.033;
0.594 0.071 0.023 0.02 0.025 0.001 0.001 0.017 0.013 0.058 0.055 0.007 0.005 0.004 0.001 0.022 0.001 0.003 0.004 0.001 0.012 0.001 0.001 0.001 0 0.002 0.024 0.004 0.004 0 0.002 0 0 0.001 0.009 0.013;0.594 0.071 0.023 0.055 0.007 0.005 0.004 0.024 0.004 0.004 0.02 0.025 0.001 0.001 0.001 0.022 0.001 0.003 0 0.002 0 0 0.001 0.002 0 0.001 0.017 0.013 0.058 0.004 0.001 0.012 0.001 0.001 0.009 0.013;0.594 0.055 0.024 0.02 0.001 0 0.001 0.017 0.004 0.001 0.071 0.007 0.004 0.004 0.025 0.022 0.002 0.002 0.013 0.001 0.009 0.001 0.001 0.001 0 0.003 0.023 0.005 0.004 0.001 0.001 0 0 0.058 0.012 0.013;
0.612 0.08 0.005 0.011 0.071 0.003 0 0.018 0.009 0.035 0.001 0 0 0 0 0.016 0.002 0 0 0 0.001 0 0.001 0 0 0.003 0.081 0.009 0.002 0.002 0.009 0 0 0.006 0.003 0.02;0.612 0.08 0.005 0.001 0 0 0 0.081 0.009 0.002 0.011 0.071 0.003 0 0 0.016 0.002 0 0.002 0.009 0 0 0.001 0.003 0 0 0.018 0.009 0.035 0 0 0.001 0 0.006 0.003 0.02;0.612 0.001 0.081 0.011 0 0.002 0.001 0.018 0 0.006 0.08 0 0.009 0 0.071 0.016 0.009 0.003 0.009 0 0.003 0 0 0 0 0 0.005 0 0.002 0.003 0.002 0 0 0.035 0.001 0.02;
0.593 0.015 0.094 0.02 0.046 0.004 0.009 0.015 0.001 0.047 0.042 0.001 0.004 0 0.001 0.015 0.001 0.003 0.001 0 0.002 0 0.001 0 0 0.004 0.047 0.001 0.011 0 0.005 0 0.001 0.003 0 0.013;0.593 0.015 0.094 0.042 0.001 0.004 0 0.047 0.001 0.011 0.02 0.046 0.004 0.009 0.001 0.015 0.001 0.003 0 0.005 0 0.001 0.001 0.004 0 0 0.015 0.001 0.047 0.001 0 0.002 0 0.003 0 0.013;0.593 0.042 0.047 0.02 0.001 0 0.001 0.015 0.001 0.003 0.015 0.001 0.001 0 0.046 0.015 0.005 0.004 0.001 0 0 0 0.009 0 0.001 0.003 0.094 0.004 0.011 0.004 0.001 0 0 0.047 0.002 0.013;
0.58 0.025 0.055 0.027 0.037 0.006 0.003 0.016 0.002 0.076 0.041 0.001 0.002 0 0.002 0.014 0.001 0.002 0 0 0.008 0 0.001 0 0 0.006 0.048 0.002 0.008 0.001 0.006 0 0.001 0.002 0.001 0.026;0.58 0.025 0.055 0.041 0.001 0.002 0 0.048 0.002 0.008 0.027 0.037 0.006 0.003 0.002 0.014 0.001 0.002 0.001 0.006 0 0.001 0.001 0.006 0 0 0.016 0.002 0.076 0 0 0.008 0 0.002 0.001 0.026;0.58 0.041 0.048 0.027 0.002 0.001 0.001 0.016 0 0.002 0.025 0.001 0.002 0 0.037 0.014 0.006 0.006 0.002 0 0.001 0 0.003 0 0.001 0.002 0.055 0.002 0.008 0.006 0.001 0 0 0.076 0.008 0.026;
0.601 0.028 0.066 0.013 0.027 0.001 0.004 0.021 0.014 0.059 0.079 0.002 0.006 0.001 0.001 0.016 0.001 0.004 0.002 0.001 0.014 0 0.001 0 0 0.003 0.013 0 0.001 0 0.001 0.001 0 0.001 0.001 0.017;0.601 0.028 0.066 0.079 0.002 0.006 0.001 0.013 0 0.001 0.013 0.027 0.001 0.004 0.001 0.016 0.001 0.004 0 0.001 0.001 0 0.001 0.003 0 0 0.021 0.014 0.059 0.002 0.001 0.014 0 0.001 0.001 0.017;0.601 0.079 0.013 0.013 0.001 0 0.001 0.021 0.002 0.001 0.028 0.002 0 0.001 0.027 0.016 0.001 0.003 0.014 0.001 0.001 0 0.004 0 0 0.004 0.066 0.006 0.001 0.001 0.001 0.001 0 0.059 0.014 0.017;
0.593 0.071 0.025 0.003 0.044 0.004 0.003 0.031 0.008 0.056 0.036 0.001 0.002 0.004 0 0.018 0.001 0.001 0.001 0 0.003 0 0.001 0.002 0 0.004 0.053 0.007 0.002 0 0.005 0 0.002 0.004 0.001 0.014;0.593 0.071 0.025 0.036 0.001 0.002 0.004 0.053 0.007 0.002 0.003 0.044 0.004 0.003 0 0.018 0.001 0.001 0 0.005 0 0.002 0.001 0.004 0 0.002 0.031 0.008 0.056 0.001 0 0.003 0 0.004 0.001 0.014;0.593 0.036 0.053 0.003 0 0 0.001 0.031 0.001 0.004 0.071 0.001 0.007 0.004 0.044 0.018 0.005 0.004 0.008 0 0.001 0 0.003 0.002 0.002 0.001 0.025 0.002 0.002 0.004 0.001 0 0 0.056 0.003 0.014;
0.578 0.019 0.059 0.03 0.058 0.004 0.003 0.014 0.002 0.061 0.026 0 0.007 0.002 0.001 0.02 0.002 0.002 0 0 0.005 0 0.001 0.001 0 0.002 0.07 0.003 0.006 0.001 0.005 0 0 0.002 0.001 0.015;0.578 0.019 0.059 0.026 0 0.007 0.002 0.07 0.003 0.006 0.03 0.058 0.004 0.003 0.001 0.02 0.002 0.002 0.001 0.005 0 0 0.001 0.002 0 0.001 0.014 0.002 0.061 0 0 0.005 0 0.002 0.001 0.015;0.578 0.026 0.07 0.03 0.001 0.001 0.001 0.014 0 0.002 0.019 0 0.003 0.002 0.058 0.02 0.005 0.002 0.002 0 0.001 0 0.003 0.001 0 0.002 0.059 0.007 0.006 0.004 0.002 0 0 0.061 0.005 0.015;
0.536 0.002 0.098 0.03 0.063 0.005 0.015 0.017 0.002 0.037 0.081 0 0.009 0 0.002 0.02 0.001 0.002 0.003 0 0.006 0 0.001 0.001 0 0.005 0.019 0 0.008 0 0.008 0.001 0.001 0.004 0 0.023;0.536 0.002 0.098 0.081 0 0.009 0 0.019 0 0.008 0.03 0.063 0.005 0.015 0.002 0.02 0.001 0.002 0 0.008 0.001 0.001 0.001 0.005 0 0.001 0.017 0.002 0.037 0.003 0 0.006 0 0.004 0 0.023;0.536 0.081 0.019 0.03 0.002 0 0.001 0.017 0.003 0.004 0.002 0 0 0 0.063 0.02 0.008 0.005 0.002 0 0 0 0.015 0.001 0.001 0.002 0.098 0.009 0.008 0.005 0.001 0.001 0 0.037 0.006 0.023;
0.615 0.018 0.083 0.021 0.03 0.003 0.004 0.009 0.002 0.048 0.053 0 0.004 0.002 0.001 0.014 0.001 0.003 0.002 0 0.005 0 0.002 0 0 0.006 0.05 0.001 0.004 0 0.002 0 0 0.003 0 0.014;0.615 0.018 0.083 0.053 0 0.004 0.002 0.05 0.001 0.004 0.021 0.03 0.003 0.004 0.001 0.014 0.001 0.003 0 0.002 0 0 0.002 0.006 0 0 0.009 0.002 0.048 0.002 0 0.005 0 0.003 0 0.014;0.615 0.053 0.05 0.021 0.001 0 0.002 0.009 0.002 0.003 0.018 0 0.001 0.002 0.03 0.014 0.002 0.006 0.002 0 0 0 0.004 0 0 0.003 0.083 0.004 0.004 0.003 0.001 0 0 0.048 0.005 0.014;
0.601 0.016 0.084 0.009 0.026 0.002 0.003 0.024 0.001 0.065 0.068 0 0.01 0 0 0.022 0 0.002 0.006 0 0.012 0 0 0.001 0 0.001 0.017 0.002 0.001 0 0.006 0 0 0.004 0.001 0.016;0.601 0.016 0.084 0.068 0 0.01 0 0.017 0.002 0.001 0.009 0.026 0.002 0.003 0 0.022 0 0.002 0 0.006 0 0 0 0.001 0 0.001 0.024 0.001 0.065 0.006 0 0.012 0 0.004 0.001 0.016;0.601 0.068 0.017 0.009 0 0 0 0.024 0.006 0.004 0.016 0 0.002 0 0.026 0.022 0.006 0.001 0.001 0 0.001 0 0.003 0.001 0 0.002 0.084 0.01 0.001 0.002 0 0 0 0.065 0.012 0.016;
0.597 0.098 0.004 0.025 0.063 0.004 0.002 0.01 0.005 0.028 0.049 0.003 0 0.001 0 0.007 0.002 0 0.002 0 0.004 0 0.001 0 0 0.005 0.034 0.007 0.001 0.003 0.012 0 0.001 0 0.009 0.023;0.597 0.098 0.004 0.049 0.003 0 0.001 0.034 0.007 0.001 0.025 0.063 0.004 0.002 0 0.007 0.002 0 0.003 0.012 0 0.001 0.001 0.005 0 0 0.01 0.005 0.028 0.002 0 0.004 0 0 0.009 0.023;0.597 0.049 0.034 0.025 0 0.003 0.001 0.01 0.002 0 0.098 0.003 0.007 0.001 0.063 0.007 0.012 0.005 0.005 0 0.009 0 0.002 0 0.001 0 0.004 0 0.001 0.004 0.002 0 0 0.028 0.004 0.023;
0.589 0.045 0.039 0.015 0.057 0.006 0.006 0.018 0.005 0.038 0.035 0.005 0.002 0.003 0.001 0.012 0 0 0 0 0.003 0 0.001 0 0.001 0.006 0.067 0.004 0.007 0.001 0.006 0.002 0.001 0.001 0.004 0.02;0.589 0.045 0.039 0.035 0.005 0.002 0.003 0.067 0.004 0.007 0.015 0.057 0.006 0.006 0.001 0.012 0 0 0.001 0.006 0.002 0.001 0.001 0.006 0.001 0 0.018 0.005 0.038 0 0 0.003 0 0.001 0.004 0.02;0.589 0.035 0.067 0.015 0.001 0.001 0.001 0.018 0 0.001 0.045 0.005 0.004 0.003 0.057 0.012 0.006 0.006 0.005 0 0.004 0 0.006 0 0.001 0 0.039 0.002 0.007 0.006 0 0.002 0.001 0.038 0.003 0.02;
0.587 0.016 0.081 0.011 0.035 0.003 0.003 0.02 0.005 0.067 0.033 0.002 0.004 0 0.001 0.008 0.001 0.002 0.001 0.001 0.005 0.001 0.001 0 0 0.003 0.058 0.002 0.014 0.004 0.004 0 0 0.005 0 0.022;0.587 0.016 0.081 0.033 0.002 0.004 0 0.058 0.002 0.014 0.011 0.035 0.003 0.003 0.001 0.008 0.001 0.002 0.004 0.004 0 0 0.001 0.003 0 0 0.02 0.005 0.067 0.001 0.001 0.005 0.001 0.005 0 0.022;0.587 0.033 0.058 0.011 0.001 0.004 0.001 0.02 0.001 0.005 0.016 0.002 0.002 0 0.035 0.008 0.004 0.003 0.005 0.001 0 0.001 0.003 0 0 0.002 0.081 0.004 0.014 0.003 0.001 0 0 0.067 0.005 0.022;
0.593 0.075 0.019 0.022 0.041 0.005 0.002 0.003 0.008 0.055 0.081 0.003 0.003 0.002 0.007 0.015 0.001 0 0 0 0.006 0.002 0.002 0 0.002 0.002 0.014 0.001 0 0 0.005 0 0.001 0 0.004 0.026;0.593 0.075 0.019 0.081 0.003 0.003 0.002 0.014 0.001 0 0.022 0.041 0.005 0.002 0.007 0.015 0.001 0 0 0.005 0 0.001 0.002 0.002 0.002 0 0.003 0.008 0.055 0 0 0.006 0.002 0 0.004 0.026;0.593 0.081 0.014 0.022 0.007 0 0.002 0.003 0 0 0.075 0.003 0.001 0.002 0.041 0.015 0.005 0.002 0.008 0 0.004 0.002 0.002 0 0.001 0 0.019 0.003 0 0.005 0.001 0 0.002 0.055 0.006 0.026;
0.595 0.079 0.012 0.02 0.054 0.006 0.004 0.02 0.007 0.02 0.081 0.01 0.002 0.003 0 0.011 0.001 0 0.001 0 0.011 0.001 0.002 0.001 0.001 0.004 0.018 0 0.002 0 0.003 0.002 0 0.001 0.002 0.026;0.595 0.079 0.012 0.081 0.01 0.002 0.003 0.018 0 0.002 0.02 0.054 0.006 0.004 0 0.011 0.001 0 0 0.003 0.002 0 0.002 0.004 0.001 0.001 0.02 0.007 0.02 0.001 0 0.011 0.001 0.001 0.002 0.026;0.595 0.081 0.018 0.02 0 0 0.002 0.02 0.001 0.001 0.079 0.01 0 0.003 0.054 0.011 0.003 0.004 0.007 0 0.002 0.001 0.004 0.001 0 0 0.012 0.002 0.002 0.006 0.001 0.002 0.001 0.02 0.011 0.026;
0.588 0.001 0.091 0.01 0.059 0.002 0.013 0.024 0.003 0.031 0.017 0 0.002 0 0 0.009 0 0.003 0 0 0.003 0 0 0.001 0 0.003 0.09 0.001 0.008 0.002 0.008 0 0.003 0.007 0 0.021;0.588 0.001 0.091 0.017 0 0.002 0 0.09 0.001 0.008 0.01 0.059 0.002 0.013 0 0.009 0 0.003 0.002 0.008 0 0.003 0 0.003 0 0.001 0.024 0.003 0.031 0 0 0.003 0 0.007 0 0.021;0.588 0.017 0.09 0.01 0 0.002 0 0.024 0 0.007 0.001 0 0.001 0 0.059 0.009 0.008 0.003 0.003 0 0 0 0.013 0.001 0.003 0.003 0.091 0.002 0.008 0.002 0 0 0 0.031 0.003 0.021;
0.587 0.088 0.009 0.01 0.009 0 0 0.03 0.017 0.08 0.052 0.006 0.001 0.004 0 0.012 0.001 0 0.006 0 0.014 0 0.001 0 0.001 0.006 0.03 0.007 0.002 0 0 0 0 0.001 0.003 0.023;0.587 0.088 0.009 0.052 0.006 0.001 0.004 0.03 0.007 0.002 0.01 0.009 0 0 0 0.012 0.001 0 0 0 0 0 0.001 0.006 0.001 0 0.03 0.017 0.08 0.006 0 0.014 0 0.001 0.003 0.023;0.587 0.052 0.03 0.01 0 0 0.001 0.03 0.006 0.001 0.088 0.006 0.007 0.004 0.009 0.012 0 0.006 0.017 0 0.003 0 0 0 0 0 0.009 0.001 0.002 0 0.001 0 0.001 0.08 0.014 0.023;
0.604 0.016 0.059 0.013 0.043 0.005 0.006 0.022 0.002 0.057 0.059 0 0.005 0.002 0.001 0.006 0 0.001 0.005 0 0.011 0 0 0 0 0.002 0.036 0.003 0.008 0 0.002 0 0.001 0.006 0 0.025;0.604 0.016 0.059 0.059 0 0.005 0.002 0.036 0.003 0.008 0.013 0.043 0.005 0.006 0.001 0.006 0 0.001 0 0.002 0 0.001 0 0.002 0 0 0.022 0.002 0.057 0.005 0 0.011 0 0.006 0 0.025;0.604 0.059 0.036 0.013 0.001 0 0 0.022 0.005 0.006 0.016 0 0.003 0.002 0.043 0.006 0.002 0.002 0.002 0 0 0 0.006 0 0.001 0.001 0.059 0.005 0.008 0.005 0 0 0 0.057 0.011 0.025;
0.594 0.017 0.087 0.017 0.008 0.009 0.002 0.019 0.003 0.091 0.001 0 0 0 0 0.001 0 0.001 0 0 0 0 0 0 0 0 0.086 0.003 0.009 0.002 0 0 0 0.006 0 0.044;0.594 0.017 0.087 0.001 0 0 0 0.086 0.003 0.009 0.017 0.008 0.009 0.002 0 0.001 0 0.001 0.002 0 0 0 0 0 0 0 0.019 0.003 0.091 0 0 0 0 0.006 0 0.044;0.594 0.001 0.086 0.017 0 0.002 0 0.019 0 0.006 0.017 0 0.003 0 0.008 0.001 0 0 0.003 0 0 0 0.002 0 0 0.001 0.087 0 0.009 0.009 0 0 0 0.091 0 0.044;
0.573 0.085 0.009 0.032 0.076 0.006 0.006 0.011 0.006 0.025 0.057 0.01 0 0.007 0.001 0.022 0 0.001 0.001 0 0.006 0.001 0.003 0 0.001 0.005 0.029 0.004 0 0.001 0.005 0.002 0 0.001 0.005 0.009;0.573 0.085 0.009 0.057 0.01 0 0.007 0.029 0.004 0 0.032 0.076 0.006 0.006 0.001 0.022 0 0.001 0.001 0.005 0.002 0 0.003 0.005 0.001 0 0.011 0.006 0.025 0.001 0 0.006 0.001 0.001 0.005 0.009;0.573 0.057 0.029 0.032 0.001 0.001 0.003 0.011 0.001 0.001 0.085 0.01 0.004 0.007 0.076 0.022 0.005 0.005 0.006 0 0.005 0.001 0.006 0 0 0.001 0.009 0 0 0.006 0 0.002 0.001 0.025 0.006 0.009;
0.591 0.029 0.066 0.007 0.031 0.002 0.007 0.041 0.004 0.047 0.041 0 0.006 0.001 0 0.032 0 0.001 0.003 0 0.002 0 0 0.001 0 0.006 0.058 0.001 0.008 0 0.003 0.001 0 0.002 0 0.009;0.591 0.029 0.066 0.041 0 0.006 0.001 0.058 0.001 0.008 0.007 0.031 0.002 0.007 0 0.032 0 0.001 0 0.003 0.001 0 0 0.006 0 0.001 0.041 0.004 0.047 0.003 0 0.002 0 0.002 0 0.009;0.591 0.041 0.058 0.007 0 0 0 0.041 0.003 0.002 0.029 0 0.001 0.001 0.031 0.032 0.003 0.006 0.004 0 0 0 0.007 0.001 0 0.001 0.066 0.006 0.008 0.002 0 0.001 0 0.047 0.002 0.009;
0.565 0.009 0.089 0.016 0.041 0.003 0.009 0.027 0.003 0.062 0.003 0.001 0.002 0.001 0 0.032 0.001 0.003 0 0.001 0.002 0 0 0.003 0 0.009 0.075 0.004 0.013 0.004 0.004 0 0.002 0.005 0 0.011;0.565 0.009 0.089 0.003 0.001 0.002 0.001 0.075 0.004 0.013 0.016 0.041 0.003 0.009 0 0.032 0.001 0.003 0.004 0.004 0 0.002 0 0.009 0 0.003 0.027 0.003 0.062 0 0.001 0.002 0 0.005 0 0.011;0.565 0.003 0.075 0.016 0 0.004 0 0.027 0 0.005 0.009 0.001 0.004 0.001 0.041 0.032 0.004 0.009 0.003 0.001 0 0 0.009 0.003 0.002 0.003 0.089 0.002 0.013 0.003 0.001 0 0 0.062 0.002 0.011;
0.595 0.059 0.039 0.009 0.06 0.004 0.009 0.03 0.003 0.026 0.076 0.003 0.004 0.003 0.002 0.043 0.001 0.002 0.006 0 0.005 0 0.001 0.002 0.001 0.006 0.003 0 0 0 0.003 0 0 0 0 0.005;0.595 0.059 0.039 0.076 0.003 0.004 0.003 0.003 0 0 0.009 0.06 0.004 0.009 0.002 0.043 0.001 0.002 0 0.003 0 0 0.001 0.006 0.001 0.002 0.03 0.003 0.026 0.006 0 0.005 0 0 0 0.005;0.595 0.076 0.003 0.009 0.002 0 0.001 0.03 0.006 0 0.059 0.003 0 0.003 0.06 0.043 0.003 0.006 0.003 0 0 0 0.009 0.002 0 0.002 0.039 0.004 0 0.004 0.001 0 0.001 0.026 0.005 0.005;
0.605 0.062 0.023 0.017 0.047 0.003 0.003 0.012 0.006 0.051 0.013 0.001 0 0 0.001 0.015 0.002 0.003 0.002 0 0.003 0 0.001 0 0 0.003 0.086 0.006 0.001 0.003 0.005 0.001 0 0.004 0.002 0.019;0.605 0.062 0.023 0.013 0.001 0 0 0.086 0.006 0.001 0.017 0.047 0.003 0.003 0.001 0.015 0.002 0.003 0.003 0.005 0.001 0 0.001 0.003 0 0 0.012 0.006 0.051 0.002 0 0.003 0 0.004 0.002 0.019;0.605 0.013 0.086 0.017 0.001 0.003 0.001 0.012 0.002 0.004 0.062 0.001 0.006 0 0.047 0.015 0.005 0.003 0.006 0 0.002 0 0.003 0 0 0.003 0.023 0 0.001 0.003 0.002 0.001 0 0.051 0.003 0.019;
0.597 0.052 0.026 0.025 0.063 0.011 0.002 0.002 0.005 0.021 0.088 0.005 0.004 0.002 0.003 0.023 0.001 0.002 0.001 0.001 0.01 0 0.002 0.001 0.001 0.011 0.014 0.003 0 0.002 0.002 0.001 0 0 0.001 0.018;0.597 0.052 0.026 0.088 0.005 0.004 0.002 0.014 0.003 0 0.025 0.063 0.011 0.002 0.003 0.023 0.001 0.002 0.002 0.002 0.001 0 0.002 0.011 0.001 0.001 0.002 0.005 0.021 0.001 0.001 0.01 0 0 0.001 0.018;0.597 0.088 0.014 0.025 0.003 0.002 0.002 0.002 0.001 0 0.052 0.005 0.003 0.002 0.063 0.023 0.002 0.011 0.005 0.001 0.001 0 0.002 0.001 0 0.002 0.026 0.004 0 0.011 0.001 0.001 0.001 0.021 0.01 0.018;
0.592 0.07 0.018 0.018 0.054 0.002 0 0.017 0.008 0.04 0.085 0.002 0.002 0.006 0.002 0.022 0 0 0.001 0 0.012 0 0.002 0 0 0.011 0.023 0.001 0.002 0 0.002 0 0.001 0.001 0.001 0.005;0.592 0.07 0.018 0.085 0.002 0.002 0.006 0.023 0.001 0.002 0.018 0.054 0.002 0 0.002 0.022 0 0 0 0.002 0 0.001 0.002 0.011 0 0 0.017 0.008 0.04 0.001 0 0.012 0 0.001 0.001 0.005;0.592 0.085 0.023 0.018 0.002 0 0.002 0.017 0.001 0.001 0.07 0.002 0.001 0.006 0.054 0.022 0.002 0.011 0.008 0 0.001 0 0 0 0.001 0 0.018 0.002 0.002 0.002 0 0 0 0.04 0.012 0.005;
0.567 0.082 0.015 0.029 0.066 0.013 0.005 0.013 0.005 0.033 0.057 0.004 0 0.004 0.003 0.031 0.005 0 0.002 0.001 0.006 0 0 0 0.001 0.005 0.027 0.005 0 0.001 0.003 0 0 0.001 0.004 0.012;0.567 0.082 0.015 0.057 0.004 0 0.004 0.027 0.005 0 0.029 0.066 0.013 0.005 0.003 0.031 0.005 0 0.001 0.003 0 0 0 0.005 0.001 0 0.013 0.005 0.033 0.002 0.001 0.006 0 0.001 0.004 0.012;0.567 0.057 0.027 0.029 0.003 0.001 0 0.013 0.002 0.001 0.082 0.004 0.005 0.004 0.066 0.031 0.003 0.005 0.005 0.001 0.004 0 0.005 0 0 0 0.015 0 0 0.013 0.005 0 0.001 0.033 0.006 0.012;
0.585 0.08 0.006 0.021 0.045 0.008 0.004 0.008 0.015 0.05 0.054 0.006 0.001 0.002 0.006 0.026 0.002 0.001 0 0 0.005 0 0 0 0.002 0.009 0.043 0.003 0 0.003 0.007 0.002 0 0 0.001 0.005;0.585 0.08 0.006 0.054 0.006 0.001 0.002 0.043 0.003 0 0.021 0.045 0.008 0.004 0.006 0.026 0.002 0.001 0.003 0.007 0.002 0 0 0.009 0.002 0 0.008 0.015 0.05 0 0 0.005 0 0 0.001 0.005;0.585 0.054 0.043 0.021 0.006 0.003 0 0.008 0 0 0.08 0.006 0.003 0.002 0.045 0.026 0.007 0.009 0.015 0 0.001 0 0.004 0 0 0.001 0.006 0.001 0 0.008 0.002 0.002 0.002 0.05 0.005 0.005;
0.586 0.011 0.088 0.036 0.014 0.003 0.001 0.012 0 0.083 0.09 0.001 0.007 0.001 0.002 0.017 0 0 0.002 0 0.012 0 0.003 0.001 0.001 0.005 0.006 0 0.001 0 0.001 0 0 0.003 0.001 0.012;0.586 0.011 0.088 0.09 0.001 0.007 0.001 0.006 0 0.001 0.036 0.014 0.003 0.001 0.002 0.017 0 0 0 0.001 0 0 0.003 0.005 0.001 0.001 0.012 0 0.083 0.002 0 0.012 0 0.003 0.001 0.012;0.586 0.09 0.006 0.036 0.002 0 0.003 0.012 0.002 0.003 0.011 0.001 0 0.001 0.014 0.017 0.001 0.005 0 0 0.001 0 0.001 0.001 0 0 0.088 0.007 0.001 0.003 0 0 0.001 0.083 0.012 0.012;
0.599 0.037 0.057 0.034 0.007 0.005 0.001 0.008 0.007 0.076 0.052 0.002 0.003 0.002 0.001 0.004 0 0 0 0 0.01 0 0.002 0.001 0 0.002 0.048 0.003 0.002 0.004 0 0 0 0.002 0.002 0.029;0.599 0.037 0.057 0.052 0.002 0.003 0.002 0.048 0.003 0.002 0.034 0.007 0.005 0.001 0.001 0.004 0 0 0.004 0 0 0 0.002 0.002 0 0.001 0.008 0.007 0.076 0 0 0.01 0 0.002 0.002 0.029;0.599 0.052 0.048 0.034 0.001 0.004 0.002 0.008 0 0.002 0.037 0.002 0.003 0.002 0.007 0.004 0 0.002 0.007 0 0.002 0 0.001 0.001 0 0 0.057 0.003 0.002 0.005 0 0 0 0.076 0.01 0.029;
0.585 0.048 0.034 0.028 0.072 0.008 0.004 0.002 0.004 0.036 0.004 0 0 0 0.001 0.008 0 0.001 0 0.002 0.001 0 0 0 0 0.001 0.095 0.008 0.005 0.003 0.013 0.002 0 0.001 0.004 0.03;0.585 0.048 0.034 0.004 0 0 0 0.095 0.008 0.005 0.028 0.072 0.008 0.004 0.001 0.008 0 0.001 0.003 0.013 0.002 0 0 0.001 0 0 0.002 0.004 0.036 0 0.002 0.001 0 0.001 0.004 0.03;0.585 0.004 0.095 0.028 0.001 0.003 0 0.002 0 0.001 0.048 0 0.008 0 0.072 0.008 0.013 0.001 0.004 0.002 0.004 0 0.004 0 0 0.001 0.034 0 0.005 0.008 0 0.002 0 0.036 0.001 0.03;
0.558 0.109 0.004 0.004 0.035 0.004 0 0.028 0.011 0.053 0.073 0.004 0 0.002 0.001 0.01 0.002 0 0.006 0.001 0.011 0 0.001 0.001 0 0.005 0.039 0.007 0 0 0.002 0.001 0 0.001 0.005 0.022;0.558 0.109 0.004 0.073 0.004 0 0.002 0.039 0.007 0 0.004 0.035 0.004 0 0.001 0.01 0.002 0 0 0.002 0.001 0 0.001 0.005 0 0.001 0.028 0.011 0.053 0.006 0.001 0.011 0 0.001 0.005 0.022;0.558 0.073 0.039 0.004 0.001 0 0.001 0.028 0.006 0.001 0.109 0.004 0.007 0.002 0.035 0.01 0.002 0.005 0.011 0.001 0.005 0 0 0.001 0 0 0.004 0 0 0.004 0.002 0.001 0 0.053 0.011 0.022;
0.629 0.011 0.057 0.027 0.043 0.007 0.006 0.007 0.002 0.046 0.089 0.001 0.005 0.005 0.002 0.006 0.001 0.001 0.001 0.001 0.014 0 0.001 0 0 0.002 0.003 0 0 0 0.001 0.002 0.001 0.002 0.001 0.026;0.629 0.011 0.057 0.089 0.001 0.005 0.005 0.003 0 0 0.027 0.043 0.007 0.006 0.002 0.006 0.001 0.001 0 0.001 0.002 0.001 0.001 0.002 0 0 0.007 0.002 0.046 0.001 0.001 0.014 0 0.002 0.001 0.026;0.629 0.089 0.003 0.027 0.002 0 0.001 0.007 0.001 0.002 0.011 0.001 0 0.005 0.043 0.006 0.001 0.002 0.002 0.001 0.001 0 0.006 0 0.001 0.001 0.057 0.005 0 0.007 0.001 0.002 0 0.046 0.014 0.026;
0.609 0.037 0.058 0.024 0.081 0.003 0.007 0.004 0.004 0.016 0.067 0.002 0.003 0.005 0.004 0.017 0.002 0.004 0.002 0.001 0.007 0 0.001 0 0 0.008 0.008 0 0.002 0.001 0.005 0.001 0.001 0.001 0 0.015;0.609 0.037 0.058 0.067 0.002 0.003 0.005 0.008 0 0.002 0.024 0.081 0.003 0.007 0.004 0.017 0.002 0.004 0.001 0.005 0.001 0.001 0.001 0.008 0 0 0.004 0.004 0.016 0.002 0.001 0.007 0 0.001 0 0.015;0.609 0.067 0.008 0.024 0.004 0.001 0.001 0.004 0.002 0.001 0.037 0.002 0 0.005 0.081 0.017 0.005 0.008 0.004 0.001 0 0 0.007 0 0.001 0.004 0.058 0.003 0.002 0.003 0.002 0.001 0 0.016 0.007 0.015;
0.634 0.014 0.072 0.023 0.047 0.002 0.004 0.014 0.004 0.04 0.05 0.002 0.01 0.003 0.001 0.01 0 0 0.001 0 0.006 0 0 0 0 0.002 0.028 0.001 0.006 0 0.006 0 0.001 0.002 0 0.017;0.634 0.014 0.072 0.05 0.002 0.01 0.003 0.028 0.001 0.006 0.023 0.047 0.002 0.004 0.001 0.01 0 0 0 0.006 0 0.001 0 0.002 0 0 0.014 0.004 0.04 0.001 0 0.006 0 0.002 0 0.017;0.634 0.05 0.028 0.023 0.001 0 0 0.014 0.001 0.002 0.014 0.002 0.001 0.003 0.047 0.01 0.006 0.002 0.004 0 0 0 0.004 0 0.001 0 0.072 0.01 0.006 0.002 0 0 0 0.04 0.006 0.017;
0.6 0.053 0.039 0.001 0.031 0.002 0.001 0.029 0.005 0.076 0.053 0.002 0.004 0.003 0.003 0.023 0.001 0.001 0.004 0.001 0.009 0 0.001 0.001 0 0.005 0.034 0.003 0.002 0 0.002 0 0 0.001 0.001 0.009;0.6 0.053 0.039 0.053 0.002 0.004 0.003 0.034 0.003 0.002 0.001 0.031 0.002 0.001 0.003 0.023 0.001 0.001 0 0.002 0 0 0.001 0.005 0 0.001 0.029 0.005 0.076 0.004 0.001 0.009 0 0.001 0.001 0.009;0.6 0.053 0.034 0.001 0.003 0 0.001 0.029 0.004 0.001 0.053 0.002 0.003 0.003 0.031 0.023 0.002 0.005 0.005 0.001 0.001 0 0.001 0.001 0 0.001 0.039 0.004 0.002 0.002 0.001 0 0 0.076 0.009 0.009;
0.574 0.002 0.09 0.008 0.052 0.001 0.012 0.03 0.004 0.044 0.075 0 0.014 0 0 0.02 0.001 0.001 0 0 0.008 0.001 0 0 0.001 0.01 0.023 0.001 0.002 0.001 0.004 0 0.001 0.004 0 0.016;0.574 0.002 0.09 0.075 0 0.014 0 0.023 0.001 0.002 0.008 0.052 0.001 0.012 0 0.02 0.001 0.001 0.001 0.004 0 0.001 0 0.01 0.001 0 0.03 0.004 0.044 0 0 0.008 0.001 0.004 0 0.016;0.574 0.075 0.023 0.008 0 0.001 0 0.03 0 0.004 0.002 0 0.001 0 0.052 0.02 0.004 0.01 0.004 0 0 0.001 0.012 0 0.001 0.001 0.09 0.014 0.002 0.001 0.001 0 0.001 0.044 0.008 0.016;
0.6 0.041 0.046 0 0.036 0.004 0.006 0.031 0.008 0.057 0.056 0.003 0.003 0 0 0.016 0.001 0.002 0.002 0.001 0.01 0 0.002 0.002 0 0.003 0.043 0.002 0.003 0 0.004 0.002 0 0.002 0.001 0.013;0.6 0.041 0.046 0.056 0.003 0.003 0 0.043 0.002 0.003 0 0.036 0.004 0.006 0 0.016 0.001 0.002 0 0.004 0.002 0 0.002 0.003 0 0.002 0.031 0.008 0.057 0.002 0.001 0.01 0 0.002 0.001 0.013;0.6 0.056 0.043 0 0 0 0.002 0.031 0.002 0.002 0.041 0.003 0.002 0 0.036 0.016 0.004 0.003 0.008 0.001 0.001 0 0.006 0.002 0 0.002 0.046 0.003 0.003 0.004 0.001 0.002 0 0.057 0.01 0.013;
0.591 0.016 0.082 0.002 0.049 0.002 0.01 0.028 0.001 0.052 0.036 0 0.001 0.001 0 0.022 0 0.001 0.002 0 0.004 0 0.001 0.003 0 0.004 0.057 0.001 0.009 0.001 0.006 0 0 0.004 0 0.014;0.591 0.016 0.082 0.036 0 0.001 0.001 0.057 0.001 0.009 0.002 0.049 0.002 0.01 0 0.022 0 0.001 0.001 0.006 0 0 0.001 0.004 0 0.003 0.028 0.001 0.052 0.002 0 0.004 0 0.004 0 0.014;0.591 0.036 0.057 0.002 0 0.001 0.001 0.028 0.002 0.004 0.016 0 0.001 0.001 0.049 0.022 0.006 0.004 0.001 0 0 0 0.01 0.003 0 0.001 0.082 0.001 0.009 0.002 0 0 0 0.052 0.004 0.014;
0.598 0.05 0.041 0.025 0.071 0.004 0.009 0.012 0.002 0.027 0.046 0.004 0.006 0.004 0.003 0.017 0 0.001 0.004 0 0.002 0 0.006 0.001 0 0.002 0.027 0.001 0.006 0 0.004 0.001 0.001 0.003 0.001 0.021;0.598 0.05 0.041 0.046 0.004 0.006 0.004 0.027 0.001 0.006 0.025 0.071 0.004 0.009 0.003 0.017 0 0.001 0 0.004 0.001 0.001 0.006 0.002 0 0.001 0.012 0.002 0.027 0.004 0 0.002 0 0.003 0.001 0.021;0.598 0.046 0.027 0.025 0.003 0 0.006 0.012 0.004 0.003 0.05 0.004 0.001 0.004 0.071 0.017 0.004 0.002 0.002 0 0.001 0 0.009 0.001 0.001 0.001 0.041 0.006 0.006 0.004 0 0.001 0 0.027 0.002 0.021;
0.576 0.101 0.001 0.02 0.071 0.006 0.002 0.015 0.006 0.01 0.007 0 0 0 0.004 0.026 0.001 0 0 0 0.002 0.001 0 0.002 0.001 0.007 0.092 0.009 0.001 0.003 0.019 0.003 0 0.003 0 0.011;0.576 0.101 0.001 0.007 0 0 0 0.092 0.009 0.001 0.02 0.071 0.006 0.002 0.004 0.026 0.001 0 0.003 0.019 0.003 0 0 0.007 0.001 0.002 0.015 0.006 0.01 0 0 0.002 0.001 0.003 0 0.011;0.576 0.007 0.092 0.02 0.004 0.003 0 0.015 0 0.003 0.101 0 0.009 0 0.071 0.026 0.019 0.007 0.006 0 0 0.001 0.002 0.002 0 0 0.001 0 0.001 0.006 0.001 0.003 0.001 0.01 0.002 0.011;
0.585 0.058 0.042 0.016 0.003 0.003 0.001 0.023 0.016 0.083 0.079 0.001 0.009 0.002 0.001 0.01 0.001 0 0.003 0 0.011 0.001 0.002 0 0 0.003 0.017 0 0.003 0 0 0.001 0 0.001 0.003 0.022;0.585 0.058 0.042 0.079 0.001 0.009 0.002 0.017 0 0.003 0.016 0.003 0.003 0.001 0.001 0.01 0.001 0 0 0 0.001 0 0.002 0.003 0 0 0.023 0.016 0.083 0.003 0 0.011 0.001 0.001 0.003 0.022;0.585 0.079 0.017 0.016 0.001 0 0.002 0.023 0.003 0.001 0.058 0.001 0 0.002 0.003 0.01 0 0.003 0.016 0 0.003 0.001 0.001 0 0 0 0.042 0.009 0.003 0.003 0.001 0.001 0 0.083 0.011 0.022;
0.605 0.012 0.069 0.012 0.084 0.003 0.01 0.025 0.001 0.006 0.082 0.001 0.013 0.002 0 0.008 0.001 0 0.006 0 0.002 0 0.002 0.001 0 0.004 0.009 0.002 0 0 0.007 0 0 0.004 0.002 0.027;0.605 0.012 0.069 0.082 0.001 0.013 0.002 0.009 0.002 0 0.012 0.084 0.003 0.01 0 0.008 0.001 0 0 0.007 0 0 0.002 0.004 0 0.001 0.025 0.001 0.006 0.006 0 0.002 0 0.004 0.002 0.027;0.605 0.082 0.009 0.012 0 0 0.002 0.025 0.006 0.004 0.012 0.001 0.002 0.002 0.084 0.008 0.007 0.004 0.001 0 0.002 0 0.01 0.001 0 0 0.069 0.013 0 0.003 0.001 0 0 0.006 0.002 0.027;
0.606 0.054 0.029 0.008 0.059 0.004 0.009 0.028 0.005 0.044 0.016 0.002 0 0 0.001 0.011 0.002 0 0 0 0.001 0 0.001 0.001 0 0.001 0.069 0.006 0.006 0.001 0.007 0.001 0 0.003 0.003 0.022;0.606 0.054 0.029 0.016 0.002 0 0 0.069 0.006 0.006 0.008 0.059 0.004 0.009 0.001 0.011 0.002 0 0.001 0.007 0.001 0 0.001 0.001 0 0.001 0.028 0.005 0.044 0 0 0.001 0 0.003 0.003 0.022;0.606 0.016 0.069 0.008 0.001 0.001 0.001 0.028 0 0.003 0.054 0.002 0.006 0 0.059 0.011 0.007 0.001 0.005 0 0.003 0 0.009 0.001 0 0 0.029 0 0.006 0.004 0.002 0.001 0 0.044 0.001 0.022;
0.6 0.032 0.052 0.017 0.062 0.006 0.008 0.011 0.002 0.028 0.021 0 0.001 0.001 0 0.01 0.002 0 0.003 0 0.003 0 0 0 0 0.001 0.077 0.007 0.003 0.004 0.012 0 0.001 0.006 0.003 0.027;0.6 0.032 0.052 0.021 0 0.001 0.001 0.077 0.007 0.003 0.017 0.062 0.006 0.008 0 0.01 0.002 0 0.004 0.012 0 0.001 0 0.001 0 0 0.011 0.002 0.028 0.003 0 0.003 0 0.006 0.003 0.027;0.6 0.021 0.077 0.017 0 0.004 0 0.011 0.003 0.006 0.032 0 0.007 0.001 0.062 0.01 0.012 0.001 0.002 0 0.003 0 0.008 0 0.001 0 0.052 0.001 0.003 0.006 0.002 0 0 0.028 0.003 0.027;
0.593 0.083 0.012 0.009 0.05 0.005 0.006 0.014 0.009 0.043 0.063 0.004 0.004 0.004 0.005 0.028 0.001 0 0.003 0.001 0.005 0.001 0.002 0 0 0.006 0.024 0.003 0 0.002 0.004 0.001 0 0.003 0 0.012;0.593 0.083 0.012 0.063 0.004 0.004 0.004 0.024 0.003 0 0.009 0.05 0.005 0.006 0.005 0.028 0.001 0 0.002 0.004 0.001 0 0.002 0.006 0 0 0.014 0.009 0.043 0.003 0.001 0.005 0.001 0.003 0 0.012;0.593 0.063 0.024 0.009 0.005 0.002 0.002 0.014 0.003 0.003 0.083 0.004 0.003 0.004 0.05 0.028 0.004 0.006 0.009 0.001 0 0.001 0.006 0 0 0 0.012 0.004 0 0.005 0.001 0.001 0 0.043 0.005 0.012;
0.575 0.003 0.079 0.014 0.06 0.001 0.008 0.031 0 0.048 0.026 0 0.003 0 0.001 0.002 0 0.001 0.001 0 0.004 0 0 0 0.001 0.003 0.085 0 0.011 0 0.006 0 0.002 0.002 0.001 0.032;0.575 0.003 0.079 0.026 0 0.003 0 0.085 0 0.011 0.014 0.06 0.001 0.008 0.001 0.002 0 0.001 0 0.006 0 0.002 0 0.003 0.001 0 0.031 0 0.048 0.001 0 0.004 0 0.002 0.001 0.032;0.575 0.026 0.085 0.014 0.001 0 0 0.031 0.001 0.002 0.003 0 0 0 0.06 0.002 0.006 0.003 0 0 0.001 0 0.008 0 0.002 0.001 0.079 0.003 0.011 0.001 0 0 0.001 0.048 0.004 0.032;
0.58 0.044 0.029 0.034 0.06 0.002 0.005 0.006 0.005 0.037 0.007 0.001 0.001 0.003 0.003 0.032 0.002 0.002 0 0 0.001 0.001 0 0 0 0.007 0.091 0.008 0.005 0.004 0.011 0 0.001 0.002 0.003 0.013;0.58 0.044 0.029 0.007 0.001 0.001 0.003 0.091 0.008 0.005 0.034 0.06 0.002 0.005 0.003 0.032 0.002 0.002 0.004 0.011 0 0.001 0 0.007 0 0 0.006 0.005 0.037 0 0 0.001 0.001 0.002 0.003 0.013;0.58 0.007 0.091 0.034 0.003 0.004 0 0.006 0 0.002 0.044 0.001 0.008 0.003 0.06 0.032 0.011 0.007 0.005 0 0.003 0.001 0.005 0 0.001 0.002 0.029 0.001 0.005 0.002 0.002 0 0 0.037 0.001 0.013;
0.599 0.082 0.011 0.034 0.049 0.002 0.007 0.008 0.011 0.046 0.05 0.002 0 0.004 0.003 0.033 0.005 0.001 0 0.001 0.002 0.001 0.001 0 0 0.004 0.019 0.008 0 0.001 0.005 0 0 0.001 0.001 0.009;0.599 0.082 0.011 0.05 0.002 0 0.004 0.019 0.008 0 0.034 0.049 0.002 0.007 0.003 0.033 0.005 0.001 0.001 0.005 0 0 0.001 0.004 0 0 0.008 0.011 0.046 0 0.001 0.002 0.001 0.001 0.001 0.009;0.599 0.05 0.019 0.034 0.003 0.001 0.001 0.008 0 0.001 0.082 0.002 0.008 0.004 0.049 0.033 0.005 0.004 0.011 0.001 0.001 0.001 0.007 0 0 0.001 0.011 0 0 0.002 0.005 0 0 0.046 0.002 0.009;
0.597 0.008 0.073 0.014 0.041 0.004 0.007 0.026 0.001 0.078 0.017 0 0.003 0 0 0.022 0 0.002 0.001 0 0.009 0 0.001 0.002 0.001 0.002 0.058 0 0.018 0.002 0.003 0 0 0.003 0 0.007;0.597 0.008 0.073 0.017 0 0.003 0 0.058 0 0.018 0.014 0.041 0.004 0.007 0 0.022 0 0.002 0.002 0.003 0 0 0.001 0.002 0.001 0.002 0.026 0.001 0.078 0.001 0 0.009 0 0.003 0 0.007;0.597 0.017 0.058 0.014 0 0.002 0.001 0.026 0.001 0.003 0.008 0 0 0 0.041 0.022 0.003 0.002 0.001 0 0 0 0.007 0.002 0 0.002 0.073 0.003 0.018 0.004 0 0 0.001 0.078 0.009 0.007;
0.584 0.018 0.083 0.016 0.038 0.003 0.003 0.019 0.004 0.046 0.021 0.002 0.002 0.002 0 0.022 0 0 0.001 0.001 0.004 0 0 0.002 0.001 0.006 0.079 0.004 0.014 0.003 0.005 0 0.001 0.005 0 0.011;0.584 0.018 0.083 0.021 0.002 0.002 0.002 0.079 0.004 0.014 0.016 0.038 0.003 0.003 0 0.022 0 0 0.003 0.005 0 0.001 0 0.006 0.001 0.002 0.019 0.004 0.046 0.001 0.001 0.004 0 0.005 0 0.011;0.584 0.021 0.079 0.016 0 0.003 0 0.019 0.001 0.005 0.018 0.002 0.004 0.002 0.038 0.022 0.005 0.006 0.004 0.001 0 0 0.003 0.002 0.001 0 0.083 0.002 0.014 0.003 0 0 0.001 0.046 0.004 0.011;
0.589 0.07 0.025 0.034 0.047 0.009 0.002 0.003 0.009 0.046 0.075 0.006 0.004 0.006 0.004 0.027 0.001 0 0.001 0.001 0.01 0 0 0 0.001 0.011 0.004 0 0 0 0.001 0 0 0 0 0.014;0.589 0.07 0.025 0.075 0.006 0.004 0.006 0.004 0 0 0.034 0.047 0.009 0.002 0.004 0.027 0.001 0 0 0.001 0 0 0 0.011 0.001 0 0.003 0.009 0.046 0.001 0.001 0.01 0 0 0 0.014;0.589 0.075 0.004 0.034 0.004 0 0 0.003 0.001 0 0.07 0.006 0 0.006 0.047 0.027 0.001 0.011 0.009 0.001 0 0 0.002 0 0 0 0.025 0.004 0 0.009 0.001 0 0.001 0.046 0.01 0.014;
0.58 0.027 0.074 0.004 0.044 0.002 0.009 0.024 0.003 0.061 0.042 0.001 0.007 0.002 0 0.015 0 0.001 0 0 0.006 0 0 0.001 0 0.002 0.058 0 0.004 0 0.004 0 0.002 0.005 0.002 0.02;0.58 0.027 0.074 0.042 0.001 0.007 0.002 0.058 0 0.004 0.004 0.044 0.002 0.009 0 0.015 0 0.001 0 0.004 0 0.002 0 0.002 0 0.001 0.024 0.003 0.061 0 0 0.006 0 0.005 0.002 0.02;0.58 0.042 0.058 0.004 0 0 0 0.024 0 0.005 0.027 0.001 0 0.002 0.044 0.015 0.004 0.002 0.003 0 0.002 0 0.009 0.001 0.002 0.001 0.074 0.007 0.004 0.002 0 0 0 0.061 0.006 0.02;
0.573 0.001 0.088 0.011 0.051 0.002 0.01 0.024 0 0.04 0.076 0 0.011 0 0 0.007 0 0 0.003 0 0.008 0 0.001 0 0.001 0.004 0.029 0 0.01 0.001 0.005 0.002 0 0.006 0.001 0.035;0.573 0.001 0.088 0.076 0 0.011 0 0.029 0 0.01 0.011 0.051 0.002 0.01 0 0.007 0 0 0.001 0.005 0.002 0 0.001 0.004 0.001 0 0.024 0 0.04 0.003 0 0.008 0 0.006 0.001 0.035;0.573 0.076 0.029 0.011 0 0.001 0.001 0.024 0.003 0.006 0.001 0 0 0 0.051 0.007 0.005 0.004 0 0 0.001 0 0.01 0 0 0 0.088 0.011 0.01 0.002 0 0.002 0.001 0.04 0.008 0.035;
0.606 0.024 0.074 0.009 0.021 0.001 0.004 0.029 0.006 0.059 0.073 0.001 0.007 0.002 0.001 0.001 0 0 0.002 0 0.01 0 0.001 0 0 0.001 0.021 0 0.001 0.001 0 0 0 0.003 0.004 0.038;0.606 0.024 0.074 0.073 0.001 0.007 0.002 0.021 0 0.001 0.009 0.021 0.001 0.004 0.001 0.001 0 0 0.001 0 0 0 0.001 0.001 0 0 0.029 0.006 0.059 0.002 0 0.01 0 0.003 0.004 0.038;0.606 0.073 0.021 0.009 0.001 0.001 0.001 0.029 0.002 0.003 0.024 0.001 0 0.002 0.021 0.001 0 0.001 0.006 0 0.004 0 0.004 0 0 0 0.074 0.007 0.001 0.001 0 0 0 0.059 0.01 0.038;
0.552 0.08 0.021 0.02 0.045 0.006 0.003 0.015 0.011 0.044 0.007 0 0 0 0 0.023 0 0.002 0 0 0.004 0 0 0.001 0.001 0.007 0.09 0.022 0.001 0.006 0.007 0.001 0.001 0.004 0 0.026;0.552 0.08 0.021 0.007 0 0 0 0.09 0.022 0.001 0.02 0.045 0.006 0.003 0 0.023 0 0.002 0.006 0.007 0.001 0.001 0 0.007 0.001 0.001 0.015 0.011 0.044 0 0 0.004 0 0.004 0 0.026;0.552 0.007 0.09 0.02 0 0.006 0 0.015 0 0.004 0.08 0 0.022 0 0.045 0.023 0.007 0.007 0.011 0 0 0 0.003 0.001 0.001 0.002 0.021 0 0.001 0.006 0 0.001 0.001 0.044 0.004 0.026;
0.575 0.052 0.054 0.007 0.065 0.005 0.009 0.026 0.004 0.027 0.083 0.004 0.006 0.002 0.002 0.031 0 0.001 0.004 0 0.005 0 0 0.002 0 0.004 0.014 0.001 0.002 0 0.006 0 0 0.001 0.001 0.007;0.575 0.052 0.054 0.083 0.004 0.006 0.002 0.014 0.001 0.002 0.007 0.065 0.005 0.009 0.002 0.031 0 0.001 0 0.006 0 0 0 0.004 0 0.002 0.026 0.004 0.027 0.004 0 0.005 0 0.001 0.001 0.007;0.575 0.083 0.014 0.007 0.002 0 0 0.026 0.004 0.001 0.052 0.004 0.001 0.002 0.065 0.031 0.006 0.004 0.004 0 0.001 0 0.009 0.002 0 0.001 0.054 0.006 0.002 0.005 0 0 0 0.027 0.005 0.007;
0.611 0.051 0.033 0.028 0.049 0.009 0.006 0.011 0.006 0.041 0.033 0.003 0.002 0.004 0.001 0.009 0.001 0 0.001 0 0.006 0 0 0.003 0 0.005 0.038 0.005 0.005 0.004 0.011 0.002 0 0.003 0.001 0.018;0.611 0.051 0.033 0.033 0.003 0.002 0.004 0.038 0.005 0.005 0.028 0.049 0.009 0.006 0.001 0.009 0.001 0 0.004 0.011 0.002 0 0 0.005 0 0.003 0.011 0.006 0.041 0.001 0 0.006 0 0.003 0.001 0.018;0.611 0.033 0.038 0.028 0.001 0.004 0 0.011 0.001 0.003 0.051 0.003 0.005 0.004 0.049 0.009 0.011 0.005 0.006 0 0.001 0 0.006 0.003 0 0 0.033 0.002 0.005 0.009 0.001 0.002 0 0.041 0.006 0.018;
0.597 0.079 0.002 0.01 0.084 0.006 0.004 0.029 0.005 0.01 0.048 0.009 0 0.003 0.002 0.015 0.001 0.001 0.002 0 0.002 0 0.001 0.001 0 0.005 0.05 0.005 0.003 0 0.005 0 0 0.003 0 0.018;0.597 0.079 0.002 0.048 0.009 0 0.003 0.05 0.005 0.003 0.01 0.084 0.006 0.004 0.002 0.015 0.001 0.001 0 0.005 0 0 0.001 0.005 0 0.001 0.029 0.005 0.01 0.002 0 0.002 0 0.003 0 0.018;0.597 0.048 0.05 0.01 0.002 0 0.001 0.029 0.002 0.003 0.079 0.009 0.005 0.003 0.084 0.015 0.005 0.005 0.005 0 0 0 0.004 0.001 0 0.001 0.002 0 0.003 0.006 0.001 0 0 0.01 0.002 0.018;
0.57 0.09 0.003 0.042 0.043 0.006 0.003 0.005 0.007 0.05 0.077 0.008 0 0.004 0.003 0.018 0.001 0 0.001 0 0.008 0 0.003 0 0.001 0.003 0.023 0.005 0 0 0.002 0 0 0.002 0.001 0.021;0.57 0.09 0.003 0.077 0.008 0 0.004 0.023 0.005 0 0.042 0.043 0.006 0.003 0.003 0.018 0.001 0 0 0.002 0 0 0.003 0.003 0.001 0 0.005 0.007 0.05 0.001 0 0.008 0 0.002 0.001 0.021;0.57 0.077 0.023 0.042 0.003 0 0.003 0.005 0.001 0.002 0.09 0.008 0.005 0.004 0.043 0.018 0.002 0.003 0.007 0 0.001 0 0.003 0 0 0 0.003 0 0 0.006 0.001 0 0.001 0.05 0.008 0.021;
0.566 0.098 0.005 0.005 0.057 0.002 0.003 0.029 0.009 0.036 0.016 0.003 0 0.001 0.002 0.035 0.001 0 0.001 0 0.002 0 0.002 0.001 0.001 0.006 0.066 0.014 0.002 0.002 0.009 0.001 0 0.002 0.001 0.022;0.566 0.098 0.005 0.016 0.003 0 0.001 0.066 0.014 0.002 0.005 0.057 0.002 0.003 0.002 0.035 0.001 0 0.002 0.009 0.001 0 0.002 0.006 0.001 0.001 0.029 0.009 0.036 0.001 0 0.002 0 0.002 0.001 0.022;0.566 0.016 0.066 0.005 0.002 0.002 0.002 0.029 0.001 0.002 0.098 0.003 0.014 0.001 0.057 0.035 0.009 0.006 0.009 0 0.001 0 0.003 0.001 0 0 0.005 0 0.002 0.002 0.001 0.001 0.001 0.036 0.002 0.022;
0.578 0.033 0.073 0.014 0.035 0.002 0.002 0.024 0.006 0.061 0.012 0 0 0 0 0.006 0 0.003 0.001 0 0.001 0 0 0.001 0 0.004 0.08 0.002 0.014 0.003 0.004 0.002 0 0.005 0.002 0.032;0.578 0.033 0.073 0.012 0 0 0 0.08 0.002 0.014 0.014 0.035 0.002 0.002 0 0.006 0 0.003 0.003 0.004 0.002 0 0 0.004 0 0.001 0.024 0.006 0.061 0.001 0 0.001 0 0.005 0.002 0.032;0.578 0.012 0.08 0.014 0 0.003 0 0.024 0.001 0.005 0.033 0 0.002 0 0.035 0.006 0.004 0.004 0.006 0 0.002 0 0.002 0.001 0 0.003 0.073 0 0.014 0.002 0 0.002 0 0.061 0.001 0.032];