pntP=[0.487 0.004 0.018 0.009 0.021 0 0.007 0.15 0.001 0.019 0.005 0 0.002 0 0 0.002 0 0 0.001 0 0.002 0 0 0 0 0.001 0.02 0.001 0.045 0 0.011 0 0.003 0.016 0.004 0.171;0.487 0.004 0.018 0.005 0 0.002 0 0.02 0.001 0.045 0.009 0.021 0 0.007 0 0.002 0 0 0 0.011 0 0.003 0 0.001 0 0 0.15 0.001 0.019 0.001 0 0.002 0 0.016 0.004 0.171;0.487 0.005 0.02 0.009 0 0 0 0.15 0.001 0.016 0.004 0 0.001 0 0.021 0.002 0.011 0.001 0.001 0 0.004 0 0.007 0 0.003 0 0.018 0.002 0.045 0 0 0 0 0.019 0.002 0.171;
0.448 0.004 0.018 0.16 0.01 0.013 0.004 0.004 0.002 0.013 0.027 0.022 0.001 0.004 0.002 0.15 0.001 0.01 0.001 0.021 0.003 0.001 0.004 0.001 0.001 0.002 0.001 0 0.002 0.003 0.005 0.015 0 0.002 0 0.045;0.448 0.004 0.018 0.027 0.022 0.001 0.004 0.001 0 0.002 0.16 0.01 0.013 0.004 0.002 0.15 0.001 0.01 0.003 0.005 0.015 0 0.004 0.002 0.001 0.001 0.004 0.002 0.013 0.001 0.021 0.003 0.001 0.002 0 0.045;0.448 0.027 0.001 0.16 0.002 0.003 0.004 0.004 0.001 0.002 0.004 0.022 0 0.004 0.01 0.15 0.005 0.002 0.002 0.021 0 0.001 0.004 0.001 0 0.01 0.018 0.001 0.002 0.013 0.001 0.015 0.001 0.013 0.003 0.045;
0.452 0.009 0.026 0.099 0.015 0.005 0.002 0.075 0.001 0.014 0.013 0.004 0.001 0 0.002 0.064 0 0.001 0.002 0.005 0.002 0.002 0.002 0.008 0 0.003 0.019 0 0.016 0.005 0.003 0.026 0 0.008 0.001 0.115;0.452 0.009 0.026 0.013 0.004 0.001 0 0.019 0 0.016 0.099 0.015 0.005 0.002 0.002 0.064 0 0.001 0.005 0.003 0.026 0 0.002 0.003 0 0.008 0.075 0.001 0.014 0.002 0.005 0.002 0.002 0.008 0.001 0.115;0.452 0.013 0.019 0.099 0.002 0.005 0.002 0.075 0.002 0.008 0.009 0.004 0 0 0.015 0.064 0.003 0.003 0.001 0.005 0.001 0.002 0.002 0.008 0 0.001 0.026 0.001 0.016 0.005 0 0.026 0 0.014 0.002 0.115;
0.462 0.002 0.011 0.031 0.015 0.004 0.007 0.14 0.003 0.024 0.007 0.001 0 0 0 0.075 0.001 0.005 0.003 0 0.004 0.001 0 0.015 0.001 0.003 0.022 0 0.02 0 0.008 0.008 0.001 0.007 0 0.119;0.462 0.002 0.011 0.007 0.001 0 0 0.022 0 0.02 0.031 0.015 0.004 0.007 0 0.075 0.001 0.005 0 0.008 0.008 0.001 0 0.003 0.001 0.015 0.14 0.003 0.024 0.003 0 0.004 0.001 0.007 0 0.119;0.462 0.007 0.022 0.031 0 0 0 0.14 0.003 0.007 0.002 0.001 0 0 0.015 0.075 0.008 0.003 0.003 0 0 0.001 0.007 0.015 0.001 0.005 0.011 0 0.02 0.004 0.001 0.008 0.001 0.024 0.004 0.119;
0.461 0.021 0.016 0.05 0.014 0.003 0.002 0.109 0.008 0.017 0.007 0.006 0 0 0 0.045 0.001 0.004 0.002 0.001 0.001 0.001 0.002 0.021 0 0 0.019 0.002 0.028 0.003 0.004 0.009 0.002 0.01 0.008 0.123;0.461 0.021 0.016 0.007 0.006 0 0 0.019 0.002 0.028 0.05 0.014 0.003 0.002 0 0.045 0.001 0.004 0.003 0.004 0.009 0.002 0.002 0 0 0.021 0.109 0.008 0.017 0.002 0.001 0.001 0.001 0.01 0.008 0.123;0.461 0.007 0.019 0.05 0 0.003 0.002 0.109 0.002 0.01 0.021 0.006 0.002 0 0.014 0.045 0.004 0 0.008 0.001 0.008 0.001 0.002 0.021 0.002 0.004 0.016 0 0.028 0.003 0.001 0.009 0 0.017 0.001 0.123;
0.449 0.023 0.004 0.097 0.02 0.003 0.002 0.084 0.006 0.007 0.024 0.012 0 0.001 0.005 0.112 0.003 0.002 0.004 0.015 0.002 0 0.004 0.02 0.002 0.004 0.004 0.001 0.013 0.002 0.004 0.013 0 0.002 0.001 0.055;0.449 0.023 0.004 0.024 0.012 0 0.001 0.004 0.001 0.013 0.097 0.02 0.003 0.002 0.005 0.112 0.003 0.002 0.002 0.004 0.013 0 0.004 0.004 0.002 0.02 0.084 0.006 0.007 0.004 0.015 0.002 0 0.002 0.001 0.055;0.449 0.024 0.004 0.097 0.005 0.002 0.004 0.084 0.004 0.002 0.023 0.012 0.001 0.001 0.02 0.112 0.004 0.004 0.006 0.015 0.001 0 0.002 0.02 0 0.002 0.004 0 0.013 0.003 0.003 0.013 0.002 0.007 0.002 0.055;
0.45 0.016 0.009 0.146 0.025 0.005 0.006 0.03 0.006 0.006 0.018 0.03 0 0 0.01 0.157 0.004 0.004 0.004 0.025 0.003 0 0.003 0.017 0.001 0.005 0.011 0 0 0.001 0.002 0 0.002 0 0.003 0.001;0.45 0.016 0.009 0.018 0.03 0 0 0.011 0 0 0.146 0.025 0.005 0.006 0.01 0.157 0.004 0.004 0.001 0.002 0 0.002 0.003 0.005 0.001 0.017 0.03 0.006 0.006 0.004 0.025 0.003 0 0 0.003 0.001;0.45 0.018 0.011 0.146 0.01 0.001 0.003 0.03 0.004 0 0.016 0.03 0 0 0.025 0.157 0.002 0.005 0.006 0.025 0.003 0 0.006 0.017 0.002 0.004 0.009 0 0 0.005 0.004 0 0.001 0.006 0.003 0.001;
0.456 0.002 0.025 0.108 0.005 0.004 0.001 0.075 0.001 0.017 0.012 0.006 0.001 0 0.002 0.069 0.001 0.005 0.002 0.002 0.005 0 0.001 0.016 0 0.003 0.013 0 0.012 0.003 0.003 0.026 0.001 0.01 0 0.113;0.456 0.002 0.025 0.012 0.006 0.001 0 0.013 0 0.012 0.108 0.005 0.004 0.001 0.002 0.069 0.001 0.005 0.003 0.003 0.026 0.001 0.001 0.003 0 0.016 0.075 0.001 0.017 0.002 0.002 0.005 0 0.01 0 0.113;0.456 0.012 0.013 0.108 0.002 0.003 0.001 0.075 0.002 0.01 0.002 0.006 0 0 0.005 0.069 0.003 0.003 0.001 0.002 0 0 0.001 0.016 0.001 0.005 0.025 0.001 0.012 0.004 0.001 0.026 0 0.017 0.005 0.113;
0.496 0.026 0.008 0.028 0.008 0.001 0.008 0.123 0.006 0.009 0.002 0.002 0 0 0.002 0.046 0.005 0.002 0 0 0.001 0 0.001 0.017 0 0.002 0.026 0.002 0.038 0.001 0.003 0.008 0.002 0.007 0.009 0.111;0.496 0.026 0.008 0.002 0.002 0 0 0.026 0.002 0.038 0.028 0.008 0.001 0.008 0.002 0.046 0.005 0.002 0.001 0.003 0.008 0.002 0.001 0.002 0 0.017 0.123 0.006 0.009 0 0 0.001 0 0.007 0.009 0.111;0.496 0.002 0.026 0.028 0.002 0.001 0.001 0.123 0 0.007 0.026 0.002 0.002 0 0.008 0.046 0.003 0.002 0.006 0 0.009 0 0.008 0.017 0.002 0.002 0.008 0 0.038 0.001 0.005 0.008 0 0.009 0.001 0.111;
0.442 0.023 0.002 0.1 0.019 0.002 0.012 0.08 0.007 0.004 0.006 0.018 0.002 0.002 0.007 0.16 0.007 0.001 0.003 0.019 0.004 0 0 0.028 0 0.007 0.027 0 0.001 0.003 0.003 0.001 0.001 0.004 0 0.005;0.442 0.023 0.002 0.006 0.018 0.002 0.002 0.027 0 0.001 0.1 0.019 0.002 0.012 0.007 0.16 0.007 0.001 0.003 0.003 0.001 0.001 0 0.007 0 0.028 0.08 0.007 0.004 0.003 0.019 0.004 0 0.004 0 0.005;0.442 0.006 0.027 0.1 0.007 0.003 0 0.08 0.003 0.004 0.023 0.018 0 0.002 0.019 0.16 0.003 0.007 0.007 0.019 0 0 0.012 0.028 0.001 0.001 0.002 0.002 0.001 0.002 0.007 0.001 0 0.004 0.004 0.005;
0.47 0.006 0.022 0.182 0.009 0.004 0.002 0.003 0.003 0.01 0.028 0 0 0 0.002 0.001 0.001 0 0 0 0.014 0 0.005 0 0 0.001 0.006 0.003 0.003 0.009 0.005 0.054 0 0.004 0.002 0.151;0.47 0.006 0.022 0.028 0 0 0 0.006 0.003 0.003 0.182 0.009 0.004 0.002 0.002 0.001 0.001 0 0.009 0.005 0.054 0 0.005 0.001 0 0 0.003 0.003 0.01 0 0 0.014 0 0.004 0.002 0.151;0.47 0.028 0.006 0.182 0.002 0.009 0.005 0.003 0 0.004 0.006 0 0.003 0 0.009 0.001 0.005 0.001 0.003 0 0.002 0 0.002 0 0 0 0.022 0 0.003 0.004 0.001 0.054 0 0.01 0.014 0.151;
0.459 0.021 0.004 0.145 0.014 0.007 0.003 0.018 0.006 0.014 0.006 0.006 0 0 0 0.055 0.002 0.001 0.001 0.008 0 0 0 0.003 0 0.001 0.026 0.002 0.004 0.004 0.01 0.036 0.001 0 0.009 0.134;0.459 0.021 0.004 0.006 0.006 0 0 0.026 0.002 0.004 0.145 0.014 0.007 0.003 0 0.055 0.002 0.001 0.004 0.01 0.036 0.001 0 0.001 0 0.003 0.018 0.006 0.014 0.001 0.008 0 0 0 0.009 0.134;0.459 0.006 0.026 0.145 0 0.004 0 0.018 0.001 0 0.021 0.006 0.002 0 0.014 0.055 0.01 0.001 0.006 0.008 0.009 0 0.003 0.003 0.001 0.001 0.004 0 0.004 0.007 0.002 0.036 0 0.014 0 0.134;
0.426 0.017 0.005 0.058 0.022 0.004 0.008 0.121 0.005 0.007 0.014 0.008 0.001 0.001 0.007 0.055 0.006 0.003 0.007 0.002 0.006 0 0.001 0.011 0.001 0.003 0.006 0.002 0.027 0.001 0.009 0.014 0.003 0.001 0.006 0.132;0.426 0.017 0.005 0.014 0.008 0.001 0.001 0.006 0.002 0.027 0.058 0.022 0.004 0.008 0.007 0.055 0.006 0.003 0.001 0.009 0.014 0.003 0.001 0.003 0.001 0.011 0.121 0.005 0.007 0.007 0.002 0.006 0 0.001 0.006 0.132;0.426 0.014 0.006 0.058 0.007 0.001 0.001 0.121 0.007 0.001 0.017 0.008 0.002 0.001 0.022 0.055 0.009 0.003 0.005 0.002 0.006 0 0.008 0.011 0.003 0.003 0.005 0.001 0.027 0.004 0.006 0.014 0.001 0.007 0.006 0.132;
0.476 0.019 0.011 0.106 0.013 0.01 0.003 0.061 0.004 0.014 0.014 0.013 0.001 0 0.005 0.081 0.002 0.002 0.004 0.01 0.003 0.001 0.002 0.012 0 0.003 0.011 0 0.01 0.003 0.006 0.018 0.001 0 0.004 0.077;0.476 0.019 0.011 0.014 0.013 0.001 0 0.011 0 0.01 0.106 0.013 0.01 0.003 0.005 0.081 0.002 0.002 0.003 0.006 0.018 0.001 0.002 0.003 0 0.012 0.061 0.004 0.014 0.004 0.01 0.003 0.001 0 0.004 0.077;0.476 0.014 0.011 0.106 0.005 0.003 0.002 0.061 0.004 0 0.019 0.013 0 0 0.013 0.081 0.006 0.003 0.004 0.01 0.004 0.001 0.003 0.012 0.001 0.002 0.011 0.001 0.01 0.01 0.002 0.018 0 0.014 0.003 0.077;
0.461 0.001 0.038 0.028 0.013 0.002 0.003 0.126 0 0.028 0.01 0.003 0.001 0 0.001 0.056 0 0.002 0.005 0.002 0.002 0 0.001 0.019 0 0.004 0.027 0 0.049 0.001 0.003 0.005 0.001 0.013 0 0.095;0.461 0.001 0.038 0.01 0.003 0.001 0 0.027 0 0.049 0.028 0.013 0.002 0.003 0.001 0.056 0 0.002 0.001 0.003 0.005 0.001 0.001 0.004 0 0.019 0.126 0 0.028 0.005 0.002 0.002 0 0.013 0 0.095;0.461 0.01 0.027 0.028 0.001 0.001 0.001 0.126 0.005 0.013 0.001 0.003 0 0 0.013 0.056 0.003 0.004 0 0.002 0 0 0.003 0.019 0.001 0.002 0.038 0.001 0.049 0.002 0 0.005 0 0.028 0.002 0.095;
0.442 0.022 0.003 0.097 0.013 0.009 0.003 0.087 0.006 0.02 0.015 0.003 0.003 0 0.004 0.045 0 0 0.003 0.003 0.005 0 0.003 0.007 0 0.002 0.011 0.003 0.016 0.004 0.004 0.012 0.003 0.004 0.003 0.145;0.442 0.022 0.003 0.015 0.003 0.003 0 0.011 0.003 0.016 0.097 0.013 0.009 0.003 0.004 0.045 0 0 0.004 0.004 0.012 0.003 0.003 0.002 0 0.007 0.087 0.006 0.02 0.003 0.003 0.005 0 0.004 0.003 0.145;0.442 0.015 0.011 0.097 0.004 0.004 0.003 0.087 0.003 0.004 0.022 0.003 0.003 0 0.013 0.045 0.004 0.002 0.006 0.003 0.003 0 0.003 0.007 0.003 0 0.003 0.003 0.016 0.009 0 0.012 0 0.02 0.005 0.145;
0.439 0.014 0.004 0.039 0.023 0.002 0.004 0.135 0.009 0.006 0.016 0.007 0 0.002 0.003 0.15 0.004 0.004 0.005 0.005 0.005 0.001 0 0.037 0 0.01 0.008 0.001 0.019 0 0.006 0.002 0 0.003 0.004 0.033;0.439 0.014 0.004 0.016 0.007 0 0.002 0.008 0.001 0.019 0.039 0.023 0.002 0.004 0.003 0.15 0.004 0.004 0 0.006 0.002 0 0 0.01 0 0.037 0.135 0.009 0.006 0.005 0.005 0.005 0.001 0.003 0.004 0.033;0.439 0.016 0.008 0.039 0.003 0 0 0.135 0.005 0.003 0.014 0.007 0.001 0.002 0.023 0.15 0.006 0.01 0.009 0.005 0.004 0.001 0.004 0.037 0 0.004 0.004 0 0.019 0.002 0.004 0.002 0 0.006 0.005 0.033;
0.447 0.006 0.01 0.155 0.015 0.004 0.004 0.042 0.002 0.017 0.014 0.01 0 0 0.003 0.084 0.004 0.001 0.004 0.014 0.003 0 0.004 0.007 0 0.003 0.007 0 0.01 0.003 0.006 0.026 0 0.005 0.003 0.087;0.447 0.006 0.01 0.014 0.01 0 0 0.007 0 0.01 0.155 0.015 0.004 0.004 0.003 0.084 0.004 0.001 0.003 0.006 0.026 0 0.004 0.003 0 0.007 0.042 0.002 0.017 0.004 0.014 0.003 0 0.005 0.003 0.087;0.447 0.014 0.007 0.155 0.003 0.003 0.004 0.042 0.004 0.005 0.006 0.01 0 0 0.015 0.084 0.006 0.003 0.002 0.014 0.003 0 0.004 0.007 0 0.001 0.01 0 0.01 0.004 0.004 0.026 0 0.017 0.003 0.087;
0.449 0.022 0.001 0.197 0.024 0.006 0.002 0.012 0.005 0.014 0.001 0.001 0 0 0 0.015 0 0 0 0.002 0.001 0 0.002 0 0 0 0.025 0 0.003 0.009 0.005 0.039 0.002 0.001 0.014 0.148;0.449 0.022 0.001 0.001 0.001 0 0 0.025 0 0.003 0.197 0.024 0.006 0.002 0 0.015 0 0 0.009 0.005 0.039 0.002 0.002 0 0 0 0.012 0.005 0.014 0 0.002 0.001 0 0.001 0.014 0.148;0.449 0.001 0.025 0.197 0 0.009 0.002 0.012 0 0.001 0.022 0.001 0 0 0.024 0.015 0.005 0 0.005 0.002 0.014 0 0.002 0 0.002 0 0.001 0 0.003 0.006 0 0.039 0 0.014 0.001 0.148;
0.438 0.023 0.006 0.051 0.011 0.003 0.002 0.124 0.008 0.023 0.004 0.005 0 0 0.006 0.093 0.005 0.001 0.001 0.004 0.001 0.001 0 0.026 0 0.011 0.029 0 0.023 0.004 0.004 0.006 0.001 0.005 0.005 0.076;0.438 0.023 0.006 0.004 0.005 0 0 0.029 0 0.023 0.051 0.011 0.003 0.002 0.006 0.093 0.005 0.001 0.004 0.004 0.006 0.001 0 0.011 0 0.026 0.124 0.008 0.023 0.001 0.004 0.001 0.001 0.005 0.005 0.076;0.438 0.004 0.029 0.051 0.006 0.004 0 0.124 0.001 0.005 0.023 0.005 0 0 0.011 0.093 0.004 0.011 0.008 0.004 0.005 0.001 0.002 0.026 0.001 0.001 0.006 0 0.023 0.003 0.005 0.006 0 0.023 0.001 0.076;
0.482 0.007 0.01 0.082 0.008 0.003 0.002 0.086 0.006 0.02 0.003 0 0.003 0 0.002 0.004 0.001 0 0 0 0.004 0 0 0 0.001 0 0.025 0.002 0.026 0.004 0.006 0.032 0.002 0.005 0.003 0.171;0.482 0.007 0.01 0.003 0 0.003 0 0.025 0.002 0.026 0.082 0.008 0.003 0.002 0.002 0.004 0.001 0 0.004 0.006 0.032 0.002 0 0 0.001 0 0.086 0.006 0.02 0 0 0.004 0 0.005 0.003 0.171;0.482 0.003 0.025 0.082 0.002 0.004 0 0.086 0 0.005 0.007 0 0.002 0 0.008 0.004 0.006 0 0.006 0 0.003 0 0.002 0 0.002 0 0.01 0.003 0.026 0.003 0.001 0.032 0.001 0.02 0.004 0.171;
0.464 0.011 0.013 0.154 0.02 0.012 0.004 0.006 0.002 0.009 0.032 0.005 0 0.001 0.001 0.027 0.002 0.001 0 0.012 0.008 0 0.007 0 0 0.003 0.002 0.004 0.002 0.004 0.004 0.045 0 0 0.005 0.14;0.464 0.011 0.013 0.032 0.005 0 0.001 0.002 0.004 0.002 0.154 0.02 0.012 0.004 0.001 0.027 0.002 0.001 0.004 0.004 0.045 0 0.007 0.003 0 0 0.006 0.002 0.009 0 0.012 0.008 0 0 0.005 0.14;0.464 0.032 0.002 0.154 0.001 0.004 0.007 0.006 0 0 0.011 0.005 0.004 0.001 0.02 0.027 0.004 0.003 0.002 0.012 0.005 0 0.004 0 0 0.001 0.013 0 0.002 0.012 0.002 0.045 0 0.009 0.008 0.14;
0.474 0.019 0.012 0.052 0.016 0.002 0.008 0.12 0.005 0.021 0.004 0.001 0 0 0.001 0.024 0 0.001 0 0.002 0.002 0 0 0.011 0 0 0.026 0.003 0.033 0.002 0.001 0.01 0 0.006 0.007 0.137;0.474 0.019 0.012 0.004 0.001 0 0 0.026 0.003 0.033 0.052 0.016 0.002 0.008 0.001 0.024 0 0.001 0.002 0.001 0.01 0 0 0 0 0.011 0.12 0.005 0.021 0 0.002 0.002 0 0.006 0.007 0.137;0.474 0.004 0.026 0.052 0.001 0.002 0 0.12 0 0.006 0.019 0.001 0.003 0 0.016 0.024 0.001 0 0.005 0.002 0.007 0 0.008 0.011 0 0.001 0.012 0 0.033 0.002 0 0.01 0 0.021 0.002 0.137;
0.474 0.024 0.005 0.173 0.016 0.007 0.004 0.003 0.005 0.005 0.011 0.029 0.001 0.001 0.009 0.112 0.009 0.001 0.002 0.019 0.008 0.001 0 0 0 0.002 0.015 0.001 0.001 0.006 0.002 0.011 0 0 0.003 0.04;0.474 0.024 0.005 0.011 0.029 0.001 0.001 0.015 0.001 0.001 0.173 0.016 0.007 0.004 0.009 0.112 0.009 0.001 0.006 0.002 0.011 0 0 0.002 0 0 0.003 0.005 0.005 0.002 0.019 0.008 0.001 0 0.003 0.04;0.474 0.011 0.015 0.173 0.009 0.006 0 0.003 0.002 0 0.024 0.029 0.001 0.001 0.016 0.112 0.002 0.002 0.005 0.019 0.003 0.001 0.004 0 0 0.001 0.005 0.001 0.001 0.007 0.009 0.011 0 0.005 0.008 0.04;
0.479 0.015 0.009 0.15 0.011 0.006 0.001 0.023 0.003 0.014 0.005 0.001 0 0.001 0.003 0.019 0 0 0.001 0.002 0.001 0 0.002 0 0 0.001 0.019 0 0.006 0.011 0.009 0.032 0 0.008 0.007 0.161;0.479 0.015 0.009 0.005 0.001 0 0.001 0.019 0 0.006 0.15 0.011 0.006 0.001 0.003 0.019 0 0 0.011 0.009 0.032 0 0.002 0.001 0 0 0.023 0.003 0.014 0.001 0.002 0.001 0 0.008 0.007 0.161;0.479 0.005 0.019 0.15 0.003 0.011 0.002 0.023 0.001 0.008 0.015 0.001 0 0.001 0.011 0.019 0.009 0.001 0.003 0.002 0.007 0 0.001 0 0 0 0.009 0 0.006 0.006 0 0.032 0 0.014 0.001 0.161;
0.463 0.008 0.011 0.038 0.025 0.002 0.005 0.136 0.006 0.018 0.023 0.007 0.002 0.001 0.004 0.056 0.002 0.001 0.004 0.004 0.007 0 0.001 0.026 0 0.001 0.006 0.003 0.022 0 0.005 0.006 0.003 0.006 0.004 0.094;0.463 0.008 0.011 0.023 0.007 0.002 0.001 0.006 0.003 0.022 0.038 0.025 0.002 0.005 0.004 0.056 0.002 0.001 0 0.005 0.006 0.003 0.001 0.001 0 0.026 0.136 0.006 0.018 0.004 0.004 0.007 0 0.006 0.004 0.094;0.463 0.023 0.006 0.038 0.004 0 0.001 0.136 0.004 0.006 0.008 0.007 0.003 0.001 0.025 0.056 0.005 0.001 0.006 0.004 0.004 0 0.005 0.026 0.003 0.001 0.011 0.002 0.022 0.002 0.002 0.006 0 0.018 0.007 0.094;
0.463 0.019 0.005 0.183 0.017 0.004 0.002 0.002 0.001 0.017 0.024 0.001 0 0 0.001 0.002 0 0 0 0 0.009 0.002 0.004 0 0 0.001 0.007 0 0 0 0.005 0.058 0.003 0 0.006 0.164;0.463 0.019 0.005 0.024 0.001 0 0 0.007 0 0 0.183 0.017 0.004 0.002 0.001 0.002 0 0 0 0.005 0.058 0.003 0.004 0.001 0 0 0.002 0.001 0.017 0 0 0.009 0.002 0 0.006 0.164;0.463 0.024 0.007 0.183 0.001 0 0.004 0.002 0 0 0.019 0.001 0 0 0.017 0.002 0.005 0.001 0.001 0 0.006 0.002 0.002 0 0.003 0 0.005 0 0 0.004 0 0.058 0 0.017 0.009 0.164;
0.479 0.026 0.001 0.077 0.015 0.003 0.004 0.073 0.004 0.01 0.019 0.007 0.001 0 0.003 0.058 0 0 0.005 0.006 0.004 0 0.003 0.013 0.001 0.002 0.009 0.004 0.021 0.002 0.005 0.019 0.002 0.001 0.01 0.113;0.479 0.026 0.001 0.019 0.007 0.001 0 0.009 0.004 0.021 0.077 0.015 0.003 0.004 0.003 0.058 0 0 0.002 0.005 0.019 0.002 0.003 0.002 0.001 0.013 0.073 0.004 0.01 0.005 0.006 0.004 0 0.001 0.01 0.113;0.479 0.019 0.009 0.077 0.003 0.002 0.003 0.073 0.005 0.001 0.026 0.007 0.004 0 0.015 0.058 0.005 0.002 0.004 0.006 0.01 0 0.004 0.013 0.002 0 0.001 0.001 0.021 0.003 0 0.019 0.001 0.01 0.004 0.113;
0.462 0.012 0.015 0.123 0.014 0.013 0.005 0.047 0.004 0.021 0.009 0.001 0 0 0.002 0.01 0 0 0.001 0.004 0 0 0.001 0.003 0 0.002 0.019 0.001 0.019 0.009 0.007 0.038 0.001 0.002 0.003 0.152;0.462 0.012 0.015 0.009 0.001 0 0 0.019 0.001 0.019 0.123 0.014 0.013 0.005 0.002 0.01 0 0 0.009 0.007 0.038 0.001 0.001 0.002 0 0.003 0.047 0.004 0.021 0.001 0.004 0 0 0.002 0.003 0.152;0.462 0.009 0.019 0.123 0.002 0.009 0.001 0.047 0.001 0.002 0.012 0.001 0.001 0 0.014 0.01 0.007 0.002 0.004 0.004 0.003 0 0.005 0.003 0.001 0 0.015 0 0.019 0.013 0 0.038 0 0.021 0 0.152;
0.458 0.002 0.023 0.048 0.002 0.006 0 0.13 0 0.024 0.001 0.003 0 0.001 0 0.169 0 0.017 0 0.007 0.001 0 0 0.05 0 0.015 0.021 0 0.003 0 0 0 0.001 0.003 0 0.015;0.458 0.002 0.023 0.001 0.003 0 0.001 0.021 0 0.003 0.048 0.002 0.006 0 0 0.169 0 0.017 0 0 0 0.001 0 0.015 0 0.05 0.13 0 0.024 0 0.007 0.001 0 0.003 0 0.015;0.458 0.001 0.021 0.048 0 0 0 0.13 0 0.003 0.002 0.003 0 0.001 0.002 0.169 0 0.015 0 0.007 0 0 0 0.05 0.001 0.017 0.023 0 0.003 0.006 0 0 0 0.024 0.001 0.015;
0.457 0.025 0.008 0.104 0.011 0.003 0.005 0.078 0.007 0.013 0.018 0.013 0.001 0 0.003 0.073 0.002 0.002 0.002 0.009 0.009 0.001 0.001 0.017 0.001 0.001 0.008 0.001 0.013 0.002 0.003 0.017 0 0.003 0.003 0.086;0.457 0.025 0.008 0.018 0.013 0.001 0 0.008 0.001 0.013 0.104 0.011 0.003 0.005 0.003 0.073 0.002 0.002 0.002 0.003 0.017 0 0.001 0.001 0.001 0.017 0.078 0.007 0.013 0.002 0.009 0.009 0.001 0.003 0.003 0.086;0.457 0.018 0.008 0.104 0.003 0.002 0.001 0.078 0.002 0.003 0.025 0.013 0.001 0 0.011 0.073 0.003 0.001 0.007 0.009 0.003 0.001 0.005 0.017 0 0.002 0.008 0.001 0.013 0.003 0.002 0.017 0.001 0.013 0.009 0.086;
0.459 0.017 0.006 0.163 0.006 0.011 0 0.003 0.001 0.018 0.02 0.02 0.002 0.003 0.009 0.097 0.003 0 0 0.012 0.008 0.001 0.005 0 0.001 0.002 0.007 0.001 0.001 0.001 0.004 0.032 0.001 0 0.005 0.081;0.459 0.017 0.006 0.02 0.02 0.002 0.003 0.007 0.001 0.001 0.163 0.006 0.011 0 0.009 0.097 0.003 0 0.001 0.004 0.032 0.001 0.005 0.002 0.001 0 0.003 0.001 0.018 0 0.012 0.008 0.001 0 0.005 0.081;0.459 0.02 0.007 0.163 0.009 0.001 0.005 0.003 0 0 0.017 0.02 0.001 0.003 0.006 0.097 0.004 0.002 0.001 0.012 0.005 0.001 0 0 0.001 0 0.006 0.002 0.001 0.011 0.003 0.032 0.001 0.018 0.008 0.081;
0.448 0.024 0.004 0.133 0.017 0.009 0.001 0.033 0.004 0.016 0.017 0.02 0.001 0.003 0.008 0.173 0.006 0.003 0 0.026 0.003 0.002 0.009 0.01 0 0.009 0.007 0 0.001 0.004 0.004 0 0 0 0 0.005;0.448 0.024 0.004 0.017 0.02 0.001 0.003 0.007 0 0.001 0.133 0.017 0.009 0.001 0.008 0.173 0.006 0.003 0.004 0.004 0 0 0.009 0.009 0 0.01 0.033 0.004 0.016 0 0.026 0.003 0.002 0 0 0.005;0.448 0.017 0.007 0.133 0.008 0.004 0.009 0.033 0 0 0.024 0.02 0 0.003 0.017 0.173 0.004 0.009 0.004 0.026 0 0.002 0.001 0.01 0 0.003 0.004 0.001 0.001 0.009 0.006 0 0 0.016 0.003 0.005;
0.45 0.01 0.007 0.124 0.016 0.007 0.005 0.072 0.002 0.018 0.005 0.01 0 0 0 0.062 0.001 0.004 0 0.008 0.001 0.001 0 0.013 0 0.002 0.025 0 0.013 0.004 0.005 0.034 0.001 0.006 0.001 0.093;0.45 0.01 0.007 0.005 0.01 0 0 0.025 0 0.013 0.124 0.016 0.007 0.005 0 0.062 0.001 0.004 0.004 0.005 0.034 0.001 0 0.002 0 0.013 0.072 0.002 0.018 0 0.008 0.001 0.001 0.006 0.001 0.093;0.45 0.005 0.025 0.124 0 0.004 0 0.072 0 0.006 0.01 0.01 0 0 0.016 0.062 0.005 0.002 0.002 0.008 0.001 0.001 0.005 0.013 0.001 0.004 0.007 0 0.013 0.007 0.001 0.034 0 0.018 0.001 0.093;
0.445 0.021 0.005 0.125 0.015 0.013 0.003 0.029 0.004 0.013 0.005 0.017 0.002 0.002 0.003 0.108 0.001 0.003 0 0.013 0.005 0.002 0 0.007 0 0.007 0.029 0.002 0.007 0.01 0.002 0.02 0.001 0.004 0.001 0.076;0.445 0.021 0.005 0.005 0.017 0.002 0.002 0.029 0.002 0.007 0.125 0.015 0.013 0.003 0.003 0.108 0.001 0.003 0.01 0.002 0.02 0.001 0 0.007 0 0.007 0.029 0.004 0.013 0 0.013 0.005 0.002 0.004 0.001 0.076;0.445 0.005 0.029 0.125 0.003 0.01 0 0.029 0 0.004 0.021 0.017 0.002 0.002 0.015 0.108 0.002 0.007 0.004 0.013 0.001 0.002 0.003 0.007 0.001 0.003 0.005 0.002 0.007 0.013 0.001 0.02 0 0.013 0.005 0.076;
0.461 0.007 0.02 0.083 0.002 0.006 0.003 0.076 0.001 0.019 0.018 0.015 0 0.003 0.002 0.155 0.001 0.009 0.002 0.016 0.008 0.003 0.001 0.026 0 0.008 0.014 0 0.003 0.003 0.007 0.005 0 0.003 0 0.02;0.461 0.007 0.02 0.018 0.015 0 0.003 0.014 0 0.003 0.083 0.002 0.006 0.003 0.002 0.155 0.001 0.009 0.003 0.007 0.005 0 0.001 0.008 0 0.026 0.076 0.001 0.019 0.002 0.016 0.008 0.003 0.003 0 0.02;0.461 0.018 0.014 0.083 0.002 0.003 0.001 0.076 0.002 0.003 0.007 0.015 0 0.003 0.002 0.155 0.007 0.008 0.001 0.016 0 0.003 0.003 0.026 0 0.009 0.02 0 0.003 0.006 0.001 0.005 0 0.019 0.008 0.02;
0.429 0.009 0.009 0.159 0.009 0.01 0.001 0.013 0.006 0.021 0.003 0.018 0.001 0.003 0.001 0.059 0 0.001 0 0.014 0.002 0.004 0.001 0.001 0 0.006 0.03 0 0.003 0.007 0.007 0.049 0 0.002 0.004 0.118;0.429 0.009 0.009 0.003 0.018 0.001 0.003 0.03 0 0.003 0.159 0.009 0.01 0.001 0.001 0.059 0 0.001 0.007 0.007 0.049 0 0.001 0.006 0 0.001 0.013 0.006 0.021 0 0.014 0.002 0.004 0.002 0.004 0.118;0.429 0.003 0.03 0.159 0.001 0.007 0.001 0.013 0 0.002 0.009 0.018 0 0.003 0.009 0.059 0.007 0.006 0.006 0.014 0.004 0.004 0.001 0.001 0 0.001 0.009 0.001 0.003 0.01 0 0.049 0 0.021 0.002 0.118;
0.445 0.007 0.019 0.155 0.03 0.01 0.002 0.021 0.005 0.003 0.017 0.033 0.001 0.002 0.006 0.167 0.002 0.007 0.002 0.035 0.001 0 0.002 0.004 0.001 0.003 0.007 0 0.001 0.004 0.007 0 0 0 0.001 0;0.445 0.007 0.019 0.017 0.033 0.001 0.002 0.007 0 0.001 0.155 0.03 0.01 0.002 0.006 0.167 0.002 0.007 0.004 0.007 0 0 0.002 0.003 0.001 0.004 0.021 0.005 0.003 0.002 0.035 0.001 0 0 0.001 0;0.445 0.017 0.007 0.155 0.006 0.004 0.002 0.021 0.002 0 0.007 0.033 0 0.002 0.03 0.167 0.007 0.003 0.005 0.035 0.001 0 0.002 0.004 0 0.007 0.019 0.001 0.001 0.01 0.002 0 0.001 0.003 0.001 0;
0.465 0.004 0.017 0.019 0.015 0.001 0.004 0.135 0.006 0.016 0.028 0.001 0.005 0 0.001 0.038 0 0 0.004 0 0.013 0 0.001 0.007 0 0.002 0.003 0 0.041 0.001 0.004 0.011 0 0.004 0.006 0.148;0.465 0.004 0.017 0.028 0.001 0.005 0 0.003 0 0.041 0.019 0.015 0.001 0.004 0.001 0.038 0 0 0.001 0.004 0.011 0 0.001 0.002 0 0.007 0.135 0.006 0.016 0.004 0 0.013 0 0.004 0.006 0.148;0.465 0.028 0.003 0.019 0.001 0.001 0.001 0.135 0.004 0.004 0.004 0.001 0 0 0.015 0.038 0.004 0.002 0.006 0 0.006 0 0.004 0.007 0 0 0.017 0.005 0.041 0.001 0 0.011 0 0.016 0.013 0.148;
0.447 0.029 0.003 0.115 0.024 0 0.003 0.052 0.003 0.007 0.024 0.021 0 0 0.007 0.161 0.003 0.001 0.002 0.024 0.005 0 0.004 0.016 0.002 0.001 0.006 0 0.002 0.001 0.005 0.005 0.001 0 0.001 0.025;0.447 0.029 0.003 0.024 0.021 0 0 0.006 0 0.002 0.115 0.024 0 0.003 0.007 0.161 0.003 0.001 0.001 0.005 0.005 0.001 0.004 0.001 0.002 0.016 0.052 0.003 0.007 0.002 0.024 0.005 0 0 0.001 0.025;0.447 0.024 0.006 0.115 0.007 0.001 0.004 0.052 0.002 0 0.029 0.021 0 0 0.024 0.161 0.005 0.001 0.003 0.024 0.001 0 0.003 0.016 0.001 0.001 0.003 0 0.002 0 0.003 0.005 0.002 0.007 0.005 0.025;
0.461 0.019 0.017 0.154 0.01 0.015 0.002 0.042 0.004 0.015 0 0 0 0 0 0.003 0 0 0 0 0 0 0 0.001 0 0 0.027 0.001 0.011 0.007 0.003 0.056 0.001 0.003 0.001 0.147;0.461 0.019 0.017 0 0 0 0 0.027 0.001 0.011 0.154 0.01 0.015 0.002 0 0.003 0 0 0.007 0.003 0.056 0.001 0 0 0 0.001 0.042 0.004 0.015 0 0 0 0 0.003 0.001 0.147;0.461 0 0.027 0.154 0 0.007 0 0.042 0 0.003 0.019 0 0.001 0 0.01 0.003 0.003 0 0.004 0 0.001 0 0.002 0.001 0.001 0 0.017 0 0.011 0.015 0 0.056 0 0.015 0 0.147;
0.458 0.019 0.015 0.102 0.012 0.009 0.002 0.067 0.001 0.012 0.017 0.019 0.002 0 0.004 0.13 0.002 0.003 0.006 0.016 0.007 0.002 0.004 0.018 0 0 0.003 0.001 0.013 0 0.002 0.009 0.001 0.002 0.003 0.039;0.458 0.019 0.015 0.017 0.019 0.002 0 0.003 0.001 0.013 0.102 0.012 0.009 0.002 0.004 0.13 0.002 0.003 0 0.002 0.009 0.001 0.004 0 0 0.018 0.067 0.001 0.012 0.006 0.016 0.007 0.002 0.002 0.003 0.039;0.458 0.017 0.003 0.102 0.004 0 0.004 0.067 0.006 0.002 0.019 0.019 0.001 0 0.012 0.13 0.002 0 0.001 0.016 0.003 0.002 0.002 0.018 0.001 0.003 0.015 0.002 0.013 0.009 0.002 0.009 0 0.012 0.007 0.039;
0.467 0.016 0.011 0.094 0.007 0.008 0.004 0.081 0.007 0.015 0.013 0.017 0 0.001 0.003 0.136 0.001 0.002 0.002 0.012 0.001 0.001 0 0.028 0 0.007 0.006 0 0.005 0.001 0.002 0.01 0.001 0.003 0.002 0.036;0.467 0.016 0.011 0.013 0.017 0 0.001 0.006 0 0.005 0.094 0.007 0.008 0.004 0.003 0.136 0.001 0.002 0.001 0.002 0.01 0.001 0 0.007 0 0.028 0.081 0.007 0.015 0.002 0.012 0.001 0.001 0.003 0.002 0.036;0.467 0.013 0.006 0.094 0.003 0.001 0 0.081 0.002 0.003 0.016 0.017 0 0.001 0.007 0.136 0.002 0.007 0.007 0.012 0.002 0.001 0.004 0.028 0.001 0.002 0.011 0 0.005 0.008 0.001 0.01 0 0.015 0.001 0.036;
0.447 0.017 0.005 0.178 0.011 0.005 0.001 0.001 0.004 0.011 0.008 0.023 0 0 0.003 0.156 0.003 0.001 0 0.022 0.004 0.001 0.007 0 0.001 0.009 0.012 0 0.001 0.006 0.001 0.012 0 0 0.002 0.048;0.447 0.017 0.005 0.008 0.023 0 0 0.012 0 0.001 0.178 0.011 0.005 0.001 0.003 0.156 0.003 0.001 0.006 0.001 0.012 0 0.007 0.009 0.001 0 0.001 0.004 0.011 0 0.022 0.004 0.001 0 0.002 0.048;0.447 0.008 0.012 0.178 0.003 0.006 0.007 0.001 0 0 0.017 0.023 0 0 0.011 0.156 0.001 0.009 0.004 0.022 0.002 0.001 0.001 0 0 0.001 0.005 0 0.001 0.005 0.003 0.012 0.001 0.011 0.004 0.048;
0.458 0 0.02 0.138 0.001 0.012 0 0.045 0 0.032 0.011 0.012 0.002 0.003 0.002 0.074 0 0.005 0.002 0.009 0.007 0.002 0 0.008 0 0.007 0.018 0.001 0.007 0.003 0.001 0.031 0.001 0.007 0.001 0.08;0.458 0 0.02 0.011 0.012 0.002 0.003 0.018 0.001 0.007 0.138 0.001 0.012 0 0.002 0.074 0 0.005 0.003 0.001 0.031 0.001 0 0.007 0 0.008 0.045 0 0.032 0.002 0.009 0.007 0.002 0.007 0.001 0.08;0.458 0.011 0.018 0.138 0.002 0.003 0 0.045 0.002 0.007 0 0.012 0.001 0.003 0.001 0.074 0.001 0.007 0 0.009 0.001 0.002 0 0.008 0.001 0.005 0.02 0.002 0.007 0.012 0 0.031 0 0.032 0.007 0.08;
0.457 0.013 0.02 0.035 0.022 0 0.003 0.108 0.003 0.012 0.019 0.002 0.003 0.001 0.001 0.14 0.004 0.009 0.005 0.004 0.001 0 0 0.039 0.001 0.007 0.007 0.001 0.02 0 0.004 0.001 0.002 0.003 0.001 0.052;0.457 0.013 0.02 0.019 0.002 0.003 0.001 0.007 0.001 0.02 0.035 0.022 0 0.003 0.001 0.14 0.004 0.009 0 0.004 0.001 0.002 0 0.007 0.001 0.039 0.108 0.003 0.012 0.005 0.004 0.001 0 0.003 0.001 0.052;0.457 0.019 0.007 0.035 0.001 0 0 0.108 0.005 0.003 0.013 0.002 0.001 0.001 0.022 0.14 0.004 0.007 0.003 0.004 0.001 0 0.003 0.039 0.002 0.009 0.02 0.003 0.02 0 0.004 0.001 0.001 0.012 0.001 0.052;
0.444 0.001 0.023 0.107 0.015 0.011 0.007 0.062 0.001 0.015 0.01 0.015 0.001 0.002 0.001 0.14 0.002 0.008 0.001 0.03 0.002 0 0.004 0.038 0 0.004 0.009 0 0.006 0.002 0.008 0.004 0.001 0.003 0.001 0.022;0.444 0.001 0.023 0.01 0.015 0.001 0.002 0.009 0 0.006 0.107 0.015 0.011 0.007 0.001 0.14 0.002 0.008 0.002 0.008 0.004 0.001 0.004 0.004 0 0.038 0.062 0.001 0.015 0.001 0.03 0.002 0 0.003 0.001 0.022;0.444 0.01 0.009 0.107 0.001 0.002 0.004 0.062 0.001 0.003 0.001 0.015 0 0.002 0.015 0.14 0.008 0.004 0.001 0.03 0.001 0 0.007 0.038 0.001 0.008 0.023 0.001 0.006 0.011 0.002 0.004 0 0.015 0.002 0.022;
0.456 0.024 0.001 0.125 0.008 0.004 0.006 0.047 0.007 0.012 0.02 0.022 0.001 0.001 0.005 0.15 0.004 0.003 0.003 0.018 0.003 0 0.003 0.023 0.002 0.009 0.004 0.001 0.001 0 0.003 0.006 0.001 0 0.002 0.025;0.456 0.024 0.001 0.02 0.022 0.001 0.001 0.004 0.001 0.001 0.125 0.008 0.004 0.006 0.005 0.15 0.004 0.003 0 0.003 0.006 0.001 0.003 0.009 0.002 0.023 0.047 0.007 0.012 0.003 0.018 0.003 0 0 0.002 0.025;0.456 0.02 0.004 0.125 0.005 0 0.003 0.047 0.003 0 0.024 0.022 0.001 0.001 0.008 0.15 0.003 0.009 0.007 0.018 0.002 0 0.006 0.023 0.001 0.003 0.001 0.001 0.001 0.004 0.004 0.006 0.002 0.012 0.003 0.025;
0.484 0.022 0 0.154 0.011 0.007 0.003 0.008 0.001 0.013 0.015 0.01 0.002 0 0.004 0.07 0.003 0.001 0 0.009 0.005 0.002 0.002 0 0 0.006 0.009 0.001 0 0.004 0.003 0.029 0.001 0.001 0.005 0.115;0.484 0.022 0 0.015 0.01 0.002 0 0.009 0.001 0 0.154 0.011 0.007 0.003 0.004 0.07 0.003 0.001 0.004 0.003 0.029 0.001 0.002 0.006 0 0 0.008 0.001 0.013 0 0.009 0.005 0.002 0.001 0.005 0.115;0.484 0.015 0.009 0.154 0.004 0.004 0.002 0.008 0 0.001 0.022 0.01 0.001 0 0.011 0.07 0.003 0.006 0.001 0.009 0.005 0.002 0.003 0 0.001 0.001 0 0.002 0 0.007 0.003 0.029 0 0.013 0.005 0.115;
0.47 0.015 0.013 0.12 0.018 0.003 0.004 0.06 0.003 0.019 0.003 0.023 0.001 0.002 0.003 0.135 0.002 0 0 0.013 0.006 0.001 0.001 0.03 0 0.014 0.025 0.002 0.001 0.007 0.002 0 0 0.002 0 0.002;0.47 0.015 0.013 0.003 0.023 0.001 0.002 0.025 0.002 0.001 0.12 0.018 0.003 0.004 0.003 0.135 0.002 0 0.007 0.002 0 0 0.001 0.014 0 0.03 0.06 0.003 0.019 0 0.013 0.006 0.001 0.002 0 0.002;0.47 0.003 0.025 0.12 0.003 0.007 0.001 0.06 0 0.002 0.015 0.023 0.002 0.002 0.018 0.135 0.002 0.014 0.003 0.013 0 0.001 0.004 0.03 0 0 0.013 0.001 0.001 0.003 0.002 0 0 0.019 0.006 0.002;
0.461 0.002 0.033 0.019 0.012 0 0.003 0.133 0 0.022 0.004 0.003 0.001 0 0 0.131 0 0.006 0.002 0.003 0.001 0 0 0.041 0 0.016 0.03 0 0.016 0 0.004 0.001 0.001 0.005 0.001 0.049;0.461 0.002 0.033 0.004 0.003 0.001 0 0.03 0 0.016 0.019 0.012 0 0.003 0 0.131 0 0.006 0 0.004 0.001 0.001 0 0.016 0 0.041 0.133 0 0.022 0.002 0.003 0.001 0 0.005 0.001 0.049;0.461 0.004 0.03 0.019 0 0 0 0.133 0.002 0.005 0.002 0.003 0 0 0.012 0.131 0.004 0.016 0 0.003 0.001 0 0.003 0.041 0.001 0.006 0.033 0.001 0.016 0 0 0.001 0 0.022 0.001 0.049;
0.442 0.008 0.016 0.172 0.005 0.014 0.003 0.018 0.002 0.022 0.002 0.019 0 0.001 0.003 0.116 0.003 0.005 0.001 0.03 0 0.004 0 0.005 0 0.008 0.026 0 0.003 0.009 0 0.015 0 0.002 0.002 0.044;0.442 0.008 0.016 0.002 0.019 0 0.001 0.026 0 0.003 0.172 0.005 0.014 0.003 0.003 0.116 0.003 0.005 0.009 0 0.015 0 0 0.008 0 0.005 0.018 0.002 0.022 0.001 0.03 0 0.004 0.002 0.002 0.044;0.442 0.002 0.026 0.172 0.003 0.009 0 0.018 0.001 0.002 0.008 0.019 0 0.001 0.005 0.116 0 0.008 0.002 0.03 0.002 0.004 0.003 0.005 0 0.005 0.016 0 0.003 0.014 0.003 0.015 0 0.022 0 0.044;
0.47 0.012 0.017 0.064 0.012 0.003 0.003 0.103 0.007 0.017 0.019 0.009 0 0.001 0.009 0.136 0.001 0.005 0.002 0.004 0.001 0 0.004 0.027 0 0.008 0.009 0 0.01 0.003 0.004 0.004 0.001 0.001 0 0.034;0.47 0.012 0.017 0.019 0.009 0 0.001 0.009 0 0.01 0.064 0.012 0.003 0.003 0.009 0.136 0.001 0.005 0.003 0.004 0.004 0.001 0.004 0.008 0 0.027 0.103 0.007 0.017 0.002 0.004 0.001 0 0.001 0 0.034;0.47 0.019 0.009 0.064 0.009 0.003 0.004 0.103 0.002 0.001 0.012 0.009 0 0.001 0.012 0.136 0.004 0.008 0.007 0.004 0 0 0.003 0.027 0.001 0.005 0.017 0 0.01 0.003 0.001 0.004 0 0.017 0.001 0.034;
0.423 0.023 0.002 0.134 0.023 0.003 0.007 0.073 0.008 0.012 0.007 0.005 0 0 0.001 0.013 0 0.001 0.001 0.003 0.002 0 0.003 0.007 0.001 0.001 0.02 0 0.02 0.004 0.005 0.049 0.001 0.002 0.005 0.141;0.423 0.023 0.002 0.007 0.005 0 0 0.02 0 0.02 0.134 0.023 0.003 0.007 0.001 0.013 0 0.001 0.004 0.005 0.049 0.001 0.003 0.001 0.001 0.007 0.073 0.008 0.012 0.001 0.003 0.002 0 0.002 0.005 0.141;0.423 0.007 0.02 0.134 0.001 0.004 0.003 0.073 0.001 0.002 0.023 0.005 0 0 0.023 0.013 0.005 0.001 0.008 0.003 0.005 0 0.007 0.007 0.001 0.001 0.002 0 0.02 0.003 0 0.049 0.001 0.012 0.002 0.141;
0.436 0.001 0.027 0.091 0.011 0.007 0.004 0.097 0 0.015 0.008 0.015 0.004 0.003 0.002 0.152 0 0.016 0 0.008 0.003 0 0.001 0.026 0.001 0.006 0.015 0 0.006 0.007 0.003 0.004 0 0.002 0 0.029;0.436 0.001 0.027 0.008 0.015 0.004 0.003 0.015 0 0.006 0.091 0.011 0.007 0.004 0.002 0.152 0 0.016 0.007 0.003 0.004 0 0.001 0.006 0.001 0.026 0.097 0 0.015 0 0.008 0.003 0 0.002 0 0.029;0.436 0.008 0.015 0.091 0.002 0.007 0.001 0.097 0 0.002 0.001 0.015 0 0.003 0.011 0.152 0.003 0.006 0 0.008 0 0 0.004 0.026 0 0.016 0.027 0.004 0.006 0.007 0 0.004 0.001 0.015 0.003 0.029;
0.425 0.035 0.007 0.16 0.024 0.009 0.001 0.032 0.003 0.007 0.015 0.025 0.002 0.001 0.005 0.161 0.001 0.003 0.002 0.02 0.005 0 0.003 0.007 0.001 0.005 0.016 0.001 0.001 0.003 0.001 0.002 0 0 0.001 0.016;0.425 0.035 0.007 0.015 0.025 0.002 0.001 0.016 0.001 0.001 0.16 0.024 0.009 0.001 0.005 0.161 0.001 0.003 0.003 0.001 0.002 0 0.003 0.005 0.001 0.007 0.032 0.003 0.007 0.002 0.02 0.005 0 0 0.001 0.016;0.425 0.015 0.016 0.16 0.005 0.003 0.003 0.032 0.002 0 0.035 0.025 0.001 0.001 0.024 0.161 0.001 0.005 0.003 0.02 0.001 0 0.001 0.007 0 0.003 0.007 0.002 0.001 0.009 0.001 0.002 0.001 0.007 0.005 0.016;
0.464 0.022 0.001 0.169 0.014 0.004 0.002 0 0.004 0.011 0.008 0.019 0 0.002 0.001 0.138 0.001 0.001 0 0.034 0.001 0.004 0 0.001 0 0.006 0.022 0.002 0.001 0.007 0.003 0.014 0 0 0.001 0.043;0.464 0.022 0.001 0.008 0.019 0 0.002 0.022 0.002 0.001 0.169 0.014 0.004 0.002 0.001 0.138 0.001 0.001 0.007 0.003 0.014 0 0 0.006 0 0.001 0 0.004 0.011 0 0.034 0.001 0.004 0 0.001 0.043;0.464 0.008 0.022 0.169 0.001 0.007 0 0 0 0 0.022 0.019 0.002 0.002 0.014 0.138 0.003 0.006 0.004 0.034 0.001 0.004 0.002 0.001 0 0.001 0.001 0 0.001 0.004 0.001 0.014 0 0.011 0.001 0.043;
0.456 0.011 0.016 0.102 0.017 0.002 0.003 0.073 0.005 0.016 0.018 0.011 0.001 0 0.003 0.178 0.001 0.002 0.007 0.014 0.003 0 0 0.021 0 0.017 0.003 0.001 0.002 0 0.001 0.003 0.001 0.001 0 0.011;0.456 0.011 0.016 0.018 0.011 0.001 0 0.003 0.001 0.002 0.102 0.017 0.002 0.003 0.003 0.178 0.001 0.002 0 0.001 0.003 0.001 0 0.017 0 0.021 0.073 0.005 0.016 0.007 0.014 0.003 0 0.001 0 0.011;0.456 0.018 0.003 0.102 0.003 0 0 0.073 0.007 0.001 0.011 0.011 0.001 0 0.017 0.178 0.001 0.017 0.005 0.014 0 0 0.003 0.021 0.001 0.002 0.016 0.001 0.002 0.002 0.001 0.003 0 0.016 0.003 0.011;
0.465 0.022 0.003 0.096 0.009 0.002 0.006 0.059 0.002 0.018 0.016 0.013 0.001 0 0.006 0.102 0.003 0.005 0.002 0.011 0.003 0.001 0.004 0.012 0.004 0.003 0.01 0.002 0.004 0.003 0.004 0.025 0.001 0.002 0.007 0.074;0.465 0.022 0.003 0.016 0.013 0.001 0 0.01 0.002 0.004 0.096 0.009 0.002 0.006 0.006 0.102 0.003 0.005 0.003 0.004 0.025 0.001 0.004 0.003 0.004 0.012 0.059 0.002 0.018 0.002 0.011 0.003 0.001 0.002 0.007 0.074;0.465 0.016 0.01 0.096 0.006 0.003 0.004 0.059 0.002 0.002 0.022 0.013 0.002 0 0.009 0.102 0.004 0.003 0.002 0.011 0.007 0.001 0.006 0.012 0.001 0.005 0.003 0.001 0.004 0.002 0.003 0.025 0.004 0.018 0.003 0.074;
0.456 0.008 0.02 0.147 0.023 0.006 0.002 0.037 0.006 0.007 0.01 0.027 0 0.002 0.001 0.161 0.003 0.004 0 0.022 0.005 0.005 0.002 0.016 0 0.008 0.009 0.001 0.001 0.006 0.001 0.001 0 0 0 0.003;0.456 0.008 0.02 0.01 0.027 0 0.002 0.009 0.001 0.001 0.147 0.023 0.006 0.002 0.001 0.161 0.003 0.004 0.006 0.001 0.001 0 0.002 0.008 0 0.016 0.037 0.006 0.007 0 0.022 0.005 0.005 0 0 0.003;0.456 0.01 0.009 0.147 0.001 0.006 0.002 0.037 0 0 0.008 0.027 0.001 0.002 0.023 0.161 0.001 0.008 0.006 0.022 0 0.005 0.002 0.016 0 0.004 0.02 0 0.001 0.006 0.003 0.001 0 0.007 0.005 0.003;
0.462 0.001 0.022 0.157 0.008 0.013 0.001 0.007 0.002 0.022 0.006 0.01 0 0 0 0.08 0 0.006 0 0.02 0.002 0.002 0.004 0.002 0.002 0.003 0.017 0 0.002 0.008 0.003 0.034 0 0.007 0.001 0.096;0.462 0.001 0.022 0.006 0.01 0 0 0.017 0 0.002 0.157 0.008 0.013 0.001 0 0.08 0 0.006 0.008 0.003 0.034 0 0.004 0.003 0.002 0.002 0.007 0.002 0.022 0 0.02 0.002 0.002 0.007 0.001 0.096;0.462 0.006 0.017 0.157 0 0.008 0.004 0.007 0 0.007 0.001 0.01 0 0 0.008 0.08 0.003 0.003 0.002 0.02 0.001 0.002 0.001 0.002 0 0.006 0.022 0 0.002 0.013 0 0.034 0.002 0.022 0.002 0.096;
0.45 0.008 0.013 0.135 0.019 0.009 0.002 0.039 0.002 0.01 0.02 0.014 0.001 0.003 0.003 0.092 0.001 0.002 0.002 0.025 0.008 0.003 0.005 0.008 0 0.006 0.006 0 0.01 0.004 0.007 0.028 0.001 0.005 0 0.059;0.45 0.008 0.013 0.02 0.014 0.001 0.003 0.006 0 0.01 0.135 0.019 0.009 0.002 0.003 0.092 0.001 0.002 0.004 0.007 0.028 0.001 0.005 0.006 0 0.008 0.039 0.002 0.01 0.002 0.025 0.008 0.003 0.005 0 0.059;0.45 0.02 0.006 0.135 0.003 0.004 0.005 0.039 0.002 0.005 0.008 0.014 0 0.003 0.019 0.092 0.007 0.006 0.002 0.025 0 0.003 0.002 0.008 0.001 0.002 0.013 0.001 0.01 0.009 0.001 0.028 0 0.01 0.008 0.059;
0.435 0.019 0.002 0.081 0.019 0.004 0.007 0.1 0.009 0.007 0.013 0.004 0 0.001 0.001 0.092 0.002 0 0.002 0.014 0.003 0 0.002 0.022 0.003 0.005 0.018 0 0.028 0.005 0.005 0.011 0 0.005 0.004 0.077;0.435 0.019 0.002 0.013 0.004 0 0.001 0.018 0 0.028 0.081 0.019 0.004 0.007 0.001 0.092 0.002 0 0.005 0.005 0.011 0 0.002 0.005 0.003 0.022 0.1 0.009 0.007 0.002 0.014 0.003 0 0.005 0.004 0.077;0.435 0.013 0.018 0.081 0.001 0.005 0.002 0.1 0.002 0.005 0.019 0.004 0 0.001 0.019 0.092 0.005 0.005 0.009 0.014 0.004 0 0.007 0.022 0 0 0.002 0 0.028 0.004 0.002 0.011 0.003 0.007 0.003 0.077;
0.456 0.001 0.022 0.111 0.005 0.01 0.003 0.059 0.001 0.017 0.017 0.01 0.002 0 0 0.148 0 0.005 0.005 0.019 0.001 0 0.003 0.022 0.001 0.008 0.008 0 0.007 0.004 0.002 0.004 0.002 0.003 0 0.044;0.456 0.001 0.022 0.017 0.01 0.002 0 0.008 0 0.007 0.111 0.005 0.01 0.003 0 0.148 0 0.005 0.004 0.002 0.004 0.002 0.003 0.008 0.001 0.022 0.059 0.001 0.017 0.005 0.019 0.001 0 0.003 0 0.044;0.456 0.017 0.008 0.111 0 0.004 0.003 0.059 0.005 0.003 0.001 0.01 0 0 0.005 0.148 0.002 0.008 0.001 0.019 0 0 0.003 0.022 0.002 0.005 0.022 0.002 0.007 0.01 0 0.004 0.001 0.017 0.001 0.044;
0.467 0.007 0.01 0.164 0.014 0.01 0.002 0.001 0.004 0.017 0.005 0.013 0.001 0.001 0.002 0.085 0 0 0 0.019 0.002 0.002 0 0 0.002 0.005 0.015 0 0.002 0.007 0.002 0.04 0 0.003 0.002 0.096;0.467 0.007 0.01 0.005 0.013 0.001 0.001 0.015 0 0.002 0.164 0.014 0.01 0.002 0.002 0.085 0 0 0.007 0.002 0.04 0 0 0.005 0.002 0 0.001 0.004 0.017 0 0.019 0.002 0.002 0.003 0.002 0.096;0.467 0.005 0.015 0.164 0.002 0.007 0 0.001 0 0.003 0.007 0.013 0 0.001 0.014 0.085 0.002 0.005 0.004 0.019 0.002 0.002 0.002 0 0 0 0.01 0.001 0.002 0.01 0 0.04 0.002 0.017 0.002 0.096;
0.456 0.007 0.017 0.111 0.012 0.005 0.004 0.066 0.005 0.02 0.01 0.006 0 0 0.001 0.05 0.001 0.001 0.001 0.008 0.001 0.001 0 0.004 0.001 0.005 0.022 0.001 0.016 0.006 0.003 0.02 0.002 0.003 0.002 0.132;0.456 0.007 0.017 0.01 0.006 0 0 0.022 0.001 0.016 0.111 0.012 0.005 0.004 0.001 0.05 0.001 0.001 0.006 0.003 0.02 0.002 0 0.005 0.001 0.004 0.066 0.005 0.02 0.001 0.008 0.001 0.001 0.003 0.002 0.132;0.456 0.01 0.022 0.111 0.001 0.006 0 0.066 0.001 0.003 0.007 0.006 0.001 0 0.012 0.05 0.003 0.005 0.005 0.008 0.002 0.001 0.004 0.004 0.002 0.001 0.017 0 0.016 0.005 0.001 0.02 0.001 0.02 0.001 0.132;
0.463 0.017 0.014 0.151 0.022 0.005 0.003 0.011 0.003 0.013 0.027 0.013 0.001 0.001 0 0.076 0 0 0 0.017 0.003 0.001 0.002 0.006 0.002 0.003 0.004 0.001 0.004 0.001 0.002 0.032 0.001 0 0.006 0.095;0.463 0.017 0.014 0.027 0.013 0.001 0.001 0.004 0.001 0.004 0.151 0.022 0.005 0.003 0 0.076 0 0 0.001 0.002 0.032 0.001 0.002 0.003 0.002 0.006 0.011 0.003 0.013 0 0.017 0.003 0.001 0 0.006 0.095;0.463 0.027 0.004 0.151 0 0.001 0.002 0.011 0 0 0.017 0.013 0.001 0.001 0.022 0.076 0.002 0.003 0.003 0.017 0.006 0.001 0.003 0.006 0.001 0 0.014 0.001 0.004 0.005 0 0.032 0.002 0.013 0.003 0.095;
0.478 0.012 0.009 0.14 0.017 0.011 0.005 0.009 0.001 0.025 0.009 0.012 0 0.001 0.003 0.053 0.003 0 0 0.007 0.004 0.001 0.002 0.003 0.001 0.002 0.015 0 0.002 0.005 0.007 0.034 0.002 0.002 0.003 0.122;0.478 0.012 0.009 0.009 0.012 0 0.001 0.015 0 0.002 0.14 0.017 0.011 0.005 0.003 0.053 0.003 0 0.005 0.007 0.034 0.002 0.002 0.002 0.001 0.003 0.009 0.001 0.025 0 0.007 0.004 0.001 0.002 0.003 0.122;0.478 0.009 0.015 0.14 0.003 0.005 0.002 0.009 0 0.002 0.012 0.012 0 0.001 0.017 0.053 0.007 0.002 0.001 0.007 0.003 0.001 0.005 0.003 0.002 0 0.009 0 0.002 0.011 0.003 0.034 0.001 0.025 0.004 0.122;
0.428 0.031 0.003 0.152 0.021 0.005 0.007 0.024 0.008 0.002 0.014 0.021 0 0.001 0.009 0.135 0.006 0 0.004 0.027 0.004 0 0.005 0.007 0.002 0.003 0.005 0.001 0.001 0.001 0.004 0.022 0 0.001 0 0.046;0.428 0.031 0.003 0.014 0.021 0 0.001 0.005 0.001 0.001 0.152 0.021 0.005 0.007 0.009 0.135 0.006 0 0.001 0.004 0.022 0 0.005 0.003 0.002 0.007 0.024 0.008 0.002 0.004 0.027 0.004 0 0.001 0 0.046;0.428 0.014 0.005 0.152 0.009 0.001 0.005 0.024 0.004 0.001 0.031 0.021 0.001 0.001 0.021 0.135 0.004 0.003 0.008 0.027 0 0 0.007 0.007 0 0 0.003 0 0.001 0.005 0.006 0.022 0.002 0.002 0.004 0.046;
0.478 0.01 0.015 0.145 0.01 0.009 0.001 0.027 0.002 0.028 0.018 0.002 0.002 0 0.006 0.007 0 0 0.002 0 0.01 0 0.004 0.001 0.002 0 0.007 0.002 0.008 0.003 0.003 0.049 0.001 0.006 0.005 0.137;0.478 0.01 0.015 0.018 0.002 0.002 0 0.007 0.002 0.008 0.145 0.01 0.009 0.001 0.006 0.007 0 0 0.003 0.003 0.049 0.001 0.004 0 0.002 0.001 0.027 0.002 0.028 0.002 0 0.01 0 0.006 0.005 0.137;0.478 0.018 0.007 0.145 0.006 0.003 0.004 0.027 0.002 0.006 0.01 0.002 0.002 0 0.01 0.007 0.003 0 0.002 0 0.005 0 0.001 0.001 0.001 0 0.015 0.002 0.008 0.009 0 0.049 0.002 0.028 0.01 0.137;
0.432 0.007 0.011 0.158 0.018 0.008 0.004 0.025 0.005 0.013 0.012 0.022 0.002 0.003 0.005 0.14 0.004 0.001 0.001 0.029 0.004 0.001 0.003 0.007 0 0.006 0.007 0.001 0 0.002 0.004 0.021 0 0 0.002 0.042;0.432 0.007 0.011 0.012 0.022 0.002 0.003 0.007 0.001 0 0.158 0.018 0.008 0.004 0.005 0.14 0.004 0.001 0.002 0.004 0.021 0 0.003 0.006 0 0.007 0.025 0.005 0.013 0.001 0.029 0.004 0.001 0 0.002 0.042;0.432 0.012 0.007 0.158 0.005 0.002 0.003 0.025 0.001 0 0.007 0.022 0.001 0.003 0.018 0.14 0.004 0.006 0.005 0.029 0.002 0.001 0.004 0.007 0 0.001 0.011 0.002 0 0.008 0.004 0.021 0 0.013 0.004 0.042;
0.46 0.008 0.015 0.061 0.012 0.006 0.006 0.108 0.004 0.026 0.006 0.003 0 0.001 0 0.025 0 0.001 0 0.001 0.008 0 0 0.006 0.001 0.001 0.017 0.002 0.043 0.002 0.004 0.016 0.001 0.009 0.002 0.145;0.46 0.008 0.015 0.006 0.003 0 0.001 0.017 0.002 0.043 0.061 0.012 0.006 0.006 0 0.025 0 0.001 0.002 0.004 0.016 0.001 0 0.001 0.001 0.006 0.108 0.004 0.026 0 0.001 0.008 0 0.009 0.002 0.145;0.46 0.006 0.017 0.061 0 0.002 0 0.108 0 0.009 0.008 0.003 0.002 0.001 0.012 0.025 0.004 0.001 0.004 0.001 0.002 0 0.006 0.006 0.001 0.001 0.015 0 0.043 0.006 0 0.016 0.001 0.026 0.008 0.145;
0.447 0.015 0.013 0.159 0.007 0.008 0.004 0.016 0.003 0.021 0.008 0.007 0 0 0.004 0.028 0 0 0 0.007 0.002 0 0.002 0.005 0 0.004 0.019 0 0.005 0.005 0.002 0.058 0.001 0.004 0.002 0.144;0.447 0.015 0.013 0.008 0.007 0 0 0.019 0 0.005 0.159 0.007 0.008 0.004 0.004 0.028 0 0 0.005 0.002 0.058 0.001 0.002 0.004 0 0.005 0.016 0.003 0.021 0 0.007 0.002 0 0.004 0.002 0.144;0.447 0.008 0.019 0.159 0.004 0.005 0.002 0.016 0 0.004 0.015 0.007 0 0 0.007 0.028 0.002 0.004 0.003 0.007 0.002 0 0.004 0.005 0.001 0 0.013 0 0.005 0.008 0 0.058 0 0.021 0.002 0.144;
0.446 0.023 0.007 0.092 0.006 0.003 0.005 0.092 0.01 0.02 0.018 0.003 0 0.002 0.002 0.055 0.001 0 0.003 0.003 0.006 0.001 0.004 0.008 0 0.002 0.009 0.001 0.023 0.002 0.007 0.021 0.001 0.001 0.009 0.114;0.446 0.023 0.007 0.018 0.003 0 0.002 0.009 0.001 0.023 0.092 0.006 0.003 0.005 0.002 0.055 0.001 0 0.002 0.007 0.021 0.001 0.004 0.002 0 0.008 0.092 0.01 0.02 0.003 0.003 0.006 0.001 0.001 0.009 0.114;0.446 0.018 0.009 0.092 0.002 0.002 0.004 0.092 0.003 0.001 0.023 0.003 0.001 0.002 0.006 0.055 0.007 0.002 0.01 0.003 0.009 0.001 0.005 0.008 0.001 0 0.007 0 0.023 0.003 0.001 0.021 0 0.02 0.006 0.114;
0.423 0.001 0.02 0.135 0.022 0.009 0.003 0.07 0.001 0.017 0.01 0.011 0.001 0.001 0.003 0.079 0.001 0.004 0.002 0.014 0.004 0.002 0.001 0.009 0 0.002 0.015 0 0.009 0.004 0.004 0.032 0.001 0.004 0 0.086;0.423 0.001 0.02 0.01 0.011 0.001 0.001 0.015 0 0.009 0.135 0.022 0.009 0.003 0.003 0.079 0.001 0.004 0.004 0.004 0.032 0.001 0.001 0.002 0 0.009 0.07 0.001 0.017 0.002 0.014 0.004 0.002 0.004 0 0.086;0.423 0.01 0.015 0.135 0.003 0.004 0.001 0.07 0.002 0.004 0.001 0.011 0 0.001 0.022 0.079 0.004 0.002 0.001 0.014 0 0.002 0.003 0.009 0.001 0.004 0.02 0.001 0.009 0.009 0.001 0.032 0 0.017 0.004 0.086;
0.458 0.022 0.01 0.125 0.013 0.008 0.001 0.047 0.005 0.016 0.007 0.007 0.001 0.001 0.002 0.053 0.003 0.001 0.002 0.01 0.008 0.001 0.001 0.002 0.001 0.004 0.021 0.001 0.011 0.004 0.002 0.038 0 0.007 0.004 0.103;0.458 0.022 0.01 0.007 0.007 0.001 0.001 0.021 0.001 0.011 0.125 0.013 0.008 0.001 0.002 0.053 0.003 0.001 0.004 0.002 0.038 0 0.001 0.004 0.001 0.002 0.047 0.005 0.016 0.002 0.01 0.008 0.001 0.007 0.004 0.103;0.458 0.007 0.021 0.125 0.002 0.004 0.001 0.047 0.002 0.007 0.022 0.007 0.001 0.001 0.013 0.053 0.002 0.004 0.005 0.01 0.004 0.001 0.001 0.002 0 0.001 0.01 0.001 0.011 0.008 0.003 0.038 0.001 0.016 0.008 0.103;
0.465 0.011 0.015 0.166 0.011 0.013 0 0.027 0.001 0.011 0.017 0.028 0.002 0.002 0.003 0.116 0.002 0.004 0.001 0.026 0.003 0.003 0.009 0.009 0 0.003 0.002 0.002 0.003 0 0.007 0.009 0 0.001 0.002 0.026;0.465 0.011 0.015 0.017 0.028 0.002 0.002 0.002 0.002 0.003 0.166 0.011 0.013 0 0.003 0.116 0.002 0.004 0 0.007 0.009 0 0.009 0.003 0 0.009 0.027 0.001 0.011 0.001 0.026 0.003 0.003 0.001 0.002 0.026;0.465 0.017 0.002 0.166 0.003 0 0.009 0.027 0.001 0.001 0.011 0.028 0.002 0.002 0.011 0.116 0.007 0.003 0.001 0.026 0.002 0.003 0 0.009 0 0.004 0.015 0.002 0.003 0.013 0.002 0.009 0 0.011 0.003 0.026;
0.462 0.02 0.012 0.04 0.014 0.001 0.007 0.113 0.003 0.011 0.004 0.006 0.001 0 0.001 0.129 0.002 0.008 0.005 0.012 0.005 0 0.001 0.029 0.001 0.004 0.017 0.002 0.016 0 0.004 0.005 0 0.009 0.001 0.055;0.462 0.02 0.012 0.004 0.006 0.001 0 0.017 0.002 0.016 0.04 0.014 0.001 0.007 0.001 0.129 0.002 0.008 0 0.004 0.005 0 0.001 0.004 0.001 0.029 0.113 0.003 0.011 0.005 0.012 0.005 0 0.009 0.001 0.055;0.462 0.004 0.017 0.04 0.001 0 0.001 0.113 0.005 0.009 0.02 0.006 0.002 0 0.014 0.129 0.004 0.004 0.003 0.012 0.001 0 0.007 0.029 0 0.008 0.012 0.001 0.016 0.001 0.002 0.005 0.001 0.011 0.005 0.055;
0.476 0.02 0.005 0.045 0.014 0.006 0.003 0.111 0.004 0.014 0.022 0.011 0.001 0.001 0.004 0.139 0.005 0.001 0.009 0.014 0.006 0 0.002 0.027 0.001 0.004 0.006 0 0.008 0 0.003 0.003 0 0.003 0 0.032;0.476 0.02 0.005 0.022 0.011 0.001 0.001 0.006 0 0.008 0.045 0.014 0.006 0.003 0.004 0.139 0.005 0.001 0 0.003 0.003 0 0.002 0.004 0.001 0.027 0.111 0.004 0.014 0.009 0.014 0.006 0 0.003 0 0.032;0.476 0.022 0.006 0.045 0.004 0 0.002 0.111 0.009 0.003 0.02 0.011 0 0.001 0.014 0.139 0.003 0.004 0.004 0.014 0 0 0.003 0.027 0 0.001 0.005 0.001 0.008 0.006 0.005 0.003 0.001 0.014 0.006 0.032;
0.477 0.003 0.024 0.011 0.019 0 0.004 0.123 0.004 0.02 0.013 0.002 0.002 0 0.002 0.182 0 0.009 0 0.001 0.001 0 0.001 0.062 0.001 0.009 0.021 0 0.002 0 0.003 0 0 0.004 0 0;0.477 0.003 0.024 0.013 0.002 0.002 0 0.021 0 0.002 0.011 0.019 0 0.004 0.002 0.182 0 0.009 0 0.003 0 0 0.001 0.009 0.001 0.062 0.123 0.004 0.02 0 0.001 0.001 0 0.004 0 0;0.477 0.013 0.021 0.011 0.002 0 0.001 0.123 0 0.004 0.003 0.002 0 0 0.019 0.182 0.003 0.009 0.004 0.001 0 0 0.004 0.062 0 0.009 0.024 0.002 0.002 0 0 0 0.001 0.02 0.001 0;
0.446 0.02 0.005 0.114 0.015 0.005 0.003 0.049 0.002 0.014 0.005 0.023 0.001 0.002 0.004 0.132 0.002 0.001 0.001 0.021 0.003 0.004 0 0.02 0 0.018 0.032 0 0.005 0.009 0 0.01 0.001 0.002 0.002 0.029;0.446 0.02 0.005 0.005 0.023 0.001 0.002 0.032 0 0.005 0.114 0.015 0.005 0.003 0.004 0.132 0.002 0.001 0.009 0 0.01 0.001 0 0.018 0 0.02 0.049 0.002 0.014 0.001 0.021 0.003 0.004 0.002 0.002 0.029;0.446 0.005 0.032 0.114 0.004 0.009 0 0.049 0.001 0.002 0.02 0.023 0 0.002 0.015 0.132 0 0.018 0.002 0.021 0.002 0.004 0.003 0.02 0.001 0.001 0.005 0.001 0.005 0.005 0.002 0.01 0 0.014 0.003 0.029;
0.44 0.032 0.002 0.172 0.015 0.004 0.001 0.006 0.002 0.013 0.018 0.02 0 0.001 0.006 0.113 0.002 0 0.001 0.019 0.005 0 0.005 0.001 0.001 0.007 0.003 0 0 0.002 0.002 0.028 0.002 0.001 0.005 0.071;0.44 0.032 0.002 0.018 0.02 0 0.001 0.003 0 0 0.172 0.015 0.004 0.001 0.006 0.113 0.002 0 0.002 0.002 0.028 0.002 0.005 0.007 0.001 0.001 0.006 0.002 0.013 0.001 0.019 0.005 0 0.001 0.005 0.071;0.44 0.018 0.003 0.172 0.006 0.002 0.005 0.006 0.001 0.001 0.032 0.02 0 0.001 0.015 0.113 0.002 0.007 0.002 0.019 0.005 0 0.001 0.001 0.002 0 0.002 0 0 0.004 0.002 0.028 0.001 0.013 0.005 0.071;
0.43 0.024 0.007 0.088 0.013 0.001 0.004 0.109 0.003 0.018 0.019 0.012 0.003 0.001 0.002 0.169 0.001 0.002 0.001 0.013 0.002 0.003 0.002 0.032 0.001 0.008 0.015 0 0 0.006 0.002 0.001 0.001 0.002 0 0.005;0.43 0.024 0.007 0.019 0.012 0.003 0.001 0.015 0 0 0.088 0.013 0.001 0.004 0.002 0.169 0.001 0.002 0.006 0.002 0.001 0.001 0.002 0.008 0.001 0.032 0.109 0.003 0.018 0.001 0.013 0.002 0.003 0.002 0 0.005;0.43 0.019 0.015 0.088 0.002 0.006 0.002 0.109 0.001 0.002 0.024 0.012 0 0.001 0.013 0.169 0.002 0.008 0.003 0.013 0 0.003 0.004 0.032 0.001 0.002 0.007 0.003 0 0.001 0.001 0.001 0.001 0.018 0.002 0.005;
0.47 0.008 0.025 0.052 0.007 0.007 0 0.1 0.002 0.022 0.02 0.007 0.002 0.001 0.001 0.091 0 0.006 0.002 0.003 0 0 0.001 0.02 0 0.005 0.01 0 0.021 0.002 0.003 0.007 0.002 0.009 0.001 0.093;0.47 0.008 0.025 0.02 0.007 0.002 0.001 0.01 0 0.021 0.052 0.007 0.007 0 0.001 0.091 0 0.006 0.002 0.003 0.007 0.002 0.001 0.005 0 0.02 0.1 0.002 0.022 0.002 0.003 0 0 0.009 0.001 0.093;0.47 0.02 0.01 0.052 0.001 0.002 0.001 0.1 0.002 0.009 0.008 0.007 0 0.001 0.007 0.091 0.003 0.005 0.002 0.003 0.001 0 0 0.02 0.002 0.006 0.025 0.002 0.021 0.007 0 0.007 0 0.022 0 0.093;
0.48 0.01 0.013 0.006 0.014 0 0.005 0.152 0.002 0.015 0.02 0.004 0.002 0 0 0.183 0.002 0.005 0.007 0.002 0.007 0 0.001 0.049 0 0.006 0.005 0 0.003 0 0.002 0 0.001 0.002 0 0.002;0.48 0.01 0.013 0.02 0.004 0.002 0 0.005 0 0.003 0.006 0.014 0 0.005 0 0.183 0.002 0.005 0 0.002 0 0.001 0.001 0.006 0 0.049 0.152 0.002 0.015 0.007 0.002 0.007 0 0.002 0 0.002;0.48 0.02 0.005 0.006 0 0 0.001 0.152 0.007 0.002 0.01 0.004 0 0 0.014 0.183 0.002 0.006 0.002 0.002 0 0 0.005 0.049 0.001 0.005 0.013 0.002 0.003 0 0.002 0 0 0.015 0.007 0.002;
0.472 0.02 0.003 0.021 0.018 0.003 0.006 0.14 0.008 0.007 0.02 0.002 0.002 0 0.003 0.163 0.001 0.003 0.011 0.005 0.005 0 0.002 0.053 0.001 0.005 0.004 0 0.003 0 0.007 0 0.002 0 0 0.01;0.472 0.02 0.003 0.02 0.002 0.002 0 0.004 0 0.003 0.021 0.018 0.003 0.006 0.003 0.163 0.001 0.003 0 0.007 0 0.002 0.002 0.005 0.001 0.053 0.14 0.008 0.007 0.011 0.005 0.005 0 0 0 0.01;0.472 0.02 0.004 0.021 0.003 0 0.002 0.14 0.011 0 0.02 0.002 0 0 0.018 0.163 0.007 0.005 0.008 0.005 0 0 0.006 0.053 0.002 0.003 0.003 0.002 0.003 0.003 0.001 0 0.001 0.007 0.005 0.01;
0.466 0.009 0.013 0.128 0.007 0.013 0 0.024 0.002 0.024 0.015 0.022 0 0.003 0.004 0.117 0 0.004 0.003 0.022 0 0.001 0.001 0.017 0 0.008 0.01 0 0.003 0.004 0.002 0.014 0.001 0.004 0.002 0.057;0.466 0.009 0.013 0.015 0.022 0 0.003 0.01 0 0.003 0.128 0.007 0.013 0 0.004 0.117 0 0.004 0.004 0.002 0.014 0.001 0.001 0.008 0 0.017 0.024 0.002 0.024 0.003 0.022 0 0.001 0.004 0.002 0.057;0.466 0.015 0.01 0.128 0.004 0.004 0.001 0.024 0.003 0.004 0.009 0.022 0 0.003 0.007 0.117 0.002 0.008 0.002 0.022 0.002 0.001 0 0.017 0.001 0.004 0.013 0 0.003 0.013 0 0.014 0 0.024 0 0.057;
0.447 0.014 0.016 0.11 0.019 0.008 0.002 0.069 0.002 0.006 0.012 0.014 0 0.001 0.003 0.158 0 0.001 0.004 0.011 0.003 0.001 0.004 0.024 0 0.002 0.003 0 0.005 0.001 0.003 0.012 0.001 0.005 0 0.039;0.447 0.014 0.016 0.012 0.014 0 0.001 0.003 0 0.005 0.11 0.019 0.008 0.002 0.003 0.158 0 0.001 0.001 0.003 0.012 0.001 0.004 0.002 0 0.024 0.069 0.002 0.006 0.004 0.011 0.003 0.001 0.005 0 0.039;0.447 0.012 0.003 0.11 0.003 0.001 0.004 0.069 0.004 0.005 0.014 0.014 0 0.001 0.019 0.158 0.003 0.002 0.002 0.011 0 0.001 0.002 0.024 0.001 0.001 0.016 0 0.005 0.008 0 0.012 0 0.006 0.003 0.039;
0.441 0.015 0.013 0.179 0.021 0.009 0.002 0 0.002 0.009 0.023 0.037 0.001 0.004 0.006 0.136 0.001 0.004 0.002 0.023 0.004 0.002 0.004 0 0.003 0.005 0.002 0.001 0 0.001 0.003 0.014 0 0.001 0.001 0.031;0.441 0.015 0.013 0.023 0.037 0.001 0.004 0.002 0.001 0 0.179 0.021 0.009 0.002 0.006 0.136 0.001 0.004 0.001 0.003 0.014 0 0.004 0.005 0.003 0 0 0.002 0.009 0.002 0.023 0.004 0.002 0.001 0.001 0.031;0.441 0.023 0.002 0.179 0.006 0.001 0.004 0 0.002 0.001 0.015 0.037 0.001 0.004 0.021 0.136 0.003 0.005 0.002 0.023 0.001 0.002 0.002 0 0 0.004 0.013 0.001 0 0.009 0.001 0.014 0.003 0.009 0.004 0.031;
0.451 0.011 0.017 0.122 0.011 0.007 0.001 0.067 0.003 0.009 0.02 0.027 0.001 0.001 0.003 0.139 0.001 0.01 0.001 0.023 0.003 0 0.001 0.019 0 0.004 0.006 0.001 0.001 0.002 0.006 0.003 0.002 0 0 0.027;0.451 0.011 0.017 0.02 0.027 0.001 0.001 0.006 0.001 0.001 0.122 0.011 0.007 0.001 0.003 0.139 0.001 0.01 0.002 0.006 0.003 0.002 0.001 0.004 0 0.019 0.067 0.003 0.009 0.001 0.023 0.003 0 0 0 0.027;0.451 0.02 0.006 0.122 0.003 0.002 0.001 0.067 0.001 0 0.011 0.027 0.001 0.001 0.011 0.139 0.006 0.004 0.003 0.023 0 0 0.001 0.019 0.002 0.01 0.017 0.001 0.001 0.007 0.001 0.003 0 0.009 0.003 0.027;
0.475 0.017 0.008 0.053 0.004 0.003 0.001 0.114 0.008 0.025 0 0 0.001 0 0 0.033 0.001 0 0 0.001 0 0 0 0.008 0 0.004 0.027 0.001 0.036 0.002 0.003 0.013 0 0.007 0.006 0.149;0.475 0.017 0.008 0 0 0.001 0 0.027 0.001 0.036 0.053 0.004 0.003 0.001 0 0.033 0.001 0 0.002 0.003 0.013 0 0 0.004 0 0.008 0.114 0.008 0.025 0 0.001 0 0 0.007 0.006 0.149;0.475 0 0.027 0.053 0 0.002 0 0.114 0 0.007 0.017 0 0.001 0 0.004 0.033 0.003 0.004 0.008 0.001 0.006 0 0.001 0.008 0 0 0.008 0.001 0.036 0.003 0.001 0.013 0 0.025 0 0.149;
0.439 0.009 0.013 0.061 0.012 0.006 0.006 0.123 0.002 0.019 0.01 0.006 0 0.001 0.004 0.099 0.001 0.003 0.001 0.005 0.007 0 0.001 0.02 0.002 0.009 0.019 0.002 0.018 0.003 0.002 0.013 0 0.001 0.002 0.081;0.439 0.009 0.013 0.01 0.006 0 0.001 0.019 0.002 0.018 0.061 0.012 0.006 0.006 0.004 0.099 0.001 0.003 0.003 0.002 0.013 0 0.001 0.009 0.002 0.02 0.123 0.002 0.019 0.001 0.005 0.007 0 0.001 0.002 0.081;0.439 0.01 0.019 0.061 0.004 0.003 0.001 0.123 0.001 0.001 0.009 0.006 0.002 0.001 0.012 0.099 0.002 0.009 0.002 0.005 0.002 0 0.006 0.02 0 0.003 0.013 0 0.018 0.006 0.001 0.013 0.002 0.019 0.007 0.081;
0.476 0.013 0.015 0.116 0.016 0.011 0.003 0.024 0.003 0.016 0.008 0.013 0.001 0.001 0.004 0.115 0.003 0.003 0 0.015 0.003 0.004 0 0.006 0 0.006 0.014 0.001 0.003 0.008 0.002 0.018 0.002 0.003 0 0.074;0.476 0.013 0.015 0.008 0.013 0.001 0.001 0.014 0.001 0.003 0.116 0.016 0.011 0.003 0.004 0.115 0.003 0.003 0.008 0.002 0.018 0.002 0 0.006 0 0.006 0.024 0.003 0.016 0 0.015 0.003 0.004 0.003 0 0.074;0.476 0.008 0.014 0.116 0.004 0.008 0 0.024 0 0.003 0.013 0.013 0.001 0.001 0.016 0.115 0.002 0.006 0.003 0.015 0 0.004 0.003 0.006 0.002 0.003 0.015 0.001 0.003 0.011 0.003 0.018 0 0.016 0.003 0.074;
0.454 0.005 0.026 0.102 0.016 0.004 0.002 0.063 0.003 0.014 0.008 0.008 0.001 0.001 0 0.17 0 0.007 0.002 0.021 0 0 0.002 0.016 0 0.01 0.022 0.001 0.003 0 0.002 0.005 0 0.005 0 0.027;0.454 0.005 0.026 0.008 0.008 0.001 0.001 0.022 0.001 0.003 0.102 0.016 0.004 0.002 0 0.17 0 0.007 0 0.002 0.005 0 0.002 0.01 0 0.016 0.063 0.003 0.014 0.002 0.021 0 0 0.005 0 0.027;0.454 0.008 0.022 0.102 0 0 0.002 0.063 0.002 0.005 0.005 0.008 0.001 0.001 0.016 0.17 0.002 0.01 0.003 0.021 0 0 0.002 0.016 0 0.007 0.026 0.001 0.003 0.004 0 0.005 0 0.014 0 0.027;
0.465 0.001 0.022 0.151 0.018 0.012 0.001 0.022 0.001 0.013 0.013 0.023 0.001 0.002 0.001 0.14 0 0.007 0.001 0.024 0 0 0.002 0.004 0.001 0.014 0.01 0.002 0.001 0.005 0.003 0.007 0.001 0 0 0.032;0.465 0.001 0.022 0.013 0.023 0.001 0.002 0.01 0.002 0.001 0.151 0.018 0.012 0.001 0.001 0.14 0 0.007 0.005 0.003 0.007 0.001 0.002 0.014 0.001 0.004 0.022 0.001 0.013 0.001 0.024 0 0 0 0 0.032;0.465 0.013 0.01 0.151 0.001 0.005 0.002 0.022 0.001 0 0.001 0.023 0.002 0.002 0.018 0.14 0.003 0.014 0.001 0.024 0 0 0.001 0.004 0.001 0.007 0.022 0.001 0.001 0.012 0 0.007 0.001 0.013 0 0.032;
0.438 0.01 0.013 0.131 0.012 0.006 0.012 0.052 0.003 0.014 0.01 0.017 0.001 0.002 0.002 0.135 0.005 0.005 0.001 0.022 0.003 0.002 0.001 0.017 0.001 0.008 0.013 0.002 0.003 0.004 0.004 0.017 0 0.003 0.001 0.03;0.438 0.01 0.013 0.01 0.017 0.001 0.002 0.013 0.002 0.003 0.131 0.012 0.006 0.012 0.002 0.135 0.005 0.005 0.004 0.004 0.017 0 0.001 0.008 0.001 0.017 0.052 0.003 0.014 0.001 0.022 0.003 0.002 0.003 0.001 0.03;0.438 0.01 0.013 0.131 0.002 0.004 0.001 0.052 0.001 0.003 0.01 0.017 0.002 0.002 0.012 0.135 0.004 0.008 0.003 0.022 0.001 0.002 0.012 0.017 0 0.005 0.013 0.001 0.003 0.006 0.005 0.017 0.001 0.014 0.003 0.03;
0.491 0.019 0.008 0.137 0.011 0.007 0.003 0.029 0.005 0.015 0.006 0.008 0.002 0.002 0 0.056 0.002 0.001 0 0.007 0.002 0.001 0.001 0.002 0 0.001 0.021 0 0.004 0.008 0.005 0.038 0.002 0.001 0.005 0.1;0.491 0.019 0.008 0.006 0.008 0.002 0.002 0.021 0 0.004 0.137 0.011 0.007 0.003 0 0.056 0.002 0.001 0.008 0.005 0.038 0.002 0.001 0.001 0 0.002 0.029 0.005 0.015 0 0.007 0.002 0.001 0.001 0.005 0.1;0.491 0.006 0.021 0.137 0 0.008 0.001 0.029 0 0.001 0.019 0.008 0 0.002 0.011 0.056 0.005 0.001 0.005 0.007 0.005 0.001 0.003 0.002 0.002 0.001 0.008 0.002 0.004 0.007 0.002 0.038 0 0.015 0.002 0.1;
0.447 0.021 0.011 0.142 0.033 0.002 0.004 0.036 0.006 0.005 0.016 0.012 0.001 0 0.005 0.1 0.001 0.002 0 0.014 0.005 0 0.006 0.003 0.002 0.001 0.003 0.001 0.004 0.002 0.008 0.024 0.002 0 0.002 0.079;0.447 0.021 0.011 0.016 0.012 0.001 0 0.003 0.001 0.004 0.142 0.033 0.002 0.004 0.005 0.1 0.001 0.002 0.002 0.008 0.024 0.002 0.006 0.001 0.002 0.003 0.036 0.006 0.005 0 0.014 0.005 0 0 0.002 0.079;0.447 0.016 0.003 0.142 0.005 0.002 0.006 0.036 0 0 0.021 0.012 0.001 0 0.033 0.1 0.008 0.001 0.006 0.014 0.002 0 0.004 0.003 0.002 0.002 0.011 0.001 0.004 0.002 0.001 0.024 0.002 0.005 0.005 0.079;
0.464 0.017 0.007 0.095 0.022 0.003 0.003 0.07 0.002 0.009 0.006 0.015 0 0.002 0.002 0.141 0.002 0.002 0.001 0.015 0.004 0.001 0.004 0.019 0.001 0.007 0.013 0.002 0.011 0.004 0.004 0.011 0.001 0.003 0 0.037;0.464 0.017 0.007 0.006 0.015 0 0.002 0.013 0.002 0.011 0.095 0.022 0.003 0.003 0.002 0.141 0.002 0.002 0.004 0.004 0.011 0.001 0.004 0.007 0.001 0.019 0.07 0.002 0.009 0.001 0.015 0.004 0.001 0.003 0 0.037;0.464 0.006 0.013 0.095 0.002 0.004 0.004 0.07 0.001 0.003 0.017 0.015 0.002 0.002 0.022 0.141 0.004 0.007 0.002 0.015 0 0.001 0.003 0.019 0.001 0.002 0.007 0 0.011 0.003 0.002 0.011 0.001 0.009 0.004 0.037;
0.424 0.006 0.023 0.15 0.024 0.018 0.005 0.014 0.004 0.007 0.009 0.026 0 0.001 0.002 0.139 0.002 0.005 0 0.027 0.003 0.002 0.002 0.001 0.001 0.012 0.02 0 0.006 0.005 0.006 0.017 0 0 0.001 0.038;0.424 0.006 0.023 0.009 0.026 0 0.001 0.02 0 0.006 0.15 0.024 0.018 0.005 0.002 0.139 0.002 0.005 0.005 0.006 0.017 0 0.002 0.012 0.001 0.001 0.014 0.004 0.007 0 0.027 0.003 0.002 0 0.001 0.038;0.424 0.009 0.02 0.15 0.002 0.005 0.002 0.014 0 0 0.006 0.026 0 0.001 0.024 0.139 0.006 0.012 0.004 0.027 0.001 0.002 0.005 0.001 0 0.005 0.023 0 0.006 0.018 0.002 0.017 0.001 0.007 0.003 0.038];