pntP=[0.325 0.123 0.056 0.11 0.037 0.134 0.017 0.031 0.009 0.066 0.014 0.012 0.004 0.05 0.012;0.325 0.123 0.134 0.017 0.031 0.056 0.11 0.037 0.009 0.066 0.014 0.012 0.05 0.004 0.012;0.325 0.134 0.056 0.009 0.012 0.123 0.017 0.031 0.11 0.066 0.05 0.037 0.004 0.014 0.012;
0.318 0.122 0.042 0.14 0.051 0.113 0.02 0.028 0.013 0.044 0.018 0.012 0.013 0.057 0.009;0.318 0.122 0.113 0.02 0.028 0.042 0.14 0.051 0.013 0.044 0.018 0.012 0.057 0.013 0.009;0.318 0.113 0.042 0.013 0.012 0.122 0.02 0.028 0.14 0.044 0.057 0.051 0.013 0.018 0.009;
0.325 0.119 0.055 0.142 0.047 0.13 0.016 0.029 0.007 0.047 0.012 0.016 0.01 0.038 0.007;0.325 0.119 0.13 0.016 0.029 0.055 0.142 0.047 0.007 0.047 0.012 0.016 0.038 0.01 0.007;0.325 0.13 0.055 0.007 0.016 0.119 0.016 0.029 0.142 0.047 0.038 0.047 0.01 0.012 0.007;
0.351 0.13 0.048 0.126 0.046 0.121 0.011 0.026 0.008 0.056 0.013 0.008 0.007 0.041 0.008;0.351 0.13 0.121 0.011 0.026 0.048 0.126 0.046 0.008 0.056 0.013 0.008 0.041 0.007 0.008;0.351 0.121 0.048 0.008 0.008 0.13 0.011 0.026 0.126 0.056 0.041 0.046 0.007 0.013 0.008;
0.326 0.131 0.054 0.126 0.042 0.116 0.018 0.035 0.014 0.055 0.019 0.014 0.005 0.038 0.007;0.326 0.131 0.116 0.018 0.035 0.054 0.126 0.042 0.014 0.055 0.019 0.014 0.038 0.005 0.007;0.326 0.116 0.054 0.014 0.014 0.131 0.018 0.035 0.126 0.055 0.038 0.042 0.005 0.019 0.007;
0.355 0.094 0.05 0.121 0.045 0.141 0.013 0.022 0.012 0.058 0.015 0.014 0.012 0.043 0.005;0.355 0.094 0.141 0.013 0.022 0.05 0.121 0.045 0.012 0.058 0.015 0.014 0.043 0.012 0.005;0.355 0.141 0.05 0.012 0.014 0.094 0.013 0.022 0.121 0.058 0.043 0.045 0.012 0.015 0.005;
0.337 0.112 0.054 0.133 0.038 0.123 0.017 0.036 0.017 0.046 0.016 0.013 0.007 0.039 0.012;0.337 0.112 0.123 0.017 0.036 0.054 0.133 0.038 0.017 0.046 0.016 0.013 0.039 0.007 0.012;0.337 0.123 0.054 0.017 0.013 0.112 0.017 0.036 0.133 0.046 0.039 0.038 0.007 0.016 0.012;
0.342 0.12 0.059 0.116 0.054 0.111 0.018 0.03 0.002 0.047 0.016 0.011 0.01 0.055 0.009;0.342 0.12 0.111 0.018 0.03 0.059 0.116 0.054 0.002 0.047 0.016 0.011 0.055 0.01 0.009;0.342 0.111 0.059 0.002 0.011 0.12 0.018 0.03 0.116 0.047 0.055 0.054 0.01 0.016 0.009;
0.336 0.109 0.069 0.14 0.045 0.11 0.014 0.027 0.009 0.056 0.015 0.015 0.008 0.044 0.003;0.336 0.109 0.11 0.014 0.027 0.069 0.14 0.045 0.009 0.056 0.015 0.015 0.044 0.008 0.003;0.336 0.11 0.069 0.009 0.015 0.109 0.014 0.027 0.14 0.056 0.044 0.045 0.008 0.015 0.003;
0.36 0.119 0.046 0.113 0.042 0.116 0.011 0.025 0.013 0.053 0.019 0.02 0.012 0.046 0.005;0.36 0.119 0.116 0.011 0.025 0.046 0.113 0.042 0.013 0.053 0.019 0.02 0.046 0.012 0.005;0.36 0.116 0.046 0.013 0.02 0.119 0.011 0.025 0.113 0.053 0.046 0.042 0.012 0.019 0.005;
0.326 0.112 0.052 0.123 0.047 0.118 0.019 0.029 0.01 0.05 0.016 0.019 0.012 0.057 0.01;0.326 0.112 0.118 0.019 0.029 0.052 0.123 0.047 0.01 0.05 0.016 0.019 0.057 0.012 0.01;0.326 0.118 0.052 0.01 0.019 0.112 0.019 0.029 0.123 0.05 0.057 0.047 0.012 0.016 0.01;
0.305 0.146 0.054 0.13 0.048 0.134 0.017 0.03 0.009 0.053 0.008 0.007 0.011 0.039 0.009;0.305 0.146 0.134 0.017 0.03 0.054 0.13 0.048 0.009 0.053 0.008 0.007 0.039 0.011 0.009;0.305 0.134 0.054 0.009 0.007 0.146 0.017 0.03 0.13 0.053 0.039 0.048 0.011 0.008 0.009;
0.34 0.113 0.054 0.123 0.039 0.117 0.012 0.031 0.014 0.048 0.018 0.015 0.013 0.058 0.005;0.34 0.113 0.117 0.012 0.031 0.054 0.123 0.039 0.014 0.048 0.018 0.015 0.058 0.013 0.005;0.34 0.117 0.054 0.014 0.015 0.113 0.012 0.031 0.123 0.048 0.058 0.039 0.013 0.018 0.005;
0.325 0.107 0.062 0.157 0.045 0.109 0.022 0.028 0.011 0.051 0.012 0.016 0.011 0.035 0.009;0.325 0.107 0.109 0.022 0.028 0.062 0.157 0.045 0.011 0.051 0.012 0.016 0.035 0.011 0.009;0.325 0.109 0.062 0.011 0.016 0.107 0.022 0.028 0.157 0.051 0.035 0.045 0.011 0.012 0.009;
0.343 0.108 0.056 0.127 0.043 0.123 0.015 0.028 0.011 0.048 0.013 0.022 0.008 0.047 0.008;0.343 0.108 0.123 0.015 0.028 0.056 0.127 0.043 0.011 0.048 0.013 0.022 0.047 0.008 0.008;0.343 0.123 0.056 0.011 0.022 0.108 0.015 0.028 0.127 0.048 0.047 0.043 0.008 0.013 0.008;
0.344 0.12 0.055 0.124 0.054 0.116 0.012 0.029 0.014 0.05 0.016 0.013 0.007 0.042 0.004;0.344 0.12 0.116 0.012 0.029 0.055 0.124 0.054 0.014 0.05 0.016 0.013 0.042 0.007 0.004;0.344 0.116 0.055 0.014 0.013 0.12 0.012 0.029 0.124 0.05 0.042 0.054 0.007 0.016 0.004;
0.343 0.112 0.053 0.101 0.053 0.141 0.015 0.036 0.005 0.047 0.011 0.021 0.015 0.039 0.008;0.343 0.112 0.141 0.015 0.036 0.053 0.101 0.053 0.005 0.047 0.011 0.021 0.039 0.015 0.008;0.343 0.141 0.053 0.005 0.021 0.112 0.015 0.036 0.101 0.047 0.039 0.053 0.015 0.011 0.008;
0.338 0.122 0.051 0.133 0.04 0.119 0.019 0.031 0.008 0.046 0.017 0.014 0.007 0.045 0.01;0.338 0.122 0.119 0.019 0.031 0.051 0.133 0.04 0.008 0.046 0.017 0.014 0.045 0.007 0.01;0.338 0.119 0.051 0.008 0.014 0.122 0.019 0.031 0.133 0.046 0.045 0.04 0.007 0.017 0.01;
0.373 0.13 0.056 0.096 0.044 0.11 0.005 0.04 0.012 0.053 0.011 0.007 0.008 0.05 0.005;0.373 0.13 0.11 0.005 0.04 0.056 0.096 0.044 0.012 0.053 0.011 0.007 0.05 0.008 0.005;0.373 0.11 0.056 0.012 0.007 0.13 0.005 0.04 0.096 0.053 0.05 0.044 0.008 0.011 0.005;
0.352 0.127 0.041 0.123 0.054 0.105 0.012 0.023 0.011 0.057 0.019 0.015 0.009 0.044 0.008;0.352 0.127 0.105 0.012 0.023 0.041 0.123 0.054 0.011 0.057 0.019 0.015 0.044 0.009 0.008;0.352 0.105 0.041 0.011 0.015 0.127 0.012 0.023 0.123 0.057 0.044 0.054 0.009 0.019 0.008;
0.327 0.132 0.051 0.115 0.06 0.107 0.012 0.034 0.01 0.057 0.02 0.016 0.006 0.048 0.005;0.327 0.132 0.107 0.012 0.034 0.051 0.115 0.06 0.01 0.057 0.02 0.016 0.048 0.006 0.005;0.327 0.107 0.051 0.01 0.016 0.132 0.012 0.034 0.115 0.057 0.048 0.06 0.006 0.02 0.005;
0.341 0.119 0.046 0.112 0.052 0.126 0.018 0.032 0.009 0.054 0.014 0.018 0.007 0.041 0.011;0.341 0.119 0.126 0.018 0.032 0.046 0.112 0.052 0.009 0.054 0.014 0.018 0.041 0.007 0.011;0.341 0.126 0.046 0.009 0.018 0.119 0.018 0.032 0.112 0.054 0.041 0.052 0.007 0.014 0.011;
0.334 0.125 0.046 0.123 0.047 0.116 0.011 0.03 0.006 0.07 0.015 0.012 0.012 0.047 0.006;0.334 0.125 0.116 0.011 0.03 0.046 0.123 0.047 0.006 0.07 0.015 0.012 0.047 0.012 0.006;0.334 0.116 0.046 0.006 0.012 0.125 0.011 0.03 0.123 0.07 0.047 0.047 0.012 0.015 0.006;
0.346 0.109 0.042 0.139 0.057 0.107 0.012 0.031 0.008 0.046 0.013 0.013 0.008 0.06 0.009;0.346 0.109 0.107 0.012 0.031 0.042 0.139 0.057 0.008 0.046 0.013 0.013 0.06 0.008 0.009;0.346 0.107 0.042 0.008 0.013 0.109 0.012 0.031 0.139 0.046 0.06 0.057 0.008 0.013 0.009;
0.324 0.125 0.042 0.133 0.056 0.116 0.016 0.023 0.01 0.043 0.02 0.013 0.015 0.048 0.016;0.324 0.125 0.116 0.016 0.023 0.042 0.133 0.056 0.01 0.043 0.02 0.013 0.048 0.015 0.016;0.324 0.116 0.042 0.01 0.013 0.125 0.016 0.023 0.133 0.043 0.048 0.056 0.015 0.02 0.016;
0.349 0.137 0.043 0.115 0.031 0.132 0.013 0.03 0.007 0.051 0.013 0.018 0.012 0.042 0.007;0.349 0.137 0.132 0.013 0.03 0.043 0.115 0.031 0.007 0.051 0.013 0.018 0.042 0.012 0.007;0.349 0.132 0.043 0.007 0.018 0.137 0.013 0.03 0.115 0.051 0.042 0.031 0.012 0.013 0.007;
0.334 0.109 0.046 0.12 0.059 0.124 0.008 0.028 0.014 0.065 0.021 0.012 0.015 0.035 0.01;0.334 0.109 0.124 0.008 0.028 0.046 0.12 0.059 0.014 0.065 0.021 0.012 0.035 0.015 0.01;0.334 0.124 0.046 0.014 0.012 0.109 0.008 0.028 0.12 0.065 0.035 0.059 0.015 0.021 0.01;
0.327 0.109 0.059 0.142 0.033 0.122 0.017 0.036 0.014 0.059 0.01 0.009 0.008 0.046 0.009;0.327 0.109 0.122 0.017 0.036 0.059 0.142 0.033 0.014 0.059 0.01 0.009 0.046 0.008 0.009;0.327 0.122 0.059 0.014 0.009 0.109 0.017 0.036 0.142 0.059 0.046 0.033 0.008 0.01 0.009;
0.323 0.121 0.061 0.129 0.045 0.118 0.018 0.024 0.014 0.057 0.017 0.011 0.008 0.042 0.012;0.323 0.121 0.118 0.018 0.024 0.061 0.129 0.045 0.014 0.057 0.017 0.011 0.042 0.008 0.012;0.323 0.118 0.061 0.014 0.011 0.121 0.018 0.024 0.129 0.057 0.042 0.045 0.008 0.017 0.012;
0.349 0.121 0.055 0.119 0.051 0.099 0.014 0.032 0.014 0.047 0.018 0.016 0.009 0.048 0.008;0.349 0.121 0.099 0.014 0.032 0.055 0.119 0.051 0.014 0.047 0.018 0.016 0.048 0.009 0.008;0.349 0.099 0.055 0.014 0.016 0.121 0.014 0.032 0.119 0.047 0.048 0.051 0.009 0.018 0.008;
0.336 0.131 0.047 0.11 0.049 0.118 0.011 0.021 0.011 0.049 0.014 0.023 0.015 0.055 0.01;0.336 0.131 0.118 0.011 0.021 0.047 0.11 0.049 0.011 0.049 0.014 0.023 0.055 0.015 0.01;0.336 0.118 0.047 0.011 0.023 0.131 0.011 0.021 0.11 0.049 0.055 0.049 0.015 0.014 0.01;
0.346 0.113 0.051 0.128 0.046 0.11 0.015 0.035 0.01 0.056 0.018 0.012 0.008 0.044 0.008;0.346 0.113 0.11 0.015 0.035 0.051 0.128 0.046 0.01 0.056 0.018 0.012 0.044 0.008 0.008;0.346 0.11 0.051 0.01 0.012 0.113 0.015 0.035 0.128 0.056 0.044 0.046 0.008 0.018 0.008;
0.344 0.112 0.048 0.118 0.054 0.126 0.014 0.029 0.014 0.06 0.009 0.007 0.014 0.036 0.015;0.344 0.112 0.126 0.014 0.029 0.048 0.118 0.054 0.014 0.06 0.009 0.007 0.036 0.014 0.015;0.344 0.126 0.048 0.014 0.007 0.112 0.014 0.029 0.118 0.06 0.036 0.054 0.014 0.009 0.015;
0.301 0.129 0.061 0.14 0.044 0.13 0.018 0.019 0.011 0.056 0.015 0.022 0.003 0.047 0.004;0.301 0.129 0.13 0.018 0.019 0.061 0.14 0.044 0.011 0.056 0.015 0.022 0.047 0.003 0.004;0.301 0.13 0.061 0.011 0.022 0.129 0.018 0.019 0.14 0.056 0.047 0.044 0.003 0.015 0.004;
0.355 0.12 0.045 0.118 0.047 0.114 0.019 0.028 0.009 0.056 0.018 0.016 0.015 0.028 0.012;0.355 0.12 0.114 0.019 0.028 0.045 0.118 0.047 0.009 0.056 0.018 0.016 0.028 0.015 0.012;0.355 0.114 0.045 0.009 0.016 0.12 0.019 0.028 0.118 0.056 0.028 0.047 0.015 0.018 0.012;
0.345 0.127 0.038 0.131 0.032 0.115 0.018 0.03 0.008 0.061 0.014 0.021 0.006 0.046 0.008;0.345 0.127 0.115 0.018 0.03 0.038 0.131 0.032 0.008 0.061 0.014 0.021 0.046 0.006 0.008;0.345 0.115 0.038 0.008 0.021 0.127 0.018 0.03 0.131 0.061 0.046 0.032 0.006 0.014 0.008;
0.336 0.102 0.067 0.113 0.044 0.12 0.015 0.033 0.013 0.05 0.019 0.012 0.009 0.06 0.007;0.336 0.102 0.12 0.015 0.033 0.067 0.113 0.044 0.013 0.05 0.019 0.012 0.06 0.009 0.007;0.336 0.12 0.067 0.013 0.012 0.102 0.015 0.033 0.113 0.05 0.06 0.044 0.009 0.019 0.007;
0.312 0.115 0.061 0.122 0.045 0.126 0.016 0.027 0.015 0.056 0.014 0.013 0.012 0.056 0.01;0.312 0.115 0.126 0.016 0.027 0.061 0.122 0.045 0.015 0.056 0.014 0.013 0.056 0.012 0.01;0.312 0.126 0.061 0.015 0.013 0.115 0.016 0.027 0.122 0.056 0.056 0.045 0.012 0.014 0.01;
0.337 0.108 0.052 0.127 0.048 0.118 0.013 0.036 0.011 0.054 0.012 0.013 0.009 0.054 0.008;0.337 0.108 0.118 0.013 0.036 0.052 0.127 0.048 0.011 0.054 0.012 0.013 0.054 0.009 0.008;0.337 0.118 0.052 0.011 0.013 0.108 0.013 0.036 0.127 0.054 0.054 0.048 0.009 0.012 0.008;
0.359 0.119 0.052 0.128 0.047 0.105 0.016 0.028 0.008 0.042 0.017 0.015 0.013 0.044 0.007;0.359 0.119 0.105 0.016 0.028 0.052 0.128 0.047 0.008 0.042 0.017 0.015 0.044 0.013 0.007;0.359 0.105 0.052 0.008 0.015 0.119 0.016 0.028 0.128 0.042 0.044 0.047 0.013 0.017 0.007;
0.342 0.12 0.045 0.117 0.047 0.128 0.01 0.035 0.011 0.053 0.011 0.014 0.01 0.049 0.008;0.342 0.12 0.128 0.01 0.035 0.045 0.117 0.047 0.011 0.053 0.011 0.014 0.049 0.01 0.008;0.342 0.128 0.045 0.011 0.014 0.12 0.01 0.035 0.117 0.053 0.049 0.047 0.01 0.011 0.008;
0.308 0.142 0.063 0.132 0.04 0.108 0.02 0.029 0.013 0.062 0.011 0.012 0.008 0.039 0.013;0.308 0.142 0.108 0.02 0.029 0.063 0.132 0.04 0.013 0.062 0.011 0.012 0.039 0.008 0.013;0.308 0.108 0.063 0.013 0.012 0.142 0.02 0.029 0.132 0.062 0.039 0.04 0.008 0.011 0.013;
0.345 0.112 0.064 0.119 0.038 0.115 0.014 0.026 0.008 0.051 0.021 0.015 0.007 0.056 0.009;0.345 0.112 0.115 0.014 0.026 0.064 0.119 0.038 0.008 0.051 0.021 0.015 0.056 0.007 0.009;0.345 0.115 0.064 0.008 0.015 0.112 0.014 0.026 0.119 0.051 0.056 0.038 0.007 0.021 0.009;
0.336 0.12 0.056 0.127 0.041 0.109 0.018 0.03 0.007 0.055 0.019 0.013 0.013 0.047 0.009;0.336 0.12 0.109 0.018 0.03 0.056 0.127 0.041 0.007 0.055 0.019 0.013 0.047 0.013 0.009;0.336 0.109 0.056 0.007 0.013 0.12 0.018 0.03 0.127 0.055 0.047 0.041 0.013 0.019 0.009;
0.321 0.114 0.059 0.132 0.047 0.117 0.01 0.038 0.013 0.054 0.02 0.019 0.007 0.043 0.006;0.321 0.114 0.117 0.01 0.038 0.059 0.132 0.047 0.013 0.054 0.02 0.019 0.043 0.007 0.006;0.321 0.117 0.059 0.013 0.019 0.114 0.01 0.038 0.132 0.054 0.043 0.047 0.007 0.02 0.006;
0.317 0.117 0.053 0.133 0.043 0.13 0.016 0.024 0.014 0.062 0.012 0.012 0.013 0.045 0.009;0.317 0.117 0.13 0.016 0.024 0.053 0.133 0.043 0.014 0.062 0.012 0.012 0.045 0.013 0.009;0.317 0.13 0.053 0.014 0.012 0.117 0.016 0.024 0.133 0.062 0.045 0.043 0.013 0.012 0.009;
0.342 0.111 0.053 0.126 0.049 0.11 0.009 0.044 0.012 0.05 0.012 0.02 0.014 0.041 0.007;0.342 0.111 0.11 0.009 0.044 0.053 0.126 0.049 0.012 0.05 0.012 0.02 0.041 0.014 0.007;0.342 0.11 0.053 0.012 0.02 0.111 0.009 0.044 0.126 0.05 0.041 0.049 0.014 0.012 0.007;
0.35 0.117 0.055 0.115 0.042 0.115 0.011 0.025 0.01 0.05 0.017 0.019 0.011 0.054 0.009;0.35 0.117 0.115 0.011 0.025 0.055 0.115 0.042 0.01 0.05 0.017 0.019 0.054 0.011 0.009;0.35 0.115 0.055 0.01 0.019 0.117 0.011 0.025 0.115 0.05 0.054 0.042 0.011 0.017 0.009;
0.327 0.139 0.049 0.122 0.048 0.116 0.023 0.024 0.014 0.05 0.012 0.014 0.008 0.045 0.009;0.327 0.139 0.116 0.023 0.024 0.049 0.122 0.048 0.014 0.05 0.012 0.014 0.045 0.008 0.009;0.327 0.116 0.049 0.014 0.014 0.139 0.023 0.024 0.122 0.05 0.045 0.048 0.008 0.012 0.009;
0.324 0.132 0.049 0.12 0.05 0.128 0.012 0.031 0.014 0.049 0.014 0.009 0.014 0.049 0.005;0.324 0.132 0.128 0.012 0.031 0.049 0.12 0.05 0.014 0.049 0.014 0.009 0.049 0.014 0.005;0.324 0.128 0.049 0.014 0.009 0.132 0.012 0.031 0.12 0.049 0.049 0.05 0.014 0.014 0.005;
0.353 0.112 0.054 0.135 0.052 0.102 0.014 0.03 0.009 0.049 0.019 0.017 0.01 0.036 0.008;0.353 0.112 0.102 0.014 0.03 0.054 0.135 0.052 0.009 0.049 0.019 0.017 0.036 0.01 0.008;0.353 0.102 0.054 0.009 0.017 0.112 0.014 0.03 0.135 0.049 0.036 0.052 0.01 0.019 0.008;
0.331 0.112 0.057 0.128 0.032 0.126 0.01 0.032 0.014 0.046 0.021 0.015 0.014 0.053 0.009;0.331 0.112 0.126 0.01 0.032 0.057 0.128 0.032 0.014 0.046 0.021 0.015 0.053 0.014 0.009;0.331 0.126 0.057 0.014 0.015 0.112 0.01 0.032 0.128 0.046 0.053 0.032 0.014 0.021 0.009;
0.331 0.123 0.051 0.121 0.041 0.122 0.02 0.042 0.011 0.053 0.016 0.021 0.008 0.033 0.007;0.331 0.123 0.122 0.02 0.042 0.051 0.121 0.041 0.011 0.053 0.016 0.021 0.033 0.008 0.007;0.331 0.122 0.051 0.011 0.021 0.123 0.02 0.042 0.121 0.053 0.033 0.041 0.008 0.016 0.007;
0.33 0.118 0.049 0.121 0.059 0.116 0.015 0.027 0.01 0.04 0.016 0.024 0.016 0.05 0.009;0.33 0.118 0.116 0.015 0.027 0.049 0.121 0.059 0.01 0.04 0.016 0.024 0.05 0.016 0.009;0.33 0.116 0.049 0.01 0.024 0.118 0.015 0.027 0.121 0.04 0.05 0.059 0.016 0.016 0.009;
0.328 0.11 0.059 0.147 0.042 0.108 0.01 0.037 0.004 0.052 0.02 0.019 0.014 0.042 0.008;0.328 0.11 0.108 0.01 0.037 0.059 0.147 0.042 0.004 0.052 0.02 0.019 0.042 0.014 0.008;0.328 0.108 0.059 0.004 0.019 0.11 0.01 0.037 0.147 0.052 0.042 0.042 0.014 0.02 0.008;
0.33 0.125 0.053 0.125 0.035 0.127 0.028 0.032 0.008 0.045 0.014 0.018 0.01 0.036 0.014;0.33 0.125 0.127 0.028 0.032 0.053 0.125 0.035 0.008 0.045 0.014 0.018 0.036 0.01 0.014;0.33 0.127 0.053 0.008 0.018 0.125 0.028 0.032 0.125 0.045 0.036 0.035 0.01 0.014 0.014;
0.338 0.114 0.053 0.118 0.039 0.135 0.016 0.029 0.01 0.052 0.015 0.024 0.006 0.042 0.009;0.338 0.114 0.135 0.016 0.029 0.053 0.118 0.039 0.01 0.052 0.015 0.024 0.042 0.006 0.009;0.338 0.135 0.053 0.01 0.024 0.114 0.016 0.029 0.118 0.052 0.042 0.039 0.006 0.015 0.009;
0.326 0.133 0.054 0.118 0.042 0.111 0.014 0.025 0.013 0.057 0.015 0.02 0.009 0.052 0.011;0.326 0.133 0.111 0.014 0.025 0.054 0.118 0.042 0.013 0.057 0.015 0.02 0.052 0.009 0.011;0.326 0.111 0.054 0.013 0.02 0.133 0.014 0.025 0.118 0.057 0.052 0.042 0.009 0.015 0.011;
0.332 0.11 0.061 0.125 0.05 0.117 0.016 0.034 0.009 0.044 0.015 0.011 0.01 0.06 0.006;0.332 0.11 0.117 0.016 0.034 0.061 0.125 0.05 0.009 0.044 0.015 0.011 0.06 0.01 0.006;0.332 0.117 0.061 0.009 0.011 0.11 0.016 0.034 0.125 0.044 0.06 0.05 0.01 0.015 0.006;
0.332 0.126 0.053 0.115 0.052 0.121 0.018 0.03 0.013 0.058 0.01 0.01 0.006 0.044 0.012;0.332 0.126 0.121 0.018 0.03 0.053 0.115 0.052 0.013 0.058 0.01 0.01 0.044 0.006 0.012;0.332 0.121 0.053 0.013 0.01 0.126 0.018 0.03 0.115 0.058 0.044 0.052 0.006 0.01 0.012;
0.356 0.131 0.052 0.14 0.032 0.109 0.008 0.032 0.013 0.041 0.011 0.015 0.008 0.045 0.007;0.356 0.131 0.109 0.008 0.032 0.052 0.14 0.032 0.013 0.041 0.011 0.015 0.045 0.008 0.007;0.356 0.109 0.052 0.013 0.015 0.131 0.008 0.032 0.14 0.041 0.045 0.032 0.008 0.011 0.007;
0.337 0.115 0.054 0.125 0.054 0.123 0.016 0.023 0.013 0.052 0.011 0.018 0.004 0.046 0.009;0.337 0.115 0.123 0.016 0.023 0.054 0.125 0.054 0.013 0.052 0.011 0.018 0.046 0.004 0.009;0.337 0.123 0.054 0.013 0.018 0.115 0.016 0.023 0.125 0.052 0.046 0.054 0.004 0.011 0.009;
0.36 0.113 0.05 0.129 0.036 0.122 0.017 0.024 0.01 0.056 0.012 0.019 0.013 0.034 0.005;0.36 0.113 0.122 0.017 0.024 0.05 0.129 0.036 0.01 0.056 0.012 0.019 0.034 0.013 0.005;0.36 0.122 0.05 0.01 0.019 0.113 0.017 0.024 0.129 0.056 0.034 0.036 0.013 0.012 0.005;
0.36 0.107 0.059 0.117 0.041 0.118 0.012 0.035 0.009 0.049 0.021 0.02 0.009 0.036 0.007;0.36 0.107 0.118 0.012 0.035 0.059 0.117 0.041 0.009 0.049 0.021 0.02 0.036 0.009 0.007;0.36 0.118 0.059 0.009 0.02 0.107 0.012 0.035 0.117 0.049 0.036 0.041 0.009 0.021 0.007;
0.34 0.142 0.042 0.123 0.053 0.116 0.012 0.028 0.011 0.049 0.013 0.009 0.011 0.041 0.01;0.34 0.142 0.116 0.012 0.028 0.042 0.123 0.053 0.011 0.049 0.013 0.009 0.041 0.011 0.01;0.34 0.116 0.042 0.011 0.009 0.142 0.012 0.028 0.123 0.049 0.041 0.053 0.011 0.013 0.01;
0.326 0.133 0.05 0.117 0.039 0.116 0.014 0.028 0.012 0.057 0.018 0.016 0.011 0.059 0.004;0.326 0.133 0.116 0.014 0.028 0.05 0.117 0.039 0.012 0.057 0.018 0.016 0.059 0.011 0.004;0.326 0.116 0.05 0.012 0.016 0.133 0.014 0.028 0.117 0.057 0.059 0.039 0.011 0.018 0.004;
0.338 0.107 0.047 0.122 0.045 0.121 0.019 0.028 0.009 0.062 0.017 0.014 0.01 0.055 0.006;0.338 0.107 0.121 0.019 0.028 0.047 0.122 0.045 0.009 0.062 0.017 0.014 0.055 0.01 0.006;0.338 0.121 0.047 0.009 0.014 0.107 0.019 0.028 0.122 0.062 0.055 0.045 0.01 0.017 0.006;
0.311 0.138 0.08 0.107 0.044 0.132 0.014 0.033 0.01 0.045 0.019 0.015 0.007 0.036 0.009;0.311 0.138 0.132 0.014 0.033 0.08 0.107 0.044 0.01 0.045 0.019 0.015 0.036 0.007 0.009;0.311 0.132 0.08 0.01 0.015 0.138 0.014 0.033 0.107 0.045 0.036 0.044 0.007 0.019 0.009;
0.336 0.115 0.053 0.141 0.045 0.129 0.013 0.034 0.012 0.04 0.014 0.013 0.008 0.037 0.01;0.336 0.115 0.129 0.013 0.034 0.053 0.141 0.045 0.012 0.04 0.014 0.013 0.037 0.008 0.01;0.336 0.129 0.053 0.012 0.013 0.115 0.013 0.034 0.141 0.04 0.037 0.045 0.008 0.014 0.01;
0.347 0.1 0.062 0.148 0.032 0.113 0.024 0.02 0.009 0.059 0.018 0.009 0.013 0.04 0.006;0.347 0.1 0.113 0.024 0.02 0.062 0.148 0.032 0.009 0.059 0.018 0.009 0.04 0.013 0.006;0.347 0.113 0.062 0.009 0.009 0.1 0.024 0.02 0.148 0.059 0.04 0.032 0.013 0.018 0.006;
0.317 0.125 0.051 0.129 0.044 0.121 0.021 0.026 0.019 0.062 0.01 0.014 0.009 0.046 0.006;0.317 0.125 0.121 0.021 0.026 0.051 0.129 0.044 0.019 0.062 0.01 0.014 0.046 0.009 0.006;0.317 0.121 0.051 0.019 0.014 0.125 0.021 0.026 0.129 0.062 0.046 0.044 0.009 0.01 0.006;
0.339 0.128 0.051 0.121 0.038 0.135 0.014 0.02 0.012 0.049 0.021 0.012 0.014 0.042 0.004;0.339 0.128 0.135 0.014 0.02 0.051 0.121 0.038 0.012 0.049 0.021 0.012 0.042 0.014 0.004;0.339 0.135 0.051 0.012 0.012 0.128 0.014 0.02 0.121 0.049 0.042 0.038 0.014 0.021 0.004;
0.321 0.101 0.058 0.13 0.054 0.112 0.017 0.031 0.014 0.055 0.015 0.015 0.016 0.047 0.014;0.321 0.101 0.112 0.017 0.031 0.058 0.13 0.054 0.014 0.055 0.015 0.015 0.047 0.016 0.014;0.321 0.112 0.058 0.014 0.015 0.101 0.017 0.031 0.13 0.055 0.047 0.054 0.016 0.015 0.014;
0.357 0.118 0.05 0.118 0.042 0.119 0.012 0.029 0.012 0.05 0.017 0.021 0.01 0.041 0.004;0.357 0.118 0.119 0.012 0.029 0.05 0.118 0.042 0.012 0.05 0.017 0.021 0.041 0.01 0.004;0.357 0.119 0.05 0.012 0.021 0.118 0.012 0.029 0.118 0.05 0.041 0.042 0.01 0.017 0.004;
0.351 0.114 0.047 0.123 0.047 0.11 0.013 0.025 0.01 0.065 0.015 0.023 0.007 0.044 0.006;0.351 0.114 0.11 0.013 0.025 0.047 0.123 0.047 0.01 0.065 0.015 0.023 0.044 0.007 0.006;0.351 0.11 0.047 0.01 0.023 0.114 0.013 0.025 0.123 0.065 0.044 0.047 0.007 0.015 0.006;
0.349 0.127 0.042 0.124 0.054 0.115 0.013 0.034 0.006 0.052 0.015 0.017 0.006 0.042 0.004;0.349 0.127 0.115 0.013 0.034 0.042 0.124 0.054 0.006 0.052 0.015 0.017 0.042 0.006 0.004;0.349 0.115 0.042 0.006 0.017 0.127 0.013 0.034 0.124 0.052 0.042 0.054 0.006 0.015 0.004;
0.333 0.131 0.049 0.124 0.054 0.126 0.017 0.021 0.007 0.051 0.018 0.013 0.007 0.041 0.008;0.333 0.131 0.126 0.017 0.021 0.049 0.124 0.054 0.007 0.051 0.018 0.013 0.041 0.007 0.008;0.333 0.126 0.049 0.007 0.013 0.131 0.017 0.021 0.124 0.051 0.041 0.054 0.007 0.018 0.008;
0.306 0.108 0.056 0.126 0.05 0.122 0.018 0.03 0.014 0.065 0.02 0.012 0.008 0.059 0.006;0.306 0.108 0.122 0.018 0.03 0.056 0.126 0.05 0.014 0.065 0.02 0.012 0.059 0.008 0.006;0.306 0.122 0.056 0.014 0.012 0.108 0.018 0.03 0.126 0.065 0.059 0.05 0.008 0.02 0.006;
0.311 0.117 0.054 0.129 0.051 0.129 0.018 0.026 0.006 0.042 0.018 0.019 0.017 0.046 0.017;0.311 0.117 0.129 0.018 0.026 0.054 0.129 0.051 0.006 0.042 0.018 0.019 0.046 0.017 0.017;0.311 0.129 0.054 0.006 0.019 0.117 0.018 0.026 0.129 0.042 0.046 0.051 0.017 0.018 0.017;
0.368 0.111 0.045 0.133 0.043 0.111 0.015 0.018 0.008 0.048 0.018 0.013 0.015 0.046 0.008;0.368 0.111 0.111 0.015 0.018 0.045 0.133 0.043 0.008 0.048 0.018 0.013 0.046 0.015 0.008;0.368 0.111 0.045 0.008 0.013 0.111 0.015 0.018 0.133 0.048 0.046 0.043 0.015 0.018 0.008;
0.332 0.111 0.056 0.121 0.044 0.13 0.023 0.029 0.007 0.054 0.017 0.016 0.006 0.047 0.007;0.332 0.111 0.13 0.023 0.029 0.056 0.121 0.044 0.007 0.054 0.017 0.016 0.047 0.006 0.007;0.332 0.13 0.056 0.007 0.016 0.111 0.023 0.029 0.121 0.054 0.047 0.044 0.006 0.017 0.007;
0.309 0.116 0.056 0.135 0.05 0.118 0.013 0.035 0.012 0.064 0.008 0.019 0.011 0.042 0.012;0.309 0.116 0.118 0.013 0.035 0.056 0.135 0.05 0.012 0.064 0.008 0.019 0.042 0.011 0.012;0.309 0.118 0.056 0.012 0.019 0.116 0.013 0.035 0.135 0.064 0.042 0.05 0.011 0.008 0.012;
0.336 0.124 0.06 0.104 0.038 0.113 0.018 0.031 0.017 0.066 0.014 0.013 0.012 0.05 0.004;0.336 0.124 0.113 0.018 0.031 0.06 0.104 0.038 0.017 0.066 0.014 0.013 0.05 0.012 0.004;0.336 0.113 0.06 0.017 0.013 0.124 0.018 0.031 0.104 0.066 0.05 0.038 0.012 0.014 0.004;
0.31 0.109 0.054 0.131 0.045 0.131 0.012 0.029 0.012 0.058 0.021 0.018 0.009 0.054 0.007;0.31 0.109 0.131 0.012 0.029 0.054 0.131 0.045 0.012 0.058 0.021 0.018 0.054 0.009 0.007;0.31 0.131 0.054 0.012 0.018 0.109 0.012 0.029 0.131 0.058 0.054 0.045 0.009 0.021 0.007;
0.358 0.114 0.054 0.102 0.04 0.119 0.024 0.026 0.009 0.054 0.015 0.023 0.013 0.041 0.008;0.358 0.114 0.119 0.024 0.026 0.054 0.102 0.04 0.009 0.054 0.015 0.023 0.041 0.013 0.008;0.358 0.119 0.054 0.009 0.023 0.114 0.024 0.026 0.102 0.054 0.041 0.04 0.013 0.015 0.008;
0.312 0.122 0.054 0.124 0.058 0.126 0.023 0.028 0.008 0.05 0.014 0.014 0.008 0.049 0.01;0.312 0.122 0.126 0.023 0.028 0.054 0.124 0.058 0.008 0.05 0.014 0.014 0.049 0.008 0.01;0.312 0.126 0.054 0.008 0.014 0.122 0.023 0.028 0.124 0.05 0.049 0.058 0.008 0.014 0.01;
0.361 0.105 0.052 0.116 0.043 0.104 0.013 0.047 0.01 0.051 0.019 0.011 0.011 0.042 0.015;0.361 0.105 0.104 0.013 0.047 0.052 0.116 0.043 0.01 0.051 0.019 0.011 0.042 0.011 0.015;0.361 0.104 0.052 0.01 0.011 0.105 0.013 0.047 0.116 0.051 0.042 0.043 0.011 0.019 0.015;
0.335 0.118 0.043 0.131 0.053 0.12 0.02 0.035 0.003 0.037 0.01 0.02 0.014 0.053 0.008;0.335 0.118 0.12 0.02 0.035 0.043 0.131 0.053 0.003 0.037 0.01 0.02 0.053 0.014 0.008;0.335 0.12 0.043 0.003 0.02 0.118 0.02 0.035 0.131 0.037 0.053 0.053 0.014 0.01 0.008;
0.328 0.105 0.06 0.122 0.06 0.128 0.014 0.029 0.013 0.046 0.019 0.012 0.007 0.047 0.01;0.328 0.105 0.128 0.014 0.029 0.06 0.122 0.06 0.013 0.046 0.019 0.012 0.047 0.007 0.01;0.328 0.128 0.06 0.013 0.012 0.105 0.014 0.029 0.122 0.046 0.047 0.06 0.007 0.019 0.01;
0.328 0.115 0.05 0.122 0.044 0.129 0.02 0.032 0.013 0.053 0.013 0.017 0.006 0.049 0.009;0.328 0.115 0.129 0.02 0.032 0.05 0.122 0.044 0.013 0.053 0.013 0.017 0.049 0.006 0.009;0.328 0.129 0.05 0.013 0.017 0.115 0.02 0.032 0.122 0.053 0.049 0.044 0.006 0.013 0.009;
0.348 0.117 0.058 0.124 0.043 0.127 0.012 0.025 0.009 0.053 0.015 0.02 0.011 0.031 0.007;0.348 0.117 0.127 0.012 0.025 0.058 0.124 0.043 0.009 0.053 0.015 0.02 0.031 0.011 0.007;0.348 0.127 0.058 0.009 0.02 0.117 0.012 0.025 0.124 0.053 0.031 0.043 0.011 0.015 0.007;
0.329 0.124 0.06 0.137 0.039 0.127 0.012 0.028 0.008 0.057 0.015 0.01 0.007 0.041 0.006;0.329 0.124 0.127 0.012 0.028 0.06 0.137 0.039 0.008 0.057 0.015 0.01 0.041 0.007 0.006;0.329 0.127 0.06 0.008 0.01 0.124 0.012 0.028 0.137 0.057 0.041 0.039 0.007 0.015 0.006;
0.321 0.134 0.067 0.118 0.042 0.106 0.017 0.027 0.014 0.055 0.013 0.011 0.009 0.059 0.007;0.321 0.134 0.106 0.017 0.027 0.067 0.118 0.042 0.014 0.055 0.013 0.011 0.059 0.009 0.007;0.321 0.106 0.067 0.014 0.011 0.134 0.017 0.027 0.118 0.055 0.059 0.042 0.009 0.013 0.007;
0.315 0.135 0.043 0.121 0.057 0.121 0.016 0.031 0.009 0.056 0.024 0.009 0.01 0.044 0.009;0.315 0.135 0.121 0.016 0.031 0.043 0.121 0.057 0.009 0.056 0.024 0.009 0.044 0.01 0.009;0.315 0.121 0.043 0.009 0.009 0.135 0.016 0.031 0.121 0.056 0.044 0.057 0.01 0.024 0.009;
0.341 0.123 0.047 0.102 0.044 0.134 0.016 0.033 0.009 0.051 0.017 0.015 0.008 0.05 0.01;0.341 0.123 0.134 0.016 0.033 0.047 0.102 0.044 0.009 0.051 0.017 0.015 0.05 0.008 0.01;0.341 0.134 0.047 0.009 0.015 0.123 0.016 0.033 0.102 0.051 0.05 0.044 0.008 0.017 0.01;
0.377 0.133 0.055 0.107 0.045 0.091 0.007 0.032 0.009 0.065 0.011 0.011 0.011 0.036 0.01;0.377 0.133 0.091 0.007 0.032 0.055 0.107 0.045 0.009 0.065 0.011 0.011 0.036 0.011 0.01;0.377 0.091 0.055 0.009 0.011 0.133 0.007 0.032 0.107 0.065 0.036 0.045 0.011 0.011 0.01;
0.34 0.119 0.054 0.124 0.049 0.13 0.015 0.02 0.01 0.049 0.015 0.017 0.008 0.041 0.009;0.34 0.119 0.13 0.015 0.02 0.054 0.124 0.049 0.01 0.049 0.015 0.017 0.041 0.008 0.009;0.34 0.13 0.054 0.01 0.017 0.119 0.015 0.02 0.124 0.049 0.041 0.049 0.008 0.015 0.009;
0.316 0.12 0.054 0.124 0.05 0.128 0.017 0.034 0.01 0.053 0.013 0.015 0.005 0.058 0.003;0.316 0.12 0.128 0.017 0.034 0.054 0.124 0.05 0.01 0.053 0.013 0.015 0.058 0.005 0.003;0.316 0.128 0.054 0.01 0.015 0.12 0.017 0.034 0.124 0.053 0.058 0.05 0.005 0.013 0.003;
0.33 0.106 0.06 0.122 0.066 0.123 0.014 0.031 0.009 0.054 0.009 0.014 0.005 0.054 0.003;0.33 0.106 0.123 0.014 0.031 0.06 0.122 0.066 0.009 0.054 0.009 0.014 0.054 0.005 0.003;0.33 0.123 0.06 0.009 0.014 0.106 0.014 0.031 0.122 0.054 0.054 0.066 0.005 0.009 0.003;
0.319 0.124 0.052 0.126 0.057 0.131 0.008 0.027 0.014 0.05 0.013 0.016 0.008 0.043 0.012;0.319 0.124 0.131 0.008 0.027 0.052 0.126 0.057 0.014 0.05 0.013 0.016 0.043 0.008 0.012;0.319 0.131 0.052 0.014 0.016 0.124 0.008 0.027 0.126 0.05 0.043 0.057 0.008 0.013 0.012];