pntP=[0.06 0.057 0.078 0.074 0.076 0.061 0.032 0.061 0.041 0.097 0.07 0.071 0.083 0.084 0.055;0.06 0.057 0.061 0.032 0.061 0.078 0.074 0.076 0.041 0.097 0.07 0.071 0.084 0.083 0.055;0.06 0.061 0.078 0.041 0.071 0.057 0.032 0.061 0.074 0.097 0.084 0.076 0.083 0.07 0.055;
0.059 0.066 0.082 0.071 0.065 0.074 0.045 0.062 0.048 0.079 0.058 0.057 0.082 0.093 0.059;0.059 0.066 0.074 0.045 0.062 0.082 0.071 0.065 0.048 0.079 0.058 0.057 0.093 0.082 0.059;0.059 0.074 0.082 0.048 0.057 0.066 0.045 0.062 0.071 0.079 0.093 0.065 0.082 0.058 0.059;
0.05 0.076 0.077 0.076 0.087 0.055 0.046 0.06 0.042 0.092 0.069 0.052 0.074 0.086 0.058;0.05 0.076 0.055 0.046 0.06 0.077 0.076 0.087 0.042 0.092 0.069 0.052 0.086 0.074 0.058;0.05 0.055 0.077 0.042 0.052 0.076 0.046 0.06 0.076 0.092 0.086 0.087 0.074 0.069 0.058;
0.069 0.058 0.085 0.075 0.091 0.05 0.047 0.064 0.032 0.083 0.063 0.052 0.079 0.092 0.06;0.069 0.058 0.05 0.047 0.064 0.085 0.075 0.091 0.032 0.083 0.063 0.052 0.092 0.079 0.06;0.069 0.05 0.085 0.032 0.052 0.058 0.047 0.064 0.075 0.083 0.092 0.091 0.079 0.063 0.06;
0.054 0.06 0.092 0.078 0.072 0.052 0.04 0.046 0.036 0.084 0.065 0.079 0.09 0.091 0.061;0.054 0.06 0.052 0.04 0.046 0.092 0.078 0.072 0.036 0.084 0.065 0.079 0.091 0.09 0.061;0.054 0.052 0.092 0.036 0.079 0.06 0.04 0.046 0.078 0.084 0.091 0.072 0.09 0.065 0.061;
0.066 0.062 0.084 0.071 0.1 0.054 0.032 0.052 0.03 0.095 0.061 0.055 0.087 0.091 0.06;0.066 0.062 0.054 0.032 0.052 0.084 0.071 0.1 0.03 0.095 0.061 0.055 0.091 0.087 0.06;0.066 0.054 0.084 0.03 0.055 0.062 0.032 0.052 0.071 0.095 0.091 0.1 0.087 0.061 0.06;
0.076 0.052 0.089 0.063 0.092 0.067 0.032 0.066 0.037 0.077 0.069 0.049 0.09 0.087 0.054;0.076 0.052 0.067 0.032 0.066 0.089 0.063 0.092 0.037 0.077 0.069 0.049 0.087 0.09 0.054;0.076 0.067 0.089 0.037 0.049 0.052 0.032 0.066 0.063 0.077 0.087 0.092 0.09 0.069 0.054;
0.07 0.06 0.088 0.082 0.082 0.06 0.037 0.058 0.045 0.079 0.063 0.06 0.079 0.082 0.055;0.07 0.06 0.06 0.037 0.058 0.088 0.082 0.082 0.045 0.079 0.063 0.06 0.082 0.079 0.055;0.07 0.06 0.088 0.045 0.06 0.06 0.037 0.058 0.082 0.079 0.082 0.082 0.079 0.063 0.055;
0.062 0.053 0.095 0.08 0.083 0.037 0.037 0.065 0.043 0.095 0.07 0.067 0.07 0.078 0.065;0.062 0.053 0.037 0.037 0.065 0.095 0.08 0.083 0.043 0.095 0.07 0.067 0.078 0.07 0.065;0.062 0.037 0.095 0.043 0.067 0.053 0.037 0.065 0.08 0.095 0.078 0.083 0.07 0.07 0.065;
0.06 0.061 0.081 0.067 0.091 0.063 0.044 0.059 0.042 0.093 0.052 0.062 0.09 0.092 0.043;0.06 0.061 0.063 0.044 0.059 0.081 0.067 0.091 0.042 0.093 0.052 0.062 0.092 0.09 0.043;0.06 0.063 0.081 0.042 0.062 0.061 0.044 0.059 0.067 0.093 0.092 0.091 0.09 0.052 0.043;
0.066 0.052 0.096 0.068 0.097 0.066 0.05 0.047 0.043 0.09 0.05 0.065 0.068 0.087 0.055;0.066 0.052 0.066 0.05 0.047 0.096 0.068 0.097 0.043 0.09 0.05 0.065 0.087 0.068 0.055;0.066 0.066 0.096 0.043 0.065 0.052 0.05 0.047 0.068 0.09 0.087 0.097 0.068 0.05 0.055;
0.065 0.061 0.086 0.08 0.084 0.054 0.047 0.056 0.038 0.102 0.073 0.048 0.075 0.077 0.054;0.065 0.061 0.054 0.047 0.056 0.086 0.08 0.084 0.038 0.102 0.073 0.048 0.077 0.075 0.054;0.065 0.054 0.086 0.038 0.048 0.061 0.047 0.056 0.08 0.102 0.077 0.084 0.075 0.073 0.054;
0.057 0.048 0.085 0.075 0.096 0.063 0.046 0.063 0.035 0.086 0.055 0.085 0.068 0.094 0.044;0.057 0.048 0.063 0.046 0.063 0.085 0.075 0.096 0.035 0.086 0.055 0.085 0.094 0.068 0.044;0.057 0.063 0.085 0.035 0.085 0.048 0.046 0.063 0.075 0.086 0.094 0.096 0.068 0.055 0.044;
0.082 0.053 0.083 0.065 0.104 0.058 0.043 0.062 0.026 0.082 0.057 0.077 0.086 0.07 0.052;0.082 0.053 0.058 0.043 0.062 0.083 0.065 0.104 0.026 0.082 0.057 0.077 0.07 0.086 0.052;0.082 0.058 0.083 0.026 0.077 0.053 0.043 0.062 0.065 0.082 0.07 0.104 0.086 0.057 0.052;
0.068 0.053 0.095 0.067 0.076 0.063 0.038 0.058 0.038 0.09 0.063 0.061 0.097 0.089 0.044;0.068 0.053 0.063 0.038 0.058 0.095 0.067 0.076 0.038 0.09 0.063 0.061 0.089 0.097 0.044;0.068 0.063 0.095 0.038 0.061 0.053 0.038 0.058 0.067 0.09 0.089 0.076 0.097 0.063 0.044;
0.073 0.046 0.089 0.073 0.08 0.049 0.049 0.056 0.037 0.091 0.078 0.062 0.073 0.09 0.054;0.073 0.046 0.049 0.049 0.056 0.089 0.073 0.08 0.037 0.091 0.078 0.062 0.09 0.073 0.054;0.073 0.049 0.089 0.037 0.062 0.046 0.049 0.056 0.073 0.091 0.09 0.08 0.073 0.078 0.054;
0.052 0.068 0.116 0.057 0.081 0.051 0.037 0.053 0.041 0.098 0.061 0.068 0.079 0.094 0.044;0.052 0.068 0.051 0.037 0.053 0.116 0.057 0.081 0.041 0.098 0.061 0.068 0.094 0.079 0.044;0.052 0.051 0.116 0.041 0.068 0.068 0.037 0.053 0.057 0.098 0.094 0.081 0.079 0.061 0.044;
0.054 0.042 0.087 0.064 0.097 0.07 0.052 0.039 0.034 0.074 0.08 0.057 0.078 0.102 0.07;0.054 0.042 0.07 0.052 0.039 0.087 0.064 0.097 0.034 0.074 0.08 0.057 0.102 0.078 0.07;0.054 0.07 0.087 0.034 0.057 0.042 0.052 0.039 0.064 0.074 0.102 0.097 0.078 0.08 0.07;
0.057 0.062 0.086 0.073 0.086 0.063 0.041 0.056 0.036 0.088 0.066 0.067 0.088 0.093 0.038;0.057 0.062 0.063 0.041 0.056 0.086 0.073 0.086 0.036 0.088 0.066 0.067 0.093 0.088 0.038;0.057 0.063 0.086 0.036 0.067 0.062 0.041 0.056 0.073 0.088 0.093 0.086 0.088 0.066 0.038;
0.082 0.066 0.066 0.068 0.1 0.066 0.039 0.068 0.024 0.084 0.057 0.063 0.089 0.083 0.045;0.082 0.066 0.066 0.039 0.068 0.066 0.068 0.1 0.024 0.084 0.057 0.063 0.083 0.089 0.045;0.082 0.066 0.066 0.024 0.063 0.066 0.039 0.068 0.068 0.084 0.083 0.1 0.089 0.057 0.045;
0.068 0.071 0.088 0.076 0.086 0.057 0.038 0.057 0.049 0.084 0.053 0.056 0.072 0.095 0.05;0.068 0.071 0.057 0.038 0.057 0.088 0.076 0.086 0.049 0.084 0.053 0.056 0.095 0.072 0.05;0.068 0.057 0.088 0.049 0.056 0.071 0.038 0.057 0.076 0.084 0.095 0.086 0.072 0.053 0.05;
0.076 0.055 0.081 0.077 0.079 0.072 0.049 0.067 0.032 0.08 0.053 0.083 0.076 0.074 0.046;0.076 0.055 0.072 0.049 0.067 0.081 0.077 0.079 0.032 0.08 0.053 0.083 0.074 0.076 0.046;0.076 0.072 0.081 0.032 0.083 0.055 0.049 0.067 0.077 0.08 0.074 0.079 0.076 0.053 0.046;
0.071 0.057 0.088 0.074 0.075 0.059 0.041 0.063 0.04 0.077 0.058 0.061 0.089 0.089 0.058;0.071 0.057 0.059 0.041 0.063 0.088 0.074 0.075 0.04 0.077 0.058 0.061 0.089 0.089 0.058;0.071 0.059 0.088 0.04 0.061 0.057 0.041 0.063 0.074 0.077 0.089 0.075 0.089 0.058 0.058;
0.067 0.063 0.085 0.068 0.087 0.06 0.042 0.054 0.035 0.098 0.06 0.061 0.081 0.081 0.058;0.067 0.063 0.06 0.042 0.054 0.085 0.068 0.087 0.035 0.098 0.06 0.061 0.081 0.081 0.058;0.067 0.06 0.085 0.035 0.061 0.063 0.042 0.054 0.068 0.098 0.081 0.087 0.081 0.06 0.058;
0.064 0.07 0.083 0.081 0.091 0.044 0.045 0.046 0.024 0.092 0.056 0.065 0.085 0.089 0.065;0.064 0.07 0.044 0.045 0.046 0.083 0.081 0.091 0.024 0.092 0.056 0.065 0.089 0.085 0.065;0.064 0.044 0.083 0.024 0.065 0.07 0.045 0.046 0.081 0.092 0.089 0.091 0.085 0.056 0.065;
0.065 0.073 0.092 0.061 0.078 0.051 0.046 0.06 0.03 0.067 0.085 0.058 0.072 0.092 0.07;0.065 0.073 0.051 0.046 0.06 0.092 0.061 0.078 0.03 0.067 0.085 0.058 0.092 0.072 0.07;0.065 0.051 0.092 0.03 0.058 0.073 0.046 0.06 0.061 0.067 0.092 0.078 0.072 0.085 0.07;
0.067 0.05 0.094 0.076 0.083 0.053 0.044 0.061 0.037 0.087 0.066 0.052 0.074 0.101 0.055;0.067 0.05 0.053 0.044 0.061 0.094 0.076 0.083 0.037 0.087 0.066 0.052 0.101 0.074 0.055;0.067 0.053 0.094 0.037 0.052 0.05 0.044 0.061 0.076 0.087 0.101 0.083 0.074 0.066 0.055;
0.067 0.079 0.094 0.08 0.086 0.049 0.045 0.055 0.04 0.092 0.066 0.061 0.061 0.072 0.053;0.067 0.079 0.049 0.045 0.055 0.094 0.08 0.086 0.04 0.092 0.066 0.061 0.072 0.061 0.053;0.067 0.049 0.094 0.04 0.061 0.079 0.045 0.055 0.08 0.092 0.072 0.086 0.061 0.066 0.053;
0.077 0.059 0.08 0.072 0.098 0.065 0.03 0.056 0.023 0.068 0.065 0.078 0.086 0.084 0.059;0.077 0.059 0.065 0.03 0.056 0.08 0.072 0.098 0.023 0.068 0.065 0.078 0.084 0.086 0.059;0.077 0.065 0.08 0.023 0.078 0.059 0.03 0.056 0.072 0.068 0.084 0.098 0.086 0.065 0.059;
0.052 0.059 0.085 0.073 0.093 0.057 0.048 0.056 0.045 0.09 0.063 0.061 0.082 0.086 0.05;0.052 0.059 0.057 0.048 0.056 0.085 0.073 0.093 0.045 0.09 0.063 0.061 0.086 0.082 0.05;0.052 0.057 0.085 0.045 0.061 0.059 0.048 0.056 0.073 0.09 0.086 0.093 0.082 0.063 0.05;
0.081 0.044 0.098 0.08 0.083 0.066 0.039 0.057 0.035 0.086 0.065 0.063 0.07 0.089 0.044;0.081 0.044 0.066 0.039 0.057 0.098 0.08 0.083 0.035 0.086 0.065 0.063 0.089 0.07 0.044;0.081 0.066 0.098 0.035 0.063 0.044 0.039 0.057 0.08 0.086 0.089 0.083 0.07 0.065 0.044;
0.057 0.05 0.091 0.084 0.083 0.06 0.043 0.063 0.034 0.074 0.052 0.076 0.077 0.092 0.064;0.057 0.05 0.06 0.043 0.063 0.091 0.084 0.083 0.034 0.074 0.052 0.076 0.092 0.077 0.064;0.057 0.06 0.091 0.034 0.076 0.05 0.043 0.063 0.084 0.074 0.092 0.083 0.077 0.052 0.064;
0.073 0.057 0.087 0.072 0.081 0.05 0.042 0.058 0.035 0.098 0.056 0.083 0.077 0.081 0.05;0.073 0.057 0.05 0.042 0.058 0.087 0.072 0.081 0.035 0.098 0.056 0.083 0.081 0.077 0.05;0.073 0.05 0.087 0.035 0.083 0.057 0.042 0.058 0.072 0.098 0.081 0.081 0.077 0.056 0.05;
0.064 0.058 0.081 0.064 0.093 0.062 0.051 0.052 0.023 0.113 0.062 0.066 0.072 0.089 0.05;0.064 0.058 0.062 0.051 0.052 0.081 0.064 0.093 0.023 0.113 0.062 0.066 0.089 0.072 0.05;0.064 0.062 0.081 0.023 0.066 0.058 0.051 0.052 0.064 0.113 0.089 0.093 0.072 0.062 0.05;
0.046 0.069 0.107 0.058 0.077 0.062 0.056 0.05 0.05 0.078 0.057 0.061 0.086 0.097 0.046;0.046 0.069 0.062 0.056 0.05 0.107 0.058 0.077 0.05 0.078 0.057 0.061 0.097 0.086 0.046;0.046 0.062 0.107 0.05 0.061 0.069 0.056 0.05 0.058 0.078 0.097 0.077 0.086 0.057 0.046;
0.058 0.056 0.093 0.077 0.068 0.058 0.043 0.058 0.047 0.083 0.06 0.069 0.082 0.091 0.057;0.058 0.056 0.058 0.043 0.058 0.093 0.077 0.068 0.047 0.083 0.06 0.069 0.091 0.082 0.057;0.058 0.058 0.093 0.047 0.069 0.056 0.043 0.058 0.077 0.083 0.091 0.068 0.082 0.06 0.057;
0.071 0.048 0.078 0.066 0.089 0.066 0.037 0.057 0.036 0.095 0.055 0.065 0.094 0.089 0.054;0.071 0.048 0.066 0.037 0.057 0.078 0.066 0.089 0.036 0.095 0.055 0.065 0.089 0.094 0.054;0.071 0.066 0.078 0.036 0.065 0.048 0.037 0.057 0.066 0.095 0.089 0.089 0.094 0.055 0.054;
0.058 0.071 0.088 0.075 0.081 0.049 0.039 0.054 0.046 0.095 0.061 0.075 0.077 0.079 0.052;0.058 0.071 0.049 0.039 0.054 0.088 0.075 0.081 0.046 0.095 0.061 0.075 0.079 0.077 0.052;0.058 0.049 0.088 0.046 0.075 0.071 0.039 0.054 0.075 0.095 0.079 0.081 0.077 0.061 0.052;
0.064 0.049 0.098 0.08 0.08 0.058 0.045 0.052 0.033 0.099 0.061 0.061 0.086 0.09 0.044;0.064 0.049 0.058 0.045 0.052 0.098 0.08 0.08 0.033 0.099 0.061 0.061 0.09 0.086 0.044;0.064 0.058 0.098 0.033 0.061 0.049 0.045 0.052 0.08 0.099 0.09 0.08 0.086 0.061 0.044;
0.068 0.061 0.088 0.064 0.087 0.059 0.046 0.062 0.04 0.089 0.061 0.067 0.082 0.078 0.048;0.068 0.061 0.059 0.046 0.062 0.088 0.064 0.087 0.04 0.089 0.061 0.067 0.078 0.082 0.048;0.068 0.059 0.088 0.04 0.067 0.061 0.046 0.062 0.064 0.089 0.078 0.087 0.082 0.061 0.048;
0.082 0.065 0.079 0.049 0.091 0.06 0.038 0.06 0.032 0.066 0.078 0.071 0.087 0.089 0.053;0.082 0.065 0.06 0.038 0.06 0.079 0.049 0.091 0.032 0.066 0.078 0.071 0.089 0.087 0.053;0.082 0.06 0.079 0.032 0.071 0.065 0.038 0.06 0.049 0.066 0.089 0.091 0.087 0.078 0.053;
0.062 0.052 0.084 0.084 0.108 0.047 0.03 0.059 0.051 0.091 0.058 0.061 0.084 0.08 0.049;0.062 0.052 0.047 0.03 0.059 0.084 0.084 0.108 0.051 0.091 0.058 0.061 0.08 0.084 0.049;0.062 0.047 0.084 0.051 0.061 0.052 0.03 0.059 0.084 0.091 0.08 0.108 0.084 0.058 0.049;
0.073 0.061 0.09 0.061 0.084 0.066 0.041 0.054 0.041 0.091 0.067 0.054 0.078 0.086 0.053;0.073 0.061 0.066 0.041 0.054 0.09 0.061 0.084 0.041 0.091 0.067 0.054 0.086 0.078 0.053;0.073 0.066 0.09 0.041 0.054 0.061 0.041 0.054 0.061 0.091 0.086 0.084 0.078 0.067 0.053;
0.07 0.058 0.086 0.071 0.089 0.063 0.048 0.069 0.028 0.101 0.058 0.068 0.071 0.076 0.044;0.07 0.058 0.063 0.048 0.069 0.086 0.071 0.089 0.028 0.101 0.058 0.068 0.076 0.071 0.044;0.07 0.063 0.086 0.028 0.068 0.058 0.048 0.069 0.071 0.101 0.076 0.089 0.071 0.058 0.044;
0.067 0.058 0.092 0.064 0.085 0.048 0.051 0.066 0.039 0.093 0.052 0.061 0.076 0.091 0.057;0.067 0.058 0.048 0.051 0.066 0.092 0.064 0.085 0.039 0.093 0.052 0.061 0.091 0.076 0.057;0.067 0.048 0.092 0.039 0.061 0.058 0.051 0.066 0.064 0.093 0.091 0.085 0.076 0.052 0.057;
0.066 0.06 0.088 0.065 0.092 0.052 0.047 0.05 0.037 0.094 0.07 0.067 0.084 0.083 0.045;0.066 0.06 0.052 0.047 0.05 0.088 0.065 0.092 0.037 0.094 0.07 0.067 0.083 0.084 0.045;0.066 0.052 0.088 0.037 0.067 0.06 0.047 0.05 0.065 0.094 0.083 0.092 0.084 0.07 0.045;
0.078 0.058 0.085 0.066 0.093 0.071 0.049 0.063 0.037 0.086 0.05 0.064 0.08 0.079 0.041;0.078 0.058 0.071 0.049 0.063 0.085 0.066 0.093 0.037 0.086 0.05 0.064 0.079 0.08 0.041;0.078 0.071 0.085 0.037 0.064 0.058 0.049 0.063 0.066 0.086 0.079 0.093 0.08 0.05 0.041;
0.062 0.064 0.085 0.054 0.096 0.08 0.043 0.06 0.033 0.098 0.063 0.072 0.065 0.078 0.047;0.062 0.064 0.08 0.043 0.06 0.085 0.054 0.096 0.033 0.098 0.063 0.072 0.078 0.065 0.047;0.062 0.08 0.085 0.033 0.072 0.064 0.043 0.06 0.054 0.098 0.078 0.096 0.065 0.063 0.047;
0.068 0.069 0.069 0.069 0.094 0.049 0.049 0.056 0.03 0.079 0.07 0.067 0.088 0.088 0.055;0.068 0.069 0.049 0.049 0.056 0.069 0.069 0.094 0.03 0.079 0.07 0.067 0.088 0.088 0.055;0.068 0.049 0.069 0.03 0.067 0.069 0.049 0.056 0.069 0.079 0.088 0.094 0.088 0.07 0.055;
0.063 0.05 0.084 0.065 0.087 0.07 0.045 0.065 0.035 0.083 0.055 0.065 0.076 0.099 0.058;0.063 0.05 0.07 0.045 0.065 0.084 0.065 0.087 0.035 0.083 0.055 0.065 0.099 0.076 0.058;0.063 0.07 0.084 0.035 0.065 0.05 0.045 0.065 0.065 0.083 0.099 0.087 0.076 0.055 0.058;
0.061 0.065 0.106 0.072 0.099 0.052 0.035 0.064 0.032 0.082 0.046 0.071 0.086 0.074 0.055;0.061 0.065 0.052 0.035 0.064 0.106 0.072 0.099 0.032 0.082 0.046 0.071 0.074 0.086 0.055;0.061 0.052 0.106 0.032 0.071 0.065 0.035 0.064 0.072 0.082 0.074 0.099 0.086 0.046 0.055;
0.067 0.051 0.089 0.075 0.08 0.056 0.041 0.05 0.04 0.092 0.059 0.068 0.085 0.082 0.065;0.067 0.051 0.056 0.041 0.05 0.089 0.075 0.08 0.04 0.092 0.059 0.068 0.082 0.085 0.065;0.067 0.056 0.089 0.04 0.068 0.051 0.041 0.05 0.075 0.092 0.082 0.08 0.085 0.059 0.065;
0.056 0.059 0.093 0.064 0.095 0.067 0.046 0.052 0.032 0.084 0.052 0.066 0.102 0.076 0.056;0.056 0.059 0.067 0.046 0.052 0.093 0.064 0.095 0.032 0.084 0.052 0.066 0.076 0.102 0.056;0.056 0.067 0.093 0.032 0.066 0.059 0.046 0.052 0.064 0.084 0.076 0.095 0.102 0.052 0.056;
0.059 0.054 0.078 0.074 0.077 0.065 0.045 0.066 0.049 0.053 0.07 0.077 0.073 0.108 0.052;0.059 0.054 0.065 0.045 0.066 0.078 0.074 0.077 0.049 0.053 0.07 0.077 0.108 0.073 0.052;0.059 0.065 0.078 0.049 0.077 0.054 0.045 0.066 0.074 0.053 0.108 0.077 0.073 0.07 0.052;
0.068 0.051 0.078 0.063 0.082 0.052 0.044 0.07 0.039 0.089 0.069 0.058 0.085 0.089 0.063;0.068 0.051 0.052 0.044 0.07 0.078 0.063 0.082 0.039 0.089 0.069 0.058 0.089 0.085 0.063;0.068 0.052 0.078 0.039 0.058 0.051 0.044 0.07 0.063 0.089 0.089 0.082 0.085 0.069 0.063;
0.066 0.067 0.092 0.058 0.084 0.052 0.041 0.072 0.034 0.09 0.069 0.048 0.085 0.09 0.052;0.066 0.067 0.052 0.041 0.072 0.092 0.058 0.084 0.034 0.09 0.069 0.048 0.09 0.085 0.052;0.066 0.052 0.092 0.034 0.048 0.067 0.041 0.072 0.058 0.09 0.09 0.084 0.085 0.069 0.052;
0.062 0.065 0.073 0.071 0.091 0.055 0.051 0.059 0.039 0.088 0.067 0.055 0.086 0.085 0.053;0.062 0.065 0.055 0.051 0.059 0.073 0.071 0.091 0.039 0.088 0.067 0.055 0.085 0.086 0.053;0.062 0.055 0.073 0.039 0.055 0.065 0.051 0.059 0.071 0.088 0.085 0.091 0.086 0.067 0.053;
0.068 0.05 0.099 0.067 0.106 0.057 0.042 0.047 0.033 0.074 0.061 0.064 0.088 0.092 0.052;0.068 0.05 0.057 0.042 0.047 0.099 0.067 0.106 0.033 0.074 0.061 0.064 0.092 0.088 0.052;0.068 0.057 0.099 0.033 0.064 0.05 0.042 0.047 0.067 0.074 0.092 0.106 0.088 0.061 0.052;
0.051 0.07 0.106 0.063 0.081 0.068 0.044 0.048 0.039 0.097 0.058 0.055 0.079 0.087 0.054;0.051 0.07 0.068 0.044 0.048 0.106 0.063 0.081 0.039 0.097 0.058 0.055 0.087 0.079 0.054;0.051 0.068 0.106 0.039 0.055 0.07 0.044 0.048 0.063 0.097 0.087 0.081 0.079 0.058 0.054;
0.075 0.057 0.077 0.063 0.084 0.063 0.04 0.064 0.029 0.078 0.067 0.056 0.089 0.097 0.061;0.075 0.057 0.063 0.04 0.064 0.077 0.063 0.084 0.029 0.078 0.067 0.056 0.097 0.089 0.061;0.075 0.063 0.077 0.029 0.056 0.057 0.04 0.064 0.063 0.078 0.097 0.084 0.089 0.067 0.061;
0.078 0.058 0.083 0.073 0.082 0.061 0.043 0.058 0.034 0.082 0.049 0.065 0.083 0.089 0.062;0.078 0.058 0.061 0.043 0.058 0.083 0.073 0.082 0.034 0.082 0.049 0.065 0.089 0.083 0.062;0.078 0.061 0.083 0.034 0.065 0.058 0.043 0.058 0.073 0.082 0.089 0.082 0.083 0.049 0.062;
0.058 0.056 0.071 0.071 0.082 0.064 0.052 0.054 0.043 0.085 0.07 0.063 0.082 0.08 0.069;0.058 0.056 0.064 0.052 0.054 0.071 0.071 0.082 0.043 0.085 0.07 0.063 0.08 0.082 0.069;0.058 0.064 0.071 0.043 0.063 0.056 0.052 0.054 0.071 0.085 0.08 0.082 0.082 0.07 0.069;
0.062 0.051 0.075 0.079 0.093 0.073 0.041 0.066 0.045 0.099 0.058 0.058 0.084 0.064 0.052;0.062 0.051 0.073 0.041 0.066 0.075 0.079 0.093 0.045 0.099 0.058 0.058 0.064 0.084 0.052;0.062 0.073 0.075 0.045 0.058 0.051 0.041 0.066 0.079 0.099 0.064 0.093 0.084 0.058 0.052;
0.069 0.052 0.09 0.069 0.081 0.054 0.053 0.046 0.055 0.101 0.071 0.056 0.07 0.072 0.061;0.069 0.052 0.054 0.053 0.046 0.09 0.069 0.081 0.055 0.101 0.071 0.056 0.072 0.07 0.061;0.069 0.054 0.09 0.055 0.056 0.052 0.053 0.046 0.069 0.101 0.072 0.081 0.07 0.071 0.061;
0.069 0.051 0.114 0.068 0.082 0.062 0.05 0.059 0.028 0.087 0.051 0.062 0.084 0.087 0.046;0.069 0.051 0.062 0.05 0.059 0.114 0.068 0.082 0.028 0.087 0.051 0.062 0.087 0.084 0.046;0.069 0.062 0.114 0.028 0.062 0.051 0.05 0.059 0.068 0.087 0.087 0.082 0.084 0.051 0.046;
0.058 0.06 0.079 0.062 0.089 0.05 0.038 0.065 0.035 0.097 0.063 0.075 0.082 0.091 0.056;0.058 0.06 0.05 0.038 0.065 0.079 0.062 0.089 0.035 0.097 0.063 0.075 0.091 0.082 0.056;0.058 0.05 0.079 0.035 0.075 0.06 0.038 0.065 0.062 0.097 0.091 0.089 0.082 0.063 0.056;
0.063 0.066 0.099 0.072 0.071 0.058 0.046 0.042 0.035 0.096 0.05 0.065 0.088 0.102 0.047;0.063 0.066 0.058 0.046 0.042 0.099 0.072 0.071 0.035 0.096 0.05 0.065 0.102 0.088 0.047;0.063 0.058 0.099 0.035 0.065 0.066 0.046 0.042 0.072 0.096 0.102 0.071 0.088 0.05 0.047;
0.059 0.07 0.074 0.077 0.067 0.068 0.046 0.046 0.034 0.113 0.07 0.062 0.079 0.082 0.053;0.059 0.07 0.068 0.046 0.046 0.074 0.077 0.067 0.034 0.113 0.07 0.062 0.082 0.079 0.053;0.059 0.068 0.074 0.034 0.062 0.07 0.046 0.046 0.077 0.113 0.082 0.067 0.079 0.07 0.053;
0.07 0.057 0.086 0.076 0.076 0.056 0.029 0.064 0.027 0.103 0.062 0.083 0.083 0.083 0.045;0.07 0.057 0.056 0.029 0.064 0.086 0.076 0.076 0.027 0.103 0.062 0.083 0.083 0.083 0.045;0.07 0.056 0.086 0.027 0.083 0.057 0.029 0.064 0.076 0.103 0.083 0.076 0.083 0.062 0.045;
0.062 0.049 0.089 0.072 0.076 0.048 0.058 0.057 0.042 0.083 0.076 0.072 0.081 0.089 0.046;0.062 0.049 0.048 0.058 0.057 0.089 0.072 0.076 0.042 0.083 0.076 0.072 0.089 0.081 0.046;0.062 0.048 0.089 0.042 0.072 0.049 0.058 0.057 0.072 0.083 0.089 0.076 0.081 0.076 0.046;
0.077 0.054 0.086 0.06 0.081 0.065 0.033 0.063 0.033 0.072 0.058 0.069 0.096 0.096 0.057;0.077 0.054 0.065 0.033 0.063 0.086 0.06 0.081 0.033 0.072 0.058 0.069 0.096 0.096 0.057;0.077 0.065 0.086 0.033 0.069 0.054 0.033 0.063 0.06 0.072 0.096 0.081 0.096 0.058 0.057;
0.061 0.063 0.076 0.079 0.098 0.055 0.038 0.046 0.034 0.095 0.066 0.077 0.088 0.076 0.048;0.061 0.063 0.055 0.038 0.046 0.076 0.079 0.098 0.034 0.095 0.066 0.077 0.076 0.088 0.048;0.061 0.055 0.076 0.034 0.077 0.063 0.038 0.046 0.079 0.095 0.076 0.098 0.088 0.066 0.048;
0.073 0.057 0.088 0.078 0.079 0.048 0.051 0.06 0.042 0.069 0.074 0.071 0.075 0.077 0.058;0.073 0.057 0.048 0.051 0.06 0.088 0.078 0.079 0.042 0.069 0.074 0.071 0.077 0.075 0.058;0.073 0.048 0.088 0.042 0.071 0.057 0.051 0.06 0.078 0.069 0.077 0.079 0.075 0.074 0.058;
0.063 0.067 0.081 0.076 0.073 0.053 0.046 0.065 0.039 0.078 0.075 0.058 0.071 0.091 0.064;0.063 0.067 0.053 0.046 0.065 0.081 0.076 0.073 0.039 0.078 0.075 0.058 0.091 0.071 0.064;0.063 0.053 0.081 0.039 0.058 0.067 0.046 0.065 0.076 0.078 0.091 0.073 0.071 0.075 0.064;
0.077 0.053 0.103 0.069 0.083 0.047 0.033 0.055 0.028 0.101 0.072 0.064 0.09 0.079 0.046;0.077 0.053 0.047 0.033 0.055 0.103 0.069 0.083 0.028 0.101 0.072 0.064 0.079 0.09 0.046;0.077 0.047 0.103 0.028 0.064 0.053 0.033 0.055 0.069 0.101 0.079 0.083 0.09 0.072 0.046;
0.074 0.061 0.071 0.07 0.069 0.068 0.058 0.052 0.034 0.102 0.053 0.059 0.078 0.088 0.063;0.074 0.061 0.068 0.058 0.052 0.071 0.07 0.069 0.034 0.102 0.053 0.059 0.088 0.078 0.063;0.074 0.068 0.071 0.034 0.059 0.061 0.058 0.052 0.07 0.102 0.088 0.069 0.078 0.053 0.063;
0.066 0.059 0.102 0.072 0.081 0.062 0.041 0.056 0.038 0.085 0.068 0.063 0.082 0.077 0.048;0.066 0.059 0.062 0.041 0.056 0.102 0.072 0.081 0.038 0.085 0.068 0.063 0.077 0.082 0.048;0.066 0.062 0.102 0.038 0.063 0.059 0.041 0.056 0.072 0.085 0.077 0.081 0.082 0.068 0.048;
0.066 0.059 0.075 0.096 0.092 0.073 0.036 0.058 0.036 0.084 0.067 0.055 0.08 0.074 0.049;0.066 0.059 0.073 0.036 0.058 0.075 0.096 0.092 0.036 0.084 0.067 0.055 0.074 0.08 0.049;0.066 0.073 0.075 0.036 0.055 0.059 0.036 0.058 0.096 0.084 0.074 0.092 0.08 0.067 0.049;
0.086 0.069 0.092 0.057 0.076 0.058 0.034 0.051 0.04 0.084 0.065 0.064 0.08 0.09 0.054;0.086 0.069 0.058 0.034 0.051 0.092 0.057 0.076 0.04 0.084 0.065 0.064 0.09 0.08 0.054;0.086 0.058 0.092 0.04 0.064 0.069 0.034 0.051 0.057 0.084 0.09 0.076 0.08 0.065 0.054;
0.054 0.06 0.085 0.077 0.102 0.049 0.041 0.052 0.03 0.092 0.066 0.064 0.087 0.092 0.049;0.054 0.06 0.049 0.041 0.052 0.085 0.077 0.102 0.03 0.092 0.066 0.064 0.092 0.087 0.049;0.054 0.049 0.085 0.03 0.064 0.06 0.041 0.052 0.077 0.092 0.092 0.102 0.087 0.066 0.049;
0.071 0.054 0.08 0.075 0.078 0.073 0.043 0.056 0.038 0.08 0.061 0.072 0.076 0.086 0.057;0.071 0.054 0.073 0.043 0.056 0.08 0.075 0.078 0.038 0.08 0.061 0.072 0.086 0.076 0.057;0.071 0.073 0.08 0.038 0.072 0.054 0.043 0.056 0.075 0.08 0.086 0.078 0.076 0.061 0.057;
0.062 0.056 0.096 0.071 0.085 0.067 0.038 0.054 0.03 0.09 0.065 0.058 0.084 0.081 0.063;0.062 0.056 0.067 0.038 0.054 0.096 0.071 0.085 0.03 0.09 0.065 0.058 0.081 0.084 0.063;0.062 0.067 0.096 0.03 0.058 0.056 0.038 0.054 0.071 0.09 0.081 0.085 0.084 0.065 0.063;
0.056 0.051 0.084 0.078 0.087 0.067 0.045 0.052 0.033 0.07 0.069 0.093 0.077 0.083 0.055;0.056 0.051 0.067 0.045 0.052 0.084 0.078 0.087 0.033 0.07 0.069 0.093 0.083 0.077 0.055;0.056 0.067 0.084 0.033 0.093 0.051 0.045 0.052 0.078 0.07 0.083 0.087 0.077 0.069 0.055;
0.08 0.065 0.093 0.069 0.079 0.061 0.047 0.052 0.03 0.078 0.063 0.068 0.07 0.093 0.052;0.08 0.065 0.061 0.047 0.052 0.093 0.069 0.079 0.03 0.078 0.063 0.068 0.093 0.07 0.052;0.08 0.061 0.093 0.03 0.068 0.065 0.047 0.052 0.069 0.078 0.093 0.079 0.07 0.063 0.052;
0.064 0.067 0.095 0.065 0.087 0.047 0.039 0.055 0.038 0.094 0.065 0.066 0.088 0.08 0.05;0.064 0.067 0.047 0.039 0.055 0.095 0.065 0.087 0.038 0.094 0.065 0.066 0.08 0.088 0.05;0.064 0.047 0.095 0.038 0.066 0.067 0.039 0.055 0.065 0.094 0.08 0.087 0.088 0.065 0.05;
0.067 0.063 0.073 0.062 0.089 0.058 0.035 0.061 0.042 0.087 0.043 0.067 0.101 0.095 0.057;0.067 0.063 0.058 0.035 0.061 0.073 0.062 0.089 0.042 0.087 0.043 0.067 0.095 0.101 0.057;0.067 0.058 0.073 0.042 0.067 0.063 0.035 0.061 0.062 0.087 0.095 0.089 0.101 0.043 0.057;
0.077 0.055 0.082 0.058 0.09 0.065 0.04 0.062 0.039 0.082 0.067 0.063 0.091 0.082 0.047;0.077 0.055 0.065 0.04 0.062 0.082 0.058 0.09 0.039 0.082 0.067 0.063 0.082 0.091 0.047;0.077 0.065 0.082 0.039 0.063 0.055 0.04 0.062 0.058 0.082 0.082 0.09 0.091 0.067 0.047;
0.065 0.064 0.09 0.069 0.081 0.047 0.034 0.055 0.047 0.094 0.054 0.062 0.085 0.106 0.047;0.065 0.064 0.047 0.034 0.055 0.09 0.069 0.081 0.047 0.094 0.054 0.062 0.106 0.085 0.047;0.065 0.047 0.09 0.047 0.062 0.064 0.034 0.055 0.069 0.094 0.106 0.081 0.085 0.054 0.047;
0.062 0.06 0.105 0.073 0.095 0.063 0.035 0.052 0.039 0.078 0.057 0.061 0.079 0.084 0.057;0.062 0.06 0.063 0.035 0.052 0.105 0.073 0.095 0.039 0.078 0.057 0.061 0.084 0.079 0.057;0.062 0.063 0.105 0.039 0.061 0.06 0.035 0.052 0.073 0.078 0.084 0.095 0.079 0.057 0.057;
0.066 0.066 0.097 0.073 0.082 0.058 0.042 0.044 0.039 0.087 0.044 0.068 0.081 0.091 0.062;0.066 0.066 0.058 0.042 0.044 0.097 0.073 0.082 0.039 0.087 0.044 0.068 0.091 0.081 0.062;0.066 0.058 0.097 0.039 0.068 0.066 0.042 0.044 0.073 0.087 0.091 0.082 0.081 0.044 0.062;
0.054 0.072 0.087 0.078 0.092 0.057 0.039 0.043 0.037 0.089 0.064 0.06 0.08 0.095 0.053;0.054 0.072 0.057 0.039 0.043 0.087 0.078 0.092 0.037 0.089 0.064 0.06 0.095 0.08 0.053;0.054 0.057 0.087 0.037 0.06 0.072 0.039 0.043 0.078 0.089 0.095 0.092 0.08 0.064 0.053;
0.057 0.055 0.079 0.066 0.099 0.063 0.043 0.055 0.032 0.097 0.047 0.069 0.091 0.094 0.053;0.057 0.055 0.063 0.043 0.055 0.079 0.066 0.099 0.032 0.097 0.047 0.069 0.094 0.091 0.053;0.057 0.063 0.079 0.032 0.069 0.055 0.043 0.055 0.066 0.097 0.094 0.099 0.091 0.047 0.053;
0.059 0.057 0.074 0.071 0.083 0.062 0.05 0.056 0.034 0.094 0.064 0.069 0.085 0.091 0.051;0.059 0.057 0.062 0.05 0.056 0.074 0.071 0.083 0.034 0.094 0.064 0.069 0.091 0.085 0.051;0.059 0.062 0.074 0.034 0.069 0.057 0.05 0.056 0.071 0.094 0.091 0.083 0.085 0.064 0.051;
0.06 0.064 0.09 0.059 0.083 0.06 0.046 0.058 0.033 0.09 0.06 0.063 0.086 0.09 0.058;0.06 0.064 0.06 0.046 0.058 0.09 0.059 0.083 0.033 0.09 0.06 0.063 0.09 0.086 0.058;0.06 0.06 0.09 0.033 0.063 0.064 0.046 0.058 0.059 0.09 0.09 0.083 0.086 0.06 0.058;
0.063 0.062 0.083 0.071 0.079 0.058 0.046 0.062 0.035 0.089 0.062 0.071 0.081 0.085 0.053;0.063 0.062 0.058 0.046 0.062 0.083 0.071 0.079 0.035 0.089 0.062 0.071 0.085 0.081 0.053;0.063 0.058 0.083 0.035 0.071 0.062 0.046 0.062 0.071 0.089 0.085 0.079 0.081 0.062 0.053;
0.064 0.061 0.094 0.062 0.086 0.06 0.038 0.057 0.032 0.083 0.063 0.066 0.083 0.097 0.054;0.064 0.061 0.06 0.038 0.057 0.094 0.062 0.086 0.032 0.083 0.063 0.066 0.097 0.083 0.054;0.064 0.06 0.094 0.032 0.066 0.061 0.038 0.057 0.062 0.083 0.097 0.086 0.083 0.063 0.054;
0.053 0.056 0.083 0.082 0.094 0.066 0.043 0.053 0.04 0.086 0.073 0.062 0.087 0.084 0.038;0.053 0.056 0.066 0.043 0.053 0.083 0.082 0.094 0.04 0.086 0.073 0.062 0.084 0.087 0.038;0.053 0.066 0.083 0.04 0.062 0.056 0.043 0.053 0.082 0.086 0.084 0.094 0.087 0.073 0.038;
0.068 0.064 0.104 0.067 0.087 0.047 0.044 0.061 0.037 0.078 0.062 0.048 0.099 0.081 0.053;0.068 0.064 0.047 0.044 0.061 0.104 0.067 0.087 0.037 0.078 0.062 0.048 0.081 0.099 0.053;0.068 0.047 0.104 0.037 0.048 0.064 0.044 0.061 0.067 0.078 0.081 0.087 0.099 0.062 0.053;
0.065 0.067 0.089 0.069 0.096 0.068 0.049 0.062 0.031 0.093 0.056 0.06 0.063 0.088 0.044;0.065 0.067 0.068 0.049 0.062 0.089 0.069 0.096 0.031 0.093 0.056 0.06 0.088 0.063 0.044;0.065 0.068 0.089 0.031 0.06 0.067 0.049 0.062 0.069 0.093 0.088 0.096 0.063 0.056 0.044;
0.084 0.058 0.095 0.065 0.085 0.051 0.045 0.057 0.035 0.084 0.061 0.049 0.078 0.103 0.05;0.084 0.058 0.051 0.045 0.057 0.095 0.065 0.085 0.035 0.084 0.061 0.049 0.103 0.078 0.05;0.084 0.051 0.095 0.035 0.049 0.058 0.045 0.057 0.065 0.084 0.103 0.085 0.078 0.061 0.05];