pntP=[0.061 0.055 0.088 0.047 0.065 0.058 0.04 0.066 0.047 0.083 0.07 0.067 0.091 0.108 0.054;0.061 0.055 0.058 0.04 0.066 0.088 0.047 0.065 0.047 0.083 0.07 0.067 0.108 0.091 0.054;0.061 0.058 0.088 0.047 0.067 0.055 0.04 0.066 0.047 0.083 0.108 0.065 0.091 0.07 0.054;
0.068 0.062 0.08 0.073 0.082 0.037 0.045 0.054 0.037 0.092 0.066 0.071 0.089 0.097 0.047;0.068 0.062 0.037 0.045 0.054 0.08 0.073 0.082 0.037 0.092 0.066 0.071 0.097 0.089 0.047;0.068 0.037 0.08 0.037 0.071 0.062 0.045 0.054 0.073 0.092 0.097 0.082 0.089 0.066 0.047;
0.073 0.06 0.076 0.082 0.084 0.054 0.055 0.05 0.043 0.091 0.052 0.06 0.073 0.092 0.055;0.073 0.06 0.054 0.055 0.05 0.076 0.082 0.084 0.043 0.091 0.052 0.06 0.092 0.073 0.055;0.073 0.054 0.076 0.043 0.06 0.06 0.055 0.05 0.082 0.091 0.092 0.084 0.073 0.052 0.055;
0.054 0.054 0.09 0.075 0.093 0.061 0.042 0.054 0.034 0.09 0.062 0.068 0.07 0.087 0.066;0.054 0.054 0.061 0.042 0.054 0.09 0.075 0.093 0.034 0.09 0.062 0.068 0.087 0.07 0.066;0.054 0.061 0.09 0.034 0.068 0.054 0.042 0.054 0.075 0.09 0.087 0.093 0.07 0.062 0.066;
0.059 0.066 0.09 0.066 0.082 0.057 0.048 0.056 0.034 0.08 0.08 0.055 0.074 0.099 0.054;0.059 0.066 0.057 0.048 0.056 0.09 0.066 0.082 0.034 0.08 0.08 0.055 0.099 0.074 0.054;0.059 0.057 0.09 0.034 0.055 0.066 0.048 0.056 0.066 0.08 0.099 0.082 0.074 0.08 0.054;
0.069 0.075 0.084 0.061 0.086 0.053 0.039 0.051 0.039 0.078 0.064 0.075 0.083 0.081 0.062;0.069 0.075 0.053 0.039 0.051 0.084 0.061 0.086 0.039 0.078 0.064 0.075 0.081 0.083 0.062;0.069 0.053 0.084 0.039 0.075 0.075 0.039 0.051 0.061 0.078 0.081 0.086 0.083 0.064 0.062;
0.07 0.053 0.08 0.07 0.097 0.052 0.042 0.066 0.043 0.098 0.062 0.058 0.062 0.089 0.058;0.07 0.053 0.052 0.042 0.066 0.08 0.07 0.097 0.043 0.098 0.062 0.058 0.089 0.062 0.058;0.07 0.052 0.08 0.043 0.058 0.053 0.042 0.066 0.07 0.098 0.089 0.097 0.062 0.062 0.058;
0.062 0.058 0.097 0.059 0.102 0.05 0.055 0.05 0.035 0.077 0.066 0.069 0.092 0.085 0.043;0.062 0.058 0.05 0.055 0.05 0.097 0.059 0.102 0.035 0.077 0.066 0.069 0.085 0.092 0.043;0.062 0.05 0.097 0.035 0.069 0.058 0.055 0.05 0.059 0.077 0.085 0.102 0.092 0.066 0.043;
0.062 0.052 0.074 0.062 0.091 0.048 0.051 0.069 0.049 0.091 0.059 0.076 0.088 0.091 0.037;0.062 0.052 0.048 0.051 0.069 0.074 0.062 0.091 0.049 0.091 0.059 0.076 0.091 0.088 0.037;0.062 0.048 0.074 0.049 0.076 0.052 0.051 0.069 0.062 0.091 0.091 0.091 0.088 0.059 0.037;
0.068 0.058 0.083 0.072 0.089 0.055 0.041 0.066 0.043 0.083 0.058 0.069 0.067 0.098 0.05;0.068 0.058 0.055 0.041 0.066 0.083 0.072 0.089 0.043 0.083 0.058 0.069 0.098 0.067 0.05;0.068 0.055 0.083 0.043 0.069 0.058 0.041 0.066 0.072 0.083 0.098 0.089 0.067 0.058 0.05;
0.07 0.047 0.094 0.063 0.079 0.052 0.045 0.061 0.038 0.09 0.073 0.074 0.078 0.079 0.057;0.07 0.047 0.052 0.045 0.061 0.094 0.063 0.079 0.038 0.09 0.073 0.074 0.079 0.078 0.057;0.07 0.052 0.094 0.038 0.074 0.047 0.045 0.061 0.063 0.09 0.079 0.079 0.078 0.073 0.057;
0.064 0.063 0.094 0.077 0.087 0.061 0.047 0.051 0.037 0.08 0.069 0.063 0.085 0.078 0.044;0.064 0.063 0.061 0.047 0.051 0.094 0.077 0.087 0.037 0.08 0.069 0.063 0.078 0.085 0.044;0.064 0.061 0.094 0.037 0.063 0.063 0.047 0.051 0.077 0.08 0.078 0.087 0.085 0.069 0.044;
0.066 0.049 0.093 0.063 0.096 0.053 0.041 0.065 0.042 0.093 0.069 0.059 0.071 0.086 0.054;0.066 0.049 0.053 0.041 0.065 0.093 0.063 0.096 0.042 0.093 0.069 0.059 0.086 0.071 0.054;0.066 0.053 0.093 0.042 0.059 0.049 0.041 0.065 0.063 0.093 0.086 0.096 0.071 0.069 0.054;
0.063 0.067 0.084 0.067 0.106 0.055 0.046 0.061 0.037 0.085 0.052 0.064 0.081 0.086 0.046;0.063 0.067 0.055 0.046 0.061 0.084 0.067 0.106 0.037 0.085 0.052 0.064 0.086 0.081 0.046;0.063 0.055 0.084 0.037 0.064 0.067 0.046 0.061 0.067 0.085 0.086 0.106 0.081 0.052 0.046;
0.086 0.056 0.071 0.065 0.087 0.06 0.037 0.06 0.043 0.091 0.063 0.065 0.08 0.079 0.057;0.086 0.056 0.06 0.037 0.06 0.071 0.065 0.087 0.043 0.091 0.063 0.065 0.079 0.08 0.057;0.086 0.06 0.071 0.043 0.065 0.056 0.037 0.06 0.065 0.091 0.079 0.087 0.08 0.063 0.057;
0.067 0.05 0.089 0.072 0.081 0.053 0.039 0.042 0.047 0.101 0.062 0.067 0.075 0.102 0.053;0.067 0.05 0.053 0.039 0.042 0.089 0.072 0.081 0.047 0.101 0.062 0.067 0.102 0.075 0.053;0.067 0.053 0.089 0.047 0.067 0.05 0.039 0.042 0.072 0.101 0.102 0.081 0.075 0.062 0.053;
0.048 0.065 0.071 0.078 0.086 0.061 0.049 0.062 0.042 0.083 0.053 0.072 0.08 0.096 0.054;0.048 0.065 0.061 0.049 0.062 0.071 0.078 0.086 0.042 0.083 0.053 0.072 0.096 0.08 0.054;0.048 0.061 0.071 0.042 0.072 0.065 0.049 0.062 0.078 0.083 0.096 0.086 0.08 0.053 0.054;
0.07 0.07 0.074 0.077 0.087 0.062 0.054 0.043 0.028 0.084 0.055 0.07 0.092 0.081 0.053;0.07 0.07 0.062 0.054 0.043 0.074 0.077 0.087 0.028 0.084 0.055 0.07 0.081 0.092 0.053;0.07 0.062 0.074 0.028 0.07 0.07 0.054 0.043 0.077 0.084 0.081 0.087 0.092 0.055 0.053;
0.072 0.064 0.093 0.061 0.089 0.06 0.046 0.058 0.051 0.079 0.053 0.052 0.083 0.09 0.049;0.072 0.064 0.06 0.046 0.058 0.093 0.061 0.089 0.051 0.079 0.053 0.052 0.09 0.083 0.049;0.072 0.06 0.093 0.051 0.052 0.064 0.046 0.058 0.061 0.079 0.09 0.089 0.083 0.053 0.049;
0.068 0.07 0.084 0.066 0.091 0.053 0.042 0.06 0.048 0.089 0.061 0.048 0.073 0.086 0.061;0.068 0.07 0.053 0.042 0.06 0.084 0.066 0.091 0.048 0.089 0.061 0.048 0.086 0.073 0.061;0.068 0.053 0.084 0.048 0.048 0.07 0.042 0.06 0.066 0.089 0.086 0.091 0.073 0.061 0.061;
0.058 0.064 0.076 0.063 0.089 0.054 0.047 0.054 0.038 0.099 0.052 0.057 0.083 0.103 0.063;0.058 0.064 0.054 0.047 0.054 0.076 0.063 0.089 0.038 0.099 0.052 0.057 0.103 0.083 0.063;0.058 0.054 0.076 0.038 0.057 0.064 0.047 0.054 0.063 0.099 0.103 0.089 0.083 0.052 0.063;
0.065 0.065 0.089 0.071 0.079 0.068 0.047 0.058 0.042 0.084 0.06 0.064 0.075 0.072 0.061;0.065 0.065 0.068 0.047 0.058 0.089 0.071 0.079 0.042 0.084 0.06 0.064 0.072 0.075 0.061;0.065 0.068 0.089 0.042 0.064 0.065 0.047 0.058 0.071 0.084 0.072 0.079 0.075 0.06 0.061;
0.067 0.069 0.077 0.06 0.096 0.049 0.049 0.059 0.047 0.072 0.074 0.063 0.083 0.086 0.049;0.067 0.069 0.049 0.049 0.059 0.077 0.06 0.096 0.047 0.072 0.074 0.063 0.086 0.083 0.049;0.067 0.049 0.077 0.047 0.063 0.069 0.049 0.059 0.06 0.072 0.086 0.096 0.083 0.074 0.049;
0.081 0.054 0.08 0.074 0.093 0.052 0.039 0.058 0.027 0.107 0.061 0.059 0.077 0.075 0.063;0.081 0.054 0.052 0.039 0.058 0.08 0.074 0.093 0.027 0.107 0.061 0.059 0.075 0.077 0.063;0.081 0.052 0.08 0.027 0.059 0.054 0.039 0.058 0.074 0.107 0.075 0.093 0.077 0.061 0.063;
0.071 0.046 0.096 0.068 0.078 0.054 0.043 0.052 0.029 0.072 0.066 0.084 0.099 0.088 0.054;0.071 0.046 0.054 0.043 0.052 0.096 0.068 0.078 0.029 0.072 0.066 0.084 0.088 0.099 0.054;0.071 0.054 0.096 0.029 0.084 0.046 0.043 0.052 0.068 0.072 0.088 0.078 0.099 0.066 0.054;
0.071 0.063 0.065 0.065 0.079 0.069 0.042 0.061 0.039 0.079 0.076 0.063 0.087 0.093 0.048;0.071 0.063 0.069 0.042 0.061 0.065 0.065 0.079 0.039 0.079 0.076 0.063 0.093 0.087 0.048;0.071 0.069 0.065 0.039 0.063 0.063 0.042 0.061 0.065 0.079 0.093 0.079 0.087 0.076 0.048;
0.077 0.061 0.066 0.075 0.082 0.051 0.056 0.061 0.046 0.084 0.069 0.064 0.079 0.088 0.041;0.077 0.061 0.051 0.056 0.061 0.066 0.075 0.082 0.046 0.084 0.069 0.064 0.088 0.079 0.041;0.077 0.051 0.066 0.046 0.064 0.061 0.056 0.061 0.075 0.084 0.088 0.082 0.079 0.069 0.041;
0.061 0.047 0.079 0.072 0.093 0.054 0.038 0.058 0.041 0.096 0.07 0.064 0.092 0.076 0.059;0.061 0.047 0.054 0.038 0.058 0.079 0.072 0.093 0.041 0.096 0.07 0.064 0.076 0.092 0.059;0.061 0.054 0.079 0.041 0.064 0.047 0.038 0.058 0.072 0.096 0.076 0.093 0.092 0.07 0.059;
0.069 0.068 0.09 0.053 0.083 0.067 0.04 0.056 0.034 0.09 0.062 0.057 0.081 0.095 0.055;0.069 0.068 0.067 0.04 0.056 0.09 0.053 0.083 0.034 0.09 0.062 0.057 0.095 0.081 0.055;0.069 0.067 0.09 0.034 0.057 0.068 0.04 0.056 0.053 0.09 0.095 0.083 0.081 0.062 0.055;
0.069 0.074 0.07 0.056 0.08 0.069 0.048 0.071 0.033 0.084 0.072 0.06 0.088 0.069 0.057;0.069 0.074 0.069 0.048 0.071 0.07 0.056 0.08 0.033 0.084 0.072 0.06 0.069 0.088 0.057;0.069 0.069 0.07 0.033 0.06 0.074 0.048 0.071 0.056 0.084 0.069 0.08 0.088 0.072 0.057;
0.065 0.058 0.074 0.067 0.085 0.06 0.051 0.054 0.047 0.079 0.063 0.063 0.087 0.094 0.053;0.065 0.058 0.06 0.051 0.054 0.074 0.067 0.085 0.047 0.079 0.063 0.063 0.094 0.087 0.053;0.065 0.06 0.074 0.047 0.063 0.058 0.051 0.054 0.067 0.079 0.094 0.085 0.087 0.063 0.053;
0.072 0.062 0.093 0.075 0.082 0.058 0.047 0.054 0.031 0.081 0.068 0.062 0.075 0.091 0.049;0.072 0.062 0.058 0.047 0.054 0.093 0.075 0.082 0.031 0.081 0.068 0.062 0.091 0.075 0.049;0.072 0.058 0.093 0.031 0.062 0.062 0.047 0.054 0.075 0.081 0.091 0.082 0.075 0.068 0.049;
0.077 0.066 0.08 0.058 0.089 0.07 0.054 0.054 0.031 0.073 0.079 0.071 0.076 0.079 0.043;0.077 0.066 0.07 0.054 0.054 0.08 0.058 0.089 0.031 0.073 0.079 0.071 0.079 0.076 0.043;0.077 0.07 0.08 0.031 0.071 0.066 0.054 0.054 0.058 0.073 0.079 0.089 0.076 0.079 0.043;
0.076 0.058 0.083 0.055 0.082 0.056 0.044 0.071 0.033 0.087 0.075 0.059 0.079 0.082 0.06;0.076 0.058 0.056 0.044 0.071 0.083 0.055 0.082 0.033 0.087 0.075 0.059 0.082 0.079 0.06;0.076 0.056 0.083 0.033 0.059 0.058 0.044 0.071 0.055 0.087 0.082 0.082 0.079 0.075 0.06;
0.059 0.056 0.084 0.085 0.077 0.069 0.046 0.065 0.036 0.072 0.056 0.059 0.085 0.096 0.055;0.059 0.056 0.069 0.046 0.065 0.084 0.085 0.077 0.036 0.072 0.056 0.059 0.096 0.085 0.055;0.059 0.069 0.084 0.036 0.059 0.056 0.046 0.065 0.085 0.072 0.096 0.077 0.085 0.056 0.055;
0.066 0.051 0.083 0.064 0.092 0.058 0.04 0.056 0.039 0.097 0.056 0.057 0.1 0.085 0.056;0.066 0.051 0.058 0.04 0.056 0.083 0.064 0.092 0.039 0.097 0.056 0.057 0.085 0.1 0.056;0.066 0.058 0.083 0.039 0.057 0.051 0.04 0.056 0.064 0.097 0.085 0.092 0.1 0.056 0.056;
0.057 0.06 0.084 0.076 0.088 0.059 0.047 0.054 0.032 0.087 0.052 0.066 0.098 0.092 0.048;0.057 0.06 0.059 0.047 0.054 0.084 0.076 0.088 0.032 0.087 0.052 0.066 0.092 0.098 0.048;0.057 0.059 0.084 0.032 0.066 0.06 0.047 0.054 0.076 0.087 0.092 0.088 0.098 0.052 0.048;
0.076 0.055 0.094 0.061 0.083 0.057 0.051 0.057 0.041 0.081 0.077 0.058 0.068 0.092 0.049;0.076 0.055 0.057 0.051 0.057 0.094 0.061 0.083 0.041 0.081 0.077 0.058 0.092 0.068 0.049;0.076 0.057 0.094 0.041 0.058 0.055 0.051 0.057 0.061 0.081 0.092 0.083 0.068 0.077 0.049;
0.068 0.052 0.072 0.067 0.087 0.053 0.045 0.062 0.038 0.081 0.062 0.066 0.082 0.111 0.054;0.068 0.052 0.053 0.045 0.062 0.072 0.067 0.087 0.038 0.081 0.062 0.066 0.111 0.082 0.054;0.068 0.053 0.072 0.038 0.066 0.052 0.045 0.062 0.067 0.081 0.111 0.087 0.082 0.062 0.054;
0.066 0.066 0.089 0.068 0.104 0.053 0.042 0.058 0.031 0.087 0.061 0.055 0.088 0.074 0.058;0.066 0.066 0.053 0.042 0.058 0.089 0.068 0.104 0.031 0.087 0.061 0.055 0.074 0.088 0.058;0.066 0.053 0.089 0.031 0.055 0.066 0.042 0.058 0.068 0.087 0.074 0.104 0.088 0.061 0.058;
0.051 0.068 0.11 0.071 0.074 0.061 0.046 0.052 0.029 0.08 0.06 0.062 0.1 0.084 0.052;0.051 0.068 0.061 0.046 0.052 0.11 0.071 0.074 0.029 0.08 0.06 0.062 0.084 0.1 0.052;0.051 0.061 0.11 0.029 0.062 0.068 0.046 0.052 0.071 0.08 0.084 0.074 0.1 0.06 0.052;
0.074 0.063 0.09 0.056 0.078 0.063 0.039 0.068 0.047 0.075 0.066 0.068 0.081 0.074 0.058;0.074 0.063 0.063 0.039 0.068 0.09 0.056 0.078 0.047 0.075 0.066 0.068 0.074 0.081 0.058;0.074 0.063 0.09 0.047 0.068 0.063 0.039 0.068 0.056 0.075 0.074 0.078 0.081 0.066 0.058;
0.062 0.068 0.075 0.073 0.096 0.055 0.044 0.047 0.042 0.091 0.05 0.068 0.089 0.081 0.059;0.062 0.068 0.055 0.044 0.047 0.075 0.073 0.096 0.042 0.091 0.05 0.068 0.081 0.089 0.059;0.062 0.055 0.075 0.042 0.068 0.068 0.044 0.047 0.073 0.091 0.081 0.096 0.089 0.05 0.059;
0.064 0.049 0.076 0.084 0.085 0.068 0.048 0.058 0.038 0.098 0.06 0.064 0.083 0.069 0.056;0.064 0.049 0.068 0.048 0.058 0.076 0.084 0.085 0.038 0.098 0.06 0.064 0.069 0.083 0.056;0.064 0.068 0.076 0.038 0.064 0.049 0.048 0.058 0.084 0.098 0.069 0.085 0.083 0.06 0.056;
0.068 0.057 0.088 0.067 0.09 0.064 0.048 0.054 0.036 0.078 0.062 0.06 0.082 0.087 0.059;0.068 0.057 0.064 0.048 0.054 0.088 0.067 0.09 0.036 0.078 0.062 0.06 0.087 0.082 0.059;0.068 0.064 0.088 0.036 0.06 0.057 0.048 0.054 0.067 0.078 0.087 0.09 0.082 0.062 0.059;
0.064 0.061 0.063 0.055 0.088 0.076 0.05 0.06 0.037 0.099 0.067 0.063 0.086 0.085 0.046;0.064 0.061 0.076 0.05 0.06 0.063 0.055 0.088 0.037 0.099 0.067 0.063 0.085 0.086 0.046;0.064 0.076 0.063 0.037 0.063 0.061 0.05 0.06 0.055 0.099 0.085 0.088 0.086 0.067 0.046;
0.079 0.066 0.101 0.073 0.075 0.059 0.044 0.051 0.041 0.088 0.066 0.057 0.071 0.085 0.044;0.079 0.066 0.059 0.044 0.051 0.101 0.073 0.075 0.041 0.088 0.066 0.057 0.085 0.071 0.044;0.079 0.059 0.101 0.041 0.057 0.066 0.044 0.051 0.073 0.088 0.085 0.075 0.071 0.066 0.044;
0.066 0.061 0.103 0.057 0.092 0.055 0.04 0.052 0.045 0.086 0.061 0.065 0.076 0.085 0.056;0.066 0.061 0.055 0.04 0.052 0.103 0.057 0.092 0.045 0.086 0.061 0.065 0.085 0.076 0.056;0.066 0.055 0.103 0.045 0.065 0.061 0.04 0.052 0.057 0.086 0.085 0.092 0.076 0.061 0.056;
0.057 0.055 0.078 0.06 0.103 0.059 0.056 0.054 0.042 0.091 0.06 0.078 0.07 0.088 0.049;0.057 0.055 0.059 0.056 0.054 0.078 0.06 0.103 0.042 0.091 0.06 0.078 0.088 0.07 0.049;0.057 0.059 0.078 0.042 0.078 0.055 0.056 0.054 0.06 0.091 0.088 0.103 0.07 0.06 0.049;
0.065 0.053 0.076 0.066 0.098 0.058 0.06 0.064 0.033 0.086 0.059 0.065 0.072 0.089 0.056;0.065 0.053 0.058 0.06 0.064 0.076 0.066 0.098 0.033 0.086 0.059 0.065 0.089 0.072 0.056;0.065 0.058 0.076 0.033 0.065 0.053 0.06 0.064 0.066 0.086 0.089 0.098 0.072 0.059 0.056;
0.065 0.076 0.091 0.067 0.08 0.072 0.038 0.053 0.041 0.077 0.062 0.057 0.081 0.091 0.049;0.065 0.076 0.072 0.038 0.053 0.091 0.067 0.08 0.041 0.077 0.062 0.057 0.091 0.081 0.049;0.065 0.072 0.091 0.041 0.057 0.076 0.038 0.053 0.067 0.077 0.091 0.08 0.081 0.062 0.049;
0.078 0.06 0.08 0.08 0.086 0.052 0.037 0.056 0.039 0.084 0.07 0.053 0.074 0.096 0.055;0.078 0.06 0.052 0.037 0.056 0.08 0.08 0.086 0.039 0.084 0.07 0.053 0.096 0.074 0.055;0.078 0.052 0.08 0.039 0.053 0.06 0.037 0.056 0.08 0.084 0.096 0.086 0.074 0.07 0.055;
0.066 0.059 0.087 0.078 0.085 0.071 0.04 0.058 0.04 0.082 0.055 0.07 0.095 0.076 0.038;0.066 0.059 0.071 0.04 0.058 0.087 0.078 0.085 0.04 0.082 0.055 0.07 0.076 0.095 0.038;0.066 0.071 0.087 0.04 0.07 0.059 0.04 0.058 0.078 0.082 0.076 0.085 0.095 0.055 0.038;
0.059 0.049 0.101 0.062 0.084 0.063 0.043 0.065 0.046 0.093 0.068 0.045 0.067 0.092 0.063;0.059 0.049 0.063 0.043 0.065 0.101 0.062 0.084 0.046 0.093 0.068 0.045 0.092 0.067 0.063;0.059 0.063 0.101 0.046 0.045 0.049 0.043 0.065 0.062 0.093 0.092 0.084 0.067 0.068 0.063;
0.062 0.058 0.075 0.071 0.081 0.059 0.05 0.055 0.04 0.068 0.067 0.072 0.083 0.098 0.061;0.062 0.058 0.059 0.05 0.055 0.075 0.071 0.081 0.04 0.068 0.067 0.072 0.098 0.083 0.061;0.062 0.059 0.075 0.04 0.072 0.058 0.05 0.055 0.071 0.068 0.098 0.081 0.083 0.067 0.061;
0.065 0.079 0.088 0.077 0.069 0.062 0.038 0.054 0.039 0.079 0.061 0.068 0.075 0.086 0.06;0.065 0.079 0.062 0.038 0.054 0.088 0.077 0.069 0.039 0.079 0.061 0.068 0.086 0.075 0.06;0.065 0.062 0.088 0.039 0.068 0.079 0.038 0.054 0.077 0.079 0.086 0.069 0.075 0.061 0.06;
0.078 0.051 0.069 0.065 0.093 0.054 0.036 0.068 0.048 0.102 0.064 0.056 0.089 0.071 0.056;0.078 0.051 0.054 0.036 0.068 0.069 0.065 0.093 0.048 0.102 0.064 0.056 0.071 0.089 0.056;0.078 0.054 0.069 0.048 0.056 0.051 0.036 0.068 0.065 0.102 0.071 0.093 0.089 0.064 0.056;
0.058 0.042 0.093 0.079 0.083 0.078 0.044 0.066 0.033 0.081 0.067 0.062 0.073 0.088 0.053;0.058 0.042 0.078 0.044 0.066 0.093 0.079 0.083 0.033 0.081 0.067 0.062 0.088 0.073 0.053;0.058 0.078 0.093 0.033 0.062 0.042 0.044 0.066 0.079 0.081 0.088 0.083 0.073 0.067 0.053;
0.074 0.065 0.087 0.068 0.093 0.057 0.043 0.057 0.038 0.083 0.06 0.061 0.076 0.089 0.049;0.074 0.065 0.057 0.043 0.057 0.087 0.068 0.093 0.038 0.083 0.06 0.061 0.089 0.076 0.049;0.074 0.057 0.087 0.038 0.061 0.065 0.043 0.057 0.068 0.083 0.089 0.093 0.076 0.06 0.049;
0.046 0.048 0.075 0.078 0.094 0.05 0.058 0.07 0.047 0.097 0.058 0.063 0.073 0.081 0.062;0.046 0.048 0.05 0.058 0.07 0.075 0.078 0.094 0.047 0.097 0.058 0.063 0.081 0.073 0.062;0.046 0.05 0.075 0.047 0.063 0.048 0.058 0.07 0.078 0.097 0.081 0.094 0.073 0.058 0.062;
0.058 0.066 0.086 0.066 0.098 0.055 0.05 0.056 0.041 0.071 0.053 0.067 0.08 0.086 0.067;0.058 0.066 0.055 0.05 0.056 0.086 0.066 0.098 0.041 0.071 0.053 0.067 0.086 0.08 0.067;0.058 0.055 0.086 0.041 0.067 0.066 0.05 0.056 0.066 0.071 0.086 0.098 0.08 0.053 0.067;
0.07 0.059 0.083 0.056 0.077 0.067 0.041 0.061 0.05 0.086 0.073 0.067 0.078 0.073 0.059;0.07 0.059 0.067 0.041 0.061 0.083 0.056 0.077 0.05 0.086 0.073 0.067 0.073 0.078 0.059;0.07 0.067 0.083 0.05 0.067 0.059 0.041 0.061 0.056 0.086 0.073 0.077 0.078 0.073 0.059;
0.067 0.055 0.099 0.068 0.079 0.053 0.052 0.053 0.037 0.077 0.064 0.062 0.086 0.094 0.054;0.067 0.055 0.053 0.052 0.053 0.099 0.068 0.079 0.037 0.077 0.064 0.062 0.094 0.086 0.054;0.067 0.053 0.099 0.037 0.062 0.055 0.052 0.053 0.068 0.077 0.094 0.079 0.086 0.064 0.054;
0.076 0.065 0.078 0.065 0.081 0.055 0.041 0.055 0.025 0.097 0.08 0.052 0.075 0.097 0.058;0.076 0.065 0.055 0.041 0.055 0.078 0.065 0.081 0.025 0.097 0.08 0.052 0.097 0.075 0.058;0.076 0.055 0.078 0.025 0.052 0.065 0.041 0.055 0.065 0.097 0.097 0.081 0.075 0.08 0.058;
0.061 0.056 0.086 0.074 0.093 0.055 0.044 0.054 0.041 0.089 0.071 0.069 0.068 0.078 0.061;0.061 0.056 0.055 0.044 0.054 0.086 0.074 0.093 0.041 0.089 0.071 0.069 0.078 0.068 0.061;0.061 0.055 0.086 0.041 0.069 0.056 0.044 0.054 0.074 0.089 0.078 0.093 0.068 0.071 0.061;
0.062 0.054 0.082 0.063 0.082 0.073 0.035 0.058 0.037 0.091 0.063 0.07 0.098 0.085 0.047;0.062 0.054 0.073 0.035 0.058 0.082 0.063 0.082 0.037 0.091 0.063 0.07 0.085 0.098 0.047;0.062 0.073 0.082 0.037 0.07 0.054 0.035 0.058 0.063 0.091 0.085 0.082 0.098 0.063 0.047;
0.067 0.049 0.088 0.076 0.095 0.069 0.043 0.053 0.039 0.074 0.066 0.056 0.079 0.082 0.064;0.067 0.049 0.069 0.043 0.053 0.088 0.076 0.095 0.039 0.074 0.066 0.056 0.082 0.079 0.064;0.067 0.069 0.088 0.039 0.056 0.049 0.043 0.053 0.076 0.074 0.082 0.095 0.079 0.066 0.064;
0.062 0.055 0.099 0.061 0.099 0.062 0.057 0.046 0.038 0.1 0.044 0.06 0.088 0.086 0.043;0.062 0.055 0.062 0.057 0.046 0.099 0.061 0.099 0.038 0.1 0.044 0.06 0.086 0.088 0.043;0.062 0.062 0.099 0.038 0.06 0.055 0.057 0.046 0.061 0.1 0.086 0.099 0.088 0.044 0.043;
0.047 0.052 0.097 0.066 0.08 0.055 0.044 0.053 0.037 0.088 0.078 0.071 0.089 0.084 0.059;0.047 0.052 0.055 0.044 0.053 0.097 0.066 0.08 0.037 0.088 0.078 0.071 0.084 0.089 0.059;0.047 0.055 0.097 0.037 0.071 0.052 0.044 0.053 0.066 0.088 0.084 0.08 0.089 0.078 0.059;
0.066 0.065 0.07 0.058 0.094 0.057 0.045 0.062 0.034 0.075 0.076 0.06 0.088 0.099 0.051;0.066 0.065 0.057 0.045 0.062 0.07 0.058 0.094 0.034 0.075 0.076 0.06 0.099 0.088 0.051;0.066 0.057 0.07 0.034 0.06 0.065 0.045 0.062 0.058 0.075 0.099 0.094 0.088 0.076 0.051;
0.058 0.053 0.075 0.064 0.097 0.068 0.038 0.05 0.036 0.092 0.069 0.064 0.091 0.09 0.055;0.058 0.053 0.068 0.038 0.05 0.075 0.064 0.097 0.036 0.092 0.069 0.064 0.09 0.091 0.055;0.058 0.068 0.075 0.036 0.064 0.053 0.038 0.05 0.064 0.092 0.09 0.097 0.091 0.069 0.055;
0.052 0.054 0.083 0.069 0.083 0.071 0.046 0.054 0.042 0.094 0.072 0.068 0.083 0.079 0.05;0.052 0.054 0.071 0.046 0.054 0.083 0.069 0.083 0.042 0.094 0.072 0.068 0.079 0.083 0.05;0.052 0.071 0.083 0.042 0.068 0.054 0.046 0.054 0.069 0.094 0.079 0.083 0.083 0.072 0.05;
0.059 0.056 0.095 0.061 0.086 0.046 0.037 0.067 0.046 0.074 0.057 0.075 0.089 0.087 0.065;0.059 0.056 0.046 0.037 0.067 0.095 0.061 0.086 0.046 0.074 0.057 0.075 0.087 0.089 0.065;0.059 0.046 0.095 0.046 0.075 0.056 0.037 0.067 0.061 0.074 0.087 0.086 0.089 0.057 0.065;
0.055 0.052 0.088 0.069 0.094 0.064 0.035 0.06 0.036 0.085 0.076 0.077 0.091 0.066 0.052;0.055 0.052 0.064 0.035 0.06 0.088 0.069 0.094 0.036 0.085 0.076 0.077 0.066 0.091 0.052;0.055 0.064 0.088 0.036 0.077 0.052 0.035 0.06 0.069 0.085 0.066 0.094 0.091 0.076 0.052;
0.073 0.047 0.102 0.057 0.083 0.065 0.048 0.056 0.029 0.083 0.083 0.069 0.075 0.079 0.051;0.073 0.047 0.065 0.048 0.056 0.102 0.057 0.083 0.029 0.083 0.083 0.069 0.079 0.075 0.051;0.073 0.065 0.102 0.029 0.069 0.047 0.048 0.056 0.057 0.083 0.079 0.083 0.075 0.083 0.051;
0.069 0.067 0.086 0.07 0.097 0.06 0.054 0.051 0.036 0.092 0.067 0.064 0.07 0.069 0.048;0.069 0.067 0.06 0.054 0.051 0.086 0.07 0.097 0.036 0.092 0.067 0.064 0.069 0.07 0.048;0.069 0.06 0.086 0.036 0.064 0.067 0.054 0.051 0.07 0.092 0.069 0.097 0.07 0.067 0.048;
0.055 0.055 0.081 0.078 0.081 0.061 0.053 0.06 0.041 0.084 0.064 0.06 0.086 0.085 0.056;0.055 0.055 0.061 0.053 0.06 0.081 0.078 0.081 0.041 0.084 0.064 0.06 0.085 0.086 0.056;0.055 0.061 0.081 0.041 0.06 0.055 0.053 0.06 0.078 0.084 0.085 0.081 0.086 0.064 0.056;
0.066 0.057 0.081 0.08 0.08 0.05 0.045 0.065 0.03 0.112 0.065 0.052 0.064 0.087 0.066;0.066 0.057 0.05 0.045 0.065 0.081 0.08 0.08 0.03 0.112 0.065 0.052 0.087 0.064 0.066;0.066 0.05 0.081 0.03 0.052 0.057 0.045 0.065 0.08 0.112 0.087 0.08 0.064 0.065 0.066;
0.046 0.058 0.105 0.062 0.084 0.053 0.054 0.051 0.041 0.109 0.062 0.046 0.086 0.091 0.052;0.046 0.058 0.053 0.054 0.051 0.105 0.062 0.084 0.041 0.109 0.062 0.046 0.091 0.086 0.052;0.046 0.053 0.105 0.041 0.046 0.058 0.054 0.051 0.062 0.109 0.091 0.084 0.086 0.062 0.052;
0.064 0.059 0.064 0.075 0.08 0.068 0.043 0.057 0.047 0.084 0.065 0.069 0.079 0.098 0.048;0.064 0.059 0.068 0.043 0.057 0.064 0.075 0.08 0.047 0.084 0.065 0.069 0.098 0.079 0.048;0.064 0.068 0.064 0.047 0.069 0.059 0.043 0.057 0.075 0.084 0.098 0.08 0.079 0.065 0.048;
0.061 0.059 0.109 0.081 0.072 0.06 0.028 0.058 0.033 0.095 0.078 0.052 0.094 0.075 0.045;0.061 0.059 0.06 0.028 0.058 0.109 0.081 0.072 0.033 0.095 0.078 0.052 0.075 0.094 0.045;0.061 0.06 0.109 0.033 0.052 0.059 0.028 0.058 0.081 0.095 0.075 0.072 0.094 0.078 0.045;
0.069 0.057 0.08 0.075 0.1 0.073 0.043 0.052 0.034 0.084 0.058 0.078 0.08 0.08 0.037;0.069 0.057 0.073 0.043 0.052 0.08 0.075 0.1 0.034 0.084 0.058 0.078 0.08 0.08 0.037;0.069 0.073 0.08 0.034 0.078 0.057 0.043 0.052 0.075 0.084 0.08 0.1 0.08 0.058 0.037;
0.068 0.07 0.08 0.08 0.084 0.064 0.04 0.061 0.038 0.069 0.068 0.058 0.074 0.101 0.045;0.068 0.07 0.064 0.04 0.061 0.08 0.08 0.084 0.038 0.069 0.068 0.058 0.101 0.074 0.045;0.068 0.064 0.08 0.038 0.058 0.07 0.04 0.061 0.08 0.069 0.101 0.084 0.074 0.068 0.045;
0.075 0.042 0.071 0.073 0.079 0.067 0.041 0.057 0.034 0.102 0.078 0.072 0.089 0.069 0.051;0.075 0.042 0.067 0.041 0.057 0.071 0.073 0.079 0.034 0.102 0.078 0.072 0.069 0.089 0.051;0.075 0.067 0.071 0.034 0.072 0.042 0.041 0.057 0.073 0.102 0.069 0.079 0.089 0.078 0.051;
0.051 0.055 0.098 0.084 0.079 0.048 0.039 0.055 0.027 0.102 0.061 0.058 0.078 0.104 0.061;0.051 0.055 0.048 0.039 0.055 0.098 0.084 0.079 0.027 0.102 0.061 0.058 0.104 0.078 0.061;0.051 0.048 0.098 0.027 0.058 0.055 0.039 0.055 0.084 0.102 0.104 0.079 0.078 0.061 0.061;
0.063 0.053 0.081 0.065 0.118 0.06 0.041 0.065 0.032 0.1 0.066 0.058 0.08 0.075 0.043;0.063 0.053 0.06 0.041 0.065 0.081 0.065 0.118 0.032 0.1 0.066 0.058 0.075 0.08 0.043;0.063 0.06 0.081 0.032 0.058 0.053 0.041 0.065 0.065 0.1 0.075 0.118 0.08 0.066 0.043;
0.067 0.052 0.085 0.072 0.071 0.068 0.037 0.05 0.034 0.095 0.071 0.054 0.093 0.093 0.058;0.067 0.052 0.068 0.037 0.05 0.085 0.072 0.071 0.034 0.095 0.071 0.054 0.093 0.093 0.058;0.067 0.068 0.085 0.034 0.054 0.052 0.037 0.05 0.072 0.095 0.093 0.071 0.093 0.071 0.058;
0.067 0.067 0.073 0.057 0.084 0.06 0.048 0.06 0.041 0.088 0.058 0.065 0.099 0.078 0.055;0.067 0.067 0.06 0.048 0.06 0.073 0.057 0.084 0.041 0.088 0.058 0.065 0.078 0.099 0.055;0.067 0.06 0.073 0.041 0.065 0.067 0.048 0.06 0.057 0.088 0.078 0.084 0.099 0.058 0.055;
0.06 0.061 0.089 0.063 0.092 0.055 0.045 0.064 0.035 0.081 0.059 0.072 0.074 0.083 0.067;0.06 0.061 0.055 0.045 0.064 0.089 0.063 0.092 0.035 0.081 0.059 0.072 0.083 0.074 0.067;0.06 0.055 0.089 0.035 0.072 0.061 0.045 0.064 0.063 0.081 0.083 0.092 0.074 0.059 0.067;
0.079 0.05 0.101 0.059 0.085 0.06 0.043 0.062 0.047 0.08 0.066 0.071 0.065 0.082 0.05;0.079 0.05 0.06 0.043 0.062 0.101 0.059 0.085 0.047 0.08 0.066 0.071 0.082 0.065 0.05;0.079 0.06 0.101 0.047 0.071 0.05 0.043 0.062 0.059 0.08 0.082 0.085 0.065 0.066 0.05;
0.051 0.055 0.096 0.081 0.075 0.056 0.043 0.043 0.042 0.085 0.072 0.07 0.088 0.083 0.06;0.051 0.055 0.056 0.043 0.043 0.096 0.081 0.075 0.042 0.085 0.072 0.07 0.083 0.088 0.06;0.051 0.056 0.096 0.042 0.07 0.055 0.043 0.043 0.081 0.085 0.083 0.075 0.088 0.072 0.06;
0.066 0.047 0.096 0.064 0.089 0.075 0.048 0.067 0.041 0.089 0.065 0.058 0.076 0.081 0.038;0.066 0.047 0.075 0.048 0.067 0.096 0.064 0.089 0.041 0.089 0.065 0.058 0.081 0.076 0.038;0.066 0.075 0.096 0.041 0.058 0.047 0.048 0.067 0.064 0.089 0.081 0.089 0.076 0.065 0.038;
0.069 0.051 0.083 0.057 0.076 0.054 0.048 0.052 0.041 0.094 0.07 0.066 0.081 0.101 0.057;0.069 0.051 0.054 0.048 0.052 0.083 0.057 0.076 0.041 0.094 0.07 0.066 0.101 0.081 0.057;0.069 0.054 0.083 0.041 0.066 0.051 0.048 0.052 0.057 0.094 0.101 0.076 0.081 0.07 0.057;
0.065 0.06 0.086 0.088 0.083 0.051 0.05 0.062 0.04 0.069 0.058 0.058 0.087 0.093 0.05;0.065 0.06 0.051 0.05 0.062 0.086 0.088 0.083 0.04 0.069 0.058 0.058 0.093 0.087 0.05;0.065 0.051 0.086 0.04 0.058 0.06 0.05 0.062 0.088 0.069 0.093 0.083 0.087 0.058 0.05;
0.061 0.056 0.092 0.069 0.093 0.066 0.048 0.057 0.04 0.078 0.053 0.057 0.08 0.088 0.062;0.061 0.056 0.066 0.048 0.057 0.092 0.069 0.093 0.04 0.078 0.053 0.057 0.088 0.08 0.062;0.061 0.066 0.092 0.04 0.057 0.056 0.048 0.057 0.069 0.078 0.088 0.093 0.08 0.053 0.062;
0.053 0.068 0.086 0.058 0.094 0.069 0.043 0.051 0.03 0.077 0.076 0.067 0.08 0.091 0.057;0.053 0.068 0.069 0.043 0.051 0.086 0.058 0.094 0.03 0.077 0.076 0.067 0.091 0.08 0.057;0.053 0.069 0.086 0.03 0.067 0.068 0.043 0.051 0.058 0.077 0.091 0.094 0.08 0.076 0.057;
0.065 0.059 0.091 0.066 0.079 0.07 0.043 0.056 0.037 0.085 0.062 0.065 0.083 0.086 0.053;0.065 0.059 0.07 0.043 0.056 0.091 0.066 0.079 0.037 0.085 0.062 0.065 0.086 0.083 0.053;0.065 0.07 0.091 0.037 0.065 0.059 0.043 0.056 0.066 0.085 0.086 0.079 0.083 0.062 0.053;
0.077 0.066 0.09 0.066 0.083 0.072 0.041 0.053 0.033 0.095 0.06 0.06 0.077 0.067 0.06;0.077 0.066 0.072 0.041 0.053 0.09 0.066 0.083 0.033 0.095 0.06 0.06 0.067 0.077 0.06;0.077 0.072 0.09 0.033 0.06 0.066 0.041 0.053 0.066 0.095 0.067 0.083 0.077 0.06 0.06;
0.072 0.057 0.082 0.065 0.097 0.062 0.038 0.066 0.037 0.078 0.056 0.06 0.094 0.084 0.052;0.072 0.057 0.062 0.038 0.066 0.082 0.065 0.097 0.037 0.078 0.056 0.06 0.084 0.094 0.052;0.072 0.062 0.082 0.037 0.06 0.057 0.038 0.066 0.065 0.078 0.084 0.097 0.094 0.056 0.052;
0.053 0.051 0.08 0.06 0.109 0.06 0.043 0.07 0.035 0.077 0.065 0.066 0.093 0.092 0.046;0.053 0.051 0.06 0.043 0.07 0.08 0.06 0.109 0.035 0.077 0.065 0.066 0.092 0.093 0.046;0.053 0.06 0.08 0.035 0.066 0.051 0.043 0.07 0.06 0.077 0.092 0.109 0.093 0.065 0.046];