pntP=[0.079 0.09 0.06 0.1 0.124 0.093 0.053 0.082 0.018 0.043 0.039 0.049 0.046 0.083 0.041;0.079 0.09 0.093 0.053 0.082 0.06 0.1 0.124 0.018 0.043 0.039 0.049 0.083 0.046 0.041;0.079 0.093 0.06 0.018 0.049 0.09 0.053 0.082 0.1 0.043 0.083 0.124 0.046 0.039 0.041;
0.076 0.108 0.033 0.084 0.1 0.115 0.041 0.098 0.015 0.045 0.047 0.041 0.047 0.111 0.039;0.076 0.108 0.115 0.041 0.098 0.033 0.084 0.1 0.015 0.045 0.047 0.041 0.111 0.047 0.039;0.076 0.115 0.033 0.015 0.041 0.108 0.041 0.098 0.084 0.045 0.111 0.1 0.047 0.047 0.039;
0.069 0.099 0.055 0.097 0.096 0.103 0.045 0.095 0.029 0.043 0.046 0.049 0.043 0.087 0.044;0.069 0.099 0.103 0.045 0.095 0.055 0.097 0.096 0.029 0.043 0.046 0.049 0.087 0.043 0.044;0.069 0.103 0.055 0.029 0.049 0.099 0.045 0.095 0.097 0.043 0.087 0.096 0.043 0.046 0.044;
0.068 0.113 0.048 0.104 0.095 0.077 0.046 0.079 0.02 0.061 0.044 0.046 0.055 0.099 0.045;0.068 0.113 0.077 0.046 0.079 0.048 0.104 0.095 0.02 0.061 0.044 0.046 0.099 0.055 0.045;0.068 0.077 0.048 0.02 0.046 0.113 0.046 0.079 0.104 0.061 0.099 0.095 0.055 0.044 0.045;
0.072 0.098 0.061 0.096 0.09 0.089 0.047 0.089 0.019 0.047 0.044 0.054 0.052 0.091 0.051;0.072 0.098 0.089 0.047 0.089 0.061 0.096 0.09 0.019 0.047 0.044 0.054 0.091 0.052 0.051;0.072 0.089 0.061 0.019 0.054 0.098 0.047 0.089 0.096 0.047 0.091 0.09 0.052 0.044 0.051;
0.067 0.109 0.044 0.098 0.08 0.096 0.037 0.108 0.021 0.045 0.053 0.043 0.052 0.101 0.046;0.067 0.109 0.096 0.037 0.108 0.044 0.098 0.08 0.021 0.045 0.053 0.043 0.101 0.052 0.046;0.067 0.096 0.044 0.021 0.043 0.109 0.037 0.108 0.098 0.045 0.101 0.08 0.052 0.053 0.046;
0.066 0.096 0.049 0.098 0.099 0.096 0.048 0.084 0.018 0.046 0.048 0.057 0.047 0.098 0.05;0.066 0.096 0.096 0.048 0.084 0.049 0.098 0.099 0.018 0.046 0.048 0.057 0.098 0.047 0.05;0.066 0.096 0.049 0.018 0.057 0.096 0.048 0.084 0.098 0.046 0.098 0.099 0.047 0.048 0.05;
0.073 0.106 0.042 0.106 0.102 0.095 0.043 0.084 0.024 0.059 0.053 0.045 0.046 0.085 0.037;0.073 0.106 0.095 0.043 0.084 0.042 0.106 0.102 0.024 0.059 0.053 0.045 0.085 0.046 0.037;0.073 0.095 0.042 0.024 0.045 0.106 0.043 0.084 0.106 0.059 0.085 0.102 0.046 0.053 0.037;
0.082 0.084 0.05 0.1 0.106 0.102 0.043 0.082 0.021 0.056 0.037 0.057 0.036 0.101 0.043;0.082 0.084 0.102 0.043 0.082 0.05 0.1 0.106 0.021 0.056 0.037 0.057 0.101 0.036 0.043;0.082 0.102 0.05 0.021 0.057 0.084 0.043 0.082 0.1 0.056 0.101 0.106 0.036 0.037 0.043;
0.055 0.104 0.054 0.11 0.095 0.11 0.036 0.086 0.025 0.059 0.048 0.044 0.038 0.087 0.049;0.055 0.104 0.11 0.036 0.086 0.054 0.11 0.095 0.025 0.059 0.048 0.044 0.087 0.038 0.049;0.055 0.11 0.054 0.025 0.044 0.104 0.036 0.086 0.11 0.059 0.087 0.095 0.038 0.048 0.049;
0.083 0.098 0.04 0.111 0.088 0.098 0.043 0.092 0.028 0.059 0.043 0.053 0.043 0.085 0.036;0.083 0.098 0.098 0.043 0.092 0.04 0.111 0.088 0.028 0.059 0.043 0.053 0.085 0.043 0.036;0.083 0.098 0.04 0.028 0.053 0.098 0.043 0.092 0.111 0.059 0.085 0.088 0.043 0.043 0.036;
0.082 0.105 0.052 0.118 0.095 0.105 0.037 0.085 0.018 0.055 0.046 0.045 0.038 0.088 0.031;0.082 0.105 0.105 0.037 0.085 0.052 0.118 0.095 0.018 0.055 0.046 0.045 0.088 0.038 0.031;0.082 0.105 0.052 0.018 0.045 0.105 0.037 0.085 0.118 0.055 0.088 0.095 0.038 0.046 0.031;
0.079 0.097 0.05 0.091 0.101 0.114 0.038 0.089 0.022 0.058 0.048 0.036 0.034 0.097 0.046;0.079 0.097 0.114 0.038 0.089 0.05 0.091 0.101 0.022 0.058 0.048 0.036 0.097 0.034 0.046;0.079 0.114 0.05 0.022 0.036 0.097 0.038 0.089 0.091 0.058 0.097 0.101 0.034 0.048 0.046;
0.076 0.088 0.047 0.097 0.097 0.095 0.041 0.094 0.022 0.049 0.051 0.056 0.047 0.099 0.041;0.076 0.088 0.095 0.041 0.094 0.047 0.097 0.097 0.022 0.049 0.051 0.056 0.099 0.047 0.041;0.076 0.095 0.047 0.022 0.056 0.088 0.041 0.094 0.097 0.049 0.099 0.097 0.047 0.051 0.041;
0.086 0.097 0.049 0.087 0.083 0.102 0.044 0.092 0.022 0.05 0.054 0.05 0.048 0.094 0.042;0.086 0.097 0.102 0.044 0.092 0.049 0.087 0.083 0.022 0.05 0.054 0.05 0.094 0.048 0.042;0.086 0.102 0.049 0.022 0.05 0.097 0.044 0.092 0.087 0.05 0.094 0.083 0.048 0.054 0.042;
0.074 0.102 0.052 0.106 0.095 0.087 0.048 0.085 0.022 0.047 0.047 0.04 0.043 0.112 0.04;0.074 0.102 0.087 0.048 0.085 0.052 0.106 0.095 0.022 0.047 0.047 0.04 0.112 0.043 0.04;0.074 0.087 0.052 0.022 0.04 0.102 0.048 0.085 0.106 0.047 0.112 0.095 0.043 0.047 0.04;
0.079 0.091 0.048 0.101 0.108 0.109 0.048 0.08 0.022 0.041 0.039 0.036 0.044 0.117 0.037;0.079 0.091 0.109 0.048 0.08 0.048 0.101 0.108 0.022 0.041 0.039 0.036 0.117 0.044 0.037;0.079 0.109 0.048 0.022 0.036 0.091 0.048 0.08 0.101 0.041 0.117 0.108 0.044 0.039 0.037;
0.075 0.098 0.05 0.091 0.088 0.098 0.05 0.075 0.03 0.043 0.057 0.046 0.042 0.103 0.054;0.075 0.098 0.098 0.05 0.075 0.05 0.091 0.088 0.03 0.043 0.057 0.046 0.103 0.042 0.054;0.075 0.098 0.05 0.03 0.046 0.098 0.05 0.075 0.091 0.043 0.103 0.088 0.042 0.057 0.054;
0.081 0.094 0.047 0.099 0.095 0.099 0.036 0.087 0.021 0.057 0.036 0.043 0.045 0.113 0.047;0.081 0.094 0.099 0.036 0.087 0.047 0.099 0.095 0.021 0.057 0.036 0.043 0.113 0.045 0.047;0.081 0.099 0.047 0.021 0.043 0.094 0.036 0.087 0.099 0.057 0.113 0.095 0.045 0.036 0.047;
0.071 0.1 0.034 0.115 0.098 0.104 0.048 0.086 0.031 0.033 0.036 0.046 0.058 0.094 0.046;0.071 0.1 0.104 0.048 0.086 0.034 0.115 0.098 0.031 0.033 0.036 0.046 0.094 0.058 0.046;0.071 0.104 0.034 0.031 0.046 0.1 0.048 0.086 0.115 0.033 0.094 0.098 0.058 0.036 0.046;
0.075 0.104 0.047 0.091 0.09 0.101 0.043 0.092 0.029 0.047 0.062 0.042 0.047 0.091 0.039;0.075 0.104 0.101 0.043 0.092 0.047 0.091 0.09 0.029 0.047 0.062 0.042 0.091 0.047 0.039;0.075 0.101 0.047 0.029 0.042 0.104 0.043 0.092 0.091 0.047 0.091 0.09 0.047 0.062 0.039;
0.074 0.103 0.054 0.091 0.089 0.102 0.038 0.087 0.02 0.053 0.043 0.063 0.038 0.097 0.048;0.074 0.103 0.102 0.038 0.087 0.054 0.091 0.089 0.02 0.053 0.043 0.063 0.097 0.038 0.048;0.074 0.102 0.054 0.02 0.063 0.103 0.038 0.087 0.091 0.053 0.097 0.089 0.038 0.043 0.048;
0.069 0.098 0.065 0.088 0.087 0.116 0.057 0.092 0.02 0.043 0.031 0.042 0.049 0.095 0.048;0.069 0.098 0.116 0.057 0.092 0.065 0.088 0.087 0.02 0.043 0.031 0.042 0.095 0.049 0.048;0.069 0.116 0.065 0.02 0.042 0.098 0.057 0.092 0.088 0.043 0.095 0.087 0.049 0.031 0.048;
0.069 0.072 0.057 0.101 0.094 0.12 0.046 0.082 0.022 0.042 0.05 0.043 0.055 0.095 0.052;0.069 0.072 0.12 0.046 0.082 0.057 0.101 0.094 0.022 0.042 0.05 0.043 0.095 0.055 0.052;0.069 0.12 0.057 0.022 0.043 0.072 0.046 0.082 0.101 0.042 0.095 0.094 0.055 0.05 0.052;
0.065 0.1 0.047 0.111 0.095 0.082 0.049 0.081 0.018 0.049 0.047 0.058 0.043 0.102 0.053;0.065 0.1 0.082 0.049 0.081 0.047 0.111 0.095 0.018 0.049 0.047 0.058 0.102 0.043 0.053;0.065 0.082 0.047 0.018 0.058 0.1 0.049 0.081 0.111 0.049 0.102 0.095 0.043 0.047 0.053;
0.073 0.096 0.053 0.119 0.082 0.104 0.045 0.068 0.025 0.039 0.043 0.045 0.056 0.107 0.045;0.073 0.096 0.104 0.045 0.068 0.053 0.119 0.082 0.025 0.039 0.043 0.045 0.107 0.056 0.045;0.073 0.104 0.053 0.025 0.045 0.096 0.045 0.068 0.119 0.039 0.107 0.082 0.056 0.043 0.045;
0.07 0.108 0.051 0.096 0.1 0.111 0.04 0.078 0.024 0.048 0.039 0.04 0.053 0.096 0.046;0.07 0.108 0.111 0.04 0.078 0.051 0.096 0.1 0.024 0.048 0.039 0.04 0.096 0.053 0.046;0.07 0.111 0.051 0.024 0.04 0.108 0.04 0.078 0.096 0.048 0.096 0.1 0.053 0.039 0.046;
0.066 0.097 0.045 0.118 0.088 0.1 0.043 0.095 0.022 0.05 0.045 0.039 0.046 0.1 0.046;0.066 0.097 0.1 0.043 0.095 0.045 0.118 0.088 0.022 0.05 0.045 0.039 0.1 0.046 0.046;0.066 0.1 0.045 0.022 0.039 0.097 0.043 0.095 0.118 0.05 0.1 0.088 0.046 0.045 0.046;
0.082 0.111 0.051 0.112 0.083 0.087 0.041 0.089 0.018 0.047 0.04 0.041 0.046 0.104 0.048;0.082 0.111 0.087 0.041 0.089 0.051 0.112 0.083 0.018 0.047 0.04 0.041 0.104 0.046 0.048;0.082 0.087 0.051 0.018 0.041 0.111 0.041 0.089 0.112 0.047 0.104 0.083 0.046 0.04 0.048;
0.068 0.103 0.056 0.093 0.092 0.106 0.044 0.1 0.02 0.052 0.044 0.043 0.041 0.099 0.039;0.068 0.103 0.106 0.044 0.1 0.056 0.093 0.092 0.02 0.052 0.044 0.043 0.099 0.041 0.039;0.068 0.106 0.056 0.02 0.043 0.103 0.044 0.1 0.093 0.052 0.099 0.092 0.041 0.044 0.039;
0.064 0.093 0.051 0.109 0.103 0.103 0.045 0.09 0.021 0.046 0.047 0.058 0.03 0.092 0.048;0.064 0.093 0.103 0.045 0.09 0.051 0.109 0.103 0.021 0.046 0.047 0.058 0.092 0.03 0.048;0.064 0.103 0.051 0.021 0.058 0.093 0.045 0.09 0.109 0.046 0.092 0.103 0.03 0.047 0.048;
0.073 0.1 0.053 0.093 0.085 0.101 0.05 0.083 0.021 0.058 0.045 0.052 0.041 0.096 0.049;0.073 0.1 0.101 0.05 0.083 0.053 0.093 0.085 0.021 0.058 0.045 0.052 0.096 0.041 0.049;0.073 0.101 0.053 0.021 0.052 0.1 0.05 0.083 0.093 0.058 0.096 0.085 0.041 0.045 0.049;
0.081 0.1 0.051 0.096 0.085 0.083 0.044 0.099 0.033 0.063 0.04 0.043 0.056 0.085 0.041;0.081 0.1 0.083 0.044 0.099 0.051 0.096 0.085 0.033 0.063 0.04 0.043 0.085 0.056 0.041;0.081 0.083 0.051 0.033 0.043 0.1 0.044 0.099 0.096 0.063 0.085 0.085 0.056 0.04 0.041;
0.07 0.099 0.058 0.096 0.095 0.105 0.036 0.092 0.029 0.048 0.034 0.042 0.054 0.106 0.036;0.07 0.099 0.105 0.036 0.092 0.058 0.096 0.095 0.029 0.048 0.034 0.042 0.106 0.054 0.036;0.07 0.105 0.058 0.029 0.042 0.099 0.036 0.092 0.096 0.048 0.106 0.095 0.054 0.034 0.036;
0.07 0.108 0.045 0.098 0.088 0.097 0.05 0.081 0.03 0.045 0.045 0.034 0.052 0.106 0.051;0.07 0.108 0.097 0.05 0.081 0.045 0.098 0.088 0.03 0.045 0.045 0.034 0.106 0.052 0.051;0.07 0.097 0.045 0.03 0.034 0.108 0.05 0.081 0.098 0.045 0.106 0.088 0.052 0.045 0.051;
0.082 0.102 0.046 0.087 0.087 0.099 0.037 0.086 0.027 0.045 0.044 0.053 0.051 0.108 0.046;0.082 0.102 0.099 0.037 0.086 0.046 0.087 0.087 0.027 0.045 0.044 0.053 0.108 0.051 0.046;0.082 0.099 0.046 0.027 0.053 0.102 0.037 0.086 0.087 0.045 0.108 0.087 0.051 0.044 0.046;
0.082 0.1 0.057 0.108 0.11 0.085 0.044 0.088 0.026 0.043 0.041 0.046 0.045 0.087 0.038;0.082 0.1 0.085 0.044 0.088 0.057 0.108 0.11 0.026 0.043 0.041 0.046 0.087 0.045 0.038;0.082 0.085 0.057 0.026 0.046 0.1 0.044 0.088 0.108 0.043 0.087 0.11 0.045 0.041 0.038;
0.075 0.099 0.051 0.101 0.089 0.102 0.037 0.089 0.023 0.04 0.047 0.045 0.048 0.105 0.049;0.075 0.099 0.102 0.037 0.089 0.051 0.101 0.089 0.023 0.04 0.047 0.045 0.105 0.048 0.049;0.075 0.102 0.051 0.023 0.045 0.099 0.037 0.089 0.101 0.04 0.105 0.089 0.048 0.047 0.049;
0.079 0.111 0.05 0.092 0.109 0.104 0.044 0.075 0.019 0.049 0.034 0.038 0.044 0.113 0.039;0.079 0.111 0.104 0.044 0.075 0.05 0.092 0.109 0.019 0.049 0.034 0.038 0.113 0.044 0.039;0.079 0.104 0.05 0.019 0.038 0.111 0.044 0.075 0.092 0.049 0.113 0.109 0.044 0.034 0.039;
0.086 0.099 0.042 0.079 0.093 0.113 0.052 0.08 0.026 0.038 0.051 0.05 0.043 0.094 0.054;0.086 0.099 0.113 0.052 0.08 0.042 0.079 0.093 0.026 0.038 0.051 0.05 0.094 0.043 0.054;0.086 0.113 0.042 0.026 0.05 0.099 0.052 0.08 0.079 0.038 0.094 0.093 0.043 0.051 0.054;
0.081 0.091 0.041 0.11 0.096 0.106 0.044 0.09 0.031 0.042 0.037 0.039 0.044 0.095 0.053;0.081 0.091 0.106 0.044 0.09 0.041 0.11 0.096 0.031 0.042 0.037 0.039 0.095 0.044 0.053;0.081 0.106 0.041 0.031 0.039 0.091 0.044 0.09 0.11 0.042 0.095 0.096 0.044 0.037 0.053;
0.069 0.101 0.051 0.105 0.102 0.095 0.054 0.082 0.026 0.045 0.048 0.049 0.045 0.095 0.033;0.069 0.101 0.095 0.054 0.082 0.051 0.105 0.102 0.026 0.045 0.048 0.049 0.095 0.045 0.033;0.069 0.095 0.051 0.026 0.049 0.101 0.054 0.082 0.105 0.045 0.095 0.102 0.045 0.048 0.033;
0.079 0.106 0.053 0.1 0.095 0.105 0.036 0.091 0.023 0.047 0.048 0.043 0.036 0.099 0.039;0.079 0.106 0.105 0.036 0.091 0.053 0.1 0.095 0.023 0.047 0.048 0.043 0.099 0.036 0.039;0.079 0.105 0.053 0.023 0.043 0.106 0.036 0.091 0.1 0.047 0.099 0.095 0.036 0.048 0.039;
0.082 0.082 0.062 0.093 0.099 0.108 0.044 0.089 0.023 0.039 0.039 0.06 0.052 0.09 0.038;0.082 0.082 0.108 0.044 0.089 0.062 0.093 0.099 0.023 0.039 0.039 0.06 0.09 0.052 0.038;0.082 0.108 0.062 0.023 0.06 0.082 0.044 0.089 0.093 0.039 0.09 0.099 0.052 0.039 0.038;
0.068 0.099 0.042 0.109 0.102 0.133 0.036 0.093 0.019 0.039 0.044 0.044 0.039 0.094 0.039;0.068 0.099 0.133 0.036 0.093 0.042 0.109 0.102 0.019 0.039 0.044 0.044 0.094 0.039 0.039;0.068 0.133 0.042 0.019 0.044 0.099 0.036 0.093 0.109 0.039 0.094 0.102 0.039 0.044 0.039;
0.072 0.091 0.051 0.1 0.094 0.098 0.05 0.08 0.027 0.052 0.046 0.047 0.037 0.099 0.056;0.072 0.091 0.098 0.05 0.08 0.051 0.1 0.094 0.027 0.052 0.046 0.047 0.099 0.037 0.056;0.072 0.098 0.051 0.027 0.047 0.091 0.05 0.08 0.1 0.052 0.099 0.094 0.037 0.046 0.056;
0.071 0.103 0.062 0.096 0.088 0.097 0.053 0.085 0.03 0.05 0.046 0.034 0.037 0.099 0.049;0.071 0.103 0.097 0.053 0.085 0.062 0.096 0.088 0.03 0.05 0.046 0.034 0.099 0.037 0.049;0.071 0.097 0.062 0.03 0.034 0.103 0.053 0.085 0.096 0.05 0.099 0.088 0.037 0.046 0.049;
0.071 0.095 0.051 0.087 0.108 0.112 0.048 0.086 0.019 0.045 0.04 0.043 0.045 0.11 0.04;0.071 0.095 0.112 0.048 0.086 0.051 0.087 0.108 0.019 0.045 0.04 0.043 0.11 0.045 0.04;0.071 0.112 0.051 0.019 0.043 0.095 0.048 0.086 0.087 0.045 0.11 0.108 0.045 0.04 0.04;
0.086 0.084 0.037 0.105 0.101 0.11 0.051 0.087 0.023 0.051 0.036 0.047 0.054 0.092 0.036;0.086 0.084 0.11 0.051 0.087 0.037 0.105 0.101 0.023 0.051 0.036 0.047 0.092 0.054 0.036;0.086 0.11 0.037 0.023 0.047 0.084 0.051 0.087 0.105 0.051 0.092 0.101 0.054 0.036 0.036;
0.072 0.096 0.035 0.098 0.094 0.093 0.042 0.105 0.02 0.056 0.047 0.041 0.042 0.105 0.054;0.072 0.096 0.093 0.042 0.105 0.035 0.098 0.094 0.02 0.056 0.047 0.041 0.105 0.042 0.054;0.072 0.093 0.035 0.02 0.041 0.096 0.042 0.105 0.098 0.056 0.105 0.094 0.042 0.047 0.054;
0.071 0.084 0.054 0.113 0.098 0.102 0.055 0.086 0.014 0.049 0.044 0.052 0.031 0.102 0.045;0.071 0.084 0.102 0.055 0.086 0.054 0.113 0.098 0.014 0.049 0.044 0.052 0.102 0.031 0.045;0.071 0.102 0.054 0.014 0.052 0.084 0.055 0.086 0.113 0.049 0.102 0.098 0.031 0.044 0.045;
0.069 0.129 0.041 0.102 0.091 0.084 0.046 0.101 0.02 0.051 0.045 0.048 0.041 0.093 0.039;0.069 0.129 0.084 0.046 0.101 0.041 0.102 0.091 0.02 0.051 0.045 0.048 0.093 0.041 0.039;0.069 0.084 0.041 0.02 0.048 0.129 0.046 0.101 0.102 0.051 0.093 0.091 0.041 0.045 0.039;
0.062 0.098 0.048 0.096 0.091 0.105 0.045 0.086 0.027 0.052 0.052 0.041 0.041 0.116 0.04;0.062 0.098 0.105 0.045 0.086 0.048 0.096 0.091 0.027 0.052 0.052 0.041 0.116 0.041 0.04;0.062 0.105 0.048 0.027 0.041 0.098 0.045 0.086 0.096 0.052 0.116 0.091 0.041 0.052 0.04;
0.072 0.091 0.057 0.074 0.105 0.105 0.04 0.095 0.029 0.05 0.054 0.042 0.042 0.1 0.044;0.072 0.091 0.105 0.04 0.095 0.057 0.074 0.105 0.029 0.05 0.054 0.042 0.1 0.042 0.044;0.072 0.105 0.057 0.029 0.042 0.091 0.04 0.095 0.074 0.05 0.1 0.105 0.042 0.054 0.044;
0.076 0.104 0.043 0.085 0.101 0.08 0.043 0.086 0.02 0.05 0.061 0.049 0.055 0.099 0.048;0.076 0.104 0.08 0.043 0.086 0.043 0.085 0.101 0.02 0.05 0.061 0.049 0.099 0.055 0.048;0.076 0.08 0.043 0.02 0.049 0.104 0.043 0.086 0.085 0.05 0.099 0.101 0.055 0.061 0.048;
0.071 0.1 0.039 0.114 0.097 0.097 0.047 0.093 0.027 0.054 0.049 0.038 0.036 0.092 0.046;0.071 0.1 0.097 0.047 0.093 0.039 0.114 0.097 0.027 0.054 0.049 0.038 0.092 0.036 0.046;0.071 0.097 0.039 0.027 0.038 0.1 0.047 0.093 0.114 0.054 0.092 0.097 0.036 0.049 0.046;
0.077 0.101 0.057 0.118 0.087 0.088 0.052 0.086 0.019 0.045 0.045 0.044 0.041 0.107 0.033;0.077 0.101 0.088 0.052 0.086 0.057 0.118 0.087 0.019 0.045 0.045 0.044 0.107 0.041 0.033;0.077 0.088 0.057 0.019 0.044 0.101 0.052 0.086 0.118 0.045 0.107 0.087 0.041 0.045 0.033;
0.079 0.091 0.054 0.099 0.081 0.109 0.03 0.1 0.024 0.044 0.045 0.046 0.044 0.102 0.052;0.079 0.091 0.109 0.03 0.1 0.054 0.099 0.081 0.024 0.044 0.045 0.046 0.102 0.044 0.052;0.079 0.109 0.054 0.024 0.046 0.091 0.03 0.1 0.099 0.044 0.102 0.081 0.044 0.045 0.052;
0.08 0.076 0.055 0.101 0.098 0.082 0.055 0.091 0.026 0.047 0.041 0.053 0.034 0.116 0.045;0.08 0.076 0.082 0.055 0.091 0.055 0.101 0.098 0.026 0.047 0.041 0.053 0.116 0.034 0.045;0.08 0.082 0.055 0.026 0.053 0.076 0.055 0.091 0.101 0.047 0.116 0.098 0.034 0.041 0.045;
0.085 0.109 0.043 0.111 0.086 0.09 0.048 0.073 0.028 0.051 0.047 0.045 0.04 0.105 0.039;0.085 0.109 0.09 0.048 0.073 0.043 0.111 0.086 0.028 0.051 0.047 0.045 0.105 0.04 0.039;0.085 0.09 0.043 0.028 0.045 0.109 0.048 0.073 0.111 0.051 0.105 0.086 0.04 0.047 0.039;
0.068 0.094 0.043 0.097 0.091 0.108 0.051 0.091 0.024 0.053 0.047 0.041 0.036 0.106 0.05;0.068 0.094 0.108 0.051 0.091 0.043 0.097 0.091 0.024 0.053 0.047 0.041 0.106 0.036 0.05;0.068 0.108 0.043 0.024 0.041 0.094 0.051 0.091 0.097 0.053 0.106 0.091 0.036 0.047 0.05;
0.078 0.098 0.063 0.085 0.107 0.085 0.039 0.08 0.026 0.058 0.049 0.052 0.04 0.09 0.05;0.078 0.098 0.085 0.039 0.08 0.063 0.085 0.107 0.026 0.058 0.049 0.052 0.09 0.04 0.05;0.078 0.085 0.063 0.026 0.052 0.098 0.039 0.08 0.085 0.058 0.09 0.107 0.04 0.049 0.05;
0.078 0.109 0.063 0.087 0.091 0.093 0.045 0.082 0.024 0.059 0.047 0.047 0.039 0.094 0.042;0.078 0.109 0.093 0.045 0.082 0.063 0.087 0.091 0.024 0.059 0.047 0.047 0.094 0.039 0.042;0.078 0.093 0.063 0.024 0.047 0.109 0.045 0.082 0.087 0.059 0.094 0.091 0.039 0.047 0.042;
0.077 0.114 0.039 0.097 0.083 0.106 0.027 0.088 0.025 0.047 0.058 0.05 0.055 0.087 0.047;0.077 0.114 0.106 0.027 0.088 0.039 0.097 0.083 0.025 0.047 0.058 0.05 0.087 0.055 0.047;0.077 0.106 0.039 0.025 0.05 0.114 0.027 0.088 0.097 0.047 0.087 0.083 0.055 0.058 0.047;
0.078 0.084 0.047 0.109 0.095 0.1 0.039 0.084 0.021 0.066 0.051 0.047 0.055 0.085 0.039;0.078 0.084 0.1 0.039 0.084 0.047 0.109 0.095 0.021 0.066 0.051 0.047 0.085 0.055 0.039;0.078 0.1 0.047 0.021 0.047 0.084 0.039 0.084 0.109 0.066 0.085 0.095 0.055 0.051 0.039;
0.063 0.097 0.054 0.099 0.088 0.102 0.04 0.097 0.028 0.047 0.049 0.048 0.049 0.092 0.047;0.063 0.097 0.102 0.04 0.097 0.054 0.099 0.088 0.028 0.047 0.049 0.048 0.092 0.049 0.047;0.063 0.102 0.054 0.028 0.048 0.097 0.04 0.097 0.099 0.047 0.092 0.088 0.049 0.049 0.047;
0.073 0.121 0.049 0.104 0.098 0.092 0.046 0.091 0.028 0.06 0.038 0.035 0.039 0.083 0.043;0.073 0.121 0.092 0.046 0.091 0.049 0.104 0.098 0.028 0.06 0.038 0.035 0.083 0.039 0.043;0.073 0.092 0.049 0.028 0.035 0.121 0.046 0.091 0.104 0.06 0.083 0.098 0.039 0.038 0.043;
0.081 0.1 0.06 0.101 0.105 0.108 0.042 0.092 0.017 0.044 0.042 0.04 0.043 0.091 0.034;0.081 0.1 0.108 0.042 0.092 0.06 0.101 0.105 0.017 0.044 0.042 0.04 0.091 0.043 0.034;0.081 0.108 0.06 0.017 0.04 0.1 0.042 0.092 0.101 0.044 0.091 0.105 0.043 0.042 0.034;
0.071 0.09 0.056 0.101 0.095 0.104 0.042 0.091 0.022 0.054 0.041 0.045 0.037 0.104 0.047;0.071 0.09 0.104 0.042 0.091 0.056 0.101 0.095 0.022 0.054 0.041 0.045 0.104 0.037 0.047;0.071 0.104 0.056 0.022 0.045 0.09 0.042 0.091 0.101 0.054 0.104 0.095 0.037 0.041 0.047;
0.068 0.111 0.041 0.092 0.1 0.114 0.031 0.086 0.022 0.049 0.056 0.053 0.045 0.098 0.034;0.068 0.111 0.114 0.031 0.086 0.041 0.092 0.1 0.022 0.049 0.056 0.053 0.098 0.045 0.034;0.068 0.114 0.041 0.022 0.053 0.111 0.031 0.086 0.092 0.049 0.098 0.1 0.045 0.056 0.034;
0.059 0.091 0.047 0.095 0.104 0.115 0.045 0.084 0.02 0.063 0.039 0.046 0.042 0.103 0.047;0.059 0.091 0.115 0.045 0.084 0.047 0.095 0.104 0.02 0.063 0.039 0.046 0.103 0.042 0.047;0.059 0.115 0.047 0.02 0.046 0.091 0.045 0.084 0.095 0.063 0.103 0.104 0.042 0.039 0.047;
0.071 0.119 0.048 0.106 0.099 0.089 0.043 0.084 0.016 0.054 0.037 0.054 0.058 0.087 0.035;0.071 0.119 0.089 0.043 0.084 0.048 0.106 0.099 0.016 0.054 0.037 0.054 0.087 0.058 0.035;0.071 0.089 0.048 0.016 0.054 0.119 0.043 0.084 0.106 0.054 0.087 0.099 0.058 0.037 0.035;
0.063 0.091 0.043 0.111 0.087 0.104 0.052 0.091 0.022 0.043 0.042 0.052 0.052 0.095 0.052;0.063 0.091 0.104 0.052 0.091 0.043 0.111 0.087 0.022 0.043 0.042 0.052 0.095 0.052 0.052;0.063 0.104 0.043 0.022 0.052 0.091 0.052 0.091 0.111 0.043 0.095 0.087 0.052 0.042 0.052;
0.073 0.092 0.064 0.106 0.094 0.101 0.037 0.089 0.032 0.049 0.051 0.046 0.037 0.09 0.039;0.073 0.092 0.101 0.037 0.089 0.064 0.106 0.094 0.032 0.049 0.051 0.046 0.09 0.037 0.039;0.073 0.101 0.064 0.032 0.046 0.092 0.037 0.089 0.106 0.049 0.09 0.094 0.037 0.051 0.039;
0.048 0.122 0.032 0.118 0.1 0.111 0.041 0.081 0.023 0.054 0.038 0.043 0.04 0.087 0.062;0.048 0.122 0.111 0.041 0.081 0.032 0.118 0.1 0.023 0.054 0.038 0.043 0.087 0.04 0.062;0.048 0.111 0.032 0.023 0.043 0.122 0.041 0.081 0.118 0.054 0.087 0.1 0.04 0.038 0.062;
0.08 0.087 0.051 0.104 0.096 0.119 0.042 0.088 0.023 0.059 0.044 0.037 0.039 0.1 0.031;0.08 0.087 0.119 0.042 0.088 0.051 0.104 0.096 0.023 0.059 0.044 0.037 0.1 0.039 0.031;0.08 0.119 0.051 0.023 0.037 0.087 0.042 0.088 0.104 0.059 0.1 0.096 0.039 0.044 0.031;
0.072 0.1 0.04 0.102 0.096 0.075 0.06 0.111 0.016 0.06 0.045 0.049 0.045 0.095 0.034;0.072 0.1 0.075 0.06 0.111 0.04 0.102 0.096 0.016 0.06 0.045 0.049 0.095 0.045 0.034;0.072 0.075 0.04 0.016 0.049 0.1 0.06 0.111 0.102 0.06 0.095 0.096 0.045 0.045 0.034;
0.09 0.089 0.039 0.106 0.099 0.095 0.038 0.096 0.024 0.04 0.043 0.056 0.046 0.099 0.04;0.09 0.089 0.095 0.038 0.096 0.039 0.106 0.099 0.024 0.04 0.043 0.056 0.099 0.046 0.04;0.09 0.095 0.039 0.024 0.056 0.089 0.038 0.096 0.106 0.04 0.099 0.099 0.046 0.043 0.04;
0.066 0.085 0.058 0.114 0.11 0.095 0.038 0.087 0.014 0.053 0.05 0.043 0.043 0.092 0.052;0.066 0.085 0.095 0.038 0.087 0.058 0.114 0.11 0.014 0.053 0.05 0.043 0.092 0.043 0.052;0.066 0.095 0.058 0.014 0.043 0.085 0.038 0.087 0.114 0.053 0.092 0.11 0.043 0.05 0.052;
0.077 0.107 0.048 0.101 0.079 0.1 0.04 0.09 0.03 0.038 0.048 0.053 0.05 0.098 0.041;0.077 0.107 0.1 0.04 0.09 0.048 0.101 0.079 0.03 0.038 0.048 0.053 0.098 0.05 0.041;0.077 0.1 0.048 0.03 0.053 0.107 0.04 0.09 0.101 0.038 0.098 0.079 0.05 0.048 0.041;
0.065 0.094 0.053 0.11 0.085 0.108 0.041 0.072 0.026 0.048 0.053 0.045 0.053 0.102 0.045;0.065 0.094 0.108 0.041 0.072 0.053 0.11 0.085 0.026 0.048 0.053 0.045 0.102 0.053 0.045;0.065 0.108 0.053 0.026 0.045 0.094 0.041 0.072 0.11 0.048 0.102 0.085 0.053 0.053 0.045;
0.085 0.092 0.049 0.091 0.086 0.087 0.061 0.098 0.016 0.041 0.046 0.044 0.045 0.112 0.047;0.085 0.092 0.087 0.061 0.098 0.049 0.091 0.086 0.016 0.041 0.046 0.044 0.112 0.045 0.047;0.085 0.087 0.049 0.016 0.044 0.092 0.061 0.098 0.091 0.041 0.112 0.086 0.045 0.046 0.047;
0.071 0.076 0.057 0.097 0.089 0.109 0.052 0.093 0.02 0.046 0.049 0.047 0.058 0.098 0.038;0.071 0.076 0.109 0.052 0.093 0.057 0.097 0.089 0.02 0.046 0.049 0.047 0.098 0.058 0.038;0.071 0.109 0.057 0.02 0.047 0.076 0.052 0.093 0.097 0.046 0.098 0.089 0.058 0.049 0.038;
0.074 0.113 0.053 0.101 0.094 0.109 0.045 0.082 0.018 0.056 0.036 0.047 0.04 0.091 0.041;0.074 0.113 0.109 0.045 0.082 0.053 0.101 0.094 0.018 0.056 0.036 0.047 0.091 0.04 0.041;0.074 0.109 0.053 0.018 0.047 0.113 0.045 0.082 0.101 0.056 0.091 0.094 0.04 0.036 0.041;
0.063 0.087 0.061 0.109 0.102 0.098 0.05 0.098 0.021 0.046 0.046 0.042 0.041 0.096 0.04;0.063 0.087 0.098 0.05 0.098 0.061 0.109 0.102 0.021 0.046 0.046 0.042 0.096 0.041 0.04;0.063 0.098 0.061 0.021 0.042 0.087 0.05 0.098 0.109 0.046 0.096 0.102 0.041 0.046 0.04;
0.08 0.12 0.047 0.093 0.098 0.088 0.048 0.083 0.029 0.048 0.042 0.044 0.038 0.098 0.044;0.08 0.12 0.088 0.048 0.083 0.047 0.093 0.098 0.029 0.048 0.042 0.044 0.098 0.038 0.044;0.08 0.088 0.047 0.029 0.044 0.12 0.048 0.083 0.093 0.048 0.098 0.098 0.038 0.042 0.044;
0.072 0.099 0.049 0.109 0.1 0.083 0.04 0.089 0.027 0.053 0.053 0.033 0.045 0.099 0.049;0.072 0.099 0.083 0.04 0.089 0.049 0.109 0.1 0.027 0.053 0.053 0.033 0.099 0.045 0.049;0.072 0.083 0.049 0.027 0.033 0.099 0.04 0.089 0.109 0.053 0.099 0.1 0.045 0.053 0.049;
0.081 0.092 0.049 0.089 0.104 0.087 0.041 0.1 0.019 0.036 0.061 0.034 0.057 0.105 0.045;0.081 0.092 0.087 0.041 0.1 0.049 0.089 0.104 0.019 0.036 0.061 0.034 0.105 0.057 0.045;0.081 0.087 0.049 0.019 0.034 0.092 0.041 0.1 0.089 0.036 0.105 0.104 0.057 0.061 0.045;
0.077 0.103 0.042 0.107 0.076 0.107 0.037 0.085 0.024 0.045 0.045 0.05 0.054 0.103 0.045;0.077 0.103 0.107 0.037 0.085 0.042 0.107 0.076 0.024 0.045 0.045 0.05 0.103 0.054 0.045;0.077 0.107 0.042 0.024 0.05 0.103 0.037 0.085 0.107 0.045 0.103 0.076 0.054 0.045 0.045;
0.081 0.086 0.056 0.107 0.109 0.098 0.051 0.095 0.021 0.063 0.034 0.045 0.037 0.077 0.04;0.081 0.086 0.098 0.051 0.095 0.056 0.107 0.109 0.021 0.063 0.034 0.045 0.077 0.037 0.04;0.081 0.098 0.056 0.021 0.045 0.086 0.051 0.095 0.107 0.063 0.077 0.109 0.037 0.034 0.04;
0.057 0.099 0.054 0.094 0.108 0.098 0.043 0.097 0.025 0.052 0.05 0.043 0.041 0.093 0.046;0.057 0.099 0.098 0.043 0.097 0.054 0.094 0.108 0.025 0.052 0.05 0.043 0.093 0.041 0.046;0.057 0.098 0.054 0.025 0.043 0.099 0.043 0.097 0.094 0.052 0.093 0.108 0.041 0.05 0.046;
0.079 0.105 0.042 0.108 0.088 0.082 0.036 0.088 0.028 0.053 0.038 0.056 0.04 0.111 0.046;0.079 0.105 0.082 0.036 0.088 0.042 0.108 0.088 0.028 0.053 0.038 0.056 0.111 0.04 0.046;0.079 0.082 0.042 0.028 0.056 0.105 0.036 0.088 0.108 0.053 0.111 0.088 0.04 0.038 0.046;
0.083 0.082 0.055 0.106 0.104 0.105 0.045 0.094 0.019 0.042 0.043 0.049 0.041 0.096 0.036;0.083 0.082 0.105 0.045 0.094 0.055 0.106 0.104 0.019 0.042 0.043 0.049 0.096 0.041 0.036;0.083 0.105 0.055 0.019 0.049 0.082 0.045 0.094 0.106 0.042 0.096 0.104 0.041 0.043 0.036;
0.067 0.102 0.039 0.107 0.107 0.098 0.038 0.077 0.024 0.054 0.046 0.048 0.05 0.099 0.044;0.067 0.102 0.098 0.038 0.077 0.039 0.107 0.107 0.024 0.054 0.046 0.048 0.099 0.05 0.044;0.067 0.098 0.039 0.024 0.048 0.102 0.038 0.077 0.107 0.054 0.099 0.107 0.05 0.046 0.044;
0.072 0.089 0.052 0.111 0.094 0.084 0.047 0.069 0.028 0.054 0.055 0.04 0.05 0.101 0.054;0.072 0.089 0.084 0.047 0.069 0.052 0.111 0.094 0.028 0.054 0.055 0.04 0.101 0.05 0.054;0.072 0.084 0.052 0.028 0.04 0.089 0.047 0.069 0.111 0.054 0.101 0.094 0.05 0.055 0.054;
0.056 0.108 0.047 0.109 0.092 0.085 0.041 0.097 0.024 0.05 0.044 0.048 0.052 0.098 0.049;0.056 0.108 0.085 0.041 0.097 0.047 0.109 0.092 0.024 0.05 0.044 0.048 0.098 0.052 0.049;0.056 0.085 0.047 0.024 0.048 0.108 0.041 0.097 0.109 0.05 0.098 0.092 0.052 0.044 0.049;
0.078 0.096 0.059 0.104 0.087 0.091 0.048 0.093 0.025 0.049 0.049 0.052 0.041 0.076 0.052;0.078 0.096 0.091 0.048 0.093 0.059 0.104 0.087 0.025 0.049 0.049 0.052 0.076 0.041 0.052;0.078 0.091 0.059 0.025 0.052 0.096 0.048 0.093 0.104 0.049 0.076 0.087 0.041 0.049 0.052;
0.068 0.08 0.042 0.1 0.11 0.1 0.044 0.086 0.025 0.061 0.045 0.048 0.038 0.108 0.045;0.068 0.08 0.1 0.044 0.086 0.042 0.1 0.11 0.025 0.061 0.045 0.048 0.108 0.038 0.045;0.068 0.1 0.042 0.025 0.048 0.08 0.044 0.086 0.1 0.061 0.108 0.11 0.038 0.045 0.045;
0.058 0.098 0.037 0.109 0.099 0.102 0.048 0.094 0.015 0.055 0.046 0.036 0.053 0.092 0.058;0.058 0.098 0.102 0.048 0.094 0.037 0.109 0.099 0.015 0.055 0.046 0.036 0.092 0.053 0.058;0.058 0.102 0.037 0.015 0.036 0.098 0.048 0.094 0.109 0.055 0.092 0.099 0.053 0.046 0.058;
0.064 0.1 0.044 0.101 0.092 0.103 0.05 0.081 0.026 0.045 0.039 0.061 0.049 0.104 0.041;0.064 0.1 0.103 0.05 0.081 0.044 0.101 0.092 0.026 0.045 0.039 0.061 0.104 0.049 0.041;0.064 0.103 0.044 0.026 0.061 0.1 0.05 0.081 0.101 0.045 0.104 0.092 0.049 0.039 0.041];