pntP=[0.053 0.081 0.041 0.094 0.108 0.084 0.035 0.078 0.034 0.051 0.065 0.052 0.064 0.089 0.071;0.053 0.081 0.084 0.035 0.078 0.041 0.094 0.108 0.034 0.051 0.065 0.052 0.089 0.064 0.071;0.053 0.084 0.041 0.034 0.052 0.081 0.035 0.078 0.094 0.051 0.089 0.108 0.064 0.065 0.071;
0.055 0.09 0.041 0.087 0.106 0.087 0.031 0.096 0.039 0.052 0.052 0.06 0.052 0.094 0.058;0.055 0.09 0.087 0.031 0.096 0.041 0.087 0.106 0.039 0.052 0.052 0.06 0.094 0.052 0.058;0.055 0.087 0.041 0.039 0.06 0.09 0.031 0.096 0.087 0.052 0.094 0.106 0.052 0.052 0.058;
0.056 0.082 0.044 0.092 0.099 0.079 0.048 0.067 0.027 0.059 0.055 0.072 0.061 0.087 0.072;0.056 0.082 0.079 0.048 0.067 0.044 0.092 0.099 0.027 0.059 0.055 0.072 0.087 0.061 0.072;0.056 0.079 0.044 0.027 0.072 0.082 0.048 0.067 0.092 0.059 0.087 0.099 0.061 0.055 0.072;
0.049 0.081 0.055 0.09 0.089 0.072 0.035 0.077 0.037 0.065 0.063 0.058 0.068 0.093 0.068;0.049 0.081 0.072 0.035 0.077 0.055 0.09 0.089 0.037 0.065 0.063 0.058 0.093 0.068 0.068;0.049 0.072 0.055 0.037 0.058 0.081 0.035 0.077 0.09 0.065 0.093 0.089 0.068 0.063 0.068;
0.068 0.076 0.053 0.088 0.099 0.091 0.035 0.062 0.037 0.058 0.066 0.054 0.054 0.1 0.059;0.068 0.076 0.091 0.035 0.062 0.053 0.088 0.099 0.037 0.058 0.066 0.054 0.1 0.054 0.059;0.068 0.091 0.053 0.037 0.054 0.076 0.035 0.062 0.088 0.058 0.1 0.099 0.054 0.066 0.059;
0.045 0.074 0.055 0.083 0.098 0.084 0.04 0.098 0.029 0.062 0.054 0.064 0.073 0.086 0.055;0.045 0.074 0.084 0.04 0.098 0.055 0.083 0.098 0.029 0.062 0.054 0.064 0.086 0.073 0.055;0.045 0.084 0.055 0.029 0.064 0.074 0.04 0.098 0.083 0.062 0.086 0.098 0.073 0.054 0.055;
0.056 0.073 0.059 0.094 0.089 0.069 0.039 0.097 0.03 0.053 0.074 0.056 0.061 0.096 0.054;0.056 0.073 0.069 0.039 0.097 0.059 0.094 0.089 0.03 0.053 0.074 0.056 0.096 0.061 0.054;0.056 0.069 0.059 0.03 0.056 0.073 0.039 0.097 0.094 0.053 0.096 0.089 0.061 0.074 0.054;
0.059 0.068 0.049 0.09 0.096 0.081 0.047 0.065 0.036 0.059 0.062 0.056 0.062 0.105 0.065;0.059 0.068 0.081 0.047 0.065 0.049 0.09 0.096 0.036 0.059 0.062 0.056 0.105 0.062 0.065;0.059 0.081 0.049 0.036 0.056 0.068 0.047 0.065 0.09 0.059 0.105 0.096 0.062 0.062 0.065;
0.069 0.098 0.05 0.091 0.092 0.06 0.035 0.08 0.03 0.066 0.059 0.054 0.056 0.093 0.067;0.069 0.098 0.06 0.035 0.08 0.05 0.091 0.092 0.03 0.066 0.059 0.054 0.093 0.056 0.067;0.069 0.06 0.05 0.03 0.054 0.098 0.035 0.08 0.091 0.066 0.093 0.092 0.056 0.059 0.067;
0.048 0.063 0.055 0.082 0.094 0.09 0.042 0.085 0.022 0.066 0.08 0.072 0.054 0.094 0.053;0.048 0.063 0.09 0.042 0.085 0.055 0.082 0.094 0.022 0.066 0.08 0.072 0.094 0.054 0.053;0.048 0.09 0.055 0.022 0.072 0.063 0.042 0.085 0.082 0.066 0.094 0.094 0.054 0.08 0.053;
0.053 0.089 0.053 0.094 0.096 0.067 0.042 0.071 0.034 0.064 0.069 0.06 0.056 0.099 0.053;0.053 0.089 0.067 0.042 0.071 0.053 0.094 0.096 0.034 0.064 0.069 0.06 0.099 0.056 0.053;0.053 0.067 0.053 0.034 0.06 0.089 0.042 0.071 0.094 0.064 0.099 0.096 0.056 0.069 0.053;
0.06 0.072 0.053 0.096 0.084 0.071 0.041 0.086 0.026 0.051 0.055 0.064 0.059 0.115 0.067;0.06 0.072 0.071 0.041 0.086 0.053 0.096 0.084 0.026 0.051 0.055 0.064 0.115 0.059 0.067;0.06 0.071 0.053 0.026 0.064 0.072 0.041 0.086 0.096 0.051 0.115 0.084 0.059 0.055 0.067;
0.044 0.072 0.06 0.077 0.117 0.081 0.04 0.078 0.03 0.051 0.049 0.058 0.069 0.113 0.061;0.044 0.072 0.081 0.04 0.078 0.06 0.077 0.117 0.03 0.051 0.049 0.058 0.113 0.069 0.061;0.044 0.081 0.06 0.03 0.058 0.072 0.04 0.078 0.077 0.051 0.113 0.117 0.069 0.049 0.061;
0.048 0.09 0.063 0.1 0.105 0.071 0.028 0.094 0.028 0.051 0.061 0.058 0.054 0.097 0.052;0.048 0.09 0.071 0.028 0.094 0.063 0.1 0.105 0.028 0.051 0.061 0.058 0.097 0.054 0.052;0.048 0.071 0.063 0.028 0.058 0.09 0.028 0.094 0.1 0.051 0.097 0.105 0.054 0.061 0.052;
0.05 0.074 0.06 0.093 0.099 0.091 0.047 0.075 0.037 0.057 0.045 0.056 0.05 0.095 0.071;0.05 0.074 0.091 0.047 0.075 0.06 0.093 0.099 0.037 0.057 0.045 0.056 0.095 0.05 0.071;0.05 0.091 0.06 0.037 0.056 0.074 0.047 0.075 0.093 0.057 0.095 0.099 0.05 0.045 0.071;
0.072 0.1 0.06 0.079 0.098 0.061 0.043 0.084 0.029 0.051 0.069 0.059 0.049 0.098 0.048;0.072 0.1 0.061 0.043 0.084 0.06 0.079 0.098 0.029 0.051 0.069 0.059 0.098 0.049 0.048;0.072 0.061 0.06 0.029 0.059 0.1 0.043 0.084 0.079 0.051 0.098 0.098 0.049 0.069 0.048;
0.051 0.078 0.078 0.085 0.099 0.081 0.045 0.077 0.041 0.056 0.054 0.063 0.055 0.083 0.054;0.051 0.078 0.081 0.045 0.077 0.078 0.085 0.099 0.041 0.056 0.054 0.063 0.083 0.055 0.054;0.051 0.081 0.078 0.041 0.063 0.078 0.045 0.077 0.085 0.056 0.083 0.099 0.055 0.054 0.054;
0.059 0.089 0.052 0.082 0.098 0.077 0.033 0.076 0.035 0.057 0.061 0.052 0.064 0.113 0.052;0.059 0.089 0.077 0.033 0.076 0.052 0.082 0.098 0.035 0.057 0.061 0.052 0.113 0.064 0.052;0.059 0.077 0.052 0.035 0.052 0.089 0.033 0.076 0.082 0.057 0.113 0.098 0.064 0.061 0.052;
0.055 0.082 0.047 0.101 0.094 0.08 0.037 0.084 0.03 0.049 0.067 0.059 0.057 0.093 0.065;0.055 0.082 0.08 0.037 0.084 0.047 0.101 0.094 0.03 0.049 0.067 0.059 0.093 0.057 0.065;0.055 0.08 0.047 0.03 0.059 0.082 0.037 0.084 0.101 0.049 0.093 0.094 0.057 0.067 0.065;
0.053 0.067 0.065 0.084 0.11 0.077 0.039 0.094 0.025 0.052 0.051 0.062 0.062 0.1 0.059;0.053 0.067 0.077 0.039 0.094 0.065 0.084 0.11 0.025 0.052 0.051 0.062 0.1 0.062 0.059;0.053 0.077 0.065 0.025 0.062 0.067 0.039 0.094 0.084 0.052 0.1 0.11 0.062 0.051 0.059;
0.063 0.08 0.047 0.102 0.079 0.075 0.041 0.085 0.035 0.063 0.055 0.059 0.059 0.098 0.059;0.063 0.08 0.075 0.041 0.085 0.047 0.102 0.079 0.035 0.063 0.055 0.059 0.098 0.059 0.059;0.063 0.075 0.047 0.035 0.059 0.08 0.041 0.085 0.102 0.063 0.098 0.079 0.059 0.055 0.059;
0.057 0.089 0.048 0.082 0.101 0.065 0.044 0.084 0.038 0.059 0.053 0.059 0.058 0.097 0.066;0.057 0.089 0.065 0.044 0.084 0.048 0.082 0.101 0.038 0.059 0.053 0.059 0.097 0.058 0.066;0.057 0.065 0.048 0.038 0.059 0.089 0.044 0.084 0.082 0.059 0.097 0.101 0.058 0.053 0.066;
0.049 0.085 0.049 0.077 0.109 0.071 0.039 0.074 0.021 0.054 0.071 0.062 0.061 0.116 0.062;0.049 0.085 0.071 0.039 0.074 0.049 0.077 0.109 0.021 0.054 0.071 0.062 0.116 0.061 0.062;0.049 0.071 0.049 0.021 0.062 0.085 0.039 0.074 0.077 0.054 0.116 0.109 0.061 0.071 0.062;
0.053 0.078 0.057 0.085 0.115 0.072 0.036 0.087 0.032 0.06 0.067 0.057 0.059 0.083 0.059;0.053 0.078 0.072 0.036 0.087 0.057 0.085 0.115 0.032 0.06 0.067 0.057 0.083 0.059 0.059;0.053 0.072 0.057 0.032 0.057 0.078 0.036 0.087 0.085 0.06 0.083 0.115 0.059 0.067 0.059;
0.052 0.09 0.052 0.081 0.09 0.081 0.035 0.075 0.038 0.039 0.066 0.066 0.06 0.122 0.053;0.052 0.09 0.081 0.035 0.075 0.052 0.081 0.09 0.038 0.039 0.066 0.066 0.122 0.06 0.053;0.052 0.081 0.052 0.038 0.066 0.09 0.035 0.075 0.081 0.039 0.122 0.09 0.06 0.066 0.053;
0.046 0.066 0.062 0.1 0.105 0.085 0.042 0.095 0.033 0.065 0.058 0.055 0.057 0.094 0.037;0.046 0.066 0.085 0.042 0.095 0.062 0.1 0.105 0.033 0.065 0.058 0.055 0.094 0.057 0.037;0.046 0.085 0.062 0.033 0.055 0.066 0.042 0.095 0.1 0.065 0.094 0.105 0.057 0.058 0.037;
0.069 0.082 0.054 0.081 0.082 0.084 0.047 0.085 0.031 0.049 0.065 0.056 0.047 0.11 0.058;0.069 0.082 0.084 0.047 0.085 0.054 0.081 0.082 0.031 0.049 0.065 0.056 0.11 0.047 0.058;0.069 0.084 0.054 0.031 0.056 0.082 0.047 0.085 0.081 0.049 0.11 0.082 0.047 0.065 0.058;
0.049 0.09 0.062 0.078 0.109 0.079 0.041 0.063 0.029 0.065 0.067 0.049 0.064 0.091 0.064;0.049 0.09 0.079 0.041 0.063 0.062 0.078 0.109 0.029 0.065 0.067 0.049 0.091 0.064 0.064;0.049 0.079 0.062 0.029 0.049 0.09 0.041 0.063 0.078 0.065 0.091 0.109 0.064 0.067 0.064;
0.048 0.058 0.058 0.091 0.11 0.086 0.039 0.069 0.036 0.052 0.066 0.061 0.063 0.11 0.053;0.048 0.058 0.086 0.039 0.069 0.058 0.091 0.11 0.036 0.052 0.066 0.061 0.11 0.063 0.053;0.048 0.086 0.058 0.036 0.061 0.058 0.039 0.069 0.091 0.052 0.11 0.11 0.063 0.066 0.053;
0.057 0.087 0.059 0.087 0.09 0.073 0.037 0.079 0.032 0.055 0.062 0.072 0.06 0.097 0.053;0.057 0.087 0.073 0.037 0.079 0.059 0.087 0.09 0.032 0.055 0.062 0.072 0.097 0.06 0.053;0.057 0.073 0.059 0.032 0.072 0.087 0.037 0.079 0.087 0.055 0.097 0.09 0.06 0.062 0.053;
0.05 0.064 0.067 0.078 0.096 0.087 0.038 0.094 0.035 0.048 0.06 0.057 0.061 0.109 0.056;0.05 0.064 0.087 0.038 0.094 0.067 0.078 0.096 0.035 0.048 0.06 0.057 0.109 0.061 0.056;0.05 0.087 0.067 0.035 0.057 0.064 0.038 0.094 0.078 0.048 0.109 0.096 0.061 0.06 0.056;
0.054 0.071 0.053 0.073 0.103 0.088 0.037 0.08 0.037 0.048 0.06 0.05 0.053 0.124 0.069;0.054 0.071 0.088 0.037 0.08 0.053 0.073 0.103 0.037 0.048 0.06 0.05 0.124 0.053 0.069;0.054 0.088 0.053 0.037 0.05 0.071 0.037 0.08 0.073 0.048 0.124 0.103 0.053 0.06 0.069;
0.066 0.072 0.04 0.099 0.093 0.088 0.04 0.073 0.025 0.059 0.072 0.067 0.049 0.1 0.057;0.066 0.072 0.088 0.04 0.073 0.04 0.099 0.093 0.025 0.059 0.072 0.067 0.1 0.049 0.057;0.066 0.088 0.04 0.025 0.067 0.072 0.04 0.073 0.099 0.059 0.1 0.093 0.049 0.072 0.057;
0.059 0.1 0.044 0.095 0.097 0.077 0.034 0.063 0.034 0.057 0.07 0.059 0.051 0.103 0.057;0.059 0.1 0.077 0.034 0.063 0.044 0.095 0.097 0.034 0.057 0.07 0.059 0.103 0.051 0.057;0.059 0.077 0.044 0.034 0.059 0.1 0.034 0.063 0.095 0.057 0.103 0.097 0.051 0.07 0.057;
0.063 0.092 0.046 0.083 0.096 0.065 0.039 0.103 0.03 0.055 0.06 0.058 0.071 0.081 0.058;0.063 0.092 0.065 0.039 0.103 0.046 0.083 0.096 0.03 0.055 0.06 0.058 0.081 0.071 0.058;0.063 0.065 0.046 0.03 0.058 0.092 0.039 0.103 0.083 0.055 0.081 0.096 0.071 0.06 0.058;
0.053 0.087 0.067 0.102 0.094 0.067 0.039 0.077 0.04 0.051 0.055 0.064 0.052 0.094 0.058;0.053 0.087 0.067 0.039 0.077 0.067 0.102 0.094 0.04 0.051 0.055 0.064 0.094 0.052 0.058;0.053 0.067 0.067 0.04 0.064 0.087 0.039 0.077 0.102 0.051 0.094 0.094 0.052 0.055 0.058;
0.053 0.079 0.058 0.093 0.101 0.087 0.035 0.086 0.023 0.056 0.052 0.06 0.054 0.102 0.061;0.053 0.079 0.087 0.035 0.086 0.058 0.093 0.101 0.023 0.056 0.052 0.06 0.102 0.054 0.061;0.053 0.087 0.058 0.023 0.06 0.079 0.035 0.086 0.093 0.056 0.102 0.101 0.054 0.052 0.061;
0.044 0.09 0.065 0.08 0.1 0.063 0.042 0.086 0.038 0.055 0.065 0.065 0.053 0.084 0.07;0.044 0.09 0.063 0.042 0.086 0.065 0.08 0.1 0.038 0.055 0.065 0.065 0.084 0.053 0.07;0.044 0.063 0.065 0.038 0.065 0.09 0.042 0.086 0.08 0.055 0.084 0.1 0.053 0.065 0.07;
0.056 0.088 0.049 0.091 0.097 0.064 0.045 0.084 0.03 0.056 0.072 0.057 0.051 0.104 0.056;0.056 0.088 0.064 0.045 0.084 0.049 0.091 0.097 0.03 0.056 0.072 0.057 0.104 0.051 0.056;0.056 0.064 0.049 0.03 0.057 0.088 0.045 0.084 0.091 0.056 0.104 0.097 0.051 0.072 0.056;
0.052 0.089 0.064 0.081 0.093 0.083 0.042 0.088 0.039 0.046 0.048 0.06 0.057 0.1 0.058;0.052 0.089 0.083 0.042 0.088 0.064 0.081 0.093 0.039 0.046 0.048 0.06 0.1 0.057 0.058;0.052 0.083 0.064 0.039 0.06 0.089 0.042 0.088 0.081 0.046 0.1 0.093 0.057 0.048 0.058;
0.042 0.067 0.062 0.079 0.106 0.085 0.041 0.091 0.034 0.044 0.061 0.06 0.071 0.088 0.069;0.042 0.067 0.085 0.041 0.091 0.062 0.079 0.106 0.034 0.044 0.061 0.06 0.088 0.071 0.069;0.042 0.085 0.062 0.034 0.06 0.067 0.041 0.091 0.079 0.044 0.088 0.106 0.071 0.061 0.069;
0.054 0.081 0.053 0.073 0.1 0.079 0.032 0.09 0.034 0.066 0.064 0.055 0.057 0.108 0.054;0.054 0.081 0.079 0.032 0.09 0.053 0.073 0.1 0.034 0.066 0.064 0.055 0.108 0.057 0.054;0.054 0.079 0.053 0.034 0.055 0.081 0.032 0.09 0.073 0.066 0.108 0.1 0.057 0.064 0.054;
0.045 0.058 0.058 0.073 0.087 0.084 0.036 0.088 0.03 0.058 0.07 0.071 0.062 0.12 0.06;0.045 0.058 0.084 0.036 0.088 0.058 0.073 0.087 0.03 0.058 0.07 0.071 0.12 0.062 0.06;0.045 0.084 0.058 0.03 0.071 0.058 0.036 0.088 0.073 0.058 0.12 0.087 0.062 0.07 0.06;
0.059 0.071 0.042 0.089 0.115 0.065 0.046 0.084 0.025 0.067 0.066 0.059 0.056 0.103 0.053;0.059 0.071 0.065 0.046 0.084 0.042 0.089 0.115 0.025 0.067 0.066 0.059 0.103 0.056 0.053;0.059 0.065 0.042 0.025 0.059 0.071 0.046 0.084 0.089 0.067 0.103 0.115 0.056 0.066 0.053;
0.053 0.069 0.05 0.1 0.097 0.085 0.039 0.071 0.025 0.052 0.07 0.063 0.049 0.116 0.061;0.053 0.069 0.085 0.039 0.071 0.05 0.1 0.097 0.025 0.052 0.07 0.063 0.116 0.049 0.061;0.053 0.085 0.05 0.025 0.063 0.069 0.039 0.071 0.1 0.052 0.116 0.097 0.049 0.07 0.061;
0.057 0.064 0.059 0.08 0.109 0.07 0.034 0.083 0.036 0.047 0.069 0.062 0.078 0.108 0.044;0.057 0.064 0.07 0.034 0.083 0.059 0.08 0.109 0.036 0.047 0.069 0.062 0.108 0.078 0.044;0.057 0.07 0.059 0.036 0.062 0.064 0.034 0.083 0.08 0.047 0.108 0.109 0.078 0.069 0.044;
0.05 0.071 0.064 0.087 0.095 0.078 0.04 0.079 0.03 0.057 0.06 0.065 0.063 0.097 0.064;0.05 0.071 0.078 0.04 0.079 0.064 0.087 0.095 0.03 0.057 0.06 0.065 0.097 0.063 0.064;0.05 0.078 0.064 0.03 0.065 0.071 0.04 0.079 0.087 0.057 0.097 0.095 0.063 0.06 0.064;
0.061 0.083 0.06 0.104 0.099 0.079 0.048 0.06 0.038 0.044 0.056 0.059 0.058 0.088 0.063;0.061 0.083 0.079 0.048 0.06 0.06 0.104 0.099 0.038 0.044 0.056 0.059 0.088 0.058 0.063;0.061 0.079 0.06 0.038 0.059 0.083 0.048 0.06 0.104 0.044 0.088 0.099 0.058 0.056 0.063;
0.051 0.076 0.067 0.096 0.097 0.076 0.038 0.083 0.035 0.057 0.059 0.06 0.043 0.109 0.053;0.051 0.076 0.076 0.038 0.083 0.067 0.096 0.097 0.035 0.057 0.059 0.06 0.109 0.043 0.053;0.051 0.076 0.067 0.035 0.06 0.076 0.038 0.083 0.096 0.057 0.109 0.097 0.043 0.059 0.053;
0.046 0.077 0.047 0.095 0.107 0.08 0.035 0.103 0.037 0.053 0.063 0.05 0.052 0.096 0.059;0.046 0.077 0.08 0.035 0.103 0.047 0.095 0.107 0.037 0.053 0.063 0.05 0.096 0.052 0.059;0.046 0.08 0.047 0.037 0.05 0.077 0.035 0.103 0.095 0.053 0.096 0.107 0.052 0.063 0.059;
0.066 0.06 0.068 0.087 0.122 0.064 0.037 0.093 0.033 0.042 0.061 0.073 0.059 0.086 0.049;0.066 0.06 0.064 0.037 0.093 0.068 0.087 0.122 0.033 0.042 0.061 0.073 0.086 0.059 0.049;0.066 0.064 0.068 0.033 0.073 0.06 0.037 0.093 0.087 0.042 0.086 0.122 0.059 0.061 0.049;
0.044 0.073 0.054 0.082 0.126 0.06 0.049 0.075 0.032 0.053 0.066 0.061 0.052 0.117 0.056;0.044 0.073 0.06 0.049 0.075 0.054 0.082 0.126 0.032 0.053 0.066 0.061 0.117 0.052 0.056;0.044 0.06 0.054 0.032 0.061 0.073 0.049 0.075 0.082 0.053 0.117 0.126 0.052 0.066 0.056;
0.062 0.073 0.066 0.09 0.072 0.08 0.032 0.092 0.038 0.054 0.068 0.064 0.046 0.113 0.05;0.062 0.073 0.08 0.032 0.092 0.066 0.09 0.072 0.038 0.054 0.068 0.064 0.113 0.046 0.05;0.062 0.08 0.066 0.038 0.064 0.073 0.032 0.092 0.09 0.054 0.113 0.072 0.046 0.068 0.05;
0.06 0.07 0.055 0.091 0.073 0.083 0.041 0.082 0.027 0.047 0.074 0.071 0.069 0.097 0.06;0.06 0.07 0.083 0.041 0.082 0.055 0.091 0.073 0.027 0.047 0.074 0.071 0.097 0.069 0.06;0.06 0.083 0.055 0.027 0.071 0.07 0.041 0.082 0.091 0.047 0.097 0.073 0.069 0.074 0.06;
0.059 0.074 0.049 0.094 0.102 0.075 0.038 0.069 0.041 0.051 0.062 0.069 0.063 0.107 0.047;0.059 0.074 0.075 0.038 0.069 0.049 0.094 0.102 0.041 0.051 0.062 0.069 0.107 0.063 0.047;0.059 0.075 0.049 0.041 0.069 0.074 0.038 0.069 0.094 0.051 0.107 0.102 0.063 0.062 0.047;
0.051 0.087 0.063 0.086 0.089 0.074 0.046 0.094 0.035 0.055 0.06 0.053 0.049 0.092 0.066;0.051 0.087 0.074 0.046 0.094 0.063 0.086 0.089 0.035 0.055 0.06 0.053 0.092 0.049 0.066;0.051 0.074 0.063 0.035 0.053 0.087 0.046 0.094 0.086 0.055 0.092 0.089 0.049 0.06 0.066;
0.047 0.087 0.053 0.077 0.097 0.083 0.039 0.09 0.037 0.052 0.049 0.057 0.063 0.104 0.065;0.047 0.087 0.083 0.039 0.09 0.053 0.077 0.097 0.037 0.052 0.049 0.057 0.104 0.063 0.065;0.047 0.083 0.053 0.037 0.057 0.087 0.039 0.09 0.077 0.052 0.104 0.097 0.063 0.049 0.065;
0.046 0.076 0.055 0.085 0.102 0.085 0.033 0.083 0.037 0.048 0.06 0.068 0.066 0.102 0.054;0.046 0.076 0.085 0.033 0.083 0.055 0.085 0.102 0.037 0.048 0.06 0.068 0.102 0.066 0.054;0.046 0.085 0.055 0.037 0.068 0.076 0.033 0.083 0.085 0.048 0.102 0.102 0.066 0.06 0.054;
0.051 0.069 0.051 0.091 0.094 0.088 0.052 0.088 0.026 0.047 0.075 0.058 0.049 0.106 0.055;0.051 0.069 0.088 0.052 0.088 0.051 0.091 0.094 0.026 0.047 0.075 0.058 0.106 0.049 0.055;0.051 0.088 0.051 0.026 0.058 0.069 0.052 0.088 0.091 0.047 0.106 0.094 0.049 0.075 0.055;
0.047 0.072 0.064 0.091 0.094 0.086 0.039 0.08 0.034 0.049 0.06 0.062 0.058 0.099 0.065;0.047 0.072 0.086 0.039 0.08 0.064 0.091 0.094 0.034 0.049 0.06 0.062 0.099 0.058 0.065;0.047 0.086 0.064 0.034 0.062 0.072 0.039 0.08 0.091 0.049 0.099 0.094 0.058 0.06 0.065;
0.042 0.079 0.059 0.085 0.102 0.082 0.043 0.085 0.039 0.062 0.064 0.059 0.047 0.09 0.062;0.042 0.079 0.082 0.043 0.085 0.059 0.085 0.102 0.039 0.062 0.064 0.059 0.09 0.047 0.062;0.042 0.082 0.059 0.039 0.059 0.079 0.043 0.085 0.085 0.062 0.09 0.102 0.047 0.064 0.062;
0.055 0.089 0.06 0.072 0.09 0.089 0.04 0.077 0.038 0.045 0.059 0.058 0.066 0.104 0.058;0.055 0.089 0.089 0.04 0.077 0.06 0.072 0.09 0.038 0.045 0.059 0.058 0.104 0.066 0.058;0.055 0.089 0.06 0.038 0.058 0.089 0.04 0.077 0.072 0.045 0.104 0.09 0.066 0.059 0.058;
0.062 0.088 0.059 0.085 0.108 0.078 0.027 0.089 0.029 0.055 0.058 0.047 0.06 0.102 0.053;0.062 0.088 0.078 0.027 0.089 0.059 0.085 0.108 0.029 0.055 0.058 0.047 0.102 0.06 0.053;0.062 0.078 0.059 0.029 0.047 0.088 0.027 0.089 0.085 0.055 0.102 0.108 0.06 0.058 0.053;
0.047 0.072 0.056 0.104 0.095 0.077 0.033 0.082 0.033 0.046 0.043 0.066 0.066 0.116 0.064;0.047 0.072 0.077 0.033 0.082 0.056 0.104 0.095 0.033 0.046 0.043 0.066 0.116 0.066 0.064;0.047 0.077 0.056 0.033 0.066 0.072 0.033 0.082 0.104 0.046 0.116 0.095 0.066 0.043 0.064;
0.044 0.061 0.071 0.093 0.102 0.084 0.039 0.077 0.046 0.048 0.059 0.053 0.069 0.105 0.049;0.044 0.061 0.084 0.039 0.077 0.071 0.093 0.102 0.046 0.048 0.059 0.053 0.105 0.069 0.049;0.044 0.084 0.071 0.046 0.053 0.061 0.039 0.077 0.093 0.048 0.105 0.102 0.069 0.059 0.049;
0.053 0.076 0.047 0.092 0.101 0.072 0.045 0.089 0.032 0.054 0.052 0.06 0.062 0.094 0.071;0.053 0.076 0.072 0.045 0.089 0.047 0.092 0.101 0.032 0.054 0.052 0.06 0.094 0.062 0.071;0.053 0.072 0.047 0.032 0.06 0.076 0.045 0.089 0.092 0.054 0.094 0.101 0.062 0.052 0.071;
0.058 0.086 0.062 0.089 0.098 0.087 0.031 0.076 0.032 0.059 0.062 0.057 0.059 0.094 0.05;0.058 0.086 0.087 0.031 0.076 0.062 0.089 0.098 0.032 0.059 0.062 0.057 0.094 0.059 0.05;0.058 0.087 0.062 0.032 0.057 0.086 0.031 0.076 0.089 0.059 0.094 0.098 0.059 0.062 0.05;
0.057 0.073 0.055 0.092 0.113 0.072 0.039 0.081 0.034 0.058 0.065 0.066 0.06 0.09 0.045;0.057 0.073 0.072 0.039 0.081 0.055 0.092 0.113 0.034 0.058 0.065 0.066 0.09 0.06 0.045;0.057 0.072 0.055 0.034 0.066 0.073 0.039 0.081 0.092 0.058 0.09 0.113 0.06 0.065 0.045;
0.054 0.079 0.05 0.094 0.089 0.082 0.044 0.08 0.022 0.052 0.057 0.074 0.069 0.095 0.059;0.054 0.079 0.082 0.044 0.08 0.05 0.094 0.089 0.022 0.052 0.057 0.074 0.095 0.069 0.059;0.054 0.082 0.05 0.022 0.074 0.079 0.044 0.08 0.094 0.052 0.095 0.089 0.069 0.057 0.059;
0.065 0.077 0.059 0.077 0.094 0.088 0.038 0.084 0.038 0.046 0.052 0.058 0.053 0.106 0.065;0.065 0.077 0.088 0.038 0.084 0.059 0.077 0.094 0.038 0.046 0.052 0.058 0.106 0.053 0.065;0.065 0.088 0.059 0.038 0.058 0.077 0.038 0.084 0.077 0.046 0.106 0.094 0.053 0.052 0.065;
0.058 0.101 0.048 0.084 0.092 0.073 0.033 0.096 0.037 0.061 0.061 0.054 0.055 0.095 0.052;0.058 0.101 0.073 0.033 0.096 0.048 0.084 0.092 0.037 0.061 0.061 0.054 0.095 0.055 0.052;0.058 0.073 0.048 0.037 0.054 0.101 0.033 0.096 0.084 0.061 0.095 0.092 0.055 0.061 0.052;
0.06 0.066 0.066 0.091 0.091 0.094 0.042 0.079 0.029 0.045 0.053 0.066 0.057 0.107 0.054;0.06 0.066 0.094 0.042 0.079 0.066 0.091 0.091 0.029 0.045 0.053 0.066 0.107 0.057 0.054;0.06 0.094 0.066 0.029 0.066 0.066 0.042 0.079 0.091 0.045 0.107 0.091 0.057 0.053 0.054;
0.049 0.08 0.063 0.092 0.094 0.064 0.04 0.088 0.035 0.048 0.057 0.067 0.056 0.093 0.074;0.049 0.08 0.064 0.04 0.088 0.063 0.092 0.094 0.035 0.048 0.057 0.067 0.093 0.056 0.074;0.049 0.064 0.063 0.035 0.067 0.08 0.04 0.088 0.092 0.048 0.093 0.094 0.056 0.057 0.074;
0.049 0.063 0.057 0.096 0.095 0.092 0.043 0.077 0.031 0.06 0.05 0.061 0.056 0.103 0.067;0.049 0.063 0.092 0.043 0.077 0.057 0.096 0.095 0.031 0.06 0.05 0.061 0.103 0.056 0.067;0.049 0.092 0.057 0.031 0.061 0.063 0.043 0.077 0.096 0.06 0.103 0.095 0.056 0.05 0.067;
0.055 0.076 0.062 0.086 0.1 0.082 0.033 0.075 0.026 0.057 0.057 0.067 0.059 0.103 0.062;0.055 0.076 0.082 0.033 0.075 0.062 0.086 0.1 0.026 0.057 0.057 0.067 0.103 0.059 0.062;0.055 0.082 0.062 0.026 0.067 0.076 0.033 0.075 0.086 0.057 0.103 0.1 0.059 0.057 0.062;
0.054 0.096 0.064 0.085 0.106 0.066 0.04 0.086 0.028 0.038 0.06 0.075 0.059 0.094 0.049;0.054 0.096 0.066 0.04 0.086 0.064 0.085 0.106 0.028 0.038 0.06 0.075 0.094 0.059 0.049;0.054 0.066 0.064 0.028 0.075 0.096 0.04 0.086 0.085 0.038 0.094 0.106 0.059 0.06 0.049;
0.058 0.087 0.048 0.094 0.099 0.065 0.038 0.075 0.036 0.048 0.06 0.056 0.07 0.115 0.051;0.058 0.087 0.065 0.038 0.075 0.048 0.094 0.099 0.036 0.048 0.06 0.056 0.115 0.07 0.051;0.058 0.065 0.048 0.036 0.056 0.087 0.038 0.075 0.094 0.048 0.115 0.099 0.07 0.06 0.051;
0.05 0.07 0.059 0.078 0.082 0.072 0.039 0.098 0.034 0.06 0.061 0.059 0.07 0.11 0.058;0.05 0.07 0.072 0.039 0.098 0.059 0.078 0.082 0.034 0.06 0.061 0.059 0.11 0.07 0.058;0.05 0.072 0.059 0.034 0.059 0.07 0.039 0.098 0.078 0.06 0.11 0.082 0.07 0.061 0.058;
0.065 0.071 0.05 0.099 0.112 0.075 0.033 0.085 0.02 0.049 0.054 0.079 0.057 0.103 0.048;0.065 0.071 0.075 0.033 0.085 0.05 0.099 0.112 0.02 0.049 0.054 0.079 0.103 0.057 0.048;0.065 0.075 0.05 0.02 0.079 0.071 0.033 0.085 0.099 0.049 0.103 0.112 0.057 0.054 0.048;
0.063 0.071 0.055 0.092 0.105 0.076 0.041 0.068 0.034 0.06 0.054 0.051 0.063 0.107 0.06;0.063 0.071 0.076 0.041 0.068 0.055 0.092 0.105 0.034 0.06 0.054 0.051 0.107 0.063 0.06;0.063 0.076 0.055 0.034 0.051 0.071 0.041 0.068 0.092 0.06 0.107 0.105 0.063 0.054 0.06;
0.064 0.067 0.046 0.086 0.109 0.086 0.041 0.083 0.03 0.052 0.06 0.059 0.062 0.096 0.059;0.064 0.067 0.086 0.041 0.083 0.046 0.086 0.109 0.03 0.052 0.06 0.059 0.096 0.062 0.059;0.064 0.086 0.046 0.03 0.059 0.067 0.041 0.083 0.086 0.052 0.096 0.109 0.062 0.06 0.059;
0.054 0.065 0.055 0.097 0.089 0.076 0.034 0.075 0.036 0.061 0.062 0.066 0.054 0.111 0.065;0.054 0.065 0.076 0.034 0.075 0.055 0.097 0.089 0.036 0.061 0.062 0.066 0.111 0.054 0.065;0.054 0.076 0.055 0.036 0.066 0.065 0.034 0.075 0.097 0.061 0.111 0.089 0.054 0.062 0.065;
0.047 0.079 0.059 0.101 0.107 0.08 0.027 0.069 0.029 0.053 0.053 0.065 0.064 0.103 0.064;0.047 0.079 0.08 0.027 0.069 0.059 0.101 0.107 0.029 0.053 0.053 0.065 0.103 0.064 0.064;0.047 0.08 0.059 0.029 0.065 0.079 0.027 0.069 0.101 0.053 0.103 0.107 0.064 0.053 0.064;
0.05 0.077 0.056 0.093 0.09 0.073 0.044 0.083 0.037 0.048 0.068 0.065 0.049 0.099 0.068;0.05 0.077 0.073 0.044 0.083 0.056 0.093 0.09 0.037 0.048 0.068 0.065 0.099 0.049 0.068;0.05 0.073 0.056 0.037 0.065 0.077 0.044 0.083 0.093 0.048 0.099 0.09 0.049 0.068 0.068;
0.064 0.068 0.057 0.093 0.121 0.056 0.042 0.076 0.036 0.052 0.064 0.071 0.058 0.086 0.056;0.064 0.068 0.056 0.042 0.076 0.057 0.093 0.121 0.036 0.052 0.064 0.071 0.086 0.058 0.056;0.064 0.056 0.057 0.036 0.071 0.068 0.042 0.076 0.093 0.052 0.086 0.121 0.058 0.064 0.056;
0.033 0.102 0.064 0.082 0.082 0.082 0.033 0.07 0.029 0.061 0.055 0.063 0.056 0.12 0.068;0.033 0.102 0.082 0.033 0.07 0.064 0.082 0.082 0.029 0.061 0.055 0.063 0.12 0.056 0.068;0.033 0.082 0.064 0.029 0.063 0.102 0.033 0.07 0.082 0.061 0.12 0.082 0.056 0.055 0.068;
0.051 0.082 0.058 0.095 0.098 0.072 0.039 0.072 0.028 0.067 0.054 0.054 0.065 0.103 0.062;0.051 0.082 0.072 0.039 0.072 0.058 0.095 0.098 0.028 0.067 0.054 0.054 0.103 0.065 0.062;0.051 0.072 0.058 0.028 0.054 0.082 0.039 0.072 0.095 0.067 0.103 0.098 0.065 0.054 0.062;
0.051 0.077 0.043 0.08 0.115 0.069 0.042 0.064 0.034 0.048 0.065 0.074 0.067 0.109 0.062;0.051 0.077 0.069 0.042 0.064 0.043 0.08 0.115 0.034 0.048 0.065 0.074 0.109 0.067 0.062;0.051 0.069 0.043 0.034 0.074 0.077 0.042 0.064 0.08 0.048 0.109 0.115 0.067 0.065 0.062;
0.056 0.1 0.055 0.094 0.087 0.069 0.043 0.087 0.028 0.049 0.067 0.063 0.046 0.108 0.048;0.056 0.1 0.069 0.043 0.087 0.055 0.094 0.087 0.028 0.049 0.067 0.063 0.108 0.046 0.048;0.056 0.069 0.055 0.028 0.063 0.1 0.043 0.087 0.094 0.049 0.108 0.087 0.046 0.067 0.048;
0.054 0.074 0.059 0.084 0.105 0.093 0.027 0.062 0.027 0.053 0.063 0.061 0.063 0.127 0.048;0.054 0.074 0.093 0.027 0.062 0.059 0.084 0.105 0.027 0.053 0.063 0.061 0.127 0.063 0.048;0.054 0.093 0.059 0.027 0.061 0.074 0.027 0.062 0.084 0.053 0.127 0.105 0.063 0.063 0.048;
0.042 0.083 0.06 0.082 0.117 0.074 0.041 0.085 0.034 0.039 0.068 0.055 0.061 0.096 0.063;0.042 0.083 0.074 0.041 0.085 0.06 0.082 0.117 0.034 0.039 0.068 0.055 0.096 0.061 0.063;0.042 0.074 0.06 0.034 0.055 0.083 0.041 0.085 0.082 0.039 0.096 0.117 0.061 0.068 0.063;
0.056 0.077 0.061 0.088 0.094 0.058 0.043 0.083 0.032 0.06 0.048 0.045 0.07 0.125 0.06;0.056 0.077 0.058 0.043 0.083 0.061 0.088 0.094 0.032 0.06 0.048 0.045 0.125 0.07 0.06;0.056 0.058 0.061 0.032 0.045 0.077 0.043 0.083 0.088 0.06 0.125 0.094 0.07 0.048 0.06;
0.049 0.077 0.061 0.095 0.089 0.081 0.044 0.093 0.041 0.048 0.066 0.056 0.054 0.098 0.048;0.049 0.077 0.081 0.044 0.093 0.061 0.095 0.089 0.041 0.048 0.066 0.056 0.098 0.054 0.048;0.049 0.081 0.061 0.041 0.056 0.077 0.044 0.093 0.095 0.048 0.098 0.089 0.054 0.066 0.048;
0.059 0.083 0.051 0.086 0.099 0.08 0.036 0.076 0.021 0.059 0.062 0.067 0.056 0.102 0.063;0.059 0.083 0.08 0.036 0.076 0.051 0.086 0.099 0.021 0.059 0.062 0.067 0.102 0.056 0.063;0.059 0.08 0.051 0.021 0.067 0.083 0.036 0.076 0.086 0.059 0.102 0.099 0.056 0.062 0.063;
0.061 0.065 0.042 0.093 0.104 0.071 0.036 0.097 0.025 0.055 0.068 0.06 0.059 0.103 0.061;0.061 0.065 0.071 0.036 0.097 0.042 0.093 0.104 0.025 0.055 0.068 0.06 0.103 0.059 0.061;0.061 0.071 0.042 0.025 0.06 0.065 0.036 0.097 0.093 0.055 0.103 0.104 0.059 0.068 0.061;
0.036 0.067 0.051 0.093 0.095 0.09 0.048 0.097 0.033 0.052 0.074 0.06 0.047 0.095 0.062;0.036 0.067 0.09 0.048 0.097 0.051 0.093 0.095 0.033 0.052 0.074 0.06 0.095 0.047 0.062;0.036 0.09 0.051 0.033 0.06 0.067 0.048 0.097 0.093 0.052 0.095 0.095 0.047 0.074 0.062;
0.045 0.074 0.056 0.083 0.118 0.089 0.035 0.079 0.023 0.048 0.067 0.062 0.056 0.1 0.065;0.045 0.074 0.089 0.035 0.079 0.056 0.083 0.118 0.023 0.048 0.067 0.062 0.1 0.056 0.065;0.045 0.089 0.056 0.023 0.062 0.074 0.035 0.079 0.083 0.048 0.1 0.118 0.056 0.067 0.065;
0.062 0.061 0.059 0.084 0.094 0.085 0.045 0.085 0.036 0.052 0.052 0.064 0.058 0.109 0.054;0.062 0.061 0.085 0.045 0.085 0.059 0.084 0.094 0.036 0.052 0.052 0.064 0.109 0.058 0.054;0.062 0.085 0.059 0.036 0.064 0.061 0.045 0.085 0.084 0.052 0.109 0.094 0.058 0.052 0.054;
0.042 0.071 0.053 0.084 0.096 0.084 0.049 0.081 0.036 0.057 0.056 0.063 0.063 0.119 0.046;0.042 0.071 0.084 0.049 0.081 0.053 0.084 0.096 0.036 0.057 0.056 0.063 0.119 0.063 0.046;0.042 0.084 0.053 0.036 0.063 0.071 0.049 0.081 0.084 0.057 0.119 0.096 0.063 0.056 0.046;
0.045 0.091 0.048 0.09 0.104 0.06 0.043 0.08 0.038 0.07 0.072 0.061 0.053 0.095 0.05;0.045 0.091 0.06 0.043 0.08 0.048 0.09 0.104 0.038 0.07 0.072 0.061 0.095 0.053 0.05;0.045 0.06 0.048 0.038 0.061 0.091 0.043 0.08 0.09 0.07 0.095 0.104 0.053 0.072 0.05];