pntP=[0.021 0.035 0.053 0.063 0.081 0.055 0.044 0.092 0.043 0.044 0.11 0.098 0.093 0.1 0.068;0.021 0.035 0.055 0.044 0.092 0.053 0.063 0.081 0.043 0.044 0.11 0.098 0.1 0.093 0.068;0.021 0.055 0.053 0.043 0.098 0.035 0.044 0.092 0.063 0.044 0.1 0.081 0.093 0.11 0.068;
0.025 0.055 0.043 0.068 0.093 0.064 0.04 0.095 0.044 0.059 0.078 0.078 0.066 0.105 0.087;0.025 0.055 0.064 0.04 0.095 0.043 0.068 0.093 0.044 0.059 0.078 0.078 0.105 0.066 0.087;0.025 0.064 0.043 0.044 0.078 0.055 0.04 0.095 0.068 0.059 0.105 0.093 0.066 0.078 0.087;
0.025 0.061 0.047 0.038 0.099 0.053 0.044 0.088 0.045 0.069 0.112 0.095 0.084 0.075 0.065;0.025 0.061 0.053 0.044 0.088 0.047 0.038 0.099 0.045 0.069 0.112 0.095 0.075 0.084 0.065;0.025 0.053 0.047 0.045 0.095 0.061 0.044 0.088 0.038 0.069 0.075 0.099 0.084 0.112 0.065;
0.025 0.05 0.046 0.056 0.099 0.046 0.04 0.075 0.035 0.043 0.096 0.105 0.095 0.105 0.084;0.025 0.05 0.046 0.04 0.075 0.046 0.056 0.099 0.035 0.043 0.096 0.105 0.105 0.095 0.084;0.025 0.046 0.046 0.035 0.105 0.05 0.04 0.075 0.056 0.043 0.105 0.099 0.095 0.096 0.084;
0.016 0.051 0.039 0.052 0.115 0.052 0.04 0.093 0.042 0.051 0.088 0.1 0.088 0.085 0.088;0.016 0.051 0.052 0.04 0.093 0.039 0.052 0.115 0.042 0.051 0.088 0.1 0.085 0.088 0.088;0.016 0.052 0.039 0.042 0.1 0.051 0.04 0.093 0.052 0.051 0.085 0.115 0.088 0.088 0.088;
0.018 0.047 0.055 0.043 0.11 0.046 0.055 0.075 0.038 0.051 0.085 0.079 0.098 0.103 0.097;0.018 0.047 0.046 0.055 0.075 0.055 0.043 0.11 0.038 0.051 0.085 0.079 0.103 0.098 0.097;0.018 0.046 0.055 0.038 0.079 0.047 0.055 0.075 0.043 0.051 0.103 0.11 0.098 0.085 0.097;
0.018 0.05 0.04 0.058 0.102 0.055 0.047 0.1 0.042 0.046 0.084 0.092 0.092 0.091 0.083;0.018 0.05 0.055 0.047 0.1 0.04 0.058 0.102 0.042 0.046 0.084 0.092 0.091 0.092 0.083;0.018 0.055 0.04 0.042 0.092 0.05 0.047 0.1 0.058 0.046 0.091 0.102 0.092 0.084 0.083;
0.017 0.056 0.052 0.059 0.078 0.057 0.057 0.068 0.054 0.048 0.088 0.088 0.092 0.105 0.081;0.017 0.056 0.057 0.057 0.068 0.052 0.059 0.078 0.054 0.048 0.088 0.088 0.105 0.092 0.081;0.017 0.057 0.052 0.054 0.088 0.056 0.057 0.068 0.059 0.048 0.105 0.078 0.092 0.088 0.081;
0.026 0.049 0.055 0.071 0.09 0.043 0.043 0.095 0.048 0.044 0.094 0.071 0.084 0.095 0.092;0.026 0.049 0.043 0.043 0.095 0.055 0.071 0.09 0.048 0.044 0.094 0.071 0.095 0.084 0.092;0.026 0.043 0.055 0.048 0.071 0.049 0.043 0.095 0.071 0.044 0.095 0.09 0.084 0.094 0.092;
0.017 0.051 0.066 0.053 0.083 0.041 0.048 0.098 0.059 0.042 0.084 0.1 0.088 0.09 0.08;0.017 0.051 0.041 0.048 0.098 0.066 0.053 0.083 0.059 0.042 0.084 0.1 0.09 0.088 0.08;0.017 0.041 0.066 0.059 0.1 0.051 0.048 0.098 0.053 0.042 0.09 0.083 0.088 0.084 0.08;
0.016 0.045 0.052 0.057 0.117 0.046 0.032 0.081 0.047 0.07 0.081 0.089 0.089 0.09 0.088;0.016 0.045 0.046 0.032 0.081 0.052 0.057 0.117 0.047 0.07 0.081 0.089 0.09 0.089 0.088;0.016 0.046 0.052 0.047 0.089 0.045 0.032 0.081 0.057 0.07 0.09 0.117 0.089 0.081 0.088;
0.017 0.054 0.065 0.055 0.097 0.056 0.052 0.062 0.035 0.059 0.078 0.09 0.096 0.103 0.081;0.017 0.054 0.056 0.052 0.062 0.065 0.055 0.097 0.035 0.059 0.078 0.09 0.103 0.096 0.081;0.017 0.056 0.065 0.035 0.09 0.054 0.052 0.062 0.055 0.059 0.103 0.097 0.096 0.078 0.081;
0.025 0.049 0.042 0.056 0.101 0.056 0.051 0.089 0.056 0.058 0.08 0.088 0.073 0.092 0.084;0.025 0.049 0.056 0.051 0.089 0.042 0.056 0.101 0.056 0.058 0.08 0.088 0.092 0.073 0.084;0.025 0.056 0.042 0.056 0.088 0.049 0.051 0.089 0.056 0.058 0.092 0.101 0.073 0.08 0.084;
0.027 0.063 0.05 0.064 0.1 0.046 0.035 0.078 0.045 0.054 0.068 0.091 0.09 0.102 0.087;0.027 0.063 0.046 0.035 0.078 0.05 0.064 0.1 0.045 0.054 0.068 0.091 0.102 0.09 0.087;0.027 0.046 0.05 0.045 0.091 0.063 0.035 0.078 0.064 0.054 0.102 0.1 0.09 0.068 0.087;
0.026 0.047 0.036 0.067 0.111 0.051 0.058 0.091 0.043 0.042 0.075 0.088 0.074 0.092 0.099;0.026 0.047 0.051 0.058 0.091 0.036 0.067 0.111 0.043 0.042 0.075 0.088 0.092 0.074 0.099;0.026 0.051 0.036 0.043 0.088 0.047 0.058 0.091 0.067 0.042 0.092 0.111 0.074 0.075 0.099;
0.024 0.043 0.052 0.054 0.101 0.043 0.05 0.079 0.035 0.063 0.089 0.101 0.091 0.095 0.08;0.024 0.043 0.043 0.05 0.079 0.052 0.054 0.101 0.035 0.063 0.089 0.101 0.095 0.091 0.08;0.024 0.043 0.052 0.035 0.101 0.043 0.05 0.079 0.054 0.063 0.095 0.101 0.091 0.089 0.08;
0.022 0.06 0.049 0.05 0.097 0.052 0.042 0.094 0.045 0.05 0.063 0.087 0.091 0.102 0.096;0.022 0.06 0.052 0.042 0.094 0.049 0.05 0.097 0.045 0.05 0.063 0.087 0.102 0.091 0.096;0.022 0.052 0.049 0.045 0.087 0.06 0.042 0.094 0.05 0.05 0.102 0.097 0.091 0.063 0.096;
0.027 0.059 0.05 0.05 0.097 0.036 0.049 0.082 0.045 0.055 0.077 0.092 0.092 0.101 0.088;0.027 0.059 0.036 0.049 0.082 0.05 0.05 0.097 0.045 0.055 0.077 0.092 0.101 0.092 0.088;0.027 0.036 0.05 0.045 0.092 0.059 0.049 0.082 0.05 0.055 0.101 0.097 0.092 0.077 0.088;
0.012 0.046 0.046 0.055 0.088 0.063 0.043 0.097 0.044 0.051 0.089 0.084 0.1 0.096 0.086;0.012 0.046 0.063 0.043 0.097 0.046 0.055 0.088 0.044 0.051 0.089 0.084 0.096 0.1 0.086;0.012 0.063 0.046 0.044 0.084 0.046 0.043 0.097 0.055 0.051 0.096 0.088 0.1 0.089 0.086;
0.022 0.065 0.044 0.063 0.11 0.052 0.049 0.09 0.047 0.039 0.08 0.073 0.089 0.095 0.082;0.022 0.065 0.052 0.049 0.09 0.044 0.063 0.11 0.047 0.039 0.08 0.073 0.095 0.089 0.082;0.022 0.052 0.044 0.047 0.073 0.065 0.049 0.09 0.063 0.039 0.095 0.11 0.089 0.08 0.082;
0.018 0.054 0.047 0.062 0.107 0.055 0.044 0.095 0.042 0.052 0.085 0.084 0.086 0.095 0.074;0.018 0.054 0.055 0.044 0.095 0.047 0.062 0.107 0.042 0.052 0.085 0.084 0.095 0.086 0.074;0.018 0.055 0.047 0.042 0.084 0.054 0.044 0.095 0.062 0.052 0.095 0.107 0.086 0.085 0.074;
0.015 0.041 0.056 0.064 0.119 0.06 0.04 0.088 0.055 0.052 0.062 0.093 0.089 0.086 0.08;0.015 0.041 0.06 0.04 0.088 0.056 0.064 0.119 0.055 0.052 0.062 0.093 0.086 0.089 0.08;0.015 0.06 0.056 0.055 0.093 0.041 0.04 0.088 0.064 0.052 0.086 0.119 0.089 0.062 0.08;
0.025 0.056 0.052 0.052 0.098 0.059 0.037 0.075 0.049 0.05 0.085 0.085 0.086 0.098 0.093;0.025 0.056 0.059 0.037 0.075 0.052 0.052 0.098 0.049 0.05 0.085 0.085 0.098 0.086 0.093;0.025 0.059 0.052 0.049 0.085 0.056 0.037 0.075 0.052 0.05 0.098 0.098 0.086 0.085 0.093;
0.024 0.06 0.048 0.061 0.102 0.045 0.043 0.097 0.046 0.049 0.081 0.097 0.074 0.097 0.076;0.024 0.06 0.045 0.043 0.097 0.048 0.061 0.102 0.046 0.049 0.081 0.097 0.097 0.074 0.076;0.024 0.045 0.048 0.046 0.097 0.06 0.043 0.097 0.061 0.049 0.097 0.102 0.074 0.081 0.076;
0.022 0.056 0.049 0.07 0.091 0.052 0.04 0.089 0.048 0.047 0.076 0.089 0.077 0.107 0.087;0.022 0.056 0.052 0.04 0.089 0.049 0.07 0.091 0.048 0.047 0.076 0.089 0.107 0.077 0.087;0.022 0.052 0.049 0.048 0.089 0.056 0.04 0.089 0.07 0.047 0.107 0.091 0.077 0.076 0.087;
0.022 0.045 0.053 0.051 0.08 0.052 0.035 0.094 0.043 0.059 0.094 0.092 0.083 0.1 0.097;0.022 0.045 0.052 0.035 0.094 0.053 0.051 0.08 0.043 0.059 0.094 0.092 0.1 0.083 0.097;0.022 0.052 0.053 0.043 0.092 0.045 0.035 0.094 0.051 0.059 0.1 0.08 0.083 0.094 0.097;
0.019 0.052 0.049 0.07 0.105 0.057 0.046 0.095 0.031 0.056 0.068 0.089 0.084 0.092 0.087;0.019 0.052 0.057 0.046 0.095 0.049 0.07 0.105 0.031 0.056 0.068 0.089 0.092 0.084 0.087;0.019 0.057 0.049 0.031 0.089 0.052 0.046 0.095 0.07 0.056 0.092 0.105 0.084 0.068 0.087;
0.022 0.047 0.048 0.055 0.093 0.049 0.043 0.105 0.035 0.052 0.094 0.068 0.088 0.104 0.097;0.022 0.047 0.049 0.043 0.105 0.048 0.055 0.093 0.035 0.052 0.094 0.068 0.104 0.088 0.097;0.022 0.049 0.048 0.035 0.068 0.047 0.043 0.105 0.055 0.052 0.104 0.093 0.088 0.094 0.097;
0.019 0.068 0.047 0.048 0.106 0.056 0.033 0.089 0.043 0.053 0.085 0.092 0.091 0.094 0.076;0.019 0.068 0.056 0.033 0.089 0.047 0.048 0.106 0.043 0.053 0.085 0.092 0.094 0.091 0.076;0.019 0.056 0.047 0.043 0.092 0.068 0.033 0.089 0.048 0.053 0.094 0.106 0.091 0.085 0.076;
0.023 0.053 0.036 0.048 0.094 0.045 0.047 0.085 0.049 0.053 0.086 0.092 0.078 0.122 0.089;0.023 0.053 0.045 0.047 0.085 0.036 0.048 0.094 0.049 0.053 0.086 0.092 0.122 0.078 0.089;0.023 0.045 0.036 0.049 0.092 0.053 0.047 0.085 0.048 0.053 0.122 0.094 0.078 0.086 0.089;
0.021 0.054 0.045 0.046 0.115 0.042 0.043 0.091 0.034 0.042 0.089 0.095 0.08 0.109 0.094;0.021 0.054 0.042 0.043 0.091 0.045 0.046 0.115 0.034 0.042 0.089 0.095 0.109 0.08 0.094;0.021 0.042 0.045 0.034 0.095 0.054 0.043 0.091 0.046 0.042 0.109 0.115 0.08 0.089 0.094;
0.019 0.047 0.064 0.044 0.101 0.052 0.052 0.083 0.041 0.058 0.089 0.085 0.083 0.104 0.078;0.019 0.047 0.052 0.052 0.083 0.064 0.044 0.101 0.041 0.058 0.089 0.085 0.104 0.083 0.078;0.019 0.052 0.064 0.041 0.085 0.047 0.052 0.083 0.044 0.058 0.104 0.101 0.083 0.089 0.078;
0.023 0.058 0.06 0.058 0.104 0.045 0.043 0.087 0.041 0.049 0.107 0.077 0.079 0.097 0.072;0.023 0.058 0.045 0.043 0.087 0.06 0.058 0.104 0.041 0.049 0.107 0.077 0.097 0.079 0.072;0.023 0.045 0.06 0.041 0.077 0.058 0.043 0.087 0.058 0.049 0.097 0.104 0.079 0.107 0.072;
0.025 0.055 0.049 0.059 0.092 0.054 0.045 0.096 0.031 0.054 0.093 0.087 0.073 0.091 0.096;0.025 0.055 0.054 0.045 0.096 0.049 0.059 0.092 0.031 0.054 0.093 0.087 0.091 0.073 0.096;0.025 0.054 0.049 0.031 0.087 0.055 0.045 0.096 0.059 0.054 0.091 0.092 0.073 0.093 0.096;
0.024 0.055 0.045 0.056 0.09 0.048 0.061 0.087 0.061 0.047 0.075 0.084 0.096 0.1 0.071;0.024 0.055 0.048 0.061 0.087 0.045 0.056 0.09 0.061 0.047 0.075 0.084 0.1 0.096 0.071;0.024 0.048 0.045 0.061 0.084 0.055 0.061 0.087 0.056 0.047 0.1 0.09 0.096 0.075 0.071;
0.033 0.044 0.049 0.044 0.102 0.058 0.036 0.106 0.049 0.049 0.098 0.092 0.088 0.084 0.068;0.033 0.044 0.058 0.036 0.106 0.049 0.044 0.102 0.049 0.049 0.098 0.092 0.084 0.088 0.068;0.033 0.058 0.049 0.049 0.092 0.044 0.036 0.106 0.044 0.049 0.084 0.102 0.088 0.098 0.068;
0.018 0.046 0.049 0.054 0.095 0.055 0.043 0.09 0.043 0.058 0.075 0.093 0.094 0.095 0.092;0.018 0.046 0.055 0.043 0.09 0.049 0.054 0.095 0.043 0.058 0.075 0.093 0.095 0.094 0.092;0.018 0.055 0.049 0.043 0.093 0.046 0.043 0.09 0.054 0.058 0.095 0.095 0.094 0.075 0.092;
0.023 0.049 0.05 0.057 0.102 0.049 0.049 0.084 0.044 0.05 0.092 0.084 0.079 0.106 0.082;0.023 0.049 0.049 0.049 0.084 0.05 0.057 0.102 0.044 0.05 0.092 0.084 0.106 0.079 0.082;0.023 0.049 0.05 0.044 0.084 0.049 0.049 0.084 0.057 0.05 0.106 0.102 0.079 0.092 0.082;
0.018 0.043 0.053 0.061 0.114 0.059 0.043 0.088 0.046 0.047 0.089 0.068 0.076 0.112 0.083;0.018 0.043 0.059 0.043 0.088 0.053 0.061 0.114 0.046 0.047 0.089 0.068 0.112 0.076 0.083;0.018 0.059 0.053 0.046 0.068 0.043 0.043 0.088 0.061 0.047 0.112 0.114 0.076 0.089 0.083;
0.021 0.042 0.047 0.056 0.085 0.049 0.035 0.098 0.036 0.053 0.07 0.118 0.094 0.098 0.098;0.021 0.042 0.049 0.035 0.098 0.047 0.056 0.085 0.036 0.053 0.07 0.118 0.098 0.094 0.098;0.021 0.049 0.047 0.036 0.118 0.042 0.035 0.098 0.056 0.053 0.098 0.085 0.094 0.07 0.098;
0.019 0.057 0.044 0.055 0.118 0.046 0.061 0.071 0.036 0.058 0.085 0.076 0.09 0.083 0.101;0.019 0.057 0.046 0.061 0.071 0.044 0.055 0.118 0.036 0.058 0.085 0.076 0.083 0.09 0.101;0.019 0.046 0.044 0.036 0.076 0.057 0.061 0.071 0.055 0.058 0.083 0.118 0.09 0.085 0.101;
0.029 0.046 0.059 0.053 0.106 0.046 0.041 0.09 0.046 0.044 0.077 0.086 0.089 0.086 0.102;0.029 0.046 0.046 0.041 0.09 0.059 0.053 0.106 0.046 0.044 0.077 0.086 0.086 0.089 0.102;0.029 0.046 0.059 0.046 0.086 0.046 0.041 0.09 0.053 0.044 0.086 0.106 0.089 0.077 0.102;
0.015 0.05 0.054 0.057 0.117 0.062 0.04 0.095 0.039 0.06 0.082 0.087 0.083 0.084 0.075;0.015 0.05 0.062 0.04 0.095 0.054 0.057 0.117 0.039 0.06 0.082 0.087 0.084 0.083 0.075;0.015 0.062 0.054 0.039 0.087 0.05 0.04 0.095 0.057 0.06 0.084 0.117 0.083 0.082 0.075;
0.015 0.049 0.047 0.063 0.09 0.05 0.04 0.074 0.048 0.059 0.065 0.106 0.082 0.117 0.095;0.015 0.049 0.05 0.04 0.074 0.047 0.063 0.09 0.048 0.059 0.065 0.106 0.117 0.082 0.095;0.015 0.05 0.047 0.048 0.106 0.049 0.04 0.074 0.063 0.059 0.117 0.09 0.082 0.065 0.095;
0.025 0.055 0.048 0.049 0.101 0.05 0.04 0.103 0.043 0.048 0.083 0.073 0.102 0.098 0.082;0.025 0.055 0.05 0.04 0.103 0.048 0.049 0.101 0.043 0.048 0.083 0.073 0.098 0.102 0.082;0.025 0.05 0.048 0.043 0.073 0.055 0.04 0.103 0.049 0.048 0.098 0.101 0.102 0.083 0.082;
0.024 0.071 0.049 0.051 0.11 0.055 0.039 0.077 0.054 0.039 0.085 0.083 0.098 0.084 0.081;0.024 0.071 0.055 0.039 0.077 0.049 0.051 0.11 0.054 0.039 0.085 0.083 0.084 0.098 0.081;0.024 0.055 0.049 0.054 0.083 0.071 0.039 0.077 0.051 0.039 0.084 0.11 0.098 0.085 0.081;
0.021 0.048 0.042 0.064 0.096 0.043 0.049 0.09 0.042 0.045 0.082 0.088 0.1 0.104 0.086;0.021 0.048 0.043 0.049 0.09 0.042 0.064 0.096 0.042 0.045 0.082 0.088 0.104 0.1 0.086;0.021 0.043 0.042 0.042 0.088 0.048 0.049 0.09 0.064 0.045 0.104 0.096 0.1 0.082 0.086;
0.017 0.049 0.06 0.059 0.105 0.047 0.036 0.09 0.044 0.051 0.083 0.078 0.082 0.117 0.082;0.017 0.049 0.047 0.036 0.09 0.06 0.059 0.105 0.044 0.051 0.083 0.078 0.117 0.082 0.082;0.017 0.047 0.06 0.044 0.078 0.049 0.036 0.09 0.059 0.051 0.117 0.105 0.082 0.083 0.082;
0.027 0.051 0.042 0.041 0.105 0.054 0.043 0.101 0.037 0.058 0.09 0.102 0.089 0.085 0.075;0.027 0.051 0.054 0.043 0.101 0.042 0.041 0.105 0.037 0.058 0.09 0.102 0.085 0.089 0.075;0.027 0.054 0.042 0.037 0.102 0.051 0.043 0.101 0.041 0.058 0.085 0.105 0.089 0.09 0.075;
0.024 0.04 0.05 0.054 0.097 0.051 0.046 0.105 0.041 0.042 0.085 0.093 0.087 0.096 0.089;0.024 0.04 0.051 0.046 0.105 0.05 0.054 0.097 0.041 0.042 0.085 0.093 0.096 0.087 0.089;0.024 0.051 0.05 0.041 0.093 0.04 0.046 0.105 0.054 0.042 0.096 0.097 0.087 0.085 0.089;
0.023 0.062 0.052 0.064 0.116 0.047 0.036 0.09 0.027 0.042 0.079 0.079 0.089 0.088 0.106;0.023 0.062 0.047 0.036 0.09 0.052 0.064 0.116 0.027 0.042 0.079 0.079 0.088 0.089 0.106;0.023 0.047 0.052 0.027 0.079 0.062 0.036 0.09 0.064 0.042 0.088 0.116 0.089 0.079 0.106;
0.024 0.059 0.045 0.056 0.097 0.048 0.035 0.079 0.061 0.052 0.083 0.086 0.097 0.1 0.078;0.024 0.059 0.048 0.035 0.079 0.045 0.056 0.097 0.061 0.052 0.083 0.086 0.1 0.097 0.078;0.024 0.048 0.045 0.061 0.086 0.059 0.035 0.079 0.056 0.052 0.1 0.097 0.097 0.083 0.078;
0.02 0.041 0.049 0.054 0.095 0.05 0.049 0.089 0.034 0.046 0.091 0.082 0.089 0.11 0.101;0.02 0.041 0.05 0.049 0.089 0.049 0.054 0.095 0.034 0.046 0.091 0.082 0.11 0.089 0.101;0.02 0.05 0.049 0.034 0.082 0.041 0.049 0.089 0.054 0.046 0.11 0.095 0.089 0.091 0.101;
0.029 0.06 0.05 0.053 0.103 0.06 0.039 0.091 0.041 0.052 0.072 0.091 0.087 0.089 0.083;0.029 0.06 0.06 0.039 0.091 0.05 0.053 0.103 0.041 0.052 0.072 0.091 0.089 0.087 0.083;0.029 0.06 0.05 0.041 0.091 0.06 0.039 0.091 0.053 0.052 0.089 0.103 0.087 0.072 0.083;
0.017 0.069 0.045 0.057 0.093 0.061 0.033 0.084 0.053 0.051 0.084 0.073 0.081 0.108 0.091;0.017 0.069 0.061 0.033 0.084 0.045 0.057 0.093 0.053 0.051 0.084 0.073 0.108 0.081 0.091;0.017 0.061 0.045 0.053 0.073 0.069 0.033 0.084 0.057 0.051 0.108 0.093 0.081 0.084 0.091;
0.024 0.057 0.052 0.052 0.099 0.055 0.042 0.093 0.042 0.057 0.084 0.097 0.079 0.1 0.067;0.024 0.057 0.055 0.042 0.093 0.052 0.052 0.099 0.042 0.057 0.084 0.097 0.1 0.079 0.067;0.024 0.055 0.052 0.042 0.097 0.057 0.042 0.093 0.052 0.057 0.1 0.099 0.079 0.084 0.067;
0.016 0.048 0.06 0.052 0.105 0.066 0.049 0.087 0.039 0.064 0.089 0.068 0.081 0.092 0.084;0.016 0.048 0.066 0.049 0.087 0.06 0.052 0.105 0.039 0.064 0.089 0.068 0.092 0.081 0.084;0.016 0.066 0.06 0.039 0.068 0.048 0.049 0.087 0.052 0.064 0.092 0.105 0.081 0.089 0.084;
0.029 0.037 0.047 0.062 0.098 0.058 0.043 0.086 0.042 0.046 0.09 0.082 0.088 0.098 0.094;0.029 0.037 0.058 0.043 0.086 0.047 0.062 0.098 0.042 0.046 0.09 0.082 0.098 0.088 0.094;0.029 0.058 0.047 0.042 0.082 0.037 0.043 0.086 0.062 0.046 0.098 0.098 0.088 0.09 0.094;
0.025 0.039 0.052 0.045 0.084 0.045 0.053 0.086 0.057 0.051 0.083 0.089 0.118 0.098 0.075;0.025 0.039 0.045 0.053 0.086 0.052 0.045 0.084 0.057 0.051 0.083 0.089 0.098 0.118 0.075;0.025 0.045 0.052 0.057 0.089 0.039 0.053 0.086 0.045 0.051 0.098 0.084 0.118 0.083 0.075;
0.019 0.04 0.044 0.058 0.098 0.054 0.049 0.09 0.037 0.055 0.099 0.086 0.067 0.104 0.1;0.019 0.04 0.054 0.049 0.09 0.044 0.058 0.098 0.037 0.055 0.099 0.086 0.104 0.067 0.1;0.019 0.054 0.044 0.037 0.086 0.04 0.049 0.09 0.058 0.055 0.104 0.098 0.067 0.099 0.1;
0.016 0.049 0.063 0.065 0.09 0.05 0.039 0.083 0.058 0.049 0.088 0.086 0.08 0.096 0.088;0.016 0.049 0.05 0.039 0.083 0.063 0.065 0.09 0.058 0.049 0.088 0.086 0.096 0.08 0.088;0.016 0.05 0.063 0.058 0.086 0.049 0.039 0.083 0.065 0.049 0.096 0.09 0.08 0.088 0.088;
0.033 0.063 0.042 0.069 0.11 0.056 0.038 0.102 0.043 0.041 0.088 0.071 0.082 0.093 0.069;0.033 0.063 0.056 0.038 0.102 0.042 0.069 0.11 0.043 0.041 0.088 0.071 0.093 0.082 0.069;0.033 0.056 0.042 0.043 0.071 0.063 0.038 0.102 0.069 0.041 0.093 0.11 0.082 0.088 0.069;
0.026 0.055 0.061 0.057 0.112 0.041 0.036 0.09 0.047 0.043 0.066 0.088 0.085 0.106 0.087;0.026 0.055 0.041 0.036 0.09 0.061 0.057 0.112 0.047 0.043 0.066 0.088 0.106 0.085 0.087;0.026 0.041 0.061 0.047 0.088 0.055 0.036 0.09 0.057 0.043 0.106 0.112 0.085 0.066 0.087;
0.023 0.062 0.048 0.047 0.111 0.053 0.036 0.089 0.045 0.056 0.075 0.105 0.075 0.105 0.07;0.023 0.062 0.053 0.036 0.089 0.048 0.047 0.111 0.045 0.056 0.075 0.105 0.105 0.075 0.07;0.023 0.053 0.048 0.045 0.105 0.062 0.036 0.089 0.047 0.056 0.105 0.111 0.075 0.075 0.07;
0.019 0.051 0.048 0.051 0.094 0.047 0.041 0.099 0.04 0.046 0.098 0.083 0.081 0.11 0.092;0.019 0.051 0.047 0.041 0.099 0.048 0.051 0.094 0.04 0.046 0.098 0.083 0.11 0.081 0.092;0.019 0.047 0.048 0.04 0.083 0.051 0.041 0.099 0.051 0.046 0.11 0.094 0.081 0.098 0.092;
0.03 0.051 0.067 0.053 0.09 0.059 0.039 0.081 0.04 0.048 0.101 0.084 0.079 0.093 0.085;0.03 0.051 0.059 0.039 0.081 0.067 0.053 0.09 0.04 0.048 0.101 0.084 0.093 0.079 0.085;0.03 0.059 0.067 0.04 0.084 0.051 0.039 0.081 0.053 0.048 0.093 0.09 0.079 0.101 0.085;
0.036 0.051 0.045 0.056 0.098 0.044 0.051 0.085 0.046 0.043 0.079 0.084 0.093 0.113 0.076;0.036 0.051 0.044 0.051 0.085 0.045 0.056 0.098 0.046 0.043 0.079 0.084 0.113 0.093 0.076;0.036 0.044 0.045 0.046 0.084 0.051 0.051 0.085 0.056 0.043 0.113 0.098 0.093 0.079 0.076;
0.022 0.059 0.056 0.054 0.098 0.055 0.04 0.097 0.035 0.06 0.078 0.084 0.073 0.1 0.089;0.022 0.059 0.055 0.04 0.097 0.056 0.054 0.098 0.035 0.06 0.078 0.084 0.1 0.073 0.089;0.022 0.055 0.056 0.035 0.084 0.059 0.04 0.097 0.054 0.06 0.1 0.098 0.073 0.078 0.089;
0.017 0.049 0.051 0.054 0.105 0.05 0.046 0.098 0.042 0.051 0.082 0.078 0.093 0.107 0.077;0.017 0.049 0.05 0.046 0.098 0.051 0.054 0.105 0.042 0.051 0.082 0.078 0.107 0.093 0.077;0.017 0.05 0.051 0.042 0.078 0.049 0.046 0.098 0.054 0.051 0.107 0.105 0.093 0.082 0.077;
0.026 0.04 0.041 0.052 0.105 0.051 0.038 0.09 0.048 0.059 0.089 0.094 0.087 0.102 0.078;0.026 0.04 0.051 0.038 0.09 0.041 0.052 0.105 0.048 0.059 0.089 0.094 0.102 0.087 0.078;0.026 0.051 0.041 0.048 0.094 0.04 0.038 0.09 0.052 0.059 0.102 0.105 0.087 0.089 0.078;
0.019 0.06 0.057 0.076 0.083 0.051 0.047 0.084 0.044 0.044 0.091 0.072 0.08 0.093 0.099;0.019 0.06 0.051 0.047 0.084 0.057 0.076 0.083 0.044 0.044 0.091 0.072 0.093 0.08 0.099;0.019 0.051 0.057 0.044 0.072 0.06 0.047 0.084 0.076 0.044 0.093 0.083 0.08 0.091 0.099;
0.019 0.038 0.051 0.055 0.073 0.043 0.033 0.099 0.048 0.073 0.094 0.09 0.093 0.096 0.095;0.019 0.038 0.043 0.033 0.099 0.051 0.055 0.073 0.048 0.073 0.094 0.09 0.096 0.093 0.095;0.019 0.043 0.051 0.048 0.09 0.038 0.033 0.099 0.055 0.073 0.096 0.073 0.093 0.094 0.095;
0.018 0.051 0.059 0.051 0.108 0.047 0.04 0.072 0.049 0.062 0.081 0.096 0.089 0.091 0.086;0.018 0.051 0.047 0.04 0.072 0.059 0.051 0.108 0.049 0.062 0.081 0.096 0.091 0.089 0.086;0.018 0.047 0.059 0.049 0.096 0.051 0.04 0.072 0.051 0.062 0.091 0.108 0.089 0.081 0.086;
0.025 0.06 0.041 0.061 0.098 0.051 0.051 0.088 0.031 0.038 0.098 0.086 0.084 0.101 0.087;0.025 0.06 0.051 0.051 0.088 0.041 0.061 0.098 0.031 0.038 0.098 0.086 0.101 0.084 0.087;0.025 0.051 0.041 0.031 0.086 0.06 0.051 0.088 0.061 0.038 0.101 0.098 0.084 0.098 0.087;
0.017 0.057 0.06 0.052 0.092 0.049 0.04 0.086 0.046 0.051 0.086 0.076 0.085 0.101 0.102;0.017 0.057 0.049 0.04 0.086 0.06 0.052 0.092 0.046 0.051 0.086 0.076 0.101 0.085 0.102;0.017 0.049 0.06 0.046 0.076 0.057 0.04 0.086 0.052 0.051 0.101 0.092 0.085 0.086 0.102;
0.017 0.046 0.055 0.058 0.106 0.06 0.056 0.088 0.035 0.062 0.08 0.091 0.076 0.086 0.084;0.017 0.046 0.06 0.056 0.088 0.055 0.058 0.106 0.035 0.062 0.08 0.091 0.086 0.076 0.084;0.017 0.06 0.055 0.035 0.091 0.046 0.056 0.088 0.058 0.062 0.086 0.106 0.076 0.08 0.084;
0.028 0.045 0.058 0.068 0.099 0.05 0.055 0.095 0.05 0.034 0.077 0.075 0.086 0.105 0.075;0.028 0.045 0.05 0.055 0.095 0.058 0.068 0.099 0.05 0.034 0.077 0.075 0.105 0.086 0.075;0.028 0.05 0.058 0.05 0.075 0.045 0.055 0.095 0.068 0.034 0.105 0.099 0.086 0.077 0.075;
0.02 0.059 0.046 0.057 0.093 0.055 0.051 0.094 0.032 0.057 0.087 0.093 0.084 0.096 0.076;0.02 0.059 0.055 0.051 0.094 0.046 0.057 0.093 0.032 0.057 0.087 0.093 0.096 0.084 0.076;0.02 0.055 0.046 0.032 0.093 0.059 0.051 0.094 0.057 0.057 0.096 0.093 0.084 0.087 0.076;
0.024 0.056 0.055 0.054 0.111 0.043 0.023 0.084 0.045 0.069 0.072 0.085 0.092 0.091 0.096;0.024 0.056 0.043 0.023 0.084 0.055 0.054 0.111 0.045 0.069 0.072 0.085 0.091 0.092 0.096;0.024 0.043 0.055 0.045 0.085 0.056 0.023 0.084 0.054 0.069 0.091 0.111 0.092 0.072 0.096;
0.022 0.06 0.061 0.049 0.091 0.055 0.052 0.078 0.034 0.045 0.078 0.089 0.094 0.095 0.097;0.022 0.06 0.055 0.052 0.078 0.061 0.049 0.091 0.034 0.045 0.078 0.089 0.095 0.094 0.097;0.022 0.055 0.061 0.034 0.089 0.06 0.052 0.078 0.049 0.045 0.095 0.091 0.094 0.078 0.097;
0.015 0.063 0.042 0.053 0.107 0.052 0.034 0.08 0.046 0.051 0.085 0.077 0.092 0.113 0.09;0.015 0.063 0.052 0.034 0.08 0.042 0.053 0.107 0.046 0.051 0.085 0.077 0.113 0.092 0.09;0.015 0.052 0.042 0.046 0.077 0.063 0.034 0.08 0.053 0.051 0.113 0.107 0.092 0.085 0.09;
0.018 0.068 0.066 0.054 0.096 0.059 0.043 0.102 0.035 0.046 0.079 0.064 0.071 0.094 0.105;0.018 0.068 0.059 0.043 0.102 0.066 0.054 0.096 0.035 0.046 0.079 0.064 0.094 0.071 0.105;0.018 0.059 0.066 0.035 0.064 0.068 0.043 0.102 0.054 0.046 0.094 0.096 0.071 0.079 0.105;
0.021 0.048 0.052 0.063 0.099 0.053 0.043 0.093 0.04 0.054 0.075 0.083 0.08 0.111 0.085;0.021 0.048 0.053 0.043 0.093 0.052 0.063 0.099 0.04 0.054 0.075 0.083 0.111 0.08 0.085;0.021 0.053 0.052 0.04 0.083 0.048 0.043 0.093 0.063 0.054 0.111 0.099 0.08 0.075 0.085;
0.017 0.044 0.049 0.066 0.105 0.058 0.046 0.081 0.032 0.061 0.083 0.088 0.085 0.092 0.093;0.017 0.044 0.058 0.046 0.081 0.049 0.066 0.105 0.032 0.061 0.083 0.088 0.092 0.085 0.093;0.017 0.058 0.049 0.032 0.088 0.044 0.046 0.081 0.066 0.061 0.092 0.105 0.085 0.083 0.093;
0.023 0.055 0.049 0.06 0.102 0.059 0.041 0.076 0.043 0.053 0.082 0.081 0.086 0.11 0.08;0.023 0.055 0.059 0.041 0.076 0.049 0.06 0.102 0.043 0.053 0.082 0.081 0.11 0.086 0.08;0.023 0.059 0.049 0.043 0.081 0.055 0.041 0.076 0.06 0.053 0.11 0.102 0.086 0.082 0.08;
0.024 0.056 0.047 0.073 0.115 0.06 0.036 0.072 0.037 0.053 0.083 0.078 0.066 0.116 0.084;0.024 0.056 0.06 0.036 0.072 0.047 0.073 0.115 0.037 0.053 0.083 0.078 0.116 0.066 0.084;0.024 0.06 0.047 0.037 0.078 0.056 0.036 0.072 0.073 0.053 0.116 0.115 0.066 0.083 0.084;
0.018 0.052 0.041 0.053 0.112 0.056 0.041 0.082 0.052 0.052 0.103 0.079 0.075 0.091 0.093;0.018 0.052 0.056 0.041 0.082 0.041 0.053 0.112 0.052 0.052 0.103 0.079 0.091 0.075 0.093;0.018 0.056 0.041 0.052 0.079 0.052 0.041 0.082 0.053 0.052 0.091 0.112 0.075 0.103 0.093;
0.022 0.047 0.05 0.058 0.079 0.053 0.037 0.095 0.048 0.044 0.094 0.096 0.091 0.102 0.084;0.022 0.047 0.053 0.037 0.095 0.05 0.058 0.079 0.048 0.044 0.094 0.096 0.102 0.091 0.084;0.022 0.053 0.05 0.048 0.096 0.047 0.037 0.095 0.058 0.044 0.102 0.079 0.091 0.094 0.084;
0.026 0.044 0.056 0.047 0.103 0.053 0.041 0.097 0.044 0.039 0.076 0.087 0.088 0.109 0.09;0.026 0.044 0.053 0.041 0.097 0.056 0.047 0.103 0.044 0.039 0.076 0.087 0.109 0.088 0.09;0.026 0.053 0.056 0.044 0.087 0.044 0.041 0.097 0.047 0.039 0.109 0.103 0.088 0.076 0.09;
0.02 0.065 0.053 0.062 0.09 0.058 0.031 0.079 0.044 0.053 0.081 0.091 0.075 0.099 0.099;0.02 0.065 0.058 0.031 0.079 0.053 0.062 0.09 0.044 0.053 0.081 0.091 0.099 0.075 0.099;0.02 0.058 0.053 0.044 0.091 0.065 0.031 0.079 0.062 0.053 0.099 0.09 0.075 0.081 0.099;
0.019 0.053 0.047 0.054 0.094 0.051 0.041 0.097 0.049 0.044 0.08 0.099 0.081 0.093 0.098;0.019 0.053 0.051 0.041 0.097 0.047 0.054 0.094 0.049 0.044 0.08 0.099 0.093 0.081 0.098;0.019 0.051 0.047 0.049 0.099 0.053 0.041 0.097 0.054 0.044 0.093 0.094 0.081 0.08 0.098;
0.025 0.046 0.04 0.048 0.107 0.055 0.043 0.107 0.035 0.052 0.086 0.106 0.077 0.096 0.077;0.025 0.046 0.055 0.043 0.107 0.04 0.048 0.107 0.035 0.052 0.086 0.106 0.096 0.077 0.077;0.025 0.055 0.04 0.035 0.106 0.046 0.043 0.107 0.048 0.052 0.096 0.107 0.077 0.086 0.077;
0.014 0.054 0.047 0.058 0.101 0.05 0.031 0.081 0.039 0.043 0.091 0.089 0.087 0.123 0.092;0.014 0.054 0.05 0.031 0.081 0.047 0.058 0.101 0.039 0.043 0.091 0.089 0.123 0.087 0.092;0.014 0.05 0.047 0.039 0.089 0.054 0.031 0.081 0.058 0.043 0.123 0.101 0.087 0.091 0.092;
0.023 0.047 0.054 0.053 0.096 0.055 0.038 0.082 0.039 0.062 0.094 0.082 0.084 0.11 0.081;0.023 0.047 0.055 0.038 0.082 0.054 0.053 0.096 0.039 0.062 0.094 0.082 0.11 0.084 0.081;0.023 0.055 0.054 0.039 0.082 0.047 0.038 0.082 0.053 0.062 0.11 0.096 0.084 0.094 0.081;
0.019 0.038 0.066 0.057 0.096 0.047 0.043 0.09 0.044 0.064 0.084 0.081 0.086 0.1 0.085;0.019 0.038 0.047 0.043 0.09 0.066 0.057 0.096 0.044 0.064 0.084 0.081 0.1 0.086 0.085;0.019 0.047 0.066 0.044 0.081 0.038 0.043 0.09 0.057 0.064 0.1 0.096 0.086 0.084 0.085;
0.017 0.049 0.054 0.047 0.11 0.048 0.041 0.089 0.046 0.049 0.081 0.115 0.082 0.091 0.081;0.017 0.049 0.048 0.041 0.089 0.054 0.047 0.11 0.046 0.049 0.081 0.115 0.091 0.082 0.081;0.017 0.048 0.054 0.046 0.115 0.049 0.041 0.089 0.047 0.049 0.091 0.11 0.082 0.081 0.081;
0.03 0.043 0.066 0.053 0.096 0.041 0.059 0.112 0.04 0.048 0.087 0.078 0.065 0.1 0.082;0.03 0.043 0.041 0.059 0.112 0.066 0.053 0.096 0.04 0.048 0.087 0.078 0.1 0.065 0.082;0.03 0.041 0.066 0.04 0.078 0.043 0.059 0.112 0.053 0.048 0.1 0.096 0.065 0.087 0.082;
0.024 0.048 0.061 0.053 0.093 0.047 0.057 0.092 0.04 0.051 0.101 0.083 0.075 0.088 0.087;0.024 0.048 0.047 0.057 0.092 0.061 0.053 0.093 0.04 0.051 0.101 0.083 0.088 0.075 0.087;0.024 0.047 0.061 0.04 0.083 0.048 0.057 0.092 0.053 0.051 0.088 0.093 0.075 0.101 0.087;
0.027 0.042 0.056 0.056 0.089 0.053 0.047 0.099 0.043 0.051 0.079 0.094 0.09 0.098 0.076;0.027 0.042 0.053 0.047 0.099 0.056 0.056 0.089 0.043 0.051 0.079 0.094 0.098 0.09 0.076;0.027 0.053 0.056 0.043 0.094 0.042 0.047 0.099 0.056 0.051 0.098 0.089 0.09 0.079 0.076;
0.026 0.057 0.046 0.05 0.104 0.047 0.047 0.081 0.051 0.04 0.093 0.092 0.09 0.106 0.07;0.026 0.057 0.047 0.047 0.081 0.046 0.05 0.104 0.051 0.04 0.093 0.092 0.106 0.09 0.07;0.026 0.047 0.046 0.051 0.092 0.057 0.047 0.081 0.05 0.04 0.106 0.104 0.09 0.093 0.07];