pntP=[0.016 0.047 0.053 0.046 0.082 0.045 0.043 0.09 0.037 0.047 0.1 0.1 0.092 0.098 0.104;0.016 0.047 0.045 0.043 0.09 0.053 0.046 0.082 0.037 0.047 0.1 0.1 0.098 0.092 0.104;0.016 0.045 0.053 0.037 0.1 0.047 0.043 0.09 0.046 0.047 0.098 0.082 0.092 0.1 0.104;
0.026 0.047 0.043 0.059 0.081 0.059 0.038 0.072 0.066 0.053 0.107 0.077 0.089 0.093 0.09;0.026 0.047 0.059 0.038 0.072 0.043 0.059 0.081 0.066 0.053 0.107 0.077 0.093 0.089 0.09;0.026 0.059 0.043 0.066 0.077 0.047 0.038 0.072 0.059 0.053 0.093 0.081 0.089 0.107 0.09;
0.018 0.045 0.054 0.057 0.11 0.054 0.044 0.083 0.043 0.052 0.093 0.091 0.085 0.086 0.085;0.018 0.045 0.054 0.044 0.083 0.054 0.057 0.11 0.043 0.052 0.093 0.091 0.086 0.085 0.085;0.018 0.054 0.054 0.043 0.091 0.045 0.044 0.083 0.057 0.052 0.086 0.11 0.085 0.093 0.085;
0.02 0.053 0.058 0.059 0.099 0.042 0.041 0.095 0.041 0.05 0.081 0.089 0.086 0.098 0.088;0.02 0.053 0.042 0.041 0.095 0.058 0.059 0.099 0.041 0.05 0.081 0.089 0.098 0.086 0.088;0.02 0.042 0.058 0.041 0.089 0.053 0.041 0.095 0.059 0.05 0.098 0.099 0.086 0.081 0.088;
0.014 0.045 0.053 0.054 0.111 0.041 0.054 0.089 0.035 0.043 0.094 0.093 0.097 0.088 0.089;0.014 0.045 0.041 0.054 0.089 0.053 0.054 0.111 0.035 0.043 0.094 0.093 0.088 0.097 0.089;0.014 0.041 0.053 0.035 0.093 0.045 0.054 0.089 0.054 0.043 0.088 0.111 0.097 0.094 0.089;
0.017 0.053 0.047 0.06 0.097 0.037 0.041 0.09 0.047 0.042 0.086 0.093 0.086 0.105 0.099;0.017 0.053 0.037 0.041 0.09 0.047 0.06 0.097 0.047 0.042 0.086 0.093 0.105 0.086 0.099;0.017 0.037 0.047 0.047 0.093 0.053 0.041 0.09 0.06 0.042 0.105 0.097 0.086 0.086 0.099;
0.023 0.052 0.051 0.061 0.088 0.058 0.031 0.088 0.042 0.06 0.091 0.084 0.082 0.087 0.102;0.023 0.052 0.058 0.031 0.088 0.051 0.061 0.088 0.042 0.06 0.091 0.084 0.087 0.082 0.102;0.023 0.058 0.051 0.042 0.084 0.052 0.031 0.088 0.061 0.06 0.087 0.088 0.082 0.091 0.102;
0.018 0.047 0.05 0.046 0.101 0.052 0.047 0.102 0.056 0.045 0.087 0.067 0.079 0.105 0.098;0.018 0.047 0.052 0.047 0.102 0.05 0.046 0.101 0.056 0.045 0.087 0.067 0.105 0.079 0.098;0.018 0.052 0.05 0.056 0.067 0.047 0.047 0.102 0.046 0.045 0.105 0.101 0.079 0.087 0.098;
0.021 0.066 0.046 0.05 0.086 0.052 0.043 0.089 0.044 0.042 0.086 0.099 0.089 0.096 0.091;0.021 0.066 0.052 0.043 0.089 0.046 0.05 0.086 0.044 0.042 0.086 0.099 0.096 0.089 0.091;0.021 0.052 0.046 0.044 0.099 0.066 0.043 0.089 0.05 0.042 0.096 0.086 0.089 0.086 0.091;
0.018 0.057 0.046 0.064 0.11 0.049 0.036 0.081 0.045 0.056 0.093 0.083 0.095 0.086 0.081;0.018 0.057 0.049 0.036 0.081 0.046 0.064 0.11 0.045 0.056 0.093 0.083 0.086 0.095 0.081;0.018 0.049 0.046 0.045 0.083 0.057 0.036 0.081 0.064 0.056 0.086 0.11 0.095 0.093 0.081;
0.013 0.062 0.039 0.057 0.092 0.038 0.067 0.088 0.037 0.054 0.085 0.096 0.093 0.102 0.077;0.013 0.062 0.038 0.067 0.088 0.039 0.057 0.092 0.037 0.054 0.085 0.096 0.102 0.093 0.077;0.013 0.038 0.039 0.037 0.096 0.062 0.067 0.088 0.057 0.054 0.102 0.092 0.093 0.085 0.077;
0.022 0.046 0.056 0.055 0.107 0.052 0.043 0.097 0.051 0.035 0.088 0.09 0.077 0.083 0.098;0.022 0.046 0.052 0.043 0.097 0.056 0.055 0.107 0.051 0.035 0.088 0.09 0.083 0.077 0.098;0.022 0.052 0.056 0.051 0.09 0.046 0.043 0.097 0.055 0.035 0.083 0.107 0.077 0.088 0.098;
0.021 0.052 0.064 0.056 0.103 0.042 0.036 0.079 0.052 0.055 0.083 0.083 0.09 0.086 0.098;0.021 0.052 0.042 0.036 0.079 0.064 0.056 0.103 0.052 0.055 0.083 0.083 0.086 0.09 0.098;0.021 0.042 0.064 0.052 0.083 0.052 0.036 0.079 0.056 0.055 0.086 0.103 0.09 0.083 0.098;
0.018 0.044 0.045 0.059 0.089 0.05 0.039 0.086 0.049 0.042 0.084 0.087 0.097 0.102 0.109;0.018 0.044 0.05 0.039 0.086 0.045 0.059 0.089 0.049 0.042 0.084 0.087 0.102 0.097 0.109;0.018 0.05 0.045 0.049 0.087 0.044 0.039 0.086 0.059 0.042 0.102 0.089 0.097 0.084 0.109;
0.029 0.05 0.055 0.055 0.085 0.044 0.041 0.086 0.052 0.053 0.083 0.091 0.093 0.108 0.075;0.029 0.05 0.044 0.041 0.086 0.055 0.055 0.085 0.052 0.053 0.083 0.091 0.108 0.093 0.075;0.029 0.044 0.055 0.052 0.091 0.05 0.041 0.086 0.055 0.053 0.108 0.085 0.093 0.083 0.075;
0.017 0.052 0.052 0.054 0.085 0.043 0.035 0.096 0.057 0.059 0.083 0.087 0.094 0.103 0.083;0.017 0.052 0.043 0.035 0.096 0.052 0.054 0.085 0.057 0.059 0.083 0.087 0.103 0.094 0.083;0.017 0.043 0.052 0.057 0.087 0.052 0.035 0.096 0.054 0.059 0.103 0.085 0.094 0.083 0.083;
0.02 0.049 0.05 0.042 0.105 0.056 0.031 0.086 0.05 0.05 0.086 0.081 0.092 0.111 0.091;0.02 0.049 0.056 0.031 0.086 0.05 0.042 0.105 0.05 0.05 0.086 0.081 0.111 0.092 0.091;0.02 0.056 0.05 0.05 0.081 0.049 0.031 0.086 0.042 0.05 0.111 0.105 0.092 0.086 0.091;
0.017 0.054 0.051 0.063 0.103 0.041 0.057 0.086 0.046 0.051 0.075 0.078 0.094 0.109 0.075;0.017 0.054 0.041 0.057 0.086 0.051 0.063 0.103 0.046 0.051 0.075 0.078 0.109 0.094 0.075;0.017 0.041 0.051 0.046 0.078 0.054 0.057 0.086 0.063 0.051 0.109 0.103 0.094 0.075 0.075;
0.013 0.061 0.044 0.051 0.092 0.049 0.036 0.106 0.042 0.046 0.095 0.086 0.09 0.091 0.098;0.013 0.061 0.049 0.036 0.106 0.044 0.051 0.092 0.042 0.046 0.095 0.086 0.091 0.09 0.098;0.013 0.049 0.044 0.042 0.086 0.061 0.036 0.106 0.051 0.046 0.091 0.092 0.09 0.095 0.098;
0.018 0.049 0.053 0.045 0.102 0.054 0.042 0.081 0.043 0.048 0.075 0.078 0.092 0.121 0.099;0.018 0.049 0.054 0.042 0.081 0.053 0.045 0.102 0.043 0.048 0.075 0.078 0.121 0.092 0.099;0.018 0.054 0.053 0.043 0.078 0.049 0.042 0.081 0.045 0.048 0.121 0.102 0.092 0.075 0.099;
0.016 0.044 0.053 0.048 0.099 0.048 0.038 0.11 0.045 0.056 0.088 0.097 0.083 0.088 0.087;0.016 0.044 0.048 0.038 0.11 0.053 0.048 0.099 0.045 0.056 0.088 0.097 0.088 0.083 0.087;0.016 0.048 0.053 0.045 0.097 0.044 0.038 0.11 0.048 0.056 0.088 0.099 0.083 0.088 0.087;
0.025 0.051 0.042 0.053 0.085 0.038 0.058 0.071 0.047 0.057 0.091 0.093 0.091 0.099 0.099;0.025 0.051 0.038 0.058 0.071 0.042 0.053 0.085 0.047 0.057 0.091 0.093 0.099 0.091 0.099;0.025 0.038 0.042 0.047 0.093 0.051 0.058 0.071 0.053 0.057 0.099 0.085 0.091 0.091 0.099;
0.008 0.058 0.049 0.044 0.071 0.051 0.039 0.099 0.052 0.05 0.101 0.09 0.098 0.106 0.084;0.008 0.058 0.051 0.039 0.099 0.049 0.044 0.071 0.052 0.05 0.101 0.09 0.106 0.098 0.084;0.008 0.051 0.049 0.052 0.09 0.058 0.039 0.099 0.044 0.05 0.106 0.071 0.098 0.101 0.084;
0.014 0.061 0.047 0.057 0.109 0.051 0.042 0.09 0.046 0.053 0.092 0.082 0.078 0.09 0.088;0.014 0.061 0.051 0.042 0.09 0.047 0.057 0.109 0.046 0.053 0.092 0.082 0.09 0.078 0.088;0.014 0.051 0.047 0.046 0.082 0.061 0.042 0.09 0.057 0.053 0.09 0.109 0.078 0.092 0.088;
0.026 0.052 0.06 0.055 0.085 0.034 0.039 0.108 0.053 0.049 0.089 0.082 0.092 0.086 0.09;0.026 0.052 0.034 0.039 0.108 0.06 0.055 0.085 0.053 0.049 0.089 0.082 0.086 0.092 0.09;0.026 0.034 0.06 0.053 0.082 0.052 0.039 0.108 0.055 0.049 0.086 0.085 0.092 0.089 0.09;
0.021 0.058 0.058 0.044 0.097 0.058 0.043 0.086 0.059 0.039 0.092 0.101 0.092 0.069 0.083;0.021 0.058 0.058 0.043 0.086 0.058 0.044 0.097 0.059 0.039 0.092 0.101 0.069 0.092 0.083;0.021 0.058 0.058 0.059 0.101 0.058 0.043 0.086 0.044 0.039 0.069 0.097 0.092 0.092 0.083;
0.014 0.047 0.048 0.049 0.096 0.042 0.061 0.093 0.042 0.047 0.085 0.087 0.092 0.099 0.098;0.014 0.047 0.042 0.061 0.093 0.048 0.049 0.096 0.042 0.047 0.085 0.087 0.099 0.092 0.098;0.014 0.042 0.048 0.042 0.087 0.047 0.061 0.093 0.049 0.047 0.099 0.096 0.092 0.085 0.098;
0.019 0.045 0.055 0.06 0.105 0.046 0.045 0.082 0.046 0.04 0.098 0.084 0.104 0.083 0.088;0.019 0.045 0.046 0.045 0.082 0.055 0.06 0.105 0.046 0.04 0.098 0.084 0.083 0.104 0.088;0.019 0.046 0.055 0.046 0.084 0.045 0.045 0.082 0.06 0.04 0.083 0.105 0.104 0.098 0.088;
0.018 0.059 0.052 0.063 0.094 0.058 0.044 0.079 0.043 0.052 0.095 0.098 0.089 0.072 0.084;0.018 0.059 0.058 0.044 0.079 0.052 0.063 0.094 0.043 0.052 0.095 0.098 0.072 0.089 0.084;0.018 0.058 0.052 0.043 0.098 0.059 0.044 0.079 0.063 0.052 0.072 0.094 0.089 0.095 0.084;
0.025 0.053 0.046 0.061 0.081 0.054 0.038 0.098 0.044 0.048 0.081 0.09 0.079 0.11 0.092;0.025 0.053 0.054 0.038 0.098 0.046 0.061 0.081 0.044 0.048 0.081 0.09 0.11 0.079 0.092;0.025 0.054 0.046 0.044 0.09 0.053 0.038 0.098 0.061 0.048 0.11 0.081 0.079 0.081 0.092;
0.018 0.042 0.048 0.054 0.099 0.047 0.043 0.09 0.033 0.058 0.083 0.102 0.095 0.097 0.091;0.018 0.042 0.047 0.043 0.09 0.048 0.054 0.099 0.033 0.058 0.083 0.102 0.097 0.095 0.091;0.018 0.047 0.048 0.033 0.102 0.042 0.043 0.09 0.054 0.058 0.097 0.099 0.095 0.083 0.091;
0.03 0.039 0.047 0.046 0.111 0.043 0.046 0.085 0.041 0.05 0.092 0.089 0.076 0.103 0.102;0.03 0.039 0.043 0.046 0.085 0.047 0.046 0.111 0.041 0.05 0.092 0.089 0.103 0.076 0.102;0.03 0.043 0.047 0.041 0.089 0.039 0.046 0.085 0.046 0.05 0.103 0.111 0.076 0.092 0.102;
0.017 0.044 0.045 0.062 0.091 0.05 0.038 0.091 0.044 0.042 0.093 0.1 0.09 0.11 0.083;0.017 0.044 0.05 0.038 0.091 0.045 0.062 0.091 0.044 0.042 0.093 0.1 0.11 0.09 0.083;0.017 0.05 0.045 0.044 0.1 0.044 0.038 0.091 0.062 0.042 0.11 0.091 0.09 0.093 0.083;
0.017 0.047 0.062 0.058 0.099 0.046 0.053 0.108 0.042 0.045 0.084 0.084 0.085 0.088 0.082;0.017 0.047 0.046 0.053 0.108 0.062 0.058 0.099 0.042 0.045 0.084 0.084 0.088 0.085 0.082;0.017 0.046 0.062 0.042 0.084 0.047 0.053 0.108 0.058 0.045 0.088 0.099 0.085 0.084 0.082;
0.018 0.054 0.039 0.057 0.101 0.049 0.048 0.086 0.05 0.036 0.094 0.088 0.081 0.117 0.082;0.018 0.054 0.049 0.048 0.086 0.039 0.057 0.101 0.05 0.036 0.094 0.088 0.117 0.081 0.082;0.018 0.049 0.039 0.05 0.088 0.054 0.048 0.086 0.057 0.036 0.117 0.101 0.081 0.094 0.082;
0.024 0.04 0.055 0.051 0.092 0.048 0.043 0.074 0.044 0.054 0.091 0.104 0.091 0.095 0.094;0.024 0.04 0.048 0.043 0.074 0.055 0.051 0.092 0.044 0.054 0.091 0.104 0.095 0.091 0.094;0.024 0.048 0.055 0.044 0.104 0.04 0.043 0.074 0.051 0.054 0.095 0.092 0.091 0.091 0.094;
0.025 0.045 0.05 0.038 0.094 0.05 0.047 0.092 0.05 0.048 0.096 0.095 0.087 0.102 0.081;0.025 0.045 0.05 0.047 0.092 0.05 0.038 0.094 0.05 0.048 0.096 0.095 0.102 0.087 0.081;0.025 0.05 0.05 0.05 0.095 0.045 0.047 0.092 0.038 0.048 0.102 0.094 0.087 0.096 0.081;
0.019 0.049 0.044 0.064 0.1 0.044 0.04 0.092 0.053 0.049 0.076 0.081 0.086 0.11 0.093;0.019 0.049 0.044 0.04 0.092 0.044 0.064 0.1 0.053 0.049 0.076 0.081 0.11 0.086 0.093;0.019 0.044 0.044 0.053 0.081 0.049 0.04 0.092 0.064 0.049 0.11 0.1 0.086 0.076 0.093;
0.02 0.048 0.049 0.049 0.09 0.062 0.047 0.106 0.056 0.062 0.086 0.072 0.091 0.08 0.082;0.02 0.048 0.062 0.047 0.106 0.049 0.049 0.09 0.056 0.062 0.086 0.072 0.08 0.091 0.082;0.02 0.062 0.049 0.056 0.072 0.048 0.047 0.106 0.049 0.062 0.08 0.09 0.091 0.086 0.082;
0.019 0.053 0.042 0.049 0.097 0.049 0.05 0.094 0.039 0.051 0.094 0.082 0.103 0.09 0.088;0.019 0.053 0.049 0.05 0.094 0.042 0.049 0.097 0.039 0.051 0.094 0.082 0.09 0.103 0.088;0.019 0.049 0.042 0.039 0.082 0.053 0.05 0.094 0.049 0.051 0.09 0.097 0.103 0.094 0.088;
0.02 0.042 0.051 0.044 0.106 0.042 0.037 0.086 0.044 0.053 0.084 0.102 0.097 0.1 0.092;0.02 0.042 0.042 0.037 0.086 0.051 0.044 0.106 0.044 0.053 0.084 0.102 0.1 0.097 0.092;0.02 0.042 0.051 0.044 0.102 0.042 0.037 0.086 0.044 0.053 0.1 0.106 0.097 0.084 0.092;
0.018 0.044 0.032 0.061 0.1 0.044 0.05 0.093 0.048 0.047 0.091 0.079 0.082 0.117 0.094;0.018 0.044 0.044 0.05 0.093 0.032 0.061 0.1 0.048 0.047 0.091 0.079 0.117 0.082 0.094;0.018 0.044 0.032 0.048 0.079 0.044 0.05 0.093 0.061 0.047 0.117 0.1 0.082 0.091 0.094;
0.018 0.045 0.042 0.051 0.102 0.051 0.055 0.094 0.035 0.042 0.095 0.097 0.08 0.101 0.092;0.018 0.045 0.051 0.055 0.094 0.042 0.051 0.102 0.035 0.042 0.095 0.097 0.101 0.08 0.092;0.018 0.051 0.042 0.035 0.097 0.045 0.055 0.094 0.051 0.042 0.101 0.102 0.08 0.095 0.092;
0.021 0.061 0.036 0.041 0.092 0.049 0.039 0.102 0.054 0.044 0.089 0.088 0.081 0.114 0.089;0.021 0.061 0.049 0.039 0.102 0.036 0.041 0.092 0.054 0.044 0.089 0.088 0.114 0.081 0.089;0.021 0.049 0.036 0.054 0.088 0.061 0.039 0.102 0.041 0.044 0.114 0.092 0.081 0.089 0.089;
0.018 0.041 0.048 0.057 0.105 0.051 0.037 0.1 0.047 0.046 0.076 0.098 0.091 0.101 0.084;0.018 0.041 0.051 0.037 0.1 0.048 0.057 0.105 0.047 0.046 0.076 0.098 0.101 0.091 0.084;0.018 0.051 0.048 0.047 0.098 0.041 0.037 0.1 0.057 0.046 0.101 0.105 0.091 0.076 0.084;
0.016 0.05 0.048 0.052 0.093 0.049 0.047 0.091 0.031 0.052 0.089 0.075 0.113 0.09 0.104;0.016 0.05 0.049 0.047 0.091 0.048 0.052 0.093 0.031 0.052 0.089 0.075 0.09 0.113 0.104;0.016 0.049 0.048 0.031 0.075 0.05 0.047 0.091 0.052 0.052 0.09 0.093 0.113 0.089 0.104;
0.02 0.053 0.051 0.062 0.093 0.06 0.04 0.079 0.054 0.048 0.076 0.095 0.09 0.105 0.074;0.02 0.053 0.06 0.04 0.079 0.051 0.062 0.093 0.054 0.048 0.076 0.095 0.105 0.09 0.074;0.02 0.06 0.051 0.054 0.095 0.053 0.04 0.079 0.062 0.048 0.105 0.093 0.09 0.076 0.074;
0.025 0.054 0.059 0.054 0.084 0.05 0.047 0.095 0.045 0.05 0.101 0.081 0.08 0.087 0.088;0.025 0.054 0.05 0.047 0.095 0.059 0.054 0.084 0.045 0.05 0.101 0.081 0.087 0.08 0.088;0.025 0.05 0.059 0.045 0.081 0.054 0.047 0.095 0.054 0.05 0.087 0.084 0.08 0.101 0.088;
0.019 0.04 0.059 0.05 0.09 0.057 0.043 0.096 0.048 0.049 0.08 0.095 0.085 0.1 0.089;0.019 0.04 0.057 0.043 0.096 0.059 0.05 0.09 0.048 0.049 0.08 0.095 0.1 0.085 0.089;0.019 0.057 0.059 0.048 0.095 0.04 0.043 0.096 0.05 0.049 0.1 0.09 0.085 0.08 0.089;
0.011 0.048 0.055 0.05 0.096 0.046 0.052 0.098 0.041 0.051 0.095 0.085 0.087 0.085 0.1;0.011 0.048 0.046 0.052 0.098 0.055 0.05 0.096 0.041 0.051 0.095 0.085 0.085 0.087 0.1;0.011 0.046 0.055 0.041 0.085 0.048 0.052 0.098 0.05 0.051 0.085 0.096 0.087 0.095 0.1;
0.018 0.054 0.054 0.064 0.088 0.04 0.056 0.082 0.042 0.039 0.092 0.098 0.077 0.106 0.09;0.018 0.054 0.04 0.056 0.082 0.054 0.064 0.088 0.042 0.039 0.092 0.098 0.106 0.077 0.09;0.018 0.04 0.054 0.042 0.098 0.054 0.056 0.082 0.064 0.039 0.106 0.088 0.077 0.092 0.09;
0.018 0.053 0.054 0.043 0.107 0.053 0.032 0.112 0.04 0.051 0.083 0.075 0.087 0.106 0.086;0.018 0.053 0.053 0.032 0.112 0.054 0.043 0.107 0.04 0.051 0.083 0.075 0.106 0.087 0.086;0.018 0.053 0.054 0.04 0.075 0.053 0.032 0.112 0.043 0.051 0.106 0.107 0.087 0.083 0.086;
0.01 0.053 0.05 0.063 0.089 0.045 0.049 0.086 0.044 0.048 0.096 0.097 0.112 0.076 0.082;0.01 0.053 0.045 0.049 0.086 0.05 0.063 0.089 0.044 0.048 0.096 0.097 0.076 0.112 0.082;0.01 0.045 0.05 0.044 0.097 0.053 0.049 0.086 0.063 0.048 0.076 0.089 0.112 0.096 0.082;
0.021 0.05 0.048 0.051 0.114 0.038 0.042 0.099 0.037 0.052 0.068 0.081 0.105 0.112 0.082;0.021 0.05 0.038 0.042 0.099 0.048 0.051 0.114 0.037 0.052 0.068 0.081 0.112 0.105 0.082;0.021 0.038 0.048 0.037 0.081 0.05 0.042 0.099 0.051 0.052 0.112 0.114 0.105 0.068 0.082;
0.018 0.047 0.051 0.046 0.106 0.06 0.053 0.093 0.041 0.049 0.08 0.093 0.075 0.092 0.096;0.018 0.047 0.06 0.053 0.093 0.051 0.046 0.106 0.041 0.049 0.08 0.093 0.092 0.075 0.096;0.018 0.06 0.051 0.041 0.093 0.047 0.053 0.093 0.046 0.049 0.092 0.106 0.075 0.08 0.096;
0.018 0.047 0.06 0.054 0.102 0.055 0.04 0.096 0.04 0.049 0.082 0.094 0.093 0.083 0.087;0.018 0.047 0.055 0.04 0.096 0.06 0.054 0.102 0.04 0.049 0.082 0.094 0.083 0.093 0.087;0.018 0.055 0.06 0.04 0.094 0.047 0.04 0.096 0.054 0.049 0.083 0.102 0.093 0.082 0.087;
0.023 0.056 0.047 0.071 0.091 0.035 0.044 0.09 0.035 0.04 0.096 0.083 0.103 0.112 0.074;0.023 0.056 0.035 0.044 0.09 0.047 0.071 0.091 0.035 0.04 0.096 0.083 0.112 0.103 0.074;0.023 0.035 0.047 0.035 0.083 0.056 0.044 0.09 0.071 0.04 0.112 0.091 0.103 0.096 0.074;
0.01 0.05 0.042 0.064 0.096 0.048 0.048 0.09 0.048 0.06 0.095 0.101 0.081 0.086 0.081;0.01 0.05 0.048 0.048 0.09 0.042 0.064 0.096 0.048 0.06 0.095 0.101 0.086 0.081 0.081;0.01 0.048 0.042 0.048 0.101 0.05 0.048 0.09 0.064 0.06 0.086 0.096 0.081 0.095 0.081;
0.016 0.054 0.044 0.053 0.075 0.06 0.031 0.104 0.049 0.05 0.1 0.097 0.098 0.079 0.09;0.016 0.054 0.06 0.031 0.104 0.044 0.053 0.075 0.049 0.05 0.1 0.097 0.079 0.098 0.09;0.016 0.06 0.044 0.049 0.097 0.054 0.031 0.104 0.053 0.05 0.079 0.075 0.098 0.1 0.09;
0.022 0.055 0.031 0.058 0.097 0.042 0.045 0.087 0.045 0.06 0.099 0.091 0.084 0.088 0.096;0.022 0.055 0.042 0.045 0.087 0.031 0.058 0.097 0.045 0.06 0.099 0.091 0.088 0.084 0.096;0.022 0.042 0.031 0.045 0.091 0.055 0.045 0.087 0.058 0.06 0.088 0.097 0.084 0.099 0.096;
0.016 0.049 0.053 0.051 0.1 0.04 0.051 0.079 0.05 0.051 0.098 0.073 0.091 0.104 0.094;0.016 0.049 0.04 0.051 0.079 0.053 0.051 0.1 0.05 0.051 0.098 0.073 0.104 0.091 0.094;0.016 0.04 0.053 0.05 0.073 0.049 0.051 0.079 0.051 0.051 0.104 0.1 0.091 0.098 0.094;
0.019 0.057 0.041 0.049 0.089 0.063 0.05 0.101 0.046 0.052 0.082 0.084 0.082 0.092 0.093;0.019 0.057 0.063 0.05 0.101 0.041 0.049 0.089 0.046 0.052 0.082 0.084 0.092 0.082 0.093;0.019 0.063 0.041 0.046 0.084 0.057 0.05 0.101 0.049 0.052 0.092 0.089 0.082 0.082 0.093;
0.024 0.049 0.047 0.05 0.097 0.049 0.041 0.09 0.051 0.047 0.105 0.088 0.081 0.091 0.09;0.024 0.049 0.049 0.041 0.09 0.047 0.05 0.097 0.051 0.047 0.105 0.088 0.091 0.081 0.09;0.024 0.049 0.047 0.051 0.088 0.049 0.041 0.09 0.05 0.047 0.091 0.097 0.081 0.105 0.09;
0.024 0.057 0.045 0.06 0.085 0.043 0.039 0.093 0.044 0.055 0.087 0.098 0.088 0.102 0.08;0.024 0.057 0.043 0.039 0.093 0.045 0.06 0.085 0.044 0.055 0.087 0.098 0.102 0.088 0.08;0.024 0.043 0.045 0.044 0.098 0.057 0.039 0.093 0.06 0.055 0.102 0.085 0.088 0.087 0.08;
0.021 0.058 0.059 0.05 0.097 0.063 0.038 0.082 0.036 0.05 0.104 0.079 0.092 0.093 0.078;0.021 0.058 0.063 0.038 0.082 0.059 0.05 0.097 0.036 0.05 0.104 0.079 0.093 0.092 0.078;0.021 0.063 0.059 0.036 0.079 0.058 0.038 0.082 0.05 0.05 0.093 0.097 0.092 0.104 0.078;
0.023 0.039 0.058 0.058 0.111 0.041 0.039 0.087 0.045 0.056 0.082 0.091 0.071 0.084 0.115;0.023 0.039 0.041 0.039 0.087 0.058 0.058 0.111 0.045 0.056 0.082 0.091 0.084 0.071 0.115;0.023 0.041 0.058 0.045 0.091 0.039 0.039 0.087 0.058 0.056 0.084 0.111 0.071 0.082 0.115;
0.019 0.053 0.047 0.067 0.096 0.044 0.049 0.084 0.032 0.048 0.088 0.087 0.102 0.087 0.097;0.019 0.053 0.044 0.049 0.084 0.047 0.067 0.096 0.032 0.048 0.088 0.087 0.087 0.102 0.097;0.019 0.044 0.047 0.032 0.087 0.053 0.049 0.084 0.067 0.048 0.087 0.096 0.102 0.088 0.097;
0.025 0.04 0.056 0.048 0.076 0.054 0.047 0.079 0.046 0.051 0.102 0.09 0.1 0.094 0.092;0.025 0.04 0.054 0.047 0.079 0.056 0.048 0.076 0.046 0.051 0.102 0.09 0.094 0.1 0.092;0.025 0.054 0.056 0.046 0.09 0.04 0.047 0.079 0.048 0.051 0.094 0.076 0.1 0.102 0.092;
0.018 0.046 0.04 0.057 0.092 0.059 0.042 0.079 0.047 0.049 0.097 0.078 0.097 0.106 0.093;0.018 0.046 0.059 0.042 0.079 0.04 0.057 0.092 0.047 0.049 0.097 0.078 0.106 0.097 0.093;0.018 0.059 0.04 0.047 0.078 0.046 0.042 0.079 0.057 0.049 0.106 0.092 0.097 0.097 0.093;
0.015 0.041 0.049 0.053 0.1 0.052 0.045 0.085 0.047 0.04 0.077 0.104 0.112 0.108 0.072;0.015 0.041 0.052 0.045 0.085 0.049 0.053 0.1 0.047 0.04 0.077 0.104 0.108 0.112 0.072;0.015 0.052 0.049 0.047 0.104 0.041 0.045 0.085 0.053 0.04 0.108 0.1 0.112 0.077 0.072;
0.017 0.053 0.047 0.056 0.086 0.065 0.051 0.088 0.046 0.042 0.103 0.087 0.09 0.096 0.073;0.017 0.053 0.065 0.051 0.088 0.047 0.056 0.086 0.046 0.042 0.103 0.087 0.096 0.09 0.073;0.017 0.065 0.047 0.046 0.087 0.053 0.051 0.088 0.056 0.042 0.096 0.086 0.09 0.103 0.073;
0.022 0.043 0.04 0.06 0.075 0.05 0.037 0.098 0.044 0.037 0.106 0.106 0.077 0.115 0.09;0.022 0.043 0.05 0.037 0.098 0.04 0.06 0.075 0.044 0.037 0.106 0.106 0.115 0.077 0.09;0.022 0.05 0.04 0.044 0.106 0.043 0.037 0.098 0.06 0.037 0.115 0.075 0.077 0.106 0.09;
0.02 0.049 0.055 0.041 0.092 0.046 0.049 0.09 0.045 0.057 0.095 0.091 0.098 0.099 0.073;0.02 0.049 0.046 0.049 0.09 0.055 0.041 0.092 0.045 0.057 0.095 0.091 0.099 0.098 0.073;0.02 0.046 0.055 0.045 0.091 0.049 0.049 0.09 0.041 0.057 0.099 0.092 0.098 0.095 0.073;
0.025 0.045 0.05 0.043 0.096 0.052 0.044 0.091 0.04 0.05 0.081 0.093 0.079 0.114 0.097;0.025 0.045 0.052 0.044 0.091 0.05 0.043 0.096 0.04 0.05 0.081 0.093 0.114 0.079 0.097;0.025 0.052 0.05 0.04 0.093 0.045 0.044 0.091 0.043 0.05 0.114 0.096 0.079 0.081 0.097;
0.021 0.054 0.047 0.05 0.11 0.053 0.036 0.093 0.048 0.05 0.083 0.096 0.085 0.087 0.087;0.021 0.054 0.053 0.036 0.093 0.047 0.05 0.11 0.048 0.05 0.083 0.096 0.087 0.085 0.087;0.021 0.053 0.047 0.048 0.096 0.054 0.036 0.093 0.05 0.05 0.087 0.11 0.085 0.083 0.087;
0.018 0.055 0.048 0.056 0.11 0.043 0.052 0.093 0.044 0.05 0.092 0.084 0.081 0.095 0.079;0.018 0.055 0.043 0.052 0.093 0.048 0.056 0.11 0.044 0.05 0.092 0.084 0.095 0.081 0.079;0.018 0.043 0.048 0.044 0.084 0.055 0.052 0.093 0.056 0.05 0.095 0.11 0.081 0.092 0.079;
0.019 0.056 0.051 0.065 0.089 0.052 0.053 0.078 0.048 0.05 0.058 0.12 0.092 0.087 0.082;0.019 0.056 0.052 0.053 0.078 0.051 0.065 0.089 0.048 0.05 0.058 0.12 0.087 0.092 0.082;0.019 0.052 0.051 0.048 0.12 0.056 0.053 0.078 0.065 0.05 0.087 0.089 0.092 0.058 0.082;
0.02 0.06 0.054 0.057 0.088 0.039 0.04 0.078 0.032 0.053 0.077 0.099 0.102 0.106 0.095;0.02 0.06 0.039 0.04 0.078 0.054 0.057 0.088 0.032 0.053 0.077 0.099 0.106 0.102 0.095;0.02 0.039 0.054 0.032 0.099 0.06 0.04 0.078 0.057 0.053 0.106 0.088 0.102 0.077 0.095;
0.023 0.039 0.043 0.045 0.106 0.044 0.04 0.086 0.048 0.051 0.106 0.098 0.085 0.103 0.083;0.023 0.039 0.044 0.04 0.086 0.043 0.045 0.106 0.048 0.051 0.106 0.098 0.103 0.085 0.083;0.023 0.044 0.043 0.048 0.098 0.039 0.04 0.086 0.045 0.051 0.103 0.106 0.085 0.106 0.083;
0.026 0.049 0.057 0.061 0.092 0.041 0.04 0.097 0.04 0.042 0.102 0.084 0.079 0.096 0.094;0.026 0.049 0.041 0.04 0.097 0.057 0.061 0.092 0.04 0.042 0.102 0.084 0.096 0.079 0.094;0.026 0.041 0.057 0.04 0.084 0.049 0.04 0.097 0.061 0.042 0.096 0.092 0.079 0.102 0.094;
0.018 0.045 0.05 0.053 0.105 0.049 0.055 0.097 0.044 0.045 0.098 0.077 0.081 0.087 0.096;0.018 0.045 0.049 0.055 0.097 0.05 0.053 0.105 0.044 0.045 0.098 0.077 0.087 0.081 0.096;0.018 0.049 0.05 0.044 0.077 0.045 0.055 0.097 0.053 0.045 0.087 0.105 0.081 0.098 0.096;
0.018 0.055 0.045 0.054 0.108 0.062 0.04 0.093 0.039 0.05 0.095 0.07 0.081 0.096 0.094;0.018 0.055 0.062 0.04 0.093 0.045 0.054 0.108 0.039 0.05 0.095 0.07 0.096 0.081 0.094;0.018 0.062 0.045 0.039 0.07 0.055 0.04 0.093 0.054 0.05 0.096 0.108 0.081 0.095 0.094;
0.02 0.039 0.065 0.052 0.083 0.053 0.047 0.107 0.034 0.044 0.102 0.096 0.076 0.096 0.086;0.02 0.039 0.053 0.047 0.107 0.065 0.052 0.083 0.034 0.044 0.102 0.096 0.096 0.076 0.086;0.02 0.053 0.065 0.034 0.096 0.039 0.047 0.107 0.052 0.044 0.096 0.083 0.076 0.102 0.086;
0.016 0.052 0.053 0.059 0.095 0.033 0.032 0.091 0.043 0.043 0.105 0.09 0.104 0.099 0.085;0.016 0.052 0.033 0.032 0.091 0.053 0.059 0.095 0.043 0.043 0.105 0.09 0.099 0.104 0.085;0.016 0.033 0.053 0.043 0.09 0.052 0.032 0.091 0.059 0.043 0.099 0.095 0.104 0.105 0.085;
0.018 0.053 0.056 0.036 0.091 0.05 0.038 0.104 0.045 0.045 0.089 0.101 0.096 0.1 0.078;0.018 0.053 0.05 0.038 0.104 0.056 0.036 0.091 0.045 0.045 0.089 0.101 0.1 0.096 0.078;0.018 0.05 0.056 0.045 0.101 0.053 0.038 0.104 0.036 0.045 0.1 0.091 0.096 0.089 0.078;
0.018 0.048 0.043 0.049 0.074 0.061 0.033 0.084 0.052 0.067 0.083 0.098 0.081 0.103 0.106;0.018 0.048 0.061 0.033 0.084 0.043 0.049 0.074 0.052 0.067 0.083 0.098 0.103 0.081 0.106;0.018 0.061 0.043 0.052 0.098 0.048 0.033 0.084 0.049 0.067 0.103 0.074 0.081 0.083 0.106;
0.02 0.041 0.043 0.047 0.098 0.039 0.046 0.099 0.062 0.061 0.091 0.086 0.096 0.076 0.095;0.02 0.041 0.039 0.046 0.099 0.043 0.047 0.098 0.062 0.061 0.091 0.086 0.076 0.096 0.095;0.02 0.039 0.043 0.062 0.086 0.041 0.046 0.099 0.047 0.061 0.076 0.098 0.096 0.091 0.095;
0.022 0.038 0.051 0.048 0.106 0.046 0.041 0.1 0.046 0.049 0.088 0.098 0.085 0.094 0.088;0.022 0.038 0.046 0.041 0.1 0.051 0.048 0.106 0.046 0.049 0.088 0.098 0.094 0.085 0.088;0.022 0.046 0.051 0.046 0.098 0.038 0.041 0.1 0.048 0.049 0.094 0.106 0.085 0.088 0.088;
0.016 0.061 0.041 0.06 0.094 0.049 0.051 0.087 0.042 0.05 0.094 0.084 0.085 0.082 0.104;0.016 0.061 0.049 0.051 0.087 0.041 0.06 0.094 0.042 0.05 0.094 0.084 0.082 0.085 0.104;0.016 0.049 0.041 0.042 0.084 0.061 0.051 0.087 0.06 0.05 0.082 0.094 0.085 0.094 0.104;
0.02 0.052 0.051 0.048 0.103 0.051 0.046 0.075 0.046 0.046 0.084 0.104 0.093 0.08 0.101;0.02 0.052 0.051 0.046 0.075 0.051 0.048 0.103 0.046 0.046 0.084 0.104 0.08 0.093 0.101;0.02 0.051 0.051 0.046 0.104 0.052 0.046 0.075 0.048 0.046 0.08 0.103 0.093 0.084 0.101;
0.018 0.056 0.052 0.045 0.089 0.046 0.044 0.078 0.062 0.043 0.092 0.104 0.089 0.085 0.097;0.018 0.056 0.046 0.044 0.078 0.052 0.045 0.089 0.062 0.043 0.092 0.104 0.085 0.089 0.097;0.018 0.046 0.052 0.062 0.104 0.056 0.044 0.078 0.045 0.043 0.085 0.089 0.089 0.092 0.097;
0.018 0.058 0.054 0.054 0.093 0.051 0.039 0.08 0.053 0.048 0.073 0.097 0.108 0.086 0.088;0.018 0.058 0.051 0.039 0.08 0.054 0.054 0.093 0.053 0.048 0.073 0.097 0.086 0.108 0.088;0.018 0.051 0.054 0.053 0.097 0.058 0.039 0.08 0.054 0.048 0.086 0.093 0.108 0.073 0.088;
0.022 0.052 0.054 0.046 0.101 0.053 0.057 0.078 0.046 0.045 0.098 0.075 0.101 0.102 0.07;0.022 0.052 0.053 0.057 0.078 0.054 0.046 0.101 0.046 0.045 0.098 0.075 0.102 0.101 0.07;0.022 0.053 0.054 0.046 0.075 0.052 0.057 0.078 0.046 0.045 0.102 0.101 0.101 0.098 0.07;
0.021 0.053 0.05 0.042 0.084 0.054 0.044 0.099 0.04 0.045 0.106 0.098 0.087 0.087 0.09;0.021 0.053 0.054 0.044 0.099 0.05 0.042 0.084 0.04 0.045 0.106 0.098 0.087 0.087 0.09;0.021 0.054 0.05 0.04 0.098 0.053 0.044 0.099 0.042 0.045 0.087 0.084 0.087 0.106 0.09;
0.017 0.048 0.049 0.042 0.1 0.046 0.04 0.091 0.035 0.049 0.088 0.1 0.077 0.115 0.103;0.017 0.048 0.046 0.04 0.091 0.049 0.042 0.1 0.035 0.049 0.088 0.1 0.115 0.077 0.103;0.017 0.046 0.049 0.035 0.1 0.048 0.04 0.091 0.042 0.049 0.115 0.1 0.077 0.088 0.103;
0.017 0.045 0.048 0.044 0.08 0.049 0.054 0.073 0.059 0.06 0.101 0.089 0.082 0.113 0.086;0.017 0.045 0.049 0.054 0.073 0.048 0.044 0.08 0.059 0.06 0.101 0.089 0.113 0.082 0.086;0.017 0.049 0.048 0.059 0.089 0.045 0.054 0.073 0.044 0.06 0.113 0.08 0.082 0.101 0.086;
0.027 0.046 0.053 0.045 0.101 0.047 0.046 0.085 0.046 0.046 0.084 0.098 0.086 0.1 0.09;0.027 0.046 0.047 0.046 0.085 0.053 0.045 0.101 0.046 0.046 0.084 0.098 0.1 0.086 0.09;0.027 0.047 0.053 0.046 0.098 0.046 0.046 0.085 0.045 0.046 0.1 0.101 0.086 0.084 0.09;
0.021 0.039 0.054 0.044 0.086 0.044 0.049 0.086 0.033 0.047 0.11 0.096 0.098 0.102 0.091;0.021 0.039 0.044 0.049 0.086 0.054 0.044 0.086 0.033 0.047 0.11 0.096 0.102 0.098 0.091;0.021 0.044 0.054 0.033 0.096 0.039 0.049 0.086 0.044 0.047 0.102 0.086 0.098 0.11 0.091;
0.019 0.048 0.052 0.066 0.095 0.049 0.054 0.086 0.043 0.049 0.091 0.088 0.085 0.093 0.082;0.019 0.048 0.049 0.054 0.086 0.052 0.066 0.095 0.043 0.049 0.091 0.088 0.093 0.085 0.082;0.019 0.049 0.052 0.043 0.088 0.048 0.054 0.086 0.066 0.049 0.093 0.095 0.085 0.091 0.082;
0.015 0.044 0.047 0.044 0.096 0.04 0.043 0.117 0.049 0.043 0.082 0.107 0.091 0.09 0.092;0.015 0.044 0.04 0.043 0.117 0.047 0.044 0.096 0.049 0.043 0.082 0.107 0.09 0.091 0.092;0.015 0.04 0.047 0.049 0.107 0.044 0.043 0.117 0.044 0.043 0.09 0.096 0.091 0.082 0.092];