pntP=[0.136 0.007 0.223 0.008 0.013 0.006 0.129 0.007 0.002 0.206 0.015 0.007 0.224 0.011 0.006;0.136 0.007 0.006 0.129 0.007 0.223 0.008 0.013 0.002 0.206 0.015 0.007 0.011 0.224 0.006;0.136 0.006 0.223 0.002 0.007 0.007 0.129 0.007 0.008 0.206 0.011 0.013 0.224 0.015 0.006;
0.15 0.009 0.237 0.009 0.011 0.008 0.09 0.002 0.009 0.218 0.013 0.008 0.22 0.012 0.004;0.15 0.009 0.008 0.09 0.002 0.237 0.009 0.011 0.009 0.218 0.013 0.008 0.012 0.22 0.004;0.15 0.008 0.237 0.009 0.008 0.009 0.09 0.002 0.009 0.218 0.012 0.011 0.22 0.013 0.004;
0.148 0.005 0.226 0.008 0.009 0.005 0.12 0.004 0.003 0.208 0.008 0.005 0.234 0.01 0.007;0.148 0.005 0.005 0.12 0.004 0.226 0.008 0.009 0.003 0.208 0.008 0.005 0.01 0.234 0.007;0.148 0.005 0.226 0.003 0.005 0.005 0.12 0.004 0.008 0.208 0.01 0.009 0.234 0.008 0.007;
0.143 0.011 0.243 0.004 0.009 0.007 0.117 0.009 0.006 0.197 0.014 0.01 0.21 0.008 0.012;0.143 0.011 0.007 0.117 0.009 0.243 0.004 0.009 0.006 0.197 0.014 0.01 0.008 0.21 0.012;0.143 0.007 0.243 0.006 0.01 0.011 0.117 0.009 0.004 0.197 0.008 0.009 0.21 0.014 0.012;
0.139 0.008 0.244 0.012 0.009 0.008 0.116 0.008 0.005 0.225 0.005 0.003 0.201 0.014 0.003;0.139 0.008 0.008 0.116 0.008 0.244 0.012 0.009 0.005 0.225 0.005 0.003 0.014 0.201 0.003;0.139 0.008 0.244 0.005 0.003 0.008 0.116 0.008 0.012 0.225 0.014 0.009 0.201 0.005 0.003;
0.164 0.008 0.218 0.008 0.008 0.008 0.122 0.008 0.007 0.2 0.011 0.007 0.207 0.015 0.009;0.164 0.008 0.008 0.122 0.008 0.218 0.008 0.008 0.007 0.2 0.011 0.007 0.015 0.207 0.009;0.164 0.008 0.218 0.007 0.007 0.008 0.122 0.008 0.008 0.2 0.015 0.008 0.207 0.011 0.009;
0.15 0.004 0.222 0.011 0.013 0.006 0.125 0.006 0.007 0.224 0.006 0.007 0.206 0.011 0.002;0.15 0.004 0.006 0.125 0.006 0.222 0.011 0.013 0.007 0.224 0.006 0.007 0.011 0.206 0.002;0.15 0.006 0.222 0.007 0.007 0.004 0.125 0.006 0.011 0.224 0.011 0.013 0.206 0.006 0.002;
0.151 0.006 0.217 0.009 0.023 0.008 0.114 0.006 0.004 0.211 0.007 0.005 0.217 0.017 0.005;0.151 0.006 0.008 0.114 0.006 0.217 0.009 0.023 0.004 0.211 0.007 0.005 0.017 0.217 0.005;0.151 0.008 0.217 0.004 0.005 0.006 0.114 0.006 0.009 0.211 0.017 0.023 0.217 0.007 0.005;
0.143 0.008 0.233 0.008 0.009 0.011 0.115 0.008 0.009 0.208 0.009 0.009 0.209 0.016 0.005;0.143 0.008 0.011 0.115 0.008 0.233 0.008 0.009 0.009 0.208 0.009 0.009 0.016 0.209 0.005;0.143 0.011 0.233 0.009 0.009 0.008 0.115 0.008 0.008 0.208 0.016 0.009 0.209 0.009 0.005;
0.153 0.007 0.204 0.013 0.009 0.009 0.126 0.009 0.006 0.209 0.004 0.005 0.221 0.015 0.01;0.153 0.007 0.009 0.126 0.009 0.204 0.013 0.009 0.006 0.209 0.004 0.005 0.015 0.221 0.01;0.153 0.009 0.204 0.006 0.005 0.007 0.126 0.009 0.013 0.209 0.015 0.009 0.221 0.004 0.01;
0.151 0.017 0.228 0.005 0.008 0.009 0.097 0.007 0.006 0.218 0.011 0.015 0.22 0.006 0.002;0.151 0.017 0.009 0.097 0.007 0.228 0.005 0.008 0.006 0.218 0.011 0.015 0.006 0.22 0.002;0.151 0.009 0.228 0.006 0.015 0.017 0.097 0.007 0.005 0.218 0.006 0.008 0.22 0.011 0.002;
0.157 0.005 0.202 0.01 0.008 0.008 0.106 0.009 0.005 0.216 0.009 0.013 0.234 0.011 0.007;0.157 0.005 0.008 0.106 0.009 0.202 0.01 0.008 0.005 0.216 0.009 0.013 0.011 0.234 0.007;0.157 0.008 0.202 0.005 0.013 0.005 0.106 0.009 0.01 0.216 0.011 0.008 0.234 0.009 0.007;
0.154 0.008 0.198 0.011 0.007 0.009 0.104 0.004 0.003 0.216 0.006 0.011 0.251 0.012 0.006;0.154 0.008 0.009 0.104 0.004 0.198 0.011 0.007 0.003 0.216 0.006 0.011 0.012 0.251 0.006;0.154 0.009 0.198 0.003 0.011 0.008 0.104 0.004 0.011 0.216 0.012 0.007 0.251 0.006 0.006;
0.15 0.009 0.217 0.008 0.012 0.005 0.117 0.01 0.006 0.212 0.015 0.007 0.219 0.007 0.006;0.15 0.009 0.005 0.117 0.01 0.217 0.008 0.012 0.006 0.212 0.015 0.007 0.007 0.219 0.006;0.15 0.005 0.217 0.006 0.007 0.009 0.117 0.01 0.008 0.212 0.007 0.012 0.219 0.015 0.006;
0.165 0.005 0.231 0.01 0.01 0.011 0.101 0.008 0.004 0.196 0.013 0.013 0.212 0.016 0.005;0.165 0.005 0.011 0.101 0.008 0.231 0.01 0.01 0.004 0.196 0.013 0.013 0.016 0.212 0.005;0.165 0.011 0.231 0.004 0.013 0.005 0.101 0.008 0.01 0.196 0.016 0.01 0.212 0.013 0.005;
0.154 0.007 0.198 0.01 0.009 0.007 0.112 0.007 0.011 0.24 0.008 0.01 0.205 0.012 0.01;0.154 0.007 0.007 0.112 0.007 0.198 0.01 0.009 0.011 0.24 0.008 0.01 0.012 0.205 0.01;0.154 0.007 0.198 0.011 0.01 0.007 0.112 0.007 0.01 0.24 0.012 0.009 0.205 0.008 0.01;
0.149 0.009 0.23 0.009 0.01 0.008 0.105 0.008 0.004 0.23 0.013 0.008 0.2 0.015 0.002;0.149 0.009 0.008 0.105 0.008 0.23 0.009 0.01 0.004 0.23 0.013 0.008 0.015 0.2 0.002;0.149 0.008 0.23 0.004 0.008 0.009 0.105 0.008 0.009 0.23 0.015 0.01 0.2 0.013 0.002;
0.131 0.012 0.211 0.01 0.009 0.005 0.117 0.007 0.015 0.214 0.007 0.008 0.237 0.009 0.008;0.131 0.012 0.005 0.117 0.007 0.211 0.01 0.009 0.015 0.214 0.007 0.008 0.009 0.237 0.008;0.131 0.005 0.211 0.015 0.008 0.012 0.117 0.007 0.01 0.214 0.009 0.009 0.237 0.007 0.008;
0.148 0.004 0.233 0.007 0.005 0.005 0.115 0.007 0.007 0.233 0.007 0.009 0.203 0.01 0.007;0.148 0.004 0.005 0.115 0.007 0.233 0.007 0.005 0.007 0.233 0.007 0.009 0.01 0.203 0.007;0.148 0.005 0.233 0.007 0.009 0.004 0.115 0.007 0.007 0.233 0.01 0.005 0.203 0.007 0.007;
0.142 0.005 0.218 0.007 0.009 0.008 0.117 0.006 0.003 0.211 0.006 0.009 0.241 0.011 0.007;0.142 0.005 0.008 0.117 0.006 0.218 0.007 0.009 0.003 0.211 0.006 0.009 0.011 0.241 0.007;0.142 0.008 0.218 0.003 0.009 0.005 0.117 0.006 0.007 0.211 0.011 0.009 0.241 0.006 0.007;
0.143 0.009 0.233 0.007 0.009 0.008 0.105 0.009 0.005 0.228 0.009 0.008 0.212 0.007 0.008;0.143 0.009 0.008 0.105 0.009 0.233 0.007 0.009 0.005 0.228 0.009 0.008 0.007 0.212 0.008;0.143 0.008 0.233 0.005 0.008 0.009 0.105 0.009 0.007 0.228 0.007 0.009 0.212 0.009 0.008;
0.147 0.01 0.231 0.005 0.01 0.002 0.122 0.004 0.008 0.202 0.014 0.007 0.225 0.007 0.006;0.147 0.01 0.002 0.122 0.004 0.231 0.005 0.01 0.008 0.202 0.014 0.007 0.007 0.225 0.006;0.147 0.002 0.231 0.008 0.007 0.01 0.122 0.004 0.005 0.202 0.007 0.01 0.225 0.014 0.006;
0.142 0.006 0.204 0.008 0.015 0.008 0.117 0.009 0.006 0.219 0.01 0.012 0.22 0.014 0.01;0.142 0.006 0.008 0.117 0.009 0.204 0.008 0.015 0.006 0.219 0.01 0.012 0.014 0.22 0.01;0.142 0.008 0.204 0.006 0.012 0.006 0.117 0.009 0.008 0.219 0.014 0.015 0.22 0.01 0.01;
0.126 0.006 0.232 0.005 0.006 0.004 0.129 0.01 0.01 0.223 0.012 0.008 0.208 0.013 0.008;0.126 0.006 0.004 0.129 0.01 0.232 0.005 0.006 0.01 0.223 0.012 0.008 0.013 0.208 0.008;0.126 0.004 0.232 0.01 0.008 0.006 0.129 0.01 0.005 0.223 0.013 0.006 0.208 0.012 0.008;
0.12 0.006 0.222 0.01 0.019 0.009 0.112 0.003 0.003 0.24 0.007 0.01 0.219 0.013 0.007;0.12 0.006 0.009 0.112 0.003 0.222 0.01 0.019 0.003 0.24 0.007 0.01 0.013 0.219 0.007;0.12 0.009 0.222 0.003 0.01 0.006 0.112 0.003 0.01 0.24 0.013 0.019 0.219 0.007 0.007;
0.146 0.009 0.232 0.015 0.015 0.008 0.11 0.005 0.007 0.207 0.004 0.011 0.217 0.009 0.005;0.146 0.009 0.008 0.11 0.005 0.232 0.015 0.015 0.007 0.207 0.004 0.011 0.009 0.217 0.005;0.146 0.008 0.232 0.007 0.011 0.009 0.11 0.005 0.015 0.207 0.009 0.015 0.217 0.004 0.005;
0.147 0.009 0.203 0.005 0.007 0.008 0.111 0.008 0.004 0.22 0.013 0.006 0.232 0.019 0.008;0.147 0.009 0.008 0.111 0.008 0.203 0.005 0.007 0.004 0.22 0.013 0.006 0.019 0.232 0.008;0.147 0.008 0.203 0.004 0.006 0.009 0.111 0.008 0.005 0.22 0.019 0.007 0.232 0.013 0.008;
0.157 0.006 0.219 0.007 0.012 0.012 0.124 0.008 0.004 0.221 0.005 0.006 0.198 0.012 0.009;0.157 0.006 0.012 0.124 0.008 0.219 0.007 0.012 0.004 0.221 0.005 0.006 0.012 0.198 0.009;0.157 0.012 0.219 0.004 0.006 0.006 0.124 0.008 0.007 0.221 0.012 0.012 0.198 0.005 0.009;
0.168 0.006 0.211 0.006 0.008 0.006 0.113 0.006 0.009 0.208 0.013 0.01 0.22 0.012 0.004;0.168 0.006 0.006 0.113 0.006 0.211 0.006 0.008 0.009 0.208 0.013 0.01 0.012 0.22 0.004;0.168 0.006 0.211 0.009 0.01 0.006 0.113 0.006 0.006 0.208 0.012 0.008 0.22 0.013 0.004;
0.155 0.006 0.19 0.014 0.009 0.005 0.134 0.012 0.004 0.215 0.008 0.008 0.223 0.009 0.008;0.155 0.006 0.005 0.134 0.012 0.19 0.014 0.009 0.004 0.215 0.008 0.008 0.009 0.223 0.008;0.155 0.005 0.19 0.004 0.008 0.006 0.134 0.012 0.014 0.215 0.009 0.009 0.223 0.008 0.008;
0.166 0.001 0.225 0.01 0.007 0.007 0.113 0.017 0.002 0.218 0.01 0.008 0.193 0.013 0.01;0.166 0.001 0.007 0.113 0.017 0.225 0.01 0.007 0.002 0.218 0.01 0.008 0.013 0.193 0.01;0.166 0.007 0.225 0.002 0.008 0.001 0.113 0.017 0.01 0.218 0.013 0.007 0.193 0.01 0.01;
0.153 0.008 0.211 0.008 0.006 0.011 0.115 0.011 0.007 0.23 0.01 0.011 0.2 0.017 0.002;0.153 0.008 0.011 0.115 0.011 0.211 0.008 0.006 0.007 0.23 0.01 0.011 0.017 0.2 0.002;0.153 0.011 0.211 0.007 0.011 0.008 0.115 0.011 0.008 0.23 0.017 0.006 0.2 0.01 0.002;
0.152 0.012 0.207 0.011 0.013 0.008 0.126 0.008 0.008 0.203 0.012 0.007 0.213 0.011 0.009;0.152 0.012 0.008 0.126 0.008 0.207 0.011 0.013 0.008 0.203 0.012 0.007 0.011 0.213 0.009;0.152 0.008 0.207 0.008 0.007 0.012 0.126 0.008 0.011 0.203 0.011 0.013 0.213 0.012 0.009;
0.148 0.013 0.193 0.008 0.011 0.006 0.121 0.003 0.008 0.212 0.007 0.011 0.243 0.011 0.005;0.148 0.013 0.006 0.121 0.003 0.193 0.008 0.011 0.008 0.212 0.007 0.011 0.011 0.243 0.005;0.148 0.006 0.193 0.008 0.011 0.013 0.121 0.003 0.008 0.212 0.011 0.011 0.243 0.007 0.005;
0.153 0.005 0.238 0.01 0.01 0.008 0.092 0.01 0.006 0.216 0.007 0.007 0.218 0.011 0.009;0.153 0.005 0.008 0.092 0.01 0.238 0.01 0.01 0.006 0.216 0.007 0.007 0.011 0.218 0.009;0.153 0.008 0.238 0.006 0.007 0.005 0.092 0.01 0.01 0.216 0.011 0.01 0.218 0.007 0.009;
0.15 0.008 0.227 0.009 0.013 0.007 0.1 0.01 0.004 0.207 0.01 0.01 0.229 0.009 0.007;0.15 0.008 0.007 0.1 0.01 0.227 0.009 0.013 0.004 0.207 0.01 0.01 0.009 0.229 0.007;0.15 0.007 0.227 0.004 0.01 0.008 0.1 0.01 0.009 0.207 0.009 0.013 0.229 0.01 0.007;
0.139 0.012 0.228 0.007 0.008 0.006 0.106 0.008 0.006 0.213 0.006 0.007 0.238 0.01 0.006;0.139 0.012 0.006 0.106 0.008 0.228 0.007 0.008 0.006 0.213 0.006 0.007 0.01 0.238 0.006;0.139 0.006 0.228 0.006 0.007 0.012 0.106 0.008 0.007 0.213 0.01 0.008 0.238 0.006 0.006;
0.149 0.008 0.247 0.011 0.007 0.008 0.088 0.004 0.009 0.22 0.012 0.009 0.215 0.009 0.004;0.149 0.008 0.008 0.088 0.004 0.247 0.011 0.007 0.009 0.22 0.012 0.009 0.009 0.215 0.004;0.149 0.008 0.247 0.009 0.009 0.008 0.088 0.004 0.011 0.22 0.009 0.007 0.215 0.012 0.004;
0.135 0.009 0.232 0.007 0.014 0.01 0.094 0.011 0.006 0.228 0.006 0.006 0.225 0.01 0.007;0.135 0.009 0.01 0.094 0.011 0.232 0.007 0.014 0.006 0.228 0.006 0.006 0.01 0.225 0.007;0.135 0.01 0.232 0.006 0.006 0.009 0.094 0.011 0.007 0.228 0.01 0.014 0.225 0.006 0.007;
0.149 0.007 0.213 0.011 0.009 0.007 0.121 0.006 0.007 0.206 0.011 0.015 0.227 0.006 0.005;0.149 0.007 0.007 0.121 0.006 0.213 0.011 0.009 0.007 0.206 0.011 0.015 0.006 0.227 0.005;0.149 0.007 0.213 0.007 0.015 0.007 0.121 0.006 0.011 0.206 0.006 0.009 0.227 0.011 0.005;
0.138 0.012 0.214 0.009 0.013 0.011 0.11 0.008 0.009 0.228 0.008 0.007 0.219 0.009 0.005;0.138 0.012 0.011 0.11 0.008 0.214 0.009 0.013 0.009 0.228 0.008 0.007 0.009 0.219 0.005;0.138 0.011 0.214 0.009 0.007 0.012 0.11 0.008 0.009 0.228 0.009 0.013 0.219 0.008 0.005;
0.14 0.012 0.23 0.005 0.01 0.008 0.116 0.004 0.003 0.231 0.004 0.006 0.214 0.01 0.007;0.14 0.012 0.008 0.116 0.004 0.23 0.005 0.01 0.003 0.231 0.004 0.006 0.01 0.214 0.007;0.14 0.008 0.23 0.003 0.006 0.012 0.116 0.004 0.005 0.231 0.01 0.01 0.214 0.004 0.007;
0.138 0.007 0.226 0.008 0.012 0.009 0.107 0.006 0.005 0.213 0.015 0.012 0.216 0.016 0.01;0.138 0.007 0.009 0.107 0.006 0.226 0.008 0.012 0.005 0.213 0.015 0.012 0.016 0.216 0.01;0.138 0.009 0.226 0.005 0.012 0.007 0.107 0.006 0.008 0.213 0.016 0.012 0.216 0.015 0.01;
0.149 0.01 0.227 0.007 0.009 0.013 0.102 0.008 0.006 0.202 0.008 0.009 0.23 0.011 0.009;0.149 0.01 0.013 0.102 0.008 0.227 0.007 0.009 0.006 0.202 0.008 0.009 0.011 0.23 0.009;0.149 0.013 0.227 0.006 0.009 0.01 0.102 0.008 0.007 0.202 0.011 0.009 0.23 0.008 0.009;
0.133 0.009 0.224 0.011 0.012 0.007 0.117 0.005 0.006 0.22 0.009 0.008 0.22 0.014 0.005;0.133 0.009 0.007 0.117 0.005 0.224 0.011 0.012 0.006 0.22 0.009 0.008 0.014 0.22 0.005;0.133 0.007 0.224 0.006 0.008 0.009 0.117 0.005 0.011 0.22 0.014 0.012 0.22 0.009 0.005;
0.128 0.015 0.236 0.007 0.011 0.007 0.118 0.01 0.004 0.212 0.008 0.011 0.219 0.008 0.006;0.128 0.015 0.007 0.118 0.01 0.236 0.007 0.011 0.004 0.212 0.008 0.011 0.008 0.219 0.006;0.128 0.007 0.236 0.004 0.011 0.015 0.118 0.01 0.007 0.212 0.008 0.011 0.219 0.008 0.006;
0.116 0.009 0.238 0.011 0.009 0.009 0.092 0.006 0.005 0.214 0.016 0.016 0.244 0.011 0.004;0.116 0.009 0.009 0.092 0.006 0.238 0.011 0.009 0.005 0.214 0.016 0.016 0.011 0.244 0.004;0.116 0.009 0.238 0.005 0.016 0.009 0.092 0.006 0.011 0.214 0.011 0.009 0.244 0.016 0.004;
0.133 0.009 0.21 0.016 0.012 0.007 0.106 0.008 0.008 0.215 0.004 0.016 0.233 0.016 0.007;0.133 0.009 0.007 0.106 0.008 0.21 0.016 0.012 0.008 0.215 0.004 0.016 0.016 0.233 0.007;0.133 0.007 0.21 0.008 0.016 0.009 0.106 0.008 0.016 0.215 0.016 0.012 0.233 0.004 0.007;
0.139 0.01 0.225 0.01 0.013 0.008 0.116 0.005 0.006 0.212 0.013 0.009 0.214 0.013 0.007;0.139 0.01 0.008 0.116 0.005 0.225 0.01 0.013 0.006 0.212 0.013 0.009 0.013 0.214 0.007;0.139 0.008 0.225 0.006 0.009 0.01 0.116 0.005 0.01 0.212 0.013 0.013 0.214 0.013 0.007;
0.153 0.003 0.227 0.004 0.012 0.007 0.12 0.003 0.005 0.22 0.006 0.009 0.205 0.016 0.01;0.153 0.003 0.007 0.12 0.003 0.227 0.004 0.012 0.005 0.22 0.006 0.009 0.016 0.205 0.01;0.153 0.007 0.227 0.005 0.009 0.003 0.12 0.003 0.004 0.22 0.016 0.012 0.205 0.006 0.01;
0.177 0.01 0.224 0.005 0.013 0.005 0.118 0.004 0.003 0.214 0.01 0.006 0.185 0.018 0.008;0.177 0.01 0.005 0.118 0.004 0.224 0.005 0.013 0.003 0.214 0.01 0.006 0.018 0.185 0.008;0.177 0.005 0.224 0.003 0.006 0.01 0.118 0.004 0.005 0.214 0.018 0.013 0.185 0.01 0.008;
0.162 0.005 0.192 0.006 0.016 0.008 0.123 0.008 0.01 0.218 0.009 0.009 0.216 0.013 0.005;0.162 0.005 0.008 0.123 0.008 0.192 0.006 0.016 0.01 0.218 0.009 0.009 0.013 0.216 0.005;0.162 0.008 0.192 0.01 0.009 0.005 0.123 0.008 0.006 0.218 0.013 0.016 0.216 0.009 0.005;
0.158 0.008 0.235 0.009 0.018 0.01 0.115 0.008 0.01 0.194 0.01 0.007 0.196 0.015 0.007;0.158 0.008 0.01 0.115 0.008 0.235 0.009 0.018 0.01 0.194 0.01 0.007 0.015 0.196 0.007;0.158 0.01 0.235 0.01 0.007 0.008 0.115 0.008 0.009 0.194 0.015 0.018 0.196 0.01 0.007;
0.145 0.014 0.218 0.013 0.004 0.009 0.12 0.007 0.005 0.202 0.009 0.012 0.225 0.013 0.004;0.145 0.014 0.009 0.12 0.007 0.218 0.013 0.004 0.005 0.202 0.009 0.012 0.013 0.225 0.004;0.145 0.009 0.218 0.005 0.012 0.014 0.12 0.007 0.013 0.202 0.013 0.004 0.225 0.009 0.004;
0.13 0.013 0.219 0.009 0.012 0.009 0.094 0.005 0.007 0.214 0.01 0.008 0.247 0.015 0.008;0.13 0.013 0.009 0.094 0.005 0.219 0.009 0.012 0.007 0.214 0.01 0.008 0.015 0.247 0.008;0.13 0.009 0.219 0.007 0.008 0.013 0.094 0.005 0.009 0.214 0.015 0.012 0.247 0.01 0.008;
0.164 0.009 0.199 0.008 0.011 0.009 0.116 0.006 0.004 0.2 0.005 0.016 0.232 0.015 0.006;0.164 0.009 0.009 0.116 0.006 0.199 0.008 0.011 0.004 0.2 0.005 0.016 0.015 0.232 0.006;0.164 0.009 0.199 0.004 0.016 0.009 0.116 0.006 0.008 0.2 0.015 0.011 0.232 0.005 0.006;
0.142 0.01 0.204 0.005 0.013 0.009 0.121 0.003 0.005 0.217 0.007 0.008 0.232 0.014 0.01;0.142 0.01 0.009 0.121 0.003 0.204 0.005 0.013 0.005 0.217 0.007 0.008 0.014 0.232 0.01;0.142 0.009 0.204 0.005 0.008 0.01 0.121 0.003 0.005 0.217 0.014 0.013 0.232 0.007 0.01;
0.152 0.007 0.23 0.004 0.008 0.004 0.11 0.005 0.002 0.219 0.007 0.006 0.227 0.015 0.004;0.152 0.007 0.004 0.11 0.005 0.23 0.004 0.008 0.002 0.219 0.007 0.006 0.015 0.227 0.004;0.152 0.004 0.23 0.002 0.006 0.007 0.11 0.005 0.004 0.219 0.015 0.008 0.227 0.007 0.004;
0.15 0.008 0.231 0.012 0.01 0.005 0.096 0.008 0.005 0.21 0.013 0.009 0.224 0.014 0.005;0.15 0.008 0.005 0.096 0.008 0.231 0.012 0.01 0.005 0.21 0.013 0.009 0.014 0.224 0.005;0.15 0.005 0.231 0.005 0.009 0.008 0.096 0.008 0.012 0.21 0.014 0.01 0.224 0.013 0.005;
0.14 0.009 0.229 0.015 0.007 0.009 0.101 0.013 0.003 0.237 0.006 0.006 0.209 0.007 0.009;0.14 0.009 0.009 0.101 0.013 0.229 0.015 0.007 0.003 0.237 0.006 0.006 0.007 0.209 0.009;0.14 0.009 0.229 0.003 0.006 0.009 0.101 0.013 0.015 0.237 0.007 0.007 0.209 0.006 0.009;
0.15 0.009 0.241 0.015 0.014 0.01 0.108 0.009 0.004 0.209 0.006 0.008 0.197 0.012 0.008;0.15 0.009 0.01 0.108 0.009 0.241 0.015 0.014 0.004 0.209 0.006 0.008 0.012 0.197 0.008;0.15 0.01 0.241 0.004 0.008 0.009 0.108 0.009 0.015 0.209 0.012 0.014 0.197 0.006 0.008;
0.13 0.007 0.229 0.007 0.013 0.008 0.117 0.006 0.003 0.222 0.005 0.011 0.221 0.013 0.008;0.13 0.007 0.008 0.117 0.006 0.229 0.007 0.013 0.003 0.222 0.005 0.011 0.013 0.221 0.008;0.13 0.008 0.229 0.003 0.011 0.007 0.117 0.006 0.007 0.222 0.013 0.013 0.221 0.005 0.008;
0.154 0.013 0.208 0.012 0.011 0.003 0.093 0.01 0.006 0.211 0.007 0.01 0.242 0.015 0.005;0.154 0.013 0.003 0.093 0.01 0.208 0.012 0.011 0.006 0.211 0.007 0.01 0.015 0.242 0.005;0.154 0.003 0.208 0.006 0.01 0.013 0.093 0.01 0.012 0.211 0.015 0.011 0.242 0.007 0.005;
0.143 0.007 0.226 0.008 0.008 0.005 0.118 0.004 0.005 0.206 0.011 0.008 0.23 0.008 0.013;0.143 0.007 0.005 0.118 0.004 0.226 0.008 0.008 0.005 0.206 0.011 0.008 0.008 0.23 0.013;0.143 0.005 0.226 0.005 0.008 0.007 0.118 0.004 0.008 0.206 0.008 0.008 0.23 0.011 0.013;
0.135 0.003 0.197 0.015 0.02 0.005 0.106 0.006 0.008 0.214 0.008 0.022 0.247 0.009 0.005;0.135 0.003 0.005 0.106 0.006 0.197 0.015 0.02 0.008 0.214 0.008 0.022 0.009 0.247 0.005;0.135 0.005 0.197 0.008 0.022 0.003 0.106 0.006 0.015 0.214 0.009 0.02 0.247 0.008 0.005;
0.145 0.012 0.215 0.011 0.019 0.008 0.117 0.003 0.008 0.208 0.008 0.014 0.219 0.008 0.005;0.145 0.012 0.008 0.117 0.003 0.215 0.011 0.019 0.008 0.208 0.008 0.014 0.008 0.219 0.005;0.145 0.008 0.215 0.008 0.014 0.012 0.117 0.003 0.011 0.208 0.008 0.019 0.219 0.008 0.005;
0.147 0.005 0.202 0.006 0.013 0.009 0.112 0.011 0.008 0.231 0.008 0.005 0.217 0.02 0.006;0.147 0.005 0.009 0.112 0.011 0.202 0.006 0.013 0.008 0.231 0.008 0.005 0.02 0.217 0.006;0.147 0.009 0.202 0.008 0.005 0.005 0.112 0.011 0.006 0.231 0.02 0.013 0.217 0.008 0.006;
0.142 0.008 0.2 0.013 0.004 0.008 0.11 0.005 0.003 0.235 0.011 0.008 0.232 0.01 0.011;0.142 0.008 0.008 0.11 0.005 0.2 0.013 0.004 0.003 0.235 0.011 0.008 0.01 0.232 0.011;0.142 0.008 0.2 0.003 0.008 0.008 0.11 0.005 0.013 0.235 0.01 0.004 0.232 0.011 0.011;
0.148 0.005 0.24 0.007 0.011 0.008 0.12 0.004 0.007 0.225 0.005 0.009 0.195 0.013 0.003;0.148 0.005 0.008 0.12 0.004 0.24 0.007 0.011 0.007 0.225 0.005 0.009 0.013 0.195 0.003;0.148 0.008 0.24 0.007 0.009 0.005 0.12 0.004 0.007 0.225 0.013 0.011 0.195 0.005 0.003;
0.162 0.015 0.198 0.007 0.014 0.012 0.12 0.005 0.006 0.204 0.015 0.01 0.215 0.008 0.009;0.162 0.015 0.012 0.12 0.005 0.198 0.007 0.014 0.006 0.204 0.015 0.01 0.008 0.215 0.009;0.162 0.012 0.198 0.006 0.01 0.015 0.12 0.005 0.007 0.204 0.008 0.014 0.215 0.015 0.009;
0.153 0.01 0.198 0.013 0.014 0.004 0.118 0.009 0.007 0.232 0.009 0.005 0.215 0.004 0.009;0.153 0.01 0.004 0.118 0.009 0.198 0.013 0.014 0.007 0.232 0.009 0.005 0.004 0.215 0.009;0.153 0.004 0.198 0.007 0.005 0.01 0.118 0.009 0.013 0.232 0.004 0.014 0.215 0.009 0.009;
0.148 0.006 0.235 0.007 0.006 0.009 0.103 0.008 0.006 0.215 0.007 0.009 0.228 0.011 0.002;0.148 0.006 0.009 0.103 0.008 0.235 0.007 0.006 0.006 0.215 0.007 0.009 0.011 0.228 0.002;0.148 0.009 0.235 0.006 0.009 0.006 0.103 0.008 0.007 0.215 0.011 0.006 0.228 0.007 0.002;
0.143 0.008 0.215 0.008 0.012 0.008 0.1 0.006 0.006 0.214 0.011 0.009 0.24 0.012 0.008;0.143 0.008 0.008 0.1 0.006 0.215 0.008 0.012 0.006 0.214 0.011 0.009 0.012 0.24 0.008;0.143 0.008 0.215 0.006 0.009 0.008 0.1 0.006 0.008 0.214 0.012 0.012 0.24 0.011 0.008;
0.139 0.006 0.239 0.011 0.009 0.012 0.109 0.006 0.005 0.222 0.01 0.007 0.211 0.008 0.006;0.139 0.006 0.012 0.109 0.006 0.239 0.011 0.009 0.005 0.222 0.01 0.007 0.008 0.211 0.006;0.139 0.012 0.239 0.005 0.007 0.006 0.109 0.006 0.011 0.222 0.008 0.009 0.211 0.01 0.006;
0.14 0.009 0.222 0.006 0.01 0.008 0.112 0.006 0.008 0.215 0.012 0.005 0.23 0.011 0.006;0.14 0.009 0.008 0.112 0.006 0.222 0.006 0.01 0.008 0.215 0.012 0.005 0.011 0.23 0.006;0.14 0.008 0.222 0.008 0.005 0.009 0.112 0.006 0.006 0.215 0.011 0.01 0.23 0.012 0.006;
0.148 0.004 0.242 0.009 0.012 0.006 0.103 0.009 0.007 0.213 0.004 0.008 0.219 0.012 0.004;0.148 0.004 0.006 0.103 0.009 0.242 0.009 0.012 0.007 0.213 0.004 0.008 0.012 0.219 0.004;0.148 0.006 0.242 0.007 0.008 0.004 0.103 0.009 0.009 0.213 0.012 0.012 0.219 0.004 0.004;
0.169 0.009 0.217 0.006 0.006 0.007 0.116 0.012 0.007 0.214 0.008 0.011 0.208 0.007 0.003;0.169 0.009 0.007 0.116 0.012 0.217 0.006 0.006 0.007 0.214 0.008 0.011 0.007 0.208 0.003;0.169 0.007 0.217 0.007 0.011 0.009 0.116 0.012 0.006 0.214 0.007 0.006 0.208 0.008 0.003;
0.135 0.006 0.206 0.007 0.012 0.006 0.111 0.01 0.014 0.22 0.007 0.007 0.241 0.011 0.007;0.135 0.006 0.006 0.111 0.01 0.206 0.007 0.012 0.014 0.22 0.007 0.007 0.011 0.241 0.007;0.135 0.006 0.206 0.014 0.007 0.006 0.111 0.01 0.007 0.22 0.011 0.012 0.241 0.007 0.007;
0.149 0.012 0.212 0.006 0.012 0.011 0.098 0.012 0.005 0.223 0.009 0.007 0.221 0.017 0.006;0.149 0.012 0.011 0.098 0.012 0.212 0.006 0.012 0.005 0.223 0.009 0.007 0.017 0.221 0.006;0.149 0.011 0.212 0.005 0.007 0.012 0.098 0.012 0.006 0.223 0.017 0.012 0.221 0.009 0.006;
0.144 0.006 0.196 0.009 0.014 0.011 0.101 0.01 0.005 0.226 0.014 0.01 0.233 0.014 0.007;0.144 0.006 0.011 0.101 0.01 0.196 0.009 0.014 0.005 0.226 0.014 0.01 0.014 0.233 0.007;0.144 0.011 0.196 0.005 0.01 0.006 0.101 0.01 0.009 0.226 0.014 0.014 0.233 0.014 0.007;
0.14 0.002 0.212 0.003 0.013 0.009 0.105 0.007 0.008 0.239 0.008 0.006 0.229 0.011 0.008;0.14 0.002 0.009 0.105 0.007 0.212 0.003 0.013 0.008 0.239 0.008 0.006 0.011 0.229 0.008;0.14 0.009 0.212 0.008 0.006 0.002 0.105 0.007 0.003 0.239 0.011 0.013 0.229 0.008 0.008;
0.143 0.008 0.233 0.013 0.013 0.008 0.106 0.007 0.003 0.209 0.005 0.014 0.224 0.009 0.005;0.143 0.008 0.008 0.106 0.007 0.233 0.013 0.013 0.003 0.209 0.005 0.014 0.009 0.224 0.005;0.143 0.008 0.233 0.003 0.014 0.008 0.106 0.007 0.013 0.209 0.009 0.013 0.224 0.005 0.005;
0.145 0.005 0.225 0.012 0.009 0.009 0.109 0.01 0.007 0.2 0.007 0.006 0.232 0.013 0.011;0.145 0.005 0.009 0.109 0.01 0.225 0.012 0.009 0.007 0.2 0.007 0.006 0.013 0.232 0.011;0.145 0.009 0.225 0.007 0.006 0.005 0.109 0.01 0.012 0.2 0.013 0.009 0.232 0.007 0.011;
0.151 0.006 0.227 0.011 0.009 0.003 0.099 0.008 0.006 0.216 0.015 0.01 0.222 0.011 0.006;0.151 0.006 0.003 0.099 0.008 0.227 0.011 0.009 0.006 0.216 0.015 0.01 0.011 0.222 0.006;0.151 0.003 0.227 0.006 0.01 0.006 0.099 0.008 0.011 0.216 0.011 0.009 0.222 0.015 0.006;
0.159 0.007 0.226 0.009 0.009 0.009 0.099 0.005 0.009 0.225 0.006 0.004 0.211 0.013 0.009;0.159 0.007 0.009 0.099 0.005 0.226 0.009 0.009 0.009 0.225 0.006 0.004 0.013 0.211 0.009;0.159 0.009 0.226 0.009 0.004 0.007 0.099 0.005 0.009 0.225 0.013 0.009 0.211 0.006 0.009;
0.149 0.007 0.231 0.008 0.01 0.005 0.111 0.01 0.003 0.205 0.014 0.009 0.216 0.015 0.007;0.149 0.007 0.005 0.111 0.01 0.231 0.008 0.01 0.003 0.205 0.014 0.009 0.015 0.216 0.007;0.149 0.005 0.231 0.003 0.009 0.007 0.111 0.01 0.008 0.205 0.015 0.01 0.216 0.014 0.007;
0.125 0.01 0.209 0.007 0.011 0.012 0.111 0.004 0.007 0.251 0.007 0.007 0.223 0.011 0.005;0.125 0.01 0.012 0.111 0.004 0.209 0.007 0.011 0.007 0.251 0.007 0.007 0.011 0.223 0.005;0.125 0.012 0.209 0.007 0.007 0.01 0.111 0.004 0.007 0.251 0.011 0.011 0.223 0.007 0.005;
0.146 0.014 0.226 0.013 0.014 0.008 0.12 0.005 0.006 0.19 0.007 0.017 0.216 0.011 0.007;0.146 0.014 0.008 0.12 0.005 0.226 0.013 0.014 0.006 0.19 0.007 0.017 0.011 0.216 0.007;0.146 0.008 0.226 0.006 0.017 0.014 0.12 0.005 0.013 0.19 0.011 0.014 0.216 0.007 0.007;
0.151 0.009 0.219 0.01 0.01 0.009 0.111 0.007 0.003 0.231 0.01 0.002 0.214 0.009 0.005;0.151 0.009 0.009 0.111 0.007 0.219 0.01 0.01 0.003 0.231 0.01 0.002 0.009 0.214 0.005;0.151 0.009 0.219 0.003 0.002 0.009 0.111 0.007 0.01 0.231 0.009 0.01 0.214 0.01 0.005;
0.166 0.011 0.215 0.008 0.008 0.011 0.093 0.006 0.003 0.203 0.012 0.013 0.232 0.015 0.004;0.166 0.011 0.011 0.093 0.006 0.215 0.008 0.008 0.003 0.203 0.012 0.013 0.015 0.232 0.004;0.166 0.011 0.215 0.003 0.013 0.011 0.093 0.006 0.008 0.203 0.015 0.008 0.232 0.012 0.004;
0.148 0.007 0.23 0.008 0.01 0.009 0.092 0.011 0.005 0.224 0.01 0.007 0.218 0.015 0.006;0.148 0.007 0.009 0.092 0.011 0.23 0.008 0.01 0.005 0.224 0.01 0.007 0.015 0.218 0.006;0.148 0.009 0.23 0.005 0.007 0.007 0.092 0.011 0.008 0.224 0.015 0.01 0.218 0.01 0.006;
0.152 0.008 0.223 0.006 0.01 0.009 0.108 0.012 0.007 0.216 0.006 0.009 0.218 0.011 0.005;0.152 0.008 0.009 0.108 0.012 0.223 0.006 0.01 0.007 0.216 0.006 0.009 0.011 0.218 0.005;0.152 0.009 0.223 0.007 0.009 0.008 0.108 0.012 0.006 0.216 0.011 0.01 0.218 0.006 0.005;
0.13 0.005 0.207 0.008 0.011 0.008 0.123 0.006 0.007 0.23 0.006 0.011 0.227 0.011 0.01;0.13 0.005 0.008 0.123 0.006 0.207 0.008 0.011 0.007 0.23 0.006 0.011 0.011 0.227 0.01;0.13 0.008 0.207 0.007 0.011 0.005 0.123 0.006 0.008 0.23 0.011 0.011 0.227 0.006 0.01;
0.134 0.009 0.226 0.019 0.007 0.01 0.112 0.008 0.008 0.215 0.006 0.007 0.227 0.006 0.006;0.134 0.009 0.01 0.112 0.008 0.226 0.019 0.007 0.008 0.215 0.006 0.007 0.006 0.227 0.006;0.134 0.01 0.226 0.008 0.007 0.009 0.112 0.008 0.019 0.215 0.006 0.007 0.227 0.006 0.006;
0.137 0.009 0.21 0.01 0.008 0.008 0.112 0.003 0.003 0.242 0.009 0.013 0.212 0.017 0.007;0.137 0.009 0.008 0.112 0.003 0.21 0.01 0.008 0.003 0.242 0.009 0.013 0.017 0.212 0.007;0.137 0.008 0.21 0.003 0.013 0.009 0.112 0.003 0.01 0.242 0.017 0.008 0.212 0.009 0.007;
0.145 0.009 0.208 0.009 0.008 0.004 0.127 0.007 0.004 0.218 0.008 0.009 0.226 0.012 0.006;0.145 0.009 0.004 0.127 0.007 0.208 0.009 0.008 0.004 0.218 0.008 0.009 0.012 0.226 0.006;0.145 0.004 0.208 0.004 0.009 0.009 0.127 0.007 0.009 0.218 0.012 0.008 0.226 0.008 0.006;
0.131 0.011 0.238 0.008 0.016 0.004 0.112 0.009 0.004 0.211 0.006 0.006 0.233 0.007 0.004;0.131 0.011 0.004 0.112 0.009 0.238 0.008 0.016 0.004 0.211 0.006 0.006 0.007 0.233 0.004;0.131 0.004 0.238 0.004 0.006 0.011 0.112 0.009 0.008 0.211 0.007 0.016 0.233 0.006 0.004;
0.155 0.009 0.201 0.009 0.014 0.005 0.12 0.006 0.002 0.238 0.012 0.012 0.202 0.011 0.004;0.155 0.009 0.005 0.12 0.006 0.201 0.009 0.014 0.002 0.238 0.012 0.012 0.011 0.202 0.004;0.155 0.005 0.201 0.002 0.012 0.009 0.12 0.006 0.009 0.238 0.011 0.014 0.202 0.012 0.004;
0.157 0.006 0.238 0.011 0.009 0.009 0.101 0.005 0.006 0.218 0.006 0.011 0.208 0.006 0.009;0.157 0.006 0.009 0.101 0.005 0.238 0.011 0.009 0.006 0.218 0.006 0.011 0.006 0.208 0.009;0.157 0.009 0.238 0.006 0.011 0.006 0.101 0.005 0.011 0.218 0.006 0.009 0.208 0.006 0.009;
0.129 0.009 0.214 0.006 0.014 0.008 0.103 0.012 0.011 0.237 0.008 0.01 0.218 0.012 0.009;0.129 0.009 0.008 0.103 0.012 0.214 0.006 0.014 0.011 0.237 0.008 0.01 0.012 0.218 0.009;0.129 0.008 0.214 0.011 0.01 0.009 0.103 0.012 0.006 0.237 0.012 0.014 0.218 0.008 0.009];