pntP=[0.033 0.044 0.066 0.066 0.096 0.061 0.045 0.069 0.043 0.049 0.079 0.083 0.095 0.099 0.072;0.033 0.044 0.061 0.045 0.069 0.066 0.066 0.096 0.043 0.049 0.079 0.083 0.099 0.095 0.072;0.033 0.061 0.066 0.043 0.083 0.044 0.045 0.069 0.066 0.049 0.099 0.096 0.095 0.079 0.072;
0.024 0.058 0.043 0.078 0.095 0.052 0.056 0.074 0.038 0.066 0.083 0.073 0.089 0.107 0.064;0.024 0.058 0.052 0.056 0.074 0.043 0.078 0.095 0.038 0.066 0.083 0.073 0.107 0.089 0.064;0.024 0.052 0.043 0.038 0.073 0.058 0.056 0.074 0.078 0.066 0.107 0.095 0.089 0.083 0.064;
0.026 0.057 0.057 0.067 0.085 0.067 0.046 0.077 0.049 0.058 0.083 0.077 0.077 0.101 0.073;0.026 0.057 0.067 0.046 0.077 0.057 0.067 0.085 0.049 0.058 0.083 0.077 0.101 0.077 0.073;0.026 0.067 0.057 0.049 0.077 0.057 0.046 0.077 0.067 0.058 0.101 0.085 0.077 0.083 0.073;
0.031 0.042 0.064 0.063 0.111 0.061 0.041 0.084 0.039 0.054 0.086 0.085 0.075 0.092 0.072;0.031 0.042 0.061 0.041 0.084 0.064 0.063 0.111 0.039 0.054 0.086 0.085 0.092 0.075 0.072;0.031 0.061 0.064 0.039 0.085 0.042 0.041 0.084 0.063 0.054 0.092 0.111 0.075 0.086 0.072;
0.036 0.058 0.061 0.055 0.094 0.055 0.053 0.088 0.046 0.057 0.075 0.083 0.075 0.091 0.073;0.036 0.058 0.055 0.053 0.088 0.061 0.055 0.094 0.046 0.057 0.075 0.083 0.091 0.075 0.073;0.036 0.055 0.061 0.046 0.083 0.058 0.053 0.088 0.055 0.057 0.091 0.094 0.075 0.075 0.073;
0.041 0.062 0.065 0.055 0.091 0.044 0.043 0.094 0.04 0.079 0.071 0.076 0.071 0.101 0.067;0.041 0.062 0.044 0.043 0.094 0.065 0.055 0.091 0.04 0.079 0.071 0.076 0.101 0.071 0.067;0.041 0.044 0.065 0.04 0.076 0.062 0.043 0.094 0.055 0.079 0.101 0.091 0.071 0.071 0.067;
0.026 0.054 0.057 0.055 0.107 0.043 0.049 0.077 0.044 0.055 0.083 0.085 0.083 0.113 0.069;0.026 0.054 0.043 0.049 0.077 0.057 0.055 0.107 0.044 0.055 0.083 0.085 0.113 0.083 0.069;0.026 0.043 0.057 0.044 0.085 0.054 0.049 0.077 0.055 0.055 0.113 0.107 0.083 0.083 0.069;
0.029 0.051 0.074 0.064 0.085 0.053 0.037 0.085 0.05 0.055 0.074 0.083 0.085 0.102 0.073;0.029 0.051 0.053 0.037 0.085 0.074 0.064 0.085 0.05 0.055 0.074 0.083 0.102 0.085 0.073;0.029 0.053 0.074 0.05 0.083 0.051 0.037 0.085 0.064 0.055 0.102 0.085 0.085 0.074 0.073;
0.029 0.059 0.058 0.067 0.089 0.061 0.043 0.061 0.036 0.058 0.092 0.089 0.092 0.093 0.073;0.029 0.059 0.061 0.043 0.061 0.058 0.067 0.089 0.036 0.058 0.092 0.089 0.093 0.092 0.073;0.029 0.061 0.058 0.036 0.089 0.059 0.043 0.061 0.067 0.058 0.093 0.089 0.092 0.092 0.073;
0.028 0.051 0.061 0.064 0.088 0.06 0.041 0.07 0.047 0.055 0.071 0.102 0.063 0.116 0.083;0.028 0.051 0.06 0.041 0.07 0.061 0.064 0.088 0.047 0.055 0.071 0.102 0.116 0.063 0.083;0.028 0.06 0.061 0.047 0.102 0.051 0.041 0.07 0.064 0.055 0.116 0.088 0.063 0.071 0.083;
0.027 0.039 0.058 0.078 0.102 0.045 0.047 0.081 0.033 0.055 0.08 0.081 0.093 0.106 0.075;0.027 0.039 0.045 0.047 0.081 0.058 0.078 0.102 0.033 0.055 0.08 0.081 0.106 0.093 0.075;0.027 0.045 0.058 0.033 0.081 0.039 0.047 0.081 0.078 0.055 0.106 0.102 0.093 0.08 0.075;
0.026 0.058 0.044 0.071 0.106 0.056 0.047 0.079 0.026 0.057 0.102 0.083 0.094 0.075 0.076;0.026 0.058 0.056 0.047 0.079 0.044 0.071 0.106 0.026 0.057 0.102 0.083 0.075 0.094 0.076;0.026 0.056 0.044 0.026 0.083 0.058 0.047 0.079 0.071 0.057 0.075 0.106 0.094 0.102 0.076;
0.022 0.054 0.049 0.07 0.119 0.046 0.043 0.073 0.048 0.065 0.073 0.086 0.082 0.091 0.079;0.022 0.054 0.046 0.043 0.073 0.049 0.07 0.119 0.048 0.065 0.073 0.086 0.091 0.082 0.079;0.022 0.046 0.049 0.048 0.086 0.054 0.043 0.073 0.07 0.065 0.091 0.119 0.082 0.073 0.079;
0.027 0.042 0.066 0.051 0.087 0.046 0.046 0.091 0.041 0.049 0.074 0.089 0.082 0.12 0.089;0.027 0.042 0.046 0.046 0.091 0.066 0.051 0.087 0.041 0.049 0.074 0.089 0.12 0.082 0.089;0.027 0.046 0.066 0.041 0.089 0.042 0.046 0.091 0.051 0.049 0.12 0.087 0.082 0.074 0.089;
0.025 0.056 0.057 0.042 0.105 0.065 0.049 0.081 0.043 0.051 0.084 0.074 0.098 0.086 0.084;0.025 0.056 0.065 0.049 0.081 0.057 0.042 0.105 0.043 0.051 0.084 0.074 0.086 0.098 0.084;0.025 0.065 0.057 0.043 0.074 0.056 0.049 0.081 0.042 0.051 0.086 0.105 0.098 0.084 0.084;
0.034 0.066 0.055 0.069 0.097 0.05 0.036 0.076 0.05 0.05 0.088 0.077 0.078 0.096 0.078;0.034 0.066 0.05 0.036 0.076 0.055 0.069 0.097 0.05 0.05 0.088 0.077 0.096 0.078 0.078;0.034 0.05 0.055 0.05 0.077 0.066 0.036 0.076 0.069 0.05 0.096 0.097 0.078 0.088 0.078;
0.028 0.047 0.057 0.061 0.104 0.056 0.037 0.096 0.043 0.063 0.092 0.082 0.069 0.077 0.088;0.028 0.047 0.056 0.037 0.096 0.057 0.061 0.104 0.043 0.063 0.092 0.082 0.077 0.069 0.088;0.028 0.056 0.057 0.043 0.082 0.047 0.037 0.096 0.061 0.063 0.077 0.104 0.069 0.092 0.088;
0.032 0.06 0.048 0.075 0.096 0.062 0.041 0.078 0.031 0.056 0.075 0.085 0.072 0.108 0.081;0.032 0.06 0.062 0.041 0.078 0.048 0.075 0.096 0.031 0.056 0.075 0.085 0.108 0.072 0.081;0.032 0.062 0.048 0.031 0.085 0.06 0.041 0.078 0.075 0.056 0.108 0.096 0.072 0.075 0.081;
0.033 0.062 0.055 0.062 0.095 0.052 0.056 0.073 0.032 0.059 0.085 0.084 0.076 0.089 0.087;0.033 0.062 0.052 0.056 0.073 0.055 0.062 0.095 0.032 0.059 0.085 0.084 0.089 0.076 0.087;0.033 0.052 0.055 0.032 0.084 0.062 0.056 0.073 0.062 0.059 0.089 0.095 0.076 0.085 0.087;
0.035 0.055 0.061 0.062 0.093 0.039 0.041 0.086 0.048 0.058 0.086 0.094 0.073 0.087 0.082;0.035 0.055 0.039 0.041 0.086 0.061 0.062 0.093 0.048 0.058 0.086 0.094 0.087 0.073 0.082;0.035 0.039 0.061 0.048 0.094 0.055 0.041 0.086 0.062 0.058 0.087 0.093 0.073 0.086 0.082;
0.03 0.053 0.051 0.065 0.105 0.06 0.046 0.089 0.05 0.058 0.066 0.068 0.082 0.099 0.078;0.03 0.053 0.06 0.046 0.089 0.051 0.065 0.105 0.05 0.058 0.066 0.068 0.099 0.082 0.078;0.03 0.06 0.051 0.05 0.068 0.053 0.046 0.089 0.065 0.058 0.099 0.105 0.082 0.066 0.078;
0.031 0.051 0.064 0.054 0.099 0.057 0.042 0.087 0.032 0.059 0.087 0.082 0.078 0.098 0.079;0.031 0.051 0.057 0.042 0.087 0.064 0.054 0.099 0.032 0.059 0.087 0.082 0.098 0.078 0.079;0.031 0.057 0.064 0.032 0.082 0.051 0.042 0.087 0.054 0.059 0.098 0.099 0.078 0.087 0.079;
0.025 0.041 0.058 0.055 0.1 0.053 0.054 0.078 0.036 0.059 0.086 0.096 0.086 0.092 0.081;0.025 0.041 0.053 0.054 0.078 0.058 0.055 0.1 0.036 0.059 0.086 0.096 0.092 0.086 0.081;0.025 0.053 0.058 0.036 0.096 0.041 0.054 0.078 0.055 0.059 0.092 0.1 0.086 0.086 0.081;
0.025 0.039 0.06 0.073 0.103 0.066 0.04 0.088 0.04 0.066 0.078 0.07 0.067 0.102 0.083;0.025 0.039 0.066 0.04 0.088 0.06 0.073 0.103 0.04 0.066 0.078 0.07 0.102 0.067 0.083;0.025 0.066 0.06 0.04 0.07 0.039 0.04 0.088 0.073 0.066 0.102 0.103 0.067 0.078 0.083;
0.018 0.063 0.058 0.056 0.1 0.044 0.038 0.092 0.057 0.059 0.09 0.066 0.086 0.084 0.089;0.018 0.063 0.044 0.038 0.092 0.058 0.056 0.1 0.057 0.059 0.09 0.066 0.084 0.086 0.089;0.018 0.044 0.058 0.057 0.066 0.063 0.038 0.092 0.056 0.059 0.084 0.1 0.086 0.09 0.089;
0.022 0.057 0.053 0.072 0.119 0.059 0.038 0.069 0.052 0.054 0.079 0.074 0.076 0.096 0.08;0.022 0.057 0.059 0.038 0.069 0.053 0.072 0.119 0.052 0.054 0.079 0.074 0.096 0.076 0.08;0.022 0.059 0.053 0.052 0.074 0.057 0.038 0.069 0.072 0.054 0.096 0.119 0.076 0.079 0.08;
0.023 0.052 0.065 0.059 0.087 0.051 0.044 0.088 0.045 0.071 0.075 0.094 0.082 0.098 0.066;0.023 0.052 0.051 0.044 0.088 0.065 0.059 0.087 0.045 0.071 0.075 0.094 0.098 0.082 0.066;0.023 0.051 0.065 0.045 0.094 0.052 0.044 0.088 0.059 0.071 0.098 0.087 0.082 0.075 0.066;
0.03 0.065 0.057 0.078 0.088 0.07 0.033 0.076 0.039 0.061 0.076 0.071 0.088 0.091 0.077;0.03 0.065 0.07 0.033 0.076 0.057 0.078 0.088 0.039 0.061 0.076 0.071 0.091 0.088 0.077;0.03 0.07 0.057 0.039 0.071 0.065 0.033 0.076 0.078 0.061 0.091 0.088 0.088 0.076 0.077;
0.022 0.056 0.054 0.055 0.094 0.056 0.047 0.089 0.033 0.062 0.089 0.088 0.083 0.09 0.082;0.022 0.056 0.056 0.047 0.089 0.054 0.055 0.094 0.033 0.062 0.089 0.088 0.09 0.083 0.082;0.022 0.056 0.054 0.033 0.088 0.056 0.047 0.089 0.055 0.062 0.09 0.094 0.083 0.089 0.082;
0.023 0.057 0.051 0.085 0.109 0.051 0.048 0.078 0.046 0.05 0.075 0.068 0.081 0.104 0.074;0.023 0.057 0.051 0.048 0.078 0.051 0.085 0.109 0.046 0.05 0.075 0.068 0.104 0.081 0.074;0.023 0.051 0.051 0.046 0.068 0.057 0.048 0.078 0.085 0.05 0.104 0.109 0.081 0.075 0.074;
0.032 0.041 0.048 0.049 0.107 0.053 0.032 0.08 0.032 0.069 0.093 0.089 0.08 0.104 0.091;0.032 0.041 0.053 0.032 0.08 0.048 0.049 0.107 0.032 0.069 0.093 0.089 0.104 0.08 0.091;0.032 0.053 0.048 0.032 0.089 0.041 0.032 0.08 0.049 0.069 0.104 0.107 0.08 0.093 0.091;
0.027 0.061 0.053 0.063 0.095 0.053 0.033 0.085 0.036 0.05 0.084 0.079 0.087 0.109 0.085;0.027 0.061 0.053 0.033 0.085 0.053 0.063 0.095 0.036 0.05 0.084 0.079 0.109 0.087 0.085;0.027 0.053 0.053 0.036 0.079 0.061 0.033 0.085 0.063 0.05 0.109 0.095 0.087 0.084 0.085;
0.028 0.064 0.067 0.06 0.094 0.056 0.045 0.074 0.046 0.056 0.072 0.08 0.091 0.098 0.069;0.028 0.064 0.056 0.045 0.074 0.067 0.06 0.094 0.046 0.056 0.072 0.08 0.098 0.091 0.069;0.028 0.056 0.067 0.046 0.08 0.064 0.045 0.074 0.06 0.056 0.098 0.094 0.091 0.072 0.069;
0.022 0.055 0.058 0.067 0.102 0.053 0.036 0.072 0.047 0.058 0.08 0.081 0.081 0.106 0.082;0.022 0.055 0.053 0.036 0.072 0.058 0.067 0.102 0.047 0.058 0.08 0.081 0.106 0.081 0.082;0.022 0.053 0.058 0.047 0.081 0.055 0.036 0.072 0.067 0.058 0.106 0.102 0.081 0.08 0.082;
0.032 0.05 0.054 0.069 0.1 0.058 0.039 0.073 0.052 0.053 0.085 0.097 0.074 0.092 0.072;0.032 0.05 0.058 0.039 0.073 0.054 0.069 0.1 0.052 0.053 0.085 0.097 0.092 0.074 0.072;0.032 0.058 0.054 0.052 0.097 0.05 0.039 0.073 0.069 0.053 0.092 0.1 0.074 0.085 0.072;
0.039 0.063 0.056 0.05 0.123 0.052 0.044 0.077 0.043 0.046 0.073 0.081 0.07 0.112 0.071;0.039 0.063 0.052 0.044 0.077 0.056 0.05 0.123 0.043 0.046 0.073 0.081 0.112 0.07 0.071;0.039 0.052 0.056 0.043 0.081 0.063 0.044 0.077 0.05 0.046 0.112 0.123 0.07 0.073 0.071;
0.029 0.051 0.055 0.061 0.087 0.064 0.042 0.079 0.052 0.053 0.073 0.084 0.092 0.109 0.069;0.029 0.051 0.064 0.042 0.079 0.055 0.061 0.087 0.052 0.053 0.073 0.084 0.109 0.092 0.069;0.029 0.064 0.055 0.052 0.084 0.051 0.042 0.079 0.061 0.053 0.109 0.087 0.092 0.073 0.069;
0.033 0.057 0.059 0.058 0.09 0.053 0.048 0.084 0.047 0.047 0.086 0.061 0.103 0.099 0.075;0.033 0.057 0.053 0.048 0.084 0.059 0.058 0.09 0.047 0.047 0.086 0.061 0.099 0.103 0.075;0.033 0.053 0.059 0.047 0.061 0.057 0.048 0.084 0.058 0.047 0.099 0.09 0.103 0.086 0.075;
0.024 0.063 0.068 0.066 0.093 0.067 0.041 0.082 0.034 0.055 0.087 0.094 0.074 0.087 0.065;0.024 0.063 0.067 0.041 0.082 0.068 0.066 0.093 0.034 0.055 0.087 0.094 0.087 0.074 0.065;0.024 0.067 0.068 0.034 0.094 0.063 0.041 0.082 0.066 0.055 0.087 0.093 0.074 0.087 0.065;
0.041 0.05 0.05 0.068 0.101 0.064 0.043 0.088 0.039 0.049 0.073 0.069 0.081 0.098 0.086;0.041 0.05 0.064 0.043 0.088 0.05 0.068 0.101 0.039 0.049 0.073 0.069 0.098 0.081 0.086;0.041 0.064 0.05 0.039 0.069 0.05 0.043 0.088 0.068 0.049 0.098 0.101 0.081 0.073 0.086;
0.031 0.05 0.061 0.063 0.094 0.059 0.053 0.089 0.044 0.056 0.068 0.081 0.071 0.114 0.066;0.031 0.05 0.059 0.053 0.089 0.061 0.063 0.094 0.044 0.056 0.068 0.081 0.114 0.071 0.066;0.031 0.059 0.061 0.044 0.081 0.05 0.053 0.089 0.063 0.056 0.114 0.094 0.071 0.068 0.066;
0.036 0.057 0.056 0.065 0.105 0.052 0.045 0.077 0.047 0.059 0.079 0.081 0.065 0.092 0.084;0.036 0.057 0.052 0.045 0.077 0.056 0.065 0.105 0.047 0.059 0.079 0.081 0.092 0.065 0.084;0.036 0.052 0.056 0.047 0.081 0.057 0.045 0.077 0.065 0.059 0.092 0.105 0.065 0.079 0.084;
0.027 0.052 0.058 0.055 0.106 0.062 0.047 0.076 0.032 0.057 0.102 0.088 0.079 0.082 0.077;0.027 0.052 0.062 0.047 0.076 0.058 0.055 0.106 0.032 0.057 0.102 0.088 0.082 0.079 0.077;0.027 0.062 0.058 0.032 0.088 0.052 0.047 0.076 0.055 0.057 0.082 0.106 0.079 0.102 0.077;
0.025 0.053 0.049 0.054 0.099 0.055 0.038 0.091 0.042 0.057 0.095 0.066 0.087 0.102 0.087;0.025 0.053 0.055 0.038 0.091 0.049 0.054 0.099 0.042 0.057 0.095 0.066 0.102 0.087 0.087;0.025 0.055 0.049 0.042 0.066 0.053 0.038 0.091 0.054 0.057 0.102 0.099 0.087 0.095 0.087;
0.035 0.045 0.065 0.057 0.081 0.06 0.041 0.086 0.052 0.048 0.084 0.093 0.085 0.096 0.072;0.035 0.045 0.06 0.041 0.086 0.065 0.057 0.081 0.052 0.048 0.084 0.093 0.096 0.085 0.072;0.035 0.06 0.065 0.052 0.093 0.045 0.041 0.086 0.057 0.048 0.096 0.081 0.085 0.084 0.072;
0.024 0.047 0.063 0.056 0.11 0.051 0.042 0.075 0.043 0.046 0.077 0.081 0.094 0.118 0.073;0.024 0.047 0.051 0.042 0.075 0.063 0.056 0.11 0.043 0.046 0.077 0.081 0.118 0.094 0.073;0.024 0.051 0.063 0.043 0.081 0.047 0.042 0.075 0.056 0.046 0.118 0.11 0.094 0.077 0.073;
0.033 0.062 0.071 0.042 0.084 0.057 0.05 0.093 0.044 0.063 0.067 0.073 0.088 0.097 0.076;0.033 0.062 0.057 0.05 0.093 0.071 0.042 0.084 0.044 0.063 0.067 0.073 0.097 0.088 0.076;0.033 0.057 0.071 0.044 0.073 0.062 0.05 0.093 0.042 0.063 0.097 0.084 0.088 0.067 0.076;
0.037 0.046 0.052 0.065 0.091 0.054 0.023 0.097 0.054 0.064 0.073 0.071 0.091 0.107 0.075;0.037 0.046 0.054 0.023 0.097 0.052 0.065 0.091 0.054 0.064 0.073 0.071 0.107 0.091 0.075;0.037 0.054 0.052 0.054 0.071 0.046 0.023 0.097 0.065 0.064 0.107 0.091 0.091 0.073 0.075;
0.033 0.053 0.047 0.059 0.102 0.049 0.045 0.068 0.042 0.069 0.086 0.07 0.108 0.098 0.071;0.033 0.053 0.049 0.045 0.068 0.047 0.059 0.102 0.042 0.069 0.086 0.07 0.098 0.108 0.071;0.033 0.049 0.047 0.042 0.07 0.053 0.045 0.068 0.059 0.069 0.098 0.102 0.108 0.086 0.071;
0.027 0.05 0.057 0.076 0.086 0.062 0.05 0.077 0.053 0.046 0.083 0.073 0.083 0.098 0.079;0.027 0.05 0.062 0.05 0.077 0.057 0.076 0.086 0.053 0.046 0.083 0.073 0.098 0.083 0.079;0.027 0.062 0.057 0.053 0.073 0.05 0.05 0.077 0.076 0.046 0.098 0.086 0.083 0.083 0.079;
0.021 0.056 0.056 0.068 0.082 0.062 0.048 0.082 0.043 0.052 0.084 0.092 0.08 0.098 0.076;0.021 0.056 0.062 0.048 0.082 0.056 0.068 0.082 0.043 0.052 0.084 0.092 0.098 0.08 0.076;0.021 0.062 0.056 0.043 0.092 0.056 0.048 0.082 0.068 0.052 0.098 0.082 0.08 0.084 0.076;
0.031 0.057 0.056 0.059 0.102 0.051 0.056 0.08 0.041 0.047 0.088 0.088 0.077 0.081 0.086;0.031 0.057 0.051 0.056 0.08 0.056 0.059 0.102 0.041 0.047 0.088 0.088 0.081 0.077 0.086;0.031 0.051 0.056 0.041 0.088 0.057 0.056 0.08 0.059 0.047 0.081 0.102 0.077 0.088 0.086;
0.03 0.056 0.055 0.08 0.085 0.062 0.047 0.072 0.043 0.062 0.069 0.069 0.081 0.112 0.077;0.03 0.056 0.062 0.047 0.072 0.055 0.08 0.085 0.043 0.062 0.069 0.069 0.112 0.081 0.077;0.03 0.062 0.055 0.043 0.069 0.056 0.047 0.072 0.08 0.062 0.112 0.085 0.081 0.069 0.077;
0.032 0.052 0.056 0.058 0.1 0.055 0.033 0.079 0.048 0.057 0.089 0.091 0.078 0.094 0.078;0.032 0.052 0.055 0.033 0.079 0.056 0.058 0.1 0.048 0.057 0.089 0.091 0.094 0.078 0.078;0.032 0.055 0.056 0.048 0.091 0.052 0.033 0.079 0.058 0.057 0.094 0.1 0.078 0.089 0.078;
0.027 0.056 0.04 0.072 0.095 0.068 0.035 0.085 0.053 0.055 0.092 0.079 0.075 0.079 0.089;0.027 0.056 0.068 0.035 0.085 0.04 0.072 0.095 0.053 0.055 0.092 0.079 0.079 0.075 0.089;0.027 0.068 0.04 0.053 0.079 0.056 0.035 0.085 0.072 0.055 0.079 0.095 0.075 0.092 0.089;
0.032 0.054 0.049 0.057 0.101 0.052 0.034 0.078 0.048 0.062 0.084 0.088 0.091 0.091 0.079;0.032 0.054 0.052 0.034 0.078 0.049 0.057 0.101 0.048 0.062 0.084 0.088 0.091 0.091 0.079;0.032 0.052 0.049 0.048 0.088 0.054 0.034 0.078 0.057 0.062 0.091 0.101 0.091 0.084 0.079;
0.034 0.05 0.065 0.065 0.088 0.045 0.034 0.089 0.051 0.062 0.079 0.077 0.084 0.096 0.081;0.034 0.05 0.045 0.034 0.089 0.065 0.065 0.088 0.051 0.062 0.079 0.077 0.096 0.084 0.081;0.034 0.045 0.065 0.051 0.077 0.05 0.034 0.089 0.065 0.062 0.096 0.088 0.084 0.079 0.081;
0.035 0.06 0.054 0.055 0.087 0.071 0.049 0.082 0.041 0.07 0.076 0.074 0.073 0.079 0.094;0.035 0.06 0.071 0.049 0.082 0.054 0.055 0.087 0.041 0.07 0.076 0.074 0.079 0.073 0.094;0.035 0.071 0.054 0.041 0.074 0.06 0.049 0.082 0.055 0.07 0.079 0.087 0.073 0.076 0.094;
0.016 0.059 0.06 0.08 0.099 0.057 0.052 0.059 0.04 0.046 0.08 0.091 0.081 0.102 0.078;0.016 0.059 0.057 0.052 0.059 0.06 0.08 0.099 0.04 0.046 0.08 0.091 0.102 0.081 0.078;0.016 0.057 0.06 0.04 0.091 0.059 0.052 0.059 0.08 0.046 0.102 0.099 0.081 0.08 0.078;
0.036 0.054 0.05 0.057 0.085 0.058 0.04 0.087 0.042 0.055 0.078 0.09 0.088 0.104 0.076;0.036 0.054 0.058 0.04 0.087 0.05 0.057 0.085 0.042 0.055 0.078 0.09 0.104 0.088 0.076;0.036 0.058 0.05 0.042 0.09 0.054 0.04 0.087 0.057 0.055 0.104 0.085 0.088 0.078 0.076;
0.036 0.052 0.06 0.059 0.097 0.061 0.042 0.086 0.047 0.054 0.08 0.074 0.081 0.095 0.076;0.036 0.052 0.061 0.042 0.086 0.06 0.059 0.097 0.047 0.054 0.08 0.074 0.095 0.081 0.076;0.036 0.061 0.06 0.047 0.074 0.052 0.042 0.086 0.059 0.054 0.095 0.097 0.081 0.08 0.076;
0.026 0.061 0.07 0.068 0.105 0.044 0.042 0.078 0.037 0.049 0.065 0.097 0.071 0.114 0.073;0.026 0.061 0.044 0.042 0.078 0.07 0.068 0.105 0.037 0.049 0.065 0.097 0.114 0.071 0.073;0.026 0.044 0.07 0.037 0.097 0.061 0.042 0.078 0.068 0.049 0.114 0.105 0.071 0.065 0.073;
0.023 0.054 0.054 0.058 0.104 0.06 0.042 0.086 0.037 0.061 0.067 0.066 0.091 0.122 0.075;0.023 0.054 0.06 0.042 0.086 0.054 0.058 0.104 0.037 0.061 0.067 0.066 0.122 0.091 0.075;0.023 0.06 0.054 0.037 0.066 0.054 0.042 0.086 0.058 0.061 0.122 0.104 0.091 0.067 0.075;
0.031 0.057 0.053 0.057 0.11 0.059 0.029 0.079 0.038 0.058 0.08 0.074 0.09 0.107 0.078;0.031 0.057 0.059 0.029 0.079 0.053 0.057 0.11 0.038 0.058 0.08 0.074 0.107 0.09 0.078;0.031 0.059 0.053 0.038 0.074 0.057 0.029 0.079 0.057 0.058 0.107 0.11 0.09 0.08 0.078;
0.023 0.064 0.046 0.058 0.096 0.061 0.046 0.072 0.057 0.064 0.083 0.096 0.067 0.094 0.073;0.023 0.064 0.061 0.046 0.072 0.046 0.058 0.096 0.057 0.064 0.083 0.096 0.094 0.067 0.073;0.023 0.061 0.046 0.057 0.096 0.064 0.046 0.072 0.058 0.064 0.094 0.096 0.067 0.083 0.073;
0.027 0.057 0.06 0.064 0.1 0.061 0.042 0.084 0.048 0.053 0.069 0.068 0.088 0.101 0.078;0.027 0.057 0.061 0.042 0.084 0.06 0.064 0.1 0.048 0.053 0.069 0.068 0.101 0.088 0.078;0.027 0.061 0.06 0.048 0.068 0.057 0.042 0.084 0.064 0.053 0.101 0.1 0.088 0.069 0.078;
0.039 0.069 0.051 0.062 0.104 0.04 0.044 0.078 0.042 0.065 0.076 0.084 0.073 0.097 0.076;0.039 0.069 0.04 0.044 0.078 0.051 0.062 0.104 0.042 0.065 0.076 0.084 0.097 0.073 0.076;0.039 0.04 0.051 0.042 0.084 0.069 0.044 0.078 0.062 0.065 0.097 0.104 0.073 0.076 0.076;
0.024 0.045 0.054 0.074 0.089 0.064 0.037 0.085 0.046 0.053 0.075 0.079 0.1 0.099 0.076;0.024 0.045 0.064 0.037 0.085 0.054 0.074 0.089 0.046 0.053 0.075 0.079 0.099 0.1 0.076;0.024 0.064 0.054 0.046 0.079 0.045 0.037 0.085 0.074 0.053 0.099 0.089 0.1 0.075 0.076;
0.026 0.049 0.057 0.071 0.11 0.065 0.035 0.074 0.047 0.058 0.083 0.086 0.075 0.086 0.078;0.026 0.049 0.065 0.035 0.074 0.057 0.071 0.11 0.047 0.058 0.083 0.086 0.086 0.075 0.078;0.026 0.065 0.057 0.047 0.086 0.049 0.035 0.074 0.071 0.058 0.086 0.11 0.075 0.083 0.078;
0.036 0.059 0.057 0.063 0.091 0.054 0.041 0.079 0.038 0.062 0.078 0.067 0.079 0.122 0.074;0.036 0.059 0.054 0.041 0.079 0.057 0.063 0.091 0.038 0.062 0.078 0.067 0.122 0.079 0.074;0.036 0.054 0.057 0.038 0.067 0.059 0.041 0.079 0.063 0.062 0.122 0.091 0.079 0.078 0.074;
0.035 0.07 0.054 0.052 0.109 0.065 0.037 0.094 0.034 0.052 0.09 0.069 0.083 0.091 0.065;0.035 0.07 0.065 0.037 0.094 0.054 0.052 0.109 0.034 0.052 0.09 0.069 0.091 0.083 0.065;0.035 0.065 0.054 0.034 0.069 0.07 0.037 0.094 0.052 0.052 0.091 0.109 0.083 0.09 0.065;
0.023 0.045 0.066 0.061 0.089 0.059 0.049 0.069 0.049 0.07 0.085 0.094 0.087 0.082 0.072;0.023 0.045 0.059 0.049 0.069 0.066 0.061 0.089 0.049 0.07 0.085 0.094 0.082 0.087 0.072;0.023 0.059 0.066 0.049 0.094 0.045 0.049 0.069 0.061 0.07 0.082 0.089 0.087 0.085 0.072;
0.023 0.058 0.063 0.068 0.095 0.059 0.036 0.084 0.051 0.046 0.082 0.085 0.087 0.089 0.074;0.023 0.058 0.059 0.036 0.084 0.063 0.068 0.095 0.051 0.046 0.082 0.085 0.089 0.087 0.074;0.023 0.059 0.063 0.051 0.085 0.058 0.036 0.084 0.068 0.046 0.089 0.095 0.087 0.082 0.074;
0.033 0.049 0.062 0.072 0.105 0.066 0.049 0.085 0.045 0.054 0.083 0.074 0.07 0.086 0.067;0.033 0.049 0.066 0.049 0.085 0.062 0.072 0.105 0.045 0.054 0.083 0.074 0.086 0.07 0.067;0.033 0.066 0.062 0.045 0.074 0.049 0.049 0.085 0.072 0.054 0.086 0.105 0.07 0.083 0.067;
0.026 0.047 0.052 0.07 0.099 0.063 0.041 0.061 0.054 0.065 0.084 0.084 0.078 0.098 0.078;0.026 0.047 0.063 0.041 0.061 0.052 0.07 0.099 0.054 0.065 0.084 0.084 0.098 0.078 0.078;0.026 0.063 0.052 0.054 0.084 0.047 0.041 0.061 0.07 0.065 0.098 0.099 0.078 0.084 0.078;
0.024 0.052 0.061 0.053 0.103 0.052 0.039 0.077 0.045 0.062 0.071 0.081 0.086 0.117 0.077;0.024 0.052 0.052 0.039 0.077 0.061 0.053 0.103 0.045 0.062 0.071 0.081 0.117 0.086 0.077;0.024 0.052 0.061 0.045 0.081 0.052 0.039 0.077 0.053 0.062 0.117 0.103 0.086 0.071 0.077;
0.029 0.053 0.047 0.055 0.11 0.057 0.033 0.084 0.043 0.056 0.081 0.08 0.085 0.096 0.091;0.029 0.053 0.057 0.033 0.084 0.047 0.055 0.11 0.043 0.056 0.081 0.08 0.096 0.085 0.091;0.029 0.057 0.047 0.043 0.08 0.053 0.033 0.084 0.055 0.056 0.096 0.11 0.085 0.081 0.091;
0.026 0.05 0.052 0.049 0.092 0.066 0.05 0.081 0.047 0.06 0.08 0.074 0.082 0.114 0.077;0.026 0.05 0.066 0.05 0.081 0.052 0.049 0.092 0.047 0.06 0.08 0.074 0.114 0.082 0.077;0.026 0.066 0.052 0.047 0.074 0.05 0.05 0.081 0.049 0.06 0.114 0.092 0.082 0.08 0.077;
0.039 0.054 0.072 0.049 0.093 0.054 0.043 0.086 0.047 0.059 0.081 0.078 0.092 0.098 0.055;0.039 0.054 0.054 0.043 0.086 0.072 0.049 0.093 0.047 0.059 0.081 0.078 0.098 0.092 0.055;0.039 0.054 0.072 0.047 0.078 0.054 0.043 0.086 0.049 0.059 0.098 0.093 0.092 0.081 0.055;
0.033 0.05 0.057 0.058 0.095 0.049 0.043 0.093 0.049 0.062 0.07 0.084 0.078 0.11 0.069;0.033 0.05 0.049 0.043 0.093 0.057 0.058 0.095 0.049 0.062 0.07 0.084 0.11 0.078 0.069;0.033 0.049 0.057 0.049 0.084 0.05 0.043 0.093 0.058 0.062 0.11 0.095 0.078 0.07 0.069;
0.039 0.054 0.062 0.06 0.084 0.062 0.039 0.073 0.032 0.051 0.087 0.095 0.082 0.099 0.081;0.039 0.054 0.062 0.039 0.073 0.062 0.06 0.084 0.032 0.051 0.087 0.095 0.099 0.082 0.081;0.039 0.062 0.062 0.032 0.095 0.054 0.039 0.073 0.06 0.051 0.099 0.084 0.082 0.087 0.081;
0.028 0.068 0.06 0.048 0.1 0.048 0.055 0.088 0.043 0.063 0.074 0.068 0.087 0.102 0.068;0.028 0.068 0.048 0.055 0.088 0.06 0.048 0.1 0.043 0.063 0.074 0.068 0.102 0.087 0.068;0.028 0.048 0.06 0.043 0.068 0.068 0.055 0.088 0.048 0.063 0.102 0.1 0.087 0.074 0.068;
0.029 0.052 0.046 0.064 0.083 0.056 0.041 0.092 0.055 0.06 0.07 0.096 0.074 0.099 0.083;0.029 0.052 0.056 0.041 0.092 0.046 0.064 0.083 0.055 0.06 0.07 0.096 0.099 0.074 0.083;0.029 0.056 0.046 0.055 0.096 0.052 0.041 0.092 0.064 0.06 0.099 0.083 0.074 0.07 0.083;
0.031 0.059 0.053 0.061 0.094 0.057 0.036 0.078 0.045 0.058 0.089 0.084 0.085 0.086 0.084;0.031 0.059 0.057 0.036 0.078 0.053 0.061 0.094 0.045 0.058 0.089 0.084 0.086 0.085 0.084;0.031 0.057 0.053 0.045 0.084 0.059 0.036 0.078 0.061 0.058 0.086 0.094 0.085 0.089 0.084;
0.025 0.057 0.068 0.07 0.083 0.062 0.042 0.091 0.045 0.063 0.065 0.08 0.093 0.088 0.068;0.025 0.057 0.062 0.042 0.091 0.068 0.07 0.083 0.045 0.063 0.065 0.08 0.088 0.093 0.068;0.025 0.062 0.068 0.045 0.08 0.057 0.042 0.091 0.07 0.063 0.088 0.083 0.093 0.065 0.068;
0.025 0.059 0.062 0.053 0.108 0.045 0.043 0.09 0.053 0.061 0.07 0.083 0.084 0.093 0.071;0.025 0.059 0.045 0.043 0.09 0.062 0.053 0.108 0.053 0.061 0.07 0.083 0.093 0.084 0.071;0.025 0.045 0.062 0.053 0.083 0.059 0.043 0.09 0.053 0.061 0.093 0.108 0.084 0.07 0.071;
0.027 0.052 0.055 0.053 0.114 0.06 0.034 0.093 0.037 0.058 0.066 0.092 0.064 0.107 0.088;0.027 0.052 0.06 0.034 0.093 0.055 0.053 0.114 0.037 0.058 0.066 0.092 0.107 0.064 0.088;0.027 0.06 0.055 0.037 0.092 0.052 0.034 0.093 0.053 0.058 0.107 0.114 0.064 0.066 0.088;
0.032 0.055 0.062 0.056 0.095 0.065 0.052 0.089 0.046 0.055 0.083 0.079 0.085 0.082 0.064;0.032 0.055 0.065 0.052 0.089 0.062 0.056 0.095 0.046 0.055 0.083 0.079 0.082 0.085 0.064;0.032 0.065 0.062 0.046 0.079 0.055 0.052 0.089 0.056 0.055 0.082 0.095 0.085 0.083 0.064;
0.027 0.059 0.055 0.069 0.098 0.067 0.055 0.065 0.043 0.05 0.087 0.088 0.07 0.096 0.071;0.027 0.059 0.067 0.055 0.065 0.055 0.069 0.098 0.043 0.05 0.087 0.088 0.096 0.07 0.071;0.027 0.067 0.055 0.043 0.088 0.059 0.055 0.065 0.069 0.05 0.096 0.098 0.07 0.087 0.071;
0.025 0.064 0.05 0.074 0.111 0.05 0.039 0.072 0.048 0.052 0.079 0.074 0.092 0.097 0.073;0.025 0.064 0.05 0.039 0.072 0.05 0.074 0.111 0.048 0.052 0.079 0.074 0.097 0.092 0.073;0.025 0.05 0.05 0.048 0.074 0.064 0.039 0.072 0.074 0.052 0.097 0.111 0.092 0.079 0.073;
0.024 0.055 0.067 0.057 0.098 0.054 0.047 0.076 0.044 0.049 0.076 0.092 0.084 0.106 0.071;0.024 0.055 0.054 0.047 0.076 0.067 0.057 0.098 0.044 0.049 0.076 0.092 0.106 0.084 0.071;0.024 0.054 0.067 0.044 0.092 0.055 0.047 0.076 0.057 0.049 0.106 0.098 0.084 0.076 0.071;
0.025 0.056 0.055 0.07 0.093 0.047 0.035 0.075 0.055 0.067 0.07 0.082 0.078 0.113 0.079;0.025 0.056 0.047 0.035 0.075 0.055 0.07 0.093 0.055 0.067 0.07 0.082 0.113 0.078 0.079;0.025 0.047 0.055 0.055 0.082 0.056 0.035 0.075 0.07 0.067 0.113 0.093 0.078 0.07 0.079;
0.028 0.053 0.055 0.076 0.108 0.063 0.041 0.07 0.038 0.048 0.083 0.07 0.083 0.108 0.076;0.028 0.053 0.063 0.041 0.07 0.055 0.076 0.108 0.038 0.048 0.083 0.07 0.108 0.083 0.076;0.028 0.063 0.055 0.038 0.07 0.053 0.041 0.07 0.076 0.048 0.108 0.108 0.083 0.083 0.076;
0.032 0.05 0.065 0.075 0.097 0.053 0.05 0.064 0.046 0.058 0.078 0.073 0.078 0.112 0.069;0.032 0.05 0.053 0.05 0.064 0.065 0.075 0.097 0.046 0.058 0.078 0.073 0.112 0.078 0.069;0.032 0.053 0.065 0.046 0.073 0.05 0.05 0.064 0.075 0.058 0.112 0.097 0.078 0.078 0.069;
0.029 0.055 0.068 0.053 0.096 0.056 0.039 0.065 0.048 0.075 0.082 0.085 0.082 0.079 0.088;0.029 0.055 0.056 0.039 0.065 0.068 0.053 0.096 0.048 0.075 0.082 0.085 0.079 0.082 0.088;0.029 0.056 0.068 0.048 0.085 0.055 0.039 0.065 0.053 0.075 0.079 0.096 0.082 0.082 0.088;
0.028 0.039 0.056 0.053 0.105 0.063 0.043 0.073 0.034 0.056 0.094 0.088 0.078 0.098 0.092;0.028 0.039 0.063 0.043 0.073 0.056 0.053 0.105 0.034 0.056 0.094 0.088 0.098 0.078 0.092;0.028 0.063 0.056 0.034 0.088 0.039 0.043 0.073 0.053 0.056 0.098 0.105 0.078 0.094 0.092;
0.028 0.052 0.071 0.071 0.095 0.054 0.046 0.098 0.035 0.054 0.075 0.09 0.079 0.092 0.06;0.028 0.052 0.054 0.046 0.098 0.071 0.071 0.095 0.035 0.054 0.075 0.09 0.092 0.079 0.06;0.028 0.054 0.071 0.035 0.09 0.052 0.046 0.098 0.071 0.054 0.092 0.095 0.079 0.075 0.06;
0.027 0.061 0.06 0.068 0.103 0.053 0.037 0.063 0.038 0.052 0.091 0.07 0.08 0.123 0.074;0.027 0.061 0.053 0.037 0.063 0.06 0.068 0.103 0.038 0.052 0.091 0.07 0.123 0.08 0.074;0.027 0.053 0.06 0.038 0.07 0.061 0.037 0.063 0.068 0.052 0.123 0.103 0.08 0.091 0.074;
0.034 0.066 0.057 0.06 0.083 0.06 0.046 0.071 0.043 0.071 0.077 0.074 0.076 0.111 0.071;0.034 0.066 0.06 0.046 0.071 0.057 0.06 0.083 0.043 0.071 0.077 0.074 0.111 0.076 0.071;0.034 0.06 0.057 0.043 0.074 0.066 0.046 0.071 0.06 0.071 0.111 0.083 0.076 0.077 0.071;
0.025 0.063 0.05 0.069 0.1 0.054 0.047 0.072 0.05 0.051 0.092 0.09 0.071 0.086 0.08;0.025 0.063 0.054 0.047 0.072 0.05 0.069 0.1 0.05 0.051 0.092 0.09 0.086 0.071 0.08;0.025 0.054 0.05 0.05 0.09 0.063 0.047 0.072 0.069 0.051 0.086 0.1 0.071 0.092 0.08];