pntP=[0.118 0.015 0.186 0.02 0.027 0.018 0.093 0.021 0.015 0.191 0.026 0.022 0.193 0.037 0.018;0.118 0.015 0.018 0.093 0.021 0.186 0.02 0.027 0.015 0.191 0.026 0.022 0.037 0.193 0.018;0.118 0.018 0.186 0.015 0.022 0.015 0.093 0.021 0.02 0.191 0.037 0.027 0.193 0.026 0.018;
0.115 0.019 0.206 0.024 0.034 0.032 0.085 0.013 0.015 0.171 0.023 0.026 0.19 0.032 0.015;0.115 0.019 0.032 0.085 0.013 0.206 0.024 0.034 0.015 0.171 0.023 0.026 0.032 0.19 0.015;0.115 0.032 0.206 0.015 0.026 0.019 0.085 0.013 0.024 0.171 0.032 0.034 0.19 0.023 0.015;
0.145 0.019 0.181 0.024 0.028 0.019 0.095 0.027 0.014 0.18 0.024 0.019 0.175 0.026 0.024;0.145 0.019 0.019 0.095 0.027 0.181 0.024 0.028 0.014 0.18 0.024 0.019 0.026 0.175 0.024;0.145 0.019 0.181 0.014 0.019 0.019 0.095 0.027 0.024 0.18 0.026 0.028 0.175 0.024 0.024;
0.14 0.017 0.19 0.02 0.032 0.023 0.09 0.019 0.015 0.199 0.025 0.022 0.17 0.024 0.014;0.14 0.017 0.023 0.09 0.019 0.19 0.02 0.032 0.015 0.199 0.025 0.022 0.024 0.17 0.014;0.14 0.023 0.19 0.015 0.022 0.017 0.09 0.019 0.02 0.199 0.024 0.032 0.17 0.025 0.014;
0.115 0.024 0.173 0.027 0.018 0.02 0.084 0.016 0.019 0.194 0.024 0.029 0.194 0.046 0.017;0.115 0.024 0.02 0.084 0.016 0.173 0.027 0.018 0.019 0.194 0.024 0.029 0.046 0.194 0.017;0.115 0.02 0.173 0.019 0.029 0.024 0.084 0.016 0.027 0.194 0.046 0.018 0.194 0.024 0.017;
0.124 0.022 0.199 0.026 0.032 0.022 0.089 0.021 0.019 0.165 0.028 0.03 0.174 0.035 0.014;0.124 0.022 0.022 0.089 0.021 0.199 0.026 0.032 0.019 0.165 0.028 0.03 0.035 0.174 0.014;0.124 0.022 0.199 0.019 0.03 0.022 0.089 0.021 0.026 0.165 0.035 0.032 0.174 0.028 0.014;
0.104 0.018 0.18 0.023 0.024 0.02 0.093 0.021 0.009 0.209 0.028 0.034 0.191 0.032 0.014;0.104 0.018 0.02 0.093 0.021 0.18 0.023 0.024 0.009 0.209 0.028 0.034 0.032 0.191 0.014;0.104 0.02 0.18 0.009 0.034 0.018 0.093 0.021 0.023 0.209 0.032 0.024 0.191 0.028 0.014;
0.121 0.025 0.175 0.035 0.033 0.026 0.105 0.02 0.01 0.198 0.022 0.023 0.16 0.035 0.012;0.121 0.025 0.026 0.105 0.02 0.175 0.035 0.033 0.01 0.198 0.022 0.023 0.035 0.16 0.012;0.121 0.026 0.175 0.01 0.023 0.025 0.105 0.02 0.035 0.198 0.035 0.033 0.16 0.022 0.012;
0.13 0.026 0.173 0.033 0.043 0.02 0.094 0.019 0.018 0.172 0.028 0.024 0.159 0.032 0.029;0.13 0.026 0.02 0.094 0.019 0.173 0.033 0.043 0.018 0.172 0.028 0.024 0.032 0.159 0.029;0.13 0.02 0.173 0.018 0.024 0.026 0.094 0.019 0.033 0.172 0.032 0.043 0.159 0.028 0.029;
0.129 0.019 0.187 0.027 0.026 0.027 0.077 0.027 0.011 0.201 0.025 0.019 0.176 0.027 0.022;0.129 0.019 0.027 0.077 0.027 0.187 0.027 0.026 0.011 0.201 0.025 0.019 0.027 0.176 0.022;0.129 0.027 0.187 0.011 0.019 0.019 0.077 0.027 0.027 0.201 0.027 0.026 0.176 0.025 0.022;
0.134 0.022 0.172 0.025 0.024 0.023 0.09 0.018 0.02 0.212 0.014 0.022 0.182 0.027 0.015;0.134 0.022 0.023 0.09 0.018 0.172 0.025 0.024 0.02 0.212 0.014 0.022 0.027 0.182 0.015;0.134 0.023 0.172 0.02 0.022 0.022 0.09 0.018 0.025 0.212 0.027 0.024 0.182 0.014 0.015;
0.114 0.014 0.187 0.024 0.036 0.019 0.092 0.016 0.016 0.205 0.019 0.017 0.193 0.03 0.018;0.114 0.014 0.019 0.092 0.016 0.187 0.024 0.036 0.016 0.205 0.019 0.017 0.03 0.193 0.018;0.114 0.019 0.187 0.016 0.017 0.014 0.092 0.016 0.024 0.205 0.03 0.036 0.193 0.019 0.018;
0.114 0.019 0.2 0.02 0.039 0.024 0.083 0.017 0.012 0.169 0.023 0.017 0.195 0.041 0.027;0.114 0.019 0.024 0.083 0.017 0.2 0.02 0.039 0.012 0.169 0.023 0.017 0.041 0.195 0.027;0.114 0.024 0.2 0.012 0.017 0.019 0.083 0.017 0.02 0.169 0.041 0.039 0.195 0.023 0.027;
0.121 0.018 0.192 0.02 0.02 0.02 0.096 0.013 0.015 0.188 0.028 0.028 0.187 0.038 0.016;0.121 0.018 0.02 0.096 0.013 0.192 0.02 0.02 0.015 0.188 0.028 0.028 0.038 0.187 0.016;0.121 0.02 0.192 0.015 0.028 0.018 0.096 0.013 0.02 0.188 0.038 0.02 0.187 0.028 0.016;
0.121 0.021 0.169 0.027 0.027 0.024 0.079 0.022 0.016 0.183 0.021 0.025 0.194 0.043 0.028;0.121 0.021 0.024 0.079 0.022 0.169 0.027 0.027 0.016 0.183 0.021 0.025 0.043 0.194 0.028;0.121 0.024 0.169 0.016 0.025 0.021 0.079 0.022 0.027 0.183 0.043 0.027 0.194 0.021 0.028;
0.133 0.025 0.167 0.017 0.034 0.022 0.096 0.017 0.01 0.215 0.02 0.027 0.169 0.03 0.018;0.133 0.025 0.022 0.096 0.017 0.167 0.017 0.034 0.01 0.215 0.02 0.027 0.03 0.169 0.018;0.133 0.022 0.167 0.01 0.027 0.025 0.096 0.017 0.017 0.215 0.03 0.034 0.169 0.02 0.018;
0.121 0.022 0.2 0.026 0.032 0.018 0.073 0.02 0.009 0.188 0.025 0.028 0.188 0.03 0.02;0.121 0.022 0.018 0.073 0.02 0.2 0.026 0.032 0.009 0.188 0.025 0.028 0.03 0.188 0.02;0.121 0.018 0.2 0.009 0.028 0.022 0.073 0.02 0.026 0.188 0.03 0.032 0.188 0.025 0.02;
0.125 0.023 0.181 0.031 0.02 0.018 0.084 0.023 0.014 0.204 0.026 0.015 0.191 0.025 0.02;0.125 0.023 0.018 0.084 0.023 0.181 0.031 0.02 0.014 0.204 0.026 0.015 0.025 0.191 0.02;0.125 0.018 0.181 0.014 0.015 0.023 0.084 0.023 0.031 0.204 0.025 0.02 0.191 0.026 0.02;
0.131 0.018 0.203 0.026 0.043 0.025 0.098 0.011 0.013 0.157 0.028 0.021 0.185 0.018 0.023;0.131 0.018 0.025 0.098 0.011 0.203 0.026 0.043 0.013 0.157 0.028 0.021 0.018 0.185 0.023;0.131 0.025 0.203 0.013 0.021 0.018 0.098 0.011 0.026 0.157 0.018 0.043 0.185 0.028 0.023;
0.109 0.028 0.186 0.023 0.031 0.02 0.097 0.026 0.012 0.182 0.017 0.014 0.203 0.027 0.025;0.109 0.028 0.02 0.097 0.026 0.186 0.023 0.031 0.012 0.182 0.017 0.014 0.027 0.203 0.025;0.109 0.02 0.186 0.012 0.014 0.028 0.097 0.026 0.023 0.182 0.027 0.031 0.203 0.017 0.025;
0.107 0.014 0.187 0.032 0.036 0.017 0.095 0.019 0.023 0.182 0.024 0.021 0.18 0.04 0.023;0.107 0.014 0.017 0.095 0.019 0.187 0.032 0.036 0.023 0.182 0.024 0.021 0.04 0.18 0.023;0.107 0.017 0.187 0.023 0.021 0.014 0.095 0.019 0.032 0.182 0.04 0.036 0.18 0.024 0.023;
0.14 0.022 0.17 0.019 0.034 0.021 0.102 0.013 0.01 0.206 0.018 0.028 0.179 0.027 0.011;0.14 0.022 0.021 0.102 0.013 0.17 0.019 0.034 0.01 0.206 0.018 0.028 0.027 0.179 0.011;0.14 0.021 0.17 0.01 0.028 0.022 0.102 0.013 0.019 0.206 0.027 0.034 0.179 0.018 0.011;
0.131 0.023 0.208 0.025 0.028 0.018 0.071 0.019 0.013 0.197 0.03 0.015 0.182 0.025 0.015;0.131 0.023 0.018 0.071 0.019 0.208 0.025 0.028 0.013 0.197 0.03 0.015 0.025 0.182 0.015;0.131 0.018 0.208 0.013 0.015 0.023 0.071 0.019 0.025 0.197 0.025 0.028 0.182 0.03 0.015;
0.134 0.017 0.203 0.027 0.029 0.016 0.1 0.017 0.018 0.165 0.029 0.029 0.167 0.033 0.016;0.134 0.017 0.016 0.1 0.017 0.203 0.027 0.029 0.018 0.165 0.029 0.029 0.033 0.167 0.016;0.134 0.016 0.203 0.018 0.029 0.017 0.1 0.017 0.027 0.165 0.033 0.029 0.167 0.029 0.016;
0.136 0.025 0.184 0.02 0.026 0.021 0.077 0.022 0.012 0.182 0.023 0.025 0.195 0.026 0.026;0.136 0.025 0.021 0.077 0.022 0.184 0.02 0.026 0.012 0.182 0.023 0.025 0.026 0.195 0.026;0.136 0.021 0.184 0.012 0.025 0.025 0.077 0.022 0.02 0.182 0.026 0.026 0.195 0.023 0.026;
0.116 0.017 0.184 0.017 0.028 0.022 0.105 0.015 0.013 0.192 0.025 0.029 0.187 0.026 0.024;0.116 0.017 0.022 0.105 0.015 0.184 0.017 0.028 0.013 0.192 0.025 0.029 0.026 0.187 0.024;0.116 0.022 0.184 0.013 0.029 0.017 0.105 0.015 0.017 0.192 0.026 0.028 0.187 0.025 0.024;
0.118 0.023 0.199 0.022 0.026 0.021 0.086 0.025 0.018 0.19 0.015 0.017 0.186 0.029 0.025;0.118 0.023 0.021 0.086 0.025 0.199 0.022 0.026 0.018 0.19 0.015 0.017 0.029 0.186 0.025;0.118 0.021 0.199 0.018 0.017 0.023 0.086 0.025 0.022 0.19 0.029 0.026 0.186 0.015 0.025;
0.149 0.023 0.197 0.03 0.023 0.022 0.072 0.017 0.009 0.176 0.019 0.025 0.187 0.032 0.019;0.149 0.023 0.022 0.072 0.017 0.197 0.03 0.023 0.009 0.176 0.019 0.025 0.032 0.187 0.019;0.149 0.022 0.197 0.009 0.025 0.023 0.072 0.017 0.03 0.176 0.032 0.023 0.187 0.019 0.019;
0.134 0.021 0.186 0.019 0.032 0.026 0.081 0.02 0.013 0.196 0.027 0.029 0.176 0.024 0.016;0.134 0.021 0.026 0.081 0.02 0.186 0.019 0.032 0.013 0.196 0.027 0.029 0.024 0.176 0.016;0.134 0.026 0.186 0.013 0.029 0.021 0.081 0.02 0.019 0.196 0.024 0.032 0.176 0.027 0.016;
0.125 0.025 0.188 0.029 0.037 0.02 0.088 0.015 0.013 0.182 0.026 0.021 0.183 0.024 0.024;0.125 0.025 0.02 0.088 0.015 0.188 0.029 0.037 0.013 0.182 0.026 0.021 0.024 0.183 0.024;0.125 0.02 0.188 0.013 0.021 0.025 0.088 0.015 0.029 0.182 0.024 0.037 0.183 0.026 0.024;
0.13 0.025 0.17 0.025 0.027 0.022 0.079 0.02 0.014 0.194 0.025 0.027 0.191 0.03 0.021;0.13 0.025 0.022 0.079 0.02 0.17 0.025 0.027 0.014 0.194 0.025 0.027 0.03 0.191 0.021;0.13 0.022 0.17 0.014 0.027 0.025 0.079 0.02 0.025 0.194 0.03 0.027 0.191 0.025 0.021;
0.125 0.023 0.175 0.02 0.034 0.02 0.086 0.015 0.012 0.181 0.034 0.026 0.203 0.028 0.018;0.125 0.023 0.02 0.086 0.015 0.175 0.02 0.034 0.012 0.181 0.034 0.026 0.028 0.203 0.018;0.125 0.02 0.175 0.012 0.026 0.023 0.086 0.015 0.02 0.181 0.028 0.034 0.203 0.034 0.018;
0.126 0.019 0.18 0.024 0.024 0.017 0.085 0.015 0.019 0.195 0.022 0.023 0.206 0.026 0.019;0.126 0.019 0.017 0.085 0.015 0.18 0.024 0.024 0.019 0.195 0.022 0.023 0.026 0.206 0.019;0.126 0.017 0.18 0.019 0.023 0.019 0.085 0.015 0.024 0.195 0.026 0.024 0.206 0.022 0.019;
0.129 0.023 0.183 0.024 0.024 0.021 0.094 0.011 0.016 0.199 0.025 0.027 0.172 0.037 0.015;0.129 0.023 0.021 0.094 0.011 0.183 0.024 0.024 0.016 0.199 0.025 0.027 0.037 0.172 0.015;0.129 0.021 0.183 0.016 0.027 0.023 0.094 0.011 0.024 0.199 0.037 0.024 0.172 0.025 0.015;
0.118 0.022 0.208 0.023 0.033 0.017 0.088 0.018 0.006 0.177 0.025 0.032 0.187 0.035 0.011;0.118 0.022 0.017 0.088 0.018 0.208 0.023 0.033 0.006 0.177 0.025 0.032 0.035 0.187 0.011;0.118 0.017 0.208 0.006 0.032 0.022 0.088 0.018 0.023 0.177 0.035 0.033 0.187 0.025 0.011;
0.116 0.017 0.18 0.022 0.031 0.017 0.089 0.016 0.019 0.203 0.037 0.025 0.18 0.031 0.017;0.116 0.017 0.017 0.089 0.016 0.18 0.022 0.031 0.019 0.203 0.037 0.025 0.031 0.18 0.017;0.116 0.017 0.18 0.019 0.025 0.017 0.089 0.016 0.022 0.203 0.031 0.031 0.18 0.037 0.017;
0.109 0.021 0.186 0.032 0.026 0.019 0.093 0.014 0.021 0.193 0.026 0.023 0.188 0.031 0.018;0.109 0.021 0.019 0.093 0.014 0.186 0.032 0.026 0.021 0.193 0.026 0.023 0.031 0.188 0.018;0.109 0.019 0.186 0.021 0.023 0.021 0.093 0.014 0.032 0.193 0.031 0.026 0.188 0.026 0.018;
0.128 0.019 0.191 0.03 0.033 0.021 0.085 0.017 0.016 0.169 0.024 0.027 0.195 0.031 0.014;0.128 0.019 0.021 0.085 0.017 0.191 0.03 0.033 0.016 0.169 0.024 0.027 0.031 0.195 0.014;0.128 0.021 0.191 0.016 0.027 0.019 0.085 0.017 0.03 0.169 0.031 0.033 0.195 0.024 0.014;
0.15 0.024 0.181 0.019 0.031 0.019 0.077 0.028 0.014 0.183 0.017 0.023 0.178 0.035 0.021;0.15 0.024 0.019 0.077 0.028 0.181 0.019 0.031 0.014 0.183 0.017 0.023 0.035 0.178 0.021;0.15 0.019 0.181 0.014 0.023 0.024 0.077 0.028 0.019 0.183 0.035 0.031 0.178 0.017 0.021;
0.132 0.009 0.166 0.024 0.038 0.024 0.092 0.019 0.01 0.181 0.034 0.032 0.187 0.029 0.023;0.132 0.009 0.024 0.092 0.019 0.166 0.024 0.038 0.01 0.181 0.034 0.032 0.029 0.187 0.023;0.132 0.024 0.166 0.01 0.032 0.009 0.092 0.019 0.024 0.181 0.029 0.038 0.187 0.034 0.023;
0.126 0.03 0.179 0.016 0.031 0.017 0.093 0.024 0.017 0.184 0.028 0.022 0.183 0.031 0.019;0.126 0.03 0.017 0.093 0.024 0.179 0.016 0.031 0.017 0.184 0.028 0.022 0.031 0.183 0.019;0.126 0.017 0.179 0.017 0.022 0.03 0.093 0.024 0.016 0.184 0.031 0.031 0.183 0.028 0.019;
0.129 0.023 0.173 0.025 0.028 0.018 0.094 0.02 0.01 0.199 0.023 0.027 0.191 0.025 0.015;0.129 0.023 0.018 0.094 0.02 0.173 0.025 0.028 0.01 0.199 0.023 0.027 0.025 0.191 0.015;0.129 0.018 0.173 0.01 0.027 0.023 0.094 0.02 0.025 0.199 0.025 0.028 0.191 0.023 0.015;
0.122 0.015 0.176 0.017 0.029 0.031 0.09 0.019 0.019 0.184 0.034 0.028 0.193 0.032 0.011;0.122 0.015 0.031 0.09 0.019 0.176 0.017 0.029 0.019 0.184 0.034 0.028 0.032 0.193 0.011;0.122 0.031 0.176 0.019 0.028 0.015 0.09 0.019 0.017 0.184 0.032 0.029 0.193 0.034 0.011;
0.12 0.025 0.19 0.027 0.029 0.023 0.091 0.01 0.01 0.193 0.03 0.029 0.171 0.034 0.018;0.12 0.025 0.023 0.091 0.01 0.19 0.027 0.029 0.01 0.193 0.03 0.029 0.034 0.171 0.018;0.12 0.023 0.19 0.01 0.029 0.025 0.091 0.01 0.027 0.193 0.034 0.029 0.171 0.03 0.018;
0.137 0.014 0.177 0.017 0.02 0.016 0.088 0.01 0.015 0.209 0.021 0.029 0.194 0.024 0.029;0.137 0.014 0.016 0.088 0.01 0.177 0.017 0.02 0.015 0.209 0.021 0.029 0.024 0.194 0.029;0.137 0.016 0.177 0.015 0.029 0.014 0.088 0.01 0.017 0.209 0.024 0.02 0.194 0.021 0.029;
0.126 0.019 0.201 0.023 0.026 0.016 0.091 0.012 0.025 0.194 0.024 0.022 0.172 0.033 0.016;0.126 0.019 0.016 0.091 0.012 0.201 0.023 0.026 0.025 0.194 0.024 0.022 0.033 0.172 0.016;0.126 0.016 0.201 0.025 0.022 0.019 0.091 0.012 0.023 0.194 0.033 0.026 0.172 0.024 0.016;
0.13 0.023 0.182 0.026 0.034 0.021 0.098 0.017 0.019 0.176 0.021 0.032 0.17 0.032 0.019;0.13 0.023 0.021 0.098 0.017 0.182 0.026 0.034 0.019 0.176 0.021 0.032 0.032 0.17 0.019;0.13 0.021 0.182 0.019 0.032 0.023 0.098 0.017 0.026 0.176 0.032 0.034 0.17 0.021 0.019;
0.122 0.028 0.187 0.027 0.035 0.027 0.09 0.015 0.009 0.19 0.022 0.016 0.189 0.033 0.01;0.122 0.028 0.027 0.09 0.015 0.187 0.027 0.035 0.009 0.19 0.022 0.016 0.033 0.189 0.01;0.122 0.027 0.187 0.009 0.016 0.028 0.09 0.015 0.027 0.19 0.033 0.035 0.189 0.022 0.01;
0.116 0.023 0.172 0.03 0.025 0.02 0.087 0.01 0.016 0.214 0.022 0.024 0.197 0.031 0.013;0.116 0.023 0.02 0.087 0.01 0.172 0.03 0.025 0.016 0.214 0.022 0.024 0.031 0.197 0.013;0.116 0.02 0.172 0.016 0.024 0.023 0.087 0.01 0.03 0.214 0.031 0.025 0.197 0.022 0.013;
0.119 0.033 0.151 0.025 0.035 0.029 0.111 0.021 0.013 0.174 0.025 0.022 0.197 0.031 0.014;0.119 0.033 0.029 0.111 0.021 0.151 0.025 0.035 0.013 0.174 0.025 0.022 0.031 0.197 0.014;0.119 0.029 0.151 0.013 0.022 0.033 0.111 0.021 0.025 0.174 0.031 0.035 0.197 0.025 0.014;
0.128 0.015 0.198 0.025 0.027 0.021 0.098 0.009 0.011 0.184 0.023 0.022 0.192 0.02 0.027;0.128 0.015 0.021 0.098 0.009 0.198 0.025 0.027 0.011 0.184 0.023 0.022 0.02 0.192 0.027;0.128 0.021 0.198 0.011 0.022 0.015 0.098 0.009 0.025 0.184 0.02 0.027 0.192 0.023 0.027;
0.13 0.018 0.196 0.029 0.029 0.017 0.091 0.011 0.009 0.194 0.018 0.023 0.185 0.027 0.023;0.13 0.018 0.017 0.091 0.011 0.196 0.029 0.029 0.009 0.194 0.018 0.023 0.027 0.185 0.023;0.13 0.017 0.196 0.009 0.023 0.018 0.091 0.011 0.029 0.194 0.027 0.029 0.185 0.018 0.023;
0.111 0.022 0.194 0.024 0.032 0.015 0.107 0.019 0.017 0.201 0.023 0.024 0.164 0.031 0.016;0.111 0.022 0.015 0.107 0.019 0.194 0.024 0.032 0.017 0.201 0.023 0.024 0.031 0.164 0.016;0.111 0.015 0.194 0.017 0.024 0.022 0.107 0.019 0.024 0.201 0.031 0.032 0.164 0.023 0.016;
0.142 0.029 0.197 0.028 0.034 0.021 0.087 0.017 0.019 0.167 0.024 0.013 0.174 0.026 0.022;0.142 0.029 0.021 0.087 0.017 0.197 0.028 0.034 0.019 0.167 0.024 0.013 0.026 0.174 0.022;0.142 0.021 0.197 0.019 0.013 0.029 0.087 0.017 0.028 0.167 0.026 0.034 0.174 0.024 0.022;
0.114 0.009 0.181 0.021 0.033 0.02 0.095 0.025 0.014 0.203 0.028 0.025 0.178 0.034 0.02;0.114 0.009 0.02 0.095 0.025 0.181 0.021 0.033 0.014 0.203 0.028 0.025 0.034 0.178 0.02;0.114 0.02 0.181 0.014 0.025 0.009 0.095 0.025 0.021 0.203 0.034 0.033 0.178 0.028 0.02;
0.12 0.031 0.189 0.023 0.032 0.026 0.091 0.017 0.017 0.179 0.024 0.025 0.173 0.035 0.018;0.12 0.031 0.026 0.091 0.017 0.189 0.023 0.032 0.017 0.179 0.024 0.025 0.035 0.173 0.018;0.12 0.026 0.189 0.017 0.025 0.031 0.091 0.017 0.023 0.179 0.035 0.032 0.173 0.024 0.018;
0.114 0.025 0.208 0.026 0.028 0.015 0.098 0.023 0.017 0.204 0.018 0.02 0.164 0.023 0.017;0.114 0.025 0.015 0.098 0.023 0.208 0.026 0.028 0.017 0.204 0.018 0.02 0.023 0.164 0.017;0.114 0.015 0.208 0.017 0.02 0.025 0.098 0.023 0.026 0.204 0.023 0.028 0.164 0.018 0.017;
0.125 0.017 0.192 0.023 0.036 0.025 0.1 0.014 0.012 0.187 0.018 0.019 0.189 0.023 0.02;0.125 0.017 0.025 0.1 0.014 0.192 0.023 0.036 0.012 0.187 0.018 0.019 0.023 0.189 0.02;0.125 0.025 0.192 0.012 0.019 0.017 0.1 0.014 0.023 0.187 0.023 0.036 0.189 0.018 0.02;
0.132 0.019 0.187 0.024 0.027 0.026 0.091 0.012 0.01 0.193 0.031 0.022 0.177 0.03 0.019;0.132 0.019 0.026 0.091 0.012 0.187 0.024 0.027 0.01 0.193 0.031 0.022 0.03 0.177 0.019;0.132 0.026 0.187 0.01 0.022 0.019 0.091 0.012 0.024 0.193 0.03 0.027 0.177 0.031 0.019;
0.107 0.029 0.186 0.016 0.026 0.022 0.09 0.019 0.008 0.196 0.03 0.031 0.191 0.027 0.022;0.107 0.029 0.022 0.09 0.019 0.186 0.016 0.026 0.008 0.196 0.03 0.031 0.027 0.191 0.022;0.107 0.022 0.186 0.008 0.031 0.029 0.09 0.019 0.016 0.196 0.027 0.026 0.191 0.03 0.022;
0.121 0.018 0.195 0.017 0.026 0.014 0.091 0.023 0.015 0.182 0.026 0.026 0.2 0.03 0.016;0.121 0.018 0.014 0.091 0.023 0.195 0.017 0.026 0.015 0.182 0.026 0.026 0.03 0.2 0.016;0.121 0.014 0.195 0.015 0.026 0.018 0.091 0.023 0.017 0.182 0.03 0.026 0.2 0.026 0.016;
0.119 0.019 0.185 0.022 0.034 0.02 0.094 0.016 0.014 0.186 0.018 0.026 0.205 0.024 0.018;0.119 0.019 0.02 0.094 0.016 0.185 0.022 0.034 0.014 0.186 0.018 0.026 0.024 0.205 0.018;0.119 0.02 0.185 0.014 0.026 0.019 0.094 0.016 0.022 0.186 0.024 0.034 0.205 0.018 0.018;
0.128 0.009 0.203 0.022 0.041 0.02 0.086 0.019 0.006 0.196 0.026 0.029 0.166 0.031 0.018;0.128 0.009 0.02 0.086 0.019 0.203 0.022 0.041 0.006 0.196 0.026 0.029 0.031 0.166 0.018;0.128 0.02 0.203 0.006 0.029 0.009 0.086 0.019 0.022 0.196 0.031 0.041 0.166 0.026 0.018;
0.119 0.02 0.214 0.032 0.029 0.019 0.087 0.018 0.015 0.197 0.023 0.02 0.161 0.03 0.016;0.119 0.02 0.019 0.087 0.018 0.214 0.032 0.029 0.015 0.197 0.023 0.02 0.03 0.161 0.016;0.119 0.019 0.214 0.015 0.02 0.02 0.087 0.018 0.032 0.197 0.03 0.029 0.161 0.023 0.016;
0.126 0.023 0.198 0.016 0.037 0.019 0.094 0.015 0.013 0.188 0.019 0.024 0.185 0.029 0.014;0.126 0.023 0.019 0.094 0.015 0.198 0.016 0.037 0.013 0.188 0.019 0.024 0.029 0.185 0.014;0.126 0.019 0.198 0.013 0.024 0.023 0.094 0.015 0.016 0.188 0.029 0.037 0.185 0.019 0.014;
0.117 0.017 0.202 0.032 0.025 0.034 0.092 0.02 0.015 0.189 0.024 0.015 0.177 0.023 0.018;0.117 0.017 0.034 0.092 0.02 0.202 0.032 0.025 0.015 0.189 0.024 0.015 0.023 0.177 0.018;0.117 0.034 0.202 0.015 0.015 0.017 0.092 0.02 0.032 0.189 0.023 0.025 0.177 0.024 0.018;
0.131 0.018 0.197 0.022 0.041 0.016 0.083 0.021 0.014 0.168 0.029 0.016 0.195 0.036 0.013;0.131 0.018 0.016 0.083 0.021 0.197 0.022 0.041 0.014 0.168 0.029 0.016 0.036 0.195 0.013;0.131 0.016 0.197 0.014 0.016 0.018 0.083 0.021 0.022 0.168 0.036 0.041 0.195 0.029 0.013;
0.113 0.019 0.172 0.018 0.042 0.023 0.093 0.01 0.019 0.188 0.025 0.026 0.206 0.035 0.011;0.113 0.019 0.023 0.093 0.01 0.172 0.018 0.042 0.019 0.188 0.025 0.026 0.035 0.206 0.011;0.113 0.023 0.172 0.019 0.026 0.019 0.093 0.01 0.018 0.188 0.035 0.042 0.206 0.025 0.011;
0.103 0.02 0.186 0.022 0.023 0.026 0.085 0.028 0.01 0.201 0.017 0.024 0.198 0.036 0.021;0.103 0.02 0.026 0.085 0.028 0.186 0.022 0.023 0.01 0.201 0.017 0.024 0.036 0.198 0.021;0.103 0.026 0.186 0.01 0.024 0.02 0.085 0.028 0.022 0.201 0.036 0.023 0.198 0.017 0.021;
0.129 0.02 0.18 0.027 0.033 0.026 0.096 0.017 0.014 0.169 0.03 0.025 0.177 0.03 0.027;0.129 0.02 0.026 0.096 0.017 0.18 0.027 0.033 0.014 0.169 0.03 0.025 0.03 0.177 0.027;0.129 0.026 0.18 0.014 0.025 0.02 0.096 0.017 0.027 0.169 0.03 0.033 0.177 0.03 0.027;
0.123 0.029 0.189 0.023 0.039 0.024 0.089 0.016 0.017 0.177 0.033 0.028 0.179 0.022 0.012;0.123 0.029 0.024 0.089 0.016 0.189 0.023 0.039 0.017 0.177 0.033 0.028 0.022 0.179 0.012;0.123 0.024 0.189 0.017 0.028 0.029 0.089 0.016 0.023 0.177 0.022 0.039 0.179 0.033 0.012;
0.139 0.019 0.195 0.016 0.023 0.023 0.102 0.017 0.006 0.169 0.022 0.024 0.19 0.035 0.02;0.139 0.019 0.023 0.102 0.017 0.195 0.016 0.023 0.006 0.169 0.022 0.024 0.035 0.19 0.02;0.139 0.023 0.195 0.006 0.024 0.019 0.102 0.017 0.016 0.169 0.035 0.023 0.19 0.022 0.02;
0.141 0.025 0.177 0.017 0.035 0.029 0.087 0.019 0.02 0.173 0.018 0.018 0.192 0.03 0.019;0.141 0.025 0.029 0.087 0.019 0.177 0.017 0.035 0.02 0.173 0.018 0.018 0.03 0.192 0.019;0.141 0.029 0.177 0.02 0.018 0.025 0.087 0.019 0.017 0.173 0.03 0.035 0.192 0.018 0.019;
0.123 0.022 0.179 0.021 0.036 0.025 0.08 0.015 0.012 0.19 0.026 0.028 0.196 0.03 0.017;0.123 0.022 0.025 0.08 0.015 0.179 0.021 0.036 0.012 0.19 0.026 0.028 0.03 0.196 0.017;0.123 0.025 0.179 0.012 0.028 0.022 0.08 0.015 0.021 0.19 0.03 0.036 0.196 0.026 0.017;
0.137 0.011 0.187 0.018 0.031 0.017 0.086 0.017 0.021 0.181 0.023 0.023 0.186 0.037 0.025;0.137 0.011 0.017 0.086 0.017 0.187 0.018 0.031 0.021 0.181 0.023 0.023 0.037 0.186 0.025;0.137 0.017 0.187 0.021 0.023 0.011 0.086 0.017 0.018 0.181 0.037 0.031 0.186 0.023 0.025;
0.149 0.023 0.175 0.026 0.025 0.019 0.088 0.018 0.013 0.181 0.019 0.022 0.186 0.037 0.019;0.149 0.023 0.019 0.088 0.018 0.175 0.026 0.025 0.013 0.181 0.019 0.022 0.037 0.186 0.019;0.149 0.019 0.175 0.013 0.022 0.023 0.088 0.018 0.026 0.181 0.037 0.025 0.186 0.019 0.019;
0.129 0.024 0.189 0.021 0.031 0.014 0.091 0.019 0.018 0.197 0.032 0.021 0.172 0.026 0.016;0.129 0.024 0.014 0.091 0.019 0.189 0.021 0.031 0.018 0.197 0.032 0.021 0.026 0.172 0.016;0.129 0.014 0.189 0.018 0.021 0.024 0.091 0.019 0.021 0.197 0.026 0.031 0.172 0.032 0.016;
0.133 0.01 0.198 0.023 0.027 0.023 0.087 0.015 0.014 0.189 0.026 0.014 0.19 0.029 0.022;0.133 0.01 0.023 0.087 0.015 0.198 0.023 0.027 0.014 0.189 0.026 0.014 0.029 0.19 0.022;0.133 0.023 0.198 0.014 0.014 0.01 0.087 0.015 0.023 0.189 0.029 0.027 0.19 0.026 0.022;
0.132 0.026 0.184 0.024 0.031 0.018 0.08 0.025 0.014 0.179 0.027 0.021 0.185 0.034 0.02;0.132 0.026 0.018 0.08 0.025 0.184 0.024 0.031 0.014 0.179 0.027 0.021 0.034 0.185 0.02;0.132 0.018 0.184 0.014 0.021 0.026 0.08 0.025 0.024 0.179 0.034 0.031 0.185 0.027 0.02;
0.128 0.02 0.205 0.03 0.031 0.022 0.098 0.023 0.012 0.188 0.024 0.029 0.158 0.018 0.014;0.128 0.02 0.022 0.098 0.023 0.205 0.03 0.031 0.012 0.188 0.024 0.029 0.018 0.158 0.014;0.128 0.022 0.205 0.012 0.029 0.02 0.098 0.023 0.03 0.188 0.018 0.031 0.158 0.024 0.014;
0.115 0.021 0.205 0.014 0.033 0.022 0.092 0.017 0.014 0.196 0.022 0.019 0.185 0.03 0.015;0.115 0.021 0.022 0.092 0.017 0.205 0.014 0.033 0.014 0.196 0.022 0.019 0.03 0.185 0.015;0.115 0.022 0.205 0.014 0.019 0.021 0.092 0.017 0.014 0.196 0.03 0.033 0.185 0.022 0.015;
0.13 0.022 0.19 0.027 0.032 0.022 0.089 0.025 0.012 0.198 0.025 0.028 0.158 0.022 0.02;0.13 0.022 0.022 0.089 0.025 0.19 0.027 0.032 0.012 0.198 0.025 0.028 0.022 0.158 0.02;0.13 0.022 0.19 0.012 0.028 0.022 0.089 0.025 0.027 0.198 0.022 0.032 0.158 0.025 0.02;
0.11 0.018 0.187 0.024 0.033 0.029 0.096 0.015 0.017 0.188 0.021 0.022 0.19 0.034 0.016;0.11 0.018 0.029 0.096 0.015 0.187 0.024 0.033 0.017 0.188 0.021 0.022 0.034 0.19 0.016;0.11 0.029 0.187 0.017 0.022 0.018 0.096 0.015 0.024 0.188 0.034 0.033 0.19 0.021 0.016;
0.15 0.021 0.193 0.028 0.024 0.019 0.083 0.023 0.015 0.179 0.023 0.023 0.173 0.028 0.018;0.15 0.021 0.019 0.083 0.023 0.193 0.028 0.024 0.015 0.179 0.023 0.023 0.028 0.173 0.018;0.15 0.019 0.193 0.015 0.023 0.021 0.083 0.023 0.028 0.179 0.028 0.024 0.173 0.023 0.018;
0.144 0.019 0.187 0.029 0.019 0.021 0.102 0.013 0.016 0.174 0.026 0.014 0.185 0.036 0.015;0.144 0.019 0.021 0.102 0.013 0.187 0.029 0.019 0.016 0.174 0.026 0.014 0.036 0.185 0.015;0.144 0.021 0.187 0.016 0.014 0.019 0.102 0.013 0.029 0.174 0.036 0.019 0.185 0.026 0.015;
0.141 0.02 0.175 0.034 0.027 0.023 0.079 0.02 0.016 0.192 0.02 0.024 0.183 0.033 0.013;0.141 0.02 0.023 0.079 0.02 0.175 0.034 0.027 0.016 0.192 0.02 0.024 0.033 0.183 0.013;0.141 0.023 0.175 0.016 0.024 0.02 0.079 0.02 0.034 0.192 0.033 0.027 0.183 0.02 0.013;
0.148 0.021 0.177 0.024 0.027 0.017 0.082 0.02 0.018 0.193 0.027 0.028 0.175 0.028 0.015;0.148 0.021 0.017 0.082 0.02 0.177 0.024 0.027 0.018 0.193 0.027 0.028 0.028 0.175 0.015;0.148 0.017 0.177 0.018 0.028 0.021 0.082 0.02 0.024 0.193 0.028 0.027 0.175 0.027 0.015;
0.13 0.028 0.186 0.022 0.024 0.018 0.098 0.019 0.014 0.192 0.025 0.024 0.174 0.027 0.019;0.13 0.028 0.018 0.098 0.019 0.186 0.022 0.024 0.014 0.192 0.025 0.024 0.027 0.174 0.019;0.13 0.018 0.186 0.014 0.024 0.028 0.098 0.019 0.022 0.192 0.027 0.024 0.174 0.025 0.019;
0.122 0.022 0.198 0.021 0.021 0.03 0.093 0.018 0.015 0.17 0.03 0.026 0.193 0.027 0.014;0.122 0.022 0.03 0.093 0.018 0.198 0.021 0.021 0.015 0.17 0.03 0.026 0.027 0.193 0.014;0.122 0.03 0.198 0.015 0.026 0.022 0.093 0.018 0.021 0.17 0.027 0.021 0.193 0.03 0.014;
0.121 0.024 0.188 0.026 0.028 0.024 0.105 0.02 0.016 0.171 0.024 0.02 0.187 0.029 0.017;0.121 0.024 0.024 0.105 0.02 0.188 0.026 0.028 0.016 0.171 0.024 0.02 0.029 0.187 0.017;0.121 0.024 0.188 0.016 0.02 0.024 0.105 0.02 0.026 0.171 0.029 0.028 0.187 0.024 0.017;
0.145 0.019 0.173 0.015 0.034 0.025 0.086 0.02 0.015 0.168 0.038 0.032 0.182 0.025 0.023;0.145 0.019 0.025 0.086 0.02 0.173 0.015 0.034 0.015 0.168 0.038 0.032 0.025 0.182 0.023;0.145 0.025 0.173 0.015 0.032 0.019 0.086 0.02 0.015 0.168 0.025 0.034 0.182 0.038 0.023;
0.121 0.026 0.183 0.025 0.026 0.014 0.086 0.019 0.02 0.201 0.025 0.032 0.177 0.03 0.015;0.121 0.026 0.014 0.086 0.019 0.183 0.025 0.026 0.02 0.201 0.025 0.032 0.03 0.177 0.015;0.121 0.014 0.183 0.02 0.032 0.026 0.086 0.019 0.025 0.201 0.03 0.026 0.177 0.025 0.015;
0.135 0.013 0.182 0.023 0.021 0.019 0.089 0.016 0.016 0.214 0.023 0.024 0.179 0.029 0.017;0.135 0.013 0.019 0.089 0.016 0.182 0.023 0.021 0.016 0.214 0.023 0.024 0.029 0.179 0.017;0.135 0.019 0.182 0.016 0.024 0.013 0.089 0.016 0.023 0.214 0.029 0.021 0.179 0.023 0.017;
0.133 0.021 0.196 0.021 0.028 0.02 0.094 0.024 0.018 0.177 0.021 0.027 0.168 0.029 0.023;0.133 0.021 0.02 0.094 0.024 0.196 0.021 0.028 0.018 0.177 0.021 0.027 0.029 0.168 0.023;0.133 0.02 0.196 0.018 0.027 0.021 0.094 0.024 0.021 0.177 0.029 0.028 0.168 0.021 0.023;
0.124 0.021 0.183 0.026 0.028 0.023 0.089 0.018 0.017 0.186 0.028 0.022 0.196 0.023 0.016;0.124 0.021 0.023 0.089 0.018 0.183 0.026 0.028 0.017 0.186 0.028 0.022 0.023 0.196 0.016;0.124 0.023 0.183 0.017 0.022 0.021 0.089 0.018 0.026 0.186 0.023 0.028 0.196 0.028 0.016;
0.125 0.022 0.2 0.023 0.035 0.022 0.089 0.017 0.01 0.178 0.015 0.029 0.192 0.027 0.016;0.125 0.022 0.022 0.089 0.017 0.2 0.023 0.035 0.01 0.178 0.015 0.029 0.027 0.192 0.016;0.125 0.022 0.2 0.01 0.029 0.022 0.089 0.017 0.023 0.178 0.027 0.035 0.192 0.015 0.016;
0.125 0.029 0.19 0.014 0.021 0.031 0.073 0.029 0.011 0.176 0.023 0.026 0.199 0.03 0.023;0.125 0.029 0.031 0.073 0.029 0.19 0.014 0.021 0.011 0.176 0.023 0.026 0.03 0.199 0.023;0.125 0.031 0.19 0.011 0.026 0.029 0.073 0.029 0.014 0.176 0.03 0.021 0.199 0.023 0.023;
0.12 0.029 0.177 0.022 0.044 0.022 0.101 0.017 0.014 0.184 0.025 0.016 0.182 0.031 0.016;0.12 0.029 0.022 0.101 0.017 0.177 0.022 0.044 0.014 0.184 0.025 0.016 0.031 0.182 0.016;0.12 0.022 0.177 0.014 0.016 0.029 0.101 0.017 0.022 0.184 0.031 0.044 0.182 0.025 0.016;
0.138 0.016 0.186 0.027 0.031 0.022 0.094 0.014 0.015 0.177 0.019 0.022 0.175 0.039 0.025;0.138 0.016 0.022 0.094 0.014 0.186 0.027 0.031 0.015 0.177 0.019 0.022 0.039 0.175 0.025;0.138 0.022 0.186 0.015 0.022 0.016 0.094 0.014 0.027 0.177 0.039 0.031 0.175 0.019 0.025;
0.114 0.023 0.19 0.031 0.033 0.026 0.094 0.016 0.018 0.178 0.029 0.023 0.168 0.034 0.023;0.114 0.023 0.026 0.094 0.016 0.19 0.031 0.033 0.018 0.178 0.029 0.023 0.034 0.168 0.023;0.114 0.026 0.19 0.018 0.023 0.023 0.094 0.016 0.031 0.178 0.034 0.033 0.168 0.029 0.023];