pntP=[0.184 0.022 0.206 0.033 0.037 0.023 0.062 0.02 0.008 0.193 0.022 0.022 0.135 0.023 0.01;0.184 0.022 0.023 0.062 0.02 0.206 0.033 0.037 0.008 0.193 0.022 0.022 0.023 0.135 0.01;0.184 0.023 0.206 0.008 0.022 0.022 0.062 0.02 0.033 0.193 0.023 0.037 0.135 0.022 0.01;
0.189 0.034 0.196 0.035 0.025 0.035 0.063 0.016 0.011 0.187 0.022 0.017 0.129 0.025 0.016;0.189 0.034 0.035 0.063 0.016 0.196 0.035 0.025 0.011 0.187 0.022 0.017 0.025 0.129 0.016;0.189 0.035 0.196 0.011 0.017 0.034 0.063 0.016 0.035 0.187 0.025 0.025 0.129 0.022 0.016;
0.209 0.03 0.214 0.03 0.036 0.03 0.067 0.008 0.011 0.176 0.018 0.019 0.112 0.022 0.018;0.209 0.03 0.03 0.067 0.008 0.214 0.03 0.036 0.011 0.176 0.018 0.019 0.022 0.112 0.018;0.209 0.03 0.214 0.011 0.019 0.03 0.067 0.008 0.03 0.176 0.022 0.036 0.112 0.018 0.018;
0.196 0.025 0.191 0.028 0.026 0.026 0.068 0.016 0.02 0.203 0.018 0.025 0.119 0.027 0.012;0.196 0.025 0.026 0.068 0.016 0.191 0.028 0.026 0.02 0.203 0.018 0.025 0.027 0.119 0.012;0.196 0.026 0.191 0.02 0.025 0.025 0.068 0.016 0.028 0.203 0.027 0.026 0.119 0.018 0.012;
0.206 0.014 0.19 0.028 0.026 0.04 0.068 0.013 0.017 0.201 0.017 0.02 0.119 0.029 0.012;0.206 0.014 0.04 0.068 0.013 0.19 0.028 0.026 0.017 0.201 0.017 0.02 0.029 0.119 0.012;0.206 0.04 0.19 0.017 0.02 0.014 0.068 0.013 0.028 0.201 0.029 0.026 0.119 0.017 0.012;
0.194 0.027 0.201 0.034 0.029 0.032 0.058 0.014 0.009 0.19 0.016 0.029 0.12 0.041 0.006;0.194 0.027 0.032 0.058 0.014 0.201 0.034 0.029 0.009 0.19 0.016 0.029 0.041 0.12 0.006;0.194 0.032 0.201 0.009 0.029 0.027 0.058 0.014 0.034 0.19 0.041 0.029 0.12 0.016 0.006;
0.189 0.018 0.223 0.022 0.03 0.025 0.065 0.011 0.027 0.184 0.024 0.018 0.122 0.026 0.016;0.189 0.018 0.025 0.065 0.011 0.223 0.022 0.03 0.027 0.184 0.024 0.018 0.026 0.122 0.016;0.189 0.025 0.223 0.027 0.018 0.018 0.065 0.011 0.022 0.184 0.026 0.03 0.122 0.024 0.016;
0.218 0.022 0.203 0.031 0.025 0.026 0.059 0.022 0.015 0.19 0.022 0.022 0.12 0.02 0.005;0.218 0.022 0.026 0.059 0.022 0.203 0.031 0.025 0.015 0.19 0.022 0.022 0.02 0.12 0.005;0.218 0.026 0.203 0.015 0.022 0.022 0.059 0.022 0.031 0.19 0.02 0.025 0.12 0.022 0.005;
0.195 0.023 0.199 0.04 0.024 0.022 0.07 0.013 0.014 0.193 0.03 0.019 0.129 0.018 0.011;0.195 0.023 0.022 0.07 0.013 0.199 0.04 0.024 0.014 0.193 0.03 0.019 0.018 0.129 0.011;0.195 0.022 0.199 0.014 0.019 0.023 0.07 0.013 0.04 0.193 0.018 0.024 0.129 0.03 0.011;
0.22 0.029 0.19 0.03 0.023 0.027 0.059 0.021 0.009 0.196 0.021 0.016 0.12 0.027 0.012;0.22 0.029 0.027 0.059 0.021 0.19 0.03 0.023 0.009 0.196 0.021 0.016 0.027 0.12 0.012;0.22 0.027 0.19 0.009 0.016 0.029 0.059 0.021 0.03 0.196 0.027 0.023 0.12 0.021 0.012;
0.196 0.027 0.198 0.035 0.027 0.023 0.059 0.018 0.008 0.201 0.015 0.023 0.131 0.027 0.012;0.196 0.027 0.023 0.059 0.018 0.198 0.035 0.027 0.008 0.201 0.015 0.023 0.027 0.131 0.012;0.196 0.023 0.198 0.008 0.023 0.027 0.059 0.018 0.035 0.201 0.027 0.027 0.131 0.015 0.012;
0.206 0.017 0.2 0.032 0.035 0.03 0.071 0.012 0.007 0.2 0.016 0.021 0.12 0.024 0.009;0.206 0.017 0.03 0.071 0.012 0.2 0.032 0.035 0.007 0.2 0.016 0.021 0.024 0.12 0.009;0.206 0.03 0.2 0.007 0.021 0.017 0.071 0.012 0.032 0.2 0.024 0.035 0.12 0.016 0.009;
0.182 0.025 0.21 0.029 0.034 0.024 0.071 0.016 0.015 0.19 0.021 0.026 0.119 0.026 0.012;0.182 0.025 0.024 0.071 0.016 0.21 0.029 0.034 0.015 0.19 0.021 0.026 0.026 0.119 0.012;0.182 0.024 0.21 0.015 0.026 0.025 0.071 0.016 0.029 0.19 0.026 0.034 0.119 0.021 0.012;
0.189 0.018 0.21 0.028 0.032 0.027 0.063 0.023 0.012 0.188 0.023 0.037 0.121 0.02 0.009;0.189 0.018 0.027 0.063 0.023 0.21 0.028 0.032 0.012 0.188 0.023 0.037 0.02 0.121 0.009;0.189 0.027 0.21 0.012 0.037 0.018 0.063 0.023 0.028 0.188 0.02 0.032 0.121 0.023 0.009;
0.2 0.023 0.206 0.043 0.028 0.021 0.053 0.014 0.016 0.176 0.028 0.017 0.133 0.032 0.01;0.2 0.023 0.021 0.053 0.014 0.206 0.043 0.028 0.016 0.176 0.028 0.017 0.032 0.133 0.01;0.2 0.021 0.206 0.016 0.017 0.023 0.053 0.014 0.043 0.176 0.032 0.028 0.133 0.028 0.01;
0.188 0.017 0.196 0.035 0.031 0.03 0.057 0.019 0.014 0.181 0.025 0.021 0.145 0.03 0.011;0.188 0.017 0.03 0.057 0.019 0.196 0.035 0.031 0.014 0.181 0.025 0.021 0.03 0.145 0.011;0.188 0.03 0.196 0.014 0.021 0.017 0.057 0.019 0.035 0.181 0.03 0.031 0.145 0.025 0.011;
0.175 0.022 0.202 0.033 0.022 0.03 0.069 0.016 0.016 0.203 0.016 0.019 0.139 0.026 0.012;0.175 0.022 0.03 0.069 0.016 0.202 0.033 0.022 0.016 0.203 0.016 0.019 0.026 0.139 0.012;0.175 0.03 0.202 0.016 0.019 0.022 0.069 0.016 0.033 0.203 0.026 0.022 0.139 0.016 0.012;
0.205 0.022 0.201 0.032 0.025 0.021 0.058 0.013 0.009 0.18 0.016 0.027 0.141 0.035 0.015;0.205 0.022 0.021 0.058 0.013 0.201 0.032 0.025 0.009 0.18 0.016 0.027 0.035 0.141 0.015;0.205 0.021 0.201 0.009 0.027 0.022 0.058 0.013 0.032 0.18 0.035 0.025 0.141 0.016 0.015;
0.198 0.024 0.185 0.03 0.028 0.032 0.057 0.01 0.016 0.195 0.021 0.026 0.131 0.032 0.015;0.198 0.024 0.032 0.057 0.01 0.185 0.03 0.028 0.016 0.195 0.021 0.026 0.032 0.131 0.015;0.198 0.032 0.185 0.016 0.026 0.024 0.057 0.01 0.03 0.195 0.032 0.028 0.131 0.021 0.015;
0.21 0.021 0.173 0.029 0.024 0.025 0.053 0.018 0.009 0.196 0.037 0.022 0.145 0.024 0.014;0.21 0.021 0.025 0.053 0.018 0.173 0.029 0.024 0.009 0.196 0.037 0.022 0.024 0.145 0.014;0.21 0.025 0.173 0.009 0.022 0.021 0.053 0.018 0.029 0.196 0.024 0.024 0.145 0.037 0.014;
0.215 0.028 0.182 0.031 0.026 0.028 0.058 0.012 0.021 0.199 0.02 0.022 0.109 0.034 0.015;0.215 0.028 0.028 0.058 0.012 0.182 0.031 0.026 0.021 0.199 0.02 0.022 0.034 0.109 0.015;0.215 0.028 0.182 0.021 0.022 0.028 0.058 0.012 0.031 0.199 0.034 0.026 0.109 0.02 0.015;
0.209 0.036 0.203 0.026 0.029 0.029 0.064 0.016 0.011 0.175 0.021 0.017 0.121 0.023 0.02;0.209 0.036 0.029 0.064 0.016 0.203 0.026 0.029 0.011 0.175 0.021 0.017 0.023 0.121 0.02;0.209 0.029 0.203 0.011 0.017 0.036 0.064 0.016 0.026 0.175 0.023 0.029 0.121 0.021 0.02;
0.198 0.028 0.201 0.036 0.031 0.03 0.061 0.016 0.015 0.168 0.024 0.019 0.126 0.034 0.013;0.198 0.028 0.03 0.061 0.016 0.201 0.036 0.031 0.015 0.168 0.024 0.019 0.034 0.126 0.013;0.198 0.03 0.201 0.015 0.019 0.028 0.061 0.016 0.036 0.168 0.034 0.031 0.126 0.024 0.013;
0.19 0.022 0.199 0.035 0.02 0.02 0.059 0.013 0.017 0.191 0.023 0.024 0.138 0.027 0.022;0.19 0.022 0.02 0.059 0.013 0.199 0.035 0.02 0.017 0.191 0.023 0.024 0.027 0.138 0.022;0.19 0.02 0.199 0.017 0.024 0.022 0.059 0.013 0.035 0.191 0.027 0.02 0.138 0.023 0.022;
0.188 0.027 0.195 0.03 0.032 0.023 0.056 0.013 0.014 0.199 0.017 0.023 0.136 0.033 0.014;0.188 0.027 0.023 0.056 0.013 0.195 0.03 0.032 0.014 0.199 0.017 0.023 0.033 0.136 0.014;0.188 0.023 0.195 0.014 0.023 0.027 0.056 0.013 0.03 0.199 0.033 0.032 0.136 0.017 0.014;
0.161 0.024 0.198 0.032 0.02 0.037 0.068 0.02 0.014 0.203 0.022 0.017 0.142 0.032 0.01;0.161 0.024 0.037 0.068 0.02 0.198 0.032 0.02 0.014 0.203 0.022 0.017 0.032 0.142 0.01;0.161 0.037 0.198 0.014 0.017 0.024 0.068 0.02 0.032 0.203 0.032 0.02 0.142 0.022 0.01;
0.202 0.032 0.204 0.023 0.031 0.025 0.076 0.016 0.014 0.191 0.025 0.019 0.112 0.021 0.009;0.202 0.032 0.025 0.076 0.016 0.204 0.023 0.031 0.014 0.191 0.025 0.019 0.021 0.112 0.009;0.202 0.025 0.204 0.014 0.019 0.032 0.076 0.016 0.023 0.191 0.021 0.031 0.112 0.025 0.009;
0.187 0.024 0.215 0.03 0.023 0.025 0.065 0.01 0.018 0.183 0.021 0.019 0.137 0.029 0.014;0.187 0.024 0.025 0.065 0.01 0.215 0.03 0.023 0.018 0.183 0.021 0.019 0.029 0.137 0.014;0.187 0.025 0.215 0.018 0.019 0.024 0.065 0.01 0.03 0.183 0.029 0.023 0.137 0.021 0.014;
0.191 0.029 0.21 0.048 0.029 0.023 0.045 0.012 0.009 0.197 0.022 0.021 0.119 0.034 0.011;0.191 0.029 0.023 0.045 0.012 0.21 0.048 0.029 0.009 0.197 0.022 0.021 0.034 0.119 0.011;0.191 0.023 0.21 0.009 0.021 0.029 0.045 0.012 0.048 0.197 0.034 0.029 0.119 0.022 0.011;
0.189 0.03 0.206 0.032 0.027 0.029 0.061 0.01 0.009 0.189 0.021 0.025 0.112 0.043 0.017;0.189 0.03 0.029 0.061 0.01 0.206 0.032 0.027 0.009 0.189 0.021 0.025 0.043 0.112 0.017;0.189 0.029 0.206 0.009 0.025 0.03 0.061 0.01 0.032 0.189 0.043 0.027 0.112 0.021 0.017;
0.241 0.014 0.187 0.024 0.025 0.031 0.049 0.014 0.015 0.181 0.02 0.029 0.125 0.031 0.014;0.241 0.014 0.031 0.049 0.014 0.187 0.024 0.025 0.015 0.181 0.02 0.029 0.031 0.125 0.014;0.241 0.031 0.187 0.015 0.029 0.014 0.049 0.014 0.024 0.181 0.031 0.025 0.125 0.02 0.014;
0.194 0.025 0.173 0.04 0.039 0.026 0.054 0.007 0.015 0.213 0.02 0.019 0.134 0.026 0.015;0.194 0.025 0.026 0.054 0.007 0.173 0.04 0.039 0.015 0.213 0.02 0.019 0.026 0.134 0.015;0.194 0.026 0.173 0.015 0.019 0.025 0.054 0.007 0.04 0.213 0.026 0.039 0.134 0.02 0.015;
0.2 0.027 0.177 0.039 0.029 0.033 0.053 0.012 0.017 0.198 0.02 0.022 0.133 0.023 0.017;0.2 0.027 0.033 0.053 0.012 0.177 0.039 0.029 0.017 0.198 0.02 0.022 0.023 0.133 0.017;0.2 0.033 0.177 0.017 0.022 0.027 0.053 0.012 0.039 0.198 0.023 0.029 0.133 0.02 0.017;
0.196 0.023 0.19 0.026 0.039 0.037 0.062 0.012 0.011 0.188 0.016 0.027 0.125 0.033 0.015;0.196 0.023 0.037 0.062 0.012 0.19 0.026 0.039 0.011 0.188 0.016 0.027 0.033 0.125 0.015;0.196 0.037 0.19 0.011 0.027 0.023 0.062 0.012 0.026 0.188 0.033 0.039 0.125 0.016 0.015;
0.183 0.022 0.203 0.031 0.028 0.031 0.064 0.021 0.013 0.189 0.02 0.028 0.123 0.03 0.014;0.183 0.022 0.031 0.064 0.021 0.203 0.031 0.028 0.013 0.189 0.02 0.028 0.03 0.123 0.014;0.183 0.031 0.203 0.013 0.028 0.022 0.064 0.021 0.031 0.189 0.03 0.028 0.123 0.02 0.014;
0.189 0.028 0.212 0.037 0.024 0.025 0.061 0.015 0.016 0.194 0.026 0.024 0.109 0.028 0.012;0.189 0.028 0.025 0.061 0.015 0.212 0.037 0.024 0.016 0.194 0.026 0.024 0.028 0.109 0.012;0.189 0.025 0.212 0.016 0.024 0.028 0.061 0.015 0.037 0.194 0.028 0.024 0.109 0.026 0.012;
0.191 0.03 0.206 0.032 0.032 0.022 0.051 0.01 0.021 0.193 0.02 0.022 0.122 0.034 0.014;0.191 0.03 0.022 0.051 0.01 0.206 0.032 0.032 0.021 0.193 0.02 0.022 0.034 0.122 0.014;0.191 0.022 0.206 0.021 0.022 0.03 0.051 0.01 0.032 0.193 0.034 0.032 0.122 0.02 0.014;
0.196 0.026 0.21 0.021 0.027 0.035 0.061 0.009 0.014 0.196 0.022 0.022 0.126 0.024 0.011;0.196 0.026 0.035 0.061 0.009 0.21 0.021 0.027 0.014 0.196 0.022 0.022 0.024 0.126 0.011;0.196 0.035 0.21 0.014 0.022 0.026 0.061 0.009 0.021 0.196 0.024 0.027 0.126 0.022 0.011;
0.202 0.021 0.199 0.027 0.03 0.033 0.07 0.011 0.017 0.187 0.018 0.023 0.123 0.03 0.009;0.202 0.021 0.033 0.07 0.011 0.199 0.027 0.03 0.017 0.187 0.018 0.023 0.03 0.123 0.009;0.202 0.033 0.199 0.017 0.023 0.021 0.07 0.011 0.027 0.187 0.03 0.03 0.123 0.018 0.009;
0.188 0.028 0.195 0.031 0.025 0.023 0.068 0.009 0.013 0.188 0.022 0.024 0.138 0.027 0.021;0.188 0.028 0.023 0.068 0.009 0.195 0.031 0.025 0.013 0.188 0.022 0.024 0.027 0.138 0.021;0.188 0.023 0.195 0.013 0.024 0.028 0.068 0.009 0.031 0.188 0.027 0.025 0.138 0.022 0.021;
0.189 0.028 0.203 0.038 0.036 0.031 0.054 0.015 0.016 0.187 0.027 0.024 0.126 0.019 0.007;0.189 0.028 0.031 0.054 0.015 0.203 0.038 0.036 0.016 0.187 0.027 0.024 0.019 0.126 0.007;0.189 0.031 0.203 0.016 0.024 0.028 0.054 0.015 0.038 0.187 0.019 0.036 0.126 0.027 0.007;
0.177 0.021 0.191 0.04 0.04 0.032 0.077 0.015 0.011 0.181 0.016 0.021 0.136 0.03 0.012;0.177 0.021 0.032 0.077 0.015 0.191 0.04 0.04 0.011 0.181 0.016 0.021 0.03 0.136 0.012;0.177 0.032 0.191 0.011 0.021 0.021 0.077 0.015 0.04 0.181 0.03 0.04 0.136 0.016 0.012;
0.205 0.021 0.179 0.036 0.024 0.025 0.066 0.011 0.007 0.196 0.017 0.022 0.141 0.028 0.022;0.205 0.021 0.025 0.066 0.011 0.179 0.036 0.024 0.007 0.196 0.017 0.022 0.028 0.141 0.022;0.205 0.025 0.179 0.007 0.022 0.021 0.066 0.011 0.036 0.196 0.028 0.024 0.141 0.017 0.022;
0.195 0.024 0.193 0.036 0.031 0.028 0.067 0.014 0.016 0.201 0.013 0.02 0.119 0.035 0.008;0.195 0.024 0.028 0.067 0.014 0.193 0.036 0.031 0.016 0.201 0.013 0.02 0.035 0.119 0.008;0.195 0.028 0.193 0.016 0.02 0.024 0.067 0.014 0.036 0.201 0.035 0.031 0.119 0.013 0.008;
0.204 0.023 0.2 0.027 0.026 0.034 0.059 0.008 0.014 0.179 0.018 0.027 0.128 0.044 0.009;0.204 0.023 0.034 0.059 0.008 0.2 0.027 0.026 0.014 0.179 0.018 0.027 0.044 0.128 0.009;0.204 0.034 0.2 0.014 0.027 0.023 0.059 0.008 0.027 0.179 0.044 0.026 0.128 0.018 0.009;
0.204 0.024 0.183 0.032 0.033 0.027 0.063 0.012 0.015 0.199 0.019 0.015 0.126 0.036 0.012;0.204 0.024 0.027 0.063 0.012 0.183 0.032 0.033 0.015 0.199 0.019 0.015 0.036 0.126 0.012;0.204 0.027 0.183 0.015 0.015 0.024 0.063 0.012 0.032 0.199 0.036 0.033 0.126 0.019 0.012;
0.195 0.025 0.203 0.038 0.029 0.023 0.077 0.014 0.022 0.176 0.021 0.023 0.116 0.028 0.01;0.195 0.025 0.023 0.077 0.014 0.203 0.038 0.029 0.022 0.176 0.021 0.023 0.028 0.116 0.01;0.195 0.023 0.203 0.022 0.023 0.025 0.077 0.014 0.038 0.176 0.028 0.029 0.116 0.021 0.01;
0.203 0.034 0.214 0.033 0.027 0.031 0.063 0.007 0.015 0.161 0.011 0.021 0.142 0.026 0.012;0.203 0.034 0.031 0.063 0.007 0.214 0.033 0.027 0.015 0.161 0.011 0.021 0.026 0.142 0.012;0.203 0.031 0.214 0.015 0.021 0.034 0.063 0.007 0.033 0.161 0.026 0.027 0.142 0.011 0.012;
0.193 0.026 0.185 0.032 0.019 0.026 0.071 0.016 0.02 0.172 0.033 0.014 0.133 0.039 0.021;0.193 0.026 0.026 0.071 0.016 0.185 0.032 0.019 0.02 0.172 0.033 0.014 0.039 0.133 0.021;0.193 0.026 0.185 0.02 0.014 0.026 0.071 0.016 0.032 0.172 0.039 0.019 0.133 0.033 0.021;
0.197 0.026 0.168 0.027 0.034 0.027 0.073 0.021 0.015 0.174 0.028 0.022 0.145 0.026 0.017;0.197 0.026 0.027 0.073 0.021 0.168 0.027 0.034 0.015 0.174 0.028 0.022 0.026 0.145 0.017;0.197 0.027 0.168 0.015 0.022 0.026 0.073 0.021 0.027 0.174 0.026 0.034 0.145 0.028 0.017;
0.183 0.031 0.202 0.025 0.026 0.028 0.062 0.018 0.014 0.196 0.023 0.024 0.121 0.03 0.017;0.183 0.031 0.028 0.062 0.018 0.202 0.025 0.026 0.014 0.196 0.023 0.024 0.03 0.121 0.017;0.183 0.028 0.202 0.014 0.024 0.031 0.062 0.018 0.025 0.196 0.03 0.026 0.121 0.023 0.017;
0.186 0.023 0.192 0.025 0.027 0.025 0.07 0.016 0.012 0.211 0.026 0.016 0.121 0.035 0.015;0.186 0.023 0.025 0.07 0.016 0.192 0.025 0.027 0.012 0.211 0.026 0.016 0.035 0.121 0.015;0.186 0.025 0.192 0.012 0.016 0.023 0.07 0.016 0.025 0.211 0.035 0.027 0.121 0.026 0.015;
0.182 0.019 0.183 0.027 0.034 0.03 0.071 0.016 0.011 0.207 0.038 0.021 0.118 0.025 0.018;0.182 0.019 0.03 0.071 0.016 0.183 0.027 0.034 0.011 0.207 0.038 0.021 0.025 0.118 0.018;0.182 0.03 0.183 0.011 0.021 0.019 0.071 0.016 0.027 0.207 0.025 0.034 0.118 0.038 0.018;
0.195 0.025 0.218 0.019 0.028 0.032 0.068 0.012 0.007 0.197 0.019 0.016 0.12 0.025 0.019;0.195 0.025 0.032 0.068 0.012 0.218 0.019 0.028 0.007 0.197 0.019 0.016 0.025 0.12 0.019;0.195 0.032 0.218 0.007 0.016 0.025 0.068 0.012 0.019 0.197 0.025 0.028 0.12 0.019 0.019;
0.188 0.024 0.189 0.029 0.03 0.028 0.073 0.014 0.016 0.191 0.022 0.018 0.13 0.034 0.014;0.188 0.024 0.028 0.073 0.014 0.189 0.029 0.03 0.016 0.191 0.022 0.018 0.034 0.13 0.014;0.188 0.028 0.189 0.016 0.018 0.024 0.073 0.014 0.029 0.191 0.034 0.03 0.13 0.022 0.014;
0.185 0.031 0.21 0.035 0.026 0.032 0.047 0.011 0.017 0.21 0.028 0.017 0.116 0.029 0.006;0.185 0.031 0.032 0.047 0.011 0.21 0.035 0.026 0.017 0.21 0.028 0.017 0.029 0.116 0.006;0.185 0.032 0.21 0.017 0.017 0.031 0.047 0.011 0.035 0.21 0.029 0.026 0.116 0.028 0.006;
0.215 0.023 0.212 0.027 0.028 0.027 0.058 0.007 0.02 0.191 0.017 0.02 0.118 0.026 0.011;0.215 0.023 0.027 0.058 0.007 0.212 0.027 0.028 0.02 0.191 0.017 0.02 0.026 0.118 0.011;0.215 0.027 0.212 0.02 0.02 0.023 0.058 0.007 0.027 0.191 0.026 0.028 0.118 0.017 0.011;
0.194 0.024 0.22 0.032 0.034 0.025 0.053 0.011 0.016 0.183 0.015 0.021 0.13 0.028 0.014;0.194 0.024 0.025 0.053 0.011 0.22 0.032 0.034 0.016 0.183 0.015 0.021 0.028 0.13 0.014;0.194 0.025 0.22 0.016 0.021 0.024 0.053 0.011 0.032 0.183 0.028 0.034 0.13 0.015 0.014;
0.191 0.029 0.195 0.029 0.026 0.029 0.068 0.014 0.013 0.18 0.019 0.027 0.13 0.029 0.021;0.191 0.029 0.029 0.068 0.014 0.195 0.029 0.026 0.013 0.18 0.019 0.027 0.029 0.13 0.021;0.191 0.029 0.195 0.013 0.027 0.029 0.068 0.014 0.029 0.18 0.029 0.026 0.13 0.019 0.021;
0.207 0.025 0.189 0.034 0.03 0.032 0.065 0.014 0.01 0.177 0.019 0.028 0.126 0.032 0.012;0.207 0.025 0.032 0.065 0.014 0.189 0.034 0.03 0.01 0.177 0.019 0.028 0.032 0.126 0.012;0.207 0.032 0.189 0.01 0.028 0.025 0.065 0.014 0.034 0.177 0.032 0.03 0.126 0.019 0.012;
0.191 0.037 0.206 0.025 0.024 0.027 0.057 0.015 0.015 0.184 0.021 0.028 0.125 0.032 0.013;0.191 0.037 0.027 0.057 0.015 0.206 0.025 0.024 0.015 0.184 0.021 0.028 0.032 0.125 0.013;0.191 0.027 0.206 0.015 0.028 0.037 0.057 0.015 0.025 0.184 0.032 0.024 0.125 0.021 0.013;
0.182 0.025 0.172 0.032 0.031 0.028 0.056 0.021 0.016 0.199 0.023 0.026 0.137 0.036 0.016;0.182 0.025 0.028 0.056 0.021 0.172 0.032 0.031 0.016 0.199 0.023 0.026 0.036 0.137 0.016;0.182 0.028 0.172 0.016 0.026 0.025 0.056 0.021 0.032 0.199 0.036 0.031 0.137 0.023 0.016;
0.213 0.019 0.184 0.024 0.029 0.033 0.064 0.012 0.011 0.211 0.024 0.024 0.102 0.036 0.014;0.213 0.019 0.033 0.064 0.012 0.184 0.024 0.029 0.011 0.211 0.024 0.024 0.036 0.102 0.014;0.213 0.033 0.184 0.011 0.024 0.019 0.064 0.012 0.024 0.211 0.036 0.029 0.102 0.024 0.014;
0.194 0.033 0.183 0.035 0.034 0.028 0.062 0.014 0.017 0.197 0.02 0.016 0.124 0.032 0.011;0.194 0.033 0.028 0.062 0.014 0.183 0.035 0.034 0.017 0.197 0.02 0.016 0.032 0.124 0.011;0.194 0.028 0.183 0.017 0.016 0.033 0.062 0.014 0.035 0.197 0.032 0.034 0.124 0.02 0.011;
0.193 0.026 0.205 0.033 0.038 0.023 0.056 0.013 0.012 0.18 0.021 0.028 0.136 0.023 0.013;0.193 0.026 0.023 0.056 0.013 0.205 0.033 0.038 0.012 0.18 0.021 0.028 0.023 0.136 0.013;0.193 0.023 0.205 0.012 0.028 0.026 0.056 0.013 0.033 0.18 0.023 0.038 0.136 0.021 0.013;
0.239 0.034 0.159 0.03 0.029 0.031 0.058 0.012 0.017 0.183 0.015 0.02 0.136 0.024 0.013;0.239 0.034 0.031 0.058 0.012 0.159 0.03 0.029 0.017 0.183 0.015 0.02 0.024 0.136 0.013;0.239 0.031 0.159 0.017 0.02 0.034 0.058 0.012 0.03 0.183 0.024 0.029 0.136 0.015 0.013;
0.235 0.026 0.163 0.036 0.031 0.031 0.06 0.013 0.012 0.198 0.019 0.018 0.108 0.032 0.018;0.235 0.026 0.031 0.06 0.013 0.163 0.036 0.031 0.012 0.198 0.019 0.018 0.032 0.108 0.018;0.235 0.031 0.163 0.012 0.018 0.026 0.06 0.013 0.036 0.198 0.032 0.031 0.108 0.019 0.018;
0.188 0.032 0.202 0.025 0.037 0.03 0.066 0.016 0.011 0.189 0.016 0.011 0.133 0.029 0.015;0.188 0.032 0.03 0.066 0.016 0.202 0.025 0.037 0.011 0.189 0.016 0.011 0.029 0.133 0.015;0.188 0.03 0.202 0.011 0.011 0.032 0.066 0.016 0.025 0.189 0.029 0.037 0.133 0.016 0.015;
0.206 0.017 0.191 0.033 0.026 0.021 0.076 0.013 0.012 0.188 0.014 0.023 0.128 0.034 0.018;0.206 0.017 0.021 0.076 0.013 0.191 0.033 0.026 0.012 0.188 0.014 0.023 0.034 0.128 0.018;0.206 0.021 0.191 0.012 0.023 0.017 0.076 0.013 0.033 0.188 0.034 0.026 0.128 0.014 0.018;
0.191 0.028 0.191 0.033 0.029 0.034 0.068 0.01 0.018 0.2 0.032 0.016 0.111 0.025 0.014;0.191 0.028 0.034 0.068 0.01 0.191 0.033 0.029 0.018 0.2 0.032 0.016 0.025 0.111 0.014;0.191 0.034 0.191 0.018 0.016 0.028 0.068 0.01 0.033 0.2 0.025 0.029 0.111 0.032 0.014;
0.177 0.023 0.204 0.036 0.025 0.037 0.064 0.012 0.01 0.184 0.031 0.023 0.133 0.027 0.014;0.177 0.023 0.037 0.064 0.012 0.204 0.036 0.025 0.01 0.184 0.031 0.023 0.027 0.133 0.014;0.177 0.037 0.204 0.01 0.023 0.023 0.064 0.012 0.036 0.184 0.027 0.025 0.133 0.031 0.014;
0.2 0.028 0.197 0.033 0.034 0.025 0.062 0.014 0.013 0.183 0.02 0.019 0.126 0.029 0.017;0.2 0.028 0.025 0.062 0.014 0.197 0.033 0.034 0.013 0.183 0.02 0.019 0.029 0.126 0.017;0.2 0.025 0.197 0.013 0.019 0.028 0.062 0.014 0.033 0.183 0.029 0.034 0.126 0.02 0.017;
0.187 0.022 0.198 0.025 0.035 0.023 0.051 0.014 0.019 0.213 0.017 0.024 0.121 0.036 0.015;0.187 0.022 0.023 0.051 0.014 0.198 0.025 0.035 0.019 0.213 0.017 0.024 0.036 0.121 0.015;0.187 0.023 0.198 0.019 0.024 0.022 0.051 0.014 0.025 0.213 0.036 0.035 0.121 0.017 0.015;
0.182 0.024 0.2 0.042 0.037 0.027 0.056 0.022 0.014 0.204 0.013 0.018 0.125 0.024 0.012;0.182 0.024 0.027 0.056 0.022 0.2 0.042 0.037 0.014 0.204 0.013 0.018 0.024 0.125 0.012;0.182 0.027 0.2 0.014 0.018 0.024 0.056 0.022 0.042 0.204 0.024 0.037 0.125 0.013 0.012;
0.184 0.035 0.186 0.034 0.023 0.031 0.071 0.013 0.014 0.204 0.029 0.019 0.118 0.023 0.016;0.184 0.035 0.031 0.071 0.013 0.186 0.034 0.023 0.014 0.204 0.029 0.019 0.023 0.118 0.016;0.184 0.031 0.186 0.014 0.019 0.035 0.071 0.013 0.034 0.204 0.023 0.023 0.118 0.029 0.016;
0.183 0.023 0.198 0.017 0.043 0.032 0.069 0.019 0.015 0.184 0.021 0.024 0.136 0.024 0.012;0.183 0.023 0.032 0.069 0.019 0.198 0.017 0.043 0.015 0.184 0.021 0.024 0.024 0.136 0.012;0.183 0.032 0.198 0.015 0.024 0.023 0.069 0.019 0.017 0.184 0.024 0.043 0.136 0.021 0.012;
0.205 0.027 0.201 0.038 0.029 0.017 0.053 0.017 0.018 0.174 0.022 0.018 0.131 0.03 0.02;0.205 0.027 0.017 0.053 0.017 0.201 0.038 0.029 0.018 0.174 0.022 0.018 0.03 0.131 0.02;0.205 0.017 0.201 0.018 0.018 0.027 0.053 0.017 0.038 0.174 0.03 0.029 0.131 0.022 0.02;
0.206 0.025 0.215 0.03 0.024 0.023 0.062 0.023 0.014 0.176 0.021 0.008 0.137 0.022 0.014;0.206 0.025 0.023 0.062 0.023 0.215 0.03 0.024 0.014 0.176 0.021 0.008 0.022 0.137 0.014;0.206 0.023 0.215 0.014 0.008 0.025 0.062 0.023 0.03 0.176 0.022 0.024 0.137 0.021 0.014;
0.177 0.021 0.203 0.021 0.025 0.029 0.064 0.013 0.013 0.196 0.024 0.025 0.131 0.04 0.018;0.177 0.021 0.029 0.064 0.013 0.203 0.021 0.025 0.013 0.196 0.024 0.025 0.04 0.131 0.018;0.177 0.029 0.203 0.013 0.025 0.021 0.064 0.013 0.021 0.196 0.04 0.025 0.131 0.024 0.018;
0.219 0.024 0.174 0.027 0.023 0.027 0.074 0.019 0.016 0.173 0.023 0.024 0.141 0.026 0.01;0.219 0.024 0.027 0.074 0.019 0.174 0.027 0.023 0.016 0.173 0.023 0.024 0.026 0.141 0.01;0.219 0.027 0.174 0.016 0.024 0.024 0.074 0.019 0.027 0.173 0.026 0.023 0.141 0.023 0.01;
0.188 0.022 0.206 0.031 0.034 0.023 0.068 0.017 0.015 0.178 0.017 0.024 0.128 0.034 0.015;0.188 0.022 0.023 0.068 0.017 0.206 0.031 0.034 0.015 0.178 0.017 0.024 0.034 0.128 0.015;0.188 0.023 0.206 0.015 0.024 0.022 0.068 0.017 0.031 0.178 0.034 0.034 0.128 0.017 0.015;
0.199 0.022 0.194 0.022 0.033 0.026 0.069 0.017 0.013 0.199 0.022 0.022 0.126 0.029 0.007;0.199 0.022 0.026 0.069 0.017 0.194 0.022 0.033 0.013 0.199 0.022 0.022 0.029 0.126 0.007;0.199 0.026 0.194 0.013 0.022 0.022 0.069 0.017 0.022 0.199 0.029 0.033 0.126 0.022 0.007;
0.182 0.026 0.202 0.033 0.034 0.026 0.074 0.014 0.007 0.188 0.024 0.016 0.131 0.025 0.018;0.182 0.026 0.026 0.074 0.014 0.202 0.033 0.034 0.007 0.188 0.024 0.016 0.025 0.131 0.018;0.182 0.026 0.202 0.007 0.016 0.026 0.074 0.014 0.033 0.188 0.025 0.034 0.131 0.024 0.018;
0.204 0.019 0.2 0.031 0.038 0.03 0.07 0.015 0.01 0.164 0.024 0.023 0.134 0.025 0.013;0.204 0.019 0.03 0.07 0.015 0.2 0.031 0.038 0.01 0.164 0.024 0.023 0.025 0.134 0.013;0.204 0.03 0.2 0.01 0.023 0.019 0.07 0.015 0.031 0.164 0.025 0.038 0.134 0.024 0.013;
0.203 0.035 0.171 0.041 0.036 0.024 0.066 0.016 0.013 0.212 0.02 0.019 0.106 0.026 0.012;0.203 0.035 0.024 0.066 0.016 0.171 0.041 0.036 0.013 0.212 0.02 0.019 0.026 0.106 0.012;0.203 0.024 0.171 0.013 0.019 0.035 0.066 0.016 0.041 0.212 0.026 0.036 0.106 0.02 0.012;
0.179 0.041 0.196 0.025 0.023 0.026 0.075 0.011 0.011 0.191 0.022 0.022 0.138 0.027 0.013;0.179 0.041 0.026 0.075 0.011 0.196 0.025 0.023 0.011 0.191 0.022 0.022 0.027 0.138 0.013;0.179 0.026 0.196 0.011 0.022 0.041 0.075 0.011 0.025 0.191 0.027 0.023 0.138 0.022 0.013;
0.197 0.025 0.193 0.029 0.03 0.017 0.074 0.01 0.015 0.193 0.019 0.015 0.141 0.028 0.014;0.197 0.025 0.017 0.074 0.01 0.193 0.029 0.03 0.015 0.193 0.019 0.015 0.028 0.141 0.014;0.197 0.017 0.193 0.015 0.015 0.025 0.074 0.01 0.029 0.193 0.028 0.03 0.141 0.019 0.014;
0.2 0.02 0.208 0.036 0.031 0.013 0.058 0.015 0.014 0.21 0.015 0.018 0.119 0.027 0.016;0.2 0.02 0.013 0.058 0.015 0.208 0.036 0.031 0.014 0.21 0.015 0.018 0.027 0.119 0.016;0.2 0.013 0.208 0.014 0.018 0.02 0.058 0.015 0.036 0.21 0.027 0.031 0.119 0.015 0.016;
0.216 0.024 0.204 0.031 0.042 0.028 0.056 0.018 0.016 0.163 0.021 0.019 0.125 0.022 0.015;0.216 0.024 0.028 0.056 0.018 0.204 0.031 0.042 0.016 0.163 0.021 0.019 0.022 0.125 0.015;0.216 0.028 0.204 0.016 0.019 0.024 0.056 0.018 0.031 0.163 0.022 0.042 0.125 0.021 0.015;
0.21 0.018 0.187 0.044 0.028 0.022 0.074 0.012 0.019 0.183 0.016 0.023 0.117 0.035 0.012;0.21 0.018 0.022 0.074 0.012 0.187 0.044 0.028 0.019 0.183 0.016 0.023 0.035 0.117 0.012;0.21 0.022 0.187 0.019 0.023 0.018 0.074 0.012 0.044 0.183 0.035 0.028 0.117 0.016 0.012;
0.185 0.028 0.185 0.034 0.033 0.025 0.076 0.008 0.014 0.185 0.027 0.021 0.145 0.024 0.01;0.185 0.028 0.025 0.076 0.008 0.185 0.034 0.033 0.014 0.185 0.027 0.021 0.024 0.145 0.01;0.185 0.025 0.185 0.014 0.021 0.028 0.076 0.008 0.034 0.185 0.024 0.033 0.145 0.027 0.01;
0.208 0.031 0.171 0.033 0.035 0.028 0.066 0.008 0.011 0.204 0.022 0.018 0.138 0.015 0.012;0.208 0.031 0.028 0.066 0.008 0.171 0.033 0.035 0.011 0.204 0.022 0.018 0.015 0.138 0.012;0.208 0.028 0.171 0.011 0.018 0.031 0.066 0.008 0.033 0.204 0.015 0.035 0.138 0.022 0.012;
0.216 0.026 0.18 0.033 0.031 0.034 0.069 0.013 0.012 0.195 0.014 0.018 0.115 0.03 0.014;0.216 0.026 0.034 0.069 0.013 0.18 0.033 0.031 0.012 0.195 0.014 0.018 0.03 0.115 0.014;0.216 0.034 0.18 0.012 0.018 0.026 0.069 0.013 0.033 0.195 0.03 0.031 0.115 0.014 0.014;
0.186 0.029 0.193 0.03 0.033 0.025 0.063 0.014 0.019 0.199 0.026 0.017 0.12 0.034 0.012;0.186 0.029 0.025 0.063 0.014 0.193 0.03 0.033 0.019 0.199 0.026 0.017 0.034 0.12 0.012;0.186 0.025 0.193 0.019 0.017 0.029 0.063 0.014 0.03 0.199 0.034 0.033 0.12 0.026 0.012;
0.186 0.032 0.184 0.025 0.033 0.032 0.068 0.023 0.013 0.191 0.018 0.023 0.132 0.031 0.009;0.186 0.032 0.032 0.068 0.023 0.184 0.025 0.033 0.013 0.191 0.018 0.023 0.031 0.132 0.009;0.186 0.032 0.184 0.013 0.023 0.032 0.068 0.023 0.025 0.191 0.031 0.033 0.132 0.018 0.009;
0.189 0.024 0.207 0.03 0.028 0.028 0.063 0.012 0.019 0.182 0.026 0.023 0.134 0.024 0.011;0.189 0.024 0.028 0.063 0.012 0.207 0.03 0.028 0.019 0.182 0.026 0.023 0.024 0.134 0.011;0.189 0.028 0.207 0.019 0.023 0.024 0.063 0.012 0.03 0.182 0.024 0.028 0.134 0.026 0.011;
0.188 0.021 0.187 0.021 0.032 0.028 0.068 0.012 0.021 0.201 0.025 0.014 0.135 0.029 0.018;0.188 0.021 0.028 0.068 0.012 0.187 0.021 0.032 0.021 0.201 0.025 0.014 0.029 0.135 0.018;0.188 0.028 0.187 0.021 0.014 0.021 0.068 0.012 0.021 0.201 0.029 0.032 0.135 0.025 0.018;
0.186 0.023 0.182 0.025 0.031 0.03 0.054 0.015 0.018 0.212 0.022 0.02 0.14 0.033 0.009;0.186 0.023 0.03 0.054 0.015 0.182 0.025 0.031 0.018 0.212 0.022 0.02 0.033 0.14 0.009;0.186 0.03 0.182 0.018 0.02 0.023 0.054 0.015 0.025 0.212 0.033 0.031 0.14 0.022 0.009;
0.211 0.021 0.213 0.026 0.027 0.029 0.05 0.017 0.012 0.197 0.029 0.022 0.107 0.029 0.01;0.211 0.021 0.029 0.05 0.017 0.213 0.026 0.027 0.012 0.197 0.029 0.022 0.029 0.107 0.01;0.211 0.029 0.213 0.012 0.022 0.021 0.05 0.017 0.026 0.197 0.029 0.027 0.107 0.029 0.01;
0.215 0.027 0.192 0.034 0.038 0.025 0.071 0.017 0.011 0.165 0.02 0.018 0.125 0.025 0.017;0.215 0.027 0.025 0.071 0.017 0.192 0.034 0.038 0.011 0.165 0.02 0.018 0.025 0.125 0.017;0.215 0.025 0.192 0.011 0.018 0.027 0.071 0.017 0.034 0.165 0.025 0.038 0.125 0.02 0.017];