pntP=[0.108 0.019 0.189 0.017 0.035 0.024 0.115 0.022 0.007 0.17 0.025 0.03 0.181 0.031 0.027;0.108 0.019 0.024 0.115 0.022 0.189 0.017 0.035 0.007 0.17 0.025 0.03 0.031 0.181 0.027;0.108 0.024 0.189 0.007 0.03 0.019 0.115 0.022 0.017 0.17 0.031 0.035 0.181 0.025 0.027;
0.102 0.024 0.169 0.02 0.026 0.014 0.096 0.024 0.02 0.19 0.035 0.03 0.207 0.026 0.017;0.102 0.024 0.014 0.096 0.024 0.169 0.02 0.026 0.02 0.19 0.035 0.03 0.026 0.207 0.017;0.102 0.014 0.169 0.02 0.03 0.024 0.096 0.024 0.02 0.19 0.026 0.026 0.207 0.035 0.017;
0.116 0.02 0.18 0.03 0.036 0.021 0.087 0.026 0.006 0.203 0.024 0.025 0.185 0.023 0.018;0.116 0.02 0.021 0.087 0.026 0.18 0.03 0.036 0.006 0.203 0.024 0.025 0.023 0.185 0.018;0.116 0.021 0.18 0.006 0.025 0.02 0.087 0.026 0.03 0.203 0.023 0.036 0.185 0.024 0.018;
0.123 0.015 0.183 0.027 0.027 0.02 0.101 0.021 0.011 0.183 0.019 0.017 0.204 0.024 0.025;0.123 0.015 0.02 0.101 0.021 0.183 0.027 0.027 0.011 0.183 0.019 0.017 0.024 0.204 0.025;0.123 0.02 0.183 0.011 0.017 0.015 0.101 0.021 0.027 0.183 0.024 0.027 0.204 0.019 0.025;
0.121 0.017 0.193 0.026 0.032 0.019 0.089 0.03 0.019 0.176 0.018 0.026 0.195 0.024 0.015;0.121 0.017 0.019 0.089 0.03 0.193 0.026 0.032 0.019 0.176 0.018 0.026 0.024 0.195 0.015;0.121 0.019 0.193 0.019 0.026 0.017 0.089 0.03 0.026 0.176 0.024 0.032 0.195 0.018 0.015;
0.116 0.017 0.172 0.028 0.034 0.025 0.105 0.018 0.021 0.194 0.016 0.027 0.185 0.027 0.015;0.116 0.017 0.025 0.105 0.018 0.172 0.028 0.034 0.021 0.194 0.016 0.027 0.027 0.185 0.015;0.116 0.025 0.172 0.021 0.027 0.017 0.105 0.018 0.028 0.194 0.027 0.034 0.185 0.016 0.015;
0.111 0.019 0.181 0.026 0.019 0.03 0.1 0.023 0.019 0.171 0.025 0.029 0.199 0.027 0.021;0.111 0.019 0.03 0.1 0.023 0.181 0.026 0.019 0.019 0.171 0.025 0.029 0.027 0.199 0.021;0.111 0.03 0.181 0.019 0.029 0.019 0.1 0.023 0.026 0.171 0.027 0.019 0.199 0.025 0.021;
0.114 0.021 0.173 0.02 0.035 0.026 0.101 0.014 0.017 0.193 0.02 0.013 0.209 0.023 0.021;0.114 0.021 0.026 0.101 0.014 0.173 0.02 0.035 0.017 0.193 0.02 0.013 0.023 0.209 0.021;0.114 0.026 0.173 0.017 0.013 0.021 0.101 0.014 0.02 0.193 0.023 0.035 0.209 0.02 0.021;
0.118 0.02 0.181 0.017 0.028 0.014 0.116 0.028 0.02 0.168 0.018 0.025 0.206 0.024 0.017;0.118 0.02 0.014 0.116 0.028 0.181 0.017 0.028 0.02 0.168 0.018 0.025 0.024 0.206 0.017;0.118 0.014 0.181 0.02 0.025 0.02 0.116 0.028 0.017 0.168 0.024 0.028 0.206 0.018 0.017;
0.129 0.015 0.182 0.027 0.031 0.016 0.088 0.017 0.012 0.189 0.031 0.019 0.191 0.033 0.02;0.129 0.015 0.016 0.088 0.017 0.182 0.027 0.031 0.012 0.189 0.031 0.019 0.033 0.191 0.02;0.129 0.016 0.182 0.012 0.019 0.015 0.088 0.017 0.027 0.189 0.033 0.031 0.191 0.031 0.02;
0.102 0.016 0.183 0.024 0.03 0.02 0.101 0.012 0.016 0.173 0.029 0.029 0.214 0.037 0.014;0.102 0.016 0.02 0.101 0.012 0.183 0.024 0.03 0.016 0.173 0.029 0.029 0.037 0.214 0.014;0.102 0.02 0.183 0.016 0.029 0.016 0.101 0.012 0.024 0.173 0.037 0.03 0.214 0.029 0.014;
0.132 0.016 0.189 0.019 0.029 0.02 0.11 0.014 0.012 0.17 0.017 0.027 0.193 0.034 0.018;0.132 0.016 0.02 0.11 0.014 0.189 0.019 0.029 0.012 0.17 0.017 0.027 0.034 0.193 0.018;0.132 0.02 0.189 0.012 0.027 0.016 0.11 0.014 0.019 0.17 0.034 0.029 0.193 0.017 0.018;
0.115 0.016 0.173 0.028 0.029 0.018 0.094 0.018 0.02 0.203 0.024 0.026 0.183 0.034 0.019;0.115 0.016 0.018 0.094 0.018 0.173 0.028 0.029 0.02 0.203 0.024 0.026 0.034 0.183 0.019;0.115 0.018 0.173 0.02 0.026 0.016 0.094 0.018 0.028 0.203 0.034 0.029 0.183 0.024 0.019;
0.133 0.013 0.193 0.024 0.032 0.02 0.095 0.015 0.019 0.173 0.023 0.02 0.185 0.028 0.027;0.133 0.013 0.02 0.095 0.015 0.193 0.024 0.032 0.019 0.173 0.023 0.02 0.028 0.185 0.027;0.133 0.02 0.193 0.019 0.02 0.013 0.095 0.015 0.024 0.173 0.028 0.032 0.185 0.023 0.027;
0.113 0.025 0.193 0.025 0.035 0.021 0.076 0.022 0.012 0.168 0.017 0.022 0.211 0.03 0.03;0.113 0.025 0.021 0.076 0.022 0.193 0.025 0.035 0.012 0.168 0.017 0.022 0.03 0.211 0.03;0.113 0.021 0.193 0.012 0.022 0.025 0.076 0.022 0.025 0.168 0.03 0.035 0.211 0.017 0.03;
0.104 0.019 0.191 0.023 0.025 0.022 0.091 0.025 0.017 0.184 0.022 0.032 0.195 0.026 0.024;0.104 0.019 0.022 0.091 0.025 0.191 0.023 0.025 0.017 0.184 0.022 0.032 0.026 0.195 0.024;0.104 0.022 0.191 0.017 0.032 0.019 0.091 0.025 0.023 0.184 0.026 0.025 0.195 0.022 0.024;
0.131 0.016 0.178 0.027 0.037 0.016 0.099 0.015 0.012 0.184 0.027 0.027 0.202 0.018 0.011;0.131 0.016 0.016 0.099 0.015 0.178 0.027 0.037 0.012 0.184 0.027 0.027 0.018 0.202 0.011;0.131 0.016 0.178 0.012 0.027 0.016 0.099 0.015 0.027 0.184 0.018 0.037 0.202 0.027 0.011;
0.113 0.032 0.194 0.024 0.026 0.021 0.098 0.019 0.009 0.156 0.024 0.025 0.199 0.028 0.032;0.113 0.032 0.021 0.098 0.019 0.194 0.024 0.026 0.009 0.156 0.024 0.025 0.028 0.199 0.032;0.113 0.021 0.194 0.009 0.025 0.032 0.098 0.019 0.024 0.156 0.028 0.026 0.199 0.024 0.032;
0.107 0.022 0.199 0.018 0.034 0.024 0.096 0.023 0.014 0.178 0.024 0.02 0.192 0.027 0.022;0.107 0.022 0.024 0.096 0.023 0.199 0.018 0.034 0.014 0.178 0.024 0.02 0.027 0.192 0.022;0.107 0.024 0.199 0.014 0.02 0.022 0.096 0.023 0.018 0.178 0.027 0.034 0.192 0.024 0.022;
0.105 0.018 0.159 0.03 0.034 0.026 0.115 0.019 0.017 0.191 0.024 0.028 0.178 0.037 0.019;0.105 0.018 0.026 0.115 0.019 0.159 0.03 0.034 0.017 0.191 0.024 0.028 0.037 0.178 0.019;0.105 0.026 0.159 0.017 0.028 0.018 0.115 0.019 0.03 0.191 0.037 0.034 0.178 0.024 0.019;
0.121 0.023 0.185 0.028 0.029 0.014 0.096 0.019 0.022 0.163 0.029 0.022 0.199 0.03 0.02;0.121 0.023 0.014 0.096 0.019 0.185 0.028 0.029 0.022 0.163 0.029 0.022 0.03 0.199 0.02;0.121 0.014 0.185 0.022 0.022 0.023 0.096 0.019 0.028 0.163 0.03 0.029 0.199 0.029 0.02;
0.111 0.024 0.188 0.023 0.034 0.021 0.099 0.014 0.013 0.177 0.033 0.025 0.184 0.034 0.02;0.111 0.024 0.021 0.099 0.014 0.188 0.023 0.034 0.013 0.177 0.033 0.025 0.034 0.184 0.02;0.111 0.021 0.188 0.013 0.025 0.024 0.099 0.014 0.023 0.177 0.034 0.034 0.184 0.033 0.02;
0.099 0.014 0.167 0.02 0.031 0.018 0.117 0.01 0.014 0.202 0.022 0.029 0.213 0.031 0.013;0.099 0.014 0.018 0.117 0.01 0.167 0.02 0.031 0.014 0.202 0.022 0.029 0.031 0.213 0.013;0.099 0.018 0.167 0.014 0.029 0.014 0.117 0.01 0.02 0.202 0.031 0.031 0.213 0.022 0.013;
0.113 0.017 0.183 0.027 0.03 0.024 0.099 0.017 0.018 0.181 0.025 0.033 0.179 0.024 0.03;0.113 0.017 0.024 0.099 0.017 0.183 0.027 0.03 0.018 0.181 0.025 0.033 0.024 0.179 0.03;0.113 0.024 0.183 0.018 0.033 0.017 0.099 0.017 0.027 0.181 0.024 0.03 0.179 0.025 0.03;
0.124 0.021 0.172 0.022 0.039 0.019 0.09 0.02 0.014 0.194 0.023 0.025 0.182 0.028 0.027;0.124 0.021 0.019 0.09 0.02 0.172 0.022 0.039 0.014 0.194 0.023 0.025 0.028 0.182 0.027;0.124 0.019 0.172 0.014 0.025 0.021 0.09 0.02 0.022 0.194 0.028 0.039 0.182 0.023 0.027;
0.111 0.029 0.168 0.03 0.032 0.019 0.101 0.012 0.017 0.208 0.026 0.026 0.169 0.034 0.018;0.111 0.029 0.019 0.101 0.012 0.168 0.03 0.032 0.017 0.208 0.026 0.026 0.034 0.169 0.018;0.111 0.019 0.168 0.017 0.026 0.029 0.101 0.012 0.03 0.208 0.034 0.032 0.169 0.026 0.018;
0.112 0.023 0.171 0.025 0.029 0.024 0.096 0.016 0.013 0.183 0.017 0.025 0.212 0.034 0.02;0.112 0.023 0.024 0.096 0.016 0.171 0.025 0.029 0.013 0.183 0.017 0.025 0.034 0.212 0.02;0.112 0.024 0.171 0.013 0.025 0.023 0.096 0.016 0.025 0.183 0.034 0.029 0.212 0.017 0.02;
0.121 0.011 0.191 0.022 0.026 0.013 0.085 0.017 0.015 0.203 0.03 0.021 0.207 0.019 0.019;0.121 0.011 0.013 0.085 0.017 0.191 0.022 0.026 0.015 0.203 0.03 0.021 0.019 0.207 0.019;0.121 0.013 0.191 0.015 0.021 0.011 0.085 0.017 0.022 0.203 0.019 0.026 0.207 0.03 0.019;
0.122 0.014 0.17 0.017 0.025 0.025 0.084 0.022 0.014 0.192 0.022 0.026 0.219 0.033 0.015;0.122 0.014 0.025 0.084 0.022 0.17 0.017 0.025 0.014 0.192 0.022 0.026 0.033 0.219 0.015;0.122 0.025 0.17 0.014 0.026 0.014 0.084 0.022 0.017 0.192 0.033 0.025 0.219 0.022 0.015;
0.108 0.016 0.189 0.022 0.022 0.027 0.098 0.017 0.017 0.172 0.025 0.036 0.198 0.029 0.024;0.108 0.016 0.027 0.098 0.017 0.189 0.022 0.022 0.017 0.172 0.025 0.036 0.029 0.198 0.024;0.108 0.027 0.189 0.017 0.036 0.016 0.098 0.017 0.022 0.172 0.029 0.022 0.198 0.025 0.024;
0.107 0.025 0.2 0.021 0.035 0.021 0.087 0.025 0.014 0.177 0.03 0.021 0.185 0.032 0.02;0.107 0.025 0.021 0.087 0.025 0.2 0.021 0.035 0.014 0.177 0.03 0.021 0.032 0.185 0.02;0.107 0.021 0.2 0.014 0.021 0.025 0.087 0.025 0.021 0.177 0.032 0.035 0.185 0.03 0.02;
0.114 0.016 0.184 0.024 0.025 0.021 0.096 0.021 0.014 0.204 0.026 0.017 0.176 0.036 0.026;0.114 0.016 0.021 0.096 0.021 0.184 0.024 0.025 0.014 0.204 0.026 0.017 0.036 0.176 0.026;0.114 0.021 0.184 0.014 0.017 0.016 0.096 0.021 0.024 0.204 0.036 0.025 0.176 0.026 0.026;
0.107 0.019 0.214 0.027 0.03 0.022 0.091 0.015 0.017 0.168 0.023 0.021 0.196 0.033 0.017;0.107 0.019 0.022 0.091 0.015 0.214 0.027 0.03 0.017 0.168 0.023 0.021 0.033 0.196 0.017;0.107 0.022 0.214 0.017 0.021 0.019 0.091 0.015 0.027 0.168 0.033 0.03 0.196 0.023 0.017;
0.108 0.015 0.188 0.018 0.031 0.025 0.097 0.017 0.018 0.187 0.021 0.023 0.191 0.04 0.021;0.108 0.015 0.025 0.097 0.017 0.188 0.018 0.031 0.018 0.187 0.021 0.023 0.04 0.191 0.021;0.108 0.025 0.188 0.018 0.023 0.015 0.097 0.017 0.018 0.187 0.04 0.031 0.191 0.021 0.021;
0.101 0.021 0.192 0.023 0.028 0.021 0.097 0.02 0.016 0.201 0.029 0.017 0.18 0.034 0.02;0.101 0.021 0.021 0.097 0.02 0.192 0.023 0.028 0.016 0.201 0.029 0.017 0.034 0.18 0.02;0.101 0.021 0.192 0.016 0.017 0.021 0.097 0.02 0.023 0.201 0.034 0.028 0.18 0.029 0.02;
0.129 0.021 0.196 0.014 0.028 0.022 0.09 0.019 0.012 0.181 0.023 0.015 0.2 0.036 0.014;0.129 0.021 0.022 0.09 0.019 0.196 0.014 0.028 0.012 0.181 0.023 0.015 0.036 0.2 0.014;0.129 0.022 0.196 0.012 0.015 0.021 0.09 0.019 0.014 0.181 0.036 0.028 0.2 0.023 0.014;
0.113 0.026 0.179 0.027 0.033 0.02 0.09 0.022 0.016 0.185 0.02 0.025 0.195 0.031 0.018;0.113 0.026 0.02 0.09 0.022 0.179 0.027 0.033 0.016 0.185 0.02 0.025 0.031 0.195 0.018;0.113 0.02 0.179 0.016 0.025 0.026 0.09 0.022 0.027 0.185 0.031 0.033 0.195 0.02 0.018;
0.128 0.021 0.172 0.022 0.034 0.02 0.093 0.015 0.014 0.189 0.019 0.026 0.203 0.03 0.014;0.128 0.021 0.02 0.093 0.015 0.172 0.022 0.034 0.014 0.189 0.019 0.026 0.03 0.203 0.014;0.128 0.02 0.172 0.014 0.026 0.021 0.093 0.015 0.022 0.189 0.03 0.034 0.203 0.019 0.014;
0.111 0.015 0.186 0.012 0.038 0.022 0.095 0.026 0.018 0.195 0.023 0.025 0.178 0.035 0.021;0.111 0.015 0.022 0.095 0.026 0.186 0.012 0.038 0.018 0.195 0.023 0.025 0.035 0.178 0.021;0.111 0.022 0.186 0.018 0.025 0.015 0.095 0.026 0.012 0.195 0.035 0.038 0.178 0.023 0.021;
0.093 0.029 0.176 0.018 0.025 0.02 0.093 0.017 0.018 0.196 0.025 0.033 0.201 0.032 0.024;0.093 0.029 0.02 0.093 0.017 0.176 0.018 0.025 0.018 0.196 0.025 0.033 0.032 0.201 0.024;0.093 0.02 0.176 0.018 0.033 0.029 0.093 0.017 0.018 0.196 0.032 0.025 0.201 0.025 0.024;
0.126 0.024 0.168 0.018 0.033 0.021 0.09 0.013 0.015 0.183 0.019 0.027 0.199 0.04 0.024;0.126 0.024 0.021 0.09 0.013 0.168 0.018 0.033 0.015 0.183 0.019 0.027 0.04 0.199 0.024;0.126 0.021 0.168 0.015 0.027 0.024 0.09 0.013 0.018 0.183 0.04 0.033 0.199 0.019 0.024;
0.106 0.018 0.178 0.027 0.035 0.026 0.09 0.02 0.011 0.184 0.021 0.022 0.211 0.033 0.018;0.106 0.018 0.026 0.09 0.02 0.178 0.027 0.035 0.011 0.184 0.021 0.022 0.033 0.211 0.018;0.106 0.026 0.178 0.011 0.022 0.018 0.09 0.02 0.027 0.184 0.033 0.035 0.211 0.021 0.018;
0.098 0.026 0.173 0.027 0.031 0.019 0.071 0.026 0.019 0.199 0.028 0.025 0.209 0.036 0.013;0.098 0.026 0.019 0.071 0.026 0.173 0.027 0.031 0.019 0.199 0.028 0.025 0.036 0.209 0.013;0.098 0.019 0.173 0.019 0.025 0.026 0.071 0.026 0.027 0.199 0.036 0.031 0.209 0.028 0.013;
0.12 0.023 0.19 0.018 0.04 0.013 0.092 0.028 0.017 0.173 0.03 0.023 0.188 0.028 0.017;0.12 0.023 0.013 0.092 0.028 0.19 0.018 0.04 0.017 0.173 0.03 0.023 0.028 0.188 0.017;0.12 0.013 0.19 0.017 0.023 0.023 0.092 0.028 0.018 0.173 0.028 0.04 0.188 0.03 0.017;
0.108 0.023 0.189 0.019 0.024 0.019 0.092 0.014 0.014 0.183 0.031 0.032 0.202 0.028 0.022;0.108 0.023 0.019 0.092 0.014 0.189 0.019 0.024 0.014 0.183 0.031 0.032 0.028 0.202 0.022;0.108 0.019 0.189 0.014 0.032 0.023 0.092 0.014 0.019 0.183 0.028 0.024 0.202 0.031 0.022;
0.109 0.017 0.192 0.026 0.025 0.021 0.102 0.023 0.018 0.186 0.026 0.022 0.182 0.03 0.021;0.109 0.017 0.021 0.102 0.023 0.192 0.026 0.025 0.018 0.186 0.026 0.022 0.03 0.182 0.021;0.109 0.021 0.192 0.018 0.022 0.017 0.102 0.023 0.026 0.186 0.03 0.025 0.182 0.026 0.021;
0.102 0.014 0.204 0.024 0.029 0.025 0.103 0.023 0.014 0.175 0.028 0.038 0.183 0.022 0.016;0.102 0.014 0.025 0.103 0.023 0.204 0.024 0.029 0.014 0.175 0.028 0.038 0.022 0.183 0.016;0.102 0.025 0.204 0.014 0.038 0.014 0.103 0.023 0.024 0.175 0.022 0.029 0.183 0.028 0.016;
0.113 0.012 0.184 0.027 0.03 0.011 0.107 0.024 0.011 0.18 0.024 0.018 0.201 0.031 0.027;0.113 0.012 0.011 0.107 0.024 0.184 0.027 0.03 0.011 0.18 0.024 0.018 0.031 0.201 0.027;0.113 0.011 0.184 0.011 0.018 0.012 0.107 0.024 0.027 0.18 0.031 0.03 0.201 0.024 0.027;
0.092 0.025 0.181 0.014 0.022 0.028 0.104 0.022 0.017 0.174 0.021 0.033 0.216 0.034 0.017;0.092 0.025 0.028 0.104 0.022 0.181 0.014 0.022 0.017 0.174 0.021 0.033 0.034 0.216 0.017;0.092 0.028 0.181 0.017 0.033 0.025 0.104 0.022 0.014 0.174 0.034 0.022 0.216 0.021 0.017;
0.129 0.023 0.162 0.022 0.023 0.023 0.097 0.017 0.017 0.192 0.02 0.027 0.203 0.03 0.015;0.129 0.023 0.023 0.097 0.017 0.162 0.022 0.023 0.017 0.192 0.02 0.027 0.03 0.203 0.015;0.129 0.023 0.162 0.017 0.027 0.023 0.097 0.017 0.022 0.192 0.03 0.023 0.203 0.02 0.015;
0.111 0.018 0.165 0.021 0.032 0.02 0.105 0.015 0.008 0.202 0.024 0.03 0.198 0.031 0.02;0.111 0.018 0.02 0.105 0.015 0.165 0.021 0.032 0.008 0.202 0.024 0.03 0.031 0.198 0.02;0.111 0.02 0.165 0.008 0.03 0.018 0.105 0.015 0.021 0.202 0.031 0.032 0.198 0.024 0.02;
0.104 0.016 0.216 0.018 0.024 0.014 0.108 0.017 0.013 0.188 0.028 0.024 0.186 0.022 0.022;0.104 0.016 0.014 0.108 0.017 0.216 0.018 0.024 0.013 0.188 0.028 0.024 0.022 0.186 0.022;0.104 0.014 0.216 0.013 0.024 0.016 0.108 0.017 0.018 0.188 0.022 0.024 0.186 0.028 0.022;
0.104 0.021 0.223 0.017 0.034 0.01 0.106 0.016 0.01 0.171 0.03 0.03 0.176 0.035 0.017;0.104 0.021 0.01 0.106 0.016 0.223 0.017 0.034 0.01 0.171 0.03 0.03 0.035 0.176 0.017;0.104 0.01 0.223 0.01 0.03 0.021 0.106 0.016 0.017 0.171 0.035 0.034 0.176 0.03 0.017;
0.105 0.015 0.179 0.022 0.027 0.022 0.097 0.025 0.013 0.16 0.034 0.034 0.217 0.029 0.021;0.105 0.015 0.022 0.097 0.025 0.179 0.022 0.027 0.013 0.16 0.034 0.034 0.029 0.217 0.021;0.105 0.022 0.179 0.013 0.034 0.015 0.097 0.025 0.022 0.16 0.029 0.027 0.217 0.034 0.021;
0.118 0.014 0.175 0.021 0.025 0.029 0.094 0.023 0.015 0.205 0.02 0.033 0.176 0.027 0.025;0.118 0.014 0.029 0.094 0.023 0.175 0.021 0.025 0.015 0.205 0.02 0.033 0.027 0.176 0.025;0.118 0.029 0.175 0.015 0.033 0.014 0.094 0.023 0.021 0.205 0.027 0.025 0.176 0.02 0.025;
0.112 0.016 0.171 0.021 0.035 0.022 0.11 0.019 0.023 0.174 0.026 0.019 0.209 0.027 0.016;0.112 0.016 0.022 0.11 0.019 0.171 0.021 0.035 0.023 0.174 0.026 0.019 0.027 0.209 0.016;0.112 0.022 0.171 0.023 0.019 0.016 0.11 0.019 0.021 0.174 0.027 0.035 0.209 0.026 0.016;
0.122 0.022 0.186 0.03 0.03 0.026 0.095 0.021 0.018 0.192 0.018 0.018 0.186 0.025 0.011;0.122 0.022 0.026 0.095 0.021 0.186 0.03 0.03 0.018 0.192 0.018 0.018 0.025 0.186 0.011;0.122 0.026 0.186 0.018 0.018 0.022 0.095 0.021 0.03 0.192 0.025 0.03 0.186 0.018 0.011;
0.101 0.024 0.164 0.026 0.043 0.024 0.104 0.017 0.015 0.177 0.027 0.021 0.206 0.035 0.016;0.101 0.024 0.024 0.104 0.017 0.164 0.026 0.043 0.015 0.177 0.027 0.021 0.035 0.206 0.016;0.101 0.024 0.164 0.015 0.021 0.024 0.104 0.017 0.026 0.177 0.035 0.043 0.206 0.027 0.016;
0.116 0.019 0.177 0.024 0.03 0.021 0.087 0.011 0.011 0.188 0.025 0.027 0.219 0.025 0.02;0.116 0.019 0.021 0.087 0.011 0.177 0.024 0.03 0.011 0.188 0.025 0.027 0.025 0.219 0.02;0.116 0.021 0.177 0.011 0.027 0.019 0.087 0.011 0.024 0.188 0.025 0.03 0.219 0.025 0.02;
0.124 0.021 0.194 0.022 0.022 0.018 0.111 0.011 0.018 0.19 0.025 0.014 0.181 0.031 0.018;0.124 0.021 0.018 0.111 0.011 0.194 0.022 0.022 0.018 0.19 0.025 0.014 0.031 0.181 0.018;0.124 0.018 0.194 0.018 0.014 0.021 0.111 0.011 0.022 0.19 0.031 0.022 0.181 0.025 0.018;
0.124 0.025 0.163 0.018 0.035 0.022 0.103 0.021 0.022 0.186 0.03 0.018 0.178 0.03 0.025;0.124 0.025 0.022 0.103 0.021 0.163 0.018 0.035 0.022 0.186 0.03 0.018 0.03 0.178 0.025;0.124 0.022 0.163 0.022 0.018 0.025 0.103 0.021 0.018 0.186 0.03 0.035 0.178 0.03 0.025;
0.124 0.026 0.187 0.02 0.03 0.02 0.1 0.018 0.018 0.167 0.029 0.022 0.188 0.027 0.024;0.124 0.026 0.02 0.1 0.018 0.187 0.02 0.03 0.018 0.167 0.029 0.022 0.027 0.188 0.024;0.124 0.02 0.187 0.018 0.022 0.026 0.1 0.018 0.02 0.167 0.027 0.03 0.188 0.029 0.024;
0.131 0.02 0.2 0.025 0.023 0.015 0.085 0.012 0.021 0.183 0.018 0.029 0.19 0.028 0.02;0.131 0.02 0.015 0.085 0.012 0.2 0.025 0.023 0.021 0.183 0.018 0.029 0.028 0.19 0.02;0.131 0.015 0.2 0.021 0.029 0.02 0.085 0.012 0.025 0.183 0.028 0.023 0.19 0.018 0.02;
0.121 0.016 0.172 0.037 0.026 0.029 0.08 0.021 0.01 0.18 0.018 0.033 0.206 0.036 0.015;0.121 0.016 0.029 0.08 0.021 0.172 0.037 0.026 0.01 0.18 0.018 0.033 0.036 0.206 0.015;0.121 0.029 0.172 0.01 0.033 0.016 0.08 0.021 0.037 0.18 0.036 0.026 0.206 0.018 0.015;
0.102 0.018 0.187 0.025 0.03 0.025 0.104 0.013 0.014 0.168 0.026 0.024 0.223 0.026 0.015;0.102 0.018 0.025 0.104 0.013 0.187 0.025 0.03 0.014 0.168 0.026 0.024 0.026 0.223 0.015;0.102 0.025 0.187 0.014 0.024 0.018 0.104 0.013 0.025 0.168 0.026 0.03 0.223 0.026 0.015;
0.096 0.026 0.179 0.021 0.028 0.022 0.09 0.022 0.017 0.183 0.032 0.025 0.203 0.034 0.022;0.096 0.026 0.022 0.09 0.022 0.179 0.021 0.028 0.017 0.183 0.032 0.025 0.034 0.203 0.022;0.096 0.022 0.179 0.017 0.025 0.026 0.09 0.022 0.021 0.183 0.034 0.028 0.203 0.032 0.022;
0.124 0.018 0.195 0.021 0.036 0.02 0.099 0.02 0.017 0.159 0.027 0.028 0.181 0.033 0.022;0.124 0.018 0.02 0.099 0.02 0.195 0.021 0.036 0.017 0.159 0.027 0.028 0.033 0.181 0.022;0.124 0.02 0.195 0.017 0.028 0.018 0.099 0.02 0.021 0.159 0.033 0.036 0.181 0.027 0.022;
0.123 0.024 0.182 0.015 0.031 0.021 0.086 0.024 0.017 0.169 0.022 0.032 0.199 0.038 0.017;0.123 0.024 0.021 0.086 0.024 0.182 0.015 0.031 0.017 0.169 0.022 0.032 0.038 0.199 0.017;0.123 0.021 0.182 0.017 0.032 0.024 0.086 0.024 0.015 0.169 0.038 0.031 0.199 0.022 0.017;
0.108 0.02 0.21 0.026 0.022 0.02 0.088 0.018 0.014 0.175 0.026 0.019 0.199 0.037 0.018;0.108 0.02 0.02 0.088 0.018 0.21 0.026 0.022 0.014 0.175 0.026 0.019 0.037 0.199 0.018;0.108 0.02 0.21 0.014 0.019 0.02 0.088 0.018 0.026 0.175 0.037 0.022 0.199 0.026 0.018;
0.107 0.025 0.166 0.024 0.036 0.015 0.105 0.023 0.01 0.184 0.03 0.019 0.183 0.049 0.024;0.107 0.025 0.015 0.105 0.023 0.166 0.024 0.036 0.01 0.184 0.03 0.019 0.049 0.183 0.024;0.107 0.015 0.166 0.01 0.019 0.025 0.105 0.023 0.024 0.184 0.049 0.036 0.183 0.03 0.024;
0.11 0.033 0.175 0.019 0.036 0.017 0.095 0.011 0.014 0.181 0.024 0.019 0.208 0.029 0.029;0.11 0.033 0.017 0.095 0.011 0.175 0.019 0.036 0.014 0.181 0.024 0.019 0.029 0.208 0.029;0.11 0.017 0.175 0.014 0.019 0.033 0.095 0.011 0.019 0.181 0.029 0.036 0.208 0.024 0.029;
0.121 0.018 0.191 0.022 0.035 0.023 0.117 0.027 0.019 0.159 0.023 0.022 0.176 0.029 0.018;0.121 0.018 0.023 0.117 0.027 0.191 0.022 0.035 0.019 0.159 0.023 0.022 0.029 0.176 0.018;0.121 0.023 0.191 0.019 0.022 0.018 0.117 0.027 0.022 0.159 0.029 0.035 0.176 0.023 0.018;
0.105 0.014 0.186 0.019 0.028 0.014 0.103 0.027 0.018 0.179 0.031 0.03 0.197 0.036 0.013;0.105 0.014 0.014 0.103 0.027 0.186 0.019 0.028 0.018 0.179 0.031 0.03 0.036 0.197 0.013;0.105 0.014 0.186 0.018 0.03 0.014 0.103 0.027 0.019 0.179 0.036 0.028 0.197 0.031 0.013;
0.133 0.027 0.183 0.027 0.028 0.024 0.077 0.013 0.019 0.179 0.027 0.029 0.195 0.026 0.013;0.133 0.027 0.024 0.077 0.013 0.183 0.027 0.028 0.019 0.179 0.027 0.029 0.026 0.195 0.013;0.133 0.024 0.183 0.019 0.029 0.027 0.077 0.013 0.027 0.179 0.026 0.028 0.195 0.027 0.013;
0.105 0.02 0.147 0.02 0.03 0.021 0.095 0.019 0.02 0.218 0.027 0.023 0.201 0.035 0.019;0.105 0.02 0.021 0.095 0.019 0.147 0.02 0.03 0.02 0.218 0.027 0.023 0.035 0.201 0.019;0.105 0.021 0.147 0.02 0.023 0.02 0.095 0.019 0.02 0.218 0.035 0.03 0.201 0.027 0.019;
0.118 0.019 0.184 0.018 0.035 0.02 0.09 0.021 0.015 0.206 0.022 0.018 0.18 0.032 0.022;0.118 0.019 0.02 0.09 0.021 0.184 0.018 0.035 0.015 0.206 0.022 0.018 0.032 0.18 0.022;0.118 0.02 0.184 0.015 0.018 0.019 0.09 0.021 0.018 0.206 0.032 0.035 0.18 0.022 0.022;
0.121 0.018 0.186 0.022 0.03 0.023 0.101 0.017 0.016 0.191 0.02 0.033 0.174 0.03 0.018;0.121 0.018 0.023 0.101 0.017 0.186 0.022 0.03 0.016 0.191 0.02 0.033 0.03 0.174 0.018;0.121 0.023 0.186 0.016 0.033 0.018 0.101 0.017 0.022 0.191 0.03 0.03 0.174 0.02 0.018;
0.114 0.024 0.201 0.024 0.03 0.019 0.077 0.019 0.016 0.172 0.026 0.028 0.194 0.031 0.025;0.114 0.024 0.019 0.077 0.019 0.201 0.024 0.03 0.016 0.172 0.026 0.028 0.031 0.194 0.025;0.114 0.019 0.201 0.016 0.028 0.024 0.077 0.019 0.024 0.172 0.031 0.03 0.194 0.026 0.025;
0.098 0.017 0.196 0.021 0.032 0.017 0.105 0.025 0.017 0.179 0.021 0.032 0.184 0.031 0.025;0.098 0.017 0.017 0.105 0.025 0.196 0.021 0.032 0.017 0.179 0.021 0.032 0.031 0.184 0.025;0.098 0.017 0.196 0.017 0.032 0.017 0.105 0.025 0.021 0.179 0.031 0.032 0.184 0.021 0.025;
0.127 0.021 0.195 0.021 0.032 0.022 0.068 0.016 0.01 0.192 0.035 0.021 0.198 0.02 0.022;0.127 0.021 0.022 0.068 0.016 0.195 0.021 0.032 0.01 0.192 0.035 0.021 0.02 0.198 0.022;0.127 0.022 0.195 0.01 0.021 0.021 0.068 0.016 0.021 0.192 0.02 0.032 0.198 0.035 0.022;
0.138 0.022 0.182 0.024 0.024 0.021 0.1 0.012 0.006 0.164 0.026 0.028 0.205 0.027 0.021;0.138 0.022 0.021 0.1 0.012 0.182 0.024 0.024 0.006 0.164 0.026 0.028 0.027 0.205 0.021;0.138 0.021 0.182 0.006 0.028 0.022 0.1 0.012 0.024 0.164 0.027 0.024 0.205 0.026 0.021;
0.109 0.019 0.196 0.028 0.024 0.02 0.097 0.016 0.011 0.199 0.023 0.02 0.193 0.028 0.017;0.109 0.019 0.02 0.097 0.016 0.196 0.028 0.024 0.011 0.199 0.023 0.02 0.028 0.193 0.017;0.109 0.02 0.196 0.011 0.02 0.019 0.097 0.016 0.028 0.199 0.028 0.024 0.193 0.023 0.017;
0.115 0.018 0.188 0.015 0.024 0.022 0.08 0.027 0.022 0.18 0.03 0.021 0.2 0.036 0.022;0.115 0.018 0.022 0.08 0.027 0.188 0.015 0.024 0.022 0.18 0.03 0.021 0.036 0.2 0.022;0.115 0.022 0.188 0.022 0.021 0.018 0.08 0.027 0.015 0.18 0.036 0.024 0.2 0.03 0.022;
0.112 0.02 0.196 0.018 0.023 0.014 0.101 0.017 0.021 0.197 0.026 0.022 0.194 0.022 0.017;0.112 0.02 0.014 0.101 0.017 0.196 0.018 0.023 0.021 0.197 0.026 0.022 0.022 0.194 0.017;0.112 0.014 0.196 0.021 0.022 0.02 0.101 0.017 0.018 0.197 0.022 0.023 0.194 0.026 0.017;
0.119 0.019 0.168 0.024 0.032 0.015 0.106 0.019 0.011 0.182 0.03 0.022 0.194 0.035 0.024;0.119 0.019 0.015 0.106 0.019 0.168 0.024 0.032 0.011 0.182 0.03 0.022 0.035 0.194 0.024;0.119 0.015 0.168 0.011 0.022 0.019 0.106 0.019 0.024 0.182 0.035 0.032 0.194 0.03 0.024;
0.119 0.016 0.183 0.024 0.028 0.015 0.101 0.013 0.021 0.164 0.022 0.015 0.231 0.026 0.022;0.119 0.016 0.015 0.101 0.013 0.183 0.024 0.028 0.021 0.164 0.022 0.015 0.026 0.231 0.022;0.119 0.015 0.183 0.021 0.015 0.016 0.101 0.013 0.024 0.164 0.026 0.028 0.231 0.022 0.022;
0.116 0.018 0.183 0.02 0.034 0.025 0.103 0.023 0.01 0.184 0.015 0.02 0.197 0.035 0.017;0.116 0.018 0.025 0.103 0.023 0.183 0.02 0.034 0.01 0.184 0.015 0.02 0.035 0.197 0.017;0.116 0.025 0.183 0.01 0.02 0.018 0.103 0.023 0.02 0.184 0.035 0.034 0.197 0.015 0.017;
0.097 0.02 0.187 0.021 0.027 0.022 0.092 0.028 0.01 0.198 0.025 0.029 0.195 0.026 0.023;0.097 0.02 0.022 0.092 0.028 0.187 0.021 0.027 0.01 0.198 0.025 0.029 0.026 0.195 0.023;0.097 0.022 0.187 0.01 0.029 0.02 0.092 0.028 0.021 0.198 0.026 0.027 0.195 0.025 0.023;
0.104 0.019 0.181 0.028 0.029 0.023 0.096 0.022 0.013 0.185 0.023 0.029 0.197 0.036 0.015;0.104 0.019 0.023 0.096 0.022 0.181 0.028 0.029 0.013 0.185 0.023 0.029 0.036 0.197 0.015;0.104 0.023 0.181 0.013 0.029 0.019 0.096 0.022 0.028 0.185 0.036 0.029 0.197 0.023 0.015;
0.125 0.019 0.173 0.026 0.021 0.02 0.091 0.02 0.014 0.2 0.026 0.02 0.194 0.034 0.017;0.125 0.019 0.02 0.091 0.02 0.173 0.026 0.021 0.014 0.2 0.026 0.02 0.034 0.194 0.017;0.125 0.02 0.173 0.014 0.02 0.019 0.091 0.02 0.026 0.2 0.034 0.021 0.194 0.026 0.017;
0.108 0.025 0.184 0.02 0.031 0.026 0.102 0.012 0.01 0.185 0.023 0.023 0.204 0.03 0.017;0.108 0.025 0.026 0.102 0.012 0.184 0.02 0.031 0.01 0.185 0.023 0.023 0.03 0.204 0.017;0.108 0.026 0.184 0.01 0.023 0.025 0.102 0.012 0.02 0.185 0.03 0.031 0.204 0.023 0.017;
0.107 0.023 0.175 0.028 0.02 0.019 0.092 0.023 0.014 0.188 0.027 0.031 0.2 0.029 0.024;0.107 0.023 0.019 0.092 0.023 0.175 0.028 0.02 0.014 0.188 0.027 0.031 0.029 0.2 0.024;0.107 0.019 0.175 0.014 0.031 0.023 0.092 0.023 0.028 0.188 0.029 0.02 0.2 0.027 0.024;
0.126 0.022 0.192 0.018 0.028 0.025 0.081 0.021 0.015 0.182 0.019 0.027 0.204 0.031 0.009;0.126 0.022 0.025 0.081 0.021 0.192 0.018 0.028 0.015 0.182 0.019 0.027 0.031 0.204 0.009;0.126 0.025 0.192 0.015 0.027 0.022 0.081 0.021 0.018 0.182 0.031 0.028 0.204 0.019 0.009;
0.106 0.031 0.18 0.016 0.031 0.015 0.108 0.023 0.011 0.207 0.023 0.029 0.173 0.027 0.02;0.106 0.031 0.015 0.108 0.023 0.18 0.016 0.031 0.011 0.207 0.023 0.029 0.027 0.173 0.02;0.106 0.015 0.18 0.011 0.029 0.031 0.108 0.023 0.016 0.207 0.027 0.031 0.173 0.023 0.02;
0.125 0.02 0.2 0.021 0.032 0.018 0.084 0.022 0.01 0.192 0.022 0.022 0.172 0.039 0.021;0.125 0.02 0.018 0.084 0.022 0.2 0.021 0.032 0.01 0.192 0.022 0.022 0.039 0.172 0.021;0.125 0.018 0.2 0.01 0.022 0.02 0.084 0.022 0.021 0.192 0.039 0.032 0.172 0.022 0.021;
0.095 0.018 0.191 0.024 0.031 0.023 0.105 0.014 0.013 0.191 0.022 0.022 0.186 0.045 0.02;0.095 0.018 0.023 0.105 0.014 0.191 0.024 0.031 0.013 0.191 0.022 0.022 0.045 0.186 0.02;0.095 0.023 0.191 0.013 0.022 0.018 0.105 0.014 0.024 0.191 0.045 0.031 0.186 0.022 0.02;
0.126 0.021 0.198 0.022 0.025 0.015 0.094 0.015 0.025 0.168 0.022 0.017 0.202 0.028 0.022;0.126 0.021 0.015 0.094 0.015 0.198 0.022 0.025 0.025 0.168 0.022 0.017 0.028 0.202 0.022;0.126 0.015 0.198 0.025 0.017 0.021 0.094 0.015 0.022 0.168 0.028 0.025 0.202 0.022 0.022;
0.116 0.022 0.18 0.026 0.04 0.025 0.081 0.026 0.016 0.174 0.029 0.029 0.178 0.036 0.022;0.116 0.022 0.025 0.081 0.026 0.18 0.026 0.04 0.016 0.174 0.029 0.029 0.036 0.178 0.022;0.116 0.025 0.18 0.016 0.029 0.022 0.081 0.026 0.026 0.174 0.036 0.04 0.178 0.029 0.022;
0.11 0.028 0.2 0.026 0.03 0.018 0.083 0.029 0.014 0.161 0.02 0.026 0.202 0.034 0.019;0.11 0.028 0.018 0.083 0.029 0.2 0.026 0.03 0.014 0.161 0.02 0.026 0.034 0.202 0.019;0.11 0.018 0.2 0.014 0.026 0.028 0.083 0.029 0.026 0.161 0.034 0.03 0.202 0.02 0.019;
0.12 0.015 0.152 0.024 0.032 0.017 0.095 0.023 0.016 0.22 0.024 0.023 0.195 0.031 0.013;0.12 0.015 0.017 0.095 0.023 0.152 0.024 0.032 0.016 0.22 0.024 0.023 0.031 0.195 0.013;0.12 0.017 0.152 0.016 0.023 0.015 0.095 0.023 0.024 0.22 0.031 0.032 0.195 0.024 0.013];