pntP=[0.056 0.06 0.081 0.073 0.108 0.064 0.044 0.073 0.027 0.074 0.064 0.051 0.053 0.1 0.072;0.056 0.06 0.064 0.044 0.073 0.081 0.073 0.108 0.027 0.074 0.064 0.051 0.1 0.053 0.072;0.056 0.064 0.081 0.027 0.051 0.06 0.044 0.073 0.073 0.074 0.1 0.108 0.053 0.064 0.072;
0.055 0.082 0.053 0.09 0.093 0.09 0.04 0.079 0.035 0.076 0.06 0.061 0.053 0.084 0.049;0.055 0.082 0.09 0.04 0.079 0.053 0.09 0.093 0.035 0.076 0.06 0.061 0.084 0.053 0.049;0.055 0.09 0.053 0.035 0.061 0.082 0.04 0.079 0.09 0.076 0.084 0.093 0.053 0.06 0.049;
0.061 0.075 0.064 0.091 0.091 0.068 0.042 0.065 0.041 0.062 0.06 0.061 0.057 0.092 0.07;0.061 0.075 0.068 0.042 0.065 0.064 0.091 0.091 0.041 0.062 0.06 0.061 0.092 0.057 0.07;0.061 0.068 0.064 0.041 0.061 0.075 0.042 0.065 0.091 0.062 0.092 0.091 0.057 0.06 0.07;
0.061 0.073 0.05 0.08 0.119 0.077 0.046 0.07 0.03 0.055 0.064 0.066 0.05 0.097 0.062;0.061 0.073 0.077 0.046 0.07 0.05 0.08 0.119 0.03 0.055 0.064 0.066 0.097 0.05 0.062;0.061 0.077 0.05 0.03 0.066 0.073 0.046 0.07 0.08 0.055 0.097 0.119 0.05 0.064 0.062;
0.052 0.075 0.063 0.067 0.109 0.078 0.035 0.067 0.047 0.055 0.063 0.07 0.055 0.114 0.05;0.052 0.075 0.078 0.035 0.067 0.063 0.067 0.109 0.047 0.055 0.063 0.07 0.114 0.055 0.05;0.052 0.078 0.063 0.047 0.07 0.075 0.035 0.067 0.067 0.055 0.114 0.109 0.055 0.063 0.05;
0.055 0.076 0.056 0.086 0.1 0.078 0.028 0.074 0.044 0.065 0.062 0.057 0.057 0.095 0.067;0.055 0.076 0.078 0.028 0.074 0.056 0.086 0.1 0.044 0.065 0.062 0.057 0.095 0.057 0.067;0.055 0.078 0.056 0.044 0.057 0.076 0.028 0.074 0.086 0.065 0.095 0.1 0.057 0.062 0.067;
0.056 0.077 0.06 0.102 0.082 0.069 0.032 0.064 0.04 0.065 0.056 0.062 0.061 0.101 0.073;0.056 0.077 0.069 0.032 0.064 0.06 0.102 0.082 0.04 0.065 0.056 0.062 0.101 0.061 0.073;0.056 0.069 0.06 0.04 0.062 0.077 0.032 0.064 0.102 0.065 0.101 0.082 0.061 0.056 0.073;
0.057 0.08 0.063 0.104 0.094 0.062 0.046 0.058 0.021 0.067 0.071 0.061 0.04 0.122 0.054;0.057 0.08 0.062 0.046 0.058 0.063 0.104 0.094 0.021 0.067 0.071 0.061 0.122 0.04 0.054;0.057 0.062 0.063 0.021 0.061 0.08 0.046 0.058 0.104 0.067 0.122 0.094 0.04 0.071 0.054;
0.049 0.082 0.058 0.086 0.124 0.069 0.039 0.074 0.029 0.067 0.061 0.053 0.068 0.086 0.055;0.049 0.082 0.069 0.039 0.074 0.058 0.086 0.124 0.029 0.067 0.061 0.053 0.086 0.068 0.055;0.049 0.069 0.058 0.029 0.053 0.082 0.039 0.074 0.086 0.067 0.086 0.124 0.068 0.061 0.055;
0.058 0.06 0.065 0.089 0.085 0.071 0.03 0.064 0.037 0.082 0.07 0.053 0.069 0.107 0.06;0.058 0.06 0.071 0.03 0.064 0.065 0.089 0.085 0.037 0.082 0.07 0.053 0.107 0.069 0.06;0.058 0.071 0.065 0.037 0.053 0.06 0.03 0.064 0.089 0.082 0.107 0.085 0.069 0.07 0.06;
0.054 0.079 0.059 0.087 0.098 0.069 0.036 0.082 0.034 0.059 0.056 0.071 0.055 0.1 0.061;0.054 0.079 0.069 0.036 0.082 0.059 0.087 0.098 0.034 0.059 0.056 0.071 0.1 0.055 0.061;0.054 0.069 0.059 0.034 0.071 0.079 0.036 0.082 0.087 0.059 0.1 0.098 0.055 0.056 0.061;
0.056 0.079 0.058 0.085 0.083 0.079 0.053 0.073 0.025 0.071 0.059 0.077 0.05 0.093 0.059;0.056 0.079 0.079 0.053 0.073 0.058 0.085 0.083 0.025 0.071 0.059 0.077 0.093 0.05 0.059;0.056 0.079 0.058 0.025 0.077 0.079 0.053 0.073 0.085 0.071 0.093 0.083 0.05 0.059 0.059;
0.064 0.071 0.054 0.071 0.098 0.07 0.04 0.059 0.033 0.062 0.074 0.07 0.068 0.104 0.062;0.064 0.071 0.07 0.04 0.059 0.054 0.071 0.098 0.033 0.062 0.074 0.07 0.104 0.068 0.062;0.064 0.07 0.054 0.033 0.07 0.071 0.04 0.059 0.071 0.062 0.104 0.098 0.068 0.074 0.062;
0.054 0.083 0.053 0.08 0.097 0.051 0.037 0.071 0.034 0.065 0.073 0.064 0.072 0.106 0.06;0.054 0.083 0.051 0.037 0.071 0.053 0.08 0.097 0.034 0.065 0.073 0.064 0.106 0.072 0.06;0.054 0.051 0.053 0.034 0.064 0.083 0.037 0.071 0.08 0.065 0.106 0.097 0.072 0.073 0.06;
0.062 0.071 0.07 0.084 0.097 0.073 0.041 0.076 0.031 0.053 0.068 0.061 0.062 0.097 0.054;0.062 0.071 0.073 0.041 0.076 0.07 0.084 0.097 0.031 0.053 0.068 0.061 0.097 0.062 0.054;0.062 0.073 0.07 0.031 0.061 0.071 0.041 0.076 0.084 0.053 0.097 0.097 0.062 0.068 0.054;
0.061 0.086 0.064 0.09 0.094 0.073 0.033 0.077 0.037 0.063 0.068 0.052 0.057 0.09 0.055;0.061 0.086 0.073 0.033 0.077 0.064 0.09 0.094 0.037 0.063 0.068 0.052 0.09 0.057 0.055;0.061 0.073 0.064 0.037 0.052 0.086 0.033 0.077 0.09 0.063 0.09 0.094 0.057 0.068 0.055;
0.051 0.088 0.058 0.096 0.103 0.072 0.041 0.068 0.026 0.065 0.07 0.06 0.053 0.096 0.053;0.051 0.088 0.072 0.041 0.068 0.058 0.096 0.103 0.026 0.065 0.07 0.06 0.096 0.053 0.053;0.051 0.072 0.058 0.026 0.06 0.088 0.041 0.068 0.096 0.065 0.096 0.103 0.053 0.07 0.053;
0.068 0.063 0.057 0.09 0.107 0.074 0.037 0.069 0.04 0.058 0.062 0.055 0.051 0.108 0.061;0.068 0.063 0.074 0.037 0.069 0.057 0.09 0.107 0.04 0.058 0.062 0.055 0.108 0.051 0.061;0.068 0.074 0.057 0.04 0.055 0.063 0.037 0.069 0.09 0.058 0.108 0.107 0.051 0.062 0.061;
0.055 0.076 0.066 0.08 0.083 0.077 0.046 0.072 0.034 0.07 0.064 0.069 0.067 0.1 0.041;0.055 0.076 0.077 0.046 0.072 0.066 0.08 0.083 0.034 0.07 0.064 0.069 0.1 0.067 0.041;0.055 0.077 0.066 0.034 0.069 0.076 0.046 0.072 0.08 0.07 0.1 0.083 0.067 0.064 0.041;
0.06 0.073 0.059 0.088 0.104 0.084 0.034 0.065 0.046 0.06 0.055 0.061 0.058 0.09 0.063;0.06 0.073 0.084 0.034 0.065 0.059 0.088 0.104 0.046 0.06 0.055 0.061 0.09 0.058 0.063;0.06 0.084 0.059 0.046 0.061 0.073 0.034 0.065 0.088 0.06 0.09 0.104 0.058 0.055 0.063;
0.059 0.05 0.078 0.083 0.103 0.074 0.022 0.072 0.047 0.065 0.066 0.063 0.064 0.104 0.05;0.059 0.05 0.074 0.022 0.072 0.078 0.083 0.103 0.047 0.065 0.066 0.063 0.104 0.064 0.05;0.059 0.074 0.078 0.047 0.063 0.05 0.022 0.072 0.083 0.065 0.104 0.103 0.064 0.066 0.05;
0.047 0.066 0.055 0.071 0.111 0.064 0.042 0.083 0.036 0.073 0.068 0.062 0.055 0.105 0.062;0.047 0.066 0.064 0.042 0.083 0.055 0.071 0.111 0.036 0.073 0.068 0.062 0.105 0.055 0.062;0.047 0.064 0.055 0.036 0.062 0.066 0.042 0.083 0.071 0.073 0.105 0.111 0.055 0.068 0.062;
0.05 0.076 0.074 0.088 0.091 0.074 0.041 0.093 0.045 0.059 0.058 0.055 0.061 0.083 0.052;0.05 0.076 0.074 0.041 0.093 0.074 0.088 0.091 0.045 0.059 0.058 0.055 0.083 0.061 0.052;0.05 0.074 0.074 0.045 0.055 0.076 0.041 0.093 0.088 0.059 0.083 0.091 0.061 0.058 0.052;
0.049 0.088 0.06 0.066 0.102 0.057 0.041 0.082 0.032 0.073 0.084 0.066 0.062 0.087 0.051;0.049 0.088 0.057 0.041 0.082 0.06 0.066 0.102 0.032 0.073 0.084 0.066 0.087 0.062 0.051;0.049 0.057 0.06 0.032 0.066 0.088 0.041 0.082 0.066 0.073 0.087 0.102 0.062 0.084 0.051;
0.054 0.078 0.067 0.096 0.09 0.088 0.033 0.072 0.038 0.056 0.054 0.062 0.066 0.103 0.043;0.054 0.078 0.088 0.033 0.072 0.067 0.096 0.09 0.038 0.056 0.054 0.062 0.103 0.066 0.043;0.054 0.088 0.067 0.038 0.062 0.078 0.033 0.072 0.096 0.056 0.103 0.09 0.066 0.054 0.043;
0.051 0.065 0.055 0.079 0.098 0.077 0.038 0.075 0.029 0.054 0.076 0.071 0.081 0.1 0.051;0.051 0.065 0.077 0.038 0.075 0.055 0.079 0.098 0.029 0.054 0.076 0.071 0.1 0.081 0.051;0.051 0.077 0.055 0.029 0.071 0.065 0.038 0.075 0.079 0.054 0.1 0.098 0.081 0.076 0.051;
0.056 0.084 0.061 0.089 0.109 0.068 0.032 0.073 0.041 0.054 0.072 0.064 0.053 0.089 0.055;0.056 0.084 0.068 0.032 0.073 0.061 0.089 0.109 0.041 0.054 0.072 0.064 0.089 0.053 0.055;0.056 0.068 0.061 0.041 0.064 0.084 0.032 0.073 0.089 0.054 0.089 0.109 0.053 0.072 0.055;
0.064 0.088 0.069 0.084 0.113 0.068 0.038 0.07 0.035 0.045 0.075 0.047 0.066 0.087 0.051;0.064 0.088 0.068 0.038 0.07 0.069 0.084 0.113 0.035 0.045 0.075 0.047 0.087 0.066 0.051;0.064 0.068 0.069 0.035 0.047 0.088 0.038 0.07 0.084 0.045 0.087 0.113 0.066 0.075 0.051;
0.052 0.085 0.067 0.084 0.119 0.081 0.041 0.072 0.026 0.044 0.044 0.068 0.059 0.101 0.057;0.052 0.085 0.081 0.041 0.072 0.067 0.084 0.119 0.026 0.044 0.044 0.068 0.101 0.059 0.057;0.052 0.081 0.067 0.026 0.068 0.085 0.041 0.072 0.084 0.044 0.101 0.119 0.059 0.044 0.057;
0.073 0.075 0.063 0.087 0.099 0.068 0.036 0.077 0.029 0.051 0.061 0.063 0.058 0.107 0.053;0.073 0.075 0.068 0.036 0.077 0.063 0.087 0.099 0.029 0.051 0.061 0.063 0.107 0.058 0.053;0.073 0.068 0.063 0.029 0.063 0.075 0.036 0.077 0.087 0.051 0.107 0.099 0.058 0.061 0.053;
0.066 0.09 0.048 0.082 0.091 0.071 0.035 0.067 0.043 0.058 0.059 0.079 0.066 0.099 0.046;0.066 0.09 0.071 0.035 0.067 0.048 0.082 0.091 0.043 0.058 0.059 0.079 0.099 0.066 0.046;0.066 0.071 0.048 0.043 0.079 0.09 0.035 0.067 0.082 0.058 0.099 0.091 0.066 0.059 0.046;
0.056 0.078 0.079 0.089 0.089 0.067 0.039 0.084 0.026 0.057 0.06 0.067 0.051 0.093 0.065;0.056 0.078 0.067 0.039 0.084 0.079 0.089 0.089 0.026 0.057 0.06 0.067 0.093 0.051 0.065;0.056 0.067 0.079 0.026 0.067 0.078 0.039 0.084 0.089 0.057 0.093 0.089 0.051 0.06 0.065;
0.057 0.062 0.082 0.083 0.11 0.06 0.035 0.062 0.039 0.061 0.06 0.06 0.056 0.115 0.058;0.057 0.062 0.06 0.035 0.062 0.082 0.083 0.11 0.039 0.061 0.06 0.06 0.115 0.056 0.058;0.057 0.06 0.082 0.039 0.06 0.062 0.035 0.062 0.083 0.061 0.115 0.11 0.056 0.06 0.058;
0.053 0.088 0.06 0.085 0.115 0.059 0.051 0.062 0.036 0.057 0.053 0.067 0.056 0.105 0.053;0.053 0.088 0.059 0.051 0.062 0.06 0.085 0.115 0.036 0.057 0.053 0.067 0.105 0.056 0.053;0.053 0.059 0.06 0.036 0.067 0.088 0.051 0.062 0.085 0.057 0.105 0.115 0.056 0.053 0.053;
0.054 0.076 0.051 0.078 0.121 0.075 0.028 0.077 0.036 0.05 0.062 0.064 0.052 0.118 0.058;0.054 0.076 0.075 0.028 0.077 0.051 0.078 0.121 0.036 0.05 0.062 0.064 0.118 0.052 0.058;0.054 0.075 0.051 0.036 0.064 0.076 0.028 0.077 0.078 0.05 0.118 0.121 0.052 0.062 0.058;
0.064 0.073 0.064 0.071 0.109 0.076 0.025 0.081 0.047 0.054 0.073 0.061 0.053 0.093 0.056;0.064 0.073 0.076 0.025 0.081 0.064 0.071 0.109 0.047 0.054 0.073 0.061 0.093 0.053 0.056;0.064 0.076 0.064 0.047 0.061 0.073 0.025 0.081 0.071 0.054 0.093 0.109 0.053 0.073 0.056;
0.055 0.068 0.066 0.096 0.087 0.076 0.043 0.071 0.037 0.051 0.077 0.053 0.06 0.104 0.056;0.055 0.068 0.076 0.043 0.071 0.066 0.096 0.087 0.037 0.051 0.077 0.053 0.104 0.06 0.056;0.055 0.076 0.066 0.037 0.053 0.068 0.043 0.071 0.096 0.051 0.104 0.087 0.06 0.077 0.056;
0.066 0.08 0.057 0.084 0.105 0.078 0.039 0.067 0.037 0.046 0.07 0.056 0.055 0.102 0.058;0.066 0.08 0.078 0.039 0.067 0.057 0.084 0.105 0.037 0.046 0.07 0.056 0.102 0.055 0.058;0.066 0.078 0.057 0.037 0.056 0.08 0.039 0.067 0.084 0.046 0.102 0.105 0.055 0.07 0.058;
0.06 0.07 0.064 0.067 0.09 0.084 0.041 0.085 0.033 0.076 0.057 0.071 0.057 0.089 0.056;0.06 0.07 0.084 0.041 0.085 0.064 0.067 0.09 0.033 0.076 0.057 0.071 0.089 0.057 0.056;0.06 0.084 0.064 0.033 0.071 0.07 0.041 0.085 0.067 0.076 0.089 0.09 0.057 0.057 0.056;
0.056 0.077 0.059 0.087 0.092 0.085 0.034 0.056 0.035 0.057 0.068 0.068 0.06 0.114 0.052;0.056 0.077 0.085 0.034 0.056 0.059 0.087 0.092 0.035 0.057 0.068 0.068 0.114 0.06 0.052;0.056 0.085 0.059 0.035 0.068 0.077 0.034 0.056 0.087 0.057 0.114 0.092 0.06 0.068 0.052;
0.053 0.082 0.044 0.082 0.085 0.074 0.053 0.068 0.036 0.059 0.066 0.07 0.053 0.104 0.071;0.053 0.082 0.074 0.053 0.068 0.044 0.082 0.085 0.036 0.059 0.066 0.07 0.104 0.053 0.071;0.053 0.074 0.044 0.036 0.07 0.082 0.053 0.068 0.082 0.059 0.104 0.085 0.053 0.066 0.071;
0.057 0.079 0.046 0.088 0.095 0.084 0.042 0.081 0.031 0.067 0.055 0.054 0.062 0.101 0.058;0.057 0.079 0.084 0.042 0.081 0.046 0.088 0.095 0.031 0.067 0.055 0.054 0.101 0.062 0.058;0.057 0.084 0.046 0.031 0.054 0.079 0.042 0.081 0.088 0.067 0.101 0.095 0.062 0.055 0.058;
0.057 0.078 0.062 0.086 0.089 0.079 0.037 0.081 0.034 0.052 0.072 0.067 0.064 0.095 0.047;0.057 0.078 0.079 0.037 0.081 0.062 0.086 0.089 0.034 0.052 0.072 0.067 0.095 0.064 0.047;0.057 0.079 0.062 0.034 0.067 0.078 0.037 0.081 0.086 0.052 0.095 0.089 0.064 0.072 0.047;
0.055 0.079 0.07 0.09 0.104 0.071 0.037 0.057 0.047 0.053 0.057 0.059 0.067 0.095 0.059;0.055 0.079 0.071 0.037 0.057 0.07 0.09 0.104 0.047 0.053 0.057 0.059 0.095 0.067 0.059;0.055 0.071 0.07 0.047 0.059 0.079 0.037 0.057 0.09 0.053 0.095 0.104 0.067 0.057 0.059;
0.049 0.075 0.055 0.096 0.099 0.064 0.023 0.081 0.051 0.061 0.059 0.058 0.062 0.103 0.064;0.049 0.075 0.064 0.023 0.081 0.055 0.096 0.099 0.051 0.061 0.059 0.058 0.103 0.062 0.064;0.049 0.064 0.055 0.051 0.058 0.075 0.023 0.081 0.096 0.061 0.103 0.099 0.062 0.059 0.064;
0.044 0.082 0.063 0.094 0.1 0.08 0.034 0.072 0.039 0.05 0.068 0.062 0.066 0.088 0.058;0.044 0.082 0.08 0.034 0.072 0.063 0.094 0.1 0.039 0.05 0.068 0.062 0.088 0.066 0.058;0.044 0.08 0.063 0.039 0.062 0.082 0.034 0.072 0.094 0.05 0.088 0.1 0.066 0.068 0.058;
0.068 0.079 0.053 0.088 0.107 0.082 0.042 0.06 0.045 0.072 0.056 0.049 0.059 0.086 0.054;0.068 0.079 0.082 0.042 0.06 0.053 0.088 0.107 0.045 0.072 0.056 0.049 0.086 0.059 0.054;0.068 0.082 0.053 0.045 0.049 0.079 0.042 0.06 0.088 0.072 0.086 0.107 0.059 0.056 0.054;
0.068 0.071 0.062 0.105 0.097 0.065 0.044 0.066 0.044 0.049 0.055 0.057 0.055 0.102 0.06;0.068 0.071 0.065 0.044 0.066 0.062 0.105 0.097 0.044 0.049 0.055 0.057 0.102 0.055 0.06;0.068 0.065 0.062 0.044 0.057 0.071 0.044 0.066 0.105 0.049 0.102 0.097 0.055 0.055 0.06;
0.052 0.073 0.076 0.068 0.092 0.079 0.047 0.071 0.043 0.055 0.068 0.067 0.066 0.092 0.051;0.052 0.073 0.079 0.047 0.071 0.076 0.068 0.092 0.043 0.055 0.068 0.067 0.092 0.066 0.051;0.052 0.079 0.076 0.043 0.067 0.073 0.047 0.071 0.068 0.055 0.092 0.092 0.066 0.068 0.051;
0.048 0.073 0.068 0.077 0.102 0.069 0.035 0.071 0.029 0.065 0.059 0.076 0.068 0.101 0.059;0.048 0.073 0.069 0.035 0.071 0.068 0.077 0.102 0.029 0.065 0.059 0.076 0.101 0.068 0.059;0.048 0.069 0.068 0.029 0.076 0.073 0.035 0.071 0.077 0.065 0.101 0.102 0.068 0.059 0.059;
0.052 0.075 0.068 0.085 0.088 0.068 0.038 0.068 0.036 0.072 0.068 0.049 0.062 0.101 0.07;0.052 0.075 0.068 0.038 0.068 0.068 0.085 0.088 0.036 0.072 0.068 0.049 0.101 0.062 0.07;0.052 0.068 0.068 0.036 0.049 0.075 0.038 0.068 0.085 0.072 0.101 0.088 0.062 0.068 0.07;
0.06 0.072 0.059 0.071 0.096 0.082 0.035 0.068 0.03 0.059 0.068 0.071 0.056 0.115 0.058;0.06 0.072 0.082 0.035 0.068 0.059 0.071 0.096 0.03 0.059 0.068 0.071 0.115 0.056 0.058;0.06 0.082 0.059 0.03 0.071 0.072 0.035 0.068 0.071 0.059 0.115 0.096 0.056 0.068 0.058;
0.054 0.081 0.067 0.087 0.095 0.074 0.042 0.063 0.031 0.064 0.066 0.057 0.055 0.111 0.053;0.054 0.081 0.074 0.042 0.063 0.067 0.087 0.095 0.031 0.064 0.066 0.057 0.111 0.055 0.053;0.054 0.074 0.067 0.031 0.057 0.081 0.042 0.063 0.087 0.064 0.111 0.095 0.055 0.066 0.053;
0.059 0.077 0.053 0.083 0.095 0.085 0.046 0.058 0.043 0.074 0.061 0.06 0.053 0.094 0.059;0.059 0.077 0.085 0.046 0.058 0.053 0.083 0.095 0.043 0.074 0.061 0.06 0.094 0.053 0.059;0.059 0.085 0.053 0.043 0.06 0.077 0.046 0.058 0.083 0.074 0.094 0.095 0.053 0.061 0.059;
0.061 0.061 0.055 0.089 0.107 0.07 0.036 0.079 0.033 0.075 0.069 0.059 0.061 0.09 0.055;0.061 0.061 0.07 0.036 0.079 0.055 0.089 0.107 0.033 0.075 0.069 0.059 0.09 0.061 0.055;0.061 0.07 0.055 0.033 0.059 0.061 0.036 0.079 0.089 0.075 0.09 0.107 0.061 0.069 0.055;
0.052 0.089 0.069 0.08 0.096 0.069 0.024 0.068 0.035 0.067 0.066 0.064 0.055 0.115 0.051;0.052 0.089 0.069 0.024 0.068 0.069 0.08 0.096 0.035 0.067 0.066 0.064 0.115 0.055 0.051;0.052 0.069 0.069 0.035 0.064 0.089 0.024 0.068 0.08 0.067 0.115 0.096 0.055 0.066 0.051;
0.055 0.072 0.051 0.083 0.111 0.081 0.041 0.057 0.049 0.048 0.062 0.072 0.064 0.098 0.056;0.055 0.072 0.081 0.041 0.057 0.051 0.083 0.111 0.049 0.048 0.062 0.072 0.098 0.064 0.056;0.055 0.081 0.051 0.049 0.072 0.072 0.041 0.057 0.083 0.048 0.098 0.111 0.064 0.062 0.056;
0.055 0.076 0.058 0.084 0.104 0.08 0.052 0.056 0.031 0.06 0.068 0.069 0.056 0.084 0.067;0.055 0.076 0.08 0.052 0.056 0.058 0.084 0.104 0.031 0.06 0.068 0.069 0.084 0.056 0.067;0.055 0.08 0.058 0.031 0.069 0.076 0.052 0.056 0.084 0.06 0.084 0.104 0.056 0.068 0.067;
0.061 0.071 0.052 0.09 0.106 0.078 0.049 0.052 0.036 0.071 0.056 0.073 0.06 0.098 0.047;0.061 0.071 0.078 0.049 0.052 0.052 0.09 0.106 0.036 0.071 0.056 0.073 0.098 0.06 0.047;0.061 0.078 0.052 0.036 0.073 0.071 0.049 0.052 0.09 0.071 0.098 0.106 0.06 0.056 0.047;
0.066 0.074 0.048 0.099 0.084 0.076 0.047 0.076 0.032 0.062 0.07 0.069 0.058 0.091 0.048;0.066 0.074 0.076 0.047 0.076 0.048 0.099 0.084 0.032 0.062 0.07 0.069 0.091 0.058 0.048;0.066 0.076 0.048 0.032 0.069 0.074 0.047 0.076 0.099 0.062 0.091 0.084 0.058 0.07 0.048;
0.052 0.067 0.062 0.08 0.086 0.076 0.044 0.08 0.03 0.065 0.058 0.064 0.065 0.117 0.054;0.052 0.067 0.076 0.044 0.08 0.062 0.08 0.086 0.03 0.065 0.058 0.064 0.117 0.065 0.054;0.052 0.076 0.062 0.03 0.064 0.067 0.044 0.08 0.08 0.065 0.117 0.086 0.065 0.058 0.054;
0.056 0.07 0.056 0.104 0.09 0.069 0.024 0.073 0.037 0.063 0.075 0.067 0.059 0.106 0.051;0.056 0.07 0.069 0.024 0.073 0.056 0.104 0.09 0.037 0.063 0.075 0.067 0.106 0.059 0.051;0.056 0.069 0.056 0.037 0.067 0.07 0.024 0.073 0.104 0.063 0.106 0.09 0.059 0.075 0.051;
0.056 0.087 0.069 0.089 0.086 0.077 0.042 0.059 0.034 0.057 0.069 0.059 0.072 0.092 0.052;0.056 0.087 0.077 0.042 0.059 0.069 0.089 0.086 0.034 0.057 0.069 0.059 0.092 0.072 0.052;0.056 0.077 0.069 0.034 0.059 0.087 0.042 0.059 0.089 0.057 0.092 0.086 0.072 0.069 0.052;
0.05 0.062 0.061 0.086 0.096 0.071 0.045 0.077 0.027 0.073 0.059 0.054 0.076 0.098 0.065;0.05 0.062 0.071 0.045 0.077 0.061 0.086 0.096 0.027 0.073 0.059 0.054 0.098 0.076 0.065;0.05 0.071 0.061 0.027 0.054 0.062 0.045 0.077 0.086 0.073 0.098 0.096 0.076 0.059 0.065;
0.052 0.074 0.06 0.073 0.091 0.071 0.028 0.068 0.038 0.068 0.059 0.067 0.06 0.121 0.07;0.052 0.074 0.071 0.028 0.068 0.06 0.073 0.091 0.038 0.068 0.059 0.067 0.121 0.06 0.07;0.052 0.071 0.06 0.038 0.067 0.074 0.028 0.068 0.073 0.068 0.121 0.091 0.06 0.059 0.07;
0.058 0.079 0.07 0.079 0.103 0.066 0.032 0.067 0.041 0.068 0.07 0.052 0.046 0.116 0.053;0.058 0.079 0.066 0.032 0.067 0.07 0.079 0.103 0.041 0.068 0.07 0.052 0.116 0.046 0.053;0.058 0.066 0.07 0.041 0.052 0.079 0.032 0.067 0.079 0.068 0.116 0.103 0.046 0.07 0.053;
0.058 0.072 0.061 0.088 0.107 0.069 0.042 0.071 0.043 0.059 0.067 0.056 0.064 0.094 0.049;0.058 0.072 0.069 0.042 0.071 0.061 0.088 0.107 0.043 0.059 0.067 0.056 0.094 0.064 0.049;0.058 0.069 0.061 0.043 0.056 0.072 0.042 0.071 0.088 0.059 0.094 0.107 0.064 0.067 0.049;
0.064 0.074 0.056 0.092 0.085 0.075 0.039 0.066 0.037 0.058 0.066 0.077 0.07 0.085 0.056;0.064 0.074 0.075 0.039 0.066 0.056 0.092 0.085 0.037 0.058 0.066 0.077 0.085 0.07 0.056;0.064 0.075 0.056 0.037 0.077 0.074 0.039 0.066 0.092 0.058 0.085 0.085 0.07 0.066 0.056;
0.061 0.081 0.066 0.085 0.099 0.076 0.035 0.067 0.044 0.056 0.064 0.056 0.061 0.098 0.051;0.061 0.081 0.076 0.035 0.067 0.066 0.085 0.099 0.044 0.056 0.064 0.056 0.098 0.061 0.051;0.061 0.076 0.066 0.044 0.056 0.081 0.035 0.067 0.085 0.056 0.098 0.099 0.061 0.064 0.051;
0.052 0.08 0.069 0.103 0.097 0.071 0.038 0.075 0.036 0.055 0.059 0.064 0.047 0.088 0.066;0.052 0.08 0.071 0.038 0.075 0.069 0.103 0.097 0.036 0.055 0.059 0.064 0.088 0.047 0.066;0.052 0.071 0.069 0.036 0.064 0.08 0.038 0.075 0.103 0.055 0.088 0.097 0.047 0.059 0.066;
0.059 0.069 0.079 0.084 0.093 0.063 0.033 0.063 0.033 0.069 0.075 0.069 0.065 0.094 0.052;0.059 0.069 0.063 0.033 0.063 0.079 0.084 0.093 0.033 0.069 0.075 0.069 0.094 0.065 0.052;0.059 0.063 0.079 0.033 0.069 0.069 0.033 0.063 0.084 0.069 0.094 0.093 0.065 0.075 0.052;
0.053 0.08 0.068 0.077 0.091 0.072 0.041 0.069 0.045 0.054 0.055 0.068 0.058 0.105 0.064;0.053 0.08 0.072 0.041 0.069 0.068 0.077 0.091 0.045 0.054 0.055 0.068 0.105 0.058 0.064;0.053 0.072 0.068 0.045 0.068 0.08 0.041 0.069 0.077 0.054 0.105 0.091 0.058 0.055 0.064;
0.068 0.079 0.068 0.072 0.093 0.069 0.044 0.061 0.035 0.079 0.068 0.059 0.063 0.083 0.059;0.068 0.079 0.069 0.044 0.061 0.068 0.072 0.093 0.035 0.079 0.068 0.059 0.083 0.063 0.059;0.068 0.069 0.068 0.035 0.059 0.079 0.044 0.061 0.072 0.079 0.083 0.093 0.063 0.068 0.059;
0.051 0.077 0.06 0.084 0.097 0.078 0.03 0.063 0.044 0.063 0.073 0.066 0.059 0.109 0.046;0.051 0.077 0.078 0.03 0.063 0.06 0.084 0.097 0.044 0.063 0.073 0.066 0.109 0.059 0.046;0.051 0.078 0.06 0.044 0.066 0.077 0.03 0.063 0.084 0.063 0.109 0.097 0.059 0.073 0.046;
0.046 0.07 0.052 0.088 0.118 0.051 0.039 0.068 0.051 0.064 0.074 0.063 0.049 0.111 0.056;0.046 0.07 0.051 0.039 0.068 0.052 0.088 0.118 0.051 0.064 0.074 0.063 0.111 0.049 0.056;0.046 0.051 0.052 0.051 0.063 0.07 0.039 0.068 0.088 0.064 0.111 0.118 0.049 0.074 0.056;
0.047 0.073 0.057 0.085 0.113 0.081 0.031 0.085 0.03 0.055 0.067 0.067 0.063 0.099 0.047;0.047 0.073 0.081 0.031 0.085 0.057 0.085 0.113 0.03 0.055 0.067 0.067 0.099 0.063 0.047;0.047 0.081 0.057 0.03 0.067 0.073 0.031 0.085 0.085 0.055 0.099 0.113 0.063 0.067 0.047;
0.056 0.077 0.057 0.073 0.112 0.073 0.043 0.072 0.036 0.059 0.061 0.07 0.05 0.103 0.058;0.056 0.077 0.073 0.043 0.072 0.057 0.073 0.112 0.036 0.059 0.061 0.07 0.103 0.05 0.058;0.056 0.073 0.057 0.036 0.07 0.077 0.043 0.072 0.073 0.059 0.103 0.112 0.05 0.061 0.058;
0.055 0.065 0.068 0.083 0.08 0.079 0.049 0.075 0.041 0.063 0.049 0.07 0.062 0.094 0.067;0.055 0.065 0.079 0.049 0.075 0.068 0.083 0.08 0.041 0.063 0.049 0.07 0.094 0.062 0.067;0.055 0.079 0.068 0.041 0.07 0.065 0.049 0.075 0.083 0.063 0.094 0.08 0.062 0.049 0.067;
0.055 0.092 0.051 0.081 0.089 0.073 0.043 0.072 0.038 0.073 0.071 0.059 0.061 0.09 0.052;0.055 0.092 0.073 0.043 0.072 0.051 0.081 0.089 0.038 0.073 0.071 0.059 0.09 0.061 0.052;0.055 0.073 0.051 0.038 0.059 0.092 0.043 0.072 0.081 0.073 0.09 0.089 0.061 0.071 0.052;
0.071 0.077 0.064 0.08 0.083 0.084 0.04 0.074 0.034 0.057 0.05 0.061 0.067 0.1 0.058;0.071 0.077 0.084 0.04 0.074 0.064 0.08 0.083 0.034 0.057 0.05 0.061 0.1 0.067 0.058;0.071 0.084 0.064 0.034 0.061 0.077 0.04 0.074 0.08 0.057 0.1 0.083 0.067 0.05 0.058;
0.059 0.081 0.067 0.092 0.098 0.081 0.032 0.065 0.041 0.052 0.043 0.068 0.053 0.115 0.053;0.059 0.081 0.081 0.032 0.065 0.067 0.092 0.098 0.041 0.052 0.043 0.068 0.115 0.053 0.053;0.059 0.081 0.067 0.041 0.068 0.081 0.032 0.065 0.092 0.052 0.115 0.098 0.053 0.043 0.053;
0.057 0.076 0.058 0.087 0.096 0.075 0.036 0.052 0.036 0.066 0.069 0.065 0.079 0.105 0.043;0.057 0.076 0.075 0.036 0.052 0.058 0.087 0.096 0.036 0.066 0.069 0.065 0.105 0.079 0.043;0.057 0.075 0.058 0.036 0.065 0.076 0.036 0.052 0.087 0.066 0.105 0.096 0.079 0.069 0.043;
0.042 0.089 0.064 0.08 0.086 0.073 0.035 0.08 0.031 0.071 0.063 0.064 0.064 0.094 0.064;0.042 0.089 0.073 0.035 0.08 0.064 0.08 0.086 0.031 0.071 0.063 0.064 0.094 0.064 0.064;0.042 0.073 0.064 0.031 0.064 0.089 0.035 0.08 0.08 0.071 0.094 0.086 0.064 0.063 0.064;
0.062 0.074 0.065 0.069 0.103 0.079 0.034 0.081 0.028 0.05 0.062 0.067 0.067 0.101 0.058;0.062 0.074 0.079 0.034 0.081 0.065 0.069 0.103 0.028 0.05 0.062 0.067 0.101 0.067 0.058;0.062 0.079 0.065 0.028 0.067 0.074 0.034 0.081 0.069 0.05 0.101 0.103 0.067 0.062 0.058;
0.051 0.063 0.058 0.094 0.103 0.064 0.033 0.066 0.036 0.062 0.069 0.065 0.07 0.098 0.068;0.051 0.063 0.064 0.033 0.066 0.058 0.094 0.103 0.036 0.062 0.069 0.065 0.098 0.07 0.068;0.051 0.064 0.058 0.036 0.065 0.063 0.033 0.066 0.094 0.062 0.098 0.103 0.07 0.069 0.068;
0.055 0.086 0.054 0.104 0.096 0.07 0.039 0.074 0.033 0.056 0.057 0.055 0.066 0.104 0.051;0.055 0.086 0.07 0.039 0.074 0.054 0.104 0.096 0.033 0.056 0.057 0.055 0.104 0.066 0.051;0.055 0.07 0.054 0.033 0.055 0.086 0.039 0.074 0.104 0.056 0.104 0.096 0.066 0.057 0.051;
0.061 0.071 0.058 0.084 0.101 0.088 0.043 0.067 0.034 0.063 0.068 0.051 0.056 0.095 0.06;0.061 0.071 0.088 0.043 0.067 0.058 0.084 0.101 0.034 0.063 0.068 0.051 0.095 0.056 0.06;0.061 0.088 0.058 0.034 0.051 0.071 0.043 0.067 0.084 0.063 0.095 0.101 0.056 0.068 0.06;
0.058 0.089 0.072 0.078 0.098 0.072 0.038 0.055 0.035 0.061 0.057 0.062 0.062 0.091 0.072;0.058 0.089 0.072 0.038 0.055 0.072 0.078 0.098 0.035 0.061 0.057 0.062 0.091 0.062 0.072;0.058 0.072 0.072 0.035 0.062 0.089 0.038 0.055 0.078 0.061 0.091 0.098 0.062 0.057 0.072;
0.057 0.075 0.056 0.076 0.1 0.087 0.038 0.074 0.032 0.053 0.062 0.061 0.074 0.087 0.068;0.057 0.075 0.087 0.038 0.074 0.056 0.076 0.1 0.032 0.053 0.062 0.061 0.087 0.074 0.068;0.057 0.087 0.056 0.032 0.061 0.075 0.038 0.074 0.076 0.053 0.087 0.1 0.074 0.062 0.068;
0.064 0.062 0.061 0.089 0.091 0.067 0.036 0.063 0.034 0.057 0.086 0.057 0.066 0.105 0.062;0.064 0.062 0.067 0.036 0.063 0.061 0.089 0.091 0.034 0.057 0.086 0.057 0.105 0.066 0.062;0.064 0.067 0.061 0.034 0.057 0.062 0.036 0.063 0.089 0.057 0.105 0.091 0.066 0.086 0.062;
0.065 0.057 0.073 0.077 0.112 0.084 0.036 0.064 0.035 0.044 0.056 0.065 0.062 0.114 0.056;0.065 0.057 0.084 0.036 0.064 0.073 0.077 0.112 0.035 0.044 0.056 0.065 0.114 0.062 0.056;0.065 0.084 0.073 0.035 0.065 0.057 0.036 0.064 0.077 0.044 0.114 0.112 0.062 0.056 0.056;
0.061 0.073 0.059 0.085 0.107 0.074 0.039 0.068 0.034 0.074 0.064 0.058 0.048 0.1 0.056;0.061 0.073 0.074 0.039 0.068 0.059 0.085 0.107 0.034 0.074 0.064 0.058 0.1 0.048 0.056;0.061 0.074 0.059 0.034 0.058 0.073 0.039 0.068 0.085 0.074 0.1 0.107 0.048 0.064 0.056;
0.058 0.077 0.061 0.083 0.105 0.074 0.037 0.08 0.043 0.057 0.058 0.056 0.062 0.093 0.056;0.058 0.077 0.074 0.037 0.08 0.061 0.083 0.105 0.043 0.057 0.058 0.056 0.093 0.062 0.056;0.058 0.074 0.061 0.043 0.056 0.077 0.037 0.08 0.083 0.057 0.093 0.105 0.062 0.058 0.056;
0.065 0.065 0.065 0.081 0.096 0.075 0.038 0.076 0.041 0.053 0.059 0.06 0.068 0.107 0.051;0.065 0.065 0.075 0.038 0.076 0.065 0.081 0.096 0.041 0.053 0.059 0.06 0.107 0.068 0.051;0.065 0.075 0.065 0.041 0.06 0.065 0.038 0.076 0.081 0.053 0.107 0.096 0.068 0.059 0.051;
0.055 0.097 0.061 0.078 0.101 0.063 0.041 0.056 0.044 0.068 0.069 0.053 0.055 0.099 0.06;0.055 0.097 0.063 0.041 0.056 0.061 0.078 0.101 0.044 0.068 0.069 0.053 0.099 0.055 0.06;0.055 0.063 0.061 0.044 0.053 0.097 0.041 0.056 0.078 0.068 0.099 0.101 0.055 0.069 0.06;
0.044 0.079 0.062 0.087 0.084 0.071 0.039 0.077 0.031 0.066 0.079 0.069 0.05 0.103 0.059;0.044 0.079 0.071 0.039 0.077 0.062 0.087 0.084 0.031 0.066 0.079 0.069 0.103 0.05 0.059;0.044 0.071 0.062 0.031 0.069 0.079 0.039 0.077 0.087 0.066 0.103 0.084 0.05 0.079 0.059;
0.062 0.074 0.057 0.076 0.112 0.067 0.03 0.08 0.04 0.065 0.064 0.063 0.058 0.097 0.055;0.062 0.074 0.067 0.03 0.08 0.057 0.076 0.112 0.04 0.065 0.064 0.063 0.097 0.058 0.055;0.062 0.067 0.057 0.04 0.063 0.074 0.03 0.08 0.076 0.065 0.097 0.112 0.058 0.064 0.055;
0.048 0.08 0.07 0.078 0.105 0.079 0.041 0.073 0.033 0.059 0.054 0.051 0.058 0.117 0.054;0.048 0.08 0.079 0.041 0.073 0.07 0.078 0.105 0.033 0.059 0.054 0.051 0.117 0.058 0.054;0.048 0.079 0.07 0.033 0.051 0.08 0.041 0.073 0.078 0.059 0.117 0.105 0.058 0.054 0.054;
0.056 0.085 0.055 0.079 0.094 0.071 0.04 0.072 0.04 0.059 0.073 0.07 0.061 0.085 0.06;0.056 0.085 0.071 0.04 0.072 0.055 0.079 0.094 0.04 0.059 0.073 0.07 0.085 0.061 0.06;0.056 0.071 0.055 0.04 0.07 0.085 0.04 0.072 0.079 0.059 0.085 0.094 0.061 0.073 0.06;
0.05 0.069 0.06 0.075 0.098 0.069 0.035 0.086 0.041 0.065 0.072 0.067 0.061 0.104 0.048;0.05 0.069 0.069 0.035 0.086 0.06 0.075 0.098 0.041 0.065 0.072 0.067 0.104 0.061 0.048;0.05 0.069 0.06 0.041 0.067 0.069 0.035 0.086 0.075 0.065 0.104 0.098 0.061 0.072 0.048];