pntP=[0.023 0.051 0.059 0.072 0.097 0.063 0.043 0.08 0.035 0.054 0.078 0.063 0.102 0.089 0.091;0.023 0.051 0.063 0.043 0.08 0.059 0.072 0.097 0.035 0.054 0.078 0.063 0.089 0.102 0.091;0.023 0.063 0.059 0.035 0.063 0.051 0.043 0.08 0.072 0.054 0.089 0.097 0.102 0.078 0.091;
0.034 0.052 0.064 0.055 0.088 0.046 0.036 0.082 0.039 0.062 0.08 0.088 0.09 0.102 0.082;0.034 0.052 0.046 0.036 0.082 0.064 0.055 0.088 0.039 0.062 0.08 0.088 0.102 0.09 0.082;0.034 0.046 0.064 0.039 0.088 0.052 0.036 0.082 0.055 0.062 0.102 0.088 0.09 0.08 0.082;
0.025 0.056 0.062 0.054 0.089 0.053 0.044 0.076 0.028 0.073 0.077 0.081 0.087 0.103 0.092;0.025 0.056 0.053 0.044 0.076 0.062 0.054 0.089 0.028 0.073 0.077 0.081 0.103 0.087 0.092;0.025 0.053 0.062 0.028 0.081 0.056 0.044 0.076 0.054 0.073 0.103 0.089 0.087 0.077 0.092;
0.029 0.047 0.069 0.053 0.102 0.066 0.041 0.072 0.044 0.057 0.083 0.077 0.089 0.083 0.088;0.029 0.047 0.066 0.041 0.072 0.069 0.053 0.102 0.044 0.057 0.083 0.077 0.083 0.089 0.088;0.029 0.066 0.069 0.044 0.077 0.047 0.041 0.072 0.053 0.057 0.083 0.102 0.089 0.083 0.088;
0.023 0.042 0.063 0.068 0.105 0.054 0.049 0.069 0.049 0.054 0.096 0.086 0.077 0.086 0.079;0.023 0.042 0.054 0.049 0.069 0.063 0.068 0.105 0.049 0.054 0.096 0.086 0.086 0.077 0.079;0.023 0.054 0.063 0.049 0.086 0.042 0.049 0.069 0.068 0.054 0.086 0.105 0.077 0.096 0.079;
0.039 0.058 0.051 0.056 0.095 0.057 0.034 0.071 0.031 0.051 0.105 0.074 0.087 0.105 0.086;0.039 0.058 0.057 0.034 0.071 0.051 0.056 0.095 0.031 0.051 0.105 0.074 0.105 0.087 0.086;0.039 0.057 0.051 0.031 0.074 0.058 0.034 0.071 0.056 0.051 0.105 0.095 0.087 0.105 0.086;
0.025 0.051 0.059 0.052 0.111 0.056 0.056 0.076 0.042 0.06 0.081 0.079 0.086 0.089 0.077;0.025 0.051 0.056 0.056 0.076 0.059 0.052 0.111 0.042 0.06 0.081 0.079 0.089 0.086 0.077;0.025 0.056 0.059 0.042 0.079 0.051 0.056 0.076 0.052 0.06 0.089 0.111 0.086 0.081 0.077;
0.025 0.052 0.066 0.06 0.098 0.053 0.046 0.078 0.041 0.055 0.08 0.074 0.085 0.105 0.082;0.025 0.052 0.053 0.046 0.078 0.066 0.06 0.098 0.041 0.055 0.08 0.074 0.105 0.085 0.082;0.025 0.053 0.066 0.041 0.074 0.052 0.046 0.078 0.06 0.055 0.105 0.098 0.085 0.08 0.082;
0.031 0.046 0.064 0.067 0.103 0.051 0.045 0.081 0.047 0.063 0.066 0.054 0.09 0.112 0.08;0.031 0.046 0.051 0.045 0.081 0.064 0.067 0.103 0.047 0.063 0.066 0.054 0.112 0.09 0.08;0.031 0.051 0.064 0.047 0.054 0.046 0.045 0.081 0.067 0.063 0.112 0.103 0.09 0.066 0.08;
0.034 0.049 0.059 0.056 0.096 0.063 0.048 0.074 0.042 0.062 0.074 0.086 0.089 0.09 0.078;0.034 0.049 0.063 0.048 0.074 0.059 0.056 0.096 0.042 0.062 0.074 0.086 0.09 0.089 0.078;0.034 0.063 0.059 0.042 0.086 0.049 0.048 0.074 0.056 0.062 0.09 0.096 0.089 0.074 0.078;
0.024 0.06 0.041 0.072 0.088 0.057 0.051 0.086 0.038 0.061 0.071 0.076 0.086 0.114 0.075;0.024 0.06 0.057 0.051 0.086 0.041 0.072 0.088 0.038 0.061 0.071 0.076 0.114 0.086 0.075;0.024 0.057 0.041 0.038 0.076 0.06 0.051 0.086 0.072 0.061 0.114 0.088 0.086 0.071 0.075;
0.033 0.062 0.051 0.059 0.09 0.058 0.047 0.08 0.028 0.069 0.087 0.085 0.086 0.082 0.083;0.033 0.062 0.058 0.047 0.08 0.051 0.059 0.09 0.028 0.069 0.087 0.085 0.082 0.086 0.083;0.033 0.058 0.051 0.028 0.085 0.062 0.047 0.08 0.059 0.069 0.082 0.09 0.086 0.087 0.083;
0.027 0.048 0.065 0.071 0.091 0.057 0.048 0.086 0.052 0.043 0.078 0.082 0.074 0.09 0.088;0.027 0.048 0.057 0.048 0.086 0.065 0.071 0.091 0.052 0.043 0.078 0.082 0.09 0.074 0.088;0.027 0.057 0.065 0.052 0.082 0.048 0.048 0.086 0.071 0.043 0.09 0.091 0.074 0.078 0.088;
0.023 0.051 0.069 0.06 0.094 0.057 0.035 0.083 0.041 0.057 0.083 0.079 0.1 0.101 0.067;0.023 0.051 0.057 0.035 0.083 0.069 0.06 0.094 0.041 0.057 0.083 0.079 0.101 0.1 0.067;0.023 0.057 0.069 0.041 0.079 0.051 0.035 0.083 0.06 0.057 0.101 0.094 0.1 0.083 0.067;
0.036 0.056 0.063 0.06 0.094 0.05 0.041 0.072 0.042 0.075 0.093 0.083 0.083 0.083 0.069;0.036 0.056 0.05 0.041 0.072 0.063 0.06 0.094 0.042 0.075 0.093 0.083 0.083 0.083 0.069;0.036 0.05 0.063 0.042 0.083 0.056 0.041 0.072 0.06 0.075 0.083 0.094 0.083 0.093 0.069;
0.037 0.056 0.061 0.064 0.091 0.05 0.043 0.09 0.038 0.064 0.092 0.065 0.092 0.084 0.073;0.037 0.056 0.05 0.043 0.09 0.061 0.064 0.091 0.038 0.064 0.092 0.065 0.084 0.092 0.073;0.037 0.05 0.061 0.038 0.065 0.056 0.043 0.09 0.064 0.064 0.084 0.091 0.092 0.092 0.073;
0.037 0.043 0.059 0.065 0.1 0.052 0.04 0.065 0.039 0.064 0.085 0.104 0.074 0.096 0.077;0.037 0.043 0.052 0.04 0.065 0.059 0.065 0.1 0.039 0.064 0.085 0.104 0.096 0.074 0.077;0.037 0.052 0.059 0.039 0.104 0.043 0.04 0.065 0.065 0.064 0.096 0.1 0.074 0.085 0.077;
0.037 0.053 0.077 0.066 0.08 0.062 0.054 0.073 0.049 0.064 0.074 0.065 0.083 0.079 0.084;0.037 0.053 0.062 0.054 0.073 0.077 0.066 0.08 0.049 0.064 0.074 0.065 0.079 0.083 0.084;0.037 0.062 0.077 0.049 0.065 0.053 0.054 0.073 0.066 0.064 0.079 0.08 0.083 0.074 0.084;
0.033 0.057 0.074 0.066 0.101 0.051 0.042 0.083 0.032 0.062 0.073 0.066 0.09 0.107 0.063;0.033 0.057 0.051 0.042 0.083 0.074 0.066 0.101 0.032 0.062 0.073 0.066 0.107 0.09 0.063;0.033 0.051 0.074 0.032 0.066 0.057 0.042 0.083 0.066 0.062 0.107 0.101 0.09 0.073 0.063;
0.034 0.061 0.063 0.065 0.082 0.054 0.05 0.064 0.042 0.058 0.096 0.071 0.085 0.105 0.07;0.034 0.061 0.054 0.05 0.064 0.063 0.065 0.082 0.042 0.058 0.096 0.071 0.105 0.085 0.07;0.034 0.054 0.063 0.042 0.071 0.061 0.05 0.064 0.065 0.058 0.105 0.082 0.085 0.096 0.07;
0.021 0.065 0.049 0.057 0.093 0.059 0.034 0.077 0.054 0.062 0.094 0.092 0.08 0.095 0.068;0.021 0.065 0.059 0.034 0.077 0.049 0.057 0.093 0.054 0.062 0.094 0.092 0.095 0.08 0.068;0.021 0.059 0.049 0.054 0.092 0.065 0.034 0.077 0.057 0.062 0.095 0.093 0.08 0.094 0.068;
0.022 0.063 0.056 0.071 0.103 0.044 0.054 0.079 0.035 0.062 0.081 0.08 0.072 0.103 0.075;0.022 0.063 0.044 0.054 0.079 0.056 0.071 0.103 0.035 0.062 0.081 0.08 0.103 0.072 0.075;0.022 0.044 0.056 0.035 0.08 0.063 0.054 0.079 0.071 0.062 0.103 0.103 0.072 0.081 0.075;
0.03 0.056 0.059 0.064 0.106 0.048 0.038 0.09 0.053 0.051 0.074 0.076 0.085 0.099 0.071;0.03 0.056 0.048 0.038 0.09 0.059 0.064 0.106 0.053 0.051 0.074 0.076 0.099 0.085 0.071;0.03 0.048 0.059 0.053 0.076 0.056 0.038 0.09 0.064 0.051 0.099 0.106 0.085 0.074 0.071;
0.026 0.053 0.056 0.059 0.117 0.062 0.04 0.067 0.038 0.043 0.091 0.076 0.095 0.086 0.091;0.026 0.053 0.062 0.04 0.067 0.056 0.059 0.117 0.038 0.043 0.091 0.076 0.086 0.095 0.091;0.026 0.062 0.056 0.038 0.076 0.053 0.04 0.067 0.059 0.043 0.086 0.117 0.095 0.091 0.091;
0.026 0.042 0.066 0.058 0.105 0.05 0.039 0.074 0.038 0.065 0.08 0.083 0.1 0.102 0.072;0.026 0.042 0.05 0.039 0.074 0.066 0.058 0.105 0.038 0.065 0.08 0.083 0.102 0.1 0.072;0.026 0.05 0.066 0.038 0.083 0.042 0.039 0.074 0.058 0.065 0.102 0.105 0.1 0.08 0.072;
0.03 0.05 0.07 0.051 0.1 0.052 0.045 0.075 0.051 0.048 0.07 0.074 0.095 0.114 0.075;0.03 0.05 0.052 0.045 0.075 0.07 0.051 0.1 0.051 0.048 0.07 0.074 0.114 0.095 0.075;0.03 0.052 0.07 0.051 0.074 0.05 0.045 0.075 0.051 0.048 0.114 0.1 0.095 0.07 0.075;
0.031 0.055 0.051 0.049 0.101 0.049 0.04 0.066 0.049 0.069 0.08 0.081 0.099 0.106 0.074;0.031 0.055 0.049 0.04 0.066 0.051 0.049 0.101 0.049 0.069 0.08 0.081 0.106 0.099 0.074;0.031 0.049 0.051 0.049 0.081 0.055 0.04 0.066 0.049 0.069 0.106 0.101 0.099 0.08 0.074;
0.026 0.06 0.056 0.059 0.087 0.053 0.041 0.081 0.042 0.064 0.074 0.089 0.083 0.097 0.088;0.026 0.06 0.053 0.041 0.081 0.056 0.059 0.087 0.042 0.064 0.074 0.089 0.097 0.083 0.088;0.026 0.053 0.056 0.042 0.089 0.06 0.041 0.081 0.059 0.064 0.097 0.087 0.083 0.074 0.088;
0.03 0.05 0.065 0.062 0.103 0.06 0.04 0.068 0.027 0.056 0.081 0.07 0.088 0.114 0.086;0.03 0.05 0.06 0.04 0.068 0.065 0.062 0.103 0.027 0.056 0.081 0.07 0.114 0.088 0.086;0.03 0.06 0.065 0.027 0.07 0.05 0.04 0.068 0.062 0.056 0.114 0.103 0.088 0.081 0.086;
0.023 0.059 0.072 0.055 0.092 0.056 0.046 0.075 0.034 0.056 0.082 0.083 0.091 0.101 0.075;0.023 0.059 0.056 0.046 0.075 0.072 0.055 0.092 0.034 0.056 0.082 0.083 0.101 0.091 0.075;0.023 0.056 0.072 0.034 0.083 0.059 0.046 0.075 0.055 0.056 0.101 0.092 0.091 0.082 0.075;
0.03 0.041 0.063 0.065 0.09 0.047 0.049 0.085 0.05 0.057 0.082 0.071 0.08 0.106 0.084;0.03 0.041 0.047 0.049 0.085 0.063 0.065 0.09 0.05 0.057 0.082 0.071 0.106 0.08 0.084;0.03 0.047 0.063 0.05 0.071 0.041 0.049 0.085 0.065 0.057 0.106 0.09 0.08 0.082 0.084;
0.03 0.059 0.069 0.055 0.096 0.056 0.043 0.077 0.047 0.056 0.066 0.085 0.088 0.088 0.085;0.03 0.059 0.056 0.043 0.077 0.069 0.055 0.096 0.047 0.056 0.066 0.085 0.088 0.088 0.085;0.03 0.056 0.069 0.047 0.085 0.059 0.043 0.077 0.055 0.056 0.088 0.096 0.088 0.066 0.085;
0.026 0.055 0.055 0.066 0.102 0.05 0.047 0.086 0.038 0.069 0.081 0.078 0.062 0.096 0.089;0.026 0.055 0.05 0.047 0.086 0.055 0.066 0.102 0.038 0.069 0.081 0.078 0.096 0.062 0.089;0.026 0.05 0.055 0.038 0.078 0.055 0.047 0.086 0.066 0.069 0.096 0.102 0.062 0.081 0.089;
0.021 0.061 0.061 0.062 0.09 0.059 0.06 0.059 0.045 0.054 0.085 0.079 0.092 0.095 0.077;0.021 0.061 0.059 0.06 0.059 0.061 0.062 0.09 0.045 0.054 0.085 0.079 0.095 0.092 0.077;0.021 0.059 0.061 0.045 0.079 0.061 0.06 0.059 0.062 0.054 0.095 0.09 0.092 0.085 0.077;
0.029 0.056 0.085 0.07 0.095 0.056 0.036 0.086 0.048 0.064 0.064 0.074 0.084 0.08 0.073;0.029 0.056 0.056 0.036 0.086 0.085 0.07 0.095 0.048 0.064 0.064 0.074 0.08 0.084 0.073;0.029 0.056 0.085 0.048 0.074 0.056 0.036 0.086 0.07 0.064 0.08 0.095 0.084 0.064 0.073;
0.028 0.044 0.053 0.066 0.088 0.058 0.039 0.076 0.045 0.065 0.102 0.075 0.078 0.105 0.078;0.028 0.044 0.058 0.039 0.076 0.053 0.066 0.088 0.045 0.065 0.102 0.075 0.105 0.078 0.078;0.028 0.058 0.053 0.045 0.075 0.044 0.039 0.076 0.066 0.065 0.105 0.088 0.078 0.102 0.078;
0.031 0.049 0.074 0.052 0.093 0.065 0.042 0.081 0.033 0.06 0.103 0.067 0.088 0.091 0.071;0.031 0.049 0.065 0.042 0.081 0.074 0.052 0.093 0.033 0.06 0.103 0.067 0.091 0.088 0.071;0.031 0.065 0.074 0.033 0.067 0.049 0.042 0.081 0.052 0.06 0.091 0.093 0.088 0.103 0.071;
0.022 0.046 0.047 0.069 0.11 0.052 0.04 0.072 0.041 0.06 0.1 0.081 0.085 0.091 0.084;0.022 0.046 0.052 0.04 0.072 0.047 0.069 0.11 0.041 0.06 0.1 0.081 0.091 0.085 0.084;0.022 0.052 0.047 0.041 0.081 0.046 0.04 0.072 0.069 0.06 0.091 0.11 0.085 0.1 0.084;
0.038 0.046 0.058 0.054 0.106 0.058 0.036 0.077 0.05 0.066 0.069 0.087 0.07 0.109 0.076;0.038 0.046 0.058 0.036 0.077 0.058 0.054 0.106 0.05 0.066 0.069 0.087 0.109 0.07 0.076;0.038 0.058 0.058 0.05 0.087 0.046 0.036 0.077 0.054 0.066 0.109 0.106 0.07 0.069 0.076;
0.032 0.063 0.062 0.067 0.098 0.058 0.04 0.085 0.04 0.052 0.07 0.08 0.08 0.096 0.077;0.032 0.063 0.058 0.04 0.085 0.062 0.067 0.098 0.04 0.052 0.07 0.08 0.096 0.08 0.077;0.032 0.058 0.062 0.04 0.08 0.063 0.04 0.085 0.067 0.052 0.096 0.098 0.08 0.07 0.077;
0.036 0.055 0.055 0.055 0.092 0.067 0.048 0.076 0.039 0.063 0.078 0.072 0.094 0.102 0.068;0.036 0.055 0.067 0.048 0.076 0.055 0.055 0.092 0.039 0.063 0.078 0.072 0.102 0.094 0.068;0.036 0.067 0.055 0.039 0.072 0.055 0.048 0.076 0.055 0.063 0.102 0.092 0.094 0.078 0.068;
0.03 0.056 0.064 0.068 0.091 0.046 0.039 0.087 0.035 0.056 0.085 0.067 0.096 0.105 0.075;0.03 0.056 0.046 0.039 0.087 0.064 0.068 0.091 0.035 0.056 0.085 0.067 0.105 0.096 0.075;0.03 0.046 0.064 0.035 0.067 0.056 0.039 0.087 0.068 0.056 0.105 0.091 0.096 0.085 0.075;
0.029 0.06 0.072 0.062 0.104 0.047 0.031 0.089 0.044 0.048 0.073 0.077 0.095 0.09 0.079;0.029 0.06 0.047 0.031 0.089 0.072 0.062 0.104 0.044 0.048 0.073 0.077 0.09 0.095 0.079;0.029 0.047 0.072 0.044 0.077 0.06 0.031 0.089 0.062 0.048 0.09 0.104 0.095 0.073 0.079;
0.027 0.05 0.061 0.057 0.096 0.053 0.042 0.048 0.045 0.062 0.088 0.089 0.082 0.122 0.078;0.027 0.05 0.053 0.042 0.048 0.061 0.057 0.096 0.045 0.062 0.088 0.089 0.122 0.082 0.078;0.027 0.053 0.061 0.045 0.089 0.05 0.042 0.048 0.057 0.062 0.122 0.096 0.082 0.088 0.078;
0.023 0.051 0.048 0.062 0.111 0.052 0.045 0.066 0.042 0.069 0.082 0.083 0.098 0.089 0.079;0.023 0.051 0.052 0.045 0.066 0.048 0.062 0.111 0.042 0.069 0.082 0.083 0.089 0.098 0.079;0.023 0.052 0.048 0.042 0.083 0.051 0.045 0.066 0.062 0.069 0.089 0.111 0.098 0.082 0.079;
0.026 0.062 0.064 0.051 0.102 0.058 0.041 0.072 0.038 0.055 0.079 0.078 0.088 0.102 0.084;0.026 0.062 0.058 0.041 0.072 0.064 0.051 0.102 0.038 0.055 0.079 0.078 0.102 0.088 0.084;0.026 0.058 0.064 0.038 0.078 0.062 0.041 0.072 0.051 0.055 0.102 0.102 0.088 0.079 0.084;
0.036 0.053 0.057 0.076 0.083 0.05 0.047 0.076 0.047 0.046 0.09 0.078 0.093 0.101 0.067;0.036 0.053 0.05 0.047 0.076 0.057 0.076 0.083 0.047 0.046 0.09 0.078 0.101 0.093 0.067;0.036 0.05 0.057 0.047 0.078 0.053 0.047 0.076 0.076 0.046 0.101 0.083 0.093 0.09 0.067;
0.026 0.063 0.064 0.064 0.081 0.056 0.05 0.086 0.043 0.061 0.084 0.072 0.089 0.096 0.065;0.026 0.063 0.056 0.05 0.086 0.064 0.064 0.081 0.043 0.061 0.084 0.072 0.096 0.089 0.065;0.026 0.056 0.064 0.043 0.072 0.063 0.05 0.086 0.064 0.061 0.096 0.081 0.089 0.084 0.065;
0.03 0.056 0.067 0.06 0.09 0.054 0.044 0.096 0.041 0.055 0.064 0.07 0.09 0.081 0.102;0.03 0.056 0.054 0.044 0.096 0.067 0.06 0.09 0.041 0.055 0.064 0.07 0.081 0.09 0.102;0.03 0.054 0.067 0.041 0.07 0.056 0.044 0.096 0.06 0.055 0.081 0.09 0.09 0.064 0.102;
0.036 0.05 0.059 0.054 0.103 0.042 0.032 0.077 0.051 0.056 0.079 0.078 0.085 0.098 0.1;0.036 0.05 0.042 0.032 0.077 0.059 0.054 0.103 0.051 0.056 0.079 0.078 0.098 0.085 0.1;0.036 0.042 0.059 0.051 0.078 0.05 0.032 0.077 0.054 0.056 0.098 0.103 0.085 0.079 0.1;
0.03 0.055 0.066 0.064 0.103 0.07 0.042 0.072 0.038 0.069 0.069 0.092 0.076 0.075 0.079;0.03 0.055 0.07 0.042 0.072 0.066 0.064 0.103 0.038 0.069 0.069 0.092 0.075 0.076 0.079;0.03 0.07 0.066 0.038 0.092 0.055 0.042 0.072 0.064 0.069 0.075 0.103 0.076 0.069 0.079;
0.035 0.072 0.059 0.066 0.1 0.041 0.049 0.08 0.045 0.053 0.078 0.071 0.089 0.084 0.078;0.035 0.072 0.041 0.049 0.08 0.059 0.066 0.1 0.045 0.053 0.078 0.071 0.084 0.089 0.078;0.035 0.041 0.059 0.045 0.071 0.072 0.049 0.08 0.066 0.053 0.084 0.1 0.089 0.078 0.078;
0.031 0.055 0.05 0.067 0.085 0.055 0.049 0.067 0.042 0.065 0.084 0.074 0.099 0.097 0.08;0.031 0.055 0.055 0.049 0.067 0.05 0.067 0.085 0.042 0.065 0.084 0.074 0.097 0.099 0.08;0.031 0.055 0.05 0.042 0.074 0.055 0.049 0.067 0.067 0.065 0.097 0.085 0.099 0.084 0.08;
0.046 0.053 0.072 0.055 0.09 0.056 0.043 0.072 0.029 0.045 0.075 0.084 0.094 0.093 0.093;0.046 0.053 0.056 0.043 0.072 0.072 0.055 0.09 0.029 0.045 0.075 0.084 0.093 0.094 0.093;0.046 0.056 0.072 0.029 0.084 0.053 0.043 0.072 0.055 0.045 0.093 0.09 0.094 0.075 0.093;
0.026 0.059 0.064 0.069 0.1 0.056 0.037 0.074 0.041 0.069 0.102 0.073 0.087 0.076 0.067;0.026 0.059 0.056 0.037 0.074 0.064 0.069 0.1 0.041 0.069 0.102 0.073 0.076 0.087 0.067;0.026 0.056 0.064 0.041 0.073 0.059 0.037 0.074 0.069 0.069 0.076 0.1 0.087 0.102 0.067;
0.029 0.045 0.05 0.056 0.124 0.054 0.052 0.072 0.051 0.054 0.088 0.063 0.083 0.111 0.068;0.029 0.045 0.054 0.052 0.072 0.05 0.056 0.124 0.051 0.054 0.088 0.063 0.111 0.083 0.068;0.029 0.054 0.05 0.051 0.063 0.045 0.052 0.072 0.056 0.054 0.111 0.124 0.083 0.088 0.068;
0.03 0.044 0.059 0.052 0.093 0.057 0.04 0.072 0.044 0.067 0.088 0.088 0.088 0.094 0.084;0.03 0.044 0.057 0.04 0.072 0.059 0.052 0.093 0.044 0.067 0.088 0.088 0.094 0.088 0.084;0.03 0.057 0.059 0.044 0.088 0.044 0.04 0.072 0.052 0.067 0.094 0.093 0.088 0.088 0.084;
0.023 0.06 0.07 0.052 0.087 0.054 0.045 0.083 0.036 0.074 0.092 0.056 0.091 0.108 0.069;0.023 0.06 0.054 0.045 0.083 0.07 0.052 0.087 0.036 0.074 0.092 0.056 0.108 0.091 0.069;0.023 0.054 0.07 0.036 0.056 0.06 0.045 0.083 0.052 0.074 0.108 0.087 0.091 0.092 0.069;
0.033 0.056 0.055 0.057 0.087 0.06 0.045 0.094 0.032 0.051 0.084 0.083 0.089 0.109 0.065;0.033 0.056 0.06 0.045 0.094 0.055 0.057 0.087 0.032 0.051 0.084 0.083 0.109 0.089 0.065;0.033 0.06 0.055 0.032 0.083 0.056 0.045 0.094 0.057 0.051 0.109 0.087 0.089 0.084 0.065;
0.034 0.049 0.056 0.071 0.106 0.054 0.039 0.077 0.044 0.047 0.091 0.079 0.077 0.1 0.076;0.034 0.049 0.054 0.039 0.077 0.056 0.071 0.106 0.044 0.047 0.091 0.079 0.1 0.077 0.076;0.034 0.054 0.056 0.044 0.079 0.049 0.039 0.077 0.071 0.047 0.1 0.106 0.077 0.091 0.076;
0.026 0.058 0.071 0.064 0.104 0.057 0.034 0.077 0.036 0.052 0.086 0.084 0.086 0.098 0.067;0.026 0.058 0.057 0.034 0.077 0.071 0.064 0.104 0.036 0.052 0.086 0.084 0.098 0.086 0.067;0.026 0.057 0.071 0.036 0.084 0.058 0.034 0.077 0.064 0.052 0.098 0.104 0.086 0.086 0.067;
0.028 0.057 0.059 0.072 0.105 0.064 0.035 0.082 0.047 0.065 0.076 0.07 0.091 0.092 0.057;0.028 0.057 0.064 0.035 0.082 0.059 0.072 0.105 0.047 0.065 0.076 0.07 0.092 0.091 0.057;0.028 0.064 0.059 0.047 0.07 0.057 0.035 0.082 0.072 0.065 0.092 0.105 0.091 0.076 0.057;
0.032 0.048 0.062 0.046 0.098 0.057 0.048 0.079 0.07 0.072 0.08 0.088 0.062 0.094 0.064;0.032 0.048 0.057 0.048 0.079 0.062 0.046 0.098 0.07 0.072 0.08 0.088 0.094 0.062 0.064;0.032 0.057 0.062 0.07 0.088 0.048 0.048 0.079 0.046 0.072 0.094 0.098 0.062 0.08 0.064;
0.036 0.064 0.053 0.063 0.089 0.048 0.046 0.078 0.049 0.054 0.075 0.065 0.092 0.098 0.09;0.036 0.064 0.048 0.046 0.078 0.053 0.063 0.089 0.049 0.054 0.075 0.065 0.098 0.092 0.09;0.036 0.048 0.053 0.049 0.065 0.064 0.046 0.078 0.063 0.054 0.098 0.089 0.092 0.075 0.09;
0.023 0.051 0.057 0.063 0.09 0.048 0.045 0.077 0.046 0.067 0.079 0.1 0.078 0.105 0.071;0.023 0.051 0.048 0.045 0.077 0.057 0.063 0.09 0.046 0.067 0.079 0.1 0.105 0.078 0.071;0.023 0.048 0.057 0.046 0.1 0.051 0.045 0.077 0.063 0.067 0.105 0.09 0.078 0.079 0.071;
0.03 0.058 0.061 0.073 0.09 0.056 0.051 0.087 0.045 0.056 0.082 0.083 0.059 0.099 0.07;0.03 0.058 0.056 0.051 0.087 0.061 0.073 0.09 0.045 0.056 0.082 0.083 0.099 0.059 0.07;0.03 0.056 0.061 0.045 0.083 0.058 0.051 0.087 0.073 0.056 0.099 0.09 0.059 0.082 0.07;
0.022 0.057 0.064 0.063 0.1 0.061 0.042 0.07 0.046 0.063 0.057 0.086 0.087 0.1 0.082;0.022 0.057 0.061 0.042 0.07 0.064 0.063 0.1 0.046 0.063 0.057 0.086 0.1 0.087 0.082;0.022 0.061 0.064 0.046 0.086 0.057 0.042 0.07 0.063 0.063 0.1 0.1 0.087 0.057 0.082;
0.033 0.046 0.071 0.061 0.088 0.053 0.045 0.086 0.042 0.065 0.084 0.084 0.093 0.09 0.059;0.033 0.046 0.053 0.045 0.086 0.071 0.061 0.088 0.042 0.065 0.084 0.084 0.09 0.093 0.059;0.033 0.053 0.071 0.042 0.084 0.046 0.045 0.086 0.061 0.065 0.09 0.088 0.093 0.084 0.059;
0.03 0.065 0.054 0.064 0.105 0.047 0.039 0.063 0.044 0.054 0.1 0.09 0.085 0.094 0.066;0.03 0.065 0.047 0.039 0.063 0.054 0.064 0.105 0.044 0.054 0.1 0.09 0.094 0.085 0.066;0.03 0.047 0.054 0.044 0.09 0.065 0.039 0.063 0.064 0.054 0.094 0.105 0.085 0.1 0.066;
0.036 0.05 0.069 0.054 0.106 0.054 0.042 0.09 0.031 0.074 0.07 0.083 0.07 0.104 0.067;0.036 0.05 0.054 0.042 0.09 0.069 0.054 0.106 0.031 0.074 0.07 0.083 0.104 0.07 0.067;0.036 0.054 0.069 0.031 0.083 0.05 0.042 0.09 0.054 0.074 0.104 0.106 0.07 0.07 0.067;
0.026 0.049 0.056 0.066 0.102 0.047 0.042 0.088 0.043 0.064 0.08 0.067 0.09 0.088 0.092;0.026 0.049 0.047 0.042 0.088 0.056 0.066 0.102 0.043 0.064 0.08 0.067 0.088 0.09 0.092;0.026 0.047 0.056 0.043 0.067 0.049 0.042 0.088 0.066 0.064 0.088 0.102 0.09 0.08 0.092;
0.021 0.055 0.042 0.066 0.11 0.052 0.045 0.087 0.056 0.05 0.084 0.075 0.082 0.099 0.076;0.021 0.055 0.052 0.045 0.087 0.042 0.066 0.11 0.056 0.05 0.084 0.075 0.099 0.082 0.076;0.021 0.052 0.042 0.056 0.075 0.055 0.045 0.087 0.066 0.05 0.099 0.11 0.082 0.084 0.076;
0.037 0.045 0.06 0.068 0.103 0.052 0.04 0.072 0.046 0.059 0.093 0.083 0.082 0.094 0.066;0.037 0.045 0.052 0.04 0.072 0.06 0.068 0.103 0.046 0.059 0.093 0.083 0.094 0.082 0.066;0.037 0.052 0.06 0.046 0.083 0.045 0.04 0.072 0.068 0.059 0.094 0.103 0.082 0.093 0.066;
0.037 0.063 0.066 0.061 0.085 0.056 0.043 0.089 0.045 0.056 0.08 0.069 0.086 0.094 0.07;0.037 0.063 0.056 0.043 0.089 0.066 0.061 0.085 0.045 0.056 0.08 0.069 0.094 0.086 0.07;0.037 0.056 0.066 0.045 0.069 0.063 0.043 0.089 0.061 0.056 0.094 0.085 0.086 0.08 0.07;
0.032 0.065 0.043 0.054 0.098 0.056 0.05 0.08 0.035 0.056 0.085 0.081 0.089 0.105 0.071;0.032 0.065 0.056 0.05 0.08 0.043 0.054 0.098 0.035 0.056 0.085 0.081 0.105 0.089 0.071;0.032 0.056 0.043 0.035 0.081 0.065 0.05 0.08 0.054 0.056 0.105 0.098 0.089 0.085 0.071;
0.025 0.053 0.049 0.057 0.112 0.051 0.04 0.081 0.039 0.071 0.083 0.087 0.077 0.102 0.073;0.025 0.053 0.051 0.04 0.081 0.049 0.057 0.112 0.039 0.071 0.083 0.087 0.102 0.077 0.073;0.025 0.051 0.049 0.039 0.087 0.053 0.04 0.081 0.057 0.071 0.102 0.112 0.077 0.083 0.073;
0.027 0.041 0.054 0.062 0.121 0.035 0.048 0.077 0.043 0.067 0.079 0.087 0.082 0.086 0.091;0.027 0.041 0.035 0.048 0.077 0.054 0.062 0.121 0.043 0.067 0.079 0.087 0.086 0.082 0.091;0.027 0.035 0.054 0.043 0.087 0.041 0.048 0.077 0.062 0.067 0.086 0.121 0.082 0.079 0.091;
0.033 0.052 0.051 0.051 0.087 0.048 0.043 0.08 0.05 0.057 0.091 0.068 0.096 0.108 0.085;0.033 0.052 0.048 0.043 0.08 0.051 0.051 0.087 0.05 0.057 0.091 0.068 0.108 0.096 0.085;0.033 0.048 0.051 0.05 0.068 0.052 0.043 0.08 0.051 0.057 0.108 0.087 0.096 0.091 0.085;
0.028 0.038 0.062 0.066 0.095 0.045 0.04 0.082 0.033 0.076 0.088 0.082 0.1 0.096 0.069;0.028 0.038 0.045 0.04 0.082 0.062 0.066 0.095 0.033 0.076 0.088 0.082 0.096 0.1 0.069;0.028 0.045 0.062 0.033 0.082 0.038 0.04 0.082 0.066 0.076 0.096 0.095 0.1 0.088 0.069;
0.038 0.046 0.069 0.072 0.1 0.059 0.038 0.077 0.043 0.055 0.066 0.078 0.095 0.081 0.083;0.038 0.046 0.059 0.038 0.077 0.069 0.072 0.1 0.043 0.055 0.066 0.078 0.081 0.095 0.083;0.038 0.059 0.069 0.043 0.078 0.046 0.038 0.077 0.072 0.055 0.081 0.1 0.095 0.066 0.083;
0.027 0.046 0.068 0.059 0.091 0.052 0.034 0.065 0.048 0.061 0.087 0.099 0.094 0.099 0.07;0.027 0.046 0.052 0.034 0.065 0.068 0.059 0.091 0.048 0.061 0.087 0.099 0.099 0.094 0.07;0.027 0.052 0.068 0.048 0.099 0.046 0.034 0.065 0.059 0.061 0.099 0.091 0.094 0.087 0.07;
0.018 0.062 0.065 0.06 0.098 0.053 0.042 0.093 0.039 0.054 0.084 0.085 0.088 0.085 0.074;0.018 0.062 0.053 0.042 0.093 0.065 0.06 0.098 0.039 0.054 0.084 0.085 0.085 0.088 0.074;0.018 0.053 0.065 0.039 0.085 0.062 0.042 0.093 0.06 0.054 0.085 0.098 0.088 0.084 0.074;
0.026 0.067 0.045 0.07 0.097 0.04 0.037 0.07 0.043 0.067 0.081 0.079 0.093 0.108 0.077;0.026 0.067 0.04 0.037 0.07 0.045 0.07 0.097 0.043 0.067 0.081 0.079 0.108 0.093 0.077;0.026 0.04 0.045 0.043 0.079 0.067 0.037 0.07 0.07 0.067 0.108 0.097 0.093 0.081 0.077;
0.018 0.061 0.064 0.076 0.087 0.068 0.042 0.077 0.038 0.053 0.083 0.069 0.086 0.098 0.08;0.018 0.061 0.068 0.042 0.077 0.064 0.076 0.087 0.038 0.053 0.083 0.069 0.098 0.086 0.08;0.018 0.068 0.064 0.038 0.069 0.061 0.042 0.077 0.076 0.053 0.098 0.087 0.086 0.083 0.08;
0.029 0.054 0.047 0.059 0.091 0.065 0.042 0.069 0.045 0.044 0.107 0.092 0.092 0.093 0.071;0.029 0.054 0.065 0.042 0.069 0.047 0.059 0.091 0.045 0.044 0.107 0.092 0.093 0.092 0.071;0.029 0.065 0.047 0.045 0.092 0.054 0.042 0.069 0.059 0.044 0.093 0.091 0.092 0.107 0.071;
0.028 0.058 0.065 0.042 0.096 0.059 0.05 0.081 0.05 0.053 0.074 0.077 0.079 0.1 0.088;0.028 0.058 0.059 0.05 0.081 0.065 0.042 0.096 0.05 0.053 0.074 0.077 0.1 0.079 0.088;0.028 0.059 0.065 0.05 0.077 0.058 0.05 0.081 0.042 0.053 0.1 0.096 0.079 0.074 0.088;
0.033 0.044 0.063 0.06 0.093 0.069 0.049 0.083 0.04 0.048 0.075 0.088 0.089 0.095 0.071;0.033 0.044 0.069 0.049 0.083 0.063 0.06 0.093 0.04 0.048 0.075 0.088 0.095 0.089 0.071;0.033 0.069 0.063 0.04 0.088 0.044 0.049 0.083 0.06 0.048 0.095 0.093 0.089 0.075 0.071;
0.025 0.063 0.045 0.062 0.091 0.065 0.045 0.069 0.046 0.055 0.075 0.09 0.087 0.103 0.079;0.025 0.063 0.065 0.045 0.069 0.045 0.062 0.091 0.046 0.055 0.075 0.09 0.103 0.087 0.079;0.025 0.065 0.045 0.046 0.09 0.063 0.045 0.069 0.062 0.055 0.103 0.091 0.087 0.075 0.079;
0.033 0.051 0.065 0.06 0.097 0.056 0.048 0.081 0.044 0.07 0.084 0.073 0.073 0.093 0.072;0.033 0.051 0.056 0.048 0.081 0.065 0.06 0.097 0.044 0.07 0.084 0.073 0.093 0.073 0.072;0.033 0.056 0.065 0.044 0.073 0.051 0.048 0.081 0.06 0.07 0.093 0.097 0.073 0.084 0.072;
0.031 0.058 0.072 0.066 0.106 0.043 0.031 0.085 0.046 0.063 0.079 0.069 0.081 0.091 0.079;0.031 0.058 0.043 0.031 0.085 0.072 0.066 0.106 0.046 0.063 0.079 0.069 0.091 0.081 0.079;0.031 0.043 0.072 0.046 0.069 0.058 0.031 0.085 0.066 0.063 0.091 0.106 0.081 0.079 0.079;
0.023 0.048 0.064 0.065 0.09 0.041 0.036 0.066 0.041 0.074 0.091 0.095 0.095 0.091 0.08;0.023 0.048 0.041 0.036 0.066 0.064 0.065 0.09 0.041 0.074 0.091 0.095 0.091 0.095 0.08;0.023 0.041 0.064 0.041 0.095 0.048 0.036 0.066 0.065 0.074 0.091 0.09 0.095 0.091 0.08;
0.031 0.045 0.058 0.06 0.08 0.064 0.045 0.075 0.044 0.056 0.072 0.094 0.096 0.092 0.088;0.031 0.045 0.064 0.045 0.075 0.058 0.06 0.08 0.044 0.056 0.072 0.094 0.092 0.096 0.088;0.031 0.064 0.058 0.044 0.094 0.045 0.045 0.075 0.06 0.056 0.092 0.08 0.096 0.072 0.088;
0.025 0.054 0.059 0.052 0.092 0.055 0.037 0.098 0.044 0.079 0.065 0.077 0.102 0.088 0.073;0.025 0.054 0.055 0.037 0.098 0.059 0.052 0.092 0.044 0.079 0.065 0.077 0.088 0.102 0.073;0.025 0.055 0.059 0.044 0.077 0.054 0.037 0.098 0.052 0.079 0.088 0.092 0.102 0.065 0.073;
0.023 0.047 0.057 0.068 0.089 0.047 0.047 0.092 0.048 0.055 0.076 0.083 0.091 0.1 0.077;0.023 0.047 0.047 0.047 0.092 0.057 0.068 0.089 0.048 0.055 0.076 0.083 0.1 0.091 0.077;0.023 0.047 0.057 0.048 0.083 0.047 0.047 0.092 0.068 0.055 0.1 0.089 0.091 0.076 0.077;
0.03 0.058 0.059 0.046 0.083 0.056 0.043 0.093 0.049 0.069 0.092 0.083 0.081 0.091 0.067;0.03 0.058 0.056 0.043 0.093 0.059 0.046 0.083 0.049 0.069 0.092 0.083 0.091 0.081 0.067;0.03 0.056 0.059 0.049 0.083 0.058 0.043 0.093 0.046 0.069 0.091 0.083 0.081 0.092 0.067;
0.031 0.051 0.043 0.067 0.1 0.052 0.039 0.07 0.036 0.052 0.087 0.099 0.105 0.096 0.072;0.031 0.051 0.052 0.039 0.07 0.043 0.067 0.1 0.036 0.052 0.087 0.099 0.096 0.105 0.072;0.031 0.052 0.043 0.036 0.099 0.051 0.039 0.07 0.067 0.052 0.096 0.1 0.105 0.087 0.072;
0.017 0.043 0.074 0.068 0.109 0.057 0.037 0.081 0.037 0.058 0.066 0.093 0.084 0.105 0.071;0.017 0.043 0.057 0.037 0.081 0.074 0.068 0.109 0.037 0.058 0.066 0.093 0.105 0.084 0.071;0.017 0.057 0.074 0.037 0.093 0.043 0.037 0.081 0.068 0.058 0.105 0.109 0.084 0.066 0.071;
0.041 0.055 0.044 0.066 0.094 0.063 0.049 0.094 0.039 0.061 0.076 0.068 0.098 0.089 0.063;0.041 0.055 0.063 0.049 0.094 0.044 0.066 0.094 0.039 0.061 0.076 0.068 0.089 0.098 0.063;0.041 0.063 0.044 0.039 0.068 0.055 0.049 0.094 0.066 0.061 0.089 0.094 0.098 0.076 0.063;
0.035 0.05 0.052 0.062 0.116 0.058 0.044 0.068 0.041 0.052 0.089 0.083 0.084 0.084 0.082;0.035 0.05 0.058 0.044 0.068 0.052 0.062 0.116 0.041 0.052 0.089 0.083 0.084 0.084 0.082;0.035 0.058 0.052 0.041 0.083 0.05 0.044 0.068 0.062 0.052 0.084 0.116 0.084 0.089 0.082;
0.034 0.054 0.056 0.047 0.088 0.054 0.044 0.076 0.045 0.061 0.085 0.081 0.088 0.113 0.074;0.034 0.054 0.054 0.044 0.076 0.056 0.047 0.088 0.045 0.061 0.085 0.081 0.113 0.088 0.074;0.034 0.054 0.056 0.045 0.081 0.054 0.044 0.076 0.047 0.061 0.113 0.088 0.088 0.085 0.074];