pntP=[0.128 0.074 0.068 0.101 0.078 0.079 0.032 0.051 0.032 0.085 0.05 0.041 0.044 0.1 0.037;0.128 0.074 0.079 0.032 0.051 0.068 0.101 0.078 0.032 0.085 0.05 0.041 0.1 0.044 0.037;0.128 0.079 0.068 0.032 0.041 0.074 0.032 0.051 0.101 0.085 0.1 0.078 0.044 0.05 0.037;
0.115 0.091 0.099 0.087 0.084 0.075 0.028 0.042 0.023 0.09 0.049 0.054 0.044 0.084 0.035;0.115 0.091 0.075 0.028 0.042 0.099 0.087 0.084 0.023 0.09 0.049 0.054 0.084 0.044 0.035;0.115 0.075 0.099 0.023 0.054 0.091 0.028 0.042 0.087 0.09 0.084 0.084 0.044 0.049 0.035;
0.112 0.094 0.096 0.081 0.102 0.089 0.031 0.041 0.019 0.083 0.05 0.042 0.049 0.083 0.028;0.112 0.094 0.089 0.031 0.041 0.096 0.081 0.102 0.019 0.083 0.05 0.042 0.083 0.049 0.028;0.112 0.089 0.096 0.019 0.042 0.094 0.031 0.041 0.081 0.083 0.083 0.102 0.049 0.05 0.028;
0.127 0.087 0.07 0.097 0.09 0.086 0.024 0.048 0.031 0.085 0.045 0.043 0.05 0.091 0.026;0.127 0.087 0.086 0.024 0.048 0.07 0.097 0.09 0.031 0.085 0.045 0.043 0.091 0.05 0.026;0.127 0.086 0.07 0.031 0.043 0.087 0.024 0.048 0.097 0.085 0.091 0.09 0.05 0.045 0.026;
0.113 0.087 0.078 0.079 0.096 0.089 0.037 0.05 0.033 0.074 0.052 0.038 0.035 0.09 0.049;0.113 0.087 0.089 0.037 0.05 0.078 0.079 0.096 0.033 0.074 0.052 0.038 0.09 0.035 0.049;0.113 0.089 0.078 0.033 0.038 0.087 0.037 0.05 0.079 0.074 0.09 0.096 0.035 0.052 0.049;
0.093 0.083 0.089 0.095 0.081 0.086 0.035 0.051 0.027 0.081 0.048 0.048 0.046 0.1 0.037;0.093 0.083 0.086 0.035 0.051 0.089 0.095 0.081 0.027 0.081 0.048 0.048 0.1 0.046 0.037;0.093 0.086 0.089 0.027 0.048 0.083 0.035 0.051 0.095 0.081 0.1 0.081 0.046 0.048 0.037;
0.115 0.089 0.07 0.092 0.078 0.077 0.033 0.05 0.037 0.079 0.067 0.055 0.044 0.078 0.036;0.115 0.089 0.077 0.033 0.05 0.07 0.092 0.078 0.037 0.079 0.067 0.055 0.078 0.044 0.036;0.115 0.077 0.07 0.037 0.055 0.089 0.033 0.05 0.092 0.079 0.078 0.078 0.044 0.067 0.036;
0.133 0.079 0.082 0.08 0.087 0.065 0.037 0.05 0.029 0.096 0.045 0.045 0.041 0.09 0.041;0.133 0.079 0.065 0.037 0.05 0.082 0.08 0.087 0.029 0.096 0.045 0.045 0.09 0.041 0.041;0.133 0.065 0.082 0.029 0.045 0.079 0.037 0.05 0.08 0.096 0.09 0.087 0.041 0.045 0.041;
0.134 0.087 0.071 0.108 0.078 0.087 0.029 0.051 0.029 0.088 0.043 0.036 0.059 0.064 0.036;0.134 0.087 0.087 0.029 0.051 0.071 0.108 0.078 0.029 0.088 0.043 0.036 0.064 0.059 0.036;0.134 0.087 0.071 0.029 0.036 0.087 0.029 0.051 0.108 0.088 0.064 0.078 0.059 0.043 0.036;
0.123 0.081 0.086 0.089 0.087 0.082 0.028 0.051 0.026 0.07 0.054 0.05 0.049 0.086 0.038;0.123 0.081 0.082 0.028 0.051 0.086 0.089 0.087 0.026 0.07 0.054 0.05 0.086 0.049 0.038;0.123 0.082 0.086 0.026 0.05 0.081 0.028 0.051 0.089 0.07 0.086 0.087 0.049 0.054 0.038;
0.142 0.077 0.081 0.071 0.08 0.084 0.029 0.04 0.036 0.083 0.052 0.052 0.06 0.078 0.035;0.142 0.077 0.084 0.029 0.04 0.081 0.071 0.08 0.036 0.083 0.052 0.052 0.078 0.06 0.035;0.142 0.084 0.081 0.036 0.052 0.077 0.029 0.04 0.071 0.083 0.078 0.08 0.06 0.052 0.035;
0.116 0.087 0.089 0.09 0.076 0.089 0.035 0.051 0.027 0.072 0.039 0.052 0.043 0.095 0.039;0.116 0.087 0.089 0.035 0.051 0.089 0.09 0.076 0.027 0.072 0.039 0.052 0.095 0.043 0.039;0.116 0.089 0.089 0.027 0.052 0.087 0.035 0.051 0.09 0.072 0.095 0.076 0.043 0.039 0.039;
0.114 0.097 0.079 0.086 0.11 0.069 0.035 0.042 0.021 0.079 0.045 0.051 0.044 0.09 0.038;0.114 0.097 0.069 0.035 0.042 0.079 0.086 0.11 0.021 0.079 0.045 0.051 0.09 0.044 0.038;0.114 0.069 0.079 0.021 0.051 0.097 0.035 0.042 0.086 0.079 0.09 0.11 0.044 0.045 0.038;
0.114 0.098 0.087 0.096 0.08 0.081 0.028 0.037 0.021 0.072 0.056 0.056 0.031 0.103 0.04;0.114 0.098 0.081 0.028 0.037 0.087 0.096 0.08 0.021 0.072 0.056 0.056 0.103 0.031 0.04;0.114 0.081 0.087 0.021 0.056 0.098 0.028 0.037 0.096 0.072 0.103 0.08 0.031 0.056 0.04;
0.111 0.1 0.079 0.103 0.098 0.076 0.028 0.058 0.028 0.067 0.037 0.041 0.049 0.092 0.033;0.111 0.1 0.076 0.028 0.058 0.079 0.103 0.098 0.028 0.067 0.037 0.041 0.092 0.049 0.033;0.111 0.076 0.079 0.028 0.041 0.1 0.028 0.058 0.103 0.067 0.092 0.098 0.049 0.037 0.033;
0.129 0.094 0.087 0.094 0.083 0.082 0.023 0.052 0.023 0.091 0.045 0.027 0.056 0.081 0.033;0.129 0.094 0.082 0.023 0.052 0.087 0.094 0.083 0.023 0.091 0.045 0.027 0.081 0.056 0.033;0.129 0.082 0.087 0.023 0.027 0.094 0.023 0.052 0.094 0.091 0.081 0.083 0.056 0.045 0.033;
0.12 0.08 0.082 0.093 0.092 0.075 0.021 0.059 0.031 0.074 0.043 0.063 0.054 0.071 0.042;0.12 0.08 0.075 0.021 0.059 0.082 0.093 0.092 0.031 0.074 0.043 0.063 0.071 0.054 0.042;0.12 0.075 0.082 0.031 0.063 0.08 0.021 0.059 0.093 0.074 0.071 0.092 0.054 0.043 0.042;
0.123 0.079 0.075 0.101 0.077 0.084 0.037 0.051 0.026 0.082 0.055 0.049 0.039 0.088 0.034;0.123 0.079 0.084 0.037 0.051 0.075 0.101 0.077 0.026 0.082 0.055 0.049 0.088 0.039 0.034;0.123 0.084 0.075 0.026 0.049 0.079 0.037 0.051 0.101 0.082 0.088 0.077 0.039 0.055 0.034;
0.116 0.078 0.075 0.106 0.071 0.07 0.026 0.061 0.019 0.084 0.057 0.054 0.04 0.104 0.039;0.116 0.078 0.07 0.026 0.061 0.075 0.106 0.071 0.019 0.084 0.057 0.054 0.104 0.04 0.039;0.116 0.07 0.075 0.019 0.054 0.078 0.026 0.061 0.106 0.084 0.104 0.071 0.04 0.057 0.039;
0.118 0.074 0.076 0.093 0.102 0.071 0.033 0.063 0.037 0.074 0.048 0.041 0.038 0.099 0.033;0.118 0.074 0.071 0.033 0.063 0.076 0.093 0.102 0.037 0.074 0.048 0.041 0.099 0.038 0.033;0.118 0.071 0.076 0.037 0.041 0.074 0.033 0.063 0.093 0.074 0.099 0.102 0.038 0.048 0.033;
0.12 0.091 0.076 0.083 0.103 0.077 0.038 0.055 0.03 0.08 0.037 0.051 0.053 0.068 0.038;0.12 0.091 0.077 0.038 0.055 0.076 0.083 0.103 0.03 0.08 0.037 0.051 0.068 0.053 0.038;0.12 0.077 0.076 0.03 0.051 0.091 0.038 0.055 0.083 0.08 0.068 0.103 0.053 0.037 0.038;
0.134 0.078 0.078 0.08 0.09 0.077 0.025 0.053 0.019 0.078 0.058 0.06 0.044 0.091 0.035;0.134 0.078 0.077 0.025 0.053 0.078 0.08 0.09 0.019 0.078 0.058 0.06 0.091 0.044 0.035;0.134 0.077 0.078 0.019 0.06 0.078 0.025 0.053 0.08 0.078 0.091 0.09 0.044 0.058 0.035;
0.114 0.091 0.076 0.1 0.072 0.079 0.028 0.059 0.041 0.068 0.048 0.048 0.047 0.089 0.04;0.114 0.091 0.079 0.028 0.059 0.076 0.1 0.072 0.041 0.068 0.048 0.048 0.089 0.047 0.04;0.114 0.079 0.076 0.041 0.048 0.091 0.028 0.059 0.1 0.068 0.089 0.072 0.047 0.048 0.04;
0.128 0.099 0.089 0.098 0.083 0.085 0.032 0.045 0.022 0.073 0.053 0.032 0.047 0.08 0.034;0.128 0.099 0.085 0.032 0.045 0.089 0.098 0.083 0.022 0.073 0.053 0.032 0.08 0.047 0.034;0.128 0.085 0.089 0.022 0.032 0.099 0.032 0.045 0.098 0.073 0.08 0.083 0.047 0.053 0.034;
0.116 0.087 0.087 0.092 0.08 0.087 0.03 0.051 0.027 0.079 0.054 0.047 0.053 0.081 0.029;0.116 0.087 0.087 0.03 0.051 0.087 0.092 0.08 0.027 0.079 0.054 0.047 0.081 0.053 0.029;0.116 0.087 0.087 0.027 0.047 0.087 0.03 0.051 0.092 0.079 0.081 0.08 0.053 0.054 0.029;
0.122 0.081 0.093 0.096 0.078 0.08 0.029 0.058 0.028 0.09 0.041 0.058 0.035 0.082 0.029;0.122 0.081 0.08 0.029 0.058 0.093 0.096 0.078 0.028 0.09 0.041 0.058 0.082 0.035 0.029;0.122 0.08 0.093 0.028 0.058 0.081 0.029 0.058 0.096 0.09 0.082 0.078 0.035 0.041 0.029;
0.118 0.078 0.07 0.097 0.09 0.088 0.035 0.057 0.028 0.078 0.047 0.039 0.035 0.1 0.04;0.118 0.078 0.088 0.035 0.057 0.07 0.097 0.09 0.028 0.078 0.047 0.039 0.1 0.035 0.04;0.118 0.088 0.07 0.028 0.039 0.078 0.035 0.057 0.097 0.078 0.1 0.09 0.035 0.047 0.04;
0.116 0.087 0.081 0.091 0.079 0.086 0.03 0.052 0.027 0.073 0.037 0.055 0.055 0.091 0.04;0.116 0.087 0.086 0.03 0.052 0.081 0.091 0.079 0.027 0.073 0.037 0.055 0.091 0.055 0.04;0.116 0.086 0.081 0.027 0.055 0.087 0.03 0.052 0.091 0.073 0.091 0.079 0.055 0.037 0.04;
0.112 0.079 0.075 0.115 0.098 0.079 0.034 0.043 0.029 0.077 0.053 0.037 0.042 0.086 0.041;0.112 0.079 0.079 0.034 0.043 0.075 0.115 0.098 0.029 0.077 0.053 0.037 0.086 0.042 0.041;0.112 0.079 0.075 0.029 0.037 0.079 0.034 0.043 0.115 0.077 0.086 0.098 0.042 0.053 0.041;
0.123 0.087 0.075 0.099 0.085 0.079 0.027 0.054 0.025 0.079 0.062 0.04 0.039 0.094 0.032;0.123 0.087 0.079 0.027 0.054 0.075 0.099 0.085 0.025 0.079 0.062 0.04 0.094 0.039 0.032;0.123 0.079 0.075 0.025 0.04 0.087 0.027 0.054 0.099 0.079 0.094 0.085 0.039 0.062 0.032;
0.094 0.079 0.091 0.106 0.083 0.09 0.026 0.043 0.032 0.08 0.048 0.049 0.052 0.1 0.027;0.094 0.079 0.09 0.026 0.043 0.091 0.106 0.083 0.032 0.08 0.048 0.049 0.1 0.052 0.027;0.094 0.09 0.091 0.032 0.049 0.079 0.026 0.043 0.106 0.08 0.1 0.083 0.052 0.048 0.027;
0.121 0.085 0.082 0.095 0.087 0.087 0.027 0.056 0.03 0.089 0.041 0.048 0.034 0.084 0.034;0.121 0.085 0.087 0.027 0.056 0.082 0.095 0.087 0.03 0.089 0.041 0.048 0.084 0.034 0.034;0.121 0.087 0.082 0.03 0.048 0.085 0.027 0.056 0.095 0.089 0.084 0.087 0.034 0.041 0.034;
0.112 0.087 0.064 0.084 0.087 0.085 0.034 0.05 0.026 0.097 0.039 0.054 0.053 0.093 0.035;0.112 0.087 0.085 0.034 0.05 0.064 0.084 0.087 0.026 0.097 0.039 0.054 0.093 0.053 0.035;0.112 0.085 0.064 0.026 0.054 0.087 0.034 0.05 0.084 0.097 0.093 0.087 0.053 0.039 0.035;
0.139 0.068 0.09 0.097 0.083 0.08 0.027 0.05 0.025 0.091 0.044 0.044 0.046 0.081 0.035;0.139 0.068 0.08 0.027 0.05 0.09 0.097 0.083 0.025 0.091 0.044 0.044 0.081 0.046 0.035;0.139 0.08 0.09 0.025 0.044 0.068 0.027 0.05 0.097 0.091 0.081 0.083 0.046 0.044 0.035;
0.114 0.081 0.074 0.095 0.077 0.092 0.038 0.061 0.035 0.081 0.047 0.048 0.057 0.064 0.036;0.114 0.081 0.092 0.038 0.061 0.074 0.095 0.077 0.035 0.081 0.047 0.048 0.064 0.057 0.036;0.114 0.092 0.074 0.035 0.048 0.081 0.038 0.061 0.095 0.081 0.064 0.077 0.057 0.047 0.036;
0.124 0.084 0.083 0.101 0.087 0.084 0.027 0.043 0.025 0.08 0.047 0.046 0.053 0.077 0.039;0.124 0.084 0.084 0.027 0.043 0.083 0.101 0.087 0.025 0.08 0.047 0.046 0.077 0.053 0.039;0.124 0.084 0.083 0.025 0.046 0.084 0.027 0.043 0.101 0.08 0.077 0.087 0.053 0.047 0.039;
0.108 0.08 0.086 0.099 0.076 0.074 0.032 0.05 0.035 0.088 0.045 0.052 0.039 0.102 0.034;0.108 0.08 0.074 0.032 0.05 0.086 0.099 0.076 0.035 0.088 0.045 0.052 0.102 0.039 0.034;0.108 0.074 0.086 0.035 0.052 0.08 0.032 0.05 0.099 0.088 0.102 0.076 0.039 0.045 0.034;
0.11 0.08 0.081 0.11 0.094 0.076 0.027 0.044 0.024 0.073 0.054 0.044 0.057 0.091 0.035;0.11 0.08 0.076 0.027 0.044 0.081 0.11 0.094 0.024 0.073 0.054 0.044 0.091 0.057 0.035;0.11 0.076 0.081 0.024 0.044 0.08 0.027 0.044 0.11 0.073 0.091 0.094 0.057 0.054 0.035;
0.131 0.068 0.064 0.091 0.089 0.083 0.027 0.05 0.029 0.096 0.051 0.053 0.044 0.092 0.032;0.131 0.068 0.083 0.027 0.05 0.064 0.091 0.089 0.029 0.096 0.051 0.053 0.092 0.044 0.032;0.131 0.083 0.064 0.029 0.053 0.068 0.027 0.05 0.091 0.096 0.092 0.089 0.044 0.051 0.032;
0.113 0.086 0.073 0.107 0.089 0.074 0.028 0.064 0.03 0.074 0.036 0.049 0.052 0.091 0.034;0.113 0.086 0.074 0.028 0.064 0.073 0.107 0.089 0.03 0.074 0.036 0.049 0.091 0.052 0.034;0.113 0.074 0.073 0.03 0.049 0.086 0.028 0.064 0.107 0.074 0.091 0.089 0.052 0.036 0.034;
0.125 0.096 0.076 0.083 0.085 0.093 0.029 0.04 0.031 0.073 0.041 0.051 0.051 0.089 0.037;0.125 0.096 0.093 0.029 0.04 0.076 0.083 0.085 0.031 0.073 0.041 0.051 0.089 0.051 0.037;0.125 0.093 0.076 0.031 0.051 0.096 0.029 0.04 0.083 0.073 0.089 0.085 0.051 0.041 0.037;
0.121 0.09 0.082 0.101 0.101 0.086 0.03 0.04 0.023 0.068 0.048 0.049 0.045 0.077 0.039;0.121 0.09 0.086 0.03 0.04 0.082 0.101 0.101 0.023 0.068 0.048 0.049 0.077 0.045 0.039;0.121 0.086 0.082 0.023 0.049 0.09 0.03 0.04 0.101 0.068 0.077 0.101 0.045 0.048 0.039;
0.123 0.093 0.096 0.087 0.08 0.076 0.025 0.046 0.038 0.078 0.051 0.051 0.05 0.078 0.028;0.123 0.093 0.076 0.025 0.046 0.096 0.087 0.08 0.038 0.078 0.051 0.051 0.078 0.05 0.028;0.123 0.076 0.096 0.038 0.051 0.093 0.025 0.046 0.087 0.078 0.078 0.08 0.05 0.051 0.028;
0.117 0.09 0.055 0.103 0.097 0.092 0.027 0.045 0.025 0.089 0.042 0.049 0.054 0.088 0.027;0.117 0.09 0.092 0.027 0.045 0.055 0.103 0.097 0.025 0.089 0.042 0.049 0.088 0.054 0.027;0.117 0.092 0.055 0.025 0.049 0.09 0.027 0.045 0.103 0.089 0.088 0.097 0.054 0.042 0.027;
0.106 0.085 0.074 0.089 0.081 0.096 0.036 0.046 0.032 0.081 0.048 0.049 0.033 0.104 0.04;0.106 0.085 0.096 0.036 0.046 0.074 0.089 0.081 0.032 0.081 0.048 0.049 0.104 0.033 0.04;0.106 0.096 0.074 0.032 0.049 0.085 0.036 0.046 0.089 0.081 0.104 0.081 0.033 0.048 0.04;
0.114 0.086 0.079 0.106 0.081 0.078 0.034 0.042 0.032 0.085 0.049 0.049 0.039 0.085 0.041;0.114 0.086 0.078 0.034 0.042 0.079 0.106 0.081 0.032 0.085 0.049 0.049 0.085 0.039 0.041;0.114 0.078 0.079 0.032 0.049 0.086 0.034 0.042 0.106 0.085 0.085 0.081 0.039 0.049 0.041;
0.133 0.09 0.09 0.084 0.099 0.087 0.033 0.053 0.025 0.062 0.047 0.048 0.042 0.085 0.022;0.133 0.09 0.087 0.033 0.053 0.09 0.084 0.099 0.025 0.062 0.047 0.048 0.085 0.042 0.022;0.133 0.087 0.09 0.025 0.048 0.09 0.033 0.053 0.084 0.062 0.085 0.099 0.042 0.047 0.022;
0.126 0.09 0.077 0.096 0.095 0.071 0.033 0.05 0.027 0.073 0.041 0.046 0.054 0.091 0.03;0.126 0.09 0.071 0.033 0.05 0.077 0.096 0.095 0.027 0.073 0.041 0.046 0.091 0.054 0.03;0.126 0.071 0.077 0.027 0.046 0.09 0.033 0.05 0.096 0.073 0.091 0.095 0.054 0.041 0.03;
0.124 0.08 0.074 0.093 0.08 0.091 0.031 0.043 0.022 0.091 0.045 0.064 0.047 0.076 0.039;0.124 0.08 0.091 0.031 0.043 0.074 0.093 0.08 0.022 0.091 0.045 0.064 0.076 0.047 0.039;0.124 0.091 0.074 0.022 0.064 0.08 0.031 0.043 0.093 0.091 0.076 0.08 0.047 0.045 0.039;
0.118 0.083 0.079 0.118 0.079 0.069 0.033 0.045 0.037 0.076 0.048 0.055 0.036 0.086 0.038;0.118 0.083 0.069 0.033 0.045 0.079 0.118 0.079 0.037 0.076 0.048 0.055 0.086 0.036 0.038;0.118 0.069 0.079 0.037 0.055 0.083 0.033 0.045 0.118 0.076 0.086 0.079 0.036 0.048 0.038;
0.111 0.062 0.081 0.107 0.092 0.077 0.036 0.049 0.036 0.089 0.05 0.05 0.048 0.072 0.04;0.111 0.062 0.077 0.036 0.049 0.081 0.107 0.092 0.036 0.089 0.05 0.05 0.072 0.048 0.04;0.111 0.077 0.081 0.036 0.05 0.062 0.036 0.049 0.107 0.089 0.072 0.092 0.048 0.05 0.04;
0.134 0.079 0.084 0.109 0.072 0.08 0.023 0.042 0.022 0.084 0.05 0.05 0.043 0.088 0.04;0.134 0.079 0.08 0.023 0.042 0.084 0.109 0.072 0.022 0.084 0.05 0.05 0.088 0.043 0.04;0.134 0.08 0.084 0.022 0.05 0.079 0.023 0.042 0.109 0.084 0.088 0.072 0.043 0.05 0.04;
0.122 0.097 0.083 0.097 0.081 0.086 0.036 0.042 0.023 0.075 0.038 0.032 0.048 0.094 0.046;0.122 0.097 0.086 0.036 0.042 0.083 0.097 0.081 0.023 0.075 0.038 0.032 0.094 0.048 0.046;0.122 0.086 0.083 0.023 0.032 0.097 0.036 0.042 0.097 0.075 0.094 0.081 0.048 0.038 0.046;
0.114 0.091 0.065 0.105 0.085 0.104 0.028 0.034 0.036 0.087 0.04 0.044 0.054 0.08 0.033;0.114 0.091 0.104 0.028 0.034 0.065 0.105 0.085 0.036 0.087 0.04 0.044 0.08 0.054 0.033;0.114 0.104 0.065 0.036 0.044 0.091 0.028 0.034 0.105 0.087 0.08 0.085 0.054 0.04 0.033;
0.121 0.092 0.078 0.09 0.087 0.092 0.023 0.052 0.033 0.066 0.058 0.055 0.046 0.073 0.034;0.121 0.092 0.092 0.023 0.052 0.078 0.09 0.087 0.033 0.066 0.058 0.055 0.073 0.046 0.034;0.121 0.092 0.078 0.033 0.055 0.092 0.023 0.052 0.09 0.066 0.073 0.087 0.046 0.058 0.034;
0.114 0.082 0.087 0.088 0.091 0.083 0.027 0.04 0.026 0.073 0.063 0.047 0.048 0.103 0.028;0.114 0.082 0.083 0.027 0.04 0.087 0.088 0.091 0.026 0.073 0.063 0.047 0.103 0.048 0.028;0.114 0.083 0.087 0.026 0.047 0.082 0.027 0.04 0.088 0.073 0.103 0.091 0.048 0.063 0.028;
0.129 0.093 0.083 0.104 0.076 0.079 0.033 0.053 0.019 0.066 0.046 0.051 0.046 0.083 0.039;0.129 0.093 0.079 0.033 0.053 0.083 0.104 0.076 0.019 0.066 0.046 0.051 0.083 0.046 0.039;0.129 0.079 0.083 0.019 0.051 0.093 0.033 0.053 0.104 0.066 0.083 0.076 0.046 0.046 0.039;
0.112 0.085 0.078 0.106 0.088 0.075 0.029 0.049 0.03 0.076 0.046 0.05 0.049 0.084 0.043;0.112 0.085 0.075 0.029 0.049 0.078 0.106 0.088 0.03 0.076 0.046 0.05 0.084 0.049 0.043;0.112 0.075 0.078 0.03 0.05 0.085 0.029 0.049 0.106 0.076 0.084 0.088 0.049 0.046 0.043;
0.13 0.095 0.074 0.102 0.098 0.069 0.025 0.041 0.036 0.089 0.04 0.038 0.048 0.073 0.042;0.13 0.095 0.069 0.025 0.041 0.074 0.102 0.098 0.036 0.089 0.04 0.038 0.073 0.048 0.042;0.13 0.069 0.074 0.036 0.038 0.095 0.025 0.041 0.102 0.089 0.073 0.098 0.048 0.04 0.042;
0.117 0.094 0.099 0.08 0.087 0.078 0.045 0.048 0.031 0.075 0.05 0.041 0.044 0.076 0.035;0.117 0.094 0.078 0.045 0.048 0.099 0.08 0.087 0.031 0.075 0.05 0.041 0.076 0.044 0.035;0.117 0.078 0.099 0.031 0.041 0.094 0.045 0.048 0.08 0.075 0.076 0.087 0.044 0.05 0.035;
0.127 0.091 0.076 0.095 0.091 0.077 0.03 0.064 0.025 0.075 0.042 0.034 0.058 0.076 0.039;0.127 0.091 0.077 0.03 0.064 0.076 0.095 0.091 0.025 0.075 0.042 0.034 0.076 0.058 0.039;0.127 0.077 0.076 0.025 0.034 0.091 0.03 0.064 0.095 0.075 0.076 0.091 0.058 0.042 0.039;
0.117 0.079 0.082 0.094 0.102 0.098 0.037 0.04 0.024 0.083 0.038 0.044 0.047 0.081 0.034;0.117 0.079 0.098 0.037 0.04 0.082 0.094 0.102 0.024 0.083 0.038 0.044 0.081 0.047 0.034;0.117 0.098 0.082 0.024 0.044 0.079 0.037 0.04 0.094 0.083 0.081 0.102 0.047 0.038 0.034;
0.126 0.068 0.069 0.096 0.104 0.086 0.033 0.041 0.032 0.068 0.047 0.055 0.048 0.084 0.043;0.126 0.068 0.086 0.033 0.041 0.069 0.096 0.104 0.032 0.068 0.047 0.055 0.084 0.048 0.043;0.126 0.086 0.069 0.032 0.055 0.068 0.033 0.041 0.096 0.068 0.084 0.104 0.048 0.047 0.043;
0.133 0.083 0.063 0.092 0.083 0.083 0.04 0.044 0.026 0.073 0.055 0.051 0.048 0.095 0.031;0.133 0.083 0.083 0.04 0.044 0.063 0.092 0.083 0.026 0.073 0.055 0.051 0.095 0.048 0.031;0.133 0.083 0.063 0.026 0.051 0.083 0.04 0.044 0.092 0.073 0.095 0.083 0.048 0.055 0.031;
0.101 0.105 0.093 0.094 0.085 0.086 0.025 0.048 0.032 0.069 0.045 0.044 0.051 0.093 0.029;0.101 0.105 0.086 0.025 0.048 0.093 0.094 0.085 0.032 0.069 0.045 0.044 0.093 0.051 0.029;0.101 0.086 0.093 0.032 0.044 0.105 0.025 0.048 0.094 0.069 0.093 0.085 0.051 0.045 0.029;
0.129 0.087 0.069 0.089 0.087 0.07 0.036 0.051 0.026 0.071 0.058 0.048 0.055 0.095 0.029;0.129 0.087 0.07 0.036 0.051 0.069 0.089 0.087 0.026 0.071 0.058 0.048 0.095 0.055 0.029;0.129 0.07 0.069 0.026 0.048 0.087 0.036 0.051 0.089 0.071 0.095 0.087 0.055 0.058 0.029;
0.101 0.093 0.086 0.088 0.081 0.1 0.026 0.063 0.022 0.065 0.053 0.051 0.058 0.065 0.048;0.101 0.093 0.1 0.026 0.063 0.086 0.088 0.081 0.022 0.065 0.053 0.051 0.065 0.058 0.048;0.101 0.1 0.086 0.022 0.051 0.093 0.026 0.063 0.088 0.065 0.065 0.081 0.058 0.053 0.048;
0.107 0.098 0.076 0.098 0.087 0.071 0.032 0.057 0.034 0.079 0.057 0.051 0.051 0.078 0.024;0.107 0.098 0.071 0.032 0.057 0.076 0.098 0.087 0.034 0.079 0.057 0.051 0.078 0.051 0.024;0.107 0.071 0.076 0.034 0.051 0.098 0.032 0.057 0.098 0.079 0.078 0.087 0.051 0.057 0.024;
0.145 0.074 0.078 0.103 0.071 0.077 0.029 0.06 0.017 0.088 0.052 0.049 0.045 0.079 0.033;0.145 0.074 0.077 0.029 0.06 0.078 0.103 0.071 0.017 0.088 0.052 0.049 0.079 0.045 0.033;0.145 0.077 0.078 0.017 0.049 0.074 0.029 0.06 0.103 0.088 0.079 0.071 0.045 0.052 0.033;
0.114 0.092 0.086 0.108 0.094 0.078 0.031 0.044 0.024 0.076 0.031 0.05 0.053 0.089 0.03;0.114 0.092 0.078 0.031 0.044 0.086 0.108 0.094 0.024 0.076 0.031 0.05 0.089 0.053 0.03;0.114 0.078 0.086 0.024 0.05 0.092 0.031 0.044 0.108 0.076 0.089 0.094 0.053 0.031 0.03;
0.094 0.101 0.086 0.11 0.092 0.094 0.03 0.053 0.022 0.066 0.038 0.044 0.047 0.081 0.042;0.094 0.101 0.094 0.03 0.053 0.086 0.11 0.092 0.022 0.066 0.038 0.044 0.081 0.047 0.042;0.094 0.094 0.086 0.022 0.044 0.101 0.03 0.053 0.11 0.066 0.081 0.092 0.047 0.038 0.042;
0.135 0.094 0.082 0.095 0.083 0.08 0.027 0.044 0.031 0.078 0.048 0.047 0.046 0.086 0.024;0.135 0.094 0.08 0.027 0.044 0.082 0.095 0.083 0.031 0.078 0.048 0.047 0.086 0.046 0.024;0.135 0.08 0.082 0.031 0.047 0.094 0.027 0.044 0.095 0.078 0.086 0.083 0.046 0.048 0.024;
0.118 0.094 0.083 0.087 0.073 0.082 0.028 0.041 0.029 0.093 0.042 0.043 0.045 0.099 0.043;0.118 0.094 0.082 0.028 0.041 0.083 0.087 0.073 0.029 0.093 0.042 0.043 0.099 0.045 0.043;0.118 0.082 0.083 0.029 0.043 0.094 0.028 0.041 0.087 0.093 0.099 0.073 0.045 0.042 0.043;
0.122 0.07 0.074 0.097 0.096 0.086 0.029 0.045 0.027 0.089 0.054 0.055 0.052 0.07 0.034;0.122 0.07 0.086 0.029 0.045 0.074 0.097 0.096 0.027 0.089 0.054 0.055 0.07 0.052 0.034;0.122 0.086 0.074 0.027 0.055 0.07 0.029 0.045 0.097 0.089 0.07 0.096 0.052 0.054 0.034;
0.102 0.076 0.08 0.119 0.091 0.063 0.038 0.046 0.028 0.081 0.046 0.054 0.053 0.087 0.036;0.102 0.076 0.063 0.038 0.046 0.08 0.119 0.091 0.028 0.081 0.046 0.054 0.087 0.053 0.036;0.102 0.063 0.08 0.028 0.054 0.076 0.038 0.046 0.119 0.081 0.087 0.091 0.053 0.046 0.036;
0.113 0.102 0.069 0.093 0.087 0.078 0.031 0.046 0.023 0.086 0.048 0.054 0.042 0.091 0.037;0.113 0.102 0.078 0.031 0.046 0.069 0.093 0.087 0.023 0.086 0.048 0.054 0.091 0.042 0.037;0.113 0.078 0.069 0.023 0.054 0.102 0.031 0.046 0.093 0.086 0.091 0.087 0.042 0.048 0.037;
0.112 0.078 0.086 0.1 0.089 0.087 0.03 0.051 0.029 0.093 0.047 0.039 0.046 0.082 0.031;0.112 0.078 0.087 0.03 0.051 0.086 0.1 0.089 0.029 0.093 0.047 0.039 0.082 0.046 0.031;0.112 0.087 0.086 0.029 0.039 0.078 0.03 0.051 0.1 0.093 0.082 0.089 0.046 0.047 0.031;
0.122 0.079 0.09 0.094 0.087 0.075 0.026 0.041 0.033 0.075 0.041 0.06 0.054 0.088 0.035;0.122 0.079 0.075 0.026 0.041 0.09 0.094 0.087 0.033 0.075 0.041 0.06 0.088 0.054 0.035;0.122 0.075 0.09 0.033 0.06 0.079 0.026 0.041 0.094 0.075 0.088 0.087 0.054 0.041 0.035;
0.118 0.078 0.089 0.109 0.096 0.092 0.028 0.057 0.027 0.069 0.044 0.038 0.04 0.081 0.034;0.118 0.078 0.092 0.028 0.057 0.089 0.109 0.096 0.027 0.069 0.044 0.038 0.081 0.04 0.034;0.118 0.092 0.089 0.027 0.038 0.078 0.028 0.057 0.109 0.069 0.081 0.096 0.04 0.044 0.034;
0.099 0.106 0.08 0.1 0.108 0.076 0.027 0.058 0.034 0.069 0.043 0.045 0.028 0.099 0.028;0.099 0.106 0.076 0.027 0.058 0.08 0.1 0.108 0.034 0.069 0.043 0.045 0.099 0.028 0.028;0.099 0.076 0.08 0.034 0.045 0.106 0.027 0.058 0.1 0.069 0.099 0.108 0.028 0.043 0.028;
0.104 0.076 0.077 0.085 0.081 0.079 0.032 0.054 0.034 0.096 0.061 0.044 0.044 0.099 0.034;0.104 0.076 0.079 0.032 0.054 0.077 0.085 0.081 0.034 0.096 0.061 0.044 0.099 0.044 0.034;0.104 0.079 0.077 0.034 0.044 0.076 0.032 0.054 0.085 0.096 0.099 0.081 0.044 0.061 0.034;
0.122 0.097 0.078 0.088 0.084 0.077 0.03 0.048 0.032 0.089 0.045 0.055 0.051 0.072 0.032;0.122 0.097 0.077 0.03 0.048 0.078 0.088 0.084 0.032 0.089 0.045 0.055 0.072 0.051 0.032;0.122 0.077 0.078 0.032 0.055 0.097 0.03 0.048 0.088 0.089 0.072 0.084 0.051 0.045 0.032;
0.117 0.081 0.075 0.099 0.097 0.098 0.03 0.057 0.029 0.066 0.055 0.045 0.05 0.07 0.031;0.117 0.081 0.098 0.03 0.057 0.075 0.099 0.097 0.029 0.066 0.055 0.045 0.07 0.05 0.031;0.117 0.098 0.075 0.029 0.045 0.081 0.03 0.057 0.099 0.066 0.07 0.097 0.05 0.055 0.031;
0.11 0.082 0.084 0.09 0.08 0.085 0.028 0.056 0.036 0.089 0.045 0.06 0.042 0.073 0.04;0.11 0.082 0.085 0.028 0.056 0.084 0.09 0.08 0.036 0.089 0.045 0.06 0.073 0.042 0.04;0.11 0.085 0.084 0.036 0.06 0.082 0.028 0.056 0.09 0.089 0.073 0.08 0.042 0.045 0.04;
0.125 0.066 0.079 0.084 0.09 0.102 0.034 0.059 0.03 0.083 0.036 0.042 0.046 0.09 0.034;0.125 0.066 0.102 0.034 0.059 0.079 0.084 0.09 0.03 0.083 0.036 0.042 0.09 0.046 0.034;0.125 0.102 0.079 0.03 0.042 0.066 0.034 0.059 0.084 0.083 0.09 0.09 0.046 0.036 0.034;
0.112 0.072 0.076 0.1 0.089 0.083 0.039 0.054 0.031 0.092 0.046 0.042 0.035 0.079 0.05;0.112 0.072 0.083 0.039 0.054 0.076 0.1 0.089 0.031 0.092 0.046 0.042 0.079 0.035 0.05;0.112 0.083 0.076 0.031 0.042 0.072 0.039 0.054 0.1 0.092 0.079 0.089 0.035 0.046 0.05;
0.122 0.08 0.082 0.111 0.087 0.078 0.031 0.055 0.023 0.065 0.042 0.049 0.037 0.094 0.044;0.122 0.08 0.078 0.031 0.055 0.082 0.111 0.087 0.023 0.065 0.042 0.049 0.094 0.037 0.044;0.122 0.078 0.082 0.023 0.049 0.08 0.031 0.055 0.111 0.065 0.094 0.087 0.037 0.042 0.044;
0.127 0.089 0.071 0.1 0.087 0.067 0.036 0.036 0.039 0.081 0.05 0.057 0.034 0.089 0.037;0.127 0.089 0.067 0.036 0.036 0.071 0.1 0.087 0.039 0.081 0.05 0.057 0.089 0.034 0.037;0.127 0.067 0.071 0.039 0.057 0.089 0.036 0.036 0.1 0.081 0.089 0.087 0.034 0.05 0.037;
0.135 0.079 0.059 0.096 0.104 0.09 0.024 0.056 0.032 0.079 0.038 0.051 0.043 0.085 0.029;0.135 0.079 0.09 0.024 0.056 0.059 0.096 0.104 0.032 0.079 0.038 0.051 0.085 0.043 0.029;0.135 0.09 0.059 0.032 0.051 0.079 0.024 0.056 0.096 0.079 0.085 0.104 0.043 0.038 0.029;
0.125 0.078 0.078 0.104 0.088 0.083 0.032 0.052 0.035 0.067 0.046 0.04 0.049 0.092 0.031;0.125 0.078 0.083 0.032 0.052 0.078 0.104 0.088 0.035 0.067 0.046 0.04 0.092 0.049 0.031;0.125 0.083 0.078 0.035 0.04 0.078 0.032 0.052 0.104 0.067 0.092 0.088 0.049 0.046 0.031;
0.134 0.093 0.087 0.087 0.066 0.076 0.033 0.037 0.04 0.085 0.046 0.051 0.048 0.084 0.033;0.134 0.093 0.076 0.033 0.037 0.087 0.087 0.066 0.04 0.085 0.046 0.051 0.084 0.048 0.033;0.134 0.076 0.087 0.04 0.051 0.093 0.033 0.037 0.087 0.085 0.084 0.066 0.048 0.046 0.033;
0.102 0.091 0.08 0.117 0.076 0.08 0.034 0.038 0.029 0.092 0.049 0.056 0.045 0.078 0.033;0.102 0.091 0.08 0.034 0.038 0.08 0.117 0.076 0.029 0.092 0.049 0.056 0.078 0.045 0.033;0.102 0.08 0.08 0.029 0.056 0.091 0.034 0.038 0.117 0.092 0.078 0.076 0.045 0.049 0.033;
0.124 0.074 0.099 0.088 0.069 0.079 0.03 0.054 0.026 0.078 0.056 0.057 0.043 0.086 0.037;0.124 0.074 0.079 0.03 0.054 0.099 0.088 0.069 0.026 0.078 0.056 0.057 0.086 0.043 0.037;0.124 0.079 0.099 0.026 0.057 0.074 0.03 0.054 0.088 0.078 0.086 0.069 0.043 0.056 0.037;
0.11 0.084 0.094 0.088 0.094 0.082 0.018 0.062 0.031 0.076 0.046 0.048 0.041 0.086 0.04;0.11 0.084 0.082 0.018 0.062 0.094 0.088 0.094 0.031 0.076 0.046 0.048 0.086 0.041 0.04;0.11 0.082 0.094 0.031 0.048 0.084 0.018 0.062 0.088 0.076 0.086 0.094 0.041 0.046 0.04;
0.103 0.097 0.069 0.102 0.083 0.086 0.031 0.039 0.018 0.091 0.056 0.053 0.059 0.075 0.038;0.103 0.097 0.086 0.031 0.039 0.069 0.102 0.083 0.018 0.091 0.056 0.053 0.075 0.059 0.038;0.103 0.086 0.069 0.018 0.053 0.097 0.031 0.039 0.102 0.091 0.075 0.083 0.059 0.056 0.038;
0.119 0.096 0.078 0.1 0.071 0.087 0.029 0.039 0.032 0.084 0.045 0.056 0.041 0.096 0.027;0.119 0.096 0.087 0.029 0.039 0.078 0.1 0.071 0.032 0.084 0.045 0.056 0.096 0.041 0.027;0.119 0.087 0.078 0.032 0.056 0.096 0.029 0.039 0.1 0.084 0.096 0.071 0.041 0.045 0.027;
0.11 0.103 0.075 0.093 0.078 0.088 0.038 0.065 0.02 0.073 0.056 0.056 0.035 0.077 0.033;0.11 0.103 0.088 0.038 0.065 0.075 0.093 0.078 0.02 0.073 0.056 0.056 0.077 0.035 0.033;0.11 0.088 0.075 0.02 0.056 0.103 0.038 0.065 0.093 0.073 0.077 0.078 0.035 0.056 0.033;
0.109 0.089 0.08 0.09 0.088 0.082 0.034 0.046 0.027 0.093 0.039 0.048 0.051 0.082 0.042;0.109 0.089 0.082 0.034 0.046 0.08 0.09 0.088 0.027 0.093 0.039 0.048 0.082 0.051 0.042;0.109 0.082 0.08 0.027 0.048 0.089 0.034 0.046 0.09 0.093 0.082 0.088 0.051 0.039 0.042;
0.136 0.071 0.088 0.092 0.096 0.077 0.028 0.052 0.023 0.079 0.033 0.056 0.049 0.083 0.037;0.136 0.071 0.077 0.028 0.052 0.088 0.092 0.096 0.023 0.079 0.033 0.056 0.083 0.049 0.037;0.136 0.077 0.088 0.023 0.056 0.071 0.028 0.052 0.092 0.079 0.083 0.096 0.049 0.033 0.037;
0.125 0.085 0.075 0.085 0.089 0.082 0.039 0.044 0.031 0.094 0.045 0.048 0.04 0.08 0.038;0.125 0.085 0.082 0.039 0.044 0.075 0.085 0.089 0.031 0.094 0.045 0.048 0.08 0.04 0.038;0.125 0.082 0.075 0.031 0.048 0.085 0.039 0.044 0.085 0.094 0.08 0.089 0.04 0.045 0.038];