pntP=[0.174 0.092 0.086 0.102 0.081 0.096 0.021 0.051 0.017 0.072 0.039 0.036 0.028 0.073 0.032;0.174 0.092 0.096 0.021 0.051 0.086 0.102 0.081 0.017 0.072 0.039 0.036 0.073 0.028 0.032;0.174 0.096 0.086 0.017 0.036 0.092 0.021 0.051 0.102 0.072 0.073 0.081 0.028 0.039 0.032;
0.169 0.109 0.064 0.115 0.086 0.107 0.026 0.056 0.017 0.067 0.036 0.027 0.023 0.075 0.023;0.169 0.109 0.107 0.026 0.056 0.064 0.115 0.086 0.017 0.067 0.036 0.027 0.075 0.023 0.023;0.169 0.107 0.064 0.017 0.027 0.109 0.026 0.056 0.115 0.067 0.075 0.086 0.023 0.036 0.023;
0.163 0.111 0.057 0.124 0.073 0.099 0.025 0.049 0.023 0.079 0.041 0.026 0.03 0.079 0.021;0.163 0.111 0.099 0.025 0.049 0.057 0.124 0.073 0.023 0.079 0.041 0.026 0.079 0.03 0.021;0.163 0.099 0.057 0.023 0.026 0.111 0.025 0.049 0.124 0.079 0.079 0.073 0.03 0.041 0.021;
0.17 0.105 0.066 0.112 0.08 0.1 0.03 0.04 0.017 0.067 0.032 0.036 0.032 0.08 0.033;0.17 0.105 0.1 0.03 0.04 0.066 0.112 0.08 0.017 0.067 0.032 0.036 0.08 0.032 0.033;0.17 0.1 0.066 0.017 0.036 0.105 0.03 0.04 0.112 0.067 0.08 0.08 0.032 0.032 0.033;
0.153 0.114 0.079 0.13 0.078 0.089 0.026 0.042 0.023 0.064 0.033 0.042 0.028 0.072 0.027;0.153 0.114 0.089 0.026 0.042 0.079 0.13 0.078 0.023 0.064 0.033 0.042 0.072 0.028 0.027;0.153 0.089 0.079 0.023 0.042 0.114 0.026 0.042 0.13 0.064 0.072 0.078 0.028 0.033 0.027;
0.175 0.108 0.05 0.121 0.088 0.109 0.019 0.04 0.024 0.068 0.036 0.041 0.025 0.067 0.029;0.175 0.108 0.109 0.019 0.04 0.05 0.121 0.088 0.024 0.068 0.036 0.041 0.067 0.025 0.029;0.175 0.109 0.05 0.024 0.041 0.108 0.019 0.04 0.121 0.068 0.067 0.088 0.025 0.036 0.029;
0.173 0.101 0.068 0.133 0.063 0.106 0.02 0.051 0.026 0.066 0.032 0.031 0.023 0.083 0.024;0.173 0.101 0.106 0.02 0.051 0.068 0.133 0.063 0.026 0.066 0.032 0.031 0.083 0.023 0.024;0.173 0.106 0.068 0.026 0.031 0.101 0.02 0.051 0.133 0.066 0.083 0.063 0.023 0.032 0.024;
0.162 0.1 0.078 0.126 0.076 0.109 0.025 0.05 0.031 0.049 0.038 0.035 0.029 0.066 0.026;0.162 0.1 0.109 0.025 0.05 0.078 0.126 0.076 0.031 0.049 0.038 0.035 0.066 0.029 0.026;0.162 0.109 0.078 0.031 0.035 0.1 0.025 0.05 0.126 0.049 0.066 0.076 0.029 0.038 0.026;
0.166 0.099 0.075 0.113 0.069 0.104 0.022 0.055 0.03 0.069 0.034 0.031 0.022 0.084 0.027;0.166 0.099 0.104 0.022 0.055 0.075 0.113 0.069 0.03 0.069 0.034 0.031 0.084 0.022 0.027;0.166 0.104 0.075 0.03 0.031 0.099 0.022 0.055 0.113 0.069 0.084 0.069 0.022 0.034 0.027;
0.157 0.113 0.069 0.11 0.081 0.09 0.025 0.046 0.027 0.077 0.037 0.028 0.021 0.092 0.027;0.157 0.113 0.09 0.025 0.046 0.069 0.11 0.081 0.027 0.077 0.037 0.028 0.092 0.021 0.027;0.157 0.09 0.069 0.027 0.028 0.113 0.025 0.046 0.11 0.077 0.092 0.081 0.021 0.037 0.027;
0.185 0.09 0.065 0.11 0.088 0.102 0.025 0.056 0.025 0.06 0.037 0.035 0.024 0.067 0.031;0.185 0.09 0.102 0.025 0.056 0.065 0.11 0.088 0.025 0.06 0.037 0.035 0.067 0.024 0.031;0.185 0.102 0.065 0.025 0.035 0.09 0.025 0.056 0.11 0.06 0.067 0.088 0.024 0.037 0.031;
0.186 0.107 0.047 0.119 0.079 0.103 0.021 0.049 0.025 0.073 0.027 0.032 0.02 0.084 0.028;0.186 0.107 0.103 0.021 0.049 0.047 0.119 0.079 0.025 0.073 0.027 0.032 0.084 0.02 0.028;0.186 0.103 0.047 0.025 0.032 0.107 0.021 0.049 0.119 0.073 0.084 0.079 0.02 0.027 0.028;
0.196 0.093 0.074 0.112 0.066 0.104 0.034 0.039 0.021 0.061 0.038 0.034 0.028 0.084 0.016;0.196 0.093 0.104 0.034 0.039 0.074 0.112 0.066 0.021 0.061 0.038 0.034 0.084 0.028 0.016;0.196 0.104 0.074 0.021 0.034 0.093 0.034 0.039 0.112 0.061 0.084 0.066 0.028 0.038 0.016;
0.174 0.112 0.068 0.109 0.076 0.116 0.024 0.049 0.018 0.067 0.028 0.024 0.028 0.083 0.024;0.174 0.112 0.116 0.024 0.049 0.068 0.109 0.076 0.018 0.067 0.028 0.024 0.083 0.028 0.024;0.174 0.116 0.068 0.018 0.024 0.112 0.024 0.049 0.109 0.067 0.083 0.076 0.028 0.028 0.024;
0.173 0.098 0.075 0.112 0.061 0.119 0.029 0.043 0.017 0.064 0.034 0.035 0.032 0.083 0.025;0.173 0.098 0.119 0.029 0.043 0.075 0.112 0.061 0.017 0.064 0.034 0.035 0.083 0.032 0.025;0.173 0.119 0.075 0.017 0.035 0.098 0.029 0.043 0.112 0.064 0.083 0.061 0.032 0.034 0.025;
0.169 0.121 0.062 0.124 0.085 0.102 0.028 0.037 0.028 0.065 0.029 0.035 0.023 0.067 0.025;0.169 0.121 0.102 0.028 0.037 0.062 0.124 0.085 0.028 0.065 0.029 0.035 0.067 0.023 0.025;0.169 0.102 0.062 0.028 0.035 0.121 0.028 0.037 0.124 0.065 0.067 0.085 0.023 0.029 0.025;
0.17 0.091 0.072 0.119 0.078 0.102 0.025 0.035 0.027 0.056 0.042 0.04 0.036 0.083 0.024;0.17 0.091 0.102 0.025 0.035 0.072 0.119 0.078 0.027 0.056 0.042 0.04 0.083 0.036 0.024;0.17 0.102 0.072 0.027 0.04 0.091 0.025 0.035 0.119 0.056 0.083 0.078 0.036 0.042 0.024;
0.179 0.091 0.077 0.102 0.084 0.099 0.025 0.055 0.02 0.057 0.04 0.036 0.034 0.071 0.03;0.179 0.091 0.099 0.025 0.055 0.077 0.102 0.084 0.02 0.057 0.04 0.036 0.071 0.034 0.03;0.179 0.099 0.077 0.02 0.036 0.091 0.025 0.055 0.102 0.057 0.071 0.084 0.034 0.04 0.03;
0.164 0.086 0.072 0.105 0.09 0.12 0.021 0.046 0.023 0.069 0.03 0.027 0.031 0.08 0.036;0.164 0.086 0.12 0.021 0.046 0.072 0.105 0.09 0.023 0.069 0.03 0.027 0.08 0.031 0.036;0.164 0.12 0.072 0.023 0.027 0.086 0.021 0.046 0.105 0.069 0.08 0.09 0.031 0.03 0.036;
0.179 0.107 0.064 0.111 0.085 0.093 0.033 0.054 0.018 0.06 0.04 0.042 0.021 0.07 0.023;0.179 0.107 0.093 0.033 0.054 0.064 0.111 0.085 0.018 0.06 0.04 0.042 0.07 0.021 0.023;0.179 0.093 0.064 0.018 0.042 0.107 0.033 0.054 0.111 0.06 0.07 0.085 0.021 0.04 0.023;
0.171 0.102 0.056 0.109 0.076 0.113 0.025 0.046 0.016 0.08 0.04 0.05 0.028 0.069 0.019;0.171 0.102 0.113 0.025 0.046 0.056 0.109 0.076 0.016 0.08 0.04 0.05 0.069 0.028 0.019;0.171 0.113 0.056 0.016 0.05 0.102 0.025 0.046 0.109 0.08 0.069 0.076 0.028 0.04 0.019;
0.167 0.119 0.048 0.114 0.075 0.095 0.018 0.066 0.019 0.081 0.037 0.036 0.035 0.077 0.013;0.167 0.119 0.095 0.018 0.066 0.048 0.114 0.075 0.019 0.081 0.037 0.036 0.077 0.035 0.013;0.167 0.095 0.048 0.019 0.036 0.119 0.018 0.066 0.114 0.081 0.077 0.075 0.035 0.037 0.013;
0.151 0.109 0.068 0.102 0.087 0.116 0.022 0.041 0.026 0.063 0.025 0.039 0.035 0.083 0.033;0.151 0.109 0.116 0.022 0.041 0.068 0.102 0.087 0.026 0.063 0.025 0.039 0.083 0.035 0.033;0.151 0.116 0.068 0.026 0.039 0.109 0.022 0.041 0.102 0.063 0.083 0.087 0.035 0.025 0.033;
0.169 0.11 0.074 0.13 0.083 0.088 0.028 0.044 0.022 0.057 0.036 0.027 0.027 0.082 0.023;0.169 0.11 0.088 0.028 0.044 0.074 0.13 0.083 0.022 0.057 0.036 0.027 0.082 0.027 0.023;0.169 0.088 0.074 0.022 0.027 0.11 0.028 0.044 0.13 0.057 0.082 0.083 0.027 0.036 0.023;
0.166 0.122 0.088 0.109 0.08 0.113 0.022 0.043 0.024 0.064 0.021 0.045 0.026 0.059 0.018;0.166 0.122 0.113 0.022 0.043 0.088 0.109 0.08 0.024 0.064 0.021 0.045 0.059 0.026 0.018;0.166 0.113 0.088 0.024 0.045 0.122 0.022 0.043 0.109 0.064 0.059 0.08 0.026 0.021 0.018;
0.168 0.114 0.083 0.113 0.081 0.099 0.022 0.038 0.019 0.069 0.032 0.037 0.024 0.077 0.024;0.168 0.114 0.099 0.022 0.038 0.083 0.113 0.081 0.019 0.069 0.032 0.037 0.077 0.024 0.024;0.168 0.099 0.083 0.019 0.037 0.114 0.022 0.038 0.113 0.069 0.077 0.081 0.024 0.032 0.024;
0.169 0.103 0.058 0.108 0.086 0.106 0.028 0.045 0.018 0.064 0.038 0.037 0.03 0.086 0.024;0.169 0.103 0.106 0.028 0.045 0.058 0.108 0.086 0.018 0.064 0.038 0.037 0.086 0.03 0.024;0.169 0.106 0.058 0.018 0.037 0.103 0.028 0.045 0.108 0.064 0.086 0.086 0.03 0.038 0.024;
0.153 0.108 0.072 0.114 0.086 0.106 0.027 0.041 0.023 0.064 0.032 0.041 0.028 0.083 0.022;0.153 0.108 0.106 0.027 0.041 0.072 0.114 0.086 0.023 0.064 0.032 0.041 0.083 0.028 0.022;0.153 0.106 0.072 0.023 0.041 0.108 0.027 0.041 0.114 0.064 0.083 0.086 0.028 0.032 0.022;
0.159 0.096 0.072 0.111 0.075 0.117 0.028 0.053 0.025 0.065 0.035 0.036 0.03 0.076 0.022;0.159 0.096 0.117 0.028 0.053 0.072 0.111 0.075 0.025 0.065 0.035 0.036 0.076 0.03 0.022;0.159 0.117 0.072 0.025 0.036 0.096 0.028 0.053 0.111 0.065 0.076 0.075 0.03 0.035 0.022;
0.154 0.113 0.065 0.117 0.073 0.111 0.028 0.045 0.02 0.073 0.034 0.044 0.027 0.075 0.021;0.154 0.113 0.111 0.028 0.045 0.065 0.117 0.073 0.02 0.073 0.034 0.044 0.075 0.027 0.021;0.154 0.111 0.065 0.02 0.044 0.113 0.028 0.045 0.117 0.073 0.075 0.073 0.027 0.034 0.021;
0.194 0.097 0.074 0.101 0.078 0.084 0.02 0.049 0.033 0.069 0.031 0.036 0.02 0.09 0.024;0.194 0.097 0.084 0.02 0.049 0.074 0.101 0.078 0.033 0.069 0.031 0.036 0.09 0.02 0.024;0.194 0.084 0.074 0.033 0.036 0.097 0.02 0.049 0.101 0.069 0.09 0.078 0.02 0.031 0.024;
0.159 0.104 0.059 0.118 0.073 0.102 0.03 0.047 0.021 0.088 0.034 0.042 0.03 0.071 0.022;0.159 0.104 0.102 0.03 0.047 0.059 0.118 0.073 0.021 0.088 0.034 0.042 0.071 0.03 0.022;0.159 0.102 0.059 0.021 0.042 0.104 0.03 0.047 0.118 0.088 0.071 0.073 0.03 0.034 0.022;
0.154 0.116 0.072 0.116 0.071 0.114 0.03 0.046 0.02 0.073 0.042 0.033 0.024 0.062 0.027;0.154 0.116 0.114 0.03 0.046 0.072 0.116 0.071 0.02 0.073 0.042 0.033 0.062 0.024 0.027;0.154 0.114 0.072 0.02 0.033 0.116 0.03 0.046 0.116 0.073 0.062 0.071 0.024 0.042 0.027;
0.161 0.101 0.057 0.11 0.083 0.093 0.03 0.042 0.024 0.063 0.039 0.039 0.035 0.096 0.027;0.161 0.101 0.093 0.03 0.042 0.057 0.11 0.083 0.024 0.063 0.039 0.039 0.096 0.035 0.027;0.161 0.093 0.057 0.024 0.039 0.101 0.03 0.042 0.11 0.063 0.096 0.083 0.035 0.039 0.027;
0.157 0.115 0.069 0.111 0.073 0.123 0.022 0.047 0.025 0.066 0.043 0.032 0.026 0.065 0.026;0.157 0.115 0.123 0.022 0.047 0.069 0.111 0.073 0.025 0.066 0.043 0.032 0.065 0.026 0.026;0.157 0.123 0.069 0.025 0.032 0.115 0.022 0.047 0.111 0.066 0.065 0.073 0.026 0.043 0.026;
0.155 0.096 0.083 0.117 0.085 0.105 0.032 0.037 0.035 0.069 0.045 0.025 0.03 0.065 0.021;0.155 0.096 0.105 0.032 0.037 0.083 0.117 0.085 0.035 0.069 0.045 0.025 0.065 0.03 0.021;0.155 0.105 0.083 0.035 0.025 0.096 0.032 0.037 0.117 0.069 0.065 0.085 0.03 0.045 0.021;
0.169 0.113 0.069 0.131 0.08 0.105 0.037 0.04 0.026 0.066 0.03 0.035 0.023 0.054 0.022;0.169 0.113 0.105 0.037 0.04 0.069 0.131 0.08 0.026 0.066 0.03 0.035 0.054 0.023 0.022;0.169 0.105 0.069 0.026 0.035 0.113 0.037 0.04 0.131 0.066 0.054 0.08 0.023 0.03 0.022;
0.178 0.106 0.057 0.107 0.066 0.114 0.03 0.054 0.023 0.077 0.034 0.026 0.027 0.081 0.02;0.178 0.106 0.114 0.03 0.054 0.057 0.107 0.066 0.023 0.077 0.034 0.026 0.081 0.027 0.02;0.178 0.114 0.057 0.023 0.026 0.106 0.03 0.054 0.107 0.077 0.081 0.066 0.027 0.034 0.02;
0.173 0.105 0.066 0.101 0.076 0.109 0.031 0.046 0.027 0.073 0.036 0.033 0.031 0.071 0.022;0.173 0.105 0.109 0.031 0.046 0.066 0.101 0.076 0.027 0.073 0.036 0.033 0.071 0.031 0.022;0.173 0.109 0.066 0.027 0.033 0.105 0.031 0.046 0.101 0.073 0.071 0.076 0.031 0.036 0.022;
0.184 0.104 0.067 0.106 0.076 0.111 0.021 0.045 0.017 0.067 0.034 0.037 0.027 0.081 0.023;0.184 0.104 0.111 0.021 0.045 0.067 0.106 0.076 0.017 0.067 0.034 0.037 0.081 0.027 0.023;0.184 0.111 0.067 0.017 0.037 0.104 0.021 0.045 0.106 0.067 0.081 0.076 0.027 0.034 0.023;
0.154 0.096 0.06 0.126 0.074 0.11 0.025 0.042 0.022 0.074 0.033 0.038 0.03 0.093 0.023;0.154 0.096 0.11 0.025 0.042 0.06 0.126 0.074 0.022 0.074 0.033 0.038 0.093 0.03 0.023;0.154 0.11 0.06 0.022 0.038 0.096 0.025 0.042 0.126 0.074 0.093 0.074 0.03 0.033 0.023;
0.138 0.108 0.084 0.123 0.076 0.105 0.025 0.05 0.018 0.062 0.04 0.033 0.03 0.083 0.025;0.138 0.108 0.105 0.025 0.05 0.084 0.123 0.076 0.018 0.062 0.04 0.033 0.083 0.03 0.025;0.138 0.105 0.084 0.018 0.033 0.108 0.025 0.05 0.123 0.062 0.083 0.076 0.03 0.04 0.025;
0.152 0.101 0.076 0.114 0.095 0.118 0.027 0.045 0.017 0.07 0.033 0.041 0.025 0.062 0.024;0.152 0.101 0.118 0.027 0.045 0.076 0.114 0.095 0.017 0.07 0.033 0.041 0.062 0.025 0.024;0.152 0.118 0.076 0.017 0.041 0.101 0.027 0.045 0.114 0.07 0.062 0.095 0.025 0.033 0.024;
0.169 0.097 0.076 0.119 0.072 0.11 0.024 0.054 0.021 0.066 0.036 0.039 0.027 0.067 0.023;0.169 0.097 0.11 0.024 0.054 0.076 0.119 0.072 0.021 0.066 0.036 0.039 0.067 0.027 0.023;0.169 0.11 0.076 0.021 0.039 0.097 0.024 0.054 0.119 0.066 0.067 0.072 0.027 0.036 0.023;
0.159 0.101 0.067 0.132 0.079 0.092 0.026 0.052 0.027 0.07 0.037 0.041 0.026 0.067 0.024;0.159 0.101 0.092 0.026 0.052 0.067 0.132 0.079 0.027 0.07 0.037 0.041 0.067 0.026 0.024;0.159 0.092 0.067 0.027 0.041 0.101 0.026 0.052 0.132 0.07 0.067 0.079 0.026 0.037 0.024;
0.156 0.104 0.086 0.115 0.068 0.112 0.026 0.043 0.022 0.061 0.042 0.034 0.03 0.075 0.026;0.156 0.104 0.112 0.026 0.043 0.086 0.115 0.068 0.022 0.061 0.042 0.034 0.075 0.03 0.026;0.156 0.112 0.086 0.022 0.034 0.104 0.026 0.043 0.115 0.061 0.075 0.068 0.03 0.042 0.026;
0.163 0.117 0.066 0.108 0.083 0.108 0.028 0.043 0.012 0.055 0.033 0.051 0.026 0.082 0.025;0.163 0.117 0.108 0.028 0.043 0.066 0.108 0.083 0.012 0.055 0.033 0.051 0.082 0.026 0.025;0.163 0.108 0.066 0.012 0.051 0.117 0.028 0.043 0.108 0.055 0.082 0.083 0.026 0.033 0.025;
0.158 0.093 0.066 0.119 0.077 0.108 0.035 0.064 0.022 0.055 0.037 0.043 0.026 0.066 0.031;0.158 0.093 0.108 0.035 0.064 0.066 0.119 0.077 0.022 0.055 0.037 0.043 0.066 0.026 0.031;0.158 0.108 0.066 0.022 0.043 0.093 0.035 0.064 0.119 0.055 0.066 0.077 0.026 0.037 0.031;
0.164 0.112 0.077 0.111 0.063 0.106 0.034 0.042 0.022 0.066 0.03 0.044 0.023 0.073 0.033;0.164 0.112 0.106 0.034 0.042 0.077 0.111 0.063 0.022 0.066 0.03 0.044 0.073 0.023 0.033;0.164 0.106 0.077 0.022 0.044 0.112 0.034 0.042 0.111 0.066 0.073 0.063 0.023 0.03 0.033;
0.157 0.114 0.07 0.128 0.056 0.118 0.026 0.042 0.02 0.07 0.039 0.03 0.042 0.067 0.021;0.157 0.114 0.118 0.026 0.042 0.07 0.128 0.056 0.02 0.07 0.039 0.03 0.067 0.042 0.021;0.157 0.118 0.07 0.02 0.03 0.114 0.026 0.042 0.128 0.07 0.067 0.056 0.042 0.039 0.021;
0.17 0.095 0.059 0.129 0.073 0.11 0.027 0.049 0.024 0.068 0.033 0.04 0.03 0.074 0.019;0.17 0.095 0.11 0.027 0.049 0.059 0.129 0.073 0.024 0.068 0.033 0.04 0.074 0.03 0.019;0.17 0.11 0.059 0.024 0.04 0.095 0.027 0.049 0.129 0.068 0.074 0.073 0.03 0.033 0.019;
0.159 0.099 0.072 0.117 0.09 0.107 0.024 0.042 0.019 0.069 0.035 0.043 0.031 0.072 0.021;0.159 0.099 0.107 0.024 0.042 0.072 0.117 0.09 0.019 0.069 0.035 0.043 0.072 0.031 0.021;0.159 0.107 0.072 0.019 0.043 0.099 0.024 0.042 0.117 0.069 0.072 0.09 0.031 0.035 0.021;
0.196 0.103 0.053 0.111 0.072 0.091 0.029 0.046 0.027 0.057 0.032 0.055 0.019 0.081 0.028;0.196 0.103 0.091 0.029 0.046 0.053 0.111 0.072 0.027 0.057 0.032 0.055 0.081 0.019 0.028;0.196 0.091 0.053 0.027 0.055 0.103 0.029 0.046 0.111 0.057 0.081 0.072 0.019 0.032 0.028;
0.155 0.105 0.071 0.132 0.082 0.093 0.015 0.056 0.022 0.057 0.035 0.044 0.024 0.09 0.019;0.155 0.105 0.093 0.015 0.056 0.071 0.132 0.082 0.022 0.057 0.035 0.044 0.09 0.024 0.019;0.155 0.093 0.071 0.022 0.044 0.105 0.015 0.056 0.132 0.057 0.09 0.082 0.024 0.035 0.019;
0.176 0.108 0.075 0.108 0.067 0.113 0.02 0.05 0.021 0.064 0.031 0.042 0.029 0.068 0.028;0.176 0.108 0.113 0.02 0.05 0.075 0.108 0.067 0.021 0.064 0.031 0.042 0.068 0.029 0.028;0.176 0.113 0.075 0.021 0.042 0.108 0.02 0.05 0.108 0.064 0.068 0.067 0.029 0.031 0.028;
0.172 0.106 0.058 0.112 0.086 0.102 0.023 0.052 0.023 0.073 0.033 0.033 0.031 0.075 0.021;0.172 0.106 0.102 0.023 0.052 0.058 0.112 0.086 0.023 0.073 0.033 0.033 0.075 0.031 0.021;0.172 0.102 0.058 0.023 0.033 0.106 0.023 0.052 0.112 0.073 0.075 0.086 0.031 0.033 0.021;
0.169 0.094 0.07 0.106 0.072 0.113 0.022 0.04 0.027 0.075 0.043 0.036 0.026 0.076 0.031;0.169 0.094 0.113 0.022 0.04 0.07 0.106 0.072 0.027 0.075 0.043 0.036 0.076 0.026 0.031;0.169 0.113 0.07 0.027 0.036 0.094 0.022 0.04 0.106 0.075 0.076 0.072 0.026 0.043 0.031;
0.153 0.105 0.069 0.105 0.073 0.111 0.038 0.065 0.014 0.072 0.036 0.035 0.037 0.063 0.024;0.153 0.105 0.111 0.038 0.065 0.069 0.105 0.073 0.014 0.072 0.036 0.035 0.063 0.037 0.024;0.153 0.111 0.069 0.014 0.035 0.105 0.038 0.065 0.105 0.072 0.063 0.073 0.037 0.036 0.024;
0.177 0.108 0.078 0.103 0.064 0.123 0.027 0.049 0.023 0.068 0.03 0.031 0.028 0.076 0.015;0.177 0.108 0.123 0.027 0.049 0.078 0.103 0.064 0.023 0.068 0.03 0.031 0.076 0.028 0.015;0.177 0.123 0.078 0.023 0.031 0.108 0.027 0.049 0.103 0.068 0.076 0.064 0.028 0.03 0.015;
0.165 0.109 0.075 0.109 0.083 0.095 0.027 0.048 0.022 0.064 0.035 0.042 0.028 0.087 0.011;0.165 0.109 0.095 0.027 0.048 0.075 0.109 0.083 0.022 0.064 0.035 0.042 0.087 0.028 0.011;0.165 0.095 0.075 0.022 0.042 0.109 0.027 0.048 0.109 0.064 0.087 0.083 0.028 0.035 0.011;
0.158 0.111 0.069 0.105 0.101 0.09 0.03 0.054 0.019 0.061 0.027 0.041 0.03 0.083 0.021;0.158 0.111 0.09 0.03 0.054 0.069 0.105 0.101 0.019 0.061 0.027 0.041 0.083 0.03 0.021;0.158 0.09 0.069 0.019 0.041 0.111 0.03 0.054 0.105 0.061 0.083 0.101 0.03 0.027 0.021;
0.157 0.101 0.07 0.123 0.071 0.106 0.027 0.049 0.024 0.071 0.031 0.041 0.032 0.075 0.022;0.157 0.101 0.106 0.027 0.049 0.07 0.123 0.071 0.024 0.071 0.031 0.041 0.075 0.032 0.022;0.157 0.106 0.07 0.024 0.041 0.101 0.027 0.049 0.123 0.071 0.075 0.071 0.032 0.031 0.022;
0.185 0.101 0.071 0.104 0.067 0.106 0.026 0.046 0.021 0.077 0.036 0.022 0.035 0.079 0.024;0.185 0.101 0.106 0.026 0.046 0.071 0.104 0.067 0.021 0.077 0.036 0.022 0.079 0.035 0.024;0.185 0.106 0.071 0.021 0.022 0.101 0.026 0.046 0.104 0.077 0.079 0.067 0.035 0.036 0.024;
0.152 0.12 0.067 0.104 0.077 0.115 0.031 0.044 0.025 0.065 0.034 0.037 0.024 0.085 0.02;0.152 0.12 0.115 0.031 0.044 0.067 0.104 0.077 0.025 0.065 0.034 0.037 0.085 0.024 0.02;0.152 0.115 0.067 0.025 0.037 0.12 0.031 0.044 0.104 0.065 0.085 0.077 0.024 0.034 0.02;
0.187 0.087 0.08 0.104 0.097 0.096 0.025 0.044 0.019 0.075 0.027 0.031 0.024 0.074 0.03;0.187 0.087 0.096 0.025 0.044 0.08 0.104 0.097 0.019 0.075 0.027 0.031 0.074 0.024 0.03;0.187 0.096 0.08 0.019 0.031 0.087 0.025 0.044 0.104 0.075 0.074 0.097 0.024 0.027 0.03;
0.161 0.102 0.051 0.124 0.085 0.109 0.025 0.039 0.023 0.069 0.035 0.035 0.033 0.089 0.02;0.161 0.102 0.109 0.025 0.039 0.051 0.124 0.085 0.023 0.069 0.035 0.035 0.089 0.033 0.02;0.161 0.109 0.051 0.023 0.035 0.102 0.025 0.039 0.124 0.069 0.089 0.085 0.033 0.035 0.02;
0.161 0.119 0.077 0.119 0.077 0.099 0.015 0.045 0.029 0.063 0.027 0.033 0.036 0.074 0.026;0.161 0.119 0.099 0.015 0.045 0.077 0.119 0.077 0.029 0.063 0.027 0.033 0.074 0.036 0.026;0.161 0.099 0.077 0.029 0.033 0.119 0.015 0.045 0.119 0.063 0.074 0.077 0.036 0.027 0.026;
0.138 0.106 0.067 0.136 0.08 0.1 0.021 0.043 0.014 0.058 0.04 0.034 0.033 0.104 0.026;0.138 0.106 0.1 0.021 0.043 0.067 0.136 0.08 0.014 0.058 0.04 0.034 0.104 0.033 0.026;0.138 0.1 0.067 0.014 0.034 0.106 0.021 0.043 0.136 0.058 0.104 0.08 0.033 0.04 0.026;
0.145 0.104 0.074 0.101 0.081 0.098 0.025 0.064 0.015 0.066 0.031 0.038 0.031 0.097 0.03;0.145 0.104 0.098 0.025 0.064 0.074 0.101 0.081 0.015 0.066 0.031 0.038 0.097 0.031 0.03;0.145 0.098 0.074 0.015 0.038 0.104 0.025 0.064 0.101 0.066 0.097 0.081 0.031 0.031 0.03;
0.152 0.098 0.075 0.125 0.069 0.103 0.029 0.051 0.017 0.057 0.039 0.039 0.03 0.093 0.023;0.152 0.098 0.103 0.029 0.051 0.075 0.125 0.069 0.017 0.057 0.039 0.039 0.093 0.03 0.023;0.152 0.103 0.075 0.017 0.039 0.098 0.029 0.051 0.125 0.057 0.093 0.069 0.03 0.039 0.023;
0.174 0.104 0.05 0.109 0.079 0.105 0.033 0.046 0.029 0.075 0.028 0.037 0.029 0.082 0.02;0.174 0.104 0.105 0.033 0.046 0.05 0.109 0.079 0.029 0.075 0.028 0.037 0.082 0.029 0.02;0.174 0.105 0.05 0.029 0.037 0.104 0.033 0.046 0.109 0.075 0.082 0.079 0.029 0.028 0.02;
0.145 0.103 0.062 0.122 0.069 0.101 0.033 0.05 0.02 0.071 0.042 0.031 0.037 0.086 0.028;0.145 0.103 0.101 0.033 0.05 0.062 0.122 0.069 0.02 0.071 0.042 0.031 0.086 0.037 0.028;0.145 0.101 0.062 0.02 0.031 0.103 0.033 0.05 0.122 0.071 0.086 0.069 0.037 0.042 0.028;
0.164 0.098 0.085 0.128 0.071 0.099 0.02 0.056 0.018 0.069 0.041 0.03 0.021 0.067 0.033;0.164 0.098 0.099 0.02 0.056 0.085 0.128 0.071 0.018 0.069 0.041 0.03 0.067 0.021 0.033;0.164 0.099 0.085 0.018 0.03 0.098 0.02 0.056 0.128 0.069 0.067 0.071 0.021 0.041 0.033;
0.183 0.103 0.085 0.117 0.071 0.101 0.026 0.039 0.017 0.053 0.034 0.042 0.031 0.076 0.022;0.183 0.103 0.101 0.026 0.039 0.085 0.117 0.071 0.017 0.053 0.034 0.042 0.076 0.031 0.022;0.183 0.101 0.085 0.017 0.042 0.103 0.026 0.039 0.117 0.053 0.076 0.071 0.031 0.034 0.022;
0.184 0.1 0.068 0.119 0.068 0.093 0.024 0.051 0.023 0.07 0.033 0.038 0.023 0.09 0.016;0.184 0.1 0.093 0.024 0.051 0.068 0.119 0.068 0.023 0.07 0.033 0.038 0.09 0.023 0.016;0.184 0.093 0.068 0.023 0.038 0.1 0.024 0.051 0.119 0.07 0.09 0.068 0.023 0.033 0.016;
0.182 0.081 0.081 0.101 0.069 0.115 0.035 0.047 0.021 0.06 0.04 0.032 0.023 0.079 0.034;0.182 0.081 0.115 0.035 0.047 0.081 0.101 0.069 0.021 0.06 0.04 0.032 0.079 0.023 0.034;0.182 0.115 0.081 0.021 0.032 0.081 0.035 0.047 0.101 0.06 0.079 0.069 0.023 0.04 0.034;
0.131 0.109 0.068 0.104 0.071 0.114 0.024 0.053 0.03 0.083 0.035 0.04 0.033 0.077 0.028;0.131 0.109 0.114 0.024 0.053 0.068 0.104 0.071 0.03 0.083 0.035 0.04 0.077 0.033 0.028;0.131 0.114 0.068 0.03 0.04 0.109 0.024 0.053 0.104 0.083 0.077 0.071 0.033 0.035 0.028;
0.164 0.113 0.064 0.127 0.083 0.082 0.02 0.051 0.016 0.074 0.022 0.041 0.039 0.065 0.039;0.164 0.113 0.082 0.02 0.051 0.064 0.127 0.083 0.016 0.074 0.022 0.041 0.065 0.039 0.039;0.164 0.082 0.064 0.016 0.041 0.113 0.02 0.051 0.127 0.074 0.065 0.083 0.039 0.022 0.039;
0.177 0.101 0.063 0.102 0.086 0.108 0.034 0.041 0.018 0.055 0.042 0.039 0.034 0.077 0.023;0.177 0.101 0.108 0.034 0.041 0.063 0.102 0.086 0.018 0.055 0.042 0.039 0.077 0.034 0.023;0.177 0.108 0.063 0.018 0.039 0.101 0.034 0.041 0.102 0.055 0.077 0.086 0.034 0.042 0.023;
0.148 0.103 0.062 0.112 0.088 0.127 0.027 0.048 0.02 0.056 0.028 0.037 0.029 0.088 0.027;0.148 0.103 0.127 0.027 0.048 0.062 0.112 0.088 0.02 0.056 0.028 0.037 0.088 0.029 0.027;0.148 0.127 0.062 0.02 0.037 0.103 0.027 0.048 0.112 0.056 0.088 0.088 0.029 0.028 0.027;
0.158 0.109 0.07 0.106 0.069 0.107 0.026 0.047 0.024 0.075 0.037 0.035 0.025 0.083 0.029;0.158 0.109 0.107 0.026 0.047 0.07 0.106 0.069 0.024 0.075 0.037 0.035 0.083 0.025 0.029;0.158 0.107 0.07 0.024 0.035 0.109 0.026 0.047 0.106 0.075 0.083 0.069 0.025 0.037 0.029;
0.171 0.101 0.067 0.118 0.089 0.101 0.022 0.04 0.028 0.057 0.043 0.029 0.025 0.088 0.021;0.171 0.101 0.101 0.022 0.04 0.067 0.118 0.089 0.028 0.057 0.043 0.029 0.088 0.025 0.021;0.171 0.101 0.067 0.028 0.029 0.101 0.022 0.04 0.118 0.057 0.088 0.089 0.025 0.043 0.021;
0.17 0.098 0.063 0.113 0.075 0.106 0.028 0.045 0.018 0.075 0.041 0.032 0.031 0.078 0.027;0.17 0.098 0.106 0.028 0.045 0.063 0.113 0.075 0.018 0.075 0.041 0.032 0.078 0.031 0.027;0.17 0.106 0.063 0.018 0.032 0.098 0.028 0.045 0.113 0.075 0.078 0.075 0.031 0.041 0.027;
0.162 0.104 0.074 0.124 0.074 0.117 0.034 0.039 0.019 0.063 0.034 0.032 0.034 0.067 0.023;0.162 0.104 0.117 0.034 0.039 0.074 0.124 0.074 0.019 0.063 0.034 0.032 0.067 0.034 0.023;0.162 0.117 0.074 0.019 0.032 0.104 0.034 0.039 0.124 0.063 0.067 0.074 0.034 0.034 0.023;
0.175 0.111 0.06 0.116 0.08 0.103 0.038 0.043 0.019 0.07 0.032 0.027 0.03 0.078 0.018;0.175 0.111 0.103 0.038 0.043 0.06 0.116 0.08 0.019 0.07 0.032 0.027 0.078 0.03 0.018;0.175 0.103 0.06 0.019 0.027 0.111 0.038 0.043 0.116 0.07 0.078 0.08 0.03 0.032 0.018;
0.153 0.087 0.065 0.131 0.077 0.124 0.03 0.047 0.02 0.053 0.031 0.039 0.037 0.08 0.026;0.153 0.087 0.124 0.03 0.047 0.065 0.131 0.077 0.02 0.053 0.031 0.039 0.08 0.037 0.026;0.153 0.124 0.065 0.02 0.039 0.087 0.03 0.047 0.131 0.053 0.08 0.077 0.037 0.031 0.026;
0.173 0.108 0.052 0.111 0.086 0.096 0.032 0.05 0.023 0.069 0.042 0.03 0.037 0.07 0.021;0.173 0.108 0.096 0.032 0.05 0.052 0.111 0.086 0.023 0.069 0.042 0.03 0.07 0.037 0.021;0.173 0.096 0.052 0.023 0.03 0.108 0.032 0.05 0.111 0.069 0.07 0.086 0.037 0.042 0.021;
0.156 0.112 0.072 0.121 0.068 0.1 0.021 0.051 0.024 0.065 0.032 0.03 0.029 0.093 0.026;0.156 0.112 0.1 0.021 0.051 0.072 0.121 0.068 0.024 0.065 0.032 0.03 0.093 0.029 0.026;0.156 0.1 0.072 0.024 0.03 0.112 0.021 0.051 0.121 0.065 0.093 0.068 0.029 0.032 0.026;
0.188 0.099 0.063 0.107 0.076 0.114 0.026 0.056 0.024 0.061 0.033 0.033 0.025 0.08 0.015;0.188 0.099 0.114 0.026 0.056 0.063 0.107 0.076 0.024 0.061 0.033 0.033 0.08 0.025 0.015;0.188 0.114 0.063 0.024 0.033 0.099 0.026 0.056 0.107 0.061 0.08 0.076 0.025 0.033 0.015;
0.19 0.105 0.062 0.115 0.077 0.099 0.025 0.045 0.022 0.064 0.042 0.032 0.026 0.08 0.016;0.19 0.105 0.099 0.025 0.045 0.062 0.115 0.077 0.022 0.064 0.042 0.032 0.08 0.026 0.016;0.19 0.099 0.062 0.022 0.032 0.105 0.025 0.045 0.115 0.064 0.08 0.077 0.026 0.042 0.016;
0.146 0.11 0.061 0.113 0.078 0.106 0.031 0.054 0.015 0.074 0.04 0.034 0.034 0.066 0.038;0.146 0.11 0.106 0.031 0.054 0.061 0.113 0.078 0.015 0.074 0.04 0.034 0.066 0.034 0.038;0.146 0.106 0.061 0.015 0.034 0.11 0.031 0.054 0.113 0.074 0.066 0.078 0.034 0.04 0.038;
0.175 0.109 0.068 0.117 0.067 0.117 0.019 0.048 0.02 0.058 0.043 0.032 0.025 0.086 0.016;0.175 0.109 0.117 0.019 0.048 0.068 0.117 0.067 0.02 0.058 0.043 0.032 0.086 0.025 0.016;0.175 0.117 0.068 0.02 0.032 0.109 0.019 0.048 0.117 0.058 0.086 0.067 0.025 0.043 0.016;
0.173 0.117 0.057 0.116 0.084 0.089 0.019 0.051 0.019 0.07 0.042 0.027 0.023 0.08 0.033;0.173 0.117 0.089 0.019 0.051 0.057 0.116 0.084 0.019 0.07 0.042 0.027 0.08 0.023 0.033;0.173 0.089 0.057 0.019 0.027 0.117 0.019 0.051 0.116 0.07 0.08 0.084 0.023 0.042 0.033;
0.14 0.113 0.079 0.105 0.075 0.09 0.03 0.05 0.029 0.081 0.028 0.039 0.029 0.084 0.028;0.14 0.113 0.09 0.03 0.05 0.079 0.105 0.075 0.029 0.081 0.028 0.039 0.084 0.029 0.028;0.14 0.09 0.079 0.029 0.039 0.113 0.03 0.05 0.105 0.081 0.084 0.075 0.029 0.028 0.028;
0.163 0.104 0.072 0.126 0.087 0.11 0.03 0.044 0.021 0.061 0.026 0.036 0.026 0.071 0.023;0.163 0.104 0.11 0.03 0.044 0.072 0.126 0.087 0.021 0.061 0.026 0.036 0.071 0.026 0.023;0.163 0.11 0.072 0.021 0.036 0.104 0.03 0.044 0.126 0.061 0.071 0.087 0.026 0.026 0.023;
0.164 0.125 0.062 0.104 0.074 0.102 0.025 0.045 0.025 0.073 0.044 0.03 0.026 0.074 0.027;0.164 0.125 0.102 0.025 0.045 0.062 0.104 0.074 0.025 0.073 0.044 0.03 0.074 0.026 0.027;0.164 0.102 0.062 0.025 0.03 0.125 0.025 0.045 0.104 0.073 0.074 0.074 0.026 0.044 0.027;
0.161 0.119 0.074 0.092 0.076 0.094 0.034 0.054 0.029 0.068 0.032 0.044 0.027 0.065 0.031;0.161 0.119 0.094 0.034 0.054 0.074 0.092 0.076 0.029 0.068 0.032 0.044 0.065 0.027 0.031;0.161 0.094 0.074 0.029 0.044 0.119 0.034 0.054 0.092 0.068 0.065 0.076 0.027 0.032 0.031;
0.173 0.091 0.077 0.113 0.065 0.112 0.019 0.061 0.027 0.065 0.038 0.039 0.03 0.074 0.016;0.173 0.091 0.112 0.019 0.061 0.077 0.113 0.065 0.027 0.065 0.038 0.039 0.074 0.03 0.016;0.173 0.112 0.077 0.027 0.039 0.091 0.019 0.061 0.113 0.065 0.074 0.065 0.03 0.038 0.016;
0.164 0.116 0.074 0.117 0.073 0.093 0.023 0.058 0.023 0.07 0.026 0.042 0.026 0.071 0.024;0.164 0.116 0.093 0.023 0.058 0.074 0.117 0.073 0.023 0.07 0.026 0.042 0.071 0.026 0.024;0.164 0.093 0.074 0.023 0.042 0.116 0.023 0.058 0.117 0.07 0.071 0.073 0.026 0.026 0.024;
0.168 0.102 0.066 0.121 0.087 0.107 0.022 0.048 0.009 0.07 0.038 0.032 0.04 0.067 0.023;0.168 0.102 0.107 0.022 0.048 0.066 0.121 0.087 0.009 0.07 0.038 0.032 0.067 0.04 0.023;0.168 0.107 0.066 0.009 0.032 0.102 0.022 0.048 0.121 0.07 0.067 0.087 0.04 0.038 0.023];