pntP=[0.12 0.082 0.075 0.071 0.098 0.085 0.028 0.047 0.027 0.088 0.042 0.052 0.051 0.088 0.046;0.12 0.082 0.085 0.028 0.047 0.075 0.071 0.098 0.027 0.088 0.042 0.052 0.088 0.051 0.046;0.12 0.085 0.075 0.027 0.052 0.082 0.028 0.047 0.071 0.088 0.088 0.098 0.051 0.042 0.046;
0.102 0.063 0.081 0.101 0.094 0.092 0.04 0.043 0.035 0.079 0.048 0.058 0.05 0.072 0.042;0.102 0.063 0.092 0.04 0.043 0.081 0.101 0.094 0.035 0.079 0.048 0.058 0.072 0.05 0.042;0.102 0.092 0.081 0.035 0.058 0.063 0.04 0.043 0.101 0.079 0.072 0.094 0.05 0.048 0.042;
0.134 0.082 0.063 0.096 0.08 0.083 0.027 0.06 0.034 0.069 0.05 0.046 0.045 0.083 0.048;0.134 0.082 0.083 0.027 0.06 0.063 0.096 0.08 0.034 0.069 0.05 0.046 0.083 0.045 0.048;0.134 0.083 0.063 0.034 0.046 0.082 0.027 0.06 0.096 0.069 0.083 0.08 0.045 0.05 0.048;
0.111 0.081 0.09 0.113 0.091 0.072 0.032 0.052 0.033 0.056 0.058 0.045 0.054 0.076 0.036;0.111 0.081 0.072 0.032 0.052 0.09 0.113 0.091 0.033 0.056 0.058 0.045 0.076 0.054 0.036;0.111 0.072 0.09 0.033 0.045 0.081 0.032 0.052 0.113 0.056 0.076 0.091 0.054 0.058 0.036;
0.116 0.086 0.077 0.09 0.085 0.07 0.016 0.045 0.041 0.079 0.061 0.056 0.059 0.078 0.041;0.116 0.086 0.07 0.016 0.045 0.077 0.09 0.085 0.041 0.079 0.061 0.056 0.078 0.059 0.041;0.116 0.07 0.077 0.041 0.056 0.086 0.016 0.045 0.09 0.079 0.078 0.085 0.059 0.061 0.041;
0.105 0.075 0.098 0.088 0.103 0.075 0.032 0.046 0.03 0.072 0.055 0.05 0.05 0.091 0.03;0.105 0.075 0.075 0.032 0.046 0.098 0.088 0.103 0.03 0.072 0.055 0.05 0.091 0.05 0.03;0.105 0.075 0.098 0.03 0.05 0.075 0.032 0.046 0.088 0.072 0.091 0.103 0.05 0.055 0.03;
0.118 0.099 0.077 0.108 0.073 0.086 0.04 0.045 0.025 0.073 0.047 0.043 0.046 0.075 0.045;0.118 0.099 0.086 0.04 0.045 0.077 0.108 0.073 0.025 0.073 0.047 0.043 0.075 0.046 0.045;0.118 0.086 0.077 0.025 0.043 0.099 0.04 0.045 0.108 0.073 0.075 0.073 0.046 0.047 0.045;
0.115 0.102 0.071 0.08 0.103 0.083 0.022 0.056 0.035 0.077 0.045 0.049 0.048 0.081 0.033;0.115 0.102 0.083 0.022 0.056 0.071 0.08 0.103 0.035 0.077 0.045 0.049 0.081 0.048 0.033;0.115 0.083 0.071 0.035 0.049 0.102 0.022 0.056 0.08 0.077 0.081 0.103 0.048 0.045 0.033;
0.136 0.087 0.07 0.096 0.082 0.077 0.027 0.054 0.027 0.078 0.048 0.063 0.042 0.082 0.031;0.136 0.087 0.077 0.027 0.054 0.07 0.096 0.082 0.027 0.078 0.048 0.063 0.082 0.042 0.031;0.136 0.077 0.07 0.027 0.063 0.087 0.027 0.054 0.096 0.078 0.082 0.082 0.042 0.048 0.031;
0.124 0.08 0.073 0.095 0.093 0.087 0.028 0.046 0.043 0.068 0.044 0.063 0.044 0.087 0.025;0.124 0.08 0.087 0.028 0.046 0.073 0.095 0.093 0.043 0.068 0.044 0.063 0.087 0.044 0.025;0.124 0.087 0.073 0.043 0.063 0.08 0.028 0.046 0.095 0.068 0.087 0.093 0.044 0.044 0.025;
0.106 0.082 0.088 0.089 0.073 0.088 0.036 0.047 0.032 0.09 0.059 0.058 0.055 0.076 0.021;0.106 0.082 0.088 0.036 0.047 0.088 0.089 0.073 0.032 0.09 0.059 0.058 0.076 0.055 0.021;0.106 0.088 0.088 0.032 0.058 0.082 0.036 0.047 0.089 0.09 0.076 0.073 0.055 0.059 0.021;
0.111 0.087 0.096 0.108 0.079 0.095 0.028 0.042 0.029 0.087 0.044 0.043 0.044 0.065 0.042;0.111 0.087 0.095 0.028 0.042 0.096 0.108 0.079 0.029 0.087 0.044 0.043 0.065 0.044 0.042;0.111 0.095 0.096 0.029 0.043 0.087 0.028 0.042 0.108 0.087 0.065 0.079 0.044 0.044 0.042;
0.116 0.083 0.097 0.092 0.088 0.082 0.027 0.051 0.026 0.075 0.044 0.054 0.053 0.081 0.031;0.116 0.083 0.082 0.027 0.051 0.097 0.092 0.088 0.026 0.075 0.044 0.054 0.081 0.053 0.031;0.116 0.082 0.097 0.026 0.054 0.083 0.027 0.051 0.092 0.075 0.081 0.088 0.053 0.044 0.031;
0.13 0.079 0.082 0.09 0.085 0.08 0.027 0.054 0.035 0.073 0.049 0.046 0.057 0.081 0.032;0.13 0.079 0.08 0.027 0.054 0.082 0.09 0.085 0.035 0.073 0.049 0.046 0.081 0.057 0.032;0.13 0.08 0.082 0.035 0.046 0.079 0.027 0.054 0.09 0.073 0.081 0.085 0.057 0.049 0.032;
0.109 0.088 0.063 0.099 0.084 0.084 0.026 0.05 0.032 0.082 0.053 0.051 0.049 0.101 0.029;0.109 0.088 0.084 0.026 0.05 0.063 0.099 0.084 0.032 0.082 0.053 0.051 0.101 0.049 0.029;0.109 0.084 0.063 0.032 0.051 0.088 0.026 0.05 0.099 0.082 0.101 0.084 0.049 0.053 0.029;
0.102 0.071 0.089 0.108 0.083 0.096 0.03 0.05 0.029 0.09 0.046 0.043 0.052 0.073 0.038;0.102 0.071 0.096 0.03 0.05 0.089 0.108 0.083 0.029 0.09 0.046 0.043 0.073 0.052 0.038;0.102 0.096 0.089 0.029 0.043 0.071 0.03 0.05 0.108 0.09 0.073 0.083 0.052 0.046 0.038;
0.093 0.082 0.067 0.098 0.09 0.083 0.025 0.056 0.036 0.089 0.04 0.057 0.05 0.093 0.041;0.093 0.082 0.083 0.025 0.056 0.067 0.098 0.09 0.036 0.089 0.04 0.057 0.093 0.05 0.041;0.093 0.083 0.067 0.036 0.057 0.082 0.025 0.056 0.098 0.089 0.093 0.09 0.05 0.04 0.041;
0.13 0.066 0.078 0.11 0.083 0.071 0.027 0.052 0.031 0.071 0.048 0.042 0.056 0.089 0.046;0.13 0.066 0.071 0.027 0.052 0.078 0.11 0.083 0.031 0.071 0.048 0.042 0.089 0.056 0.046;0.13 0.071 0.078 0.031 0.042 0.066 0.027 0.052 0.11 0.071 0.089 0.083 0.056 0.048 0.046;
0.106 0.09 0.08 0.095 0.078 0.078 0.032 0.046 0.034 0.085 0.045 0.043 0.054 0.084 0.05;0.106 0.09 0.078 0.032 0.046 0.08 0.095 0.078 0.034 0.085 0.045 0.043 0.084 0.054 0.05;0.106 0.078 0.08 0.034 0.043 0.09 0.032 0.046 0.095 0.085 0.084 0.078 0.054 0.045 0.05;
0.098 0.074 0.07 0.092 0.094 0.085 0.024 0.051 0.032 0.094 0.054 0.057 0.049 0.085 0.041;0.098 0.074 0.085 0.024 0.051 0.07 0.092 0.094 0.032 0.094 0.054 0.057 0.085 0.049 0.041;0.098 0.085 0.07 0.032 0.057 0.074 0.024 0.051 0.092 0.094 0.085 0.094 0.049 0.054 0.041;
0.123 0.093 0.078 0.082 0.095 0.083 0.037 0.037 0.027 0.079 0.06 0.052 0.041 0.079 0.034;0.123 0.093 0.083 0.037 0.037 0.078 0.082 0.095 0.027 0.079 0.06 0.052 0.079 0.041 0.034;0.123 0.083 0.078 0.027 0.052 0.093 0.037 0.037 0.082 0.079 0.079 0.095 0.041 0.06 0.034;
0.124 0.091 0.068 0.098 0.088 0.092 0.026 0.051 0.026 0.076 0.046 0.044 0.039 0.097 0.034;0.124 0.091 0.092 0.026 0.051 0.068 0.098 0.088 0.026 0.076 0.046 0.044 0.097 0.039 0.034;0.124 0.092 0.068 0.026 0.044 0.091 0.026 0.051 0.098 0.076 0.097 0.088 0.039 0.046 0.034;
0.128 0.098 0.076 0.09 0.081 0.072 0.028 0.037 0.027 0.086 0.048 0.058 0.042 0.086 0.043;0.128 0.098 0.072 0.028 0.037 0.076 0.09 0.081 0.027 0.086 0.048 0.058 0.086 0.042 0.043;0.128 0.072 0.076 0.027 0.058 0.098 0.028 0.037 0.09 0.086 0.086 0.081 0.042 0.048 0.043;
0.125 0.071 0.08 0.087 0.089 0.083 0.022 0.063 0.032 0.073 0.056 0.052 0.064 0.072 0.031;0.125 0.071 0.083 0.022 0.063 0.08 0.087 0.089 0.032 0.073 0.056 0.052 0.072 0.064 0.031;0.125 0.083 0.08 0.032 0.052 0.071 0.022 0.063 0.087 0.073 0.072 0.089 0.064 0.056 0.031;
0.122 0.095 0.078 0.078 0.088 0.072 0.028 0.046 0.022 0.087 0.042 0.053 0.055 0.098 0.036;0.122 0.095 0.072 0.028 0.046 0.078 0.078 0.088 0.022 0.087 0.042 0.053 0.098 0.055 0.036;0.122 0.072 0.078 0.022 0.053 0.095 0.028 0.046 0.078 0.087 0.098 0.088 0.055 0.042 0.036;
0.115 0.088 0.081 0.089 0.102 0.079 0.032 0.04 0.031 0.083 0.05 0.051 0.047 0.083 0.029;0.115 0.088 0.079 0.032 0.04 0.081 0.089 0.102 0.031 0.083 0.05 0.051 0.083 0.047 0.029;0.115 0.079 0.081 0.031 0.051 0.088 0.032 0.04 0.089 0.083 0.083 0.102 0.047 0.05 0.029;
0.105 0.084 0.069 0.096 0.086 0.082 0.034 0.059 0.028 0.078 0.06 0.043 0.042 0.094 0.04;0.105 0.084 0.082 0.034 0.059 0.069 0.096 0.086 0.028 0.078 0.06 0.043 0.094 0.042 0.04;0.105 0.082 0.069 0.028 0.043 0.084 0.034 0.059 0.096 0.078 0.094 0.086 0.042 0.06 0.04;
0.096 0.087 0.08 0.093 0.081 0.086 0.041 0.06 0.028 0.073 0.049 0.056 0.041 0.095 0.034;0.096 0.087 0.086 0.041 0.06 0.08 0.093 0.081 0.028 0.073 0.049 0.056 0.095 0.041 0.034;0.096 0.086 0.08 0.028 0.056 0.087 0.041 0.06 0.093 0.073 0.095 0.081 0.041 0.049 0.034;
0.134 0.083 0.066 0.088 0.084 0.079 0.043 0.056 0.035 0.07 0.037 0.055 0.044 0.091 0.035;0.134 0.083 0.079 0.043 0.056 0.066 0.088 0.084 0.035 0.07 0.037 0.055 0.091 0.044 0.035;0.134 0.079 0.066 0.035 0.055 0.083 0.043 0.056 0.088 0.07 0.091 0.084 0.044 0.037 0.035;
0.1 0.095 0.088 0.103 0.081 0.083 0.035 0.044 0.032 0.073 0.061 0.038 0.057 0.079 0.031;0.1 0.095 0.083 0.035 0.044 0.088 0.103 0.081 0.032 0.073 0.061 0.038 0.079 0.057 0.031;0.1 0.083 0.088 0.032 0.038 0.095 0.035 0.044 0.103 0.073 0.079 0.081 0.057 0.061 0.031;
0.102 0.095 0.077 0.08 0.08 0.07 0.042 0.065 0.033 0.088 0.041 0.042 0.051 0.086 0.048;0.102 0.095 0.07 0.042 0.065 0.077 0.08 0.08 0.033 0.088 0.041 0.042 0.086 0.051 0.048;0.102 0.07 0.077 0.033 0.042 0.095 0.042 0.065 0.08 0.088 0.086 0.08 0.051 0.041 0.048;
0.126 0.074 0.084 0.086 0.084 0.089 0.03 0.065 0.037 0.078 0.049 0.039 0.048 0.073 0.038;0.126 0.074 0.089 0.03 0.065 0.084 0.086 0.084 0.037 0.078 0.049 0.039 0.073 0.048 0.038;0.126 0.089 0.084 0.037 0.039 0.074 0.03 0.065 0.086 0.078 0.073 0.084 0.048 0.049 0.038;
0.115 0.071 0.075 0.079 0.078 0.082 0.028 0.057 0.033 0.094 0.048 0.05 0.053 0.096 0.041;0.115 0.071 0.082 0.028 0.057 0.075 0.079 0.078 0.033 0.094 0.048 0.05 0.096 0.053 0.041;0.115 0.082 0.075 0.033 0.05 0.071 0.028 0.057 0.079 0.094 0.096 0.078 0.053 0.048 0.041;
0.126 0.064 0.093 0.102 0.091 0.076 0.031 0.049 0.034 0.069 0.039 0.049 0.048 0.082 0.047;0.126 0.064 0.076 0.031 0.049 0.093 0.102 0.091 0.034 0.069 0.039 0.049 0.082 0.048 0.047;0.126 0.076 0.093 0.034 0.049 0.064 0.031 0.049 0.102 0.069 0.082 0.091 0.048 0.039 0.047;
0.104 0.082 0.083 0.091 0.079 0.097 0.035 0.05 0.033 0.087 0.042 0.043 0.054 0.082 0.038;0.104 0.082 0.097 0.035 0.05 0.083 0.091 0.079 0.033 0.087 0.042 0.043 0.082 0.054 0.038;0.104 0.097 0.083 0.033 0.043 0.082 0.035 0.05 0.091 0.087 0.082 0.079 0.054 0.042 0.038;
0.116 0.085 0.08 0.081 0.078 0.093 0.027 0.045 0.037 0.08 0.052 0.051 0.041 0.091 0.043;0.116 0.085 0.093 0.027 0.045 0.08 0.081 0.078 0.037 0.08 0.052 0.051 0.091 0.041 0.043;0.116 0.093 0.08 0.037 0.051 0.085 0.027 0.045 0.081 0.08 0.091 0.078 0.041 0.052 0.043;
0.113 0.093 0.091 0.11 0.079 0.065 0.024 0.055 0.03 0.066 0.039 0.035 0.06 0.099 0.041;0.113 0.093 0.065 0.024 0.055 0.091 0.11 0.079 0.03 0.066 0.039 0.035 0.099 0.06 0.041;0.113 0.065 0.091 0.03 0.035 0.093 0.024 0.055 0.11 0.066 0.099 0.079 0.06 0.039 0.041;
0.108 0.078 0.087 0.093 0.082 0.094 0.037 0.046 0.038 0.082 0.059 0.047 0.048 0.063 0.038;0.108 0.078 0.094 0.037 0.046 0.087 0.093 0.082 0.038 0.082 0.059 0.047 0.063 0.048 0.038;0.108 0.094 0.087 0.038 0.047 0.078 0.037 0.046 0.093 0.082 0.063 0.082 0.048 0.059 0.038;
0.11 0.086 0.079 0.095 0.093 0.09 0.025 0.046 0.023 0.077 0.051 0.06 0.045 0.084 0.036;0.11 0.086 0.09 0.025 0.046 0.079 0.095 0.093 0.023 0.077 0.051 0.06 0.084 0.045 0.036;0.11 0.09 0.079 0.023 0.06 0.086 0.025 0.046 0.095 0.077 0.084 0.093 0.045 0.051 0.036;
0.121 0.109 0.077 0.091 0.085 0.102 0.033 0.044 0.022 0.059 0.037 0.056 0.038 0.093 0.033;0.121 0.109 0.102 0.033 0.044 0.077 0.091 0.085 0.022 0.059 0.037 0.056 0.093 0.038 0.033;0.121 0.102 0.077 0.022 0.056 0.109 0.033 0.044 0.091 0.059 0.093 0.085 0.038 0.037 0.033;
0.118 0.064 0.068 0.087 0.086 0.093 0.042 0.047 0.031 0.091 0.049 0.06 0.038 0.094 0.032;0.118 0.064 0.093 0.042 0.047 0.068 0.087 0.086 0.031 0.091 0.049 0.06 0.094 0.038 0.032;0.118 0.093 0.068 0.031 0.06 0.064 0.042 0.047 0.087 0.091 0.094 0.086 0.038 0.049 0.032;
0.105 0.085 0.069 0.098 0.101 0.081 0.035 0.046 0.025 0.087 0.052 0.047 0.057 0.078 0.034;0.105 0.085 0.081 0.035 0.046 0.069 0.098 0.101 0.025 0.087 0.052 0.047 0.078 0.057 0.034;0.105 0.081 0.069 0.025 0.047 0.085 0.035 0.046 0.098 0.087 0.078 0.101 0.057 0.052 0.034;
0.116 0.06 0.093 0.08 0.082 0.093 0.041 0.05 0.021 0.078 0.055 0.051 0.049 0.088 0.043;0.116 0.06 0.093 0.041 0.05 0.093 0.08 0.082 0.021 0.078 0.055 0.051 0.088 0.049 0.043;0.116 0.093 0.093 0.021 0.051 0.06 0.041 0.05 0.08 0.078 0.088 0.082 0.049 0.055 0.043;
0.117 0.092 0.077 0.088 0.092 0.067 0.037 0.04 0.031 0.069 0.06 0.044 0.045 0.104 0.037;0.117 0.092 0.067 0.037 0.04 0.077 0.088 0.092 0.031 0.069 0.06 0.044 0.104 0.045 0.037;0.117 0.067 0.077 0.031 0.044 0.092 0.037 0.04 0.088 0.069 0.104 0.092 0.045 0.06 0.037;
0.123 0.087 0.087 0.096 0.077 0.083 0.036 0.056 0.028 0.071 0.05 0.038 0.047 0.079 0.042;0.123 0.087 0.083 0.036 0.056 0.087 0.096 0.077 0.028 0.071 0.05 0.038 0.079 0.047 0.042;0.123 0.083 0.087 0.028 0.038 0.087 0.036 0.056 0.096 0.071 0.079 0.077 0.047 0.05 0.042;
0.128 0.075 0.083 0.093 0.076 0.075 0.026 0.057 0.041 0.072 0.047 0.038 0.063 0.09 0.036;0.128 0.075 0.075 0.026 0.057 0.083 0.093 0.076 0.041 0.072 0.047 0.038 0.09 0.063 0.036;0.128 0.075 0.083 0.041 0.038 0.075 0.026 0.057 0.093 0.072 0.09 0.076 0.063 0.047 0.036;
0.137 0.082 0.082 0.097 0.083 0.087 0.024 0.038 0.029 0.072 0.049 0.051 0.051 0.091 0.027;0.137 0.082 0.087 0.024 0.038 0.082 0.097 0.083 0.029 0.072 0.049 0.051 0.091 0.051 0.027;0.137 0.087 0.082 0.029 0.051 0.082 0.024 0.038 0.097 0.072 0.091 0.083 0.051 0.049 0.027;
0.097 0.087 0.071 0.091 0.091 0.079 0.026 0.064 0.022 0.096 0.045 0.048 0.057 0.086 0.04;0.097 0.087 0.079 0.026 0.064 0.071 0.091 0.091 0.022 0.096 0.045 0.048 0.086 0.057 0.04;0.097 0.079 0.071 0.022 0.048 0.087 0.026 0.064 0.091 0.096 0.086 0.091 0.057 0.045 0.04;
0.122 0.068 0.086 0.08 0.078 0.107 0.019 0.06 0.038 0.076 0.035 0.047 0.049 0.093 0.042;0.122 0.068 0.107 0.019 0.06 0.086 0.08 0.078 0.038 0.076 0.035 0.047 0.093 0.049 0.042;0.122 0.107 0.086 0.038 0.047 0.068 0.019 0.06 0.08 0.076 0.093 0.078 0.049 0.035 0.042;
0.099 0.084 0.079 0.09 0.09 0.092 0.037 0.05 0.03 0.081 0.055 0.044 0.04 0.096 0.033;0.099 0.084 0.092 0.037 0.05 0.079 0.09 0.09 0.03 0.081 0.055 0.044 0.096 0.04 0.033;0.099 0.092 0.079 0.03 0.044 0.084 0.037 0.05 0.09 0.081 0.096 0.09 0.04 0.055 0.033;
0.127 0.079 0.081 0.096 0.081 0.095 0.022 0.046 0.031 0.076 0.041 0.052 0.041 0.091 0.041;0.127 0.079 0.095 0.022 0.046 0.081 0.096 0.081 0.031 0.076 0.041 0.052 0.091 0.041 0.041;0.127 0.095 0.081 0.031 0.052 0.079 0.022 0.046 0.096 0.076 0.091 0.081 0.041 0.041 0.041;
0.137 0.072 0.072 0.081 0.092 0.075 0.028 0.044 0.024 0.094 0.053 0.053 0.043 0.104 0.028;0.137 0.072 0.075 0.028 0.044 0.072 0.081 0.092 0.024 0.094 0.053 0.053 0.104 0.043 0.028;0.137 0.075 0.072 0.024 0.053 0.072 0.028 0.044 0.081 0.094 0.104 0.092 0.043 0.053 0.028;
0.145 0.072 0.092 0.108 0.08 0.082 0.031 0.046 0.035 0.076 0.038 0.041 0.036 0.08 0.038;0.145 0.072 0.082 0.031 0.046 0.092 0.108 0.08 0.035 0.076 0.038 0.041 0.08 0.036 0.038;0.145 0.082 0.092 0.035 0.041 0.072 0.031 0.046 0.108 0.076 0.08 0.08 0.036 0.038 0.038;
0.116 0.068 0.082 0.1 0.091 0.075 0.028 0.055 0.031 0.068 0.056 0.059 0.049 0.074 0.048;0.116 0.068 0.075 0.028 0.055 0.082 0.1 0.091 0.031 0.068 0.056 0.059 0.074 0.049 0.048;0.116 0.075 0.082 0.031 0.059 0.068 0.028 0.055 0.1 0.068 0.074 0.091 0.049 0.056 0.048;
0.128 0.086 0.072 0.086 0.085 0.086 0.02 0.05 0.032 0.081 0.056 0.053 0.043 0.084 0.038;0.128 0.086 0.086 0.02 0.05 0.072 0.086 0.085 0.032 0.081 0.056 0.053 0.084 0.043 0.038;0.128 0.086 0.072 0.032 0.053 0.086 0.02 0.05 0.086 0.081 0.084 0.085 0.043 0.056 0.038;
0.133 0.078 0.082 0.074 0.098 0.08 0.029 0.044 0.028 0.07 0.053 0.051 0.044 0.097 0.039;0.133 0.078 0.08 0.029 0.044 0.082 0.074 0.098 0.028 0.07 0.053 0.051 0.097 0.044 0.039;0.133 0.08 0.082 0.028 0.051 0.078 0.029 0.044 0.074 0.07 0.097 0.098 0.044 0.053 0.039;
0.119 0.074 0.082 0.107 0.086 0.074 0.019 0.053 0.029 0.078 0.038 0.048 0.054 0.107 0.032;0.119 0.074 0.074 0.019 0.053 0.082 0.107 0.086 0.029 0.078 0.038 0.048 0.107 0.054 0.032;0.119 0.074 0.082 0.029 0.048 0.074 0.019 0.053 0.107 0.078 0.107 0.086 0.054 0.038 0.032;
0.122 0.082 0.083 0.083 0.091 0.083 0.035 0.043 0.037 0.08 0.058 0.046 0.05 0.059 0.048;0.122 0.082 0.083 0.035 0.043 0.083 0.083 0.091 0.037 0.08 0.058 0.046 0.059 0.05 0.048;0.122 0.083 0.083 0.037 0.046 0.082 0.035 0.043 0.083 0.08 0.059 0.091 0.05 0.058 0.048;
0.129 0.073 0.07 0.094 0.085 0.091 0.032 0.048 0.027 0.069 0.06 0.063 0.045 0.083 0.031;0.129 0.073 0.091 0.032 0.048 0.07 0.094 0.085 0.027 0.069 0.06 0.063 0.083 0.045 0.031;0.129 0.091 0.07 0.027 0.063 0.073 0.032 0.048 0.094 0.069 0.083 0.085 0.045 0.06 0.031;
0.108 0.095 0.079 0.098 0.079 0.088 0.033 0.044 0.027 0.074 0.062 0.042 0.051 0.08 0.04;0.108 0.095 0.088 0.033 0.044 0.079 0.098 0.079 0.027 0.074 0.062 0.042 0.08 0.051 0.04;0.108 0.088 0.079 0.027 0.042 0.095 0.033 0.044 0.098 0.074 0.08 0.079 0.051 0.062 0.04;
0.117 0.079 0.075 0.091 0.09 0.078 0.033 0.044 0.026 0.086 0.051 0.06 0.051 0.082 0.037;0.117 0.079 0.078 0.033 0.044 0.075 0.091 0.09 0.026 0.086 0.051 0.06 0.082 0.051 0.037;0.117 0.078 0.075 0.026 0.06 0.079 0.033 0.044 0.091 0.086 0.082 0.09 0.051 0.051 0.037;
0.132 0.078 0.096 0.082 0.073 0.091 0.025 0.051 0.029 0.077 0.063 0.053 0.039 0.087 0.024;0.132 0.078 0.091 0.025 0.051 0.096 0.082 0.073 0.029 0.077 0.063 0.053 0.087 0.039 0.024;0.132 0.091 0.096 0.029 0.053 0.078 0.025 0.051 0.082 0.077 0.087 0.073 0.039 0.063 0.024;
0.133 0.074 0.086 0.093 0.088 0.084 0.039 0.05 0.029 0.076 0.038 0.035 0.051 0.098 0.026;0.133 0.074 0.084 0.039 0.05 0.086 0.093 0.088 0.029 0.076 0.038 0.035 0.098 0.051 0.026;0.133 0.084 0.086 0.029 0.035 0.074 0.039 0.05 0.093 0.076 0.098 0.088 0.051 0.038 0.026;
0.125 0.089 0.07 0.091 0.082 0.084 0.019 0.045 0.038 0.082 0.051 0.05 0.046 0.078 0.05;0.125 0.089 0.084 0.019 0.045 0.07 0.091 0.082 0.038 0.082 0.051 0.05 0.078 0.046 0.05;0.125 0.084 0.07 0.038 0.05 0.089 0.019 0.045 0.091 0.082 0.078 0.082 0.046 0.051 0.05;
0.113 0.08 0.081 0.086 0.083 0.079 0.021 0.05 0.025 0.093 0.051 0.054 0.051 0.102 0.031;0.113 0.08 0.079 0.021 0.05 0.081 0.086 0.083 0.025 0.093 0.051 0.054 0.102 0.051 0.031;0.113 0.079 0.081 0.025 0.054 0.08 0.021 0.05 0.086 0.093 0.102 0.083 0.051 0.051 0.031;
0.112 0.095 0.082 0.083 0.078 0.081 0.037 0.038 0.022 0.097 0.061 0.041 0.053 0.086 0.034;0.112 0.095 0.081 0.037 0.038 0.082 0.083 0.078 0.022 0.097 0.061 0.041 0.086 0.053 0.034;0.112 0.081 0.082 0.022 0.041 0.095 0.037 0.038 0.083 0.097 0.086 0.078 0.053 0.061 0.034;
0.106 0.09 0.07 0.1 0.078 0.078 0.037 0.055 0.023 0.092 0.045 0.047 0.058 0.082 0.039;0.106 0.09 0.078 0.037 0.055 0.07 0.1 0.078 0.023 0.092 0.045 0.047 0.082 0.058 0.039;0.106 0.078 0.07 0.023 0.047 0.09 0.037 0.055 0.1 0.092 0.082 0.078 0.058 0.045 0.039;
0.124 0.076 0.084 0.098 0.078 0.083 0.024 0.053 0.027 0.086 0.037 0.051 0.04 0.1 0.039;0.124 0.076 0.083 0.024 0.053 0.084 0.098 0.078 0.027 0.086 0.037 0.051 0.1 0.04 0.039;0.124 0.083 0.084 0.027 0.051 0.076 0.024 0.053 0.098 0.086 0.1 0.078 0.04 0.037 0.039;
0.113 0.095 0.064 0.098 0.097 0.085 0.031 0.05 0.036 0.077 0.047 0.044 0.052 0.083 0.028;0.113 0.095 0.085 0.031 0.05 0.064 0.098 0.097 0.036 0.077 0.047 0.044 0.083 0.052 0.028;0.113 0.085 0.064 0.036 0.044 0.095 0.031 0.05 0.098 0.077 0.083 0.097 0.052 0.047 0.028;
0.11 0.07 0.081 0.111 0.078 0.082 0.026 0.048 0.023 0.087 0.042 0.065 0.037 0.102 0.038;0.11 0.07 0.082 0.026 0.048 0.081 0.111 0.078 0.023 0.087 0.042 0.065 0.102 0.037 0.038;0.11 0.082 0.081 0.023 0.065 0.07 0.026 0.048 0.111 0.087 0.102 0.078 0.037 0.042 0.038;
0.098 0.093 0.085 0.096 0.077 0.082 0.029 0.054 0.022 0.084 0.054 0.044 0.065 0.076 0.041;0.098 0.093 0.082 0.029 0.054 0.085 0.096 0.077 0.022 0.084 0.054 0.044 0.076 0.065 0.041;0.098 0.082 0.085 0.022 0.044 0.093 0.029 0.054 0.096 0.084 0.076 0.077 0.065 0.054 0.041;
0.13 0.084 0.081 0.08 0.087 0.081 0.028 0.045 0.027 0.08 0.047 0.055 0.062 0.084 0.029;0.13 0.084 0.081 0.028 0.045 0.081 0.08 0.087 0.027 0.08 0.047 0.055 0.084 0.062 0.029;0.13 0.081 0.081 0.027 0.055 0.084 0.028 0.045 0.08 0.08 0.084 0.087 0.062 0.047 0.029;
0.115 0.087 0.066 0.113 0.078 0.085 0.033 0.052 0.024 0.077 0.05 0.043 0.042 0.102 0.033;0.115 0.087 0.085 0.033 0.052 0.066 0.113 0.078 0.024 0.077 0.05 0.043 0.102 0.042 0.033;0.115 0.085 0.066 0.024 0.043 0.087 0.033 0.052 0.113 0.077 0.102 0.078 0.042 0.05 0.033;
0.123 0.074 0.09 0.092 0.079 0.089 0.03 0.051 0.037 0.071 0.041 0.068 0.051 0.073 0.031;0.123 0.074 0.089 0.03 0.051 0.09 0.092 0.079 0.037 0.071 0.041 0.068 0.073 0.051 0.031;0.123 0.089 0.09 0.037 0.068 0.074 0.03 0.051 0.092 0.071 0.073 0.079 0.051 0.041 0.031;
0.118 0.071 0.085 0.092 0.085 0.079 0.042 0.032 0.043 0.1 0.05 0.055 0.039 0.069 0.04;0.118 0.071 0.079 0.042 0.032 0.085 0.092 0.085 0.043 0.1 0.05 0.055 0.069 0.039 0.04;0.118 0.079 0.085 0.043 0.055 0.071 0.042 0.032 0.092 0.1 0.069 0.085 0.039 0.05 0.04;
0.121 0.091 0.079 0.098 0.081 0.074 0.035 0.041 0.037 0.085 0.05 0.042 0.043 0.085 0.038;0.121 0.091 0.074 0.035 0.041 0.079 0.098 0.081 0.037 0.085 0.05 0.042 0.085 0.043 0.038;0.121 0.074 0.079 0.037 0.042 0.091 0.035 0.041 0.098 0.085 0.085 0.081 0.043 0.05 0.038;
0.114 0.081 0.085 0.097 0.091 0.082 0.026 0.044 0.026 0.085 0.048 0.066 0.037 0.081 0.037;0.114 0.081 0.082 0.026 0.044 0.085 0.097 0.091 0.026 0.085 0.048 0.066 0.081 0.037 0.037;0.114 0.082 0.085 0.026 0.066 0.081 0.026 0.044 0.097 0.085 0.081 0.091 0.037 0.048 0.037;
0.138 0.08 0.079 0.095 0.082 0.085 0.03 0.045 0.031 0.078 0.04 0.057 0.046 0.078 0.036;0.138 0.08 0.085 0.03 0.045 0.079 0.095 0.082 0.031 0.078 0.04 0.057 0.078 0.046 0.036;0.138 0.085 0.079 0.031 0.057 0.08 0.03 0.045 0.095 0.078 0.078 0.082 0.046 0.04 0.036;
0.128 0.103 0.073 0.089 0.081 0.081 0.034 0.036 0.037 0.084 0.058 0.038 0.046 0.088 0.024;0.128 0.103 0.081 0.034 0.036 0.073 0.089 0.081 0.037 0.084 0.058 0.038 0.088 0.046 0.024;0.128 0.081 0.073 0.037 0.038 0.103 0.034 0.036 0.089 0.084 0.088 0.081 0.046 0.058 0.024;
0.115 0.087 0.074 0.099 0.097 0.07 0.028 0.042 0.035 0.09 0.054 0.054 0.046 0.079 0.03;0.115 0.087 0.07 0.028 0.042 0.074 0.099 0.097 0.035 0.09 0.054 0.054 0.079 0.046 0.03;0.115 0.07 0.074 0.035 0.054 0.087 0.028 0.042 0.099 0.09 0.079 0.097 0.046 0.054 0.03;
0.107 0.083 0.075 0.07 0.103 0.086 0.031 0.04 0.036 0.085 0.05 0.058 0.058 0.085 0.033;0.107 0.083 0.086 0.031 0.04 0.075 0.07 0.103 0.036 0.085 0.05 0.058 0.085 0.058 0.033;0.107 0.086 0.075 0.036 0.058 0.083 0.031 0.04 0.07 0.085 0.085 0.103 0.058 0.05 0.033;
0.116 0.08 0.069 0.108 0.085 0.095 0.029 0.049 0.026 0.089 0.045 0.047 0.05 0.074 0.038;0.116 0.08 0.095 0.029 0.049 0.069 0.108 0.085 0.026 0.089 0.045 0.047 0.074 0.05 0.038;0.116 0.095 0.069 0.026 0.047 0.08 0.029 0.049 0.108 0.089 0.074 0.085 0.05 0.045 0.038;
0.117 0.066 0.09 0.094 0.066 0.088 0.04 0.049 0.028 0.101 0.054 0.049 0.049 0.083 0.026;0.117 0.066 0.088 0.04 0.049 0.09 0.094 0.066 0.028 0.101 0.054 0.049 0.083 0.049 0.026;0.117 0.088 0.09 0.028 0.049 0.066 0.04 0.049 0.094 0.101 0.083 0.066 0.049 0.054 0.026;
0.117 0.098 0.081 0.085 0.079 0.097 0.031 0.04 0.037 0.086 0.043 0.052 0.043 0.082 0.029;0.117 0.098 0.097 0.031 0.04 0.081 0.085 0.079 0.037 0.086 0.043 0.052 0.082 0.043 0.029;0.117 0.097 0.081 0.037 0.052 0.098 0.031 0.04 0.085 0.086 0.082 0.079 0.043 0.043 0.029;
0.121 0.089 0.08 0.093 0.094 0.064 0.028 0.052 0.021 0.078 0.045 0.053 0.051 0.095 0.036;0.121 0.089 0.064 0.028 0.052 0.08 0.093 0.094 0.021 0.078 0.045 0.053 0.095 0.051 0.036;0.121 0.064 0.08 0.021 0.053 0.089 0.028 0.052 0.093 0.078 0.095 0.094 0.051 0.045 0.036;
0.107 0.08 0.09 0.087 0.089 0.068 0.026 0.049 0.026 0.091 0.052 0.056 0.06 0.086 0.033;0.107 0.08 0.068 0.026 0.049 0.09 0.087 0.089 0.026 0.091 0.052 0.056 0.086 0.06 0.033;0.107 0.068 0.09 0.026 0.056 0.08 0.026 0.049 0.087 0.091 0.086 0.089 0.06 0.052 0.033;
0.118 0.096 0.083 0.108 0.082 0.075 0.03 0.041 0.022 0.08 0.054 0.045 0.059 0.073 0.034;0.118 0.096 0.075 0.03 0.041 0.083 0.108 0.082 0.022 0.08 0.054 0.045 0.073 0.059 0.034;0.118 0.075 0.083 0.022 0.045 0.096 0.03 0.041 0.108 0.08 0.073 0.082 0.059 0.054 0.034;
0.098 0.079 0.079 0.091 0.08 0.083 0.028 0.048 0.04 0.085 0.058 0.06 0.053 0.076 0.042;0.098 0.079 0.083 0.028 0.048 0.079 0.091 0.08 0.04 0.085 0.058 0.06 0.076 0.053 0.042;0.098 0.083 0.079 0.04 0.06 0.079 0.028 0.048 0.091 0.085 0.076 0.08 0.053 0.058 0.042;
0.125 0.084 0.081 0.088 0.07 0.087 0.028 0.054 0.031 0.087 0.053 0.054 0.047 0.075 0.036;0.125 0.084 0.087 0.028 0.054 0.081 0.088 0.07 0.031 0.087 0.053 0.054 0.075 0.047 0.036;0.125 0.087 0.081 0.031 0.054 0.084 0.028 0.054 0.088 0.087 0.075 0.07 0.047 0.053 0.036;
0.124 0.081 0.079 0.086 0.106 0.073 0.029 0.038 0.033 0.079 0.056 0.047 0.051 0.078 0.04;0.124 0.081 0.073 0.029 0.038 0.079 0.086 0.106 0.033 0.079 0.056 0.047 0.078 0.051 0.04;0.124 0.073 0.079 0.033 0.047 0.081 0.029 0.038 0.086 0.079 0.078 0.106 0.051 0.056 0.04;
0.125 0.074 0.061 0.094 0.1 0.088 0.021 0.047 0.026 0.076 0.055 0.06 0.053 0.083 0.037;0.125 0.074 0.088 0.021 0.047 0.061 0.094 0.1 0.026 0.076 0.055 0.06 0.083 0.053 0.037;0.125 0.088 0.061 0.026 0.06 0.074 0.021 0.047 0.094 0.076 0.083 0.1 0.053 0.055 0.037;
0.128 0.078 0.078 0.082 0.08 0.106 0.029 0.045 0.026 0.086 0.044 0.047 0.045 0.078 0.048;0.128 0.078 0.106 0.029 0.045 0.078 0.082 0.08 0.026 0.086 0.044 0.047 0.078 0.045 0.048;0.128 0.106 0.078 0.026 0.047 0.078 0.029 0.045 0.082 0.086 0.078 0.08 0.045 0.044 0.048;
0.122 0.096 0.083 0.11 0.078 0.081 0.019 0.045 0.021 0.076 0.066 0.055 0.043 0.074 0.031;0.122 0.096 0.081 0.019 0.045 0.083 0.11 0.078 0.021 0.076 0.066 0.055 0.074 0.043 0.031;0.122 0.081 0.083 0.021 0.055 0.096 0.019 0.045 0.11 0.076 0.074 0.078 0.043 0.066 0.031;
0.109 0.073 0.065 0.102 0.101 0.092 0.024 0.053 0.038 0.083 0.043 0.047 0.063 0.071 0.036;0.109 0.073 0.092 0.024 0.053 0.065 0.102 0.101 0.038 0.083 0.043 0.047 0.071 0.063 0.036;0.109 0.092 0.065 0.038 0.047 0.073 0.024 0.053 0.102 0.083 0.071 0.101 0.063 0.043 0.036;
0.114 0.083 0.089 0.105 0.094 0.074 0.026 0.045 0.021 0.074 0.046 0.042 0.044 0.106 0.037;0.114 0.083 0.074 0.026 0.045 0.089 0.105 0.094 0.021 0.074 0.046 0.042 0.106 0.044 0.037;0.114 0.074 0.089 0.021 0.042 0.083 0.026 0.045 0.105 0.074 0.106 0.094 0.044 0.046 0.037;
0.107 0.091 0.079 0.09 0.092 0.082 0.036 0.034 0.027 0.081 0.045 0.053 0.046 0.092 0.045;0.107 0.091 0.082 0.036 0.034 0.079 0.09 0.092 0.027 0.081 0.045 0.053 0.092 0.046 0.045;0.107 0.082 0.079 0.027 0.053 0.091 0.036 0.034 0.09 0.081 0.092 0.092 0.046 0.045 0.045;
0.102 0.081 0.083 0.084 0.088 0.091 0.022 0.055 0.034 0.087 0.052 0.042 0.058 0.092 0.029;0.102 0.081 0.091 0.022 0.055 0.083 0.084 0.088 0.034 0.087 0.052 0.042 0.092 0.058 0.029;0.102 0.091 0.083 0.034 0.042 0.081 0.022 0.055 0.084 0.087 0.092 0.088 0.058 0.052 0.029;
0.095 0.084 0.082 0.098 0.09 0.081 0.032 0.055 0.035 0.085 0.052 0.056 0.033 0.099 0.023;0.095 0.084 0.081 0.032 0.055 0.082 0.098 0.09 0.035 0.085 0.052 0.056 0.099 0.033 0.023;0.095 0.081 0.082 0.035 0.056 0.084 0.032 0.055 0.098 0.085 0.099 0.09 0.033 0.052 0.023;
0.114 0.081 0.073 0.087 0.084 0.091 0.035 0.043 0.036 0.084 0.052 0.048 0.044 0.091 0.037;0.114 0.081 0.091 0.035 0.043 0.073 0.087 0.084 0.036 0.084 0.052 0.048 0.091 0.044 0.037;0.114 0.091 0.073 0.036 0.048 0.081 0.035 0.043 0.087 0.084 0.091 0.084 0.044 0.052 0.037;
0.119 0.078 0.08 0.105 0.064 0.068 0.032 0.049 0.031 0.083 0.053 0.058 0.06 0.081 0.039;0.119 0.078 0.068 0.032 0.049 0.08 0.105 0.064 0.031 0.083 0.053 0.058 0.081 0.06 0.039;0.119 0.068 0.08 0.031 0.058 0.078 0.032 0.049 0.105 0.083 0.081 0.064 0.06 0.053 0.039];