pntP=[0.092 0.072 0.078 0.081 0.089 0.07 0.03 0.058 0.043 0.076 0.059 0.061 0.05 0.107 0.034;0.092 0.072 0.07 0.03 0.058 0.078 0.081 0.089 0.043 0.076 0.059 0.061 0.107 0.05 0.034;0.092 0.07 0.078 0.043 0.061 0.072 0.03 0.058 0.081 0.076 0.107 0.089 0.05 0.059 0.034;
0.106 0.08 0.063 0.083 0.087 0.072 0.032 0.059 0.037 0.088 0.049 0.036 0.065 0.101 0.042;0.106 0.08 0.072 0.032 0.059 0.063 0.083 0.087 0.037 0.088 0.049 0.036 0.101 0.065 0.042;0.106 0.072 0.063 0.037 0.036 0.08 0.032 0.059 0.083 0.088 0.101 0.087 0.065 0.049 0.042;
0.085 0.082 0.096 0.08 0.089 0.087 0.036 0.069 0.031 0.069 0.05 0.049 0.053 0.089 0.035;0.085 0.082 0.087 0.036 0.069 0.096 0.08 0.089 0.031 0.069 0.05 0.049 0.089 0.053 0.035;0.085 0.087 0.096 0.031 0.049 0.082 0.036 0.069 0.08 0.069 0.089 0.089 0.053 0.05 0.035;
0.09 0.087 0.079 0.077 0.087 0.078 0.034 0.049 0.029 0.096 0.054 0.055 0.052 0.095 0.038;0.09 0.087 0.078 0.034 0.049 0.079 0.077 0.087 0.029 0.096 0.054 0.055 0.095 0.052 0.038;0.09 0.078 0.079 0.029 0.055 0.087 0.034 0.049 0.077 0.096 0.095 0.087 0.052 0.054 0.038;
0.086 0.075 0.099 0.102 0.075 0.075 0.034 0.053 0.036 0.088 0.055 0.045 0.057 0.084 0.036;0.086 0.075 0.075 0.034 0.053 0.099 0.102 0.075 0.036 0.088 0.055 0.045 0.084 0.057 0.036;0.086 0.075 0.099 0.036 0.045 0.075 0.034 0.053 0.102 0.088 0.084 0.075 0.057 0.055 0.036;
0.093 0.057 0.107 0.098 0.087 0.073 0.025 0.047 0.033 0.08 0.055 0.049 0.069 0.078 0.049;0.093 0.057 0.073 0.025 0.047 0.107 0.098 0.087 0.033 0.08 0.055 0.049 0.078 0.069 0.049;0.093 0.073 0.107 0.033 0.049 0.057 0.025 0.047 0.098 0.08 0.078 0.087 0.069 0.055 0.049;
0.097 0.077 0.087 0.089 0.077 0.071 0.03 0.053 0.03 0.092 0.059 0.043 0.055 0.092 0.048;0.097 0.077 0.071 0.03 0.053 0.087 0.089 0.077 0.03 0.092 0.059 0.043 0.092 0.055 0.048;0.097 0.071 0.087 0.03 0.043 0.077 0.03 0.053 0.089 0.092 0.092 0.077 0.055 0.059 0.048;
0.086 0.09 0.08 0.104 0.081 0.076 0.034 0.055 0.041 0.086 0.045 0.05 0.052 0.082 0.038;0.086 0.09 0.076 0.034 0.055 0.08 0.104 0.081 0.041 0.086 0.045 0.05 0.082 0.052 0.038;0.086 0.076 0.08 0.041 0.05 0.09 0.034 0.055 0.104 0.086 0.082 0.081 0.052 0.045 0.038;
0.11 0.074 0.092 0.086 0.083 0.085 0.028 0.052 0.037 0.072 0.05 0.042 0.071 0.077 0.041;0.11 0.074 0.085 0.028 0.052 0.092 0.086 0.083 0.037 0.072 0.05 0.042 0.077 0.071 0.041;0.11 0.085 0.092 0.037 0.042 0.074 0.028 0.052 0.086 0.072 0.077 0.083 0.071 0.05 0.041;
0.114 0.082 0.078 0.093 0.088 0.073 0.03 0.056 0.024 0.088 0.054 0.057 0.042 0.084 0.037;0.114 0.082 0.073 0.03 0.056 0.078 0.093 0.088 0.024 0.088 0.054 0.057 0.084 0.042 0.037;0.114 0.073 0.078 0.024 0.057 0.082 0.03 0.056 0.093 0.088 0.084 0.088 0.042 0.054 0.037;
0.104 0.074 0.091 0.082 0.076 0.066 0.032 0.046 0.024 0.085 0.06 0.064 0.073 0.086 0.037;0.104 0.074 0.066 0.032 0.046 0.091 0.082 0.076 0.024 0.085 0.06 0.064 0.086 0.073 0.037;0.104 0.066 0.091 0.024 0.064 0.074 0.032 0.046 0.082 0.085 0.086 0.076 0.073 0.06 0.037;
0.097 0.085 0.099 0.095 0.078 0.073 0.034 0.052 0.029 0.081 0.057 0.048 0.059 0.071 0.042;0.097 0.085 0.073 0.034 0.052 0.099 0.095 0.078 0.029 0.081 0.057 0.048 0.071 0.059 0.042;0.097 0.073 0.099 0.029 0.048 0.085 0.034 0.052 0.095 0.081 0.071 0.078 0.059 0.057 0.042;
0.109 0.075 0.087 0.078 0.079 0.072 0.033 0.039 0.031 0.096 0.057 0.056 0.056 0.083 0.049;0.109 0.075 0.072 0.033 0.039 0.087 0.078 0.079 0.031 0.096 0.057 0.056 0.083 0.056 0.049;0.109 0.072 0.087 0.031 0.056 0.075 0.033 0.039 0.078 0.096 0.083 0.079 0.056 0.057 0.049;
0.104 0.071 0.08 0.092 0.08 0.072 0.034 0.05 0.039 0.087 0.044 0.061 0.051 0.09 0.045;0.104 0.071 0.072 0.034 0.05 0.08 0.092 0.08 0.039 0.087 0.044 0.061 0.09 0.051 0.045;0.104 0.072 0.08 0.039 0.061 0.071 0.034 0.05 0.092 0.087 0.09 0.08 0.051 0.044 0.045;
0.089 0.073 0.072 0.091 0.077 0.071 0.037 0.046 0.042 0.08 0.063 0.061 0.055 0.093 0.05;0.089 0.073 0.071 0.037 0.046 0.072 0.091 0.077 0.042 0.08 0.063 0.061 0.093 0.055 0.05;0.089 0.071 0.072 0.042 0.061 0.073 0.037 0.046 0.091 0.08 0.093 0.077 0.055 0.063 0.05;
0.096 0.067 0.088 0.075 0.086 0.08 0.029 0.048 0.036 0.083 0.054 0.056 0.044 0.116 0.042;0.096 0.067 0.08 0.029 0.048 0.088 0.075 0.086 0.036 0.083 0.054 0.056 0.116 0.044 0.042;0.096 0.08 0.088 0.036 0.056 0.067 0.029 0.048 0.075 0.083 0.116 0.086 0.044 0.054 0.042;
0.105 0.069 0.077 0.079 0.078 0.075 0.036 0.06 0.034 0.075 0.061 0.054 0.049 0.103 0.045;0.105 0.069 0.075 0.036 0.06 0.077 0.079 0.078 0.034 0.075 0.061 0.054 0.103 0.049 0.045;0.105 0.075 0.077 0.034 0.054 0.069 0.036 0.06 0.079 0.075 0.103 0.078 0.049 0.061 0.045;
0.096 0.09 0.088 0.083 0.069 0.08 0.023 0.058 0.027 0.084 0.061 0.053 0.058 0.09 0.04;0.096 0.09 0.08 0.023 0.058 0.088 0.083 0.069 0.027 0.084 0.061 0.053 0.09 0.058 0.04;0.096 0.08 0.088 0.027 0.053 0.09 0.023 0.058 0.083 0.084 0.09 0.069 0.058 0.061 0.04;
0.097 0.065 0.082 0.092 0.085 0.069 0.036 0.055 0.03 0.097 0.057 0.056 0.05 0.093 0.036;0.097 0.065 0.069 0.036 0.055 0.082 0.092 0.085 0.03 0.097 0.057 0.056 0.093 0.05 0.036;0.097 0.069 0.082 0.03 0.056 0.065 0.036 0.055 0.092 0.097 0.093 0.085 0.05 0.057 0.036;
0.102 0.067 0.072 0.105 0.089 0.078 0.028 0.044 0.033 0.078 0.061 0.05 0.048 0.091 0.054;0.102 0.067 0.078 0.028 0.044 0.072 0.105 0.089 0.033 0.078 0.061 0.05 0.091 0.048 0.054;0.102 0.078 0.072 0.033 0.05 0.067 0.028 0.044 0.105 0.078 0.091 0.089 0.048 0.061 0.054;
0.106 0.074 0.083 0.09 0.082 0.079 0.03 0.057 0.029 0.083 0.052 0.064 0.05 0.083 0.038;0.106 0.074 0.079 0.03 0.057 0.083 0.09 0.082 0.029 0.083 0.052 0.064 0.083 0.05 0.038;0.106 0.079 0.083 0.029 0.064 0.074 0.03 0.057 0.09 0.083 0.083 0.082 0.05 0.052 0.038;
0.107 0.073 0.089 0.085 0.097 0.071 0.027 0.056 0.033 0.09 0.051 0.048 0.052 0.073 0.048;0.107 0.073 0.071 0.027 0.056 0.089 0.085 0.097 0.033 0.09 0.051 0.048 0.073 0.052 0.048;0.107 0.071 0.089 0.033 0.048 0.073 0.027 0.056 0.085 0.09 0.073 0.097 0.052 0.051 0.048;
0.112 0.073 0.074 0.07 0.08 0.08 0.033 0.051 0.03 0.073 0.053 0.048 0.066 0.103 0.054;0.112 0.073 0.08 0.033 0.051 0.074 0.07 0.08 0.03 0.073 0.053 0.048 0.103 0.066 0.054;0.112 0.08 0.074 0.03 0.048 0.073 0.033 0.051 0.07 0.073 0.103 0.08 0.066 0.053 0.054;
0.108 0.071 0.088 0.082 0.091 0.077 0.028 0.05 0.024 0.081 0.059 0.047 0.068 0.075 0.051;0.108 0.071 0.077 0.028 0.05 0.088 0.082 0.091 0.024 0.081 0.059 0.047 0.075 0.068 0.051;0.108 0.077 0.088 0.024 0.047 0.071 0.028 0.05 0.082 0.081 0.075 0.091 0.068 0.059 0.051;
0.11 0.084 0.081 0.083 0.075 0.078 0.022 0.058 0.029 0.075 0.057 0.058 0.054 0.092 0.044;0.11 0.084 0.078 0.022 0.058 0.081 0.083 0.075 0.029 0.075 0.057 0.058 0.092 0.054 0.044;0.11 0.078 0.081 0.029 0.058 0.084 0.022 0.058 0.083 0.075 0.092 0.075 0.054 0.057 0.044;
0.113 0.059 0.073 0.08 0.084 0.093 0.028 0.053 0.026 0.095 0.057 0.067 0.058 0.073 0.041;0.113 0.059 0.093 0.028 0.053 0.073 0.08 0.084 0.026 0.095 0.057 0.067 0.073 0.058 0.041;0.113 0.093 0.073 0.026 0.067 0.059 0.028 0.053 0.08 0.095 0.073 0.084 0.058 0.057 0.041;
0.091 0.072 0.093 0.092 0.093 0.076 0.03 0.052 0.022 0.069 0.066 0.055 0.056 0.085 0.048;0.091 0.072 0.076 0.03 0.052 0.093 0.092 0.093 0.022 0.069 0.066 0.055 0.085 0.056 0.048;0.091 0.076 0.093 0.022 0.055 0.072 0.03 0.052 0.092 0.069 0.085 0.093 0.056 0.066 0.048;
0.104 0.068 0.095 0.073 0.092 0.071 0.026 0.057 0.026 0.09 0.06 0.051 0.064 0.075 0.048;0.104 0.068 0.071 0.026 0.057 0.095 0.073 0.092 0.026 0.09 0.06 0.051 0.075 0.064 0.048;0.104 0.071 0.095 0.026 0.051 0.068 0.026 0.057 0.073 0.09 0.075 0.092 0.064 0.06 0.048;
0.112 0.065 0.093 0.078 0.101 0.079 0.03 0.05 0.021 0.083 0.051 0.061 0.054 0.085 0.037;0.112 0.065 0.079 0.03 0.05 0.093 0.078 0.101 0.021 0.083 0.051 0.061 0.085 0.054 0.037;0.112 0.079 0.093 0.021 0.061 0.065 0.03 0.05 0.078 0.083 0.085 0.101 0.054 0.051 0.037;
0.09 0.075 0.073 0.082 0.089 0.069 0.034 0.049 0.041 0.085 0.067 0.067 0.044 0.096 0.039;0.09 0.075 0.069 0.034 0.049 0.073 0.082 0.089 0.041 0.085 0.067 0.067 0.096 0.044 0.039;0.09 0.069 0.073 0.041 0.067 0.075 0.034 0.049 0.082 0.085 0.096 0.089 0.044 0.067 0.039;
0.118 0.078 0.085 0.07 0.08 0.068 0.035 0.054 0.032 0.083 0.057 0.062 0.057 0.08 0.041;0.118 0.078 0.068 0.035 0.054 0.085 0.07 0.08 0.032 0.083 0.057 0.062 0.08 0.057 0.041;0.118 0.068 0.085 0.032 0.062 0.078 0.035 0.054 0.07 0.083 0.08 0.08 0.057 0.057 0.041;
0.102 0.081 0.084 0.085 0.09 0.075 0.025 0.05 0.039 0.078 0.051 0.051 0.058 0.076 0.055;0.102 0.081 0.075 0.025 0.05 0.084 0.085 0.09 0.039 0.078 0.051 0.051 0.076 0.058 0.055;0.102 0.075 0.084 0.039 0.051 0.081 0.025 0.05 0.085 0.078 0.076 0.09 0.058 0.051 0.055;
0.101 0.073 0.094 0.1 0.09 0.085 0.032 0.036 0.028 0.085 0.046 0.057 0.05 0.081 0.042;0.101 0.073 0.085 0.032 0.036 0.094 0.1 0.09 0.028 0.085 0.046 0.057 0.081 0.05 0.042;0.101 0.085 0.094 0.028 0.057 0.073 0.032 0.036 0.1 0.085 0.081 0.09 0.05 0.046 0.042;
0.114 0.075 0.071 0.085 0.089 0.092 0.026 0.062 0.032 0.081 0.049 0.053 0.05 0.076 0.045;0.114 0.075 0.092 0.026 0.062 0.071 0.085 0.089 0.032 0.081 0.049 0.053 0.076 0.05 0.045;0.114 0.092 0.071 0.032 0.053 0.075 0.026 0.062 0.085 0.081 0.076 0.089 0.05 0.049 0.045;
0.09 0.076 0.088 0.109 0.077 0.081 0.031 0.04 0.026 0.087 0.051 0.049 0.067 0.099 0.029;0.09 0.076 0.081 0.031 0.04 0.088 0.109 0.077 0.026 0.087 0.051 0.049 0.099 0.067 0.029;0.09 0.081 0.088 0.026 0.049 0.076 0.031 0.04 0.109 0.087 0.099 0.077 0.067 0.051 0.029;
0.114 0.069 0.081 0.094 0.099 0.054 0.032 0.059 0.027 0.074 0.053 0.055 0.058 0.083 0.048;0.114 0.069 0.054 0.032 0.059 0.081 0.094 0.099 0.027 0.074 0.053 0.055 0.083 0.058 0.048;0.114 0.054 0.081 0.027 0.055 0.069 0.032 0.059 0.094 0.074 0.083 0.099 0.058 0.053 0.048;
0.114 0.082 0.075 0.096 0.082 0.072 0.028 0.064 0.036 0.068 0.041 0.051 0.058 0.089 0.044;0.114 0.082 0.072 0.028 0.064 0.075 0.096 0.082 0.036 0.068 0.041 0.051 0.089 0.058 0.044;0.114 0.072 0.075 0.036 0.051 0.082 0.028 0.064 0.096 0.068 0.089 0.082 0.058 0.041 0.044;
0.094 0.081 0.084 0.092 0.072 0.079 0.036 0.052 0.042 0.072 0.06 0.044 0.079 0.083 0.03;0.094 0.081 0.079 0.036 0.052 0.084 0.092 0.072 0.042 0.072 0.06 0.044 0.083 0.079 0.03;0.094 0.079 0.084 0.042 0.044 0.081 0.036 0.052 0.092 0.072 0.083 0.072 0.079 0.06 0.03;
0.111 0.074 0.089 0.082 0.097 0.077 0.03 0.038 0.036 0.078 0.047 0.07 0.06 0.085 0.026;0.111 0.074 0.077 0.03 0.038 0.089 0.082 0.097 0.036 0.078 0.047 0.07 0.085 0.06 0.026;0.111 0.077 0.089 0.036 0.07 0.074 0.03 0.038 0.082 0.078 0.085 0.097 0.06 0.047 0.026;
0.098 0.073 0.072 0.078 0.11 0.074 0.034 0.055 0.041 0.077 0.044 0.053 0.068 0.073 0.05;0.098 0.073 0.074 0.034 0.055 0.072 0.078 0.11 0.041 0.077 0.044 0.053 0.073 0.068 0.05;0.098 0.074 0.072 0.041 0.053 0.073 0.034 0.055 0.078 0.077 0.073 0.11 0.068 0.044 0.05;
0.104 0.069 0.091 0.088 0.079 0.077 0.038 0.048 0.032 0.079 0.061 0.053 0.055 0.084 0.042;0.104 0.069 0.077 0.038 0.048 0.091 0.088 0.079 0.032 0.079 0.061 0.053 0.084 0.055 0.042;0.104 0.077 0.091 0.032 0.053 0.069 0.038 0.048 0.088 0.079 0.084 0.079 0.055 0.061 0.042;
0.095 0.057 0.074 0.073 0.09 0.085 0.035 0.057 0.035 0.079 0.069 0.052 0.056 0.101 0.042;0.095 0.057 0.085 0.035 0.057 0.074 0.073 0.09 0.035 0.079 0.069 0.052 0.101 0.056 0.042;0.095 0.085 0.074 0.035 0.052 0.057 0.035 0.057 0.073 0.079 0.101 0.09 0.056 0.069 0.042;
0.106 0.074 0.084 0.091 0.088 0.067 0.037 0.05 0.03 0.092 0.044 0.056 0.066 0.081 0.034;0.106 0.074 0.067 0.037 0.05 0.084 0.091 0.088 0.03 0.092 0.044 0.056 0.081 0.066 0.034;0.106 0.067 0.084 0.03 0.056 0.074 0.037 0.05 0.091 0.092 0.081 0.088 0.066 0.044 0.034;
0.11 0.078 0.086 0.078 0.096 0.058 0.032 0.054 0.034 0.094 0.044 0.052 0.051 0.092 0.041;0.11 0.078 0.058 0.032 0.054 0.086 0.078 0.096 0.034 0.094 0.044 0.052 0.092 0.051 0.041;0.11 0.058 0.086 0.034 0.052 0.078 0.032 0.054 0.078 0.094 0.092 0.096 0.051 0.044 0.041;
0.104 0.067 0.075 0.101 0.071 0.071 0.036 0.046 0.036 0.075 0.055 0.047 0.078 0.09 0.048;0.104 0.067 0.071 0.036 0.046 0.075 0.101 0.071 0.036 0.075 0.055 0.047 0.09 0.078 0.048;0.104 0.071 0.075 0.036 0.047 0.067 0.036 0.046 0.101 0.075 0.09 0.071 0.078 0.055 0.048;
0.095 0.077 0.081 0.083 0.086 0.073 0.037 0.048 0.032 0.092 0.071 0.053 0.053 0.081 0.038;0.095 0.077 0.073 0.037 0.048 0.081 0.083 0.086 0.032 0.092 0.071 0.053 0.081 0.053 0.038;0.095 0.073 0.081 0.032 0.053 0.077 0.037 0.048 0.083 0.092 0.081 0.086 0.053 0.071 0.038;
0.11 0.071 0.104 0.089 0.079 0.079 0.034 0.041 0.024 0.073 0.048 0.052 0.064 0.095 0.037;0.11 0.071 0.079 0.034 0.041 0.104 0.089 0.079 0.024 0.073 0.048 0.052 0.095 0.064 0.037;0.11 0.079 0.104 0.024 0.052 0.071 0.034 0.041 0.089 0.073 0.095 0.079 0.064 0.048 0.037;
0.108 0.065 0.073 0.089 0.086 0.078 0.031 0.065 0.038 0.088 0.042 0.058 0.056 0.087 0.036;0.108 0.065 0.078 0.031 0.065 0.073 0.089 0.086 0.038 0.088 0.042 0.058 0.087 0.056 0.036;0.108 0.078 0.073 0.038 0.058 0.065 0.031 0.065 0.089 0.088 0.087 0.086 0.056 0.042 0.036;
0.098 0.08 0.085 0.08 0.075 0.076 0.041 0.055 0.025 0.076 0.066 0.066 0.049 0.087 0.041;0.098 0.08 0.076 0.041 0.055 0.085 0.08 0.075 0.025 0.076 0.066 0.066 0.087 0.049 0.041;0.098 0.076 0.085 0.025 0.066 0.08 0.041 0.055 0.08 0.076 0.087 0.075 0.049 0.066 0.041;
0.106 0.087 0.087 0.065 0.09 0.056 0.042 0.05 0.026 0.096 0.05 0.058 0.05 0.097 0.04;0.106 0.087 0.056 0.042 0.05 0.087 0.065 0.09 0.026 0.096 0.05 0.058 0.097 0.05 0.04;0.106 0.056 0.087 0.026 0.058 0.087 0.042 0.05 0.065 0.096 0.097 0.09 0.05 0.05 0.04;
0.098 0.08 0.091 0.082 0.085 0.071 0.033 0.054 0.035 0.076 0.059 0.059 0.043 0.082 0.052;0.098 0.08 0.071 0.033 0.054 0.091 0.082 0.085 0.035 0.076 0.059 0.059 0.082 0.043 0.052;0.098 0.071 0.091 0.035 0.059 0.08 0.033 0.054 0.082 0.076 0.082 0.085 0.043 0.059 0.052;
0.105 0.064 0.092 0.094 0.091 0.073 0.043 0.056 0.027 0.071 0.04 0.055 0.058 0.078 0.053;0.105 0.064 0.073 0.043 0.056 0.092 0.094 0.091 0.027 0.071 0.04 0.055 0.078 0.058 0.053;0.105 0.073 0.092 0.027 0.055 0.064 0.043 0.056 0.094 0.071 0.078 0.091 0.058 0.04 0.053;
0.087 0.062 0.077 0.099 0.089 0.089 0.028 0.05 0.029 0.094 0.047 0.052 0.062 0.092 0.043;0.087 0.062 0.089 0.028 0.05 0.077 0.099 0.089 0.029 0.094 0.047 0.052 0.092 0.062 0.043;0.087 0.089 0.077 0.029 0.052 0.062 0.028 0.05 0.099 0.094 0.092 0.089 0.062 0.047 0.043;
0.101 0.079 0.092 0.088 0.081 0.057 0.043 0.052 0.03 0.09 0.048 0.062 0.067 0.066 0.044;0.101 0.079 0.057 0.043 0.052 0.092 0.088 0.081 0.03 0.09 0.048 0.062 0.066 0.067 0.044;0.101 0.057 0.092 0.03 0.062 0.079 0.043 0.052 0.088 0.09 0.066 0.081 0.067 0.048 0.044;
0.11 0.08 0.088 0.084 0.088 0.074 0.025 0.04 0.034 0.085 0.059 0.042 0.062 0.076 0.053;0.11 0.08 0.074 0.025 0.04 0.088 0.084 0.088 0.034 0.085 0.059 0.042 0.076 0.062 0.053;0.11 0.074 0.088 0.034 0.042 0.08 0.025 0.04 0.084 0.085 0.076 0.088 0.062 0.059 0.053;
0.1 0.074 0.088 0.081 0.086 0.097 0.039 0.053 0.035 0.071 0.047 0.048 0.067 0.081 0.033;0.1 0.074 0.097 0.039 0.053 0.088 0.081 0.086 0.035 0.071 0.047 0.048 0.081 0.067 0.033;0.1 0.097 0.088 0.035 0.048 0.074 0.039 0.053 0.081 0.071 0.081 0.086 0.067 0.047 0.033;
0.103 0.07 0.083 0.088 0.079 0.08 0.036 0.053 0.049 0.092 0.043 0.058 0.042 0.082 0.042;0.103 0.07 0.08 0.036 0.053 0.083 0.088 0.079 0.049 0.092 0.043 0.058 0.082 0.042 0.042;0.103 0.08 0.083 0.049 0.058 0.07 0.036 0.053 0.088 0.092 0.082 0.079 0.042 0.043 0.042;
0.104 0.072 0.072 0.081 0.094 0.075 0.02 0.061 0.032 0.1 0.049 0.062 0.055 0.078 0.045;0.104 0.072 0.075 0.02 0.061 0.072 0.081 0.094 0.032 0.1 0.049 0.062 0.078 0.055 0.045;0.104 0.075 0.072 0.032 0.062 0.072 0.02 0.061 0.081 0.1 0.078 0.094 0.055 0.049 0.045;
0.101 0.084 0.088 0.075 0.087 0.074 0.034 0.053 0.039 0.088 0.057 0.047 0.058 0.079 0.036;0.101 0.084 0.074 0.034 0.053 0.088 0.075 0.087 0.039 0.088 0.057 0.047 0.079 0.058 0.036;0.101 0.074 0.088 0.039 0.047 0.084 0.034 0.053 0.075 0.088 0.079 0.087 0.058 0.057 0.036;
0.106 0.07 0.075 0.078 0.078 0.091 0.031 0.049 0.026 0.093 0.065 0.051 0.063 0.08 0.044;0.106 0.07 0.091 0.031 0.049 0.075 0.078 0.078 0.026 0.093 0.065 0.051 0.08 0.063 0.044;0.106 0.091 0.075 0.026 0.051 0.07 0.031 0.049 0.078 0.093 0.08 0.078 0.063 0.065 0.044;
0.09 0.069 0.089 0.083 0.105 0.068 0.033 0.058 0.022 0.085 0.057 0.051 0.051 0.091 0.048;0.09 0.069 0.068 0.033 0.058 0.089 0.083 0.105 0.022 0.085 0.057 0.051 0.091 0.051 0.048;0.09 0.068 0.089 0.022 0.051 0.069 0.033 0.058 0.083 0.085 0.091 0.105 0.051 0.057 0.048;
0.093 0.086 0.067 0.1 0.084 0.075 0.03 0.043 0.037 0.082 0.057 0.047 0.05 0.092 0.057;0.093 0.086 0.075 0.03 0.043 0.067 0.1 0.084 0.037 0.082 0.057 0.047 0.092 0.05 0.057;0.093 0.075 0.067 0.037 0.047 0.086 0.03 0.043 0.1 0.082 0.092 0.084 0.05 0.057 0.057;
0.097 0.079 0.072 0.086 0.078 0.085 0.027 0.053 0.029 0.096 0.061 0.044 0.056 0.099 0.038;0.097 0.079 0.085 0.027 0.053 0.072 0.086 0.078 0.029 0.096 0.061 0.044 0.099 0.056 0.038;0.097 0.085 0.072 0.029 0.044 0.079 0.027 0.053 0.086 0.096 0.099 0.078 0.056 0.061 0.038;
0.111 0.077 0.089 0.07 0.085 0.076 0.039 0.052 0.034 0.068 0.044 0.052 0.055 0.094 0.054;0.111 0.077 0.076 0.039 0.052 0.089 0.07 0.085 0.034 0.068 0.044 0.052 0.094 0.055 0.054;0.111 0.076 0.089 0.034 0.052 0.077 0.039 0.052 0.07 0.068 0.094 0.085 0.055 0.044 0.054;
0.102 0.067 0.087 0.098 0.1 0.072 0.037 0.039 0.027 0.073 0.053 0.057 0.068 0.086 0.034;0.102 0.067 0.072 0.037 0.039 0.087 0.098 0.1 0.027 0.073 0.053 0.057 0.086 0.068 0.034;0.102 0.072 0.087 0.027 0.057 0.067 0.037 0.039 0.098 0.073 0.086 0.1 0.068 0.053 0.034;
0.095 0.083 0.088 0.08 0.087 0.074 0.032 0.053 0.033 0.086 0.045 0.045 0.058 0.083 0.058;0.095 0.083 0.074 0.032 0.053 0.088 0.08 0.087 0.033 0.086 0.045 0.045 0.083 0.058 0.058;0.095 0.074 0.088 0.033 0.045 0.083 0.032 0.053 0.08 0.086 0.083 0.087 0.058 0.045 0.058;
0.107 0.073 0.097 0.082 0.092 0.075 0.036 0.036 0.033 0.069 0.051 0.058 0.067 0.085 0.039;0.107 0.073 0.075 0.036 0.036 0.097 0.082 0.092 0.033 0.069 0.051 0.058 0.085 0.067 0.039;0.107 0.075 0.097 0.033 0.058 0.073 0.036 0.036 0.082 0.069 0.085 0.092 0.067 0.051 0.039;
0.106 0.067 0.075 0.108 0.077 0.076 0.03 0.05 0.037 0.071 0.056 0.06 0.05 0.094 0.043;0.106 0.067 0.076 0.03 0.05 0.075 0.108 0.077 0.037 0.071 0.056 0.06 0.094 0.05 0.043;0.106 0.076 0.075 0.037 0.06 0.067 0.03 0.05 0.108 0.071 0.094 0.077 0.05 0.056 0.043;
0.099 0.076 0.082 0.078 0.093 0.081 0.033 0.033 0.038 0.082 0.047 0.059 0.067 0.094 0.038;0.099 0.076 0.081 0.033 0.033 0.082 0.078 0.093 0.038 0.082 0.047 0.059 0.094 0.067 0.038;0.099 0.081 0.082 0.038 0.059 0.076 0.033 0.033 0.078 0.082 0.094 0.093 0.067 0.047 0.038;
0.099 0.063 0.086 0.081 0.093 0.071 0.031 0.055 0.043 0.084 0.054 0.053 0.059 0.086 0.042;0.099 0.063 0.071 0.031 0.055 0.086 0.081 0.093 0.043 0.084 0.054 0.053 0.086 0.059 0.042;0.099 0.071 0.086 0.043 0.053 0.063 0.031 0.055 0.081 0.084 0.086 0.093 0.059 0.054 0.042;
0.113 0.085 0.083 0.072 0.087 0.072 0.029 0.056 0.03 0.083 0.054 0.055 0.047 0.098 0.036;0.113 0.085 0.072 0.029 0.056 0.083 0.072 0.087 0.03 0.083 0.054 0.055 0.098 0.047 0.036;0.113 0.072 0.083 0.03 0.055 0.085 0.029 0.056 0.072 0.083 0.098 0.087 0.047 0.054 0.036;
0.098 0.073 0.077 0.075 0.091 0.064 0.03 0.055 0.039 0.079 0.055 0.063 0.064 0.09 0.047;0.098 0.073 0.064 0.03 0.055 0.077 0.075 0.091 0.039 0.079 0.055 0.063 0.09 0.064 0.047;0.098 0.064 0.077 0.039 0.063 0.073 0.03 0.055 0.075 0.079 0.09 0.091 0.064 0.055 0.047;
0.089 0.091 0.071 0.08 0.086 0.071 0.039 0.037 0.041 0.098 0.046 0.061 0.051 0.089 0.05;0.089 0.091 0.071 0.039 0.037 0.071 0.08 0.086 0.041 0.098 0.046 0.061 0.089 0.051 0.05;0.089 0.071 0.071 0.041 0.061 0.091 0.039 0.037 0.08 0.098 0.089 0.086 0.051 0.046 0.05;
0.101 0.08 0.071 0.1 0.097 0.066 0.037 0.049 0.023 0.095 0.051 0.05 0.059 0.082 0.039;0.101 0.08 0.066 0.037 0.049 0.071 0.1 0.097 0.023 0.095 0.051 0.05 0.082 0.059 0.039;0.101 0.066 0.071 0.023 0.05 0.08 0.037 0.049 0.1 0.095 0.082 0.097 0.059 0.051 0.039;
0.105 0.082 0.091 0.084 0.092 0.08 0.031 0.048 0.036 0.072 0.043 0.044 0.055 0.103 0.034;0.105 0.082 0.08 0.031 0.048 0.091 0.084 0.092 0.036 0.072 0.043 0.044 0.103 0.055 0.034;0.105 0.08 0.091 0.036 0.044 0.082 0.031 0.048 0.084 0.072 0.103 0.092 0.055 0.043 0.034;
0.082 0.077 0.075 0.103 0.084 0.083 0.036 0.06 0.044 0.091 0.049 0.046 0.053 0.082 0.035;0.082 0.077 0.083 0.036 0.06 0.075 0.103 0.084 0.044 0.091 0.049 0.046 0.082 0.053 0.035;0.082 0.083 0.075 0.044 0.046 0.077 0.036 0.06 0.103 0.091 0.082 0.084 0.053 0.049 0.035;
0.114 0.073 0.08 0.094 0.068 0.089 0.027 0.046 0.034 0.082 0.06 0.053 0.056 0.087 0.037;0.114 0.073 0.089 0.027 0.046 0.08 0.094 0.068 0.034 0.082 0.06 0.053 0.087 0.056 0.037;0.114 0.089 0.08 0.034 0.053 0.073 0.027 0.046 0.094 0.082 0.087 0.068 0.056 0.06 0.037;
0.094 0.074 0.078 0.083 0.08 0.072 0.034 0.051 0.033 0.097 0.047 0.051 0.067 0.094 0.045;0.094 0.074 0.072 0.034 0.051 0.078 0.083 0.08 0.033 0.097 0.047 0.051 0.094 0.067 0.045;0.094 0.072 0.078 0.033 0.051 0.074 0.034 0.051 0.083 0.097 0.094 0.08 0.067 0.047 0.045;
0.1 0.062 0.094 0.074 0.091 0.078 0.04 0.055 0.028 0.088 0.049 0.059 0.04 0.106 0.036;0.1 0.062 0.078 0.04 0.055 0.094 0.074 0.091 0.028 0.088 0.049 0.059 0.106 0.04 0.036;0.1 0.078 0.094 0.028 0.059 0.062 0.04 0.055 0.074 0.088 0.106 0.091 0.04 0.049 0.036;
0.098 0.07 0.093 0.077 0.098 0.079 0.026 0.044 0.035 0.079 0.058 0.046 0.053 0.098 0.046;0.098 0.07 0.079 0.026 0.044 0.093 0.077 0.098 0.035 0.079 0.058 0.046 0.098 0.053 0.046;0.098 0.079 0.093 0.035 0.046 0.07 0.026 0.044 0.077 0.079 0.098 0.098 0.053 0.058 0.046;
0.109 0.067 0.105 0.097 0.091 0.073 0.034 0.05 0.033 0.084 0.058 0.046 0.058 0.063 0.032;0.109 0.067 0.073 0.034 0.05 0.105 0.097 0.091 0.033 0.084 0.058 0.046 0.063 0.058 0.032;0.109 0.073 0.105 0.033 0.046 0.067 0.034 0.05 0.097 0.084 0.063 0.091 0.058 0.058 0.032;
0.102 0.074 0.089 0.091 0.098 0.068 0.03 0.053 0.037 0.075 0.053 0.049 0.06 0.078 0.043;0.102 0.074 0.068 0.03 0.053 0.089 0.091 0.098 0.037 0.075 0.053 0.049 0.078 0.06 0.043;0.102 0.068 0.089 0.037 0.049 0.074 0.03 0.053 0.091 0.075 0.078 0.098 0.06 0.053 0.043;
0.11 0.072 0.074 0.098 0.088 0.078 0.034 0.047 0.029 0.074 0.059 0.057 0.051 0.079 0.05;0.11 0.072 0.078 0.034 0.047 0.074 0.098 0.088 0.029 0.074 0.059 0.057 0.079 0.051 0.05;0.11 0.078 0.074 0.029 0.057 0.072 0.034 0.047 0.098 0.074 0.079 0.088 0.051 0.059 0.05;
0.099 0.086 0.074 0.093 0.089 0.068 0.034 0.052 0.032 0.071 0.048 0.052 0.059 0.099 0.044;0.099 0.086 0.068 0.034 0.052 0.074 0.093 0.089 0.032 0.071 0.048 0.052 0.099 0.059 0.044;0.099 0.068 0.074 0.032 0.052 0.086 0.034 0.052 0.093 0.071 0.099 0.089 0.059 0.048 0.044;
0.095 0.065 0.086 0.083 0.094 0.067 0.033 0.051 0.033 0.089 0.059 0.057 0.057 0.081 0.05;0.095 0.065 0.067 0.033 0.051 0.086 0.083 0.094 0.033 0.089 0.059 0.057 0.081 0.057 0.05;0.095 0.067 0.086 0.033 0.057 0.065 0.033 0.051 0.083 0.089 0.081 0.094 0.057 0.059 0.05;
0.115 0.072 0.081 0.085 0.096 0.064 0.024 0.053 0.026 0.094 0.06 0.039 0.058 0.097 0.036;0.115 0.072 0.064 0.024 0.053 0.081 0.085 0.096 0.026 0.094 0.06 0.039 0.097 0.058 0.036;0.115 0.064 0.081 0.026 0.039 0.072 0.024 0.053 0.085 0.094 0.097 0.096 0.058 0.06 0.036;
0.086 0.087 0.075 0.079 0.086 0.072 0.029 0.06 0.035 0.09 0.051 0.052 0.052 0.101 0.045;0.086 0.087 0.072 0.029 0.06 0.075 0.079 0.086 0.035 0.09 0.051 0.052 0.101 0.052 0.045;0.086 0.072 0.075 0.035 0.052 0.087 0.029 0.06 0.079 0.09 0.101 0.086 0.052 0.051 0.045;
0.101 0.075 0.085 0.093 0.087 0.075 0.026 0.05 0.027 0.089 0.053 0.05 0.065 0.079 0.045;0.101 0.075 0.075 0.026 0.05 0.085 0.093 0.087 0.027 0.089 0.053 0.05 0.079 0.065 0.045;0.101 0.075 0.085 0.027 0.05 0.075 0.026 0.05 0.093 0.089 0.079 0.087 0.065 0.053 0.045;
0.103 0.064 0.097 0.093 0.087 0.072 0.048 0.062 0.035 0.073 0.04 0.042 0.063 0.09 0.031;0.103 0.064 0.072 0.048 0.062 0.097 0.093 0.087 0.035 0.073 0.04 0.042 0.09 0.063 0.031;0.103 0.072 0.097 0.035 0.042 0.064 0.048 0.062 0.093 0.073 0.09 0.087 0.063 0.04 0.031;
0.107 0.058 0.075 0.077 0.09 0.062 0.029 0.053 0.03 0.09 0.057 0.069 0.066 0.083 0.054;0.107 0.058 0.062 0.029 0.053 0.075 0.077 0.09 0.03 0.09 0.057 0.069 0.083 0.066 0.054;0.107 0.062 0.075 0.03 0.069 0.058 0.029 0.053 0.077 0.09 0.083 0.09 0.066 0.057 0.054;
0.104 0.082 0.09 0.081 0.076 0.071 0.033 0.04 0.037 0.08 0.041 0.053 0.066 0.104 0.042;0.104 0.082 0.071 0.033 0.04 0.09 0.081 0.076 0.037 0.08 0.041 0.053 0.104 0.066 0.042;0.104 0.071 0.09 0.037 0.053 0.082 0.033 0.04 0.081 0.08 0.104 0.076 0.066 0.041 0.042;
0.089 0.073 0.065 0.093 0.104 0.076 0.046 0.044 0.032 0.075 0.057 0.06 0.051 0.091 0.044;0.089 0.073 0.076 0.046 0.044 0.065 0.093 0.104 0.032 0.075 0.057 0.06 0.091 0.051 0.044;0.089 0.076 0.065 0.032 0.06 0.073 0.046 0.044 0.093 0.075 0.091 0.104 0.051 0.057 0.044;
0.101 0.076 0.076 0.091 0.101 0.073 0.03 0.06 0.038 0.076 0.055 0.039 0.064 0.081 0.039;0.101 0.076 0.073 0.03 0.06 0.076 0.091 0.101 0.038 0.076 0.055 0.039 0.081 0.064 0.039;0.101 0.073 0.076 0.038 0.039 0.076 0.03 0.06 0.091 0.076 0.081 0.101 0.064 0.055 0.039;
0.094 0.077 0.081 0.081 0.088 0.075 0.044 0.053 0.031 0.087 0.056 0.055 0.054 0.08 0.044;0.094 0.077 0.075 0.044 0.053 0.081 0.081 0.088 0.031 0.087 0.056 0.055 0.08 0.054 0.044;0.094 0.075 0.081 0.031 0.055 0.077 0.044 0.053 0.081 0.087 0.08 0.088 0.054 0.056 0.044;
0.088 0.086 0.075 0.091 0.082 0.077 0.036 0.053 0.038 0.087 0.046 0.058 0.052 0.093 0.038;0.088 0.086 0.077 0.036 0.053 0.075 0.091 0.082 0.038 0.087 0.046 0.058 0.093 0.052 0.038;0.088 0.077 0.075 0.038 0.058 0.086 0.036 0.053 0.091 0.087 0.093 0.082 0.052 0.046 0.038;
0.107 0.076 0.07 0.089 0.097 0.073 0.032 0.063 0.039 0.071 0.047 0.049 0.054 0.095 0.038;0.107 0.076 0.073 0.032 0.063 0.07 0.089 0.097 0.039 0.071 0.047 0.049 0.095 0.054 0.038;0.107 0.073 0.07 0.039 0.049 0.076 0.032 0.063 0.089 0.071 0.095 0.097 0.054 0.047 0.038;
0.109 0.083 0.09 0.087 0.092 0.073 0.032 0.054 0.03 0.073 0.052 0.041 0.073 0.073 0.038;0.109 0.083 0.073 0.032 0.054 0.09 0.087 0.092 0.03 0.073 0.052 0.041 0.073 0.073 0.038;0.109 0.073 0.09 0.03 0.041 0.083 0.032 0.054 0.087 0.073 0.073 0.092 0.073 0.052 0.038;
0.101 0.072 0.091 0.078 0.096 0.08 0.031 0.055 0.029 0.077 0.049 0.063 0.055 0.087 0.036;0.101 0.072 0.08 0.031 0.055 0.091 0.078 0.096 0.029 0.077 0.049 0.063 0.087 0.055 0.036;0.101 0.08 0.091 0.029 0.063 0.072 0.031 0.055 0.078 0.077 0.087 0.096 0.055 0.049 0.036;
0.113 0.076 0.097 0.079 0.083 0.079 0.027 0.06 0.025 0.062 0.053 0.058 0.05 0.101 0.037;0.113 0.076 0.079 0.027 0.06 0.097 0.079 0.083 0.025 0.062 0.053 0.058 0.101 0.05 0.037;0.113 0.079 0.097 0.025 0.058 0.076 0.027 0.06 0.079 0.062 0.101 0.083 0.05 0.053 0.037;
0.107 0.078 0.084 0.083 0.067 0.087 0.034 0.053 0.034 0.095 0.055 0.055 0.053 0.077 0.038;0.107 0.078 0.087 0.034 0.053 0.084 0.083 0.067 0.034 0.095 0.055 0.055 0.077 0.053 0.038;0.107 0.087 0.084 0.034 0.055 0.078 0.034 0.053 0.083 0.095 0.077 0.067 0.053 0.055 0.038];