pntP=[0.156 0.07 0.061 0.09 0.081 0.092 0.033 0.044 0.031 0.099 0.041 0.045 0.042 0.085 0.03;0.156 0.07 0.092 0.033 0.044 0.061 0.09 0.081 0.031 0.099 0.041 0.045 0.085 0.042 0.03;0.156 0.092 0.061 0.031 0.045 0.07 0.033 0.044 0.09 0.099 0.085 0.081 0.042 0.041 0.03;
0.138 0.076 0.084 0.106 0.066 0.086 0.029 0.059 0.027 0.089 0.03 0.049 0.039 0.095 0.027;0.138 0.076 0.086 0.029 0.059 0.084 0.106 0.066 0.027 0.089 0.03 0.049 0.095 0.039 0.027;0.138 0.086 0.084 0.027 0.049 0.076 0.029 0.059 0.106 0.089 0.095 0.066 0.039 0.03 0.027;
0.157 0.098 0.08 0.09 0.088 0.086 0.024 0.048 0.033 0.071 0.039 0.042 0.046 0.073 0.025;0.157 0.098 0.086 0.024 0.048 0.08 0.09 0.088 0.033 0.071 0.039 0.042 0.073 0.046 0.025;0.157 0.086 0.08 0.033 0.042 0.098 0.024 0.048 0.09 0.071 0.073 0.088 0.046 0.039 0.025;
0.138 0.077 0.072 0.11 0.097 0.065 0.038 0.037 0.029 0.091 0.038 0.046 0.049 0.072 0.041;0.138 0.077 0.065 0.038 0.037 0.072 0.11 0.097 0.029 0.091 0.038 0.046 0.072 0.049 0.041;0.138 0.065 0.072 0.029 0.046 0.077 0.038 0.037 0.11 0.091 0.072 0.097 0.049 0.038 0.041;
0.149 0.077 0.076 0.1 0.076 0.105 0.033 0.04 0.031 0.088 0.035 0.043 0.038 0.075 0.034;0.149 0.077 0.105 0.033 0.04 0.076 0.1 0.076 0.031 0.088 0.035 0.043 0.075 0.038 0.034;0.149 0.105 0.076 0.031 0.043 0.077 0.033 0.04 0.1 0.088 0.075 0.076 0.038 0.035 0.034;
0.163 0.098 0.076 0.078 0.078 0.084 0.027 0.039 0.025 0.078 0.044 0.044 0.047 0.082 0.037;0.163 0.098 0.084 0.027 0.039 0.076 0.078 0.078 0.025 0.078 0.044 0.044 0.082 0.047 0.037;0.163 0.084 0.076 0.025 0.044 0.098 0.027 0.039 0.078 0.078 0.082 0.078 0.047 0.044 0.037;
0.149 0.072 0.094 0.092 0.076 0.077 0.024 0.041 0.034 0.078 0.059 0.04 0.04 0.091 0.033;0.149 0.072 0.077 0.024 0.041 0.094 0.092 0.076 0.034 0.078 0.059 0.04 0.091 0.04 0.033;0.149 0.077 0.094 0.034 0.04 0.072 0.024 0.041 0.092 0.078 0.091 0.076 0.04 0.059 0.033;
0.143 0.08 0.082 0.099 0.081 0.08 0.025 0.038 0.03 0.101 0.042 0.054 0.038 0.074 0.033;0.143 0.08 0.08 0.025 0.038 0.082 0.099 0.081 0.03 0.101 0.042 0.054 0.074 0.038 0.033;0.143 0.08 0.082 0.03 0.054 0.08 0.025 0.038 0.099 0.101 0.074 0.081 0.038 0.042 0.033;
0.132 0.085 0.088 0.103 0.077 0.096 0.031 0.034 0.023 0.103 0.038 0.044 0.038 0.086 0.022;0.132 0.085 0.096 0.031 0.034 0.088 0.103 0.077 0.023 0.103 0.038 0.044 0.086 0.038 0.022;0.132 0.096 0.088 0.023 0.044 0.085 0.031 0.034 0.103 0.103 0.086 0.077 0.038 0.038 0.022;
0.14 0.083 0.087 0.098 0.074 0.077 0.03 0.044 0.028 0.085 0.049 0.051 0.037 0.092 0.025;0.14 0.083 0.077 0.03 0.044 0.087 0.098 0.074 0.028 0.085 0.049 0.051 0.092 0.037 0.025;0.14 0.077 0.087 0.028 0.051 0.083 0.03 0.044 0.098 0.085 0.092 0.074 0.037 0.049 0.025;
0.16 0.073 0.09 0.094 0.079 0.082 0.026 0.047 0.032 0.09 0.044 0.033 0.046 0.076 0.028;0.16 0.073 0.082 0.026 0.047 0.09 0.094 0.079 0.032 0.09 0.044 0.033 0.076 0.046 0.028;0.16 0.082 0.09 0.032 0.033 0.073 0.026 0.047 0.094 0.09 0.076 0.079 0.046 0.044 0.028;
0.131 0.096 0.1 0.097 0.08 0.088 0.033 0.044 0.024 0.084 0.051 0.035 0.033 0.072 0.032;0.131 0.096 0.088 0.033 0.044 0.1 0.097 0.08 0.024 0.084 0.051 0.035 0.072 0.033 0.032;0.131 0.088 0.1 0.024 0.035 0.096 0.033 0.044 0.097 0.084 0.072 0.08 0.033 0.051 0.032;
0.139 0.077 0.096 0.097 0.085 0.089 0.032 0.036 0.028 0.081 0.045 0.047 0.048 0.067 0.033;0.139 0.077 0.089 0.032 0.036 0.096 0.097 0.085 0.028 0.081 0.045 0.047 0.067 0.048 0.033;0.139 0.089 0.096 0.028 0.047 0.077 0.032 0.036 0.097 0.081 0.067 0.085 0.048 0.045 0.033;
0.136 0.109 0.092 0.081 0.075 0.084 0.028 0.041 0.027 0.091 0.033 0.047 0.046 0.075 0.035;0.136 0.109 0.084 0.028 0.041 0.092 0.081 0.075 0.027 0.091 0.033 0.047 0.075 0.046 0.035;0.136 0.084 0.092 0.027 0.047 0.109 0.028 0.041 0.081 0.091 0.075 0.075 0.046 0.033 0.035;
0.158 0.085 0.085 0.108 0.071 0.083 0.021 0.044 0.02 0.075 0.041 0.059 0.042 0.074 0.034;0.158 0.085 0.083 0.021 0.044 0.085 0.108 0.071 0.02 0.075 0.041 0.059 0.074 0.042 0.034;0.158 0.083 0.085 0.02 0.059 0.085 0.021 0.044 0.108 0.075 0.074 0.071 0.042 0.041 0.034;
0.13 0.079 0.078 0.105 0.089 0.102 0.035 0.042 0.023 0.076 0.05 0.048 0.034 0.079 0.03;0.13 0.079 0.102 0.035 0.042 0.078 0.105 0.089 0.023 0.076 0.05 0.048 0.079 0.034 0.03;0.13 0.102 0.078 0.023 0.048 0.079 0.035 0.042 0.105 0.076 0.079 0.089 0.034 0.05 0.03;
0.137 0.086 0.089 0.107 0.065 0.087 0.035 0.044 0.032 0.074 0.04 0.05 0.044 0.083 0.027;0.137 0.086 0.087 0.035 0.044 0.089 0.107 0.065 0.032 0.074 0.04 0.05 0.083 0.044 0.027;0.137 0.087 0.089 0.032 0.05 0.086 0.035 0.044 0.107 0.074 0.083 0.065 0.044 0.04 0.027;
0.148 0.078 0.095 0.079 0.087 0.085 0.029 0.05 0.035 0.08 0.037 0.044 0.046 0.079 0.028;0.148 0.078 0.085 0.029 0.05 0.095 0.079 0.087 0.035 0.08 0.037 0.044 0.079 0.046 0.028;0.148 0.085 0.095 0.035 0.044 0.078 0.029 0.05 0.079 0.08 0.079 0.087 0.046 0.037 0.028;
0.156 0.082 0.07 0.095 0.085 0.097 0.021 0.039 0.029 0.092 0.027 0.044 0.042 0.08 0.041;0.156 0.082 0.097 0.021 0.039 0.07 0.095 0.085 0.029 0.092 0.027 0.044 0.08 0.042 0.041;0.156 0.097 0.07 0.029 0.044 0.082 0.021 0.039 0.095 0.092 0.08 0.085 0.042 0.027 0.041;
0.135 0.092 0.083 0.099 0.076 0.09 0.034 0.047 0.028 0.087 0.03 0.05 0.041 0.08 0.028;0.135 0.092 0.09 0.034 0.047 0.083 0.099 0.076 0.028 0.087 0.03 0.05 0.08 0.041 0.028;0.135 0.09 0.083 0.028 0.05 0.092 0.034 0.047 0.099 0.087 0.08 0.076 0.041 0.03 0.028;
0.142 0.079 0.097 0.083 0.081 0.084 0.024 0.041 0.031 0.099 0.038 0.044 0.037 0.086 0.034;0.142 0.079 0.084 0.024 0.041 0.097 0.083 0.081 0.031 0.099 0.038 0.044 0.086 0.037 0.034;0.142 0.084 0.097 0.031 0.044 0.079 0.024 0.041 0.083 0.099 0.086 0.081 0.037 0.038 0.034;
0.141 0.074 0.087 0.095 0.087 0.082 0.031 0.053 0.036 0.094 0.031 0.048 0.038 0.067 0.036;0.141 0.074 0.082 0.031 0.053 0.087 0.095 0.087 0.036 0.094 0.031 0.048 0.067 0.038 0.036;0.141 0.082 0.087 0.036 0.048 0.074 0.031 0.053 0.095 0.094 0.067 0.087 0.038 0.031 0.036;
0.138 0.079 0.086 0.093 0.078 0.1 0.035 0.045 0.024 0.078 0.036 0.051 0.051 0.079 0.027;0.138 0.079 0.1 0.035 0.045 0.086 0.093 0.078 0.024 0.078 0.036 0.051 0.079 0.051 0.027;0.138 0.1 0.086 0.024 0.051 0.079 0.035 0.045 0.093 0.078 0.079 0.078 0.051 0.036 0.027;
0.14 0.077 0.098 0.107 0.075 0.086 0.027 0.033 0.031 0.094 0.04 0.046 0.038 0.085 0.023;0.14 0.077 0.086 0.027 0.033 0.098 0.107 0.075 0.031 0.094 0.04 0.046 0.085 0.038 0.023;0.14 0.086 0.098 0.031 0.046 0.077 0.027 0.033 0.107 0.094 0.085 0.075 0.038 0.04 0.023;
0.152 0.064 0.098 0.106 0.088 0.084 0.028 0.056 0.033 0.077 0.028 0.039 0.042 0.07 0.035;0.152 0.064 0.084 0.028 0.056 0.098 0.106 0.088 0.033 0.077 0.028 0.039 0.07 0.042 0.035;0.152 0.084 0.098 0.033 0.039 0.064 0.028 0.056 0.106 0.077 0.07 0.088 0.042 0.028 0.035;
0.147 0.071 0.09 0.09 0.066 0.102 0.033 0.044 0.023 0.095 0.042 0.051 0.042 0.077 0.027;0.147 0.071 0.102 0.033 0.044 0.09 0.09 0.066 0.023 0.095 0.042 0.051 0.077 0.042 0.027;0.147 0.102 0.09 0.023 0.051 0.071 0.033 0.044 0.09 0.095 0.077 0.066 0.042 0.042 0.027;
0.138 0.084 0.097 0.111 0.073 0.083 0.032 0.042 0.031 0.074 0.043 0.058 0.033 0.075 0.026;0.138 0.084 0.083 0.032 0.042 0.097 0.111 0.073 0.031 0.074 0.043 0.058 0.075 0.033 0.026;0.138 0.083 0.097 0.031 0.058 0.084 0.032 0.042 0.111 0.074 0.075 0.073 0.033 0.043 0.026;
0.142 0.093 0.087 0.099 0.071 0.086 0.025 0.039 0.024 0.093 0.041 0.053 0.037 0.081 0.029;0.142 0.093 0.086 0.025 0.039 0.087 0.099 0.071 0.024 0.093 0.041 0.053 0.081 0.037 0.029;0.142 0.086 0.087 0.024 0.053 0.093 0.025 0.039 0.099 0.093 0.081 0.071 0.037 0.041 0.029;
0.152 0.09 0.081 0.113 0.067 0.09 0.027 0.048 0.021 0.078 0.05 0.038 0.033 0.08 0.032;0.152 0.09 0.09 0.027 0.048 0.081 0.113 0.067 0.021 0.078 0.05 0.038 0.08 0.033 0.032;0.152 0.09 0.081 0.021 0.038 0.09 0.027 0.048 0.113 0.078 0.08 0.067 0.033 0.05 0.032;
0.145 0.09 0.091 0.118 0.081 0.093 0.019 0.044 0.027 0.079 0.041 0.045 0.032 0.068 0.027;0.145 0.09 0.093 0.019 0.044 0.091 0.118 0.081 0.027 0.079 0.041 0.045 0.068 0.032 0.027;0.145 0.093 0.091 0.027 0.045 0.09 0.019 0.044 0.118 0.079 0.068 0.081 0.032 0.041 0.027;
0.127 0.086 0.089 0.111 0.084 0.089 0.027 0.038 0.034 0.081 0.038 0.053 0.034 0.069 0.04;0.127 0.086 0.089 0.027 0.038 0.089 0.111 0.084 0.034 0.081 0.038 0.053 0.069 0.034 0.04;0.127 0.089 0.089 0.034 0.053 0.086 0.027 0.038 0.111 0.081 0.069 0.084 0.034 0.038 0.04;
0.16 0.063 0.09 0.093 0.074 0.09 0.027 0.028 0.032 0.091 0.048 0.046 0.047 0.082 0.029;0.16 0.063 0.09 0.027 0.028 0.09 0.093 0.074 0.032 0.091 0.048 0.046 0.082 0.047 0.029;0.16 0.09 0.09 0.032 0.046 0.063 0.027 0.028 0.093 0.091 0.082 0.074 0.047 0.048 0.029;
0.136 0.082 0.095 0.114 0.085 0.088 0.026 0.039 0.02 0.091 0.046 0.043 0.035 0.073 0.027;0.136 0.082 0.088 0.026 0.039 0.095 0.114 0.085 0.02 0.091 0.046 0.043 0.073 0.035 0.027;0.136 0.088 0.095 0.02 0.043 0.082 0.026 0.039 0.114 0.091 0.073 0.085 0.035 0.046 0.027;
0.13 0.099 0.081 0.09 0.086 0.08 0.02 0.057 0.033 0.088 0.046 0.045 0.048 0.063 0.034;0.13 0.099 0.08 0.02 0.057 0.081 0.09 0.086 0.033 0.088 0.046 0.045 0.063 0.048 0.034;0.13 0.08 0.081 0.033 0.045 0.099 0.02 0.057 0.09 0.088 0.063 0.086 0.048 0.046 0.034;
0.143 0.081 0.092 0.094 0.06 0.091 0.028 0.036 0.025 0.082 0.044 0.041 0.045 0.094 0.044;0.143 0.081 0.091 0.028 0.036 0.092 0.094 0.06 0.025 0.082 0.044 0.041 0.094 0.045 0.044;0.143 0.091 0.092 0.025 0.041 0.081 0.028 0.036 0.094 0.082 0.094 0.06 0.045 0.044 0.044;
0.149 0.082 0.067 0.112 0.072 0.084 0.022 0.056 0.029 0.075 0.048 0.046 0.056 0.075 0.027;0.149 0.082 0.084 0.022 0.056 0.067 0.112 0.072 0.029 0.075 0.048 0.046 0.075 0.056 0.027;0.149 0.084 0.067 0.029 0.046 0.082 0.022 0.056 0.112 0.075 0.075 0.072 0.056 0.048 0.027;
0.143 0.076 0.088 0.107 0.065 0.115 0.022 0.044 0.029 0.086 0.037 0.041 0.041 0.07 0.036;0.143 0.076 0.115 0.022 0.044 0.088 0.107 0.065 0.029 0.086 0.037 0.041 0.07 0.041 0.036;0.143 0.115 0.088 0.029 0.041 0.076 0.022 0.044 0.107 0.086 0.07 0.065 0.041 0.037 0.036;
0.16 0.088 0.074 0.115 0.085 0.078 0.024 0.048 0.026 0.078 0.048 0.034 0.035 0.075 0.032;0.16 0.088 0.078 0.024 0.048 0.074 0.115 0.085 0.026 0.078 0.048 0.034 0.075 0.035 0.032;0.16 0.078 0.074 0.026 0.034 0.088 0.024 0.048 0.115 0.078 0.075 0.085 0.035 0.048 0.032;
0.144 0.08 0.085 0.109 0.075 0.086 0.037 0.045 0.019 0.085 0.04 0.041 0.05 0.082 0.022;0.144 0.08 0.086 0.037 0.045 0.085 0.109 0.075 0.019 0.085 0.04 0.041 0.082 0.05 0.022;0.144 0.086 0.085 0.019 0.041 0.08 0.037 0.045 0.109 0.085 0.082 0.075 0.05 0.04 0.022;
0.125 0.085 0.091 0.105 0.083 0.083 0.031 0.054 0.034 0.074 0.039 0.05 0.046 0.066 0.034;0.125 0.085 0.083 0.031 0.054 0.091 0.105 0.083 0.034 0.074 0.039 0.05 0.066 0.046 0.034;0.125 0.083 0.091 0.034 0.05 0.085 0.031 0.054 0.105 0.074 0.066 0.083 0.046 0.039 0.034;
0.154 0.09 0.074 0.097 0.072 0.079 0.034 0.054 0.033 0.09 0.044 0.054 0.039 0.062 0.024;0.154 0.09 0.079 0.034 0.054 0.074 0.097 0.072 0.033 0.09 0.044 0.054 0.062 0.039 0.024;0.154 0.079 0.074 0.033 0.054 0.09 0.034 0.054 0.097 0.09 0.062 0.072 0.039 0.044 0.024;
0.162 0.085 0.085 0.094 0.073 0.09 0.039 0.033 0.016 0.086 0.041 0.052 0.053 0.065 0.026;0.162 0.085 0.09 0.039 0.033 0.085 0.094 0.073 0.016 0.086 0.041 0.052 0.065 0.053 0.026;0.162 0.09 0.085 0.016 0.052 0.085 0.039 0.033 0.094 0.086 0.065 0.073 0.053 0.041 0.026;
0.152 0.095 0.097 0.107 0.083 0.068 0.027 0.039 0.032 0.088 0.04 0.039 0.041 0.065 0.027;0.152 0.095 0.068 0.027 0.039 0.097 0.107 0.083 0.032 0.088 0.04 0.039 0.065 0.041 0.027;0.152 0.068 0.097 0.032 0.039 0.095 0.027 0.039 0.107 0.088 0.065 0.083 0.041 0.04 0.027;
0.144 0.089 0.095 0.081 0.073 0.09 0.029 0.044 0.035 0.079 0.048 0.049 0.03 0.077 0.037;0.144 0.089 0.09 0.029 0.044 0.095 0.081 0.073 0.035 0.079 0.048 0.049 0.077 0.03 0.037;0.144 0.09 0.095 0.035 0.049 0.089 0.029 0.044 0.081 0.079 0.077 0.073 0.03 0.048 0.037;
0.122 0.093 0.085 0.088 0.092 0.089 0.037 0.057 0.029 0.07 0.044 0.045 0.038 0.081 0.03;0.122 0.093 0.089 0.037 0.057 0.085 0.088 0.092 0.029 0.07 0.044 0.045 0.081 0.038 0.03;0.122 0.089 0.085 0.029 0.045 0.093 0.037 0.057 0.088 0.07 0.081 0.092 0.038 0.044 0.03;
0.136 0.084 0.075 0.086 0.09 0.081 0.029 0.043 0.029 0.088 0.057 0.03 0.052 0.078 0.042;0.136 0.084 0.081 0.029 0.043 0.075 0.086 0.09 0.029 0.088 0.057 0.03 0.078 0.052 0.042;0.136 0.081 0.075 0.029 0.03 0.084 0.029 0.043 0.086 0.088 0.078 0.09 0.052 0.057 0.042;
0.134 0.086 0.085 0.09 0.093 0.083 0.031 0.065 0.024 0.078 0.039 0.04 0.042 0.081 0.029;0.134 0.086 0.083 0.031 0.065 0.085 0.09 0.093 0.024 0.078 0.039 0.04 0.081 0.042 0.029;0.134 0.083 0.085 0.024 0.04 0.086 0.031 0.065 0.09 0.078 0.081 0.093 0.042 0.039 0.029;
0.134 0.082 0.075 0.096 0.084 0.086 0.028 0.04 0.019 0.103 0.036 0.039 0.053 0.094 0.031;0.134 0.082 0.086 0.028 0.04 0.075 0.096 0.084 0.019 0.103 0.036 0.039 0.094 0.053 0.031;0.134 0.086 0.075 0.019 0.039 0.082 0.028 0.04 0.096 0.103 0.094 0.084 0.053 0.036 0.031;
0.148 0.095 0.089 0.084 0.091 0.08 0.031 0.04 0.028 0.085 0.042 0.039 0.03 0.089 0.029;0.148 0.095 0.08 0.031 0.04 0.089 0.084 0.091 0.028 0.085 0.042 0.039 0.089 0.03 0.029;0.148 0.08 0.089 0.028 0.039 0.095 0.031 0.04 0.084 0.085 0.089 0.091 0.03 0.042 0.029;
0.149 0.081 0.087 0.097 0.07 0.083 0.035 0.048 0.031 0.076 0.046 0.04 0.046 0.077 0.034;0.149 0.081 0.083 0.035 0.048 0.087 0.097 0.07 0.031 0.076 0.046 0.04 0.077 0.046 0.034;0.149 0.083 0.087 0.031 0.04 0.081 0.035 0.048 0.097 0.076 0.077 0.07 0.046 0.046 0.034;
0.134 0.082 0.087 0.096 0.08 0.093 0.029 0.057 0.031 0.076 0.041 0.046 0.036 0.084 0.028;0.134 0.082 0.093 0.029 0.057 0.087 0.096 0.08 0.031 0.076 0.041 0.046 0.084 0.036 0.028;0.134 0.093 0.087 0.031 0.046 0.082 0.029 0.057 0.096 0.076 0.084 0.08 0.036 0.041 0.028;
0.137 0.079 0.085 0.097 0.087 0.075 0.032 0.051 0.033 0.096 0.041 0.034 0.05 0.081 0.022;0.137 0.079 0.075 0.032 0.051 0.085 0.097 0.087 0.033 0.096 0.041 0.034 0.081 0.05 0.022;0.137 0.075 0.085 0.033 0.034 0.079 0.032 0.051 0.097 0.096 0.081 0.087 0.05 0.041 0.022;
0.16 0.079 0.074 0.087 0.084 0.087 0.036 0.054 0.022 0.075 0.052 0.046 0.03 0.081 0.033;0.16 0.079 0.087 0.036 0.054 0.074 0.087 0.084 0.022 0.075 0.052 0.046 0.081 0.03 0.033;0.16 0.087 0.074 0.022 0.046 0.079 0.036 0.054 0.087 0.075 0.081 0.084 0.03 0.052 0.033;
0.145 0.087 0.087 0.101 0.077 0.092 0.024 0.049 0.019 0.09 0.032 0.037 0.044 0.08 0.036;0.145 0.087 0.092 0.024 0.049 0.087 0.101 0.077 0.019 0.09 0.032 0.037 0.08 0.044 0.036;0.145 0.092 0.087 0.019 0.037 0.087 0.024 0.049 0.101 0.09 0.08 0.077 0.044 0.032 0.036;
0.136 0.086 0.078 0.095 0.074 0.103 0.021 0.044 0.03 0.089 0.045 0.051 0.046 0.074 0.028;0.136 0.086 0.103 0.021 0.044 0.078 0.095 0.074 0.03 0.089 0.045 0.051 0.074 0.046 0.028;0.136 0.103 0.078 0.03 0.051 0.086 0.021 0.044 0.095 0.089 0.074 0.074 0.046 0.045 0.028;
0.145 0.078 0.08 0.088 0.076 0.084 0.024 0.029 0.027 0.082 0.059 0.064 0.045 0.08 0.039;0.145 0.078 0.084 0.024 0.029 0.08 0.088 0.076 0.027 0.082 0.059 0.064 0.08 0.045 0.039;0.145 0.084 0.08 0.027 0.064 0.078 0.024 0.029 0.088 0.082 0.08 0.076 0.045 0.059 0.039;
0.137 0.085 0.08 0.092 0.086 0.077 0.034 0.046 0.034 0.079 0.044 0.048 0.045 0.081 0.032;0.137 0.085 0.077 0.034 0.046 0.08 0.092 0.086 0.034 0.079 0.044 0.048 0.081 0.045 0.032;0.137 0.077 0.08 0.034 0.048 0.085 0.034 0.046 0.092 0.079 0.081 0.086 0.045 0.044 0.032;
0.122 0.087 0.094 0.091 0.078 0.069 0.03 0.052 0.023 0.091 0.043 0.045 0.057 0.086 0.032;0.122 0.087 0.069 0.03 0.052 0.094 0.091 0.078 0.023 0.091 0.043 0.045 0.086 0.057 0.032;0.122 0.069 0.094 0.023 0.045 0.087 0.03 0.052 0.091 0.091 0.086 0.078 0.057 0.043 0.032;
0.154 0.09 0.083 0.08 0.081 0.083 0.025 0.036 0.029 0.095 0.039 0.036 0.054 0.083 0.032;0.154 0.09 0.083 0.025 0.036 0.083 0.08 0.081 0.029 0.095 0.039 0.036 0.083 0.054 0.032;0.154 0.083 0.083 0.029 0.036 0.09 0.025 0.036 0.08 0.095 0.083 0.081 0.054 0.039 0.032;
0.132 0.094 0.09 0.112 0.078 0.081 0.019 0.046 0.026 0.104 0.042 0.04 0.032 0.082 0.022;0.132 0.094 0.081 0.019 0.046 0.09 0.112 0.078 0.026 0.104 0.042 0.04 0.082 0.032 0.022;0.132 0.081 0.09 0.026 0.04 0.094 0.019 0.046 0.112 0.104 0.082 0.078 0.032 0.042 0.022;
0.156 0.081 0.093 0.101 0.105 0.071 0.031 0.04 0.027 0.074 0.038 0.043 0.048 0.066 0.026;0.156 0.081 0.071 0.031 0.04 0.093 0.101 0.105 0.027 0.074 0.038 0.043 0.066 0.048 0.026;0.156 0.071 0.093 0.027 0.043 0.081 0.031 0.04 0.101 0.074 0.066 0.105 0.048 0.038 0.026;
0.112 0.063 0.099 0.095 0.095 0.085 0.024 0.055 0.032 0.083 0.042 0.047 0.045 0.09 0.033;0.112 0.063 0.085 0.024 0.055 0.099 0.095 0.095 0.032 0.083 0.042 0.047 0.09 0.045 0.033;0.112 0.085 0.099 0.032 0.047 0.063 0.024 0.055 0.095 0.083 0.09 0.095 0.045 0.042 0.033;
0.154 0.081 0.079 0.094 0.092 0.087 0.03 0.037 0.036 0.086 0.053 0.043 0.032 0.071 0.025;0.154 0.081 0.087 0.03 0.037 0.079 0.094 0.092 0.036 0.086 0.053 0.043 0.071 0.032 0.025;0.154 0.087 0.079 0.036 0.043 0.081 0.03 0.037 0.094 0.086 0.071 0.092 0.032 0.053 0.025;
0.157 0.067 0.092 0.091 0.085 0.059 0.029 0.042 0.031 0.085 0.033 0.049 0.044 0.1 0.036;0.157 0.067 0.059 0.029 0.042 0.092 0.091 0.085 0.031 0.085 0.033 0.049 0.1 0.044 0.036;0.157 0.059 0.092 0.031 0.049 0.067 0.029 0.042 0.091 0.085 0.1 0.085 0.044 0.033 0.036;
0.117 0.073 0.09 0.106 0.082 0.094 0.027 0.048 0.024 0.084 0.042 0.058 0.053 0.068 0.034;0.117 0.073 0.094 0.027 0.048 0.09 0.106 0.082 0.024 0.084 0.042 0.058 0.068 0.053 0.034;0.117 0.094 0.09 0.024 0.058 0.073 0.027 0.048 0.106 0.084 0.068 0.082 0.053 0.042 0.034;
0.149 0.089 0.076 0.085 0.084 0.079 0.029 0.049 0.039 0.088 0.037 0.037 0.049 0.08 0.03;0.149 0.089 0.079 0.029 0.049 0.076 0.085 0.084 0.039 0.088 0.037 0.037 0.08 0.049 0.03;0.149 0.079 0.076 0.039 0.037 0.089 0.029 0.049 0.085 0.088 0.08 0.084 0.049 0.037 0.03;
0.134 0.087 0.09 0.095 0.075 0.083 0.018 0.044 0.031 0.101 0.057 0.048 0.034 0.074 0.029;0.134 0.087 0.083 0.018 0.044 0.09 0.095 0.075 0.031 0.101 0.057 0.048 0.074 0.034 0.029;0.134 0.083 0.09 0.031 0.048 0.087 0.018 0.044 0.095 0.101 0.074 0.075 0.034 0.057 0.029;
0.138 0.088 0.068 0.09 0.084 0.1 0.024 0.04 0.027 0.076 0.048 0.056 0.042 0.088 0.031;0.138 0.088 0.1 0.024 0.04 0.068 0.09 0.084 0.027 0.076 0.048 0.056 0.088 0.042 0.031;0.138 0.1 0.068 0.027 0.056 0.088 0.024 0.04 0.09 0.076 0.088 0.084 0.042 0.048 0.031;
0.122 0.083 0.092 0.093 0.074 0.091 0.028 0.046 0.032 0.095 0.047 0.048 0.047 0.079 0.023;0.122 0.083 0.091 0.028 0.046 0.092 0.093 0.074 0.032 0.095 0.047 0.048 0.079 0.047 0.023;0.122 0.091 0.092 0.032 0.048 0.083 0.028 0.046 0.093 0.095 0.079 0.074 0.047 0.047 0.023;
0.142 0.085 0.083 0.099 0.083 0.097 0.028 0.034 0.038 0.086 0.04 0.029 0.044 0.086 0.026;0.142 0.085 0.097 0.028 0.034 0.083 0.099 0.083 0.038 0.086 0.04 0.029 0.086 0.044 0.026;0.142 0.097 0.083 0.038 0.029 0.085 0.028 0.034 0.099 0.086 0.086 0.083 0.044 0.04 0.026;
0.147 0.084 0.083 0.108 0.086 0.08 0.019 0.04 0.031 0.081 0.043 0.037 0.043 0.09 0.028;0.147 0.084 0.08 0.019 0.04 0.083 0.108 0.086 0.031 0.081 0.043 0.037 0.09 0.043 0.028;0.147 0.08 0.083 0.031 0.037 0.084 0.019 0.04 0.108 0.081 0.09 0.086 0.043 0.043 0.028;
0.128 0.096 0.091 0.106 0.08 0.096 0.023 0.038 0.02 0.09 0.053 0.045 0.036 0.077 0.021;0.128 0.096 0.096 0.023 0.038 0.091 0.106 0.08 0.02 0.09 0.053 0.045 0.077 0.036 0.021;0.128 0.096 0.091 0.02 0.045 0.096 0.023 0.038 0.106 0.09 0.077 0.08 0.036 0.053 0.021;
0.143 0.078 0.09 0.111 0.087 0.088 0.022 0.045 0.026 0.087 0.049 0.042 0.041 0.067 0.024;0.143 0.078 0.088 0.022 0.045 0.09 0.111 0.087 0.026 0.087 0.049 0.042 0.067 0.041 0.024;0.143 0.088 0.09 0.026 0.042 0.078 0.022 0.045 0.111 0.087 0.067 0.087 0.041 0.049 0.024;
0.127 0.102 0.087 0.078 0.092 0.083 0.027 0.052 0.025 0.082 0.045 0.045 0.055 0.075 0.025;0.127 0.102 0.083 0.027 0.052 0.087 0.078 0.092 0.025 0.082 0.045 0.045 0.075 0.055 0.025;0.127 0.083 0.087 0.025 0.045 0.102 0.027 0.052 0.078 0.082 0.075 0.092 0.055 0.045 0.025;
0.15 0.073 0.068 0.072 0.085 0.084 0.025 0.065 0.033 0.102 0.051 0.041 0.037 0.082 0.032;0.15 0.073 0.084 0.025 0.065 0.068 0.072 0.085 0.033 0.102 0.051 0.041 0.082 0.037 0.032;0.15 0.084 0.068 0.033 0.041 0.073 0.025 0.065 0.072 0.102 0.082 0.085 0.037 0.051 0.032;
0.152 0.089 0.078 0.098 0.072 0.075 0.03 0.044 0.033 0.082 0.042 0.041 0.045 0.085 0.034;0.152 0.089 0.075 0.03 0.044 0.078 0.098 0.072 0.033 0.082 0.042 0.041 0.085 0.045 0.034;0.152 0.075 0.078 0.033 0.041 0.089 0.03 0.044 0.098 0.082 0.085 0.072 0.045 0.042 0.034;
0.136 0.088 0.094 0.112 0.085 0.088 0.031 0.043 0.021 0.085 0.046 0.047 0.033 0.066 0.025;0.136 0.088 0.088 0.031 0.043 0.094 0.112 0.085 0.021 0.085 0.046 0.047 0.066 0.033 0.025;0.136 0.088 0.094 0.021 0.047 0.088 0.031 0.043 0.112 0.085 0.066 0.085 0.033 0.046 0.025;
0.136 0.087 0.09 0.096 0.075 0.095 0.018 0.041 0.024 0.102 0.035 0.058 0.04 0.078 0.025;0.136 0.087 0.095 0.018 0.041 0.09 0.096 0.075 0.024 0.102 0.035 0.058 0.078 0.04 0.025;0.136 0.095 0.09 0.024 0.058 0.087 0.018 0.041 0.096 0.102 0.078 0.075 0.04 0.035 0.025;
0.152 0.077 0.09 0.112 0.088 0.079 0.027 0.034 0.028 0.076 0.055 0.038 0.04 0.076 0.028;0.152 0.077 0.079 0.027 0.034 0.09 0.112 0.088 0.028 0.076 0.055 0.038 0.076 0.04 0.028;0.152 0.079 0.09 0.028 0.038 0.077 0.027 0.034 0.112 0.076 0.076 0.088 0.04 0.055 0.028;
0.167 0.072 0.103 0.099 0.072 0.08 0.022 0.045 0.028 0.085 0.044 0.044 0.038 0.078 0.023;0.167 0.072 0.08 0.022 0.045 0.103 0.099 0.072 0.028 0.085 0.044 0.044 0.078 0.038 0.023;0.167 0.08 0.103 0.028 0.044 0.072 0.022 0.045 0.099 0.085 0.078 0.072 0.038 0.044 0.023;
0.14 0.084 0.081 0.106 0.078 0.084 0.023 0.045 0.028 0.091 0.043 0.049 0.045 0.075 0.028;0.14 0.084 0.084 0.023 0.045 0.081 0.106 0.078 0.028 0.091 0.043 0.049 0.075 0.045 0.028;0.14 0.084 0.081 0.028 0.049 0.084 0.023 0.045 0.106 0.091 0.075 0.078 0.045 0.043 0.028;
0.158 0.071 0.082 0.112 0.101 0.07 0.027 0.039 0.025 0.095 0.049 0.039 0.035 0.07 0.027;0.158 0.071 0.07 0.027 0.039 0.082 0.112 0.101 0.025 0.095 0.049 0.039 0.07 0.035 0.027;0.158 0.07 0.082 0.025 0.039 0.071 0.027 0.039 0.112 0.095 0.07 0.101 0.035 0.049 0.027;
0.143 0.088 0.081 0.099 0.075 0.095 0.021 0.043 0.022 0.086 0.035 0.055 0.056 0.072 0.029;0.143 0.088 0.095 0.021 0.043 0.081 0.099 0.075 0.022 0.086 0.035 0.055 0.072 0.056 0.029;0.143 0.095 0.081 0.022 0.055 0.088 0.021 0.043 0.099 0.086 0.072 0.075 0.056 0.035 0.029;
0.141 0.097 0.093 0.079 0.079 0.075 0.028 0.046 0.035 0.083 0.046 0.053 0.041 0.076 0.028;0.141 0.097 0.075 0.028 0.046 0.093 0.079 0.079 0.035 0.083 0.046 0.053 0.076 0.041 0.028;0.141 0.075 0.093 0.035 0.053 0.097 0.028 0.046 0.079 0.083 0.076 0.079 0.041 0.046 0.028;
0.136 0.079 0.088 0.105 0.076 0.074 0.029 0.047 0.029 0.086 0.058 0.03 0.048 0.082 0.033;0.136 0.079 0.074 0.029 0.047 0.088 0.105 0.076 0.029 0.086 0.058 0.03 0.082 0.048 0.033;0.136 0.074 0.088 0.029 0.03 0.079 0.029 0.047 0.105 0.086 0.082 0.076 0.048 0.058 0.033;
0.134 0.1 0.097 0.088 0.075 0.088 0.028 0.05 0.026 0.063 0.049 0.047 0.033 0.091 0.031;0.134 0.1 0.088 0.028 0.05 0.097 0.088 0.075 0.026 0.063 0.049 0.047 0.091 0.033 0.031;0.134 0.088 0.097 0.026 0.047 0.1 0.028 0.05 0.088 0.063 0.091 0.075 0.033 0.049 0.031;
0.142 0.091 0.089 0.077 0.07 0.089 0.032 0.044 0.038 0.086 0.042 0.041 0.04 0.091 0.028;0.142 0.091 0.089 0.032 0.044 0.089 0.077 0.07 0.038 0.086 0.042 0.041 0.091 0.04 0.028;0.142 0.089 0.089 0.038 0.041 0.091 0.032 0.044 0.077 0.086 0.091 0.07 0.04 0.042 0.028;
0.139 0.075 0.09 0.089 0.073 0.086 0.021 0.045 0.027 0.099 0.054 0.049 0.045 0.07 0.038;0.139 0.075 0.086 0.021 0.045 0.09 0.089 0.073 0.027 0.099 0.054 0.049 0.07 0.045 0.038;0.139 0.086 0.09 0.027 0.049 0.075 0.021 0.045 0.089 0.099 0.07 0.073 0.045 0.054 0.038;
0.146 0.097 0.092 0.082 0.079 0.098 0.022 0.042 0.022 0.092 0.037 0.042 0.045 0.073 0.031;0.146 0.097 0.098 0.022 0.042 0.092 0.082 0.079 0.022 0.092 0.037 0.042 0.073 0.045 0.031;0.146 0.098 0.092 0.022 0.042 0.097 0.022 0.042 0.082 0.092 0.073 0.079 0.045 0.037 0.031;
0.125 0.087 0.1 0.11 0.087 0.081 0.026 0.048 0.032 0.09 0.033 0.05 0.038 0.072 0.021;0.125 0.087 0.081 0.026 0.048 0.1 0.11 0.087 0.032 0.09 0.033 0.05 0.072 0.038 0.021;0.125 0.081 0.1 0.032 0.05 0.087 0.026 0.048 0.11 0.09 0.072 0.087 0.038 0.033 0.021;
0.149 0.08 0.079 0.1 0.079 0.08 0.031 0.048 0.029 0.083 0.034 0.045 0.045 0.087 0.031;0.149 0.08 0.08 0.031 0.048 0.079 0.1 0.079 0.029 0.083 0.034 0.045 0.087 0.045 0.031;0.149 0.08 0.079 0.029 0.045 0.08 0.031 0.048 0.1 0.083 0.087 0.079 0.045 0.034 0.031;
0.136 0.088 0.097 0.09 0.078 0.095 0.031 0.04 0.033 0.07 0.043 0.038 0.045 0.08 0.036;0.136 0.088 0.095 0.031 0.04 0.097 0.09 0.078 0.033 0.07 0.043 0.038 0.08 0.045 0.036;0.136 0.095 0.097 0.033 0.038 0.088 0.031 0.04 0.09 0.07 0.08 0.078 0.045 0.043 0.036;
0.123 0.069 0.079 0.119 0.095 0.077 0.025 0.056 0.035 0.083 0.056 0.03 0.037 0.08 0.036;0.123 0.069 0.077 0.025 0.056 0.079 0.119 0.095 0.035 0.083 0.056 0.03 0.08 0.037 0.036;0.123 0.077 0.079 0.035 0.03 0.069 0.025 0.056 0.119 0.083 0.08 0.095 0.037 0.056 0.036;
0.132 0.098 0.07 0.116 0.083 0.083 0.035 0.053 0.035 0.075 0.037 0.042 0.048 0.079 0.014;0.132 0.098 0.083 0.035 0.053 0.07 0.116 0.083 0.035 0.075 0.037 0.042 0.079 0.048 0.014;0.132 0.083 0.07 0.035 0.042 0.098 0.035 0.053 0.116 0.075 0.079 0.083 0.048 0.037 0.014;
0.126 0.088 0.102 0.097 0.066 0.104 0.03 0.04 0.024 0.094 0.042 0.034 0.041 0.071 0.041;0.126 0.088 0.104 0.03 0.04 0.102 0.097 0.066 0.024 0.094 0.042 0.034 0.071 0.041 0.041;0.126 0.104 0.102 0.024 0.034 0.088 0.03 0.04 0.097 0.094 0.071 0.066 0.041 0.042 0.041;
0.143 0.076 0.078 0.084 0.07 0.091 0.033 0.039 0.048 0.082 0.048 0.047 0.054 0.079 0.028;0.143 0.076 0.091 0.033 0.039 0.078 0.084 0.07 0.048 0.082 0.048 0.047 0.079 0.054 0.028;0.143 0.091 0.078 0.048 0.047 0.076 0.033 0.039 0.084 0.082 0.079 0.07 0.054 0.048 0.028;
0.14 0.095 0.082 0.106 0.098 0.079 0.025 0.044 0.029 0.093 0.033 0.036 0.034 0.067 0.039;0.14 0.095 0.079 0.025 0.044 0.082 0.106 0.098 0.029 0.093 0.033 0.036 0.067 0.034 0.039;0.14 0.079 0.082 0.029 0.036 0.095 0.025 0.044 0.106 0.093 0.067 0.098 0.034 0.033 0.039;
0.126 0.086 0.07 0.094 0.081 0.083 0.033 0.048 0.024 0.093 0.049 0.045 0.043 0.093 0.032;0.126 0.086 0.083 0.033 0.048 0.07 0.094 0.081 0.024 0.093 0.049 0.045 0.093 0.043 0.032;0.126 0.083 0.07 0.024 0.045 0.086 0.033 0.048 0.094 0.093 0.093 0.081 0.043 0.049 0.032;
0.144 0.088 0.1 0.101 0.075 0.086 0.032 0.06 0.028 0.078 0.039 0.03 0.032 0.079 0.028;0.144 0.088 0.086 0.032 0.06 0.1 0.101 0.075 0.028 0.078 0.039 0.03 0.079 0.032 0.028;0.144 0.086 0.1 0.028 0.03 0.088 0.032 0.06 0.101 0.078 0.079 0.075 0.032 0.039 0.028;
0.125 0.089 0.086 0.099 0.082 0.085 0.011 0.062 0.025 0.086 0.039 0.048 0.051 0.084 0.028;0.125 0.089 0.085 0.011 0.062 0.086 0.099 0.082 0.025 0.086 0.039 0.048 0.084 0.051 0.028;0.125 0.085 0.086 0.025 0.048 0.089 0.011 0.062 0.099 0.086 0.084 0.082 0.051 0.039 0.028];