pntP=[0.033 0.053 0.06 0.067 0.093 0.05 0.043 0.076 0.047 0.051 0.078 0.081 0.097 0.099 0.072;0.033 0.053 0.05 0.043 0.076 0.06 0.067 0.093 0.047 0.051 0.078 0.081 0.099 0.097 0.072;0.033 0.05 0.06 0.047 0.081 0.053 0.043 0.076 0.067 0.051 0.099 0.093 0.097 0.078 0.072;
0.031 0.074 0.056 0.057 0.113 0.052 0.039 0.075 0.037 0.052 0.061 0.088 0.071 0.113 0.081;0.031 0.074 0.052 0.039 0.075 0.056 0.057 0.113 0.037 0.052 0.061 0.088 0.113 0.071 0.081;0.031 0.052 0.056 0.037 0.088 0.074 0.039 0.075 0.057 0.052 0.113 0.113 0.071 0.061 0.081;
0.019 0.052 0.048 0.06 0.11 0.053 0.056 0.093 0.049 0.044 0.074 0.083 0.064 0.105 0.09;0.019 0.052 0.053 0.056 0.093 0.048 0.06 0.11 0.049 0.044 0.074 0.083 0.105 0.064 0.09;0.019 0.053 0.048 0.049 0.083 0.052 0.056 0.093 0.06 0.044 0.105 0.11 0.064 0.074 0.09;
0.024 0.069 0.048 0.061 0.093 0.061 0.043 0.075 0.04 0.051 0.072 0.08 0.08 0.127 0.076;0.024 0.069 0.061 0.043 0.075 0.048 0.061 0.093 0.04 0.051 0.072 0.08 0.127 0.08 0.076;0.024 0.061 0.048 0.04 0.08 0.069 0.043 0.075 0.061 0.051 0.127 0.093 0.08 0.072 0.076;
0.028 0.059 0.039 0.071 0.115 0.048 0.045 0.07 0.031 0.059 0.089 0.083 0.072 0.113 0.078;0.028 0.059 0.048 0.045 0.07 0.039 0.071 0.115 0.031 0.059 0.089 0.083 0.113 0.072 0.078;0.028 0.048 0.039 0.031 0.083 0.059 0.045 0.07 0.071 0.059 0.113 0.115 0.072 0.089 0.078;
0.032 0.055 0.056 0.076 0.089 0.065 0.043 0.076 0.041 0.041 0.075 0.079 0.084 0.098 0.09;0.032 0.055 0.065 0.043 0.076 0.056 0.076 0.089 0.041 0.041 0.075 0.079 0.098 0.084 0.09;0.032 0.065 0.056 0.041 0.079 0.055 0.043 0.076 0.076 0.041 0.098 0.089 0.084 0.075 0.09;
0.027 0.057 0.064 0.066 0.098 0.063 0.037 0.088 0.051 0.045 0.09 0.064 0.077 0.103 0.07;0.027 0.057 0.063 0.037 0.088 0.064 0.066 0.098 0.051 0.045 0.09 0.064 0.103 0.077 0.07;0.027 0.063 0.064 0.051 0.064 0.057 0.037 0.088 0.066 0.045 0.103 0.098 0.077 0.09 0.07;
0.033 0.064 0.036 0.072 0.122 0.061 0.043 0.082 0.037 0.057 0.075 0.072 0.07 0.1 0.076;0.033 0.064 0.061 0.043 0.082 0.036 0.072 0.122 0.037 0.057 0.075 0.072 0.1 0.07 0.076;0.033 0.061 0.036 0.037 0.072 0.064 0.043 0.082 0.072 0.057 0.1 0.122 0.07 0.075 0.076;
0.029 0.056 0.044 0.057 0.093 0.062 0.054 0.082 0.037 0.047 0.078 0.089 0.075 0.115 0.082;0.029 0.056 0.062 0.054 0.082 0.044 0.057 0.093 0.037 0.047 0.078 0.089 0.115 0.075 0.082;0.029 0.062 0.044 0.037 0.089 0.056 0.054 0.082 0.057 0.047 0.115 0.093 0.075 0.078 0.082;
0.027 0.055 0.053 0.046 0.101 0.064 0.048 0.087 0.058 0.038 0.086 0.066 0.082 0.089 0.1;0.027 0.055 0.064 0.048 0.087 0.053 0.046 0.101 0.058 0.038 0.086 0.066 0.089 0.082 0.1;0.027 0.064 0.053 0.058 0.066 0.055 0.048 0.087 0.046 0.038 0.089 0.101 0.082 0.086 0.1;
0.027 0.068 0.042 0.067 0.109 0.058 0.051 0.088 0.036 0.044 0.069 0.088 0.073 0.11 0.07;0.027 0.068 0.058 0.051 0.088 0.042 0.067 0.109 0.036 0.044 0.069 0.088 0.11 0.073 0.07;0.027 0.058 0.042 0.036 0.088 0.068 0.051 0.088 0.067 0.044 0.11 0.109 0.073 0.069 0.07;
0.026 0.047 0.051 0.071 0.097 0.065 0.046 0.093 0.037 0.063 0.074 0.072 0.072 0.102 0.084;0.026 0.047 0.065 0.046 0.093 0.051 0.071 0.097 0.037 0.063 0.074 0.072 0.102 0.072 0.084;0.026 0.065 0.051 0.037 0.072 0.047 0.046 0.093 0.071 0.063 0.102 0.097 0.072 0.074 0.084;
0.027 0.064 0.068 0.065 0.113 0.047 0.028 0.092 0.044 0.068 0.073 0.075 0.068 0.087 0.081;0.027 0.064 0.047 0.028 0.092 0.068 0.065 0.113 0.044 0.068 0.073 0.075 0.087 0.068 0.081;0.027 0.047 0.068 0.044 0.075 0.064 0.028 0.092 0.065 0.068 0.087 0.113 0.068 0.073 0.081;
0.03 0.054 0.064 0.057 0.099 0.066 0.052 0.077 0.041 0.034 0.096 0.09 0.073 0.097 0.07;0.03 0.054 0.066 0.052 0.077 0.064 0.057 0.099 0.041 0.034 0.096 0.09 0.097 0.073 0.07;0.03 0.066 0.064 0.041 0.09 0.054 0.052 0.077 0.057 0.034 0.097 0.099 0.073 0.096 0.07;
0.028 0.069 0.063 0.069 0.098 0.055 0.048 0.083 0.034 0.055 0.079 0.068 0.08 0.097 0.074;0.028 0.069 0.055 0.048 0.083 0.063 0.069 0.098 0.034 0.055 0.079 0.068 0.097 0.08 0.074;0.028 0.055 0.063 0.034 0.068 0.069 0.048 0.083 0.069 0.055 0.097 0.098 0.08 0.079 0.074;
0.019 0.064 0.046 0.056 0.107 0.061 0.049 0.075 0.051 0.063 0.075 0.076 0.082 0.101 0.075;0.019 0.064 0.061 0.049 0.075 0.046 0.056 0.107 0.051 0.063 0.075 0.076 0.101 0.082 0.075;0.019 0.061 0.046 0.051 0.076 0.064 0.049 0.075 0.056 0.063 0.101 0.107 0.082 0.075 0.075;
0.032 0.067 0.051 0.056 0.09 0.068 0.028 0.082 0.045 0.055 0.081 0.081 0.076 0.115 0.073;0.032 0.067 0.068 0.028 0.082 0.051 0.056 0.09 0.045 0.055 0.081 0.081 0.115 0.076 0.073;0.032 0.068 0.051 0.045 0.081 0.067 0.028 0.082 0.056 0.055 0.115 0.09 0.076 0.081 0.073;
0.026 0.055 0.057 0.064 0.101 0.056 0.039 0.101 0.052 0.05 0.082 0.083 0.065 0.096 0.073;0.026 0.055 0.056 0.039 0.101 0.057 0.064 0.101 0.052 0.05 0.082 0.083 0.096 0.065 0.073;0.026 0.056 0.057 0.052 0.083 0.055 0.039 0.101 0.064 0.05 0.096 0.101 0.065 0.082 0.073;
0.032 0.059 0.054 0.054 0.098 0.049 0.051 0.094 0.035 0.066 0.074 0.09 0.085 0.092 0.067;0.032 0.059 0.049 0.051 0.094 0.054 0.054 0.098 0.035 0.066 0.074 0.09 0.092 0.085 0.067;0.032 0.049 0.054 0.035 0.09 0.059 0.051 0.094 0.054 0.066 0.092 0.098 0.085 0.074 0.067;
0.026 0.054 0.061 0.077 0.116 0.058 0.042 0.086 0.042 0.05 0.082 0.068 0.076 0.086 0.076;0.026 0.054 0.058 0.042 0.086 0.061 0.077 0.116 0.042 0.05 0.082 0.068 0.086 0.076 0.076;0.026 0.058 0.061 0.042 0.068 0.054 0.042 0.086 0.077 0.05 0.086 0.116 0.076 0.082 0.076;
0.034 0.067 0.061 0.063 0.092 0.056 0.039 0.108 0.038 0.061 0.085 0.066 0.065 0.098 0.067;0.034 0.067 0.056 0.039 0.108 0.061 0.063 0.092 0.038 0.061 0.085 0.066 0.098 0.065 0.067;0.034 0.056 0.061 0.038 0.066 0.067 0.039 0.108 0.063 0.061 0.098 0.092 0.065 0.085 0.067;
0.033 0.064 0.05 0.051 0.095 0.079 0.05 0.099 0.036 0.04 0.085 0.071 0.078 0.099 0.07;0.033 0.064 0.079 0.05 0.099 0.05 0.051 0.095 0.036 0.04 0.085 0.071 0.099 0.078 0.07;0.033 0.079 0.05 0.036 0.071 0.064 0.05 0.099 0.051 0.04 0.099 0.095 0.078 0.085 0.07;
0.027 0.048 0.063 0.052 0.096 0.066 0.036 0.077 0.043 0.05 0.087 0.085 0.088 0.11 0.072;0.027 0.048 0.066 0.036 0.077 0.063 0.052 0.096 0.043 0.05 0.087 0.085 0.11 0.088 0.072;0.027 0.066 0.063 0.043 0.085 0.048 0.036 0.077 0.052 0.05 0.11 0.096 0.088 0.087 0.072;
0.028 0.048 0.043 0.073 0.109 0.061 0.051 0.07 0.04 0.057 0.075 0.078 0.079 0.1 0.088;0.028 0.048 0.061 0.051 0.07 0.043 0.073 0.109 0.04 0.057 0.075 0.078 0.1 0.079 0.088;0.028 0.061 0.043 0.04 0.078 0.048 0.051 0.07 0.073 0.057 0.1 0.109 0.079 0.075 0.088;
0.026 0.052 0.06 0.056 0.097 0.054 0.055 0.096 0.032 0.061 0.094 0.083 0.065 0.094 0.075;0.026 0.052 0.054 0.055 0.096 0.06 0.056 0.097 0.032 0.061 0.094 0.083 0.094 0.065 0.075;0.026 0.054 0.06 0.032 0.083 0.052 0.055 0.096 0.056 0.061 0.094 0.097 0.065 0.094 0.075;
0.022 0.059 0.057 0.059 0.113 0.061 0.035 0.092 0.031 0.042 0.069 0.083 0.078 0.128 0.071;0.022 0.059 0.061 0.035 0.092 0.057 0.059 0.113 0.031 0.042 0.069 0.083 0.128 0.078 0.071;0.022 0.061 0.057 0.031 0.083 0.059 0.035 0.092 0.059 0.042 0.128 0.113 0.078 0.069 0.071;
0.033 0.06 0.059 0.054 0.097 0.061 0.038 0.077 0.051 0.047 0.082 0.076 0.085 0.099 0.081;0.033 0.06 0.061 0.038 0.077 0.059 0.054 0.097 0.051 0.047 0.082 0.076 0.099 0.085 0.081;0.033 0.061 0.059 0.051 0.076 0.06 0.038 0.077 0.054 0.047 0.099 0.097 0.085 0.082 0.081;
0.031 0.069 0.034 0.076 0.1 0.057 0.037 0.083 0.042 0.052 0.084 0.077 0.068 0.103 0.087;0.031 0.069 0.057 0.037 0.083 0.034 0.076 0.1 0.042 0.052 0.084 0.077 0.103 0.068 0.087;0.031 0.057 0.034 0.042 0.077 0.069 0.037 0.083 0.076 0.052 0.103 0.1 0.068 0.084 0.087;
0.038 0.063 0.053 0.07 0.098 0.055 0.042 0.087 0.029 0.051 0.085 0.089 0.059 0.102 0.079;0.038 0.063 0.055 0.042 0.087 0.053 0.07 0.098 0.029 0.051 0.085 0.089 0.102 0.059 0.079;0.038 0.055 0.053 0.029 0.089 0.063 0.042 0.087 0.07 0.051 0.102 0.098 0.059 0.085 0.079;
0.026 0.065 0.064 0.07 0.098 0.057 0.043 0.092 0.044 0.043 0.079 0.079 0.062 0.105 0.073;0.026 0.065 0.057 0.043 0.092 0.064 0.07 0.098 0.044 0.043 0.079 0.079 0.105 0.062 0.073;0.026 0.057 0.064 0.044 0.079 0.065 0.043 0.092 0.07 0.043 0.105 0.098 0.062 0.079 0.073;
0.031 0.064 0.055 0.07 0.098 0.064 0.039 0.076 0.042 0.046 0.079 0.09 0.078 0.102 0.066;0.031 0.064 0.064 0.039 0.076 0.055 0.07 0.098 0.042 0.046 0.079 0.09 0.102 0.078 0.066;0.031 0.064 0.055 0.042 0.09 0.064 0.039 0.076 0.07 0.046 0.102 0.098 0.078 0.079 0.066;
0.025 0.06 0.053 0.069 0.115 0.043 0.033 0.095 0.046 0.048 0.097 0.086 0.063 0.092 0.075;0.025 0.06 0.043 0.033 0.095 0.053 0.069 0.115 0.046 0.048 0.097 0.086 0.092 0.063 0.075;0.025 0.043 0.053 0.046 0.086 0.06 0.033 0.095 0.069 0.048 0.092 0.115 0.063 0.097 0.075;
0.031 0.063 0.049 0.06 0.107 0.055 0.045 0.099 0.043 0.049 0.066 0.077 0.065 0.111 0.08;0.031 0.063 0.055 0.045 0.099 0.049 0.06 0.107 0.043 0.049 0.066 0.077 0.111 0.065 0.08;0.031 0.055 0.049 0.043 0.077 0.063 0.045 0.099 0.06 0.049 0.111 0.107 0.065 0.066 0.08;
0.027 0.049 0.049 0.06 0.106 0.053 0.043 0.086 0.045 0.055 0.085 0.09 0.091 0.09 0.071;0.027 0.049 0.053 0.043 0.086 0.049 0.06 0.106 0.045 0.055 0.085 0.09 0.09 0.091 0.071;0.027 0.053 0.049 0.045 0.09 0.049 0.043 0.086 0.06 0.055 0.09 0.106 0.091 0.085 0.071;
0.021 0.05 0.054 0.06 0.096 0.062 0.05 0.097 0.039 0.056 0.092 0.068 0.079 0.103 0.073;0.021 0.05 0.062 0.05 0.097 0.054 0.06 0.096 0.039 0.056 0.092 0.068 0.103 0.079 0.073;0.021 0.062 0.054 0.039 0.068 0.05 0.05 0.097 0.06 0.056 0.103 0.096 0.079 0.092 0.073;
0.025 0.046 0.048 0.06 0.114 0.061 0.053 0.072 0.049 0.053 0.082 0.093 0.076 0.105 0.063;0.025 0.046 0.061 0.053 0.072 0.048 0.06 0.114 0.049 0.053 0.082 0.093 0.105 0.076 0.063;0.025 0.061 0.048 0.049 0.093 0.046 0.053 0.072 0.06 0.053 0.105 0.114 0.076 0.082 0.063;
0.028 0.054 0.048 0.072 0.107 0.059 0.045 0.085 0.028 0.058 0.071 0.076 0.077 0.116 0.076;0.028 0.054 0.059 0.045 0.085 0.048 0.072 0.107 0.028 0.058 0.071 0.076 0.116 0.077 0.076;0.028 0.059 0.048 0.028 0.076 0.054 0.045 0.085 0.072 0.058 0.116 0.107 0.077 0.071 0.076;
0.028 0.059 0.059 0.068 0.095 0.054 0.034 0.091 0.053 0.055 0.083 0.078 0.065 0.109 0.069;0.028 0.059 0.054 0.034 0.091 0.059 0.068 0.095 0.053 0.055 0.083 0.078 0.109 0.065 0.069;0.028 0.054 0.059 0.053 0.078 0.059 0.034 0.091 0.068 0.055 0.109 0.095 0.065 0.083 0.069;
0.028 0.069 0.049 0.07 0.09 0.059 0.046 0.103 0.027 0.044 0.07 0.089 0.071 0.109 0.076;0.028 0.069 0.059 0.046 0.103 0.049 0.07 0.09 0.027 0.044 0.07 0.089 0.109 0.071 0.076;0.028 0.059 0.049 0.027 0.089 0.069 0.046 0.103 0.07 0.044 0.109 0.09 0.071 0.07 0.076;
0.037 0.061 0.054 0.068 0.105 0.051 0.037 0.078 0.046 0.044 0.075 0.074 0.084 0.104 0.082;0.037 0.061 0.051 0.037 0.078 0.054 0.068 0.105 0.046 0.044 0.075 0.074 0.104 0.084 0.082;0.037 0.051 0.054 0.046 0.074 0.061 0.037 0.078 0.068 0.044 0.104 0.105 0.084 0.075 0.082;
0.032 0.053 0.052 0.055 0.111 0.064 0.04 0.076 0.041 0.052 0.084 0.072 0.078 0.122 0.068;0.032 0.053 0.064 0.04 0.076 0.052 0.055 0.111 0.041 0.052 0.084 0.072 0.122 0.078 0.068;0.032 0.064 0.052 0.041 0.072 0.053 0.04 0.076 0.055 0.052 0.122 0.111 0.078 0.084 0.068;
0.025 0.051 0.063 0.056 0.124 0.055 0.035 0.092 0.051 0.053 0.072 0.077 0.069 0.106 0.071;0.025 0.051 0.055 0.035 0.092 0.063 0.056 0.124 0.051 0.053 0.072 0.077 0.106 0.069 0.071;0.025 0.055 0.063 0.051 0.077 0.051 0.035 0.092 0.056 0.053 0.106 0.124 0.069 0.072 0.071;
0.036 0.06 0.046 0.062 0.112 0.061 0.033 0.082 0.035 0.066 0.078 0.086 0.067 0.097 0.079;0.036 0.06 0.061 0.033 0.082 0.046 0.062 0.112 0.035 0.066 0.078 0.086 0.097 0.067 0.079;0.036 0.061 0.046 0.035 0.086 0.06 0.033 0.082 0.062 0.066 0.097 0.112 0.067 0.078 0.079;
0.023 0.055 0.061 0.057 0.112 0.053 0.049 0.076 0.033 0.059 0.086 0.088 0.078 0.1 0.07;0.023 0.055 0.053 0.049 0.076 0.061 0.057 0.112 0.033 0.059 0.086 0.088 0.1 0.078 0.07;0.023 0.053 0.061 0.033 0.088 0.055 0.049 0.076 0.057 0.059 0.1 0.112 0.078 0.086 0.07;
0.031 0.058 0.059 0.053 0.11 0.056 0.044 0.098 0.034 0.051 0.078 0.079 0.088 0.088 0.073;0.031 0.058 0.056 0.044 0.098 0.059 0.053 0.11 0.034 0.051 0.078 0.079 0.088 0.088 0.073;0.031 0.056 0.059 0.034 0.079 0.058 0.044 0.098 0.053 0.051 0.088 0.11 0.088 0.078 0.073;
0.029 0.044 0.047 0.07 0.1 0.066 0.041 0.099 0.044 0.065 0.068 0.076 0.07 0.09 0.091;0.029 0.044 0.066 0.041 0.099 0.047 0.07 0.1 0.044 0.065 0.068 0.076 0.09 0.07 0.091;0.029 0.066 0.047 0.044 0.076 0.044 0.041 0.099 0.07 0.065 0.09 0.1 0.07 0.068 0.091;
0.017 0.065 0.051 0.058 0.111 0.075 0.04 0.071 0.04 0.046 0.072 0.088 0.097 0.094 0.075;0.017 0.065 0.075 0.04 0.071 0.051 0.058 0.111 0.04 0.046 0.072 0.088 0.094 0.097 0.075;0.017 0.075 0.051 0.04 0.088 0.065 0.04 0.071 0.058 0.046 0.094 0.111 0.097 0.072 0.075;
0.037 0.066 0.055 0.074 0.093 0.062 0.043 0.092 0.04 0.036 0.085 0.066 0.076 0.102 0.073;0.037 0.066 0.062 0.043 0.092 0.055 0.074 0.093 0.04 0.036 0.085 0.066 0.102 0.076 0.073;0.037 0.062 0.055 0.04 0.066 0.066 0.043 0.092 0.074 0.036 0.102 0.093 0.076 0.085 0.073;
0.035 0.045 0.05 0.068 0.112 0.07 0.043 0.097 0.034 0.05 0.067 0.075 0.08 0.095 0.079;0.035 0.045 0.07 0.043 0.097 0.05 0.068 0.112 0.034 0.05 0.067 0.075 0.095 0.08 0.079;0.035 0.07 0.05 0.034 0.075 0.045 0.043 0.097 0.068 0.05 0.095 0.112 0.08 0.067 0.079;
0.035 0.061 0.05 0.07 0.096 0.082 0.03 0.08 0.041 0.056 0.077 0.063 0.075 0.103 0.081;0.035 0.061 0.082 0.03 0.08 0.05 0.07 0.096 0.041 0.056 0.077 0.063 0.103 0.075 0.081;0.035 0.082 0.05 0.041 0.063 0.061 0.03 0.08 0.07 0.056 0.103 0.096 0.075 0.077 0.081;
0.032 0.067 0.057 0.059 0.097 0.057 0.042 0.079 0.047 0.06 0.073 0.077 0.079 0.096 0.078;0.032 0.067 0.057 0.042 0.079 0.057 0.059 0.097 0.047 0.06 0.073 0.077 0.096 0.079 0.078;0.032 0.057 0.057 0.047 0.077 0.067 0.042 0.079 0.059 0.06 0.096 0.097 0.079 0.073 0.078;
0.031 0.044 0.055 0.077 0.083 0.066 0.048 0.098 0.043 0.051 0.086 0.078 0.068 0.094 0.078;0.031 0.044 0.066 0.048 0.098 0.055 0.077 0.083 0.043 0.051 0.086 0.078 0.094 0.068 0.078;0.031 0.066 0.055 0.043 0.078 0.044 0.048 0.098 0.077 0.051 0.094 0.083 0.068 0.086 0.078;
0.028 0.063 0.049 0.06 0.106 0.053 0.053 0.088 0.039 0.065 0.072 0.085 0.066 0.101 0.072;0.028 0.063 0.053 0.053 0.088 0.049 0.06 0.106 0.039 0.065 0.072 0.085 0.101 0.066 0.072;0.028 0.053 0.049 0.039 0.085 0.063 0.053 0.088 0.06 0.065 0.101 0.106 0.066 0.072 0.072;
0.033 0.062 0.056 0.072 0.101 0.048 0.054 0.092 0.035 0.049 0.058 0.071 0.077 0.117 0.075;0.033 0.062 0.048 0.054 0.092 0.056 0.072 0.101 0.035 0.049 0.058 0.071 0.117 0.077 0.075;0.033 0.048 0.056 0.035 0.071 0.062 0.054 0.092 0.072 0.049 0.117 0.101 0.077 0.058 0.075;
0.029 0.057 0.057 0.061 0.088 0.06 0.044 0.095 0.051 0.048 0.09 0.068 0.077 0.094 0.081;0.029 0.057 0.06 0.044 0.095 0.057 0.061 0.088 0.051 0.048 0.09 0.068 0.094 0.077 0.081;0.029 0.06 0.057 0.051 0.068 0.057 0.044 0.095 0.061 0.048 0.094 0.088 0.077 0.09 0.081;
0.023 0.065 0.05 0.055 0.104 0.069 0.044 0.082 0.044 0.051 0.082 0.083 0.075 0.098 0.075;0.023 0.065 0.069 0.044 0.082 0.05 0.055 0.104 0.044 0.051 0.082 0.083 0.098 0.075 0.075;0.023 0.069 0.05 0.044 0.083 0.065 0.044 0.082 0.055 0.051 0.098 0.104 0.075 0.082 0.075;
0.025 0.06 0.047 0.071 0.108 0.046 0.055 0.09 0.045 0.053 0.075 0.081 0.081 0.089 0.074;0.025 0.06 0.046 0.055 0.09 0.047 0.071 0.108 0.045 0.053 0.075 0.081 0.089 0.081 0.074;0.025 0.046 0.047 0.045 0.081 0.06 0.055 0.09 0.071 0.053 0.089 0.108 0.081 0.075 0.074;
0.019 0.071 0.053 0.064 0.103 0.068 0.056 0.077 0.036 0.063 0.074 0.074 0.074 0.086 0.082;0.019 0.071 0.068 0.056 0.077 0.053 0.064 0.103 0.036 0.063 0.074 0.074 0.086 0.074 0.082;0.019 0.068 0.053 0.036 0.074 0.071 0.056 0.077 0.064 0.063 0.086 0.103 0.074 0.074 0.082;
0.029 0.061 0.044 0.066 0.099 0.063 0.035 0.081 0.042 0.05 0.092 0.085 0.078 0.094 0.081;0.029 0.061 0.063 0.035 0.081 0.044 0.066 0.099 0.042 0.05 0.092 0.085 0.094 0.078 0.081;0.029 0.063 0.044 0.042 0.085 0.061 0.035 0.081 0.066 0.05 0.094 0.099 0.078 0.092 0.081;
0.027 0.067 0.054 0.067 0.115 0.059 0.047 0.085 0.031 0.045 0.076 0.07 0.072 0.112 0.073;0.027 0.067 0.059 0.047 0.085 0.054 0.067 0.115 0.031 0.045 0.076 0.07 0.112 0.072 0.073;0.027 0.059 0.054 0.031 0.07 0.067 0.047 0.085 0.067 0.045 0.112 0.115 0.072 0.076 0.073;
0.025 0.064 0.057 0.055 0.103 0.054 0.042 0.087 0.04 0.045 0.077 0.087 0.079 0.099 0.086;0.025 0.064 0.054 0.042 0.087 0.057 0.055 0.103 0.04 0.045 0.077 0.087 0.099 0.079 0.086;0.025 0.054 0.057 0.04 0.087 0.064 0.042 0.087 0.055 0.045 0.099 0.103 0.079 0.077 0.086;
0.025 0.065 0.048 0.066 0.101 0.053 0.045 0.087 0.037 0.041 0.088 0.089 0.066 0.107 0.082;0.025 0.065 0.053 0.045 0.087 0.048 0.066 0.101 0.037 0.041 0.088 0.089 0.107 0.066 0.082;0.025 0.053 0.048 0.037 0.089 0.065 0.045 0.087 0.066 0.041 0.107 0.101 0.066 0.088 0.082;
0.031 0.053 0.05 0.07 0.091 0.067 0.033 0.078 0.039 0.044 0.078 0.082 0.085 0.113 0.086;0.031 0.053 0.067 0.033 0.078 0.05 0.07 0.091 0.039 0.044 0.078 0.082 0.113 0.085 0.086;0.031 0.067 0.05 0.039 0.082 0.053 0.033 0.078 0.07 0.044 0.113 0.091 0.085 0.078 0.086;
0.027 0.05 0.048 0.073 0.087 0.069 0.05 0.088 0.043 0.052 0.07 0.093 0.059 0.107 0.084;0.027 0.05 0.069 0.05 0.088 0.048 0.073 0.087 0.043 0.052 0.07 0.093 0.107 0.059 0.084;0.027 0.069 0.048 0.043 0.093 0.05 0.05 0.088 0.073 0.052 0.107 0.087 0.059 0.07 0.084;
0.032 0.059 0.048 0.061 0.101 0.066 0.053 0.092 0.037 0.053 0.066 0.086 0.072 0.105 0.069;0.032 0.059 0.066 0.053 0.092 0.048 0.061 0.101 0.037 0.053 0.066 0.086 0.105 0.072 0.069;0.032 0.066 0.048 0.037 0.086 0.059 0.053 0.092 0.061 0.053 0.105 0.101 0.072 0.066 0.069;
0.033 0.063 0.049 0.076 0.101 0.067 0.039 0.075 0.037 0.054 0.07 0.069 0.092 0.09 0.085;0.033 0.063 0.067 0.039 0.075 0.049 0.076 0.101 0.037 0.054 0.07 0.069 0.09 0.092 0.085;0.033 0.067 0.049 0.037 0.069 0.063 0.039 0.075 0.076 0.054 0.09 0.101 0.092 0.07 0.085;
0.043 0.049 0.046 0.063 0.085 0.064 0.036 0.099 0.029 0.056 0.09 0.088 0.073 0.096 0.083;0.043 0.049 0.064 0.036 0.099 0.046 0.063 0.085 0.029 0.056 0.09 0.088 0.096 0.073 0.083;0.043 0.064 0.046 0.029 0.088 0.049 0.036 0.099 0.063 0.056 0.096 0.085 0.073 0.09 0.083;
0.031 0.054 0.045 0.082 0.092 0.074 0.033 0.082 0.041 0.034 0.078 0.109 0.076 0.095 0.074;0.031 0.054 0.074 0.033 0.082 0.045 0.082 0.092 0.041 0.034 0.078 0.109 0.095 0.076 0.074;0.031 0.074 0.045 0.041 0.109 0.054 0.033 0.082 0.082 0.034 0.095 0.092 0.076 0.078 0.074;
0.031 0.059 0.046 0.075 0.093 0.076 0.046 0.092 0.035 0.05 0.078 0.069 0.081 0.109 0.06;0.031 0.059 0.076 0.046 0.092 0.046 0.075 0.093 0.035 0.05 0.078 0.069 0.109 0.081 0.06;0.031 0.076 0.046 0.035 0.069 0.059 0.046 0.092 0.075 0.05 0.109 0.093 0.081 0.078 0.06;
0.025 0.07 0.042 0.082 0.087 0.057 0.047 0.111 0.038 0.049 0.083 0.077 0.07 0.092 0.07;0.025 0.07 0.057 0.047 0.111 0.042 0.082 0.087 0.038 0.049 0.083 0.077 0.092 0.07 0.07;0.025 0.057 0.042 0.038 0.077 0.07 0.047 0.111 0.082 0.049 0.092 0.087 0.07 0.083 0.07;
0.021 0.052 0.051 0.064 0.097 0.053 0.05 0.099 0.036 0.049 0.069 0.084 0.062 0.11 0.103;0.021 0.052 0.053 0.05 0.099 0.051 0.064 0.097 0.036 0.049 0.069 0.084 0.11 0.062 0.103;0.021 0.053 0.051 0.036 0.084 0.052 0.05 0.099 0.064 0.049 0.11 0.097 0.062 0.069 0.103;
0.018 0.059 0.052 0.068 0.121 0.058 0.039 0.097 0.036 0.049 0.072 0.056 0.086 0.103 0.086;0.018 0.059 0.058 0.039 0.097 0.052 0.068 0.121 0.036 0.049 0.072 0.056 0.103 0.086 0.086;0.018 0.058 0.052 0.036 0.056 0.059 0.039 0.097 0.068 0.049 0.103 0.121 0.086 0.072 0.086;
0.031 0.065 0.061 0.065 0.098 0.057 0.038 0.082 0.033 0.063 0.075 0.075 0.064 0.112 0.081;0.031 0.065 0.057 0.038 0.082 0.061 0.065 0.098 0.033 0.063 0.075 0.075 0.112 0.064 0.081;0.031 0.057 0.061 0.033 0.075 0.065 0.038 0.082 0.065 0.063 0.112 0.098 0.064 0.075 0.081;
0.019 0.057 0.047 0.069 0.105 0.062 0.044 0.092 0.042 0.055 0.077 0.071 0.081 0.096 0.083;0.019 0.057 0.062 0.044 0.092 0.047 0.069 0.105 0.042 0.055 0.077 0.071 0.096 0.081 0.083;0.019 0.062 0.047 0.042 0.071 0.057 0.044 0.092 0.069 0.055 0.096 0.105 0.081 0.077 0.083;
0.026 0.055 0.052 0.055 0.094 0.072 0.036 0.111 0.043 0.058 0.082 0.075 0.067 0.096 0.078;0.026 0.055 0.072 0.036 0.111 0.052 0.055 0.094 0.043 0.058 0.082 0.075 0.096 0.067 0.078;0.026 0.072 0.052 0.043 0.075 0.055 0.036 0.111 0.055 0.058 0.096 0.094 0.067 0.082 0.078;
0.028 0.058 0.05 0.072 0.102 0.064 0.051 0.076 0.043 0.056 0.07 0.079 0.078 0.091 0.082;0.028 0.058 0.064 0.051 0.076 0.05 0.072 0.102 0.043 0.056 0.07 0.079 0.091 0.078 0.082;0.028 0.064 0.05 0.043 0.079 0.058 0.051 0.076 0.072 0.056 0.091 0.102 0.078 0.07 0.082;
0.031 0.071 0.054 0.066 0.116 0.061 0.03 0.084 0.03 0.049 0.076 0.062 0.088 0.103 0.079;0.031 0.071 0.061 0.03 0.084 0.054 0.066 0.116 0.03 0.049 0.076 0.062 0.103 0.088 0.079;0.031 0.061 0.054 0.03 0.062 0.071 0.03 0.084 0.066 0.049 0.103 0.116 0.088 0.076 0.079;
0.03 0.06 0.05 0.07 0.099 0.06 0.046 0.082 0.036 0.062 0.061 0.083 0.077 0.097 0.087;0.03 0.06 0.06 0.046 0.082 0.05 0.07 0.099 0.036 0.062 0.061 0.083 0.097 0.077 0.087;0.03 0.06 0.05 0.036 0.083 0.06 0.046 0.082 0.07 0.062 0.097 0.099 0.077 0.061 0.087;
0.027 0.056 0.044 0.063 0.084 0.058 0.044 0.099 0.042 0.07 0.082 0.073 0.072 0.095 0.091;0.027 0.056 0.058 0.044 0.099 0.044 0.063 0.084 0.042 0.07 0.082 0.073 0.095 0.072 0.091;0.027 0.058 0.044 0.042 0.073 0.056 0.044 0.099 0.063 0.07 0.095 0.084 0.072 0.082 0.091;
0.032 0.062 0.05 0.063 0.119 0.064 0.041 0.083 0.037 0.045 0.072 0.086 0.071 0.087 0.088;0.032 0.062 0.064 0.041 0.083 0.05 0.063 0.119 0.037 0.045 0.072 0.086 0.087 0.071 0.088;0.032 0.064 0.05 0.037 0.086 0.062 0.041 0.083 0.063 0.045 0.087 0.119 0.071 0.072 0.088;
0.033 0.065 0.049 0.075 0.098 0.044 0.034 0.082 0.037 0.05 0.085 0.082 0.092 0.097 0.077;0.033 0.065 0.044 0.034 0.082 0.049 0.075 0.098 0.037 0.05 0.085 0.082 0.097 0.092 0.077;0.033 0.044 0.049 0.037 0.082 0.065 0.034 0.082 0.075 0.05 0.097 0.098 0.092 0.085 0.077;
0.037 0.059 0.06 0.06 0.1 0.072 0.042 0.091 0.032 0.047 0.071 0.071 0.082 0.106 0.07;0.037 0.059 0.072 0.042 0.091 0.06 0.06 0.1 0.032 0.047 0.071 0.071 0.106 0.082 0.07;0.037 0.072 0.06 0.032 0.071 0.059 0.042 0.091 0.06 0.047 0.106 0.1 0.082 0.071 0.07;
0.029 0.057 0.042 0.069 0.115 0.065 0.054 0.091 0.044 0.039 0.077 0.067 0.072 0.096 0.083;0.029 0.057 0.065 0.054 0.091 0.042 0.069 0.115 0.044 0.039 0.077 0.067 0.096 0.072 0.083;0.029 0.065 0.042 0.044 0.067 0.057 0.054 0.091 0.069 0.039 0.096 0.115 0.072 0.077 0.083;
0.016 0.062 0.045 0.081 0.105 0.048 0.041 0.091 0.04 0.06 0.065 0.088 0.075 0.094 0.089;0.016 0.062 0.048 0.041 0.091 0.045 0.081 0.105 0.04 0.06 0.065 0.088 0.094 0.075 0.089;0.016 0.048 0.045 0.04 0.088 0.062 0.041 0.091 0.081 0.06 0.094 0.105 0.075 0.065 0.089;
0.033 0.056 0.052 0.057 0.084 0.063 0.054 0.074 0.049 0.057 0.072 0.088 0.086 0.104 0.071;0.033 0.056 0.063 0.054 0.074 0.052 0.057 0.084 0.049 0.057 0.072 0.088 0.104 0.086 0.071;0.033 0.063 0.052 0.049 0.088 0.056 0.054 0.074 0.057 0.057 0.104 0.084 0.086 0.072 0.071;
0.033 0.053 0.044 0.056 0.099 0.062 0.036 0.09 0.04 0.064 0.096 0.079 0.07 0.103 0.075;0.033 0.053 0.062 0.036 0.09 0.044 0.056 0.099 0.04 0.064 0.096 0.079 0.103 0.07 0.075;0.033 0.062 0.044 0.04 0.079 0.053 0.036 0.09 0.056 0.064 0.103 0.099 0.07 0.096 0.075;
0.037 0.071 0.053 0.064 0.083 0.06 0.036 0.099 0.042 0.058 0.082 0.069 0.076 0.099 0.071;0.037 0.071 0.06 0.036 0.099 0.053 0.064 0.083 0.042 0.058 0.082 0.069 0.099 0.076 0.071;0.037 0.06 0.053 0.042 0.069 0.071 0.036 0.099 0.064 0.058 0.099 0.083 0.076 0.082 0.071;
0.023 0.061 0.054 0.05 0.113 0.054 0.041 0.087 0.037 0.045 0.088 0.09 0.072 0.098 0.087;0.023 0.061 0.054 0.041 0.087 0.054 0.05 0.113 0.037 0.045 0.088 0.09 0.098 0.072 0.087;0.023 0.054 0.054 0.037 0.09 0.061 0.041 0.087 0.05 0.045 0.098 0.113 0.072 0.088 0.087;
0.024 0.081 0.058 0.074 0.076 0.052 0.061 0.097 0.035 0.061 0.079 0.06 0.078 0.087 0.077;0.024 0.081 0.052 0.061 0.097 0.058 0.074 0.076 0.035 0.061 0.079 0.06 0.087 0.078 0.077;0.024 0.052 0.058 0.035 0.06 0.081 0.061 0.097 0.074 0.061 0.087 0.076 0.078 0.079 0.077;
0.026 0.056 0.048 0.055 0.104 0.064 0.042 0.097 0.041 0.054 0.087 0.085 0.059 0.097 0.085;0.026 0.056 0.064 0.042 0.097 0.048 0.055 0.104 0.041 0.054 0.087 0.085 0.097 0.059 0.085;0.026 0.064 0.048 0.041 0.085 0.056 0.042 0.097 0.055 0.054 0.097 0.104 0.059 0.087 0.085;
0.023 0.058 0.051 0.065 0.109 0.066 0.035 0.091 0.047 0.046 0.075 0.079 0.076 0.101 0.078;0.023 0.058 0.066 0.035 0.091 0.051 0.065 0.109 0.047 0.046 0.075 0.079 0.101 0.076 0.078;0.023 0.066 0.051 0.047 0.079 0.058 0.035 0.091 0.065 0.046 0.101 0.109 0.076 0.075 0.078;
0.021 0.059 0.052 0.072 0.083 0.061 0.049 0.083 0.058 0.035 0.078 0.078 0.098 0.101 0.072;0.021 0.059 0.061 0.049 0.083 0.052 0.072 0.083 0.058 0.035 0.078 0.078 0.101 0.098 0.072;0.021 0.061 0.052 0.058 0.078 0.059 0.049 0.083 0.072 0.035 0.101 0.083 0.098 0.078 0.072;
0.026 0.072 0.045 0.066 0.094 0.069 0.042 0.087 0.04 0.054 0.081 0.094 0.075 0.089 0.066;0.026 0.072 0.069 0.042 0.087 0.045 0.066 0.094 0.04 0.054 0.081 0.094 0.089 0.075 0.066;0.026 0.069 0.045 0.04 0.094 0.072 0.042 0.087 0.066 0.054 0.089 0.094 0.075 0.081 0.066;
0.021 0.055 0.057 0.073 0.104 0.051 0.042 0.107 0.034 0.058 0.068 0.08 0.076 0.104 0.07;0.021 0.055 0.051 0.042 0.107 0.057 0.073 0.104 0.034 0.058 0.068 0.08 0.104 0.076 0.07;0.021 0.051 0.057 0.034 0.08 0.055 0.042 0.107 0.073 0.058 0.104 0.104 0.076 0.068 0.07;
0.03 0.066 0.049 0.058 0.1 0.054 0.048 0.089 0.046 0.054 0.08 0.071 0.067 0.11 0.078;0.03 0.066 0.054 0.048 0.089 0.049 0.058 0.1 0.046 0.054 0.08 0.071 0.11 0.067 0.078;0.03 0.054 0.049 0.046 0.071 0.066 0.048 0.089 0.058 0.054 0.11 0.1 0.067 0.08 0.078;
0.028 0.056 0.047 0.056 0.11 0.062 0.048 0.095 0.043 0.054 0.07 0.08 0.061 0.106 0.084;0.028 0.056 0.062 0.048 0.095 0.047 0.056 0.11 0.043 0.054 0.07 0.08 0.106 0.061 0.084;0.028 0.062 0.047 0.043 0.08 0.056 0.048 0.095 0.056 0.054 0.106 0.11 0.061 0.07 0.084;
0.032 0.049 0.052 0.064 0.092 0.08 0.046 0.097 0.034 0.044 0.058 0.076 0.084 0.109 0.083;0.032 0.049 0.08 0.046 0.097 0.052 0.064 0.092 0.034 0.044 0.058 0.076 0.109 0.084 0.083;0.032 0.08 0.052 0.034 0.076 0.049 0.046 0.097 0.064 0.044 0.109 0.092 0.084 0.058 0.083;
0.034 0.065 0.057 0.064 0.1 0.058 0.041 0.075 0.04 0.049 0.075 0.082 0.095 0.092 0.073;0.034 0.065 0.058 0.041 0.075 0.057 0.064 0.1 0.04 0.049 0.075 0.082 0.092 0.095 0.073;0.034 0.058 0.057 0.04 0.082 0.065 0.041 0.075 0.064 0.049 0.092 0.1 0.095 0.075 0.073;
0.021 0.068 0.056 0.065 0.089 0.061 0.05 0.093 0.042 0.037 0.079 0.08 0.077 0.098 0.084;0.021 0.068 0.061 0.05 0.093 0.056 0.065 0.089 0.042 0.037 0.079 0.08 0.098 0.077 0.084;0.021 0.061 0.056 0.042 0.08 0.068 0.05 0.093 0.065 0.037 0.098 0.089 0.077 0.079 0.084;
0.028 0.062 0.055 0.058 0.113 0.067 0.04 0.098 0.034 0.06 0.065 0.073 0.073 0.094 0.08;0.028 0.062 0.067 0.04 0.098 0.055 0.058 0.113 0.034 0.06 0.065 0.073 0.094 0.073 0.08;0.028 0.067 0.055 0.034 0.073 0.062 0.04 0.098 0.058 0.06 0.094 0.113 0.073 0.065 0.08];