pntP=[0.037 0.056 0.036 0.061 0.107 0.049 0.059 0.094 0.048 0.054 0.07 0.087 0.076 0.097 0.069;0.037 0.056 0.049 0.059 0.094 0.036 0.061 0.107 0.048 0.054 0.07 0.087 0.097 0.076 0.069;0.037 0.049 0.036 0.048 0.087 0.056 0.059 0.094 0.061 0.054 0.097 0.107 0.076 0.07 0.069;
0.015 0.05 0.056 0.054 0.101 0.071 0.046 0.086 0.044 0.051 0.088 0.088 0.078 0.09 0.082;0.015 0.05 0.071 0.046 0.086 0.056 0.054 0.101 0.044 0.051 0.088 0.088 0.09 0.078 0.082;0.015 0.071 0.056 0.044 0.088 0.05 0.046 0.086 0.054 0.051 0.09 0.101 0.078 0.088 0.082;
0.021 0.065 0.05 0.06 0.087 0.065 0.038 0.078 0.041 0.047 0.074 0.086 0.082 0.13 0.076;0.021 0.065 0.065 0.038 0.078 0.05 0.06 0.087 0.041 0.047 0.074 0.086 0.13 0.082 0.076;0.021 0.065 0.05 0.041 0.086 0.065 0.038 0.078 0.06 0.047 0.13 0.087 0.082 0.074 0.076;
0.03 0.047 0.048 0.059 0.113 0.047 0.045 0.07 0.052 0.05 0.083 0.091 0.08 0.109 0.076;0.03 0.047 0.047 0.045 0.07 0.048 0.059 0.113 0.052 0.05 0.083 0.091 0.109 0.08 0.076;0.03 0.047 0.048 0.052 0.091 0.047 0.045 0.07 0.059 0.05 0.109 0.113 0.08 0.083 0.076;
0.026 0.063 0.055 0.065 0.094 0.049 0.04 0.09 0.046 0.058 0.078 0.069 0.079 0.11 0.078;0.026 0.063 0.049 0.04 0.09 0.055 0.065 0.094 0.046 0.058 0.078 0.069 0.11 0.079 0.078;0.026 0.049 0.055 0.046 0.069 0.063 0.04 0.09 0.065 0.058 0.11 0.094 0.079 0.078 0.078;
0.03 0.058 0.054 0.06 0.089 0.052 0.04 0.111 0.04 0.049 0.073 0.095 0.071 0.089 0.089;0.03 0.058 0.052 0.04 0.111 0.054 0.06 0.089 0.04 0.049 0.073 0.095 0.089 0.071 0.089;0.03 0.052 0.054 0.04 0.095 0.058 0.04 0.111 0.06 0.049 0.089 0.089 0.071 0.073 0.089;
0.025 0.06 0.046 0.066 0.107 0.045 0.044 0.084 0.037 0.054 0.087 0.073 0.094 0.096 0.082;0.025 0.06 0.045 0.044 0.084 0.046 0.066 0.107 0.037 0.054 0.087 0.073 0.096 0.094 0.082;0.025 0.045 0.046 0.037 0.073 0.06 0.044 0.084 0.066 0.054 0.096 0.107 0.094 0.087 0.082;
0.028 0.041 0.06 0.062 0.114 0.058 0.046 0.079 0.043 0.051 0.075 0.081 0.087 0.1 0.075;0.028 0.041 0.058 0.046 0.079 0.06 0.062 0.114 0.043 0.051 0.075 0.081 0.1 0.087 0.075;0.028 0.058 0.06 0.043 0.081 0.041 0.046 0.079 0.062 0.051 0.1 0.114 0.087 0.075 0.075;
0.026 0.067 0.044 0.056 0.106 0.043 0.036 0.096 0.038 0.046 0.096 0.078 0.091 0.093 0.084;0.026 0.067 0.043 0.036 0.096 0.044 0.056 0.106 0.038 0.046 0.096 0.078 0.093 0.091 0.084;0.026 0.043 0.044 0.038 0.078 0.067 0.036 0.096 0.056 0.046 0.093 0.106 0.091 0.096 0.084;
0.022 0.066 0.05 0.062 0.108 0.049 0.05 0.088 0.041 0.056 0.087 0.069 0.074 0.096 0.082;0.022 0.066 0.049 0.05 0.088 0.05 0.062 0.108 0.041 0.056 0.087 0.069 0.096 0.074 0.082;0.022 0.049 0.05 0.041 0.069 0.066 0.05 0.088 0.062 0.056 0.096 0.108 0.074 0.087 0.082;
0.031 0.079 0.048 0.055 0.099 0.044 0.044 0.083 0.03 0.045 0.066 0.101 0.091 0.104 0.08;0.031 0.079 0.044 0.044 0.083 0.048 0.055 0.099 0.03 0.045 0.066 0.101 0.104 0.091 0.08;0.031 0.044 0.048 0.03 0.101 0.079 0.044 0.083 0.055 0.045 0.104 0.099 0.091 0.066 0.08;
0.014 0.057 0.047 0.053 0.106 0.057 0.037 0.091 0.026 0.057 0.08 0.084 0.085 0.109 0.097;0.014 0.057 0.057 0.037 0.091 0.047 0.053 0.106 0.026 0.057 0.08 0.084 0.109 0.085 0.097;0.014 0.057 0.047 0.026 0.084 0.057 0.037 0.091 0.053 0.057 0.109 0.106 0.085 0.08 0.097;
0.026 0.058 0.057 0.065 0.09 0.055 0.043 0.079 0.036 0.063 0.075 0.085 0.082 0.097 0.089;0.026 0.058 0.055 0.043 0.079 0.057 0.065 0.09 0.036 0.063 0.075 0.085 0.097 0.082 0.089;0.026 0.055 0.057 0.036 0.085 0.058 0.043 0.079 0.065 0.063 0.097 0.09 0.082 0.075 0.089;
0.033 0.069 0.053 0.051 0.1 0.057 0.043 0.072 0.041 0.06 0.063 0.089 0.092 0.096 0.081;0.033 0.069 0.057 0.043 0.072 0.053 0.051 0.1 0.041 0.06 0.063 0.089 0.096 0.092 0.081;0.033 0.057 0.053 0.041 0.089 0.069 0.043 0.072 0.051 0.06 0.096 0.1 0.092 0.063 0.081;
0.028 0.049 0.052 0.05 0.108 0.052 0.041 0.084 0.057 0.044 0.078 0.088 0.095 0.099 0.075;0.028 0.049 0.052 0.041 0.084 0.052 0.05 0.108 0.057 0.044 0.078 0.088 0.099 0.095 0.075;0.028 0.052 0.052 0.057 0.088 0.049 0.041 0.084 0.05 0.044 0.099 0.108 0.095 0.078 0.075;
0.029 0.064 0.048 0.065 0.087 0.058 0.036 0.067 0.052 0.056 0.085 0.084 0.074 0.107 0.088;0.029 0.064 0.058 0.036 0.067 0.048 0.065 0.087 0.052 0.056 0.085 0.084 0.107 0.074 0.088;0.029 0.058 0.048 0.052 0.084 0.064 0.036 0.067 0.065 0.056 0.107 0.087 0.074 0.085 0.088;
0.023 0.058 0.06 0.069 0.102 0.042 0.038 0.09 0.043 0.045 0.077 0.093 0.08 0.106 0.074;0.023 0.058 0.042 0.038 0.09 0.06 0.069 0.102 0.043 0.045 0.077 0.093 0.106 0.08 0.074;0.023 0.042 0.06 0.043 0.093 0.058 0.038 0.09 0.069 0.045 0.106 0.102 0.08 0.077 0.074;
0.025 0.057 0.056 0.062 0.108 0.058 0.036 0.075 0.038 0.062 0.066 0.097 0.086 0.091 0.083;0.025 0.057 0.058 0.036 0.075 0.056 0.062 0.108 0.038 0.062 0.066 0.097 0.091 0.086 0.083;0.025 0.058 0.056 0.038 0.097 0.057 0.036 0.075 0.062 0.062 0.091 0.108 0.086 0.066 0.083;
0.024 0.054 0.048 0.063 0.097 0.059 0.048 0.079 0.043 0.06 0.077 0.082 0.083 0.095 0.088;0.024 0.054 0.059 0.048 0.079 0.048 0.063 0.097 0.043 0.06 0.077 0.082 0.095 0.083 0.088;0.024 0.059 0.048 0.043 0.082 0.054 0.048 0.079 0.063 0.06 0.095 0.097 0.083 0.077 0.088;
0.021 0.06 0.057 0.058 0.093 0.046 0.059 0.107 0.042 0.044 0.079 0.084 0.078 0.099 0.073;0.021 0.06 0.046 0.059 0.107 0.057 0.058 0.093 0.042 0.044 0.079 0.084 0.099 0.078 0.073;0.021 0.046 0.057 0.042 0.084 0.06 0.059 0.107 0.058 0.044 0.099 0.093 0.078 0.079 0.073;
0.027 0.054 0.056 0.052 0.094 0.062 0.033 0.09 0.035 0.04 0.086 0.076 0.078 0.112 0.105;0.027 0.054 0.062 0.033 0.09 0.056 0.052 0.094 0.035 0.04 0.086 0.076 0.112 0.078 0.105;0.027 0.062 0.056 0.035 0.076 0.054 0.033 0.09 0.052 0.04 0.112 0.094 0.078 0.086 0.105;
0.023 0.044 0.04 0.074 0.101 0.06 0.049 0.09 0.047 0.057 0.079 0.077 0.073 0.11 0.076;0.023 0.044 0.06 0.049 0.09 0.04 0.074 0.101 0.047 0.057 0.079 0.077 0.11 0.073 0.076;0.023 0.06 0.04 0.047 0.077 0.044 0.049 0.09 0.074 0.057 0.11 0.101 0.073 0.079 0.076;
0.016 0.068 0.068 0.053 0.103 0.059 0.04 0.072 0.037 0.049 0.084 0.084 0.081 0.124 0.062;0.016 0.068 0.059 0.04 0.072 0.068 0.053 0.103 0.037 0.049 0.084 0.084 0.124 0.081 0.062;0.016 0.059 0.068 0.037 0.084 0.068 0.04 0.072 0.053 0.049 0.124 0.103 0.081 0.084 0.062;
0.034 0.049 0.057 0.055 0.087 0.057 0.042 0.092 0.041 0.052 0.098 0.078 0.08 0.083 0.095;0.034 0.049 0.057 0.042 0.092 0.057 0.055 0.087 0.041 0.052 0.098 0.078 0.083 0.08 0.095;0.034 0.057 0.057 0.041 0.078 0.049 0.042 0.092 0.055 0.052 0.083 0.087 0.08 0.098 0.095;
0.024 0.052 0.055 0.066 0.101 0.049 0.037 0.085 0.038 0.049 0.087 0.081 0.096 0.105 0.075;0.024 0.052 0.049 0.037 0.085 0.055 0.066 0.101 0.038 0.049 0.087 0.081 0.105 0.096 0.075;0.024 0.049 0.055 0.038 0.081 0.052 0.037 0.085 0.066 0.049 0.105 0.101 0.096 0.087 0.075;
0.02 0.058 0.052 0.073 0.105 0.058 0.058 0.091 0.027 0.04 0.086 0.083 0.088 0.089 0.072;0.02 0.058 0.058 0.058 0.091 0.052 0.073 0.105 0.027 0.04 0.086 0.083 0.089 0.088 0.072;0.02 0.058 0.052 0.027 0.083 0.058 0.058 0.091 0.073 0.04 0.089 0.105 0.088 0.086 0.072;
0.022 0.054 0.061 0.065 0.09 0.047 0.053 0.08 0.041 0.045 0.098 0.096 0.071 0.101 0.076;0.022 0.054 0.047 0.053 0.08 0.061 0.065 0.09 0.041 0.045 0.098 0.096 0.101 0.071 0.076;0.022 0.047 0.061 0.041 0.096 0.054 0.053 0.08 0.065 0.045 0.101 0.09 0.071 0.098 0.076;
0.023 0.062 0.053 0.053 0.089 0.054 0.041 0.097 0.032 0.047 0.096 0.074 0.087 0.098 0.094;0.023 0.062 0.054 0.041 0.097 0.053 0.053 0.089 0.032 0.047 0.096 0.074 0.098 0.087 0.094;0.023 0.054 0.053 0.032 0.074 0.062 0.041 0.097 0.053 0.047 0.098 0.089 0.087 0.096 0.094;
0.016 0.055 0.06 0.07 0.092 0.063 0.05 0.082 0.041 0.056 0.088 0.078 0.081 0.089 0.079;0.016 0.055 0.063 0.05 0.082 0.06 0.07 0.092 0.041 0.056 0.088 0.078 0.089 0.081 0.079;0.016 0.063 0.06 0.041 0.078 0.055 0.05 0.082 0.07 0.056 0.089 0.092 0.081 0.088 0.079;
0.026 0.058 0.058 0.072 0.097 0.053 0.041 0.083 0.048 0.047 0.084 0.072 0.093 0.091 0.077;0.026 0.058 0.053 0.041 0.083 0.058 0.072 0.097 0.048 0.047 0.084 0.072 0.091 0.093 0.077;0.026 0.053 0.058 0.048 0.072 0.058 0.041 0.083 0.072 0.047 0.091 0.097 0.093 0.084 0.077;
0.025 0.056 0.055 0.069 0.1 0.059 0.028 0.099 0.028 0.051 0.069 0.083 0.084 0.1 0.094;0.025 0.056 0.059 0.028 0.099 0.055 0.069 0.1 0.028 0.051 0.069 0.083 0.1 0.084 0.094;0.025 0.059 0.055 0.028 0.083 0.056 0.028 0.099 0.069 0.051 0.1 0.1 0.084 0.069 0.094;
0.025 0.059 0.061 0.058 0.094 0.045 0.051 0.094 0.037 0.049 0.069 0.079 0.074 0.116 0.089;0.025 0.059 0.045 0.051 0.094 0.061 0.058 0.094 0.037 0.049 0.069 0.079 0.116 0.074 0.089;0.025 0.045 0.061 0.037 0.079 0.059 0.051 0.094 0.058 0.049 0.116 0.094 0.074 0.069 0.089;
0.031 0.064 0.057 0.054 0.115 0.051 0.036 0.085 0.049 0.039 0.085 0.076 0.08 0.092 0.086;0.031 0.064 0.051 0.036 0.085 0.057 0.054 0.115 0.049 0.039 0.085 0.076 0.092 0.08 0.086;0.031 0.051 0.057 0.049 0.076 0.064 0.036 0.085 0.054 0.039 0.092 0.115 0.08 0.085 0.086;
0.02 0.053 0.063 0.077 0.084 0.052 0.039 0.095 0.046 0.057 0.086 0.079 0.08 0.096 0.073;0.02 0.053 0.052 0.039 0.095 0.063 0.077 0.084 0.046 0.057 0.086 0.079 0.096 0.08 0.073;0.02 0.052 0.063 0.046 0.079 0.053 0.039 0.095 0.077 0.057 0.096 0.084 0.08 0.086 0.073;
0.025 0.063 0.052 0.059 0.097 0.065 0.048 0.08 0.037 0.066 0.065 0.072 0.103 0.084 0.084;0.025 0.063 0.065 0.048 0.08 0.052 0.059 0.097 0.037 0.066 0.065 0.072 0.084 0.103 0.084;0.025 0.065 0.052 0.037 0.072 0.063 0.048 0.08 0.059 0.066 0.084 0.097 0.103 0.065 0.084;
0.02 0.07 0.05 0.06 0.09 0.064 0.055 0.085 0.056 0.059 0.081 0.078 0.078 0.083 0.071;0.02 0.07 0.064 0.055 0.085 0.05 0.06 0.09 0.056 0.059 0.081 0.078 0.083 0.078 0.071;0.02 0.064 0.05 0.056 0.078 0.07 0.055 0.085 0.06 0.059 0.083 0.09 0.078 0.081 0.071;
0.038 0.057 0.045 0.051 0.087 0.051 0.042 0.091 0.05 0.072 0.084 0.083 0.075 0.086 0.088;0.038 0.057 0.051 0.042 0.091 0.045 0.051 0.087 0.05 0.072 0.084 0.083 0.086 0.075 0.088;0.038 0.051 0.045 0.05 0.083 0.057 0.042 0.091 0.051 0.072 0.086 0.087 0.075 0.084 0.088;
0.025 0.045 0.058 0.071 0.094 0.059 0.038 0.085 0.054 0.05 0.079 0.073 0.097 0.108 0.064;0.025 0.045 0.059 0.038 0.085 0.058 0.071 0.094 0.054 0.05 0.079 0.073 0.108 0.097 0.064;0.025 0.059 0.058 0.054 0.073 0.045 0.038 0.085 0.071 0.05 0.108 0.094 0.097 0.079 0.064;
0.012 0.055 0.059 0.053 0.109 0.054 0.033 0.085 0.042 0.042 0.088 0.08 0.09 0.103 0.095;0.012 0.055 0.054 0.033 0.085 0.059 0.053 0.109 0.042 0.042 0.088 0.08 0.103 0.09 0.095;0.012 0.054 0.059 0.042 0.08 0.055 0.033 0.085 0.053 0.042 0.103 0.109 0.09 0.088 0.095;
0.02 0.046 0.047 0.059 0.111 0.052 0.037 0.083 0.047 0.052 0.088 0.083 0.088 0.114 0.073;0.02 0.046 0.052 0.037 0.083 0.047 0.059 0.111 0.047 0.052 0.088 0.083 0.114 0.088 0.073;0.02 0.052 0.047 0.047 0.083 0.046 0.037 0.083 0.059 0.052 0.114 0.111 0.088 0.088 0.073;
0.028 0.067 0.043 0.049 0.107 0.041 0.04 0.094 0.053 0.052 0.079 0.086 0.07 0.118 0.073;0.028 0.067 0.041 0.04 0.094 0.043 0.049 0.107 0.053 0.052 0.079 0.086 0.118 0.07 0.073;0.028 0.041 0.043 0.053 0.086 0.067 0.04 0.094 0.049 0.052 0.118 0.107 0.07 0.079 0.073;
0.031 0.049 0.051 0.065 0.093 0.058 0.046 0.099 0.051 0.055 0.077 0.088 0.072 0.085 0.08;0.031 0.049 0.058 0.046 0.099 0.051 0.065 0.093 0.051 0.055 0.077 0.088 0.085 0.072 0.08;0.031 0.058 0.051 0.051 0.088 0.049 0.046 0.099 0.065 0.055 0.085 0.093 0.072 0.077 0.08;
0.024 0.054 0.057 0.068 0.116 0.051 0.044 0.084 0.046 0.067 0.066 0.082 0.083 0.082 0.076;0.024 0.054 0.051 0.044 0.084 0.057 0.068 0.116 0.046 0.067 0.066 0.082 0.082 0.083 0.076;0.024 0.051 0.057 0.046 0.082 0.054 0.044 0.084 0.068 0.067 0.082 0.116 0.083 0.066 0.076;
0.015 0.056 0.058 0.078 0.09 0.054 0.047 0.083 0.039 0.06 0.074 0.082 0.086 0.098 0.08;0.015 0.056 0.054 0.047 0.083 0.058 0.078 0.09 0.039 0.06 0.074 0.082 0.098 0.086 0.08;0.015 0.054 0.058 0.039 0.082 0.056 0.047 0.083 0.078 0.06 0.098 0.09 0.086 0.074 0.08;
0.019 0.052 0.057 0.074 0.097 0.048 0.054 0.091 0.049 0.045 0.091 0.081 0.078 0.096 0.068;0.019 0.052 0.048 0.054 0.091 0.057 0.074 0.097 0.049 0.045 0.091 0.081 0.096 0.078 0.068;0.019 0.048 0.057 0.049 0.081 0.052 0.054 0.091 0.074 0.045 0.096 0.097 0.078 0.091 0.068;
0.029 0.051 0.067 0.064 0.09 0.049 0.044 0.083 0.041 0.048 0.073 0.098 0.08 0.101 0.082;0.029 0.051 0.049 0.044 0.083 0.067 0.064 0.09 0.041 0.048 0.073 0.098 0.101 0.08 0.082;0.029 0.049 0.067 0.041 0.098 0.051 0.044 0.083 0.064 0.048 0.101 0.09 0.08 0.073 0.082;
0.032 0.046 0.051 0.062 0.103 0.059 0.056 0.092 0.048 0.039 0.087 0.063 0.073 0.11 0.079;0.032 0.046 0.059 0.056 0.092 0.051 0.062 0.103 0.048 0.039 0.087 0.063 0.11 0.073 0.079;0.032 0.059 0.051 0.048 0.063 0.046 0.056 0.092 0.062 0.039 0.11 0.103 0.073 0.087 0.079;
0.027 0.062 0.069 0.071 0.094 0.047 0.05 0.079 0.04 0.038 0.092 0.074 0.09 0.096 0.071;0.027 0.062 0.047 0.05 0.079 0.069 0.071 0.094 0.04 0.038 0.092 0.074 0.096 0.09 0.071;0.027 0.047 0.069 0.04 0.074 0.062 0.05 0.079 0.071 0.038 0.096 0.094 0.09 0.092 0.071;
0.025 0.051 0.052 0.075 0.103 0.063 0.039 0.077 0.046 0.051 0.073 0.075 0.076 0.117 0.077;0.025 0.051 0.063 0.039 0.077 0.052 0.075 0.103 0.046 0.051 0.073 0.075 0.117 0.076 0.077;0.025 0.063 0.052 0.046 0.075 0.051 0.039 0.077 0.075 0.051 0.117 0.103 0.076 0.073 0.077;
0.024 0.069 0.068 0.053 0.1 0.046 0.048 0.088 0.033 0.054 0.07 0.09 0.074 0.1 0.083;0.024 0.069 0.046 0.048 0.088 0.068 0.053 0.1 0.033 0.054 0.07 0.09 0.1 0.074 0.083;0.024 0.046 0.068 0.033 0.09 0.069 0.048 0.088 0.053 0.054 0.1 0.1 0.074 0.07 0.083;
0.026 0.06 0.044 0.07 0.094 0.052 0.038 0.077 0.052 0.051 0.083 0.077 0.082 0.11 0.084;0.026 0.06 0.052 0.038 0.077 0.044 0.07 0.094 0.052 0.051 0.083 0.077 0.11 0.082 0.084;0.026 0.052 0.044 0.052 0.077 0.06 0.038 0.077 0.07 0.051 0.11 0.094 0.082 0.083 0.084;
0.029 0.059 0.046 0.048 0.1 0.06 0.039 0.081 0.042 0.058 0.073 0.076 0.102 0.106 0.081;0.029 0.059 0.06 0.039 0.081 0.046 0.048 0.1 0.042 0.058 0.073 0.076 0.106 0.102 0.081;0.029 0.06 0.046 0.042 0.076 0.059 0.039 0.081 0.048 0.058 0.106 0.1 0.102 0.073 0.081;
0.024 0.054 0.051 0.068 0.129 0.044 0.052 0.081 0.048 0.04 0.076 0.085 0.079 0.099 0.07;0.024 0.054 0.044 0.052 0.081 0.051 0.068 0.129 0.048 0.04 0.076 0.085 0.099 0.079 0.07;0.024 0.044 0.051 0.048 0.085 0.054 0.052 0.081 0.068 0.04 0.099 0.129 0.079 0.076 0.07;
0.014 0.047 0.049 0.066 0.107 0.055 0.044 0.07 0.035 0.054 0.096 0.085 0.09 0.103 0.085;0.014 0.047 0.055 0.044 0.07 0.049 0.066 0.107 0.035 0.054 0.096 0.085 0.103 0.09 0.085;0.014 0.055 0.049 0.035 0.085 0.047 0.044 0.07 0.066 0.054 0.103 0.107 0.09 0.096 0.085;
0.023 0.065 0.056 0.066 0.108 0.05 0.037 0.092 0.03 0.045 0.076 0.091 0.088 0.089 0.084;0.023 0.065 0.05 0.037 0.092 0.056 0.066 0.108 0.03 0.045 0.076 0.091 0.089 0.088 0.084;0.023 0.05 0.056 0.03 0.091 0.065 0.037 0.092 0.066 0.045 0.089 0.108 0.088 0.076 0.084;
0.026 0.047 0.06 0.064 0.106 0.053 0.041 0.082 0.039 0.053 0.077 0.09 0.083 0.1 0.079;0.026 0.047 0.053 0.041 0.082 0.06 0.064 0.106 0.039 0.053 0.077 0.09 0.1 0.083 0.079;0.026 0.053 0.06 0.039 0.09 0.047 0.041 0.082 0.064 0.053 0.1 0.106 0.083 0.077 0.079;
0.025 0.058 0.06 0.051 0.094 0.066 0.05 0.081 0.038 0.051 0.082 0.098 0.08 0.087 0.079;0.025 0.058 0.066 0.05 0.081 0.06 0.051 0.094 0.038 0.051 0.082 0.098 0.087 0.08 0.079;0.025 0.066 0.06 0.038 0.098 0.058 0.05 0.081 0.051 0.051 0.087 0.094 0.08 0.082 0.079;
0.032 0.06 0.047 0.057 0.101 0.054 0.041 0.069 0.051 0.056 0.086 0.079 0.087 0.094 0.086;0.032 0.06 0.054 0.041 0.069 0.047 0.057 0.101 0.051 0.056 0.086 0.079 0.094 0.087 0.086;0.032 0.054 0.047 0.051 0.079 0.06 0.041 0.069 0.057 0.056 0.094 0.101 0.087 0.086 0.086;
0.03 0.063 0.066 0.055 0.103 0.054 0.049 0.09 0.024 0.049 0.094 0.081 0.07 0.086 0.086;0.03 0.063 0.054 0.049 0.09 0.066 0.055 0.103 0.024 0.049 0.094 0.081 0.086 0.07 0.086;0.03 0.054 0.066 0.024 0.081 0.063 0.049 0.09 0.055 0.049 0.086 0.103 0.07 0.094 0.086;
0.026 0.075 0.044 0.048 0.099 0.063 0.048 0.078 0.044 0.051 0.075 0.065 0.09 0.098 0.096;0.026 0.075 0.063 0.048 0.078 0.044 0.048 0.099 0.044 0.051 0.075 0.065 0.098 0.09 0.096;0.026 0.063 0.044 0.044 0.065 0.075 0.048 0.078 0.048 0.051 0.098 0.099 0.09 0.075 0.096;
0.028 0.058 0.054 0.063 0.089 0.057 0.05 0.084 0.038 0.049 0.088 0.087 0.092 0.09 0.073;0.028 0.058 0.057 0.05 0.084 0.054 0.063 0.089 0.038 0.049 0.088 0.087 0.09 0.092 0.073;0.028 0.057 0.054 0.038 0.087 0.058 0.05 0.084 0.063 0.049 0.09 0.089 0.092 0.088 0.073;
0.021 0.054 0.057 0.058 0.103 0.064 0.053 0.096 0.039 0.042 0.072 0.07 0.089 0.113 0.069;0.021 0.054 0.064 0.053 0.096 0.057 0.058 0.103 0.039 0.042 0.072 0.07 0.113 0.089 0.069;0.021 0.064 0.057 0.039 0.07 0.054 0.053 0.096 0.058 0.042 0.113 0.103 0.089 0.072 0.069;
0.024 0.052 0.044 0.059 0.096 0.066 0.045 0.091 0.039 0.057 0.083 0.062 0.085 0.112 0.085;0.024 0.052 0.066 0.045 0.091 0.044 0.059 0.096 0.039 0.057 0.083 0.062 0.112 0.085 0.085;0.024 0.066 0.044 0.039 0.062 0.052 0.045 0.091 0.059 0.057 0.112 0.096 0.085 0.083 0.085;
0.026 0.049 0.052 0.069 0.087 0.071 0.049 0.088 0.033 0.055 0.076 0.09 0.081 0.101 0.073;0.026 0.049 0.071 0.049 0.088 0.052 0.069 0.087 0.033 0.055 0.076 0.09 0.101 0.081 0.073;0.026 0.071 0.052 0.033 0.09 0.049 0.049 0.088 0.069 0.055 0.101 0.087 0.081 0.076 0.073;
0.017 0.053 0.046 0.071 0.086 0.064 0.041 0.092 0.049 0.054 0.084 0.103 0.079 0.098 0.063;0.017 0.053 0.064 0.041 0.092 0.046 0.071 0.086 0.049 0.054 0.084 0.103 0.098 0.079 0.063;0.017 0.064 0.046 0.049 0.103 0.053 0.041 0.092 0.071 0.054 0.098 0.086 0.079 0.084 0.063;
0.031 0.058 0.054 0.049 0.092 0.059 0.048 0.101 0.048 0.057 0.078 0.074 0.065 0.105 0.081;0.031 0.058 0.059 0.048 0.101 0.054 0.049 0.092 0.048 0.057 0.078 0.074 0.105 0.065 0.081;0.031 0.059 0.054 0.048 0.074 0.058 0.048 0.101 0.049 0.057 0.105 0.092 0.065 0.078 0.081;
0.03 0.062 0.046 0.077 0.108 0.059 0.032 0.095 0.041 0.058 0.08 0.069 0.089 0.081 0.073;0.03 0.062 0.059 0.032 0.095 0.046 0.077 0.108 0.041 0.058 0.08 0.069 0.081 0.089 0.073;0.03 0.059 0.046 0.041 0.069 0.062 0.032 0.095 0.077 0.058 0.081 0.108 0.089 0.08 0.073;
0.027 0.049 0.055 0.051 0.115 0.053 0.036 0.078 0.034 0.061 0.083 0.096 0.071 0.114 0.077;0.027 0.049 0.053 0.036 0.078 0.055 0.051 0.115 0.034 0.061 0.083 0.096 0.114 0.071 0.077;0.027 0.053 0.055 0.034 0.096 0.049 0.036 0.078 0.051 0.061 0.114 0.115 0.071 0.083 0.077;
0.039 0.061 0.055 0.068 0.091 0.064 0.044 0.084 0.044 0.047 0.07 0.072 0.074 0.119 0.068;0.039 0.061 0.064 0.044 0.084 0.055 0.068 0.091 0.044 0.047 0.07 0.072 0.119 0.074 0.068;0.039 0.064 0.055 0.044 0.072 0.061 0.044 0.084 0.068 0.047 0.119 0.091 0.074 0.07 0.068;
0.022 0.062 0.047 0.065 0.11 0.05 0.039 0.087 0.032 0.059 0.074 0.069 0.082 0.109 0.093;0.022 0.062 0.05 0.039 0.087 0.047 0.065 0.11 0.032 0.059 0.074 0.069 0.109 0.082 0.093;0.022 0.05 0.047 0.032 0.069 0.062 0.039 0.087 0.065 0.059 0.109 0.11 0.082 0.074 0.093;
0.027 0.062 0.051 0.063 0.11 0.047 0.04 0.098 0.043 0.051 0.065 0.073 0.091 0.101 0.078;0.027 0.062 0.047 0.04 0.098 0.051 0.063 0.11 0.043 0.051 0.065 0.073 0.101 0.091 0.078;0.027 0.047 0.051 0.043 0.073 0.062 0.04 0.098 0.063 0.051 0.101 0.11 0.091 0.065 0.078;
0.022 0.041 0.06 0.072 0.102 0.055 0.041 0.088 0.045 0.052 0.096 0.068 0.075 0.106 0.077;0.022 0.041 0.055 0.041 0.088 0.06 0.072 0.102 0.045 0.052 0.096 0.068 0.106 0.075 0.077;0.022 0.055 0.06 0.045 0.068 0.041 0.041 0.088 0.072 0.052 0.106 0.102 0.075 0.096 0.077;
0.024 0.053 0.046 0.066 0.09 0.049 0.051 0.083 0.043 0.067 0.078 0.08 0.081 0.12 0.069;0.024 0.053 0.049 0.051 0.083 0.046 0.066 0.09 0.043 0.067 0.078 0.08 0.12 0.081 0.069;0.024 0.049 0.046 0.043 0.08 0.053 0.051 0.083 0.066 0.067 0.12 0.09 0.081 0.078 0.069;
0.035 0.07 0.048 0.068 0.088 0.056 0.043 0.087 0.045 0.046 0.076 0.085 0.081 0.098 0.074;0.035 0.07 0.056 0.043 0.087 0.048 0.068 0.088 0.045 0.046 0.076 0.085 0.098 0.081 0.074;0.035 0.056 0.048 0.045 0.085 0.07 0.043 0.087 0.068 0.046 0.098 0.088 0.081 0.076 0.074;
0.021 0.057 0.045 0.065 0.101 0.06 0.036 0.089 0.039 0.061 0.069 0.085 0.089 0.107 0.076;0.021 0.057 0.06 0.036 0.089 0.045 0.065 0.101 0.039 0.061 0.069 0.085 0.107 0.089 0.076;0.021 0.06 0.045 0.039 0.085 0.057 0.036 0.089 0.065 0.061 0.107 0.101 0.089 0.069 0.076;
0.024 0.049 0.049 0.054 0.095 0.049 0.038 0.091 0.043 0.056 0.094 0.082 0.1 0.113 0.063;0.024 0.049 0.049 0.038 0.091 0.049 0.054 0.095 0.043 0.056 0.094 0.082 0.113 0.1 0.063;0.024 0.049 0.049 0.043 0.082 0.049 0.038 0.091 0.054 0.056 0.113 0.095 0.1 0.094 0.063;
0.027 0.043 0.054 0.062 0.105 0.05 0.046 0.084 0.049 0.059 0.077 0.084 0.076 0.106 0.078;0.027 0.043 0.05 0.046 0.084 0.054 0.062 0.105 0.049 0.059 0.077 0.084 0.106 0.076 0.078;0.027 0.05 0.054 0.049 0.084 0.043 0.046 0.084 0.062 0.059 0.106 0.105 0.076 0.077 0.078;
0.026 0.046 0.049 0.066 0.109 0.052 0.037 0.082 0.045 0.052 0.09 0.08 0.078 0.11 0.078;0.026 0.046 0.052 0.037 0.082 0.049 0.066 0.109 0.045 0.052 0.09 0.08 0.11 0.078 0.078;0.026 0.052 0.049 0.045 0.08 0.046 0.037 0.082 0.066 0.052 0.11 0.109 0.078 0.09 0.078;
0.03 0.057 0.063 0.062 0.114 0.045 0.046 0.088 0.034 0.05 0.073 0.077 0.074 0.107 0.08;0.03 0.057 0.045 0.046 0.088 0.063 0.062 0.114 0.034 0.05 0.073 0.077 0.107 0.074 0.08;0.03 0.045 0.063 0.034 0.077 0.057 0.046 0.088 0.062 0.05 0.107 0.114 0.074 0.073 0.08;
0.024 0.053 0.05 0.071 0.102 0.057 0.033 0.071 0.036 0.058 0.086 0.088 0.079 0.106 0.086;0.024 0.053 0.057 0.033 0.071 0.05 0.071 0.102 0.036 0.058 0.086 0.088 0.106 0.079 0.086;0.024 0.057 0.05 0.036 0.088 0.053 0.033 0.071 0.071 0.058 0.106 0.102 0.079 0.086 0.086;
0.024 0.051 0.052 0.069 0.108 0.057 0.035 0.092 0.043 0.042 0.089 0.085 0.078 0.102 0.073;0.024 0.051 0.057 0.035 0.092 0.052 0.069 0.108 0.043 0.042 0.089 0.085 0.102 0.078 0.073;0.024 0.057 0.052 0.043 0.085 0.051 0.035 0.092 0.069 0.042 0.102 0.108 0.078 0.089 0.073;
0.034 0.073 0.055 0.071 0.097 0.055 0.047 0.083 0.045 0.042 0.081 0.076 0.068 0.117 0.056;0.034 0.073 0.055 0.047 0.083 0.055 0.071 0.097 0.045 0.042 0.081 0.076 0.117 0.068 0.056;0.034 0.055 0.055 0.045 0.076 0.073 0.047 0.083 0.071 0.042 0.117 0.097 0.068 0.081 0.056;
0.029 0.062 0.05 0.059 0.124 0.059 0.041 0.064 0.046 0.049 0.072 0.085 0.077 0.116 0.067;0.029 0.062 0.059 0.041 0.064 0.05 0.059 0.124 0.046 0.049 0.072 0.085 0.116 0.077 0.067;0.029 0.059 0.05 0.046 0.085 0.062 0.041 0.064 0.059 0.049 0.116 0.124 0.077 0.072 0.067;
0.032 0.051 0.048 0.072 0.103 0.067 0.035 0.085 0.032 0.06 0.086 0.077 0.091 0.077 0.084;0.032 0.051 0.067 0.035 0.085 0.048 0.072 0.103 0.032 0.06 0.086 0.077 0.077 0.091 0.084;0.032 0.067 0.048 0.032 0.077 0.051 0.035 0.085 0.072 0.06 0.077 0.103 0.091 0.086 0.084;
0.025 0.046 0.045 0.061 0.095 0.048 0.049 0.079 0.048 0.053 0.086 0.097 0.074 0.101 0.093;0.025 0.046 0.048 0.049 0.079 0.045 0.061 0.095 0.048 0.053 0.086 0.097 0.101 0.074 0.093;0.025 0.048 0.045 0.048 0.097 0.046 0.049 0.079 0.061 0.053 0.101 0.095 0.074 0.086 0.093;
0.021 0.065 0.049 0.071 0.112 0.05 0.056 0.071 0.04 0.04 0.066 0.082 0.085 0.114 0.078;0.021 0.065 0.05 0.056 0.071 0.049 0.071 0.112 0.04 0.04 0.066 0.082 0.114 0.085 0.078;0.021 0.05 0.049 0.04 0.082 0.065 0.056 0.071 0.071 0.04 0.114 0.112 0.085 0.066 0.078;
0.032 0.07 0.049 0.064 0.089 0.047 0.037 0.092 0.056 0.045 0.071 0.076 0.078 0.103 0.091;0.032 0.07 0.047 0.037 0.092 0.049 0.064 0.089 0.056 0.045 0.071 0.076 0.103 0.078 0.091;0.032 0.047 0.049 0.056 0.076 0.07 0.037 0.092 0.064 0.045 0.103 0.089 0.078 0.071 0.091;
0.029 0.055 0.039 0.06 0.105 0.065 0.047 0.084 0.05 0.052 0.091 0.077 0.076 0.098 0.072;0.029 0.055 0.065 0.047 0.084 0.039 0.06 0.105 0.05 0.052 0.091 0.077 0.098 0.076 0.072;0.029 0.065 0.039 0.05 0.077 0.055 0.047 0.084 0.06 0.052 0.098 0.105 0.076 0.091 0.072;
0.027 0.058 0.048 0.069 0.102 0.049 0.043 0.065 0.033 0.051 0.089 0.075 0.101 0.097 0.093;0.027 0.058 0.049 0.043 0.065 0.048 0.069 0.102 0.033 0.051 0.089 0.075 0.097 0.101 0.093;0.027 0.049 0.048 0.033 0.075 0.058 0.043 0.065 0.069 0.051 0.097 0.102 0.101 0.089 0.093;
0.029 0.042 0.058 0.077 0.098 0.064 0.044 0.081 0.038 0.048 0.082 0.076 0.074 0.103 0.086;0.029 0.042 0.064 0.044 0.081 0.058 0.077 0.098 0.038 0.048 0.082 0.076 0.103 0.074 0.086;0.029 0.064 0.058 0.038 0.076 0.042 0.044 0.081 0.077 0.048 0.103 0.098 0.074 0.082 0.086;
0.023 0.054 0.055 0.062 0.097 0.055 0.049 0.096 0.04 0.05 0.078 0.081 0.085 0.088 0.087;0.023 0.054 0.055 0.049 0.096 0.055 0.062 0.097 0.04 0.05 0.078 0.081 0.088 0.085 0.087;0.023 0.055 0.055 0.04 0.081 0.054 0.049 0.096 0.062 0.05 0.088 0.097 0.085 0.078 0.087;
0.031 0.05 0.046 0.068 0.098 0.067 0.032 0.082 0.041 0.051 0.078 0.091 0.074 0.103 0.088;0.031 0.05 0.067 0.032 0.082 0.046 0.068 0.098 0.041 0.051 0.078 0.091 0.103 0.074 0.088;0.031 0.067 0.046 0.041 0.091 0.05 0.032 0.082 0.068 0.051 0.103 0.098 0.074 0.078 0.088;
0.02 0.055 0.055 0.074 0.1 0.07 0.039 0.079 0.036 0.057 0.09 0.079 0.076 0.087 0.083;0.02 0.055 0.07 0.039 0.079 0.055 0.074 0.1 0.036 0.057 0.09 0.079 0.087 0.076 0.083;0.02 0.07 0.055 0.036 0.079 0.055 0.039 0.079 0.074 0.057 0.087 0.1 0.076 0.09 0.083;
0.025 0.051 0.047 0.061 0.096 0.049 0.038 0.085 0.044 0.058 0.087 0.101 0.069 0.113 0.076;0.025 0.051 0.049 0.038 0.085 0.047 0.061 0.096 0.044 0.058 0.087 0.101 0.113 0.069 0.076;0.025 0.049 0.047 0.044 0.101 0.051 0.038 0.085 0.061 0.058 0.113 0.096 0.069 0.087 0.076;
0.018 0.053 0.052 0.061 0.082 0.049 0.038 0.106 0.053 0.057 0.075 0.091 0.085 0.103 0.077;0.018 0.053 0.049 0.038 0.106 0.052 0.061 0.082 0.053 0.057 0.075 0.091 0.103 0.085 0.077;0.018 0.049 0.052 0.053 0.091 0.053 0.038 0.106 0.061 0.057 0.103 0.082 0.085 0.075 0.077;
0.023 0.06 0.057 0.049 0.114 0.061 0.051 0.08 0.056 0.044 0.072 0.084 0.081 0.077 0.091;0.023 0.06 0.061 0.051 0.08 0.057 0.049 0.114 0.056 0.044 0.072 0.084 0.077 0.081 0.091;0.023 0.061 0.057 0.056 0.084 0.06 0.051 0.08 0.049 0.044 0.077 0.114 0.081 0.072 0.091;
0.028 0.054 0.06 0.058 0.098 0.055 0.037 0.101 0.039 0.046 0.089 0.079 0.087 0.098 0.071;0.028 0.054 0.055 0.037 0.101 0.06 0.058 0.098 0.039 0.046 0.089 0.079 0.098 0.087 0.071;0.028 0.055 0.06 0.039 0.079 0.054 0.037 0.101 0.058 0.046 0.098 0.098 0.087 0.089 0.071;
0.028 0.063 0.052 0.047 0.11 0.06 0.044 0.079 0.044 0.06 0.091 0.095 0.065 0.095 0.067;0.028 0.063 0.06 0.044 0.079 0.052 0.047 0.11 0.044 0.06 0.091 0.095 0.095 0.065 0.067;0.028 0.06 0.052 0.044 0.095 0.063 0.044 0.079 0.047 0.06 0.095 0.11 0.065 0.091 0.067;
0.012 0.057 0.039 0.059 0.113 0.07 0.045 0.086 0.037 0.051 0.088 0.088 0.084 0.092 0.079;0.012 0.057 0.07 0.045 0.086 0.039 0.059 0.113 0.037 0.051 0.088 0.088 0.092 0.084 0.079;0.012 0.07 0.039 0.037 0.088 0.057 0.045 0.086 0.059 0.051 0.092 0.113 0.084 0.088 0.079;
0.019 0.064 0.061 0.06 0.102 0.052 0.048 0.076 0.039 0.052 0.065 0.091 0.075 0.106 0.09;0.019 0.064 0.052 0.048 0.076 0.061 0.06 0.102 0.039 0.052 0.065 0.091 0.106 0.075 0.09;0.019 0.052 0.061 0.039 0.091 0.064 0.048 0.076 0.06 0.052 0.106 0.102 0.075 0.065 0.09];