pntP=[0.47 0.02 0.04 0.12 0.01 0.01 0 0.01 0.02 0.03 0 0.01 0 0 0.01 0.05 0 0 0 0 0 0 0 0.01 0 0 0.03 0.01 0 0 0.01 0.05 0 0 0.01 0.08;0.47 0.02 0.04 0 0.01 0 0 0.03 0.01 0 0.12 0.01 0.01 0 0.01 0.05 0 0 0 0.01 0.05 0 0 0 0 0.01 0.01 0.02 0.03 0 0 0 0 0 0.01 0.08;0.47 0 0.03 0.12 0.01 0 0 0.01 0 0 0.02 0.01 0.01 0 0.01 0.05 0.01 0 0.02 0 0.01 0 0 0.01 0 0 0.04 0 0 0.01 0 0.05 0 0.03 0 0.08;
0.46 0.02 0 0.04 0.04 0.01 0 0.13 0 0.02 0.02 0 0 0 0 0 0 0 0 0 0 0 0 0.01 0 0 0.03 0 0.01 0 0.02 0.01 0 0 0.01 0.17;0.46 0.02 0 0.02 0 0 0 0.03 0 0.01 0.04 0.04 0.01 0 0 0 0 0 0 0.02 0.01 0 0 0 0 0.01 0.13 0 0.02 0 0 0 0 0 0.01 0.17;0.46 0.02 0.03 0.04 0 0 0 0.13 0 0 0.02 0 0 0 0.04 0 0.02 0 0 0 0.01 0 0 0.01 0 0 0 0 0.01 0.01 0 0.01 0 0.02 0 0.17;
0.4 0 0.04 0.09 0.02 0.02 0 0.04 0 0.05 0 0.01 0 0 0 0.14 0 0.02 0 0.02 0 0 0.01 0.06 0 0 0.01 0 0 0.01 0 0.02 0.01 0 0 0.03;0.4 0 0.04 0 0.01 0 0 0.01 0 0 0.09 0.02 0.02 0 0 0.14 0 0.02 0.01 0 0.02 0.01 0.01 0 0 0.06 0.04 0 0.05 0 0.02 0 0 0 0 0.03;0.4 0 0.01 0.09 0 0.01 0.01 0.04 0 0 0 0.01 0 0 0.02 0.14 0 0 0 0.02 0 0 0 0.06 0.01 0.02 0.04 0 0 0.02 0 0.02 0 0.05 0 0.03;
0.44 0.01 0.03 0.04 0.02 0.01 0.01 0.17 0 0.01 0.01 0 0 0.01 0 0.1 0 0.02 0.01 0 0 0 0 0.04 0 0.02 0.01 0.01 0 0 0 0 0.01 0 0.01 0.01;0.44 0.01 0.03 0.01 0 0 0.01 0.01 0.01 0 0.04 0.02 0.01 0.01 0 0.1 0 0.02 0 0 0 0.01 0 0.02 0 0.04 0.17 0 0.01 0.01 0 0 0 0 0.01 0.01;0.44 0.01 0.01 0.04 0 0 0 0.17 0.01 0 0.01 0 0.01 0.01 0.02 0.1 0 0.02 0 0 0.01 0 0.01 0.04 0.01 0.02 0.03 0 0 0.01 0 0 0 0.01 0 0.01;
0.43 0.01 0.02 0.08 0.02 0 0 0.12 0 0.01 0.03 0 0.01 0 0 0.08 0 0 0.02 0.02 0.02 0 0 0.03 0 0.01 0.02 0 0.01 0 0.01 0 0.01 0 0 0.04;0.43 0.01 0.02 0.03 0 0.01 0 0.02 0 0.01 0.08 0.02 0 0 0 0.08 0 0 0 0.01 0 0.01 0 0.01 0 0.03 0.12 0 0.01 0.02 0.02 0.02 0 0 0 0.04;0.43 0.03 0.02 0.08 0 0 0 0.12 0.02 0 0.01 0 0 0 0.02 0.08 0.01 0.01 0 0.02 0 0 0 0.03 0.01 0 0.02 0.01 0.01 0 0 0 0 0.01 0.02 0.04;
0.4 0 0.02 0.03 0 0.01 0.01 0.09 0 0.02 0.02 0.02 0 0 0.01 0.23 0 0 0 0.02 0 0.01 0 0.04 0 0.02 0.03 0 0 0 0 0.01 0 0 0 0.01;0.4 0 0.02 0.02 0.02 0 0 0.03 0 0 0.03 0 0.01 0.01 0.01 0.23 0 0 0 0 0.01 0 0 0.02 0 0.04 0.09 0 0.02 0 0.02 0 0.01 0 0 0.01;0.4 0.02 0.03 0.03 0.01 0 0 0.09 0 0 0 0.02 0 0 0 0.23 0 0.02 0 0.02 0 0.01 0.01 0.04 0 0 0.02 0 0 0.01 0 0.01 0 0.02 0 0.01;
0.47 0.03 0.01 0.13 0.03 0 0.01 0.05 0.01 0.01 0 0.02 0.02 0 0 0.05 0 0.01 0 0.01 0.02 0 0 0.01 0 0 0 0 0.01 0.01 0 0.05 0 0 0.02 0.02;0.47 0.03 0.01 0 0.02 0.02 0 0 0 0.01 0.13 0.03 0 0.01 0 0.05 0 0.01 0.01 0 0.05 0 0 0 0 0.01 0.05 0.01 0.01 0 0.01 0.02 0 0 0.02 0.02;0.47 0 0 0.13 0 0.01 0 0.05 0 0 0.03 0.02 0 0 0.03 0.05 0 0 0.01 0.01 0.02 0 0.01 0.01 0 0.01 0.01 0.02 0.01 0 0 0.05 0 0.01 0.02 0.02;
0.42 0.05 0.01 0.04 0.01 0 0 0.09 0.01 0.04 0.04 0.01 0 0 0.01 0.08 0 0 0.03 0.01 0 0 0 0.05 0 0 0.01 0 0.01 0 0 0.02 0.01 0.01 0.01 0.03;0.42 0.05 0.01 0.04 0.01 0 0 0.01 0 0.01 0.04 0.01 0 0 0.01 0.08 0 0 0 0 0.02 0.01 0 0 0 0.05 0.09 0.01 0.04 0.03 0.01 0 0 0.01 0.01 0.03;0.42 0.04 0.01 0.04 0.01 0 0 0.09 0.03 0.01 0.05 0.01 0 0 0.01 0.08 0 0 0.01 0.01 0.01 0 0 0.05 0.01 0 0.01 0 0.01 0 0 0.02 0 0.04 0 0.03;
0.42 0.01 0.04 0 0.01 0 0.01 0.14 0.01 0.03 0.04 0 0 0 0.01 0.12 0 0.01 0.01 0 0 0 0 0.05 0.01 0 0.01 0 0.02 0 0 0 0 0.01 0.01 0.03;0.42 0.01 0.04 0.04 0 0 0 0.01 0 0.02 0 0.01 0 0.01 0.01 0.12 0 0.01 0 0 0 0 0 0 0.01 0.05 0.14 0.01 0.03 0.01 0 0 0 0.01 0.01 0.03;0.42 0.04 0.01 0 0.01 0 0 0.14 0.01 0.01 0.01 0 0 0 0.01 0.12 0 0 0.01 0 0.01 0 0.01 0.05 0 0.01 0.04 0 0.02 0 0 0 0.01 0.03 0 0.03;
0.38 0.04 0.01 0.18 0.02 0 0.01 0.02 0 0.02 0.03 0.01 0 0 0.02 0.13 0 0.01 0 0.02 0 0 0 0 0 0 0.02 0 0 0 0.01 0.02 0 0 0 0.05;0.38 0.04 0.01 0.03 0.01 0 0 0.02 0 0 0.18 0.02 0 0.01 0.02 0.13 0 0.01 0 0.01 0.02 0 0 0 0 0 0.02 0 0.02 0 0.02 0 0 0 0 0.05;0.38 0.03 0.02 0.18 0.02 0 0 0.02 0 0 0.04 0.01 0 0 0.02 0.13 0.01 0 0 0.02 0 0 0.01 0 0 0.01 0.01 0 0 0 0 0.02 0 0.02 0 0.05;
0.37 0.02 0.04 0.06 0.06 0.02 0.01 0.04 0.02 0.04 0.01 0 0 0 0 0.02 0 0 0.01 0.01 0.01 0 0 0.02 0 0 0.04 0.01 0.02 0.01 0 0.02 0 0 0.01 0.13;0.37 0.02 0.04 0.01 0 0 0 0.04 0.01 0.02 0.06 0.06 0.02 0.01 0 0.02 0 0 0.01 0 0.02 0 0 0 0 0.02 0.04 0.02 0.04 0.01 0.01 0.01 0 0 0.01 0.13;0.37 0.01 0.04 0.06 0 0.01 0 0.04 0.01 0 0.02 0 0.01 0 0.06 0.02 0 0 0.02 0.01 0.01 0 0.01 0.02 0 0 0.04 0 0.02 0.02 0 0.02 0 0.04 0.01 0.13;
0.38 0 0.03 0.02 0.05 0.01 0 0.15 0 0.02 0.01 0 0 0 0 0.17 0 0.01 0 0 0 0 0 0.03 0 0 0.03 0 0.01 0.02 0 0.01 0 0 0 0.05;0.38 0 0.03 0.01 0 0 0 0.03 0 0.01 0.02 0.05 0.01 0 0 0.17 0 0.01 0.02 0 0.01 0 0 0 0 0.03 0.15 0 0.02 0 0 0 0 0 0 0.05;0.38 0.01 0.03 0.02 0 0.02 0 0.15 0 0 0 0 0 0 0.05 0.17 0 0 0 0 0 0 0 0.03 0 0.01 0.03 0 0.01 0.01 0 0.01 0 0.02 0 0.05;
0.38 0.02 0 0.07 0.02 0 0 0.14 0.02 0 0.05 0.01 0.02 0 0.01 0.17 0.01 0.01 0.01 0 0.01 0 0 0.01 0 0 0 0.01 0.01 0 0 0 0 0 0 0.02;0.38 0.02 0 0.05 0.01 0.02 0 0 0.01 0.01 0.07 0.02 0 0 0.01 0.17 0.01 0.01 0 0 0 0 0 0 0 0.01 0.14 0.02 0 0.01 0 0.01 0 0 0 0.02;0.38 0.05 0 0.07 0.01 0 0 0.14 0.01 0 0.02 0.01 0.01 0 0.02 0.17 0 0 0.02 0 0 0 0 0.01 0 0.01 0 0.02 0.01 0 0.01 0 0 0 0.01 0.02;
0.43 0 0.05 0.14 0.02 0.03 0 0.03 0.01 0.03 0 0.03 0 0 0 0.11 0 0 0.01 0.06 0 0.02 0 0.01 0 0.01 0 0 0 0 0.01 0 0 0 0 0;0.43 0 0.05 0 0.03 0 0 0 0 0 0.14 0.02 0.03 0 0 0.11 0 0 0 0.01 0 0 0 0.01 0 0.01 0.03 0.01 0.03 0.01 0.06 0 0.02 0 0 0;0.43 0 0 0.14 0 0 0 0.03 0.01 0 0 0.03 0 0 0.02 0.11 0.01 0.01 0.01 0.06 0 0.02 0 0.01 0 0 0.05 0 0 0.03 0 0 0 0.03 0 0;
0.47 0 0.03 0.04 0.01 0 0.02 0.11 0 0.01 0.03 0.02 0 0 0 0.09 0 0 0 0 0.01 0 0 0.02 0 0.01 0.01 0.01 0.02 0.01 0 0 0 0 0 0.08;0.47 0 0.03 0.03 0.02 0 0 0.01 0.01 0.02 0.04 0.01 0 0.02 0 0.09 0 0 0.01 0 0 0 0 0.01 0 0.02 0.11 0 0.01 0 0 0.01 0 0 0 0.08;0.47 0.03 0.01 0.04 0 0.01 0 0.11 0 0 0 0.02 0.01 0 0.01 0.09 0 0.01 0 0 0 0 0.02 0.02 0 0 0.03 0 0.02 0 0 0 0 0.01 0.01 0.08;
0.36 0.06 0.03 0.07 0 0 0 0.05 0 0.03 0.02 0.01 0 0 0.01 0.06 0 0 0 0 0.01 0 0 0 0 0 0.02 0 0.02 0.02 0 0.05 0 0.02 0 0.16;0.36 0.06 0.03 0.02 0.01 0 0 0.02 0 0.02 0.07 0 0 0 0.01 0.06 0 0 0.02 0 0.05 0 0 0 0 0 0.05 0 0.03 0 0 0.01 0 0.02 0 0.16;0.36 0.02 0.02 0.07 0.01 0.02 0 0.05 0 0.02 0.06 0.01 0 0 0 0.06 0 0 0 0 0 0 0 0 0 0 0.03 0 0.02 0 0 0.05 0 0.03 0.01 0.16;
0.44 0.03 0 0.02 0.04 0 0.01 0.11 0.01 0.01 0 0 0 0.01 0 0.05 0 0 0 0 0 0 0 0.03 0 0 0.07 0 0.03 0 0 0 0 0 0.01 0.13;0.44 0.03 0 0 0 0 0.01 0.07 0 0.03 0.02 0.04 0 0.01 0 0.05 0 0 0 0 0 0 0 0 0 0.03 0.11 0.01 0.01 0 0 0 0 0 0.01 0.13;0.44 0 0.07 0.02 0 0 0 0.11 0 0 0.03 0 0 0.01 0.04 0.05 0 0 0.01 0 0.01 0 0.01 0.03 0 0 0 0 0.03 0 0 0 0 0.01 0 0.13;
0.51 0 0.02 0.06 0.03 0 0.01 0.1 0.02 0.01 0.01 0 0 0 0 0 0 0 0.02 0 0.02 0 0 0 0 0 0.01 0.01 0 0.01 0 0.01 0 0 0 0.15;0.51 0 0.02 0.01 0 0 0 0.01 0.01 0 0.06 0.03 0 0.01 0 0 0 0 0.01 0 0.01 0 0 0 0 0 0.1 0.02 0.01 0.02 0 0.02 0 0 0 0.15;0.51 0.01 0.01 0.06 0 0.01 0 0.1 0.02 0 0 0 0.01 0 0.03 0 0 0 0.02 0 0 0 0.01 0 0 0 0.02 0 0 0 0 0.01 0 0.01 0.02 0.15;
0.34 0.01 0.02 0.18 0.01 0.03 0 0.01 0 0.02 0.04 0.04 0 0.01 0.01 0.13 0 0.02 0 0.03 0.02 0 0 0 0 0 0 0 0 0.02 0 0.03 0 0 0 0.03;0.34 0.01 0.02 0.04 0.04 0 0.01 0 0 0 0.18 0.01 0.03 0 0.01 0.13 0 0.02 0.02 0 0.03 0 0 0 0 0 0.01 0 0.02 0 0.03 0.02 0 0 0 0.03;0.34 0.04 0 0.18 0.01 0.02 0 0.01 0 0 0.01 0.04 0 0.01 0.01 0.13 0 0 0 0.03 0 0 0 0 0 0.02 0.02 0 0 0.03 0 0.03 0 0.02 0.02 0.03;
0.5 0 0.01 0.07 0.02 0.01 0.01 0.03 0 0.02 0.04 0.05 0.02 0 0 0.08 0 0.01 0.02 0.01 0 0 0 0 0 0 0 0 0.01 0 0 0.01 0 0.01 0 0.07;0.5 0 0.01 0.04 0.05 0.02 0 0 0 0.01 0.07 0.02 0.01 0.01 0 0.08 0 0.01 0 0 0.01 0 0 0 0 0 0.03 0 0.02 0.02 0.01 0 0 0.01 0 0.07;0.5 0.04 0 0.07 0 0 0 0.03 0.02 0.01 0 0.05 0 0 0.02 0.08 0 0 0 0.01 0 0 0.01 0 0 0.01 0.01 0.02 0.01 0.01 0 0.01 0 0.02 0 0.07;
0.4 0.04 0.02 0.03 0.01 0.01 0 0.17 0.01 0.03 0.01 0 0 0 0.01 0.06 0 0 0 0 0 0 0 0 0 0 0.02 0 0.05 0 0 0.01 0 0.01 0.01 0.1;0.4 0.04 0.02 0.01 0 0 0 0.02 0 0.05 0.03 0.01 0.01 0 0.01 0.06 0 0 0 0 0.01 0 0 0 0 0 0.17 0.01 0.03 0 0 0 0 0.01 0.01 0.1;0.4 0.01 0.02 0.03 0.01 0 0 0.17 0 0.01 0.04 0 0 0 0.01 0.06 0 0 0.01 0 0.01 0 0 0 0 0 0.02 0 0.05 0.01 0 0.01 0 0.03 0 0.1;
0.41 0 0.01 0.15 0.02 0.01 0 0.03 0 0 0.03 0 0.01 0 0 0.02 0 0.01 0 0 0.01 0 0 0 0 0.03 0.01 0.01 0.02 0 0.01 0.04 0.01 0 0 0.16;0.41 0 0.01 0.03 0 0.01 0 0.01 0.01 0.02 0.15 0.02 0.01 0 0 0.02 0 0.01 0 0.01 0.04 0.01 0 0.03 0 0 0.03 0 0 0 0 0.01 0 0 0 0.16;0.41 0.03 0.01 0.15 0 0 0 0.03 0 0 0 0 0.01 0 0.02 0.02 0.01 0.03 0 0 0 0 0 0 0.01 0.01 0.01 0.01 0.02 0.01 0 0.04 0 0 0.01 0.16;
0.44 0.04 0.01 0.06 0.02 0 0 0.09 0 0.01 0.03 0.02 0.01 0 0 0.16 0 0 0.01 0 0 0 0 0.01 0 0 0 0 0.02 0 0 0.01 0 0 0 0.06;0.44 0.04 0.01 0.03 0.02 0.01 0 0 0 0.02 0.06 0.02 0 0 0 0.16 0 0 0 0 0.01 0 0 0 0 0.01 0.09 0 0.01 0.01 0 0 0 0 0 0.06;0.44 0.03 0 0.06 0 0 0 0.09 0.01 0 0.04 0.02 0 0 0.02 0.16 0 0 0 0 0 0 0 0.01 0 0 0.01 0.01 0.02 0 0 0.01 0 0.01 0 0.06;
0.38 0.02 0.01 0.1 0.03 0.01 0 0.11 0.02 0.01 0.01 0 0.01 0 0.01 0.1 0 0 0 0.01 0 0 0 0.02 0 0.01 0.03 0 0 0 0 0.01 0 0 0 0.1;0.38 0.02 0.01 0.01 0 0.01 0 0.03 0 0 0.1 0.03 0.01 0 0.01 0.1 0 0 0 0 0.01 0 0 0.01 0 0.02 0.11 0.02 0.01 0 0.01 0 0 0 0 0.1;0.38 0.01 0.03 0.1 0.01 0 0 0.11 0 0 0.02 0 0 0 0.03 0.1 0 0.01 0.02 0.01 0 0 0 0.02 0 0 0.01 0.01 0 0.01 0 0.01 0 0.01 0 0.1;
0.41 0.05 0 0.08 0.02 0.01 0.03 0.1 0.01 0 0.03 0.01 0.01 0 0.01 0.1 0.01 0 0 0.01 0.01 0 0 0 0 0.01 0.01 0 0.02 0 0 0.01 0 0 0.01 0.04;0.41 0.05 0 0.03 0.01 0.01 0 0.01 0 0.02 0.08 0.02 0.01 0.03 0.01 0.1 0.01 0 0 0 0.01 0 0 0.01 0 0 0.1 0.01 0 0 0.01 0.01 0 0 0.01 0.04;0.41 0.03 0.01 0.08 0.01 0 0 0.1 0 0 0.05 0.01 0 0 0.02 0.1 0 0.01 0.01 0.01 0.01 0 0.03 0 0 0 0 0.01 0.02 0.01 0.01 0.01 0 0 0.01 0.04;
0.43 0 0.07 0.1 0 0.02 0 0.04 0 0.05 0.01 0 0 0 0 0.06 0 0 0.01 0 0.01 0 0 0.01 0.01 0 0.02 0.01 0.02 0 0.01 0.01 0 0.01 0 0.1;0.43 0 0.07 0.01 0 0 0 0.02 0.01 0.02 0.1 0 0.02 0 0 0.06 0 0 0 0.01 0.01 0 0 0 0.01 0.01 0.04 0 0.05 0.01 0 0.01 0 0.01 0 0.1;0.43 0.01 0.02 0.1 0 0 0 0.04 0.01 0.01 0 0 0.01 0 0 0.06 0.01 0 0 0 0 0 0 0.01 0 0 0.07 0 0.02 0.02 0 0.01 0.01 0.05 0.01 0.1;
0.43 0 0.02 0.07 0.02 0 0 0.12 0.01 0.02 0 0.01 0 0 0 0 0 0 0 0 0 0 0 0.01 0 0.01 0.04 0 0.03 0.02 0.01 0.02 0 0.03 0 0.13;0.43 0 0.02 0 0.01 0 0 0.04 0 0.03 0.07 0.02 0 0 0 0 0 0 0.02 0.01 0.02 0 0 0.01 0 0.01 0.12 0.01 0.02 0 0 0 0 0.03 0 0.13;0.43 0 0.04 0.07 0 0.02 0 0.12 0 0.03 0 0.01 0 0 0.02 0 0.01 0.01 0.01 0 0 0 0 0.01 0 0 0.02 0 0.03 0 0 0.02 0 0.02 0 0.13;
0.41 0.02 0 0.06 0.04 0 0.02 0.07 0.01 0 0.03 0.01 0 0 0 0.08 0.01 0 0 0 0 0 0 0.03 0 0 0 0 0.03 0 0.03 0.03 0 0 0.01 0.11;0.41 0.02 0 0.03 0.01 0 0 0 0 0.03 0.06 0.04 0 0.02 0 0.08 0.01 0 0 0.03 0.03 0 0 0 0 0.03 0.07 0.01 0 0 0 0 0 0 0.01 0.11;0.41 0.03 0 0.06 0 0 0 0.07 0 0 0.02 0.01 0 0 0.04 0.08 0.03 0 0.01 0 0.01 0 0.02 0.03 0 0 0 0 0.03 0 0.01 0.03 0 0 0 0.11;
0.35 0.02 0 0.03 0.02 0 0.01 0.12 0.03 0.01 0.01 0 0.01 0 0 0.07 0.01 0 0 0.01 0 0 0 0.02 0 0 0.07 0.01 0.06 0 0.01 0 0 0.02 0.01 0.1;0.35 0.02 0 0.01 0 0.01 0 0.07 0.01 0.06 0.03 0.02 0 0.01 0 0.07 0.01 0 0 0.01 0 0 0 0 0 0.02 0.12 0.03 0.01 0 0.01 0 0 0.02 0.01 0.1;0.35 0.01 0.07 0.03 0 0 0 0.12 0 0.02 0.02 0 0.01 0 0.02 0.07 0.01 0 0.03 0.01 0.01 0 0.01 0.02 0 0 0 0.01 0.06 0 0.01 0 0 0.01 0 0.1;
0.53 0.01 0.01 0.1 0.02 0.02 0 0.03 0 0 0.06 0 0 0.01 0 0.12 0 0.02 0 0.01 0 0 0.01 0.01 0 0.01 0.01 0 0 0 0.01 0 0 0 0 0.01;0.53 0.01 0.01 0.06 0 0 0.01 0.01 0 0 0.1 0.02 0.02 0 0 0.12 0 0.02 0 0.01 0 0 0.01 0.01 0 0.01 0.03 0 0 0 0.01 0 0 0 0 0.01;0.53 0.06 0.01 0.1 0 0 0.01 0.03 0 0 0.01 0 0 0.01 0.02 0.12 0.01 0.01 0 0.01 0 0 0 0.01 0 0.02 0.01 0 0 0.02 0 0 0 0 0 0.01;
0.42 0.05 0.01 0.08 0 0 0 0.06 0 0.02 0.01 0.01 0 0 0.01 0.21 0 0 0 0.03 0 0 0 0.01 0 0.01 0.01 0 0 0.01 0.03 0 0 0.01 0 0.01;0.42 0.05 0.01 0.01 0.01 0 0 0.01 0 0 0.08 0 0 0 0.01 0.21 0 0 0.01 0.03 0 0 0 0.01 0 0.01 0.06 0 0.02 0 0.03 0 0 0.01 0 0.01;0.42 0.01 0.01 0.08 0.01 0.01 0 0.06 0 0.01 0.05 0.01 0 0 0 0.21 0.03 0.01 0 0.03 0 0 0 0.01 0 0 0.01 0 0 0 0 0 0 0.02 0 0.01;
0.48 0 0.01 0.06 0 0.02 0 0.05 0 0.02 0.04 0.01 0 0 0 0.18 0 0.01 0 0.01 0 0 0 0.04 0 0.01 0.01 0 0 0.01 0 0.01 0 0 0 0.03;0.48 0 0.01 0.04 0.01 0 0 0.01 0 0 0.06 0 0.02 0 0 0.18 0 0.01 0.01 0 0.01 0 0 0.01 0 0.04 0.05 0 0.02 0 0.01 0 0 0 0 0.03;0.48 0.04 0.01 0.06 0 0.01 0 0.05 0 0 0 0.01 0 0 0 0.18 0 0.01 0 0.01 0 0 0 0.04 0 0.01 0.01 0 0 0.02 0 0.01 0 0.02 0 0.03;
0.38 0.01 0 0.11 0.05 0.01 0 0.05 0 0.02 0.05 0.01 0 0 0 0.09 0 0.02 0.03 0.01 0.01 0 0 0.04 0 0.01 0.01 0 0.01 0 0.02 0 0.01 0.01 0 0.04;0.38 0.01 0 0.05 0.01 0 0 0.01 0 0.01 0.11 0.05 0.01 0 0 0.09 0 0.02 0 0.02 0 0.01 0 0.01 0 0.04 0.05 0 0.02 0.03 0.01 0.01 0 0.01 0 0.04;0.38 0.05 0.01 0.11 0 0 0 0.05 0.03 0.01 0.01 0.01 0 0 0.05 0.09 0.02 0.01 0 0.01 0 0 0 0.04 0.01 0.02 0 0 0.01 0.01 0 0 0 0.02 0.01 0.04;
0.44 0.01 0.01 0.12 0.03 0.01 0 0.03 0 0 0.02 0.02 0 0 0.02 0.13 0 0 0 0.01 0 0 0 0 0 0 0.02 0 0 0.01 0.02 0 0 0 0.02 0.08;0.44 0.01 0.01 0.02 0.02 0 0 0.02 0 0 0.12 0.03 0.01 0 0.02 0.13 0 0 0.01 0.02 0 0 0 0 0 0 0.03 0 0 0 0.01 0 0 0 0.02 0.08;0.44 0.02 0.02 0.12 0.02 0.01 0 0.03 0 0 0.01 0.02 0 0 0.03 0.13 0.02 0 0 0.01 0.02 0 0 0 0 0 0.01 0 0 0.01 0 0 0 0 0 0.08;
0.41 0.03 0 0.1 0.03 0.01 0 0.07 0.01 0.05 0.01 0 0 0 0 0.11 0 0 0 0 0.01 0 0 0.03 0 0 0.01 0 0 0 0 0.02 0 0.01 0 0.09;0.41 0.03 0 0.01 0 0 0 0.01 0 0 0.1 0.03 0.01 0 0 0.11 0 0 0 0 0.02 0 0 0 0 0.03 0.07 0.01 0.05 0 0 0.01 0 0.01 0 0.09;0.41 0.01 0.01 0.1 0 0 0 0.07 0 0.01 0.03 0 0 0 0.03 0.11 0 0 0.01 0 0 0 0 0.03 0 0 0 0 0 0.01 0 0.02 0 0.05 0.01 0.09;
0.37 0 0.04 0.09 0.07 0 0 0.08 0 0.04 0 0 0 0 0 0.04 0 0 0 0.01 0.02 0 0 0.01 0 0.02 0.04 0 0.02 0.02 0 0.01 0 0.01 0.01 0.1;0.37 0 0.04 0 0 0 0 0.04 0 0.02 0.09 0.07 0 0 0 0.04 0 0 0.02 0 0.01 0 0 0.02 0 0.01 0.08 0 0.04 0 0.01 0.02 0 0.01 0.01 0.1;0.37 0 0.04 0.09 0 0.02 0 0.08 0 0.01 0 0 0 0 0.07 0.04 0 0.02 0 0.01 0.01 0 0 0.01 0 0 0.04 0 0.02 0 0 0.01 0 0.04 0.02 0.1;
0.39 0.05 0.02 0.15 0 0.02 0 0.04 0 0.02 0 0.02 0 0.01 0.01 0.06 0 0 0 0 0 0 0 0 0 0.01 0.02 0.01 0 0 0 0.05 0 0 0 0.12;0.39 0.05 0.02 0 0.02 0 0.01 0.02 0.01 0 0.15 0 0.02 0 0.01 0.06 0 0 0 0 0.05 0 0 0.01 0 0 0.04 0 0.02 0 0 0 0 0 0 0.12;0.39 0 0.02 0.15 0.01 0 0 0.04 0 0 0.05 0.02 0.01 0.01 0 0.06 0 0.01 0 0 0 0 0 0 0 0 0.02 0 0 0.02 0 0.05 0 0.02 0 0.12;
0.4 0 0 0 0.01 0.01 0.03 0.17 0 0.02 0.03 0 0 0 0 0.19 0 0 0.01 0.01 0 0 0 0.08 0 0.01 0 0.01 0 0 0.01 0.01 0 0 0 0;0.4 0 0 0.03 0 0 0 0 0.01 0 0 0.01 0.01 0.03 0 0.19 0 0 0 0.01 0.01 0 0 0.01 0 0.08 0.17 0 0.02 0.01 0.01 0 0 0 0 0;0.4 0.03 0 0 0 0 0 0.17 0.01 0 0 0 0.01 0 0.01 0.19 0.01 0.01 0 0.01 0 0 0.03 0.08 0 0 0 0 0 0.01 0 0.01 0 0.02 0 0;
0.43 0 0.03 0.1 0.01 0.01 0 0.02 0 0.05 0.02 0 0.01 0.01 0 0.15 0 0 0.01 0.02 0 0 0 0.01 0 0.01 0.02 0 0.03 0.01 0.02 0.01 0 0 0 0.02;0.43 0 0.03 0.02 0 0.01 0.01 0.02 0 0.03 0.1 0.01 0.01 0 0 0.15 0 0 0.01 0.02 0.01 0 0 0.01 0 0.01 0.02 0 0.05 0.01 0.02 0 0 0 0 0.02;0.43 0.02 0.02 0.1 0 0.01 0 0.02 0.01 0 0 0 0 0.01 0.01 0.15 0.02 0.01 0 0.02 0 0 0 0.01 0 0 0.03 0.01 0.03 0.01 0 0.01 0 0.05 0 0.02;
0.43 0.03 0 0 0.03 0 0.01 0.12 0.02 0.02 0.01 0 0 0 0 0.11 0 0 0.01 0 0.01 0 0 0.01 0 0.03 0.05 0 0.02 0 0.01 0 0 0.01 0 0.07;0.43 0.03 0 0.01 0 0 0 0.05 0 0.02 0 0.03 0 0.01 0 0.11 0 0 0 0.01 0 0 0 0.03 0 0.01 0.12 0.02 0.02 0.01 0 0.01 0 0.01 0 0.07;0.43 0.01 0.05 0 0 0 0 0.12 0.01 0.01 0.03 0 0 0 0.03 0.11 0.01 0.03 0.02 0 0 0 0.01 0.01 0 0 0 0 0.02 0 0 0 0 0.02 0.01 0.07;
0.36 0 0 0.13 0.05 0.01 0 0.05 0 0.01 0.01 0.04 0.01 0 0 0.14 0.01 0.01 0 0.01 0 0.01 0 0.01 0.01 0.03 0.03 0 0.02 0 0 0 0 0 0.01 0.04;0.36 0 0 0.01 0.04 0.01 0 0.03 0 0.02 0.13 0.05 0.01 0 0 0.14 0.01 0.01 0 0 0 0 0 0.03 0.01 0.01 0.05 0 0.01 0 0.01 0 0.01 0 0.01 0.04;0.36 0.01 0.03 0.13 0 0 0 0.05 0 0 0 0.04 0 0 0.05 0.14 0 0.03 0 0.01 0.01 0.01 0 0.01 0 0.01 0 0.01 0.02 0.01 0.01 0 0.01 0.01 0 0.04;
0.44 0.02 0.01 0.21 0.01 0 0 0.01 0 0.02 0 0.02 0 0.01 0.01 0.11 0 0 0 0.02 0.01 0 0 0 0 0 0.01 0 0 0 0 0 0 0 0 0.09;0.44 0.02 0.01 0 0.02 0 0.01 0.01 0 0 0.21 0.01 0 0 0.01 0.11 0 0 0 0 0 0 0 0 0 0 0.01 0 0.02 0 0.02 0.01 0 0 0 0.09;0.44 0 0.01 0.21 0.01 0 0 0.01 0 0 0.02 0.02 0 0.01 0.01 0.11 0 0 0 0.02 0 0 0 0 0 0 0.01 0 0 0 0 0 0 0.02 0.01 0.09;
0.41 0.03 0.01 0.13 0.01 0.01 0 0.01 0.03 0 0.04 0.02 0 0 0 0.12 0 0.01 0 0.02 0 0 0.01 0 0 0.01 0 0 0.01 0 0.03 0 0 0 0 0.09;0.41 0.03 0.01 0.04 0.02 0 0 0 0 0.01 0.13 0.01 0.01 0 0 0.12 0 0.01 0 0.03 0 0 0.01 0.01 0 0 0.01 0.03 0 0 0.02 0 0 0 0 0.09;0.41 0.04 0 0.13 0 0 0.01 0.01 0 0 0.03 0.02 0 0 0.01 0.12 0.03 0.01 0.03 0.02 0 0 0 0 0 0.01 0.01 0 0.01 0.01 0 0 0 0 0 0.09;
0.47 0.03 0 0.1 0.03 0 0.01 0 0 0.02 0 0.06 0 0 0 0.1 0 0 0.01 0.02 0 0 0.01 0 0 0 0.01 0 0 0.01 0.02 0.02 0 0 0 0.08;0.47 0.03 0 0 0.06 0 0 0.01 0 0 0.1 0.03 0 0.01 0 0.1 0 0 0.01 0.02 0.02 0 0.01 0 0 0 0 0 0.02 0.01 0.02 0 0 0 0 0.08;0.47 0 0.01 0.1 0 0.01 0.01 0 0.01 0 0.03 0.06 0 0 0.03 0.1 0.02 0 0 0.02 0 0 0.01 0 0 0 0 0 0 0 0 0.02 0 0.02 0 0.08;
0.39 0.04 0.02 0.08 0.04 0 0.01 0.11 0.01 0 0.03 0.06 0 0 0.01 0.13 0 0.01 0 0.01 0 0 0 0.05 0 0 0 0 0 0 0 0 0 0 0 0;0.39 0.04 0.02 0.03 0.06 0 0 0 0 0 0.08 0.04 0 0.01 0.01 0.13 0 0.01 0 0 0 0 0 0 0 0.05 0.11 0.01 0 0 0.01 0 0 0 0 0;0.39 0.03 0 0.08 0.01 0 0 0.11 0 0 0.04 0.06 0 0 0.04 0.13 0 0 0.01 0.01 0 0 0.01 0.05 0 0.01 0.02 0 0 0 0 0 0 0 0 0;
0.38 0 0 0.11 0.01 0 0.01 0.08 0 0.01 0.06 0.01 0.01 0.01 0 0.14 0 0.01 0 0.04 0.01 0 0 0 0.01 0.01 0 0 0.01 0 0 0.02 0 0.01 0 0.05;0.38 0 0 0.06 0.01 0.01 0.01 0 0 0.01 0.11 0.01 0 0.01 0 0.14 0 0.01 0 0 0.02 0 0 0.01 0.01 0 0.08 0 0.01 0 0.04 0.01 0 0.01 0 0.05;0.38 0.06 0 0.11 0 0 0 0.08 0 0.01 0 0.01 0 0.01 0.01 0.14 0 0.01 0 0.04 0 0 0.01 0 0 0.01 0 0.01 0.01 0 0 0.02 0.01 0.01 0.01 0.05;
0.41 0.03 0.01 0.09 0.02 0 0 0.03 0 0.02 0.02 0.01 0 0 0 0.01 0 0 0 0 0.01 0 0 0 0 0 0.05 0 0 0.02 0.01 0.09 0 0 0.01 0.16;0.41 0.03 0.01 0.02 0.01 0 0 0.05 0 0 0.09 0.02 0 0 0 0.01 0 0 0.02 0.01 0.09 0 0 0 0 0 0.03 0 0.02 0 0 0.01 0 0 0.01 0.16;0.41 0.02 0.05 0.09 0 0.02 0 0.03 0 0 0.03 0.01 0 0 0.02 0.01 0.01 0 0 0 0.01 0 0 0 0 0 0.01 0 0 0 0 0.09 0 0.02 0.01 0.16;
0.47 0 0 0.12 0.04 0.02 0 0.01 0 0.01 0.01 0 0 0 0.01 0.04 0 0 0 0 0.02 0 0.01 0 0 0 0 0 0.01 0.01 0.02 0.05 0 0.02 0 0.13;0.47 0 0 0.01 0 0 0 0 0 0.01 0.12 0.04 0.02 0 0.01 0.04 0 0 0.01 0.02 0.05 0 0.01 0 0 0 0.01 0 0.01 0 0 0.02 0 0.02 0 0.13;0.47 0.01 0 0.12 0.01 0.01 0.01 0.01 0 0.02 0 0 0 0 0.04 0.04 0.02 0 0 0 0 0 0 0 0 0 0 0 0.01 0.02 0 0.05 0 0.01 0.02 0.13;
0.42 0.03 0.02 0.11 0.02 0.01 0.01 0.03 0.01 0 0.01 0.01 0 0 0.01 0.09 0.01 0 0 0.01 0 0 0 0.01 0 0 0.01 0 0.01 0 0 0.05 0 0 0.01 0.11;0.42 0.03 0.02 0.01 0.01 0 0 0.01 0 0.01 0.11 0.02 0.01 0.01 0.01 0.09 0.01 0 0 0 0.05 0 0 0 0 0.01 0.03 0.01 0 0 0.01 0 0 0 0.01 0.11;0.42 0.01 0.01 0.11 0.01 0 0 0.03 0 0 0.03 0.01 0 0 0.02 0.09 0 0 0.01 0.01 0.01 0 0.01 0.01 0 0 0.02 0 0.01 0.01 0.01 0.05 0 0 0 0.11;
0.42 0.03 0.02 0.11 0.03 0.01 0 0.03 0 0.01 0.05 0.02 0.01 0 0.01 0.18 0 0 0 0.01 0 0 0 0 0 0 0.01 0 0 0 0 0.02 0 0.01 0 0.02;0.42 0.03 0.02 0.05 0.02 0.01 0 0.01 0 0 0.11 0.03 0.01 0 0.01 0.18 0 0 0 0 0.02 0 0 0 0 0 0.03 0 0.01 0 0.01 0 0 0.01 0 0.02;0.42 0.05 0.01 0.11 0.01 0 0 0.03 0 0.01 0.03 0.02 0 0 0.03 0.18 0 0 0 0.01 0 0 0 0 0 0 0.02 0.01 0 0.01 0 0.02 0 0.01 0 0.02;
0.44 0.04 0.01 0 0.01 0 0.01 0.15 0 0 0.04 0 0 0 0 0.02 0 0 0 0 0.01 0 0 0 0 0 0.01 0 0.03 0 0.02 0.01 0.01 0.01 0 0.18;0.44 0.04 0.01 0.04 0 0 0 0.01 0 0.03 0 0.01 0 0.01 0 0.02 0 0 0 0.02 0.01 0.01 0 0 0 0 0.15 0 0 0 0 0.01 0 0.01 0 0.18;0.44 0.04 0.01 0 0 0 0 0.15 0 0.01 0.04 0 0 0 0.01 0.02 0.02 0 0 0 0 0 0.01 0 0.01 0 0.01 0 0.03 0 0 0.01 0 0 0.01 0.18;
0.34 0.06 0 0.01 0.04 0 0.01 0.09 0.01 0.02 0.02 0.01 0 0.01 0.01 0.19 0 0.01 0.01 0 0.01 0 0 0.05 0 0 0 0 0 0.01 0 0.01 0.01 0 0.01 0.06;0.34 0.06 0 0.02 0.01 0 0.01 0 0 0 0.01 0.04 0 0.01 0.01 0.19 0 0.01 0.01 0 0.01 0.01 0 0 0 0.05 0.09 0.01 0.02 0.01 0 0.01 0 0 0.01 0.06;0.34 0.02 0 0.01 0.01 0.01 0 0.09 0.01 0 0.06 0.01 0 0.01 0.04 0.19 0 0 0.01 0 0.01 0 0.01 0.05 0.01 0.01 0 0 0 0 0 0.01 0 0.02 0.01 0.06;
0.38 0.02 0.01 0.01 0.01 0 0 0.19 0 0.04 0.03 0 0 0 0 0.14 0 0 0 0 0 0 0 0 0 0.02 0.02 0 0.04 0 0 0 0 0 0 0.09;0.38 0.02 0.01 0.03 0 0 0 0.02 0 0.04 0.01 0.01 0 0 0 0.14 0 0 0 0 0 0 0 0.02 0 0 0.19 0 0.04 0 0 0 0 0 0 0.09;0.38 0.03 0.02 0.01 0 0 0 0.19 0 0 0.02 0 0 0 0.01 0.14 0 0.02 0 0 0 0 0 0 0 0 0.01 0 0.04 0 0 0 0 0.04 0 0.09;
0.41 0.01 0.03 0.06 0.01 0.01 0.01 0.11 0 0 0.01 0 0 0 0 0.06 0 0 0 0 0.02 0 0 0 0 0 0 0 0.02 0 0.02 0.01 0 0.02 0.01 0.18;0.41 0.01 0.03 0.01 0 0 0 0 0 0.02 0.06 0.01 0.01 0.01 0 0.06 0 0 0 0.02 0.01 0 0 0 0 0 0.11 0 0 0 0 0.02 0 0.02 0.01 0.18;0.41 0.01 0 0.06 0 0 0 0.11 0 0.02 0.01 0 0 0 0.01 0.06 0.02 0 0 0 0.01 0 0.01 0 0 0 0.03 0 0.02 0.01 0 0.01 0 0 0.02 0.18;
0.37 0.01 0.05 0 0 0 0 0.14 0 0.03 0.05 0 0 0 0 0.01 0 0 0 0 0.01 0 0 0 0 0 0.04 0 0.05 0 0 0 0 0 0 0.24;0.37 0.01 0.05 0.05 0 0 0 0.04 0 0.05 0 0 0 0 0 0.01 0 0 0 0 0 0 0 0 0 0 0.14 0 0.03 0 0 0.01 0 0 0 0.24;0.37 0.05 0.04 0 0 0 0 0.14 0 0 0.01 0 0 0 0 0.01 0 0 0 0 0 0 0 0 0 0 0.05 0 0.05 0 0 0 0 0.03 0.01 0.24;
0.36 0.01 0.02 0.04 0.01 0.01 0 0.17 0.02 0.01 0.01 0.02 0.01 0 0 0.16 0 0.01 0.01 0.03 0.01 0 0 0.04 0.01 0.02 0 0 0 0 0.01 0 0 0 0 0.01;0.36 0.01 0.02 0.01 0.02 0.01 0 0 0 0 0.04 0.01 0.01 0 0 0.16 0 0.01 0 0.01 0 0 0 0.02 0.01 0.04 0.17 0.02 0.01 0.01 0.03 0.01 0 0 0 0.01;0.36 0.01 0 0.04 0 0 0 0.17 0.01 0 0.01 0.02 0 0 0.01 0.16 0.01 0.02 0.02 0.03 0 0 0 0.04 0 0.01 0.02 0.01 0 0.01 0 0 0.01 0.01 0.01 0.01;
0.32 0.02 0.03 0.11 0.03 0.02 0 0.09 0 0.04 0 0 0 0 0.01 0.08 0 0.01 0 0 0 0 0 0.01 0 0 0.03 0 0.02 0.01 0 0.06 0 0.01 0 0.1;0.32 0.02 0.03 0 0 0 0 0.03 0 0.02 0.11 0.03 0.02 0 0.01 0.08 0 0.01 0.01 0 0.06 0 0 0 0 0.01 0.09 0 0.04 0 0 0 0 0.01 0 0.1;0.32 0 0.03 0.11 0.01 0.01 0 0.09 0 0.01 0.02 0 0 0 0.03 0.08 0 0 0 0 0 0 0 0.01 0 0.01 0.03 0 0.02 0.02 0 0.06 0 0.04 0 0.1;
0.49 0.03 0.01 0.05 0.03 0 0.01 0.08 0.01 0.01 0.02 0.03 0 0 0 0.15 0.01 0 0 0 0 0 0 0 0 0.02 0.01 0 0 0.02 0 0.01 0 0 0 0.01;0.49 0.03 0.01 0.02 0.03 0 0 0.01 0 0 0.05 0.03 0 0.01 0 0.15 0.01 0 0.02 0 0.01 0 0 0.02 0 0 0.08 0.01 0.01 0 0 0 0 0 0 0.01;0.49 0.02 0.01 0.05 0 0.02 0 0.08 0 0 0.03 0.03 0 0 0.03 0.15 0 0.02 0.01 0 0 0 0.01 0 0 0 0.01 0 0 0 0.01 0.01 0 0.01 0 0.01;
0.41 0.01 0 0.18 0.01 0.01 0 0 0.01 0.03 0.01 0.02 0 0 0.01 0.14 0.01 0.01 0 0.03 0 0 0 0 0 0.02 0.03 0 0 0.03 0 0 0 0 0 0.03;0.41 0.01 0 0.01 0.02 0 0 0.03 0 0 0.18 0.01 0.01 0 0.01 0.14 0.01 0.01 0.03 0 0 0 0 0.02 0 0 0 0.01 0.03 0 0.03 0 0 0 0 0.03;0.41 0.01 0.03 0.18 0.01 0.03 0 0 0 0 0.01 0.02 0 0 0.01 0.14 0 0.02 0.01 0.03 0 0 0 0 0 0.01 0 0 0 0.01 0.01 0 0 0.03 0 0.03;
0.47 0 0.05 0.04 0.03 0 0 0.07 0 0.05 0.06 0.02 0 0 0 0.11 0 0.02 0 0 0 0.01 0 0.02 0 0 0.01 0 0 0.01 0 0 0 0 0 0.03;0.47 0 0.05 0.06 0.02 0 0 0.01 0 0 0.04 0.03 0 0 0 0.11 0 0.02 0.01 0 0 0 0 0 0 0.02 0.07 0 0.05 0 0 0 0.01 0 0 0.03;0.47 0.06 0.01 0.04 0 0.01 0 0.07 0 0 0 0.02 0 0 0.03 0.11 0 0 0 0 0 0.01 0 0.02 0 0.02 0.05 0 0 0 0 0 0 0.05 0 0.03;
0.48 0 0.01 0.08 0 0 0 0.06 0.01 0.03 0.02 0.01 0 0 0 0.11 0 0.01 0 0.01 0.01 0 0 0 0 0 0.02 0 0.01 0 0.01 0.02 0 0.01 0 0.09;0.48 0 0.01 0.02 0.01 0 0 0.02 0 0.01 0.08 0 0 0 0 0.11 0 0.01 0 0.01 0.02 0 0 0 0 0 0.06 0.01 0.03 0 0.01 0.01 0 0.01 0 0.09;0.48 0.02 0.02 0.08 0 0 0 0.06 0 0.01 0 0.01 0 0 0 0.11 0.01 0 0.01 0.01 0 0 0 0 0 0.01 0.01 0 0.01 0 0 0.02 0 0.03 0.01 0.09;
0.38 0.02 0 0.17 0.05 0.01 0 0.04 0.02 0.01 0.01 0 0 0 0.01 0 0 0 0 0 0 0 0 0 0 0.01 0.02 0 0 0 0.01 0.06 0.01 0 0.01 0.16;0.38 0.02 0 0.01 0 0 0 0.02 0 0 0.17 0.05 0.01 0 0.01 0 0 0 0 0.01 0.06 0.01 0 0.01 0 0 0.04 0.02 0.01 0 0 0 0 0 0.01 0.16;0.38 0.01 0.02 0.17 0.01 0 0 0.04 0 0 0.02 0 0 0 0.05 0 0.01 0.01 0.02 0 0.01 0 0 0 0.01 0 0 0 0 0.01 0 0.06 0 0.01 0 0.16;
0.35 0.02 0.01 0.07 0.02 0.02 0.01 0.08 0.01 0.01 0.04 0.02 0 0 0.01 0.14 0 0.01 0 0 0.03 0 0 0.02 0.01 0 0.01 0.01 0.03 0 0.01 0.01 0.01 0 0.02 0.02;0.35 0.02 0.01 0.04 0.02 0 0 0.01 0.01 0.03 0.07 0.02 0.02 0.01 0.01 0.14 0 0.01 0 0.01 0.01 0.01 0 0 0.01 0.02 0.08 0.01 0.01 0 0 0.03 0 0 0.02 0.02;0.35 0.04 0.01 0.07 0.01 0 0 0.08 0 0 0.02 0.02 0.01 0 0.02 0.14 0.01 0 0.01 0 0.02 0 0.01 0.02 0.01 0.01 0.01 0 0.03 0.02 0 0.01 0.01 0.01 0.03 0.02;
0.39 0 0.03 0.14 0.01 0 0.01 0.01 0.01 0.01 0.03 0.03 0 0 0 0.07 0 0.03 0 0.02 0 0.01 0.01 0.01 0.01 0.01 0.04 0 0.01 0.01 0 0.04 0 0 0 0.06;0.39 0 0.03 0.03 0.03 0 0 0.04 0 0.01 0.14 0.01 0 0.01 0 0.07 0 0.03 0.01 0 0.04 0 0.01 0.01 0.01 0.01 0.01 0.01 0.01 0 0.02 0 0.01 0 0 0.06;0.39 0.03 0.04 0.14 0 0.01 0.01 0.01 0 0 0 0.03 0 0 0.01 0.07 0 0.01 0.01 0.02 0 0.01 0.01 0.01 0 0.03 0.03 0 0.01 0 0 0.04 0.01 0.01 0 0.06;
0.41 0.02 0 0.07 0.01 0 0.03 0.06 0.01 0.06 0 0.02 0 0 0 0.07 0 0.01 0 0 0.01 0.01 0 0.01 0 0 0.02 0 0.01 0 0 0.05 0 0 0 0.12;0.41 0.02 0 0 0.02 0 0 0.02 0 0.01 0.07 0.01 0 0.03 0 0.07 0 0.01 0 0 0.05 0 0 0 0 0.01 0.06 0.01 0.06 0 0 0.01 0.01 0 0 0.12;0.41 0 0.02 0.07 0 0 0 0.06 0 0 0.02 0.02 0 0 0.01 0.07 0 0 0.01 0 0 0.01 0.03 0.01 0 0.01 0 0 0.01 0 0 0.05 0 0.06 0.01 0.12;
0.48 0 0.03 0.07 0.02 0.01 0.01 0.08 0 0.02 0.03 0.02 0 0 0 0.1 0 0.03 0.01 0.01 0.01 0.01 0.01 0.01 0 0.02 0.01 0 0 0 0 0 0 0 0 0.01;0.48 0 0.03 0.03 0.02 0 0 0.01 0 0 0.07 0.02 0.01 0.01 0 0.1 0 0.03 0 0 0 0 0.01 0.02 0 0.01 0.08 0 0.02 0.01 0.01 0.01 0.01 0 0 0.01;0.48 0.03 0.01 0.07 0 0 0.01 0.08 0.01 0 0 0.02 0 0 0.02 0.1 0 0.02 0 0.01 0 0.01 0.01 0.01 0 0.03 0.03 0 0 0.01 0 0 0 0.02 0.01 0.01;
0.49 0.03 0.02 0.01 0 0 0.01 0.12 0.01 0.05 0 0 0 0 0 0.09 0.01 0.01 0 0 0.02 0 0 0.07 0 0 0 0 0 0 0 0 0 0.02 0 0.04;0.49 0.03 0.02 0 0 0 0 0 0 0 0.01 0 0 0.01 0 0.09 0.01 0.01 0 0 0 0 0 0 0 0.07 0.12 0.01 0.05 0 0 0.02 0 0.02 0 0.04;0.49 0 0 0.01 0 0 0 0.12 0 0.02 0.03 0 0 0 0 0.09 0 0 0.01 0 0 0 0.01 0.07 0 0.01 0.02 0 0 0 0.01 0 0 0.05 0.02 0.04;
0.45 0.04 0.03 0.13 0 0.02 0 0.01 0 0.02 0.02 0 0 0 0 0.03 0 0.01 0 0.01 0 0 0 0 0 0 0.03 0 0.02 0 0 0.05 0 0.02 0.02 0.09;0.45 0.04 0.03 0.02 0 0 0 0.03 0 0.02 0.13 0 0.02 0 0 0.03 0 0.01 0 0 0.05 0 0 0 0 0 0.01 0 0.02 0 0.01 0 0 0.02 0.02 0.09;0.45 0.02 0.03 0.13 0 0 0 0.01 0 0.02 0.04 0 0 0 0 0.03 0 0 0 0.01 0.02 0 0 0 0 0.01 0.03 0 0.02 0.02 0 0.05 0 0.02 0 0.09;
0.38 0.03 0.02 0 0.02 0 0 0.25 0 0.02 0.03 0.01 0 0 0.01 0.18 0 0 0.01 0 0 0 0 0.03 0 0.01 0 0 0 0 0 0 0 0 0 0;0.38 0.03 0.02 0.03 0.01 0 0 0 0 0 0 0.02 0 0 0.01 0.18 0 0 0 0 0 0 0 0.01 0 0.03 0.25 0 0.02 0.01 0 0 0 0 0 0;0.38 0.03 0 0 0.01 0 0 0.25 0.01 0 0.03 0.01 0 0 0.02 0.18 0 0.01 0 0 0 0 0 0.03 0 0 0.02 0 0 0 0 0 0 0.02 0 0;
0.45 0 0.04 0.04 0 0 0.01 0.09 0 0.01 0.04 0.01 0 0 0 0.07 0 0 0.01 0 0 0 0 0.07 0 0.01 0.03 0.01 0.01 0 0 0.03 0 0.01 0 0.06;0.45 0 0.04 0.04 0.01 0 0 0.03 0.01 0.01 0.04 0 0 0.01 0 0.07 0 0 0 0 0.03 0 0 0.01 0 0.07 0.09 0 0.01 0.01 0 0 0 0.01 0 0.06;0.45 0.04 0.03 0.04 0 0 0 0.09 0.01 0.01 0 0.01 0.01 0 0 0.07 0 0.01 0 0 0 0 0.01 0.07 0 0 0.04 0 0.01 0 0 0.03 0 0.01 0 0.06;
0.35 0.04 0.01 0.09 0 0 0 0.09 0.01 0.03 0.03 0.04 0 0.01 0.01 0.17 0 0.02 0 0.01 0.01 0 0 0.06 0.01 0 0.01 0 0 0 0 0 0 0 0 0;0.35 0.04 0.01 0.03 0.04 0 0.01 0.01 0 0 0.09 0 0 0 0.01 0.17 0 0.02 0 0 0 0 0 0 0.01 0.06 0.09 0.01 0.03 0 0.01 0.01 0 0 0 0;0.35 0.03 0.01 0.09 0.01 0 0 0.09 0 0 0.04 0.04 0 0.01 0 0.17 0 0 0.01 0.01 0 0 0 0.06 0 0.02 0.01 0 0 0 0 0 0.01 0.03 0.01 0;
0.39 0.03 0.02 0.09 0.01 0.01 0 0.07 0 0.05 0.01 0.01 0 0 0.01 0.03 0 0 0 0.01 0.01 0 0.01 0.01 0 0.01 0.01 0 0.02 0.01 0 0.03 0 0.03 0.01 0.11;0.39 0.03 0.02 0.01 0.01 0 0 0.01 0 0.02 0.09 0.01 0.01 0 0.01 0.03 0 0 0.01 0 0.03 0 0.01 0.01 0 0.01 0.07 0 0.05 0 0.01 0.01 0 0.03 0.01 0.11;0.39 0.01 0.01 0.09 0.01 0.01 0.01 0.07 0 0.03 0.03 0.01 0 0 0.01 0.03 0 0.01 0 0.01 0.01 0 0 0.01 0 0 0.02 0 0.02 0.01 0 0.03 0 0.05 0.01 0.11;
0.43 0.04 0.01 0.12 0.04 0 0 0.04 0 0.01 0 0.01 0 0 0 0.13 0 0 0 0.02 0.02 0 0 0 0 0.01 0.01 0.01 0.01 0.01 0 0.01 0 0 0.01 0.06;0.43 0.04 0.01 0 0.01 0 0 0.01 0.01 0.01 0.12 0.04 0 0 0 0.13 0 0 0.01 0 0.01 0 0 0.01 0 0 0.04 0 0.01 0 0.02 0.02 0 0 0.01 0.06;0.43 0 0.01 0.12 0 0.01 0 0.04 0 0 0.04 0.01 0.01 0 0.04 0.13 0 0.01 0 0.02 0.01 0 0 0 0 0 0.01 0 0.01 0 0 0.01 0 0.01 0.02 0.06;
0.45 0.03 0.02 0.14 0.01 0 0 0.02 0 0.02 0.03 0.01 0.01 0 0 0.05 0 0 0 0.02 0 0 0 0 0.01 0.01 0 0 0.01 0.01 0 0.03 0 0 0 0.12;0.45 0.03 0.02 0.03 0.01 0.01 0 0 0 0.01 0.14 0.01 0 0 0 0.05 0 0 0.01 0 0.03 0 0 0.01 0.01 0 0.02 0 0.02 0 0.02 0 0 0 0 0.12;0.45 0.03 0 0.14 0 0.01 0 0.02 0 0 0.03 0.01 0 0 0.01 0.05 0 0.01 0 0.02 0 0 0 0 0 0 0.02 0.01 0.01 0 0 0.03 0.01 0.02 0 0.12;
0.36 0.01 0.04 0.01 0.05 0 0.01 0.15 0 0.01 0.01 0 0 0 0 0.25 0 0.02 0 0.01 0 0 0 0.05 0 0.01 0 0 0 0 0 0 0 0 0 0.01;0.36 0.01 0.04 0.01 0 0 0 0 0 0 0.01 0.05 0 0.01 0 0.25 0 0.02 0 0 0 0 0 0.01 0 0.05 0.15 0 0.01 0 0.01 0 0 0 0 0.01;0.36 0.01 0 0.01 0 0 0 0.15 0 0 0.01 0 0 0 0.05 0.25 0 0.01 0 0.01 0 0 0.01 0.05 0 0.02 0.04 0 0 0 0 0 0 0.01 0 0.01;
0.34 0.03 0 0.09 0.01 0.01 0.01 0.08 0 0.01 0.03 0.02 0 0 0.01 0.06 0 0 0 0 0 0 0.01 0.06 0 0.01 0 0 0.04 0 0.01 0 0 0 0.02 0.15;0.34 0.03 0 0.03 0.02 0 0 0 0 0.04 0.09 0.01 0.01 0.01 0.01 0.06 0 0 0 0.01 0 0 0.01 0.01 0 0.06 0.08 0 0.01 0 0 0 0 0 0.02 0.15;0.34 0.03 0 0.09 0.01 0 0.01 0.08 0 0 0.03 0.02 0 0 0.01 0.06 0.01 0.01 0 0 0.02 0 0.01 0.06 0 0 0 0 0.04 0.01 0 0 0 0.01 0 0.15;
0.29 0 0.04 0.08 0 0.01 0.01 0.12 0 0.06 0.01 0 0 0 0 0.2 0 0.01 0 0.02 0.01 0 0 0.04 0 0.05 0.01 0 0.03 0 0 0.01 0 0 0 0;0.29 0 0.04 0.01 0 0 0 0.01 0 0.03 0.08 0 0.01 0.01 0 0.2 0 0.01 0 0 0.01 0 0 0.05 0 0.04 0.12 0 0.06 0 0.02 0.01 0 0 0 0;0.29 0.01 0.01 0.08 0 0 0 0.12 0 0 0 0 0 0 0 0.2 0 0.05 0 0.02 0 0 0.01 0.04 0 0.01 0.04 0 0.03 0.01 0 0.01 0 0.06 0.01 0;
0.45 0 0.01 0.19 0.01 0.01 0.01 0.01 0.01 0.01 0.02 0.03 0 0 0.01 0.13 0 0.01 0 0.01 0 0 0 0 0 0.01 0.03 0 0 0.01 0 0.02 0 0 0.01 0;0.45 0 0.01 0.02 0.03 0 0 0.03 0 0 0.19 0.01 0.01 0.01 0.01 0.13 0 0.01 0.01 0 0.02 0 0 0.01 0 0 0.01 0.01 0.01 0 0.01 0 0 0 0.01 0;0.45 0.02 0.03 0.19 0.01 0.01 0 0.01 0 0 0 0.03 0 0 0.01 0.13 0 0.01 0.01 0.01 0.01 0 0.01 0 0 0.01 0.01 0 0 0.01 0 0.02 0 0.01 0 0;
0.53 0.01 0.01 0.16 0.02 0.01 0 0.02 0 0 0 0.01 0 0 0 0.1 0 0 0 0 0.02 0 0 0.01 0 0.01 0.01 0.01 0 0.01 0.01 0 0 0 0.01 0.04;0.53 0.01 0.01 0 0.01 0 0 0.01 0.01 0 0.16 0.02 0.01 0 0 0.1 0 0 0.01 0.01 0 0 0 0.01 0 0.01 0.02 0 0 0 0 0.02 0 0 0.01 0.04;0.53 0 0.01 0.16 0 0.01 0 0.02 0 0 0.01 0.01 0.01 0 0.02 0.1 0.01 0.01 0 0 0.01 0 0 0.01 0 0 0.01 0 0 0.01 0 0 0 0 0.02 0.04;
0.51 0.01 0.02 0.11 0.04 0.01 0 0 0 0 0.02 0 0 0 0.01 0.17 0.01 0.01 0 0.03 0.01 0 0.01 0 0 0 0.01 0 0 0 0 0 0 0 0 0.02;0.51 0.01 0.02 0.02 0 0 0 0.01 0 0 0.11 0.04 0.01 0 0.01 0.17 0.01 0.01 0 0 0 0 0.01 0 0 0 0 0 0 0 0.03 0.01 0 0 0 0.02;0.51 0.02 0.01 0.11 0.01 0 0.01 0 0 0 0.01 0 0 0 0.04 0.17 0 0 0 0.03 0 0 0 0 0 0.01 0.02 0 0 0.01 0.01 0 0 0 0.01 0.02;
0.41 0.01 0 0.06 0.05 0 0.02 0.08 0.02 0.01 0 0.01 0 0.01 0 0.08 0.01 0 0 0.02 0 0 0 0.04 0 0 0.03 0 0.04 0 0.03 0.01 0.02 0.01 0 0.03;0.41 0.01 0 0 0.01 0 0.01 0.03 0 0.04 0.06 0.05 0 0.02 0 0.08 0.01 0 0 0.03 0.01 0.02 0 0 0 0.04 0.08 0.02 0.01 0 0.02 0 0 0.01 0 0.03;0.41 0 0.03 0.06 0 0 0 0.08 0 0.01 0.01 0.01 0 0.01 0.05 0.08 0.03 0 0.02 0.02 0 0 0.02 0.04 0.02 0 0 0 0.04 0 0.01 0.01 0 0.01 0 0.03;
0.4 0.01 0.01 0.12 0.05 0.02 0.02 0.01 0.01 0.01 0.01 0.05 0 0 0 0.1 0 0.01 0 0.02 0 0 0 0 0.01 0 0.02 0 0.01 0.02 0 0.01 0.01 0 0.01 0.06;0.4 0.01 0.01 0.01 0.05 0 0 0.02 0 0.01 0.12 0.05 0.02 0.02 0 0.1 0 0.01 0.02 0 0.01 0.01 0 0 0.01 0 0.01 0.01 0.01 0 0.02 0 0 0 0.01 0.06;0.4 0.01 0.02 0.12 0 0.02 0 0.01 0 0 0.01 0.05 0 0 0.05 0.1 0 0 0.01 0.02 0.01 0 0.02 0 0.01 0.01 0.01 0 0.01 0.02 0 0.01 0.01 0.01 0 0.06;
0.45 0.03 0.01 0.09 0.01 0.01 0.02 0.06 0.01 0 0 0 0 0.01 0 0.15 0 0 0.01 0.02 0 0 0 0.02 0 0.01 0.02 0.02 0.01 0 0.01 0.01 0 0.01 0 0.01;0.45 0.03 0.01 0 0 0 0.01 0.02 0.02 0.01 0.09 0.01 0.01 0.02 0 0.15 0 0 0 0.01 0.01 0 0 0.01 0 0.02 0.06 0.01 0 0.01 0.02 0 0 0.01 0 0.01;0.45 0 0.02 0.09 0 0 0 0.06 0.01 0.01 0.03 0 0.02 0.01 0.01 0.15 0.01 0.01 0.01 0.02 0 0 0.02 0.02 0 0 0.01 0 0.01 0.01 0 0.01 0 0 0 0.01;
0.46 0.02 0.01 0.19 0.02 0.01 0 0.03 0.01 0 0.03 0 0.01 0 0.01 0.06 0 0 0 0.04 0 0 0 0.01 0 0 0.03 0 0.02 0 0 0.02 0 0 0 0.02;0.46 0.02 0.01 0.03 0 0.01 0 0.03 0 0.02 0.19 0.02 0.01 0 0.01 0.06 0 0 0 0 0.02 0 0 0 0 0.01 0.03 0.01 0 0 0.04 0 0 0 0 0.02;0.46 0.03 0.03 0.19 0.01 0 0 0.03 0 0 0.02 0 0 0 0.02 0.06 0 0 0.01 0.04 0 0 0 0.01 0 0 0.01 0.01 0.02 0.01 0 0.02 0 0 0 0.02;
0.35 0 0.01 0.1 0.02 0 0 0.08 0.01 0.04 0.02 0.01 0 0 0 0.1 0.01 0.01 0 0 0 0 0 0.07 0 0.02 0.03 0 0 0 0.01 0.03 0 0.01 0 0.07;0.35 0 0.01 0.02 0.01 0 0 0.03 0 0 0.1 0.02 0 0 0 0.1 0.01 0.01 0 0.01 0.03 0 0 0.02 0 0.07 0.08 0.01 0.04 0 0 0 0 0.01 0 0.07;0.35 0.02 0.03 0.1 0 0 0 0.08 0 0.01 0 0.01 0 0 0.02 0.1 0.01 0.02 0.01 0 0 0 0 0.07 0 0.01 0.01 0 0 0 0.01 0.03 0 0.04 0 0.07;
0.39 0.03 0.04 0.06 0.06 0 0 0.1 0 0.03 0.02 0.02 0 0 0 0.13 0 0 0.01 0 0 0 0.01 0.02 0 0.02 0.04 0 0 0.01 0 0 0 0.01 0 0;0.39 0.03 0.04 0.02 0.02 0 0 0.04 0 0 0.06 0.06 0 0 0 0.13 0 0 0.01 0 0 0 0.01 0.02 0 0.02 0.1 0 0.03 0.01 0 0 0 0.01 0 0;0.39 0.02 0.04 0.06 0 0.01 0.01 0.1 0.01 0.01 0.03 0.02 0 0 0.06 0.13 0 0.02 0 0 0 0 0 0.02 0 0 0.04 0 0 0 0 0 0 0.03 0 0;
0.34 0 0.01 0.17 0.01 0.03 0 0.02 0.01 0 0.04 0.03 0 0 0 0.13 0.01 0.01 0 0.01 0 0.01 0.01 0 0 0 0.01 0 0.02 0 0.01 0.03 0 0.01 0.01 0.07;0.34 0 0.01 0.04 0.03 0 0 0.01 0 0.02 0.17 0.01 0.03 0 0 0.13 0.01 0.01 0 0.01 0.03 0 0.01 0 0 0 0.02 0.01 0 0 0.01 0 0.01 0.01 0.01 0.07;0.34 0.04 0.01 0.17 0 0 0.01 0.02 0 0.01 0 0.03 0 0 0.01 0.13 0.01 0 0.01 0.01 0.01 0.01 0 0 0 0.01 0.01 0 0.02 0.03 0.01 0.03 0 0 0 0.07;
0.44 0 0.02 0.15 0.02 0.01 0 0.05 0 0.02 0.01 0.03 0.01 0 0 0.12 0 0.02 0 0.01 0 0 0 0.02 0 0.03 0.02 0 0 0 0.01 0 0 0 0 0.01;0.44 0 0.02 0.01 0.03 0.01 0 0.02 0 0 0.15 0.02 0.01 0 0 0.12 0 0.02 0 0.01 0 0 0 0.03 0 0.02 0.05 0 0.02 0 0.01 0 0 0 0 0.01;0.44 0.01 0.02 0.15 0 0 0 0.05 0 0 0 0.03 0 0 0.02 0.12 0.01 0.03 0 0.01 0 0 0 0.02 0 0.02 0.02 0.01 0 0.01 0 0 0 0.02 0 0.01;
0.42 0.01 0.01 0.06 0.02 0 0.01 0.15 0 0 0.05 0.01 0 0 0 0.12 0 0.01 0 0 0 0 0 0.04 0 0 0 0.01 0.01 0 0.01 0.02 0 0.01 0 0.03;0.42 0.01 0.01 0.05 0.01 0 0 0 0.01 0.01 0.06 0.02 0 0.01 0 0.12 0 0.01 0 0.01 0.02 0 0 0 0 0.04 0.15 0 0 0 0 0 0 0.01 0 0.03;0.42 0.05 0 0.06 0 0 0 0.15 0 0.01 0.01 0.01 0.01 0 0.02 0.12 0.01 0 0 0 0 0 0.01 0.04 0 0.01 0.01 0 0.01 0 0 0.02 0 0 0 0.03;
0.49 0.03 0.01 0.03 0.03 0 0 0.08 0.01 0 0.02 0 0 0 0 0.07 0 0 0.03 0.01 0 0 0 0.06 0 0 0 0 0.01 0 0.01 0 0 0 0.02 0.09;0.49 0.03 0.01 0.02 0 0 0 0 0 0.01 0.03 0.03 0 0 0 0.07 0 0 0 0.01 0 0 0 0 0 0.06 0.08 0.01 0 0.03 0.01 0 0 0 0.02 0.09;0.49 0.02 0 0.03 0 0 0 0.08 0.03 0 0.03 0 0 0 0.03 0.07 0.01 0 0.01 0.01 0.02 0 0 0.06 0 0 0.01 0 0.01 0 0 0 0 0 0 0.09;
0.44 0.03 0 0.11 0.01 0 0.02 0.03 0 0 0.03 0.01 0 0.01 0 0.1 0 0 0 0 0.01 0 0 0 0 0.01 0.01 0 0 0 0 0.05 0 0.01 0.02 0.1;0.44 0.03 0 0.03 0.01 0 0.01 0.01 0 0 0.11 0.01 0 0.02 0 0.1 0 0 0 0 0.05 0 0 0.01 0 0 0.03 0 0 0 0 0.01 0 0.01 0.02 0.1;0.44 0.03 0.01 0.11 0 0 0 0.03 0 0.01 0.03 0.01 0 0.01 0.01 0.1 0 0.01 0 0 0.02 0 0.02 0 0 0 0 0 0 0 0 0.05 0 0 0.01 0.1;
0.42 0.04 0 0.11 0.02 0.01 0 0.11 0.01 0 0 0 0 0 0.01 0.07 0 0.01 0 0 0.01 0 0 0.01 0 0 0.02 0.01 0.02 0 0.01 0.02 0 0.01 0 0.08;0.42 0.04 0 0 0 0 0 0.02 0.01 0.02 0.11 0.02 0.01 0 0.01 0.07 0 0.01 0 0.01 0.02 0 0 0 0 0.01 0.11 0.01 0 0 0 0.01 0 0.01 0 0.08;0.42 0 0.02 0.11 0.01 0 0 0.11 0 0.01 0.04 0 0.01 0 0.02 0.07 0.01 0 0.01 0 0 0 0 0.01 0 0.01 0 0 0.02 0.01 0 0.02 0 0 0.01 0.08;
0.31 0.01 0.05 0.09 0.02 0 0 0.15 0 0.01 0.02 0.01 0 0 0 0.14 0 0.01 0 0.03 0 0.01 0 0.01 0 0.03 0.01 0 0.01 0 0.01 0.01 0 0 0.01 0.05;0.31 0.01 0.05 0.02 0.01 0 0 0.01 0 0.01 0.09 0.02 0 0 0 0.14 0 0.01 0 0.01 0.01 0 0 0.03 0 0.01 0.15 0 0.01 0 0.03 0 0.01 0 0.01 0.05;0.31 0.02 0.01 0.09 0 0 0 0.15 0 0 0.01 0.01 0 0 0.02 0.14 0.01 0.03 0 0.03 0.01 0.01 0 0.01 0 0.01 0.05 0 0.01 0 0 0.01 0 0.01 0 0.05;
0.52 0.03 0 0.12 0 0 0.01 0.01 0.01 0.01 0.01 0.01 0 0 0.01 0.19 0 0 0 0.03 0.01 0 0 0 0 0 0 0.01 0 0 0.02 0 0 0 0 0;0.52 0.03 0 0.01 0.01 0 0 0 0.01 0 0.12 0 0 0.01 0.01 0.19 0 0 0 0.02 0 0 0 0 0 0 0.01 0.01 0.01 0 0.03 0.01 0 0 0 0;0.52 0.01 0 0.12 0.01 0 0 0.01 0 0 0.03 0.01 0.01 0 0 0.19 0.02 0 0.01 0.03 0 0 0.01 0 0 0 0 0 0 0 0 0 0 0.01 0.01 0;
0.47 0.03 0.01 0.17 0.04 0.01 0 0.02 0.01 0.01 0.01 0.01 0 0.01 0 0.1 0 0 0 0.01 0.02 0 0.02 0 0 0.02 0 0 0 0 0.01 0 0 0 0 0.02;0.47 0.03 0.01 0.01 0.01 0 0.01 0 0 0 0.17 0.04 0.01 0 0 0.1 0 0 0 0.01 0 0 0.02 0.02 0 0 0.02 0.01 0.01 0 0.01 0.02 0 0 0 0.02;0.47 0.01 0 0.17 0 0 0.02 0.02 0 0 0.03 0.01 0 0.01 0.04 0.1 0.01 0.02 0.01 0.01 0 0 0 0 0 0 0.01 0 0 0.01 0 0 0 0.01 0.02 0.02;
0.46 0.03 0 0.06 0.03 0 0.01 0.1 0.03 0.01 0 0 0 0 0 0.07 0 0 0 0.01 0 0 0 0.02 0 0 0.01 0 0.04 0 0 0 0 0.02 0 0.1;0.46 0.03 0 0 0 0 0 0.01 0 0.04 0.06 0.03 0 0.01 0 0.07 0 0 0 0 0 0 0 0 0 0.02 0.1 0.03 0.01 0 0.01 0 0 0.02 0 0.1;0.46 0 0.01 0.06 0 0 0 0.1 0 0.02 0.03 0 0 0 0.03 0.07 0 0 0.03 0.01 0 0 0.01 0.02 0 0 0 0 0.04 0 0 0 0 0.01 0 0.1;
0.38 0.03 0 0.12 0.04 0 0 0.01 0.01 0.02 0.02 0.01 0.01 0 0.01 0.01 0 0 0 0.01 0 0 0 0 0 0.01 0.01 0 0 0 0.01 0.06 0 0.01 0.02 0.2;0.38 0.03 0 0.02 0.01 0.01 0 0.01 0 0 0.12 0.04 0 0 0.01 0.01 0 0 0 0.01 0.06 0 0 0.01 0 0 0.01 0.01 0.02 0 0.01 0 0 0.01 0.02 0.2;0.38 0.02 0.01 0.12 0.01 0 0 0.01 0 0.01 0.03 0.01 0 0 0.04 0.01 0.01 0.01 0.01 0.01 0.02 0 0 0 0 0 0 0.01 0 0 0 0.06 0 0.02 0 0.2;
0.5 0 0.01 0.01 0.02 0 0.01 0.09 0 0.01 0 0 0.01 0 0 0.16 0 0 0 0.01 0 0.01 0 0.06 0.01 0.01 0.01 0 0.01 0 0 0 0 0.04 0 0.02;0.5 0 0.01 0 0 0.01 0 0.01 0 0.01 0.01 0.02 0 0.01 0 0.16 0 0 0 0 0 0 0 0.01 0.01 0.06 0.09 0 0.01 0 0.01 0 0.01 0.04 0 0.02;0.5 0 0.01 0.01 0 0 0 0.09 0 0.04 0 0 0 0 0.02 0.16 0 0.01 0 0.01 0 0.01 0.01 0.06 0 0 0.01 0.01 0.01 0 0 0 0.01 0.01 0 0.02;
0.39 0.04 0.01 0.14 0.04 0 0.01 0.05 0.01 0 0.04 0.01 0 0 0.01 0.13 0.01 0 0 0.02 0 0 0 0.01 0 0 0.01 0 0.01 0.01 0.02 0.02 0 0 0 0.01;0.39 0.04 0.01 0.04 0.01 0 0 0.01 0 0.01 0.14 0.04 0 0.01 0.01 0.13 0.01 0 0.01 0.02 0.02 0 0 0 0 0.01 0.05 0.01 0 0 0.02 0 0 0 0 0.01;0.39 0.04 0.01 0.14 0.01 0.01 0 0.05 0 0 0.04 0.01 0 0 0.04 0.13 0.02 0 0.01 0.02 0 0 0.01 0.01 0 0 0.01 0 0.01 0 0.01 0.02 0 0 0 0.01;
0.42 0.05 0 0.03 0.03 0 0.01 0.13 0.01 0 0.04 0 0 0 0.01 0.14 0.02 0 0 0 0 0 0 0.04 0 0 0.01 0 0.01 0 0 0 0 0 0 0.05;0.42 0.05 0 0.04 0 0 0 0.01 0 0.01 0.03 0.03 0 0.01 0.01 0.14 0.02 0 0 0 0 0 0 0 0 0.04 0.13 0.01 0 0 0 0 0 0 0 0.05;0.42 0.04 0.01 0.03 0.01 0 0 0.13 0 0 0.05 0 0 0 0.03 0.14 0 0 0.01 0 0 0 0.01 0.04 0 0 0 0 0.01 0 0.02 0 0 0 0 0.05];