pntP=[0.542 0.09 0.085 0.077 0.019 0.07 0.011 0.006 0.011 0.052 0.006 0.009 0.005 0.016 0.001;0.542 0.09 0.07 0.011 0.006 0.085 0.077 0.019 0.011 0.052 0.006 0.009 0.016 0.005 0.001;0.542 0.07 0.085 0.011 0.009 0.09 0.011 0.006 0.077 0.052 0.016 0.019 0.005 0.006 0.001;
0.544 0.092 0.076 0.071 0.013 0.075 0.008 0.006 0.007 0.074 0.005 0.005 0.005 0.017 0.002;0.544 0.092 0.075 0.008 0.006 0.076 0.071 0.013 0.007 0.074 0.005 0.005 0.017 0.005 0.002;0.544 0.075 0.076 0.007 0.005 0.092 0.008 0.006 0.071 0.074 0.017 0.013 0.005 0.005 0.002;
0.575 0.083 0.076 0.069 0.018 0.071 0.007 0.009 0.003 0.052 0.01 0.004 0.007 0.015 0.001;0.575 0.083 0.071 0.007 0.009 0.076 0.069 0.018 0.003 0.052 0.01 0.004 0.015 0.007 0.001;0.575 0.071 0.076 0.003 0.004 0.083 0.007 0.009 0.069 0.052 0.015 0.018 0.007 0.01 0.001;
0.552 0.086 0.078 0.081 0.016 0.072 0.005 0.014 0.003 0.06 0.003 0.002 0.008 0.017 0.003;0.552 0.086 0.072 0.005 0.014 0.078 0.081 0.016 0.003 0.06 0.003 0.002 0.017 0.008 0.003;0.552 0.072 0.078 0.003 0.002 0.086 0.005 0.014 0.081 0.06 0.017 0.016 0.008 0.003 0.003;
0.551 0.068 0.077 0.083 0.023 0.078 0.008 0.006 0.011 0.048 0.004 0.009 0.009 0.023 0.002;0.551 0.068 0.078 0.008 0.006 0.077 0.083 0.023 0.011 0.048 0.004 0.009 0.023 0.009 0.002;0.551 0.078 0.077 0.011 0.009 0.068 0.008 0.006 0.083 0.048 0.023 0.023 0.009 0.004 0.002;
0.529 0.078 0.066 0.086 0.026 0.074 0.003 0.009 0.006 0.071 0.006 0.011 0.008 0.024 0.003;0.529 0.078 0.074 0.003 0.009 0.066 0.086 0.026 0.006 0.071 0.006 0.011 0.024 0.008 0.003;0.529 0.074 0.066 0.006 0.011 0.078 0.003 0.009 0.086 0.071 0.024 0.026 0.008 0.006 0.003;
0.556 0.101 0.054 0.077 0.015 0.076 0.004 0.014 0.004 0.059 0.009 0.008 0.005 0.015 0.003;0.556 0.101 0.076 0.004 0.014 0.054 0.077 0.015 0.004 0.059 0.009 0.008 0.015 0.005 0.003;0.556 0.076 0.054 0.004 0.008 0.101 0.004 0.014 0.077 0.059 0.015 0.015 0.005 0.009 0.003;
0.518 0.072 0.082 0.083 0.021 0.09 0.011 0.005 0.008 0.068 0.009 0.007 0.001 0.024 0.001;0.518 0.072 0.09 0.011 0.005 0.082 0.083 0.021 0.008 0.068 0.009 0.007 0.024 0.001 0.001;0.518 0.09 0.082 0.008 0.007 0.072 0.011 0.005 0.083 0.068 0.024 0.021 0.001 0.009 0.001;
0.55 0.076 0.06 0.077 0.016 0.101 0.008 0.004 0.003 0.07 0.01 0.006 0.003 0.013 0.003;0.55 0.076 0.101 0.008 0.004 0.06 0.077 0.016 0.003 0.07 0.01 0.006 0.013 0.003 0.003;0.55 0.101 0.06 0.003 0.006 0.076 0.008 0.004 0.077 0.07 0.013 0.016 0.003 0.01 0.003;
0.554 0.087 0.049 0.068 0.019 0.102 0.003 0.013 0.006 0.058 0.006 0.003 0.007 0.024 0.001;0.554 0.087 0.102 0.003 0.013 0.049 0.068 0.019 0.006 0.058 0.006 0.003 0.024 0.007 0.001;0.554 0.102 0.049 0.006 0.003 0.087 0.003 0.013 0.068 0.058 0.024 0.019 0.007 0.006 0.001;
0.568 0.064 0.063 0.085 0.017 0.071 0.006 0.004 0.003 0.074 0.006 0.009 0.004 0.024 0.002;0.568 0.064 0.071 0.006 0.004 0.063 0.085 0.017 0.003 0.074 0.006 0.009 0.024 0.004 0.002;0.568 0.071 0.063 0.003 0.009 0.064 0.006 0.004 0.085 0.074 0.024 0.017 0.004 0.006 0.002;
0.557 0.074 0.07 0.075 0.03 0.083 0.006 0.007 0.008 0.051 0.006 0.011 0.005 0.017 0;0.557 0.074 0.083 0.006 0.007 0.07 0.075 0.03 0.008 0.051 0.006 0.011 0.017 0.005 0;0.557 0.083 0.07 0.008 0.011 0.074 0.006 0.007 0.075 0.051 0.017 0.03 0.005 0.006 0;
0.537 0.077 0.065 0.096 0.019 0.073 0.005 0.005 0.008 0.067 0.01 0.007 0.005 0.022 0.004;0.537 0.077 0.073 0.005 0.005 0.065 0.096 0.019 0.008 0.067 0.01 0.007 0.022 0.005 0.004;0.537 0.073 0.065 0.008 0.007 0.077 0.005 0.005 0.096 0.067 0.022 0.019 0.005 0.01 0.004;
0.538 0.074 0.075 0.09 0.012 0.084 0.005 0.006 0.006 0.068 0.007 0.01 0.005 0.016 0.004;0.538 0.074 0.084 0.005 0.006 0.075 0.09 0.012 0.006 0.068 0.007 0.01 0.016 0.005 0.004;0.538 0.084 0.075 0.006 0.01 0.074 0.005 0.006 0.09 0.068 0.016 0.012 0.005 0.007 0.004;
0.538 0.084 0.064 0.082 0.022 0.083 0.006 0.011 0.002 0.063 0.011 0.006 0.005 0.021 0.002;0.538 0.084 0.083 0.006 0.011 0.064 0.082 0.022 0.002 0.063 0.011 0.006 0.021 0.005 0.002;0.538 0.083 0.064 0.002 0.006 0.084 0.006 0.011 0.082 0.063 0.021 0.022 0.005 0.011 0.002;
0.56 0.07 0.06 0.085 0.018 0.082 0.007 0.008 0.004 0.078 0.006 0.006 0.005 0.01 0.001;0.56 0.07 0.082 0.007 0.008 0.06 0.085 0.018 0.004 0.078 0.006 0.006 0.01 0.005 0.001;0.56 0.082 0.06 0.004 0.006 0.07 0.007 0.008 0.085 0.078 0.01 0.018 0.005 0.006 0.001;
0.579 0.079 0.056 0.074 0.018 0.073 0.004 0.012 0.003 0.06 0.005 0.003 0.008 0.025 0.001;0.579 0.079 0.073 0.004 0.012 0.056 0.074 0.018 0.003 0.06 0.005 0.003 0.025 0.008 0.001;0.579 0.073 0.056 0.003 0.003 0.079 0.004 0.012 0.074 0.06 0.025 0.018 0.008 0.005 0.001;
0.568 0.064 0.06 0.078 0.016 0.097 0.005 0.009 0.005 0.06 0.009 0.002 0.003 0.022 0.002;0.568 0.064 0.097 0.005 0.009 0.06 0.078 0.016 0.005 0.06 0.009 0.002 0.022 0.003 0.002;0.568 0.097 0.06 0.005 0.002 0.064 0.005 0.009 0.078 0.06 0.022 0.016 0.003 0.009 0.002;
0.532 0.1 0.068 0.079 0.017 0.079 0.006 0.005 0.004 0.068 0.008 0.01 0.005 0.018 0.001;0.532 0.1 0.079 0.006 0.005 0.068 0.079 0.017 0.004 0.068 0.008 0.01 0.018 0.005 0.001;0.532 0.079 0.068 0.004 0.01 0.1 0.006 0.005 0.079 0.068 0.018 0.017 0.005 0.008 0.001;
0.566 0.088 0.066 0.07 0.014 0.063 0.006 0.004 0.008 0.073 0.007 0.006 0.007 0.018 0.004;0.566 0.088 0.063 0.006 0.004 0.066 0.07 0.014 0.008 0.073 0.007 0.006 0.018 0.007 0.004;0.566 0.063 0.066 0.008 0.006 0.088 0.006 0.004 0.07 0.073 0.018 0.014 0.007 0.007 0.004;
0.545 0.07 0.057 0.087 0.022 0.084 0.007 0.008 0.006 0.074 0.007 0.004 0.004 0.023 0.002;0.545 0.07 0.084 0.007 0.008 0.057 0.087 0.022 0.006 0.074 0.007 0.004 0.023 0.004 0.002;0.545 0.084 0.057 0.006 0.004 0.07 0.007 0.008 0.087 0.074 0.023 0.022 0.004 0.007 0.002;
0.543 0.078 0.061 0.073 0.022 0.091 0.005 0.012 0.01 0.063 0.006 0.006 0.005 0.022 0.003;0.543 0.078 0.091 0.005 0.012 0.061 0.073 0.022 0.01 0.063 0.006 0.006 0.022 0.005 0.003;0.543 0.091 0.061 0.01 0.006 0.078 0.005 0.012 0.073 0.063 0.022 0.022 0.005 0.006 0.003;
0.552 0.07 0.064 0.096 0.025 0.083 0.007 0.007 0.003 0.048 0.005 0.009 0.01 0.021 0;0.552 0.07 0.083 0.007 0.007 0.064 0.096 0.025 0.003 0.048 0.005 0.009 0.021 0.01 0;0.552 0.083 0.064 0.003 0.009 0.07 0.007 0.007 0.096 0.048 0.021 0.025 0.01 0.005 0;
0.55 0.065 0.059 0.081 0.016 0.081 0.004 0.006 0.007 0.079 0.011 0.008 0.004 0.026 0.003;0.55 0.065 0.081 0.004 0.006 0.059 0.081 0.016 0.007 0.079 0.011 0.008 0.026 0.004 0.003;0.55 0.081 0.059 0.007 0.008 0.065 0.004 0.006 0.081 0.079 0.026 0.016 0.004 0.011 0.003;
0.558 0.084 0.058 0.082 0.022 0.073 0.004 0.007 0.004 0.063 0.007 0.006 0.003 0.026 0.003;0.558 0.084 0.073 0.004 0.007 0.058 0.082 0.022 0.004 0.063 0.007 0.006 0.026 0.003 0.003;0.558 0.073 0.058 0.004 0.006 0.084 0.004 0.007 0.082 0.063 0.026 0.022 0.003 0.007 0.003;
0.581 0.064 0.076 0.067 0.019 0.07 0.009 0.006 0.002 0.069 0.01 0.004 0.004 0.019 0;0.581 0.064 0.07 0.009 0.006 0.076 0.067 0.019 0.002 0.069 0.01 0.004 0.019 0.004 0;0.581 0.07 0.076 0.002 0.004 0.064 0.009 0.006 0.067 0.069 0.019 0.019 0.004 0.01 0;
0.532 0.09 0.053 0.074 0.023 0.078 0.005 0.004 0.007 0.073 0.008 0.009 0.012 0.027 0.005;0.532 0.09 0.078 0.005 0.004 0.053 0.074 0.023 0.007 0.073 0.008 0.009 0.027 0.012 0.005;0.532 0.078 0.053 0.007 0.009 0.09 0.005 0.004 0.074 0.073 0.027 0.023 0.012 0.008 0.005;
0.534 0.073 0.066 0.091 0.019 0.079 0.004 0.012 0.008 0.076 0.002 0.005 0.004 0.024 0.003;0.534 0.073 0.079 0.004 0.012 0.066 0.091 0.019 0.008 0.076 0.002 0.005 0.024 0.004 0.003;0.534 0.079 0.066 0.008 0.005 0.073 0.004 0.012 0.091 0.076 0.024 0.019 0.004 0.002 0.003;
0.545 0.073 0.071 0.089 0.016 0.083 0.005 0.006 0.005 0.068 0.007 0.008 0.004 0.02 0;0.545 0.073 0.083 0.005 0.006 0.071 0.089 0.016 0.005 0.068 0.007 0.008 0.02 0.004 0;0.545 0.083 0.071 0.005 0.008 0.073 0.005 0.006 0.089 0.068 0.02 0.016 0.004 0.007 0;
0.558 0.083 0.066 0.077 0.027 0.072 0.004 0.009 0.001 0.05 0.009 0.008 0.007 0.025 0.004;0.558 0.083 0.072 0.004 0.009 0.066 0.077 0.027 0.001 0.05 0.009 0.008 0.025 0.007 0.004;0.558 0.072 0.066 0.001 0.008 0.083 0.004 0.009 0.077 0.05 0.025 0.027 0.007 0.009 0.004;
0.544 0.077 0.07 0.095 0.026 0.062 0.004 0.01 0.002 0.06 0.005 0.006 0.011 0.026 0.002;0.544 0.077 0.062 0.004 0.01 0.07 0.095 0.026 0.002 0.06 0.005 0.006 0.026 0.011 0.002;0.544 0.062 0.07 0.002 0.006 0.077 0.004 0.01 0.095 0.06 0.026 0.026 0.011 0.005 0.002;
0.564 0.076 0.048 0.084 0.017 0.092 0.008 0.005 0.002 0.069 0.006 0.008 0.004 0.013 0.004;0.564 0.076 0.092 0.008 0.005 0.048 0.084 0.017 0.002 0.069 0.006 0.008 0.013 0.004 0.004;0.564 0.092 0.048 0.002 0.008 0.076 0.008 0.005 0.084 0.069 0.013 0.017 0.004 0.006 0.004;
0.555 0.071 0.075 0.063 0.015 0.081 0.005 0.009 0.006 0.079 0.007 0.01 0.007 0.016 0.001;0.555 0.071 0.081 0.005 0.009 0.075 0.063 0.015 0.006 0.079 0.007 0.01 0.016 0.007 0.001;0.555 0.081 0.075 0.006 0.01 0.071 0.005 0.009 0.063 0.079 0.016 0.015 0.007 0.007 0.001;
0.572 0.071 0.061 0.074 0.02 0.061 0.004 0.007 0.008 0.078 0.006 0.008 0.007 0.02 0.003;0.572 0.071 0.061 0.004 0.007 0.061 0.074 0.02 0.008 0.078 0.006 0.008 0.02 0.007 0.003;0.572 0.061 0.061 0.008 0.008 0.071 0.004 0.007 0.074 0.078 0.02 0.02 0.007 0.006 0.003;
0.554 0.088 0.068 0.074 0.022 0.073 0.006 0.008 0.006 0.062 0.008 0.014 0.002 0.013 0.002;0.554 0.088 0.073 0.006 0.008 0.068 0.074 0.022 0.006 0.062 0.008 0.014 0.013 0.002 0.002;0.554 0.073 0.068 0.006 0.014 0.088 0.006 0.008 0.074 0.062 0.013 0.022 0.002 0.008 0.002;
0.562 0.07 0.054 0.102 0.019 0.064 0.006 0.007 0.003 0.069 0.012 0.011 0.011 0.007 0.003;0.562 0.07 0.064 0.006 0.007 0.054 0.102 0.019 0.003 0.069 0.012 0.011 0.007 0.011 0.003;0.562 0.064 0.054 0.003 0.011 0.07 0.006 0.007 0.102 0.069 0.007 0.019 0.011 0.012 0.003;
0.513 0.089 0.055 0.083 0.023 0.091 0.008 0.014 0.006 0.083 0.004 0.01 0.007 0.014 0;0.513 0.089 0.091 0.008 0.014 0.055 0.083 0.023 0.006 0.083 0.004 0.01 0.014 0.007 0;0.513 0.091 0.055 0.006 0.01 0.089 0.008 0.014 0.083 0.083 0.014 0.023 0.007 0.004 0;
0.551 0.066 0.068 0.077 0.017 0.088 0.006 0.015 0.009 0.07 0.008 0.005 0.003 0.016 0.001;0.551 0.066 0.088 0.006 0.015 0.068 0.077 0.017 0.009 0.07 0.008 0.005 0.016 0.003 0.001;0.551 0.088 0.068 0.009 0.005 0.066 0.006 0.015 0.077 0.07 0.016 0.017 0.003 0.008 0.001;
0.551 0.087 0.072 0.084 0.019 0.076 0.011 0.003 0.003 0.061 0.007 0.003 0.002 0.02 0.001;0.551 0.087 0.076 0.011 0.003 0.072 0.084 0.019 0.003 0.061 0.007 0.003 0.02 0.002 0.001;0.551 0.076 0.072 0.003 0.003 0.087 0.011 0.003 0.084 0.061 0.02 0.019 0.002 0.007 0.001;
0.53 0.064 0.068 0.085 0.032 0.067 0.004 0.006 0.004 0.082 0.007 0.006 0.011 0.033 0.001;0.53 0.064 0.067 0.004 0.006 0.068 0.085 0.032 0.004 0.082 0.007 0.006 0.033 0.011 0.001;0.53 0.067 0.068 0.004 0.006 0.064 0.004 0.006 0.085 0.082 0.033 0.032 0.011 0.007 0.001;
0.575 0.079 0.068 0.076 0.015 0.075 0.004 0.006 0.008 0.063 0.005 0.006 0.004 0.015 0.001;0.575 0.079 0.075 0.004 0.006 0.068 0.076 0.015 0.008 0.063 0.005 0.006 0.015 0.004 0.001;0.575 0.075 0.068 0.008 0.006 0.079 0.004 0.006 0.076 0.063 0.015 0.015 0.004 0.005 0.001;
0.532 0.076 0.059 0.094 0.016 0.088 0.01 0.005 0.008 0.066 0.005 0.007 0.012 0.018 0.004;0.532 0.076 0.088 0.01 0.005 0.059 0.094 0.016 0.008 0.066 0.005 0.007 0.018 0.012 0.004;0.532 0.088 0.059 0.008 0.007 0.076 0.01 0.005 0.094 0.066 0.018 0.016 0.012 0.005 0.004;
0.554 0.09 0.066 0.066 0.017 0.077 0.004 0.009 0.008 0.064 0.007 0.01 0.005 0.02 0.003;0.554 0.09 0.077 0.004 0.009 0.066 0.066 0.017 0.008 0.064 0.007 0.01 0.02 0.005 0.003;0.554 0.077 0.066 0.008 0.01 0.09 0.004 0.009 0.066 0.064 0.02 0.017 0.005 0.007 0.003;
0.562 0.08 0.062 0.068 0.016 0.079 0.005 0.011 0.005 0.074 0.007 0.009 0.006 0.012 0.004;0.562 0.08 0.079 0.005 0.011 0.062 0.068 0.016 0.005 0.074 0.007 0.009 0.012 0.006 0.004;0.562 0.079 0.062 0.005 0.009 0.08 0.005 0.011 0.068 0.074 0.012 0.016 0.006 0.007 0.004;
0.541 0.074 0.072 0.087 0.022 0.076 0 0.007 0.004 0.065 0.012 0.011 0.011 0.017 0.001;0.541 0.074 0.076 0 0.007 0.072 0.087 0.022 0.004 0.065 0.012 0.011 0.017 0.011 0.001;0.541 0.076 0.072 0.004 0.011 0.074 0 0.007 0.087 0.065 0.017 0.022 0.011 0.012 0.001;
0.579 0.079 0.071 0.075 0.011 0.063 0.008 0.006 0.004 0.057 0.008 0.012 0.006 0.016 0.005;0.579 0.079 0.063 0.008 0.006 0.071 0.075 0.011 0.004 0.057 0.008 0.012 0.016 0.006 0.005;0.579 0.063 0.071 0.004 0.012 0.079 0.008 0.006 0.075 0.057 0.016 0.011 0.006 0.008 0.005;
0.558 0.079 0.057 0.08 0.014 0.076 0.005 0.015 0.005 0.074 0.007 0.004 0.006 0.015 0.005;0.558 0.079 0.076 0.005 0.015 0.057 0.08 0.014 0.005 0.074 0.007 0.004 0.015 0.006 0.005;0.558 0.076 0.057 0.005 0.004 0.079 0.005 0.015 0.08 0.074 0.015 0.014 0.006 0.007 0.005;
0.549 0.081 0.066 0.076 0.02 0.094 0.005 0.002 0.004 0.07 0.006 0.008 0.005 0.014 0;0.549 0.081 0.094 0.005 0.002 0.066 0.076 0.02 0.004 0.07 0.006 0.008 0.014 0.005 0;0.549 0.094 0.066 0.004 0.008 0.081 0.005 0.002 0.076 0.07 0.014 0.02 0.005 0.006 0;
0.551 0.092 0.051 0.092 0.017 0.073 0.004 0.007 0.01 0.066 0.003 0.006 0.004 0.022 0.002;0.551 0.092 0.073 0.004 0.007 0.051 0.092 0.017 0.01 0.066 0.003 0.006 0.022 0.004 0.002;0.551 0.073 0.051 0.01 0.006 0.092 0.004 0.007 0.092 0.066 0.022 0.017 0.004 0.003 0.002;
0.555 0.076 0.067 0.086 0.012 0.073 0.004 0.006 0.006 0.069 0.006 0.008 0.006 0.023 0.003;0.555 0.076 0.073 0.004 0.006 0.067 0.086 0.012 0.006 0.069 0.006 0.008 0.023 0.006 0.003;0.555 0.073 0.067 0.006 0.008 0.076 0.004 0.006 0.086 0.069 0.023 0.012 0.006 0.006 0.003;
0.535 0.087 0.076 0.068 0.016 0.085 0.007 0.01 0.007 0.068 0.003 0.006 0.01 0.02 0.002;0.535 0.087 0.085 0.007 0.01 0.076 0.068 0.016 0.007 0.068 0.003 0.006 0.02 0.01 0.002;0.535 0.085 0.076 0.007 0.006 0.087 0.007 0.01 0.068 0.068 0.02 0.016 0.01 0.003 0.002;
0.538 0.087 0.071 0.084 0.022 0.075 0.007 0.014 0.003 0.058 0.005 0.005 0.004 0.024 0.003;0.538 0.087 0.075 0.007 0.014 0.071 0.084 0.022 0.003 0.058 0.005 0.005 0.024 0.004 0.003;0.538 0.075 0.071 0.003 0.005 0.087 0.007 0.014 0.084 0.058 0.024 0.022 0.004 0.005 0.003;
0.534 0.085 0.067 0.08 0.02 0.082 0.005 0.004 0.009 0.074 0.005 0.01 0.007 0.018 0;0.534 0.085 0.082 0.005 0.004 0.067 0.08 0.02 0.009 0.074 0.005 0.01 0.018 0.007 0;0.534 0.082 0.067 0.009 0.01 0.085 0.005 0.004 0.08 0.074 0.018 0.02 0.007 0.005 0;
0.561 0.079 0.058 0.069 0.016 0.074 0.006 0.008 0.01 0.069 0.009 0.007 0.006 0.024 0.004;0.561 0.079 0.074 0.006 0.008 0.058 0.069 0.016 0.01 0.069 0.009 0.007 0.024 0.006 0.004;0.561 0.074 0.058 0.01 0.007 0.079 0.006 0.008 0.069 0.069 0.024 0.016 0.006 0.009 0.004;
0.536 0.077 0.065 0.076 0.018 0.083 0.005 0.005 0.006 0.083 0.01 0.012 0.004 0.018 0.002;0.536 0.077 0.083 0.005 0.005 0.065 0.076 0.018 0.006 0.083 0.01 0.012 0.018 0.004 0.002;0.536 0.083 0.065 0.006 0.012 0.077 0.005 0.005 0.076 0.083 0.018 0.018 0.004 0.01 0.002;
0.531 0.078 0.071 0.09 0.017 0.09 0.003 0.006 0.003 0.074 0.009 0.006 0.002 0.02 0;0.531 0.078 0.09 0.003 0.006 0.071 0.09 0.017 0.003 0.074 0.009 0.006 0.02 0.002 0;0.531 0.09 0.071 0.003 0.006 0.078 0.003 0.006 0.09 0.074 0.02 0.017 0.002 0.009 0;
0.535 0.065 0.076 0.082 0.019 0.09 0.007 0.007 0.005 0.071 0.006 0.007 0.008 0.02 0.002;0.535 0.065 0.09 0.007 0.007 0.076 0.082 0.019 0.005 0.071 0.006 0.007 0.02 0.008 0.002;0.535 0.09 0.076 0.005 0.007 0.065 0.007 0.007 0.082 0.071 0.02 0.019 0.008 0.006 0.002;
0.548 0.071 0.068 0.085 0.026 0.077 0.007 0.011 0.001 0.066 0.008 0.008 0.002 0.022 0;0.548 0.071 0.077 0.007 0.011 0.068 0.085 0.026 0.001 0.066 0.008 0.008 0.022 0.002 0;0.548 0.077 0.068 0.001 0.008 0.071 0.007 0.011 0.085 0.066 0.022 0.026 0.002 0.008 0;
0.561 0.08 0.08 0.085 0.016 0.07 0.011 0.008 0.005 0.059 0.003 0.005 0.005 0.011 0.001;0.561 0.08 0.07 0.011 0.008 0.08 0.085 0.016 0.005 0.059 0.003 0.005 0.011 0.005 0.001;0.561 0.07 0.08 0.005 0.005 0.08 0.011 0.008 0.085 0.059 0.011 0.016 0.005 0.003 0.001;
0.576 0.081 0.061 0.089 0.014 0.071 0.007 0.004 0.009 0.044 0.004 0.006 0.007 0.022 0.005;0.576 0.081 0.071 0.007 0.004 0.061 0.089 0.014 0.009 0.044 0.004 0.006 0.022 0.007 0.005;0.576 0.071 0.061 0.009 0.006 0.081 0.007 0.004 0.089 0.044 0.022 0.014 0.007 0.004 0.005;
0.527 0.083 0.074 0.07 0.019 0.092 0.005 0.007 0.003 0.074 0.01 0.008 0.003 0.022 0.003;0.527 0.083 0.092 0.005 0.007 0.074 0.07 0.019 0.003 0.074 0.01 0.008 0.022 0.003 0.003;0.527 0.092 0.074 0.003 0.008 0.083 0.005 0.007 0.07 0.074 0.022 0.019 0.003 0.01 0.003;
0.541 0.073 0.083 0.092 0.018 0.068 0.004 0.009 0.007 0.061 0.009 0.008 0.006 0.02 0.001;0.541 0.073 0.068 0.004 0.009 0.083 0.092 0.018 0.007 0.061 0.009 0.008 0.02 0.006 0.001;0.541 0.068 0.083 0.007 0.008 0.073 0.004 0.009 0.092 0.061 0.02 0.018 0.006 0.009 0.001;
0.52 0.098 0.073 0.068 0.011 0.099 0.011 0.013 0.01 0.058 0.009 0.005 0.007 0.014 0.004;0.52 0.098 0.099 0.011 0.013 0.073 0.068 0.011 0.01 0.058 0.009 0.005 0.014 0.007 0.004;0.52 0.099 0.073 0.01 0.005 0.098 0.011 0.013 0.068 0.058 0.014 0.011 0.007 0.009 0.004;
0.533 0.086 0.061 0.091 0.019 0.075 0.007 0.005 0.004 0.07 0.01 0.005 0.01 0.022 0.002;0.533 0.086 0.075 0.007 0.005 0.061 0.091 0.019 0.004 0.07 0.01 0.005 0.022 0.01 0.002;0.533 0.075 0.061 0.004 0.005 0.086 0.007 0.005 0.091 0.07 0.022 0.019 0.01 0.01 0.002;
0.529 0.093 0.077 0.083 0.02 0.071 0.007 0.01 0.006 0.054 0.007 0.012 0.012 0.018 0.001;0.529 0.093 0.071 0.007 0.01 0.077 0.083 0.02 0.006 0.054 0.007 0.012 0.018 0.012 0.001;0.529 0.071 0.077 0.006 0.012 0.093 0.007 0.01 0.083 0.054 0.018 0.02 0.012 0.007 0.001;
0.538 0.085 0.071 0.072 0.014 0.074 0.003 0.009 0.013 0.078 0.008 0.009 0.007 0.016 0.003;0.538 0.085 0.074 0.003 0.009 0.071 0.072 0.014 0.013 0.078 0.008 0.009 0.016 0.007 0.003;0.538 0.074 0.071 0.013 0.009 0.085 0.003 0.009 0.072 0.078 0.016 0.014 0.007 0.008 0.003;
0.542 0.077 0.07 0.092 0.02 0.071 0.008 0.008 0.001 0.074 0.007 0.009 0.002 0.018 0.001;0.542 0.077 0.071 0.008 0.008 0.07 0.092 0.02 0.001 0.074 0.007 0.009 0.018 0.002 0.001;0.542 0.071 0.07 0.001 0.009 0.077 0.008 0.008 0.092 0.074 0.018 0.02 0.002 0.007 0.001;
0.552 0.08 0.057 0.08 0.013 0.08 0.006 0.01 0.006 0.067 0.007 0.008 0.009 0.023 0.002;0.552 0.08 0.08 0.006 0.01 0.057 0.08 0.013 0.006 0.067 0.007 0.008 0.023 0.009 0.002;0.552 0.08 0.057 0.006 0.008 0.08 0.006 0.01 0.08 0.067 0.023 0.013 0.009 0.007 0.002;
0.578 0.082 0.064 0.073 0.015 0.055 0.003 0.006 0.006 0.072 0.008 0.009 0.003 0.022 0.004;0.578 0.082 0.055 0.003 0.006 0.064 0.073 0.015 0.006 0.072 0.008 0.009 0.022 0.003 0.004;0.578 0.055 0.064 0.006 0.009 0.082 0.003 0.006 0.073 0.072 0.022 0.015 0.003 0.008 0.004;
0.563 0.067 0.071 0.08 0.012 0.083 0.005 0.012 0.009 0.06 0.009 0.005 0.004 0.015 0.005;0.563 0.067 0.083 0.005 0.012 0.071 0.08 0.012 0.009 0.06 0.009 0.005 0.015 0.004 0.005;0.563 0.083 0.071 0.009 0.005 0.067 0.005 0.012 0.08 0.06 0.015 0.012 0.004 0.009 0.005;
0.518 0.086 0.078 0.093 0.021 0.08 0.004 0.012 0.004 0.065 0.005 0.005 0.005 0.021 0.003;0.518 0.086 0.08 0.004 0.012 0.078 0.093 0.021 0.004 0.065 0.005 0.005 0.021 0.005 0.003;0.518 0.08 0.078 0.004 0.005 0.086 0.004 0.012 0.093 0.065 0.021 0.021 0.005 0.005 0.003;
0.56 0.075 0.068 0.085 0.017 0.076 0.005 0.006 0.003 0.063 0.008 0.008 0.006 0.016 0.004;0.56 0.075 0.076 0.005 0.006 0.068 0.085 0.017 0.003 0.063 0.008 0.008 0.016 0.006 0.004;0.56 0.076 0.068 0.003 0.008 0.075 0.005 0.006 0.085 0.063 0.016 0.017 0.006 0.008 0.004;
0.553 0.087 0.068 0.07 0.016 0.078 0.005 0.005 0.005 0.064 0.009 0.009 0.006 0.021 0.004;0.553 0.087 0.078 0.005 0.005 0.068 0.07 0.016 0.005 0.064 0.009 0.009 0.021 0.006 0.004;0.553 0.078 0.068 0.005 0.009 0.087 0.005 0.005 0.07 0.064 0.021 0.016 0.006 0.009 0.004;
0.559 0.075 0.051 0.08 0.02 0.091 0.006 0.01 0.005 0.063 0.006 0.01 0.005 0.015 0.004;0.559 0.075 0.091 0.006 0.01 0.051 0.08 0.02 0.005 0.063 0.006 0.01 0.015 0.005 0.004;0.559 0.091 0.051 0.005 0.01 0.075 0.006 0.01 0.08 0.063 0.015 0.02 0.005 0.006 0.004;
0.541 0.091 0.06 0.077 0.016 0.092 0.007 0.009 0.002 0.069 0.006 0.002 0.01 0.017 0.001;0.541 0.091 0.092 0.007 0.009 0.06 0.077 0.016 0.002 0.069 0.006 0.002 0.017 0.01 0.001;0.541 0.092 0.06 0.002 0.002 0.091 0.007 0.009 0.077 0.069 0.017 0.016 0.01 0.006 0.001;
0.555 0.076 0.066 0.082 0.017 0.087 0.007 0.007 0.005 0.058 0.006 0.009 0.007 0.017 0.001;0.555 0.076 0.087 0.007 0.007 0.066 0.082 0.017 0.005 0.058 0.006 0.009 0.017 0.007 0.001;0.555 0.087 0.066 0.005 0.009 0.076 0.007 0.007 0.082 0.058 0.017 0.017 0.007 0.006 0.001;
0.549 0.078 0.067 0.086 0.011 0.081 0.004 0.005 0.009 0.063 0.005 0.009 0.011 0.021 0.001;0.549 0.078 0.081 0.004 0.005 0.067 0.086 0.011 0.009 0.063 0.005 0.009 0.021 0.011 0.001;0.549 0.081 0.067 0.009 0.009 0.078 0.004 0.005 0.086 0.063 0.021 0.011 0.011 0.005 0.001;
0.527 0.075 0.077 0.083 0.025 0.073 0.007 0.006 0.01 0.061 0.004 0.008 0.008 0.029 0.007;0.527 0.075 0.073 0.007 0.006 0.077 0.083 0.025 0.01 0.061 0.004 0.008 0.029 0.008 0.007;0.527 0.073 0.077 0.01 0.008 0.075 0.007 0.006 0.083 0.061 0.029 0.025 0.008 0.004 0.007;
0.539 0.074 0.065 0.088 0.022 0.085 0.004 0.002 0.007 0.07 0.008 0.005 0.008 0.018 0.005;0.539 0.074 0.085 0.004 0.002 0.065 0.088 0.022 0.007 0.07 0.008 0.005 0.018 0.008 0.005;0.539 0.085 0.065 0.007 0.005 0.074 0.004 0.002 0.088 0.07 0.018 0.022 0.008 0.008 0.005;
0.544 0.079 0.067 0.091 0.019 0.076 0.007 0.008 0.003 0.06 0.007 0.01 0.01 0.017 0.002;0.544 0.079 0.076 0.007 0.008 0.067 0.091 0.019 0.003 0.06 0.007 0.01 0.017 0.01 0.002;0.544 0.076 0.067 0.003 0.01 0.079 0.007 0.008 0.091 0.06 0.017 0.019 0.01 0.007 0.002;
0.53 0.083 0.088 0.081 0.017 0.082 0.004 0.004 0.006 0.071 0.007 0.009 0.003 0.014 0.001;0.53 0.083 0.082 0.004 0.004 0.088 0.081 0.017 0.006 0.071 0.007 0.009 0.014 0.003 0.001;0.53 0.082 0.088 0.006 0.009 0.083 0.004 0.004 0.081 0.071 0.014 0.017 0.003 0.007 0.001;
0.52 0.077 0.074 0.092 0.017 0.085 0.005 0.013 0.008 0.064 0.008 0.007 0.008 0.02 0.002;0.52 0.077 0.085 0.005 0.013 0.074 0.092 0.017 0.008 0.064 0.008 0.007 0.02 0.008 0.002;0.52 0.085 0.074 0.008 0.007 0.077 0.005 0.013 0.092 0.064 0.02 0.017 0.008 0.008 0.002;
0.53 0.077 0.072 0.07 0.026 0.094 0.004 0.004 0.009 0.074 0.01 0.005 0.006 0.017 0.002;0.53 0.077 0.094 0.004 0.004 0.072 0.07 0.026 0.009 0.074 0.01 0.005 0.017 0.006 0.002;0.53 0.094 0.072 0.009 0.005 0.077 0.004 0.004 0.07 0.074 0.017 0.026 0.006 0.01 0.002;
0.539 0.075 0.052 0.089 0.023 0.09 0.006 0.009 0.002 0.073 0.011 0.008 0.003 0.016 0.004;0.539 0.075 0.09 0.006 0.009 0.052 0.089 0.023 0.002 0.073 0.011 0.008 0.016 0.003 0.004;0.539 0.09 0.052 0.002 0.008 0.075 0.006 0.009 0.089 0.073 0.016 0.023 0.003 0.011 0.004;
0.55 0.076 0.067 0.075 0.018 0.069 0.011 0.009 0.008 0.064 0.012 0.008 0.01 0.021 0.002;0.55 0.076 0.069 0.011 0.009 0.067 0.075 0.018 0.008 0.064 0.012 0.008 0.021 0.01 0.002;0.55 0.069 0.067 0.008 0.008 0.076 0.011 0.009 0.075 0.064 0.021 0.018 0.01 0.012 0.002;
0.539 0.088 0.07 0.077 0.017 0.081 0.008 0.007 0.007 0.066 0.002 0.007 0.009 0.021 0.001;0.539 0.088 0.081 0.008 0.007 0.07 0.077 0.017 0.007 0.066 0.002 0.007 0.021 0.009 0.001;0.539 0.081 0.07 0.007 0.007 0.088 0.008 0.007 0.077 0.066 0.021 0.017 0.009 0.002 0.001;
0.524 0.098 0.056 0.098 0.018 0.076 0.009 0.013 0.004 0.063 0.008 0.005 0.004 0.024 0;0.524 0.098 0.076 0.009 0.013 0.056 0.098 0.018 0.004 0.063 0.008 0.005 0.024 0.004 0;0.524 0.076 0.056 0.004 0.005 0.098 0.009 0.013 0.098 0.063 0.024 0.018 0.004 0.008 0;
0.553 0.084 0.069 0.08 0.011 0.085 0.007 0.008 0.002 0.064 0.006 0.004 0.005 0.02 0.002;0.553 0.084 0.085 0.007 0.008 0.069 0.08 0.011 0.002 0.064 0.006 0.004 0.02 0.005 0.002;0.553 0.085 0.069 0.002 0.004 0.084 0.007 0.008 0.08 0.064 0.02 0.011 0.005 0.006 0.002;
0.569 0.078 0.052 0.077 0.02 0.075 0.004 0.007 0.004 0.074 0.009 0.003 0.005 0.021 0.002;0.569 0.078 0.075 0.004 0.007 0.052 0.077 0.02 0.004 0.074 0.009 0.003 0.021 0.005 0.002;0.569 0.075 0.052 0.004 0.003 0.078 0.004 0.007 0.077 0.074 0.021 0.02 0.005 0.009 0.002;
0.557 0.071 0.073 0.078 0.021 0.066 0.005 0.006 0.009 0.071 0.004 0.006 0.01 0.021 0.002;0.557 0.071 0.066 0.005 0.006 0.073 0.078 0.021 0.009 0.071 0.004 0.006 0.021 0.01 0.002;0.557 0.066 0.073 0.009 0.006 0.071 0.005 0.006 0.078 0.071 0.021 0.021 0.01 0.004 0.002;
0.541 0.07 0.068 0.092 0.021 0.068 0.012 0.01 0.004 0.073 0.009 0.004 0.012 0.016 0;0.541 0.07 0.068 0.012 0.01 0.068 0.092 0.021 0.004 0.073 0.009 0.004 0.016 0.012 0;0.541 0.068 0.068 0.004 0.004 0.07 0.012 0.01 0.092 0.073 0.016 0.021 0.012 0.009 0;
0.56 0.068 0.065 0.077 0.021 0.078 0.008 0.016 0.003 0.061 0.009 0.008 0.009 0.017 0;0.56 0.068 0.078 0.008 0.016 0.065 0.077 0.021 0.003 0.061 0.009 0.008 0.017 0.009 0;0.56 0.078 0.065 0.003 0.008 0.068 0.008 0.016 0.077 0.061 0.017 0.021 0.009 0.009 0;
0.556 0.083 0.071 0.073 0.013 0.081 0.004 0.013 0.004 0.066 0.003 0.004 0.006 0.021 0.002;0.556 0.083 0.081 0.004 0.013 0.071 0.073 0.013 0.004 0.066 0.003 0.004 0.021 0.006 0.002;0.556 0.081 0.071 0.004 0.004 0.083 0.004 0.013 0.073 0.066 0.021 0.013 0.006 0.003 0.002;
0.525 0.078 0.073 0.095 0.021 0.084 0.006 0.005 0.007 0.068 0.006 0.009 0.005 0.017 0.001;0.525 0.078 0.084 0.006 0.005 0.073 0.095 0.021 0.007 0.068 0.006 0.009 0.017 0.005 0.001;0.525 0.084 0.073 0.007 0.009 0.078 0.006 0.005 0.095 0.068 0.017 0.021 0.005 0.006 0.001;
0.544 0.078 0.059 0.093 0.021 0.082 0.005 0.009 0.003 0.069 0.006 0.007 0.008 0.015 0.001;0.544 0.078 0.082 0.005 0.009 0.059 0.093 0.021 0.003 0.069 0.006 0.007 0.015 0.008 0.001;0.544 0.082 0.059 0.003 0.007 0.078 0.005 0.009 0.093 0.069 0.015 0.021 0.008 0.006 0.001;
0.526 0.092 0.067 0.068 0.017 0.078 0.008 0.007 0.01 0.07 0.01 0.006 0.007 0.03 0.004;0.526 0.092 0.078 0.008 0.007 0.067 0.068 0.017 0.01 0.07 0.01 0.006 0.03 0.007 0.004;0.526 0.078 0.067 0.01 0.006 0.092 0.008 0.007 0.068 0.07 0.03 0.017 0.007 0.01 0.004;
0.563 0.083 0.058 0.076 0.019 0.076 0.006 0.01 0.005 0.06 0.008 0.011 0.006 0.018 0.001;0.563 0.083 0.076 0.006 0.01 0.058 0.076 0.019 0.005 0.06 0.008 0.011 0.018 0.006 0.001;0.563 0.076 0.058 0.005 0.011 0.083 0.006 0.01 0.076 0.06 0.018 0.019 0.006 0.008 0.001;
0.524 0.087 0.072 0.075 0.017 0.09 0.006 0.007 0.005 0.072 0.005 0.009 0.005 0.024 0.002;0.524 0.087 0.09 0.006 0.007 0.072 0.075 0.017 0.005 0.072 0.005 0.009 0.024 0.005 0.002;0.524 0.09 0.072 0.005 0.009 0.087 0.006 0.007 0.075 0.072 0.024 0.017 0.005 0.005 0.002;
0.541 0.081 0.063 0.084 0.022 0.077 0.01 0.005 0.009 0.068 0.004 0.009 0.005 0.021 0.001;0.541 0.081 0.077 0.01 0.005 0.063 0.084 0.022 0.009 0.068 0.004 0.009 0.021 0.005 0.001;0.541 0.077 0.063 0.009 0.009 0.081 0.01 0.005 0.084 0.068 0.021 0.022 0.005 0.004 0.001;
0.558 0.092 0.069 0.09 0.017 0.074 0.006 0.006 0.003 0.062 0.003 0.004 0.005 0.011 0;0.558 0.092 0.074 0.006 0.006 0.069 0.09 0.017 0.003 0.062 0.003 0.004 0.011 0.005 0;0.558 0.074 0.069 0.003 0.004 0.092 0.006 0.006 0.09 0.062 0.011 0.017 0.005 0.003 0];