pntP=[0.121 0.089 0.059 0.093 0.088 0.103 0.031 0.063 0.018 0.07 0.045 0.047 0.041 0.096 0.036;0.121 0.089 0.103 0.031 0.063 0.059 0.093 0.088 0.018 0.07 0.045 0.047 0.096 0.041 0.036;0.121 0.103 0.059 0.018 0.047 0.089 0.031 0.063 0.093 0.07 0.096 0.088 0.041 0.045 0.036;
0.134 0.097 0.061 0.108 0.083 0.101 0.026 0.046 0.025 0.064 0.046 0.045 0.04 0.093 0.031;0.134 0.097 0.101 0.026 0.046 0.061 0.108 0.083 0.025 0.064 0.046 0.045 0.093 0.04 0.031;0.134 0.101 0.061 0.025 0.045 0.097 0.026 0.046 0.108 0.064 0.093 0.083 0.04 0.046 0.031;
0.128 0.079 0.084 0.116 0.093 0.074 0.032 0.045 0.028 0.06 0.047 0.049 0.05 0.088 0.027;0.128 0.079 0.074 0.032 0.045 0.084 0.116 0.093 0.028 0.06 0.047 0.049 0.088 0.05 0.027;0.128 0.074 0.084 0.028 0.049 0.079 0.032 0.045 0.116 0.06 0.088 0.093 0.05 0.047 0.027;
0.118 0.087 0.06 0.121 0.082 0.083 0.031 0.056 0.037 0.083 0.05 0.044 0.044 0.084 0.02;0.118 0.087 0.083 0.031 0.056 0.06 0.121 0.082 0.037 0.083 0.05 0.044 0.084 0.044 0.02;0.118 0.083 0.06 0.037 0.044 0.087 0.031 0.056 0.121 0.083 0.084 0.082 0.044 0.05 0.02;
0.138 0.091 0.064 0.091 0.091 0.096 0.039 0.055 0.033 0.067 0.041 0.057 0.027 0.079 0.031;0.138 0.091 0.096 0.039 0.055 0.064 0.091 0.091 0.033 0.067 0.041 0.057 0.079 0.027 0.031;0.138 0.096 0.064 0.033 0.057 0.091 0.039 0.055 0.091 0.067 0.079 0.091 0.027 0.041 0.031;
0.11 0.103 0.056 0.113 0.085 0.106 0.031 0.059 0.019 0.055 0.055 0.048 0.046 0.083 0.031;0.11 0.103 0.106 0.031 0.059 0.056 0.113 0.085 0.019 0.055 0.055 0.048 0.083 0.046 0.031;0.11 0.106 0.056 0.019 0.048 0.103 0.031 0.059 0.113 0.055 0.083 0.085 0.046 0.055 0.031;
0.116 0.08 0.081 0.098 0.082 0.09 0.03 0.05 0.03 0.07 0.056 0.039 0.045 0.093 0.04;0.116 0.08 0.09 0.03 0.05 0.081 0.098 0.082 0.03 0.07 0.056 0.039 0.093 0.045 0.04;0.116 0.09 0.081 0.03 0.039 0.08 0.03 0.05 0.098 0.07 0.093 0.082 0.045 0.056 0.04;
0.135 0.093 0.06 0.126 0.079 0.106 0.029 0.046 0.026 0.073 0.027 0.042 0.046 0.081 0.031;0.135 0.093 0.106 0.029 0.046 0.06 0.126 0.079 0.026 0.073 0.027 0.042 0.081 0.046 0.031;0.135 0.106 0.06 0.026 0.042 0.093 0.029 0.046 0.126 0.073 0.081 0.079 0.046 0.027 0.031;
0.12 0.104 0.069 0.101 0.09 0.105 0.044 0.042 0.03 0.069 0.04 0.041 0.028 0.082 0.035;0.12 0.104 0.105 0.044 0.042 0.069 0.101 0.09 0.03 0.069 0.04 0.041 0.082 0.028 0.035;0.12 0.105 0.069 0.03 0.041 0.104 0.044 0.042 0.101 0.069 0.082 0.09 0.028 0.04 0.035;
0.123 0.093 0.071 0.117 0.075 0.09 0.036 0.04 0.023 0.07 0.047 0.051 0.035 0.095 0.034;0.123 0.093 0.09 0.036 0.04 0.071 0.117 0.075 0.023 0.07 0.047 0.051 0.095 0.035 0.034;0.123 0.09 0.071 0.023 0.051 0.093 0.036 0.04 0.117 0.07 0.095 0.075 0.035 0.047 0.034;
0.112 0.091 0.063 0.094 0.079 0.102 0.027 0.065 0.029 0.07 0.045 0.056 0.036 0.094 0.037;0.112 0.091 0.102 0.027 0.065 0.063 0.094 0.079 0.029 0.07 0.045 0.056 0.094 0.036 0.037;0.112 0.102 0.063 0.029 0.056 0.091 0.027 0.065 0.094 0.07 0.094 0.079 0.036 0.045 0.037;
0.131 0.11 0.071 0.107 0.094 0.095 0.022 0.044 0.026 0.059 0.044 0.04 0.035 0.085 0.037;0.131 0.11 0.095 0.022 0.044 0.071 0.107 0.094 0.026 0.059 0.044 0.04 0.085 0.035 0.037;0.131 0.095 0.071 0.026 0.04 0.11 0.022 0.044 0.107 0.059 0.085 0.094 0.035 0.044 0.037;
0.135 0.096 0.074 0.1 0.095 0.077 0.03 0.067 0.02 0.077 0.042 0.037 0.043 0.076 0.031;0.135 0.096 0.077 0.03 0.067 0.074 0.1 0.095 0.02 0.077 0.042 0.037 0.076 0.043 0.031;0.135 0.077 0.074 0.02 0.037 0.096 0.03 0.067 0.1 0.077 0.076 0.095 0.043 0.042 0.031;
0.127 0.097 0.076 0.101 0.097 0.09 0.031 0.054 0.025 0.07 0.043 0.05 0.03 0.077 0.032;0.127 0.097 0.09 0.031 0.054 0.076 0.101 0.097 0.025 0.07 0.043 0.05 0.077 0.03 0.032;0.127 0.09 0.076 0.025 0.05 0.097 0.031 0.054 0.101 0.07 0.077 0.097 0.03 0.043 0.032;
0.097 0.092 0.062 0.103 0.09 0.076 0.03 0.055 0.035 0.074 0.054 0.059 0.054 0.088 0.031;0.097 0.092 0.076 0.03 0.055 0.062 0.103 0.09 0.035 0.074 0.054 0.059 0.088 0.054 0.031;0.097 0.076 0.062 0.035 0.059 0.092 0.03 0.055 0.103 0.074 0.088 0.09 0.054 0.054 0.031;
0.117 0.088 0.064 0.121 0.074 0.099 0.023 0.056 0.023 0.076 0.048 0.046 0.044 0.08 0.041;0.117 0.088 0.099 0.023 0.056 0.064 0.121 0.074 0.023 0.076 0.048 0.046 0.08 0.044 0.041;0.117 0.099 0.064 0.023 0.046 0.088 0.023 0.056 0.121 0.076 0.08 0.074 0.044 0.048 0.041;
0.12 0.085 0.069 0.126 0.082 0.076 0.025 0.055 0.024 0.077 0.047 0.051 0.031 0.1 0.032;0.12 0.085 0.076 0.025 0.055 0.069 0.126 0.082 0.024 0.077 0.047 0.051 0.1 0.031 0.032;0.12 0.076 0.069 0.024 0.051 0.085 0.025 0.055 0.126 0.077 0.1 0.082 0.031 0.047 0.032;
0.128 0.089 0.081 0.104 0.081 0.1 0.027 0.049 0.025 0.067 0.053 0.035 0.036 0.092 0.033;0.128 0.089 0.1 0.027 0.049 0.081 0.104 0.081 0.025 0.067 0.053 0.035 0.092 0.036 0.033;0.128 0.1 0.081 0.025 0.035 0.089 0.027 0.049 0.104 0.067 0.092 0.081 0.036 0.053 0.033;
0.113 0.097 0.066 0.118 0.083 0.092 0.026 0.062 0.034 0.066 0.043 0.044 0.046 0.085 0.025;0.113 0.097 0.092 0.026 0.062 0.066 0.118 0.083 0.034 0.066 0.043 0.044 0.085 0.046 0.025;0.113 0.092 0.066 0.034 0.044 0.097 0.026 0.062 0.118 0.066 0.085 0.083 0.046 0.043 0.025;
0.125 0.095 0.068 0.114 0.093 0.09 0.033 0.049 0.029 0.064 0.044 0.046 0.039 0.076 0.035;0.125 0.095 0.09 0.033 0.049 0.068 0.114 0.093 0.029 0.064 0.044 0.046 0.076 0.039 0.035;0.125 0.09 0.068 0.029 0.046 0.095 0.033 0.049 0.114 0.064 0.076 0.093 0.039 0.044 0.035;
0.134 0.097 0.06 0.131 0.089 0.076 0.029 0.053 0.027 0.06 0.04 0.031 0.038 0.098 0.037;0.134 0.097 0.076 0.029 0.053 0.06 0.131 0.089 0.027 0.06 0.04 0.031 0.098 0.038 0.037;0.134 0.076 0.06 0.027 0.031 0.097 0.029 0.053 0.131 0.06 0.098 0.089 0.038 0.04 0.037;
0.125 0.09 0.073 0.1 0.092 0.098 0.028 0.049 0.03 0.074 0.039 0.043 0.056 0.074 0.029;0.125 0.09 0.098 0.028 0.049 0.073 0.1 0.092 0.03 0.074 0.039 0.043 0.074 0.056 0.029;0.125 0.098 0.073 0.03 0.043 0.09 0.028 0.049 0.1 0.074 0.074 0.092 0.056 0.039 0.029;
0.132 0.102 0.06 0.095 0.089 0.093 0.034 0.039 0.042 0.059 0.039 0.047 0.039 0.085 0.045;0.132 0.102 0.093 0.034 0.039 0.06 0.095 0.089 0.042 0.059 0.039 0.047 0.085 0.039 0.045;0.132 0.093 0.06 0.042 0.047 0.102 0.034 0.039 0.095 0.059 0.085 0.089 0.039 0.039 0.045;
0.117 0.103 0.059 0.116 0.09 0.107 0.028 0.048 0.029 0.057 0.046 0.037 0.044 0.08 0.039;0.117 0.103 0.107 0.028 0.048 0.059 0.116 0.09 0.029 0.057 0.046 0.037 0.08 0.044 0.039;0.117 0.107 0.059 0.029 0.037 0.103 0.028 0.048 0.116 0.057 0.08 0.09 0.044 0.046 0.039;
0.131 0.106 0.06 0.101 0.081 0.078 0.031 0.057 0.024 0.069 0.057 0.047 0.045 0.078 0.035;0.131 0.106 0.078 0.031 0.057 0.06 0.101 0.081 0.024 0.069 0.057 0.047 0.078 0.045 0.035;0.131 0.078 0.06 0.024 0.047 0.106 0.031 0.057 0.101 0.069 0.078 0.081 0.045 0.057 0.035;
0.149 0.095 0.076 0.094 0.09 0.094 0.02 0.043 0.026 0.076 0.031 0.048 0.037 0.089 0.032;0.149 0.095 0.094 0.02 0.043 0.076 0.094 0.09 0.026 0.076 0.031 0.048 0.089 0.037 0.032;0.149 0.094 0.076 0.026 0.048 0.095 0.02 0.043 0.094 0.076 0.089 0.09 0.037 0.031 0.032;
0.116 0.1 0.065 0.095 0.085 0.097 0.034 0.071 0.026 0.069 0.04 0.05 0.04 0.075 0.037;0.116 0.1 0.097 0.034 0.071 0.065 0.095 0.085 0.026 0.069 0.04 0.05 0.075 0.04 0.037;0.116 0.097 0.065 0.026 0.05 0.1 0.034 0.071 0.095 0.069 0.075 0.085 0.04 0.04 0.037;
0.125 0.101 0.065 0.108 0.084 0.088 0.028 0.046 0.026 0.062 0.043 0.048 0.044 0.089 0.043;0.125 0.101 0.088 0.028 0.046 0.065 0.108 0.084 0.026 0.062 0.043 0.048 0.089 0.044 0.043;0.125 0.088 0.065 0.026 0.048 0.101 0.028 0.046 0.108 0.062 0.089 0.084 0.044 0.043 0.043;
0.141 0.089 0.075 0.102 0.076 0.093 0.025 0.052 0.027 0.072 0.043 0.042 0.032 0.092 0.039;0.141 0.089 0.093 0.025 0.052 0.075 0.102 0.076 0.027 0.072 0.043 0.042 0.092 0.032 0.039;0.141 0.093 0.075 0.027 0.042 0.089 0.025 0.052 0.102 0.072 0.092 0.076 0.032 0.043 0.039;
0.129 0.096 0.075 0.087 0.105 0.089 0.028 0.05 0.035 0.084 0.031 0.047 0.034 0.076 0.034;0.129 0.096 0.089 0.028 0.05 0.075 0.087 0.105 0.035 0.084 0.031 0.047 0.076 0.034 0.034;0.129 0.089 0.075 0.035 0.047 0.096 0.028 0.05 0.087 0.084 0.076 0.105 0.034 0.031 0.034;
0.124 0.081 0.085 0.099 0.088 0.086 0.029 0.053 0.04 0.082 0.039 0.043 0.038 0.093 0.02;0.124 0.081 0.086 0.029 0.053 0.085 0.099 0.088 0.04 0.082 0.039 0.043 0.093 0.038 0.02;0.124 0.086 0.085 0.04 0.043 0.081 0.029 0.053 0.099 0.082 0.093 0.088 0.038 0.039 0.02;
0.134 0.091 0.065 0.114 0.084 0.094 0.028 0.047 0.02 0.076 0.036 0.05 0.041 0.084 0.036;0.134 0.091 0.094 0.028 0.047 0.065 0.114 0.084 0.02 0.076 0.036 0.05 0.084 0.041 0.036;0.134 0.094 0.065 0.02 0.05 0.091 0.028 0.047 0.114 0.076 0.084 0.084 0.041 0.036 0.036;
0.155 0.078 0.06 0.09 0.087 0.092 0.036 0.054 0.026 0.076 0.055 0.041 0.039 0.078 0.033;0.155 0.078 0.092 0.036 0.054 0.06 0.09 0.087 0.026 0.076 0.055 0.041 0.078 0.039 0.033;0.155 0.092 0.06 0.026 0.041 0.078 0.036 0.054 0.09 0.076 0.078 0.087 0.039 0.055 0.033;
0.116 0.086 0.075 0.093 0.084 0.089 0.045 0.04 0.026 0.087 0.04 0.045 0.057 0.088 0.029;0.116 0.086 0.089 0.045 0.04 0.075 0.093 0.084 0.026 0.087 0.04 0.045 0.088 0.057 0.029;0.116 0.089 0.075 0.026 0.045 0.086 0.045 0.04 0.093 0.087 0.088 0.084 0.057 0.04 0.029;
0.122 0.097 0.085 0.087 0.082 0.122 0.025 0.053 0.021 0.068 0.044 0.043 0.048 0.079 0.024;0.122 0.097 0.122 0.025 0.053 0.085 0.087 0.082 0.021 0.068 0.044 0.043 0.079 0.048 0.024;0.122 0.122 0.085 0.021 0.043 0.097 0.025 0.053 0.087 0.068 0.079 0.082 0.048 0.044 0.024;
0.114 0.075 0.077 0.125 0.08 0.093 0.03 0.043 0.035 0.061 0.049 0.043 0.047 0.09 0.038;0.114 0.075 0.093 0.03 0.043 0.077 0.125 0.08 0.035 0.061 0.049 0.043 0.09 0.047 0.038;0.114 0.093 0.077 0.035 0.043 0.075 0.03 0.043 0.125 0.061 0.09 0.08 0.047 0.049 0.038;
0.128 0.089 0.084 0.086 0.093 0.085 0.024 0.049 0.032 0.08 0.051 0.036 0.04 0.088 0.035;0.128 0.089 0.085 0.024 0.049 0.084 0.086 0.093 0.032 0.08 0.051 0.036 0.088 0.04 0.035;0.128 0.085 0.084 0.032 0.036 0.089 0.024 0.049 0.086 0.08 0.088 0.093 0.04 0.051 0.035;
0.118 0.087 0.066 0.116 0.087 0.085 0.036 0.058 0.033 0.054 0.05 0.037 0.043 0.093 0.037;0.118 0.087 0.085 0.036 0.058 0.066 0.116 0.087 0.033 0.054 0.05 0.037 0.093 0.043 0.037;0.118 0.085 0.066 0.033 0.037 0.087 0.036 0.058 0.116 0.054 0.093 0.087 0.043 0.05 0.037;
0.116 0.081 0.074 0.105 0.104 0.085 0.027 0.054 0.04 0.064 0.048 0.047 0.047 0.079 0.029;0.116 0.081 0.085 0.027 0.054 0.074 0.105 0.104 0.04 0.064 0.048 0.047 0.079 0.047 0.029;0.116 0.085 0.074 0.04 0.047 0.081 0.027 0.054 0.105 0.064 0.079 0.104 0.047 0.048 0.029;
0.119 0.09 0.068 0.103 0.084 0.083 0.031 0.044 0.037 0.076 0.048 0.038 0.043 0.098 0.038;0.119 0.09 0.083 0.031 0.044 0.068 0.103 0.084 0.037 0.076 0.048 0.038 0.098 0.043 0.038;0.119 0.083 0.068 0.037 0.038 0.09 0.031 0.044 0.103 0.076 0.098 0.084 0.043 0.048 0.038;
0.103 0.085 0.062 0.12 0.093 0.086 0.044 0.046 0.028 0.071 0.04 0.05 0.047 0.093 0.032;0.103 0.085 0.086 0.044 0.046 0.062 0.12 0.093 0.028 0.071 0.04 0.05 0.093 0.047 0.032;0.103 0.086 0.062 0.028 0.05 0.085 0.044 0.046 0.12 0.071 0.093 0.093 0.047 0.04 0.032;
0.121 0.093 0.065 0.088 0.092 0.084 0.03 0.053 0.033 0.075 0.045 0.051 0.034 0.104 0.032;0.121 0.093 0.084 0.03 0.053 0.065 0.088 0.092 0.033 0.075 0.045 0.051 0.104 0.034 0.032;0.121 0.084 0.065 0.033 0.051 0.093 0.03 0.053 0.088 0.075 0.104 0.092 0.034 0.045 0.032;
0.127 0.091 0.079 0.11 0.066 0.088 0.033 0.046 0.019 0.071 0.048 0.041 0.049 0.099 0.033;0.127 0.091 0.088 0.033 0.046 0.079 0.11 0.066 0.019 0.071 0.048 0.041 0.099 0.049 0.033;0.127 0.088 0.079 0.019 0.041 0.091 0.033 0.046 0.11 0.071 0.099 0.066 0.049 0.048 0.033;
0.105 0.104 0.051 0.108 0.097 0.083 0.033 0.065 0.029 0.079 0.048 0.044 0.037 0.073 0.044;0.105 0.104 0.083 0.033 0.065 0.051 0.108 0.097 0.029 0.079 0.048 0.044 0.073 0.037 0.044;0.105 0.083 0.051 0.029 0.044 0.104 0.033 0.065 0.108 0.079 0.073 0.097 0.037 0.048 0.044;
0.118 0.111 0.065 0.104 0.08 0.108 0.028 0.048 0.033 0.064 0.051 0.046 0.048 0.076 0.02;0.118 0.111 0.108 0.028 0.048 0.065 0.104 0.08 0.033 0.064 0.051 0.046 0.076 0.048 0.02;0.118 0.108 0.065 0.033 0.046 0.111 0.028 0.048 0.104 0.064 0.076 0.08 0.048 0.051 0.02;
0.106 0.098 0.068 0.108 0.086 0.105 0.029 0.047 0.028 0.085 0.041 0.046 0.038 0.087 0.028;0.106 0.098 0.105 0.029 0.047 0.068 0.108 0.086 0.028 0.085 0.041 0.046 0.087 0.038 0.028;0.106 0.105 0.068 0.028 0.046 0.098 0.029 0.047 0.108 0.085 0.087 0.086 0.038 0.041 0.028;
0.112 0.115 0.077 0.094 0.077 0.105 0.038 0.057 0.023 0.068 0.035 0.046 0.046 0.071 0.036;0.112 0.115 0.105 0.038 0.057 0.077 0.094 0.077 0.023 0.068 0.035 0.046 0.071 0.046 0.036;0.112 0.105 0.077 0.023 0.046 0.115 0.038 0.057 0.094 0.068 0.071 0.077 0.046 0.035 0.036;
0.118 0.091 0.07 0.107 0.085 0.099 0.023 0.049 0.028 0.083 0.051 0.04 0.046 0.078 0.032;0.118 0.091 0.099 0.023 0.049 0.07 0.107 0.085 0.028 0.083 0.051 0.04 0.078 0.046 0.032;0.118 0.099 0.07 0.028 0.04 0.091 0.023 0.049 0.107 0.083 0.078 0.085 0.046 0.051 0.032;
0.129 0.098 0.056 0.103 0.088 0.094 0.027 0.05 0.032 0.064 0.06 0.038 0.04 0.088 0.033;0.129 0.098 0.094 0.027 0.05 0.056 0.103 0.088 0.032 0.064 0.06 0.038 0.088 0.04 0.033;0.129 0.094 0.056 0.032 0.038 0.098 0.027 0.05 0.103 0.064 0.088 0.088 0.04 0.06 0.033;
0.135 0.083 0.067 0.107 0.078 0.088 0.023 0.066 0.028 0.063 0.039 0.052 0.048 0.085 0.038;0.135 0.083 0.088 0.023 0.066 0.067 0.107 0.078 0.028 0.063 0.039 0.052 0.085 0.048 0.038;0.135 0.088 0.067 0.028 0.052 0.083 0.023 0.066 0.107 0.063 0.085 0.078 0.048 0.039 0.038;
0.133 0.091 0.073 0.101 0.092 0.097 0.029 0.05 0.025 0.07 0.045 0.037 0.032 0.086 0.039;0.133 0.091 0.097 0.029 0.05 0.073 0.101 0.092 0.025 0.07 0.045 0.037 0.086 0.032 0.039;0.133 0.097 0.073 0.025 0.037 0.091 0.029 0.05 0.101 0.07 0.086 0.092 0.032 0.045 0.039;
0.125 0.103 0.067 0.116 0.081 0.086 0.031 0.056 0.025 0.063 0.038 0.046 0.039 0.094 0.03;0.125 0.103 0.086 0.031 0.056 0.067 0.116 0.081 0.025 0.063 0.038 0.046 0.094 0.039 0.03;0.125 0.086 0.067 0.025 0.046 0.103 0.031 0.056 0.116 0.063 0.094 0.081 0.039 0.038 0.03;
0.127 0.096 0.064 0.106 0.075 0.108 0.033 0.042 0.018 0.065 0.043 0.04 0.038 0.095 0.05;0.127 0.096 0.108 0.033 0.042 0.064 0.106 0.075 0.018 0.065 0.043 0.04 0.095 0.038 0.05;0.127 0.108 0.064 0.018 0.04 0.096 0.033 0.042 0.106 0.065 0.095 0.075 0.038 0.043 0.05;
0.12 0.092 0.076 0.107 0.09 0.076 0.03 0.058 0.027 0.051 0.061 0.035 0.037 0.087 0.053;0.12 0.092 0.076 0.03 0.058 0.076 0.107 0.09 0.027 0.051 0.061 0.035 0.087 0.037 0.053;0.12 0.076 0.076 0.027 0.035 0.092 0.03 0.058 0.107 0.051 0.087 0.09 0.037 0.061 0.053;
0.124 0.087 0.063 0.085 0.076 0.108 0.033 0.053 0.034 0.074 0.041 0.047 0.04 0.096 0.039;0.124 0.087 0.108 0.033 0.053 0.063 0.085 0.076 0.034 0.074 0.041 0.047 0.096 0.04 0.039;0.124 0.108 0.063 0.034 0.047 0.087 0.033 0.053 0.085 0.074 0.096 0.076 0.04 0.041 0.039;
0.117 0.079 0.062 0.107 0.082 0.098 0.032 0.055 0.033 0.078 0.044 0.05 0.041 0.08 0.042;0.117 0.079 0.098 0.032 0.055 0.062 0.107 0.082 0.033 0.078 0.044 0.05 0.08 0.041 0.042;0.117 0.098 0.062 0.033 0.05 0.079 0.032 0.055 0.107 0.078 0.08 0.082 0.041 0.044 0.042;
0.123 0.082 0.069 0.101 0.09 0.097 0.029 0.043 0.032 0.076 0.042 0.043 0.038 0.093 0.042;0.123 0.082 0.097 0.029 0.043 0.069 0.101 0.09 0.032 0.076 0.042 0.043 0.093 0.038 0.042;0.123 0.097 0.069 0.032 0.043 0.082 0.029 0.043 0.101 0.076 0.093 0.09 0.038 0.042 0.042;
0.125 0.076 0.071 0.099 0.089 0.1 0.026 0.053 0.021 0.071 0.044 0.051 0.049 0.089 0.036;0.125 0.076 0.1 0.026 0.053 0.071 0.099 0.089 0.021 0.071 0.044 0.051 0.089 0.049 0.036;0.125 0.1 0.071 0.021 0.051 0.076 0.026 0.053 0.099 0.071 0.089 0.089 0.049 0.044 0.036;
0.107 0.098 0.072 0.116 0.075 0.087 0.035 0.043 0.031 0.054 0.054 0.06 0.05 0.087 0.031;0.107 0.098 0.087 0.035 0.043 0.072 0.116 0.075 0.031 0.054 0.054 0.06 0.087 0.05 0.031;0.107 0.087 0.072 0.031 0.06 0.098 0.035 0.043 0.116 0.054 0.087 0.075 0.05 0.054 0.031;
0.114 0.094 0.081 0.102 0.084 0.094 0.032 0.05 0.031 0.074 0.035 0.04 0.051 0.079 0.039;0.114 0.094 0.094 0.032 0.05 0.081 0.102 0.084 0.031 0.074 0.035 0.04 0.079 0.051 0.039;0.114 0.094 0.081 0.031 0.04 0.094 0.032 0.05 0.102 0.074 0.079 0.084 0.051 0.035 0.039;
0.129 0.078 0.069 0.118 0.097 0.091 0.028 0.055 0.032 0.067 0.043 0.044 0.04 0.079 0.03;0.129 0.078 0.091 0.028 0.055 0.069 0.118 0.097 0.032 0.067 0.043 0.044 0.079 0.04 0.03;0.129 0.091 0.069 0.032 0.044 0.078 0.028 0.055 0.118 0.067 0.079 0.097 0.04 0.043 0.03;
0.124 0.097 0.064 0.104 0.083 0.09 0.037 0.055 0.022 0.08 0.043 0.037 0.043 0.077 0.044;0.124 0.097 0.09 0.037 0.055 0.064 0.104 0.083 0.022 0.08 0.043 0.037 0.077 0.043 0.044;0.124 0.09 0.064 0.022 0.037 0.097 0.037 0.055 0.104 0.08 0.077 0.083 0.043 0.043 0.044;
0.131 0.088 0.07 0.114 0.07 0.096 0.037 0.048 0.029 0.076 0.049 0.036 0.043 0.088 0.025;0.131 0.088 0.096 0.037 0.048 0.07 0.114 0.07 0.029 0.076 0.049 0.036 0.088 0.043 0.025;0.131 0.096 0.07 0.029 0.036 0.088 0.037 0.048 0.114 0.076 0.088 0.07 0.043 0.049 0.025;
0.118 0.099 0.063 0.105 0.076 0.099 0.037 0.047 0.028 0.067 0.052 0.052 0.037 0.09 0.03;0.118 0.099 0.099 0.037 0.047 0.063 0.105 0.076 0.028 0.067 0.052 0.052 0.09 0.037 0.03;0.118 0.099 0.063 0.028 0.052 0.099 0.037 0.047 0.105 0.067 0.09 0.076 0.037 0.052 0.03;
0.125 0.113 0.065 0.102 0.095 0.095 0.024 0.057 0.024 0.069 0.044 0.041 0.038 0.079 0.029;0.125 0.113 0.095 0.024 0.057 0.065 0.102 0.095 0.024 0.069 0.044 0.041 0.079 0.038 0.029;0.125 0.095 0.065 0.024 0.041 0.113 0.024 0.057 0.102 0.069 0.079 0.095 0.038 0.044 0.029;
0.114 0.083 0.068 0.115 0.094 0.09 0.033 0.051 0.03 0.062 0.044 0.051 0.039 0.091 0.035;0.114 0.083 0.09 0.033 0.051 0.068 0.115 0.094 0.03 0.062 0.044 0.051 0.091 0.039 0.035;0.114 0.09 0.068 0.03 0.051 0.083 0.033 0.051 0.115 0.062 0.091 0.094 0.039 0.044 0.035;
0.142 0.088 0.08 0.114 0.084 0.084 0.029 0.058 0.029 0.07 0.046 0.028 0.04 0.079 0.029;0.142 0.088 0.084 0.029 0.058 0.08 0.114 0.084 0.029 0.07 0.046 0.028 0.079 0.04 0.029;0.142 0.084 0.08 0.029 0.028 0.088 0.029 0.058 0.114 0.07 0.079 0.084 0.04 0.046 0.029;
0.096 0.084 0.068 0.109 0.084 0.112 0.03 0.052 0.027 0.07 0.055 0.038 0.042 0.097 0.036;0.096 0.084 0.112 0.03 0.052 0.068 0.109 0.084 0.027 0.07 0.055 0.038 0.097 0.042 0.036;0.096 0.112 0.068 0.027 0.038 0.084 0.03 0.052 0.109 0.07 0.097 0.084 0.042 0.055 0.036;
0.133 0.094 0.062 0.11 0.092 0.087 0.021 0.055 0.032 0.059 0.044 0.045 0.046 0.086 0.034;0.133 0.094 0.087 0.021 0.055 0.062 0.11 0.092 0.032 0.059 0.044 0.045 0.086 0.046 0.034;0.133 0.087 0.062 0.032 0.045 0.094 0.021 0.055 0.11 0.059 0.086 0.092 0.046 0.044 0.034;
0.111 0.095 0.064 0.11 0.075 0.102 0.035 0.067 0.029 0.078 0.048 0.039 0.039 0.077 0.031;0.111 0.095 0.102 0.035 0.067 0.064 0.11 0.075 0.029 0.078 0.048 0.039 0.077 0.039 0.031;0.111 0.102 0.064 0.029 0.039 0.095 0.035 0.067 0.11 0.078 0.077 0.075 0.039 0.048 0.031;
0.109 0.092 0.068 0.111 0.096 0.098 0.024 0.057 0.025 0.071 0.035 0.058 0.037 0.087 0.032;0.109 0.092 0.098 0.024 0.057 0.068 0.111 0.096 0.025 0.071 0.035 0.058 0.087 0.037 0.032;0.109 0.098 0.068 0.025 0.058 0.092 0.024 0.057 0.111 0.071 0.087 0.096 0.037 0.035 0.032;
0.124 0.091 0.058 0.105 0.091 0.097 0.031 0.052 0.023 0.073 0.044 0.052 0.05 0.077 0.032;0.124 0.091 0.097 0.031 0.052 0.058 0.105 0.091 0.023 0.073 0.044 0.052 0.077 0.05 0.032;0.124 0.097 0.058 0.023 0.052 0.091 0.031 0.052 0.105 0.073 0.077 0.091 0.05 0.044 0.032;
0.135 0.09 0.075 0.116 0.08 0.08 0.023 0.054 0.021 0.059 0.055 0.05 0.045 0.075 0.042;0.135 0.09 0.08 0.023 0.054 0.075 0.116 0.08 0.021 0.059 0.055 0.05 0.075 0.045 0.042;0.135 0.08 0.075 0.021 0.05 0.09 0.023 0.054 0.116 0.059 0.075 0.08 0.045 0.055 0.042;
0.138 0.098 0.069 0.095 0.082 0.092 0.029 0.035 0.026 0.075 0.041 0.045 0.04 0.095 0.04;0.138 0.098 0.092 0.029 0.035 0.069 0.095 0.082 0.026 0.075 0.041 0.045 0.095 0.04 0.04;0.138 0.092 0.069 0.026 0.045 0.098 0.029 0.035 0.095 0.075 0.095 0.082 0.04 0.041 0.04;
0.137 0.08 0.071 0.094 0.1 0.09 0.032 0.051 0.02 0.074 0.045 0.049 0.039 0.08 0.038;0.137 0.08 0.09 0.032 0.051 0.071 0.094 0.1 0.02 0.074 0.045 0.049 0.08 0.039 0.038;0.137 0.09 0.071 0.02 0.049 0.08 0.032 0.051 0.094 0.074 0.08 0.1 0.039 0.045 0.038;
0.126 0.088 0.065 0.103 0.09 0.071 0.03 0.054 0.025 0.084 0.056 0.06 0.04 0.078 0.03;0.126 0.088 0.071 0.03 0.054 0.065 0.103 0.09 0.025 0.084 0.056 0.06 0.078 0.04 0.03;0.126 0.071 0.065 0.025 0.06 0.088 0.03 0.054 0.103 0.084 0.078 0.09 0.04 0.056 0.03;
0.137 0.091 0.061 0.124 0.079 0.08 0.026 0.06 0.021 0.073 0.037 0.048 0.035 0.097 0.031;0.137 0.091 0.08 0.026 0.06 0.061 0.124 0.079 0.021 0.073 0.037 0.048 0.097 0.035 0.031;0.137 0.08 0.061 0.021 0.048 0.091 0.026 0.06 0.124 0.073 0.097 0.079 0.035 0.037 0.031;
0.117 0.09 0.065 0.099 0.085 0.093 0.027 0.064 0.032 0.074 0.046 0.054 0.035 0.083 0.036;0.117 0.09 0.093 0.027 0.064 0.065 0.099 0.085 0.032 0.074 0.046 0.054 0.083 0.035 0.036;0.117 0.093 0.065 0.032 0.054 0.09 0.027 0.064 0.099 0.074 0.083 0.085 0.035 0.046 0.036;
0.112 0.092 0.077 0.102 0.082 0.092 0.043 0.039 0.03 0.072 0.046 0.048 0.04 0.085 0.04;0.112 0.092 0.092 0.043 0.039 0.077 0.102 0.082 0.03 0.072 0.046 0.048 0.085 0.04 0.04;0.112 0.092 0.077 0.03 0.048 0.092 0.043 0.039 0.102 0.072 0.085 0.082 0.04 0.046 0.04;
0.12 0.094 0.067 0.115 0.081 0.096 0.026 0.064 0.027 0.071 0.059 0.047 0.028 0.081 0.024;0.12 0.094 0.096 0.026 0.064 0.067 0.115 0.081 0.027 0.071 0.059 0.047 0.081 0.028 0.024;0.12 0.096 0.067 0.027 0.047 0.094 0.026 0.064 0.115 0.071 0.081 0.081 0.028 0.059 0.024;
0.111 0.097 0.063 0.099 0.098 0.085 0.024 0.049 0.034 0.07 0.047 0.044 0.04 0.099 0.04;0.111 0.097 0.085 0.024 0.049 0.063 0.099 0.098 0.034 0.07 0.047 0.044 0.099 0.04 0.04;0.111 0.085 0.063 0.034 0.044 0.097 0.024 0.049 0.099 0.07 0.099 0.098 0.04 0.047 0.04;
0.103 0.099 0.074 0.114 0.087 0.1 0.029 0.055 0.025 0.064 0.046 0.049 0.031 0.086 0.038;0.103 0.099 0.1 0.029 0.055 0.074 0.114 0.087 0.025 0.064 0.046 0.049 0.086 0.031 0.038;0.103 0.1 0.074 0.025 0.049 0.099 0.029 0.055 0.114 0.064 0.086 0.087 0.031 0.046 0.038;
0.115 0.091 0.071 0.113 0.084 0.096 0.019 0.045 0.023 0.069 0.048 0.041 0.046 0.108 0.031;0.115 0.091 0.096 0.019 0.045 0.071 0.113 0.084 0.023 0.069 0.048 0.041 0.108 0.046 0.031;0.115 0.096 0.071 0.023 0.041 0.091 0.019 0.045 0.113 0.069 0.108 0.084 0.046 0.048 0.031;
0.119 0.095 0.079 0.101 0.093 0.09 0.033 0.036 0.033 0.061 0.04 0.037 0.046 0.096 0.041;0.119 0.095 0.09 0.033 0.036 0.079 0.101 0.093 0.033 0.061 0.04 0.037 0.096 0.046 0.041;0.119 0.09 0.079 0.033 0.037 0.095 0.033 0.036 0.101 0.061 0.096 0.093 0.046 0.04 0.041;
0.128 0.101 0.08 0.115 0.088 0.088 0.027 0.059 0.028 0.081 0.041 0.032 0.029 0.076 0.027;0.128 0.101 0.088 0.027 0.059 0.08 0.115 0.088 0.028 0.081 0.041 0.032 0.076 0.029 0.027;0.128 0.088 0.08 0.028 0.032 0.101 0.027 0.059 0.115 0.081 0.076 0.088 0.029 0.041 0.027;
0.13 0.102 0.07 0.098 0.076 0.096 0.025 0.05 0.028 0.077 0.039 0.047 0.044 0.08 0.038;0.13 0.102 0.096 0.025 0.05 0.07 0.098 0.076 0.028 0.077 0.039 0.047 0.08 0.044 0.038;0.13 0.096 0.07 0.028 0.047 0.102 0.025 0.05 0.098 0.077 0.08 0.076 0.044 0.039 0.038;
0.12 0.109 0.05 0.11 0.098 0.074 0.026 0.054 0.024 0.086 0.031 0.046 0.032 0.101 0.039;0.12 0.109 0.074 0.026 0.054 0.05 0.11 0.098 0.024 0.086 0.031 0.046 0.101 0.032 0.039;0.12 0.074 0.05 0.024 0.046 0.109 0.026 0.054 0.11 0.086 0.101 0.098 0.032 0.031 0.039;
0.122 0.091 0.083 0.095 0.075 0.098 0.023 0.046 0.029 0.077 0.048 0.047 0.05 0.084 0.032;0.122 0.091 0.098 0.023 0.046 0.083 0.095 0.075 0.029 0.077 0.048 0.047 0.084 0.05 0.032;0.122 0.098 0.083 0.029 0.047 0.091 0.023 0.046 0.095 0.077 0.084 0.075 0.05 0.048 0.032;
0.118 0.084 0.072 0.112 0.068 0.1 0.038 0.047 0.032 0.069 0.06 0.042 0.042 0.087 0.029;0.118 0.084 0.1 0.038 0.047 0.072 0.112 0.068 0.032 0.069 0.06 0.042 0.087 0.042 0.029;0.118 0.1 0.072 0.032 0.042 0.084 0.038 0.047 0.112 0.069 0.087 0.068 0.042 0.06 0.029;
0.115 0.088 0.079 0.111 0.089 0.085 0.028 0.052 0.02 0.074 0.048 0.04 0.035 0.097 0.039;0.115 0.088 0.085 0.028 0.052 0.079 0.111 0.089 0.02 0.074 0.048 0.04 0.097 0.035 0.039;0.115 0.085 0.079 0.02 0.04 0.088 0.028 0.052 0.111 0.074 0.097 0.089 0.035 0.048 0.039;
0.124 0.096 0.07 0.113 0.081 0.1 0.027 0.056 0.028 0.076 0.041 0.033 0.041 0.085 0.029;0.124 0.096 0.1 0.027 0.056 0.07 0.113 0.081 0.028 0.076 0.041 0.033 0.085 0.041 0.029;0.124 0.1 0.07 0.028 0.033 0.096 0.027 0.056 0.113 0.076 0.085 0.081 0.041 0.041 0.029;
0.118 0.108 0.088 0.109 0.093 0.085 0.022 0.043 0.035 0.078 0.037 0.039 0.033 0.073 0.039;0.118 0.108 0.085 0.022 0.043 0.088 0.109 0.093 0.035 0.078 0.037 0.039 0.073 0.033 0.039;0.118 0.085 0.088 0.035 0.039 0.108 0.022 0.043 0.109 0.078 0.073 0.093 0.033 0.037 0.039;
0.125 0.093 0.073 0.106 0.081 0.093 0.024 0.056 0.024 0.071 0.046 0.036 0.047 0.094 0.031;0.125 0.093 0.093 0.024 0.056 0.073 0.106 0.081 0.024 0.071 0.046 0.036 0.094 0.047 0.031;0.125 0.093 0.073 0.024 0.036 0.093 0.024 0.056 0.106 0.071 0.094 0.081 0.047 0.046 0.031;
0.138 0.11 0.075 0.091 0.074 0.067 0.037 0.044 0.031 0.071 0.039 0.048 0.052 0.099 0.024;0.138 0.11 0.067 0.037 0.044 0.075 0.091 0.074 0.031 0.071 0.039 0.048 0.099 0.052 0.024;0.138 0.067 0.075 0.031 0.048 0.11 0.037 0.044 0.091 0.071 0.099 0.074 0.052 0.039 0.024;
0.123 0.086 0.058 0.1 0.095 0.089 0.027 0.051 0.019 0.072 0.05 0.045 0.038 0.117 0.03;0.123 0.086 0.089 0.027 0.051 0.058 0.1 0.095 0.019 0.072 0.05 0.045 0.117 0.038 0.03;0.123 0.089 0.058 0.019 0.045 0.086 0.027 0.051 0.1 0.072 0.117 0.095 0.038 0.05 0.03;
0.112 0.096 0.067 0.105 0.1 0.097 0.024 0.065 0.023 0.061 0.047 0.048 0.041 0.078 0.036;0.112 0.096 0.097 0.024 0.065 0.067 0.105 0.1 0.023 0.061 0.047 0.048 0.078 0.041 0.036;0.112 0.097 0.067 0.023 0.048 0.096 0.024 0.065 0.105 0.061 0.078 0.1 0.041 0.047 0.036;
0.124 0.108 0.067 0.116 0.085 0.104 0.022 0.052 0.017 0.06 0.049 0.047 0.045 0.077 0.027;0.124 0.108 0.104 0.022 0.052 0.067 0.116 0.085 0.017 0.06 0.049 0.047 0.077 0.045 0.027;0.124 0.104 0.067 0.017 0.047 0.108 0.022 0.052 0.116 0.06 0.077 0.085 0.045 0.049 0.027;
0.126 0.089 0.065 0.105 0.086 0.094 0.023 0.036 0.026 0.064 0.061 0.051 0.038 0.098 0.038;0.126 0.089 0.094 0.023 0.036 0.065 0.105 0.086 0.026 0.064 0.061 0.051 0.098 0.038 0.038;0.126 0.094 0.065 0.026 0.051 0.089 0.023 0.036 0.105 0.064 0.098 0.086 0.038 0.061 0.038;
0.119 0.087 0.077 0.118 0.078 0.105 0.029 0.063 0.026 0.065 0.045 0.046 0.03 0.069 0.043;0.119 0.087 0.105 0.029 0.063 0.077 0.118 0.078 0.026 0.065 0.045 0.046 0.069 0.03 0.043;0.119 0.105 0.077 0.026 0.046 0.087 0.029 0.063 0.118 0.065 0.069 0.078 0.03 0.045 0.043;
0.102 0.084 0.068 0.098 0.099 0.1 0.03 0.054 0.032 0.07 0.047 0.042 0.039 0.095 0.04;0.102 0.084 0.1 0.03 0.054 0.068 0.098 0.099 0.032 0.07 0.047 0.042 0.095 0.039 0.04;0.102 0.1 0.068 0.032 0.042 0.084 0.03 0.054 0.098 0.07 0.095 0.099 0.039 0.047 0.04];