pntP=[0.098 0.019 0.161 0.02 0.033 0.018 0.108 0.025 0.025 0.16 0.035 0.029 0.215 0.031 0.023;0.098 0.019 0.018 0.108 0.025 0.161 0.02 0.033 0.025 0.16 0.035 0.029 0.031 0.215 0.023;0.098 0.018 0.161 0.025 0.029 0.019 0.108 0.025 0.02 0.16 0.031 0.033 0.215 0.035 0.023;
0.101 0.033 0.166 0.018 0.04 0.015 0.096 0.028 0.016 0.177 0.033 0.025 0.188 0.035 0.029;0.101 0.033 0.015 0.096 0.028 0.166 0.018 0.04 0.016 0.177 0.033 0.025 0.035 0.188 0.029;0.101 0.015 0.166 0.016 0.025 0.033 0.096 0.028 0.018 0.177 0.035 0.04 0.188 0.033 0.029;
0.103 0.014 0.177 0.02 0.033 0.021 0.095 0.03 0.02 0.181 0.03 0.026 0.186 0.037 0.027;0.103 0.014 0.021 0.095 0.03 0.177 0.02 0.033 0.02 0.181 0.03 0.026 0.037 0.186 0.027;0.103 0.021 0.177 0.02 0.026 0.014 0.095 0.03 0.02 0.181 0.037 0.033 0.186 0.03 0.027;
0.084 0.019 0.172 0.029 0.037 0.015 0.094 0.026 0.013 0.191 0.027 0.045 0.192 0.031 0.025;0.084 0.019 0.015 0.094 0.026 0.172 0.029 0.037 0.013 0.191 0.027 0.045 0.031 0.192 0.025;0.084 0.015 0.172 0.013 0.045 0.019 0.094 0.026 0.029 0.191 0.031 0.037 0.192 0.027 0.025;
0.099 0.013 0.168 0.025 0.037 0.022 0.085 0.022 0.02 0.162 0.033 0.038 0.207 0.042 0.027;0.099 0.013 0.022 0.085 0.022 0.168 0.025 0.037 0.02 0.162 0.033 0.038 0.042 0.207 0.027;0.099 0.022 0.168 0.02 0.038 0.013 0.085 0.022 0.025 0.162 0.042 0.037 0.207 0.033 0.027;
0.089 0.022 0.162 0.027 0.032 0.015 0.105 0.024 0.014 0.199 0.025 0.03 0.196 0.03 0.03;0.089 0.022 0.015 0.105 0.024 0.162 0.027 0.032 0.014 0.199 0.025 0.03 0.03 0.196 0.03;0.089 0.015 0.162 0.014 0.03 0.022 0.105 0.024 0.027 0.199 0.03 0.032 0.196 0.025 0.03;
0.092 0.017 0.158 0.026 0.039 0.032 0.101 0.017 0.016 0.178 0.026 0.027 0.208 0.031 0.032;0.092 0.017 0.032 0.101 0.017 0.158 0.026 0.039 0.016 0.178 0.026 0.027 0.031 0.208 0.032;0.092 0.032 0.158 0.016 0.027 0.017 0.101 0.017 0.026 0.178 0.031 0.039 0.208 0.026 0.032;
0.091 0.023 0.175 0.027 0.029 0.022 0.107 0.031 0.02 0.152 0.032 0.027 0.195 0.034 0.035;0.091 0.023 0.022 0.107 0.031 0.175 0.027 0.029 0.02 0.152 0.032 0.027 0.034 0.195 0.035;0.091 0.022 0.175 0.02 0.027 0.023 0.107 0.031 0.027 0.152 0.034 0.029 0.195 0.032 0.035;
0.071 0.023 0.201 0.02 0.037 0.028 0.119 0.027 0.019 0.152 0.024 0.023 0.199 0.031 0.026;0.071 0.023 0.028 0.119 0.027 0.201 0.02 0.037 0.019 0.152 0.024 0.023 0.031 0.199 0.026;0.071 0.028 0.201 0.019 0.023 0.023 0.119 0.027 0.02 0.152 0.031 0.037 0.199 0.024 0.026;
0.091 0.02 0.159 0.021 0.036 0.019 0.11 0.03 0.016 0.176 0.029 0.03 0.198 0.038 0.027;0.091 0.02 0.019 0.11 0.03 0.159 0.021 0.036 0.016 0.176 0.029 0.03 0.038 0.198 0.027;0.091 0.019 0.159 0.016 0.03 0.02 0.11 0.03 0.021 0.176 0.038 0.036 0.198 0.029 0.027;
0.066 0.017 0.181 0.035 0.037 0.029 0.123 0.024 0.02 0.158 0.032 0.028 0.193 0.029 0.028;0.066 0.017 0.029 0.123 0.024 0.181 0.035 0.037 0.02 0.158 0.032 0.028 0.029 0.193 0.028;0.066 0.029 0.181 0.02 0.028 0.017 0.123 0.024 0.035 0.158 0.029 0.037 0.193 0.032 0.028;
0.092 0.022 0.153 0.028 0.032 0.026 0.102 0.027 0.023 0.179 0.026 0.023 0.194 0.046 0.027;0.092 0.022 0.026 0.102 0.027 0.153 0.028 0.032 0.023 0.179 0.026 0.023 0.046 0.194 0.027;0.092 0.026 0.153 0.023 0.023 0.022 0.102 0.027 0.028 0.179 0.046 0.032 0.194 0.026 0.027;
0.087 0.021 0.177 0.022 0.035 0.016 0.099 0.03 0.018 0.18 0.026 0.024 0.195 0.047 0.023;0.087 0.021 0.016 0.099 0.03 0.177 0.022 0.035 0.018 0.18 0.026 0.024 0.047 0.195 0.023;0.087 0.016 0.177 0.018 0.024 0.021 0.099 0.03 0.022 0.18 0.047 0.035 0.195 0.026 0.023;
0.092 0.017 0.167 0.022 0.031 0.024 0.088 0.024 0.013 0.174 0.028 0.046 0.202 0.033 0.039;0.092 0.017 0.024 0.088 0.024 0.167 0.022 0.031 0.013 0.174 0.028 0.046 0.033 0.202 0.039;0.092 0.024 0.167 0.013 0.046 0.017 0.088 0.024 0.022 0.174 0.033 0.031 0.202 0.028 0.039;
0.106 0.024 0.175 0.024 0.046 0.019 0.082 0.018 0.018 0.165 0.021 0.03 0.214 0.027 0.031;0.106 0.024 0.019 0.082 0.018 0.175 0.024 0.046 0.018 0.165 0.021 0.03 0.027 0.214 0.031;0.106 0.019 0.175 0.018 0.03 0.024 0.082 0.018 0.024 0.165 0.027 0.046 0.214 0.021 0.031;
0.105 0.027 0.162 0.021 0.029 0.018 0.099 0.021 0.02 0.17 0.026 0.03 0.207 0.042 0.023;0.105 0.027 0.018 0.099 0.021 0.162 0.021 0.029 0.02 0.17 0.026 0.03 0.042 0.207 0.023;0.105 0.018 0.162 0.02 0.03 0.027 0.099 0.021 0.021 0.17 0.042 0.029 0.207 0.026 0.023;
0.086 0.015 0.189 0.023 0.048 0.018 0.113 0.015 0.018 0.154 0.027 0.034 0.208 0.032 0.02;0.086 0.015 0.018 0.113 0.015 0.189 0.023 0.048 0.018 0.154 0.027 0.034 0.032 0.208 0.02;0.086 0.018 0.189 0.018 0.034 0.015 0.113 0.015 0.023 0.154 0.032 0.048 0.208 0.027 0.02;
0.089 0.018 0.177 0.023 0.032 0.025 0.104 0.03 0.015 0.175 0.021 0.026 0.202 0.035 0.028;0.089 0.018 0.025 0.104 0.03 0.177 0.023 0.032 0.015 0.175 0.021 0.026 0.035 0.202 0.028;0.089 0.025 0.177 0.015 0.026 0.018 0.104 0.03 0.023 0.175 0.035 0.032 0.202 0.021 0.028;
0.085 0.025 0.186 0.029 0.027 0.02 0.116 0.032 0.013 0.146 0.031 0.035 0.199 0.034 0.022;0.085 0.025 0.02 0.116 0.032 0.186 0.029 0.027 0.013 0.146 0.031 0.035 0.034 0.199 0.022;0.085 0.02 0.186 0.013 0.035 0.025 0.116 0.032 0.029 0.146 0.034 0.027 0.199 0.031 0.022;
0.101 0.015 0.15 0.024 0.033 0.028 0.111 0.026 0.022 0.188 0.022 0.034 0.181 0.034 0.031;0.101 0.015 0.028 0.111 0.026 0.15 0.024 0.033 0.022 0.188 0.022 0.034 0.034 0.181 0.031;0.101 0.028 0.15 0.022 0.034 0.015 0.111 0.026 0.024 0.188 0.034 0.033 0.181 0.022 0.031;
0.101 0.023 0.164 0.017 0.045 0.017 0.105 0.021 0.023 0.162 0.03 0.03 0.199 0.035 0.028;0.101 0.023 0.017 0.105 0.021 0.164 0.017 0.045 0.023 0.162 0.03 0.03 0.035 0.199 0.028;0.101 0.017 0.164 0.023 0.03 0.023 0.105 0.021 0.017 0.162 0.035 0.045 0.199 0.03 0.028;
0.09 0.02 0.157 0.034 0.03 0.021 0.085 0.028 0.017 0.179 0.03 0.026 0.215 0.039 0.029;0.09 0.02 0.021 0.085 0.028 0.157 0.034 0.03 0.017 0.179 0.03 0.026 0.039 0.215 0.029;0.09 0.021 0.157 0.017 0.026 0.02 0.085 0.028 0.034 0.179 0.039 0.03 0.215 0.03 0.029;
0.095 0.024 0.174 0.022 0.035 0.023 0.111 0.022 0.014 0.143 0.033 0.031 0.212 0.042 0.019;0.095 0.024 0.023 0.111 0.022 0.174 0.022 0.035 0.014 0.143 0.033 0.031 0.042 0.212 0.019;0.095 0.023 0.174 0.014 0.031 0.024 0.111 0.022 0.022 0.143 0.042 0.035 0.212 0.033 0.019;
0.085 0.022 0.157 0.026 0.045 0.025 0.108 0.029 0.03 0.156 0.03 0.027 0.2 0.034 0.026;0.085 0.022 0.025 0.108 0.029 0.157 0.026 0.045 0.03 0.156 0.03 0.027 0.034 0.2 0.026;0.085 0.025 0.157 0.03 0.027 0.022 0.108 0.029 0.026 0.156 0.034 0.045 0.2 0.03 0.026;
0.093 0.024 0.156 0.023 0.03 0.021 0.119 0.024 0.019 0.144 0.034 0.023 0.221 0.03 0.039;0.093 0.024 0.021 0.119 0.024 0.156 0.023 0.03 0.019 0.144 0.034 0.023 0.03 0.221 0.039;0.093 0.021 0.156 0.019 0.023 0.024 0.119 0.024 0.023 0.144 0.03 0.03 0.221 0.034 0.039;
0.089 0.021 0.157 0.023 0.047 0.022 0.105 0.021 0.017 0.183 0.025 0.033 0.19 0.035 0.032;0.089 0.021 0.022 0.105 0.021 0.157 0.023 0.047 0.017 0.183 0.025 0.033 0.035 0.19 0.032;0.089 0.022 0.157 0.017 0.033 0.021 0.105 0.021 0.023 0.183 0.035 0.047 0.19 0.025 0.032;
0.109 0.014 0.17 0.024 0.037 0.017 0.092 0.023 0.02 0.161 0.027 0.027 0.209 0.041 0.029;0.109 0.014 0.017 0.092 0.023 0.17 0.024 0.037 0.02 0.161 0.027 0.027 0.041 0.209 0.029;0.109 0.017 0.17 0.02 0.027 0.014 0.092 0.023 0.024 0.161 0.041 0.037 0.209 0.027 0.029;
0.11 0.029 0.177 0.029 0.038 0.021 0.106 0.03 0.019 0.152 0.025 0.033 0.171 0.039 0.021;0.11 0.029 0.021 0.106 0.03 0.177 0.029 0.038 0.019 0.152 0.025 0.033 0.039 0.171 0.021;0.11 0.021 0.177 0.019 0.033 0.029 0.106 0.03 0.029 0.152 0.039 0.038 0.171 0.025 0.021;
0.102 0.02 0.164 0.029 0.037 0.015 0.1 0.019 0.018 0.167 0.037 0.034 0.194 0.04 0.024;0.102 0.02 0.015 0.1 0.019 0.164 0.029 0.037 0.018 0.167 0.037 0.034 0.04 0.194 0.024;0.102 0.015 0.164 0.018 0.034 0.02 0.1 0.019 0.029 0.167 0.04 0.037 0.194 0.037 0.024;
0.086 0.03 0.168 0.023 0.037 0.022 0.098 0.027 0.019 0.174 0.025 0.032 0.2 0.038 0.021;0.086 0.03 0.022 0.098 0.027 0.168 0.023 0.037 0.019 0.174 0.025 0.032 0.038 0.2 0.021;0.086 0.022 0.168 0.019 0.032 0.03 0.098 0.027 0.023 0.174 0.038 0.037 0.2 0.025 0.021;
0.092 0.029 0.148 0.023 0.047 0.028 0.085 0.024 0.015 0.175 0.035 0.028 0.223 0.022 0.026;0.092 0.029 0.028 0.085 0.024 0.148 0.023 0.047 0.015 0.175 0.035 0.028 0.022 0.223 0.026;0.092 0.028 0.148 0.015 0.028 0.029 0.085 0.024 0.023 0.175 0.022 0.047 0.223 0.035 0.026;
0.105 0.02 0.143 0.022 0.044 0.023 0.106 0.03 0.02 0.162 0.031 0.024 0.213 0.033 0.024;0.105 0.02 0.023 0.106 0.03 0.143 0.022 0.044 0.02 0.162 0.031 0.024 0.033 0.213 0.024;0.105 0.023 0.143 0.02 0.024 0.02 0.106 0.03 0.022 0.162 0.033 0.044 0.213 0.031 0.024;
0.097 0.028 0.165 0.013 0.041 0.022 0.101 0.033 0.017 0.177 0.031 0.022 0.186 0.037 0.03;0.097 0.028 0.022 0.101 0.033 0.165 0.013 0.041 0.017 0.177 0.031 0.022 0.037 0.186 0.03;0.097 0.022 0.165 0.017 0.022 0.028 0.101 0.033 0.013 0.177 0.037 0.041 0.186 0.031 0.03;
0.097 0.017 0.178 0.028 0.039 0.018 0.103 0.024 0.014 0.165 0.036 0.026 0.201 0.032 0.022;0.097 0.017 0.018 0.103 0.024 0.178 0.028 0.039 0.014 0.165 0.036 0.026 0.032 0.201 0.022;0.097 0.018 0.178 0.014 0.026 0.017 0.103 0.024 0.028 0.165 0.032 0.039 0.201 0.036 0.022;
0.071 0.017 0.172 0.02 0.024 0.023 0.112 0.03 0.018 0.176 0.032 0.026 0.211 0.037 0.031;0.071 0.017 0.023 0.112 0.03 0.172 0.02 0.024 0.018 0.176 0.032 0.026 0.037 0.211 0.031;0.071 0.023 0.172 0.018 0.026 0.017 0.112 0.03 0.02 0.176 0.037 0.024 0.211 0.032 0.031;
0.078 0.012 0.177 0.019 0.032 0.023 0.107 0.038 0.012 0.163 0.027 0.031 0.219 0.034 0.028;0.078 0.012 0.023 0.107 0.038 0.177 0.019 0.032 0.012 0.163 0.027 0.031 0.034 0.219 0.028;0.078 0.023 0.177 0.012 0.031 0.012 0.107 0.038 0.019 0.163 0.034 0.032 0.219 0.027 0.028;
0.104 0.011 0.179 0.019 0.028 0.016 0.114 0.021 0.019 0.154 0.03 0.025 0.217 0.039 0.024;0.104 0.011 0.016 0.114 0.021 0.179 0.019 0.028 0.019 0.154 0.03 0.025 0.039 0.217 0.024;0.104 0.016 0.179 0.019 0.025 0.011 0.114 0.021 0.019 0.154 0.039 0.028 0.217 0.03 0.024;
0.095 0.017 0.183 0.019 0.03 0.025 0.091 0.035 0.021 0.147 0.036 0.043 0.196 0.034 0.028;0.095 0.017 0.025 0.091 0.035 0.183 0.019 0.03 0.021 0.147 0.036 0.043 0.034 0.196 0.028;0.095 0.025 0.183 0.021 0.043 0.017 0.091 0.035 0.019 0.147 0.034 0.03 0.196 0.036 0.028;
0.075 0.023 0.167 0.028 0.032 0.022 0.111 0.027 0.018 0.169 0.037 0.03 0.21 0.025 0.026;0.075 0.023 0.022 0.111 0.027 0.167 0.028 0.032 0.018 0.169 0.037 0.03 0.025 0.21 0.026;0.075 0.022 0.167 0.018 0.03 0.023 0.111 0.027 0.028 0.169 0.025 0.032 0.21 0.037 0.026;
0.094 0.023 0.177 0.022 0.046 0.026 0.096 0.028 0.02 0.154 0.027 0.023 0.203 0.033 0.028;0.094 0.023 0.026 0.096 0.028 0.177 0.022 0.046 0.02 0.154 0.027 0.023 0.033 0.203 0.028;0.094 0.026 0.177 0.02 0.023 0.023 0.096 0.028 0.022 0.154 0.033 0.046 0.203 0.027 0.028;
0.092 0.017 0.165 0.033 0.022 0.021 0.101 0.033 0.027 0.162 0.032 0.031 0.198 0.035 0.031;0.092 0.017 0.021 0.101 0.033 0.165 0.033 0.022 0.027 0.162 0.032 0.031 0.035 0.198 0.031;0.092 0.021 0.165 0.027 0.031 0.017 0.101 0.033 0.033 0.162 0.035 0.022 0.198 0.032 0.031;
0.114 0.015 0.17 0.016 0.034 0.026 0.106 0.026 0.018 0.158 0.034 0.035 0.192 0.034 0.022;0.114 0.015 0.026 0.106 0.026 0.17 0.016 0.034 0.018 0.158 0.034 0.035 0.034 0.192 0.022;0.114 0.026 0.17 0.018 0.035 0.015 0.106 0.026 0.016 0.158 0.034 0.034 0.192 0.034 0.022;
0.097 0.023 0.178 0.017 0.026 0.023 0.112 0.025 0.013 0.165 0.033 0.023 0.196 0.042 0.027;0.097 0.023 0.023 0.112 0.025 0.178 0.017 0.026 0.013 0.165 0.033 0.023 0.042 0.196 0.027;0.097 0.023 0.178 0.013 0.023 0.023 0.112 0.025 0.017 0.165 0.042 0.026 0.196 0.033 0.027;
0.094 0.023 0.165 0.027 0.031 0.027 0.096 0.021 0.017 0.176 0.035 0.023 0.205 0.032 0.028;0.094 0.023 0.027 0.096 0.021 0.165 0.027 0.031 0.017 0.176 0.035 0.023 0.032 0.205 0.028;0.094 0.027 0.165 0.017 0.023 0.023 0.096 0.021 0.027 0.176 0.032 0.031 0.205 0.035 0.028;
0.09 0.021 0.164 0.024 0.036 0.021 0.099 0.025 0.022 0.177 0.02 0.029 0.202 0.038 0.032;0.09 0.021 0.021 0.099 0.025 0.164 0.024 0.036 0.022 0.177 0.02 0.029 0.038 0.202 0.032;0.09 0.021 0.164 0.022 0.029 0.021 0.099 0.025 0.024 0.177 0.038 0.036 0.202 0.02 0.032;
0.091 0.024 0.168 0.022 0.039 0.01 0.12 0.028 0.019 0.149 0.032 0.03 0.214 0.034 0.02;0.091 0.024 0.01 0.12 0.028 0.168 0.022 0.039 0.019 0.149 0.032 0.03 0.034 0.214 0.02;0.091 0.01 0.168 0.019 0.03 0.024 0.12 0.028 0.022 0.149 0.034 0.039 0.214 0.032 0.02;
0.087 0.021 0.171 0.025 0.03 0.016 0.099 0.021 0.02 0.174 0.029 0.03 0.205 0.04 0.032;0.087 0.021 0.016 0.099 0.021 0.171 0.025 0.03 0.02 0.174 0.029 0.03 0.04 0.205 0.032;0.087 0.016 0.171 0.02 0.03 0.021 0.099 0.021 0.025 0.174 0.04 0.03 0.205 0.029 0.032;
0.086 0.026 0.154 0.012 0.028 0.027 0.105 0.036 0.015 0.176 0.023 0.022 0.232 0.037 0.021;0.086 0.026 0.027 0.105 0.036 0.154 0.012 0.028 0.015 0.176 0.023 0.022 0.037 0.232 0.021;0.086 0.027 0.154 0.015 0.022 0.026 0.105 0.036 0.012 0.176 0.037 0.028 0.232 0.023 0.021;
0.106 0.013 0.171 0.023 0.036 0.02 0.092 0.03 0.016 0.182 0.028 0.026 0.2 0.034 0.023;0.106 0.013 0.02 0.092 0.03 0.171 0.023 0.036 0.016 0.182 0.028 0.026 0.034 0.2 0.023;0.106 0.02 0.171 0.016 0.026 0.013 0.092 0.03 0.023 0.182 0.034 0.036 0.2 0.028 0.023;
0.09 0.02 0.171 0.027 0.034 0.019 0.091 0.034 0.01 0.149 0.029 0.031 0.221 0.053 0.021;0.09 0.02 0.019 0.091 0.034 0.171 0.027 0.034 0.01 0.149 0.029 0.031 0.053 0.221 0.021;0.09 0.019 0.171 0.01 0.031 0.02 0.091 0.034 0.027 0.149 0.053 0.034 0.221 0.029 0.021;
0.075 0.021 0.18 0.024 0.039 0.022 0.1 0.018 0.01 0.151 0.028 0.038 0.221 0.042 0.031;0.075 0.021 0.022 0.1 0.018 0.18 0.024 0.039 0.01 0.151 0.028 0.038 0.042 0.221 0.031;0.075 0.022 0.18 0.01 0.038 0.021 0.1 0.018 0.024 0.151 0.042 0.039 0.221 0.028 0.031;
0.087 0.018 0.161 0.026 0.036 0.024 0.107 0.033 0.023 0.181 0.033 0.036 0.185 0.031 0.019;0.087 0.018 0.024 0.107 0.033 0.161 0.026 0.036 0.023 0.181 0.033 0.036 0.031 0.185 0.019;0.087 0.024 0.161 0.023 0.036 0.018 0.107 0.033 0.026 0.181 0.031 0.036 0.185 0.033 0.019;
0.103 0.025 0.16 0.018 0.037 0.018 0.113 0.028 0.012 0.154 0.027 0.024 0.213 0.042 0.026;0.103 0.025 0.018 0.113 0.028 0.16 0.018 0.037 0.012 0.154 0.027 0.024 0.042 0.213 0.026;0.103 0.018 0.16 0.012 0.024 0.025 0.113 0.028 0.018 0.154 0.042 0.037 0.213 0.027 0.026;
0.103 0.013 0.179 0.022 0.033 0.015 0.1 0.019 0.02 0.178 0.027 0.026 0.208 0.033 0.024;0.103 0.013 0.015 0.1 0.019 0.179 0.022 0.033 0.02 0.178 0.027 0.026 0.033 0.208 0.024;0.103 0.015 0.179 0.02 0.026 0.013 0.1 0.019 0.022 0.178 0.033 0.033 0.208 0.027 0.024;
0.077 0.02 0.153 0.029 0.037 0.012 0.107 0.037 0.01 0.189 0.025 0.034 0.213 0.034 0.023;0.077 0.02 0.012 0.107 0.037 0.153 0.029 0.037 0.01 0.189 0.025 0.034 0.034 0.213 0.023;0.077 0.012 0.153 0.01 0.034 0.02 0.107 0.037 0.029 0.189 0.034 0.037 0.213 0.025 0.023;
0.096 0.015 0.166 0.028 0.03 0.027 0.105 0.029 0.021 0.161 0.026 0.029 0.211 0.035 0.021;0.096 0.015 0.027 0.105 0.029 0.166 0.028 0.03 0.021 0.161 0.026 0.029 0.035 0.211 0.021;0.096 0.027 0.166 0.021 0.029 0.015 0.105 0.029 0.028 0.161 0.035 0.03 0.211 0.026 0.021;
0.091 0.02 0.155 0.031 0.032 0.021 0.105 0.022 0.018 0.18 0.038 0.032 0.193 0.04 0.022;0.091 0.02 0.021 0.105 0.022 0.155 0.031 0.032 0.018 0.18 0.038 0.032 0.04 0.193 0.022;0.091 0.021 0.155 0.018 0.032 0.02 0.105 0.022 0.031 0.18 0.04 0.032 0.193 0.038 0.022;
0.077 0.018 0.169 0.02 0.037 0.033 0.108 0.02 0.019 0.159 0.032 0.029 0.219 0.03 0.03;0.077 0.018 0.033 0.108 0.02 0.169 0.02 0.037 0.019 0.159 0.032 0.029 0.03 0.219 0.03;0.077 0.033 0.169 0.019 0.029 0.018 0.108 0.02 0.02 0.159 0.03 0.037 0.219 0.032 0.03;
0.105 0.025 0.15 0.02 0.038 0.023 0.101 0.027 0.018 0.183 0.028 0.024 0.196 0.033 0.029;0.105 0.025 0.023 0.101 0.027 0.15 0.02 0.038 0.018 0.183 0.028 0.024 0.033 0.196 0.029;0.105 0.023 0.15 0.018 0.024 0.025 0.101 0.027 0.02 0.183 0.033 0.038 0.196 0.028 0.029;
0.093 0.025 0.17 0.03 0.031 0.022 0.096 0.022 0.017 0.171 0.023 0.027 0.209 0.042 0.022;0.093 0.025 0.022 0.096 0.022 0.17 0.03 0.031 0.017 0.171 0.023 0.027 0.042 0.209 0.022;0.093 0.022 0.17 0.017 0.027 0.025 0.096 0.022 0.03 0.171 0.042 0.031 0.209 0.023 0.022;
0.097 0.019 0.183 0.027 0.042 0.017 0.104 0.026 0.023 0.14 0.021 0.036 0.207 0.038 0.02;0.097 0.019 0.017 0.104 0.026 0.183 0.027 0.042 0.023 0.14 0.021 0.036 0.038 0.207 0.02;0.097 0.017 0.183 0.023 0.036 0.019 0.104 0.026 0.027 0.14 0.038 0.042 0.207 0.021 0.02;
0.092 0.026 0.188 0.023 0.048 0.012 0.097 0.018 0.016 0.162 0.034 0.034 0.182 0.037 0.031;0.092 0.026 0.012 0.097 0.018 0.188 0.023 0.048 0.016 0.162 0.034 0.034 0.037 0.182 0.031;0.092 0.012 0.188 0.016 0.034 0.026 0.097 0.018 0.023 0.162 0.037 0.048 0.182 0.034 0.031;
0.092 0.017 0.154 0.027 0.034 0.023 0.108 0.017 0.016 0.178 0.031 0.03 0.212 0.038 0.023;0.092 0.017 0.023 0.108 0.017 0.154 0.027 0.034 0.016 0.178 0.031 0.03 0.038 0.212 0.023;0.092 0.023 0.154 0.016 0.03 0.017 0.108 0.017 0.027 0.178 0.038 0.034 0.212 0.031 0.023;
0.09 0.024 0.14 0.022 0.039 0.018 0.094 0.032 0.02 0.189 0.028 0.032 0.205 0.041 0.026;0.09 0.024 0.018 0.094 0.032 0.14 0.022 0.039 0.02 0.189 0.028 0.032 0.041 0.205 0.026;0.09 0.018 0.14 0.02 0.032 0.024 0.094 0.032 0.022 0.189 0.041 0.039 0.205 0.028 0.026;
0.094 0.02 0.157 0.02 0.034 0.019 0.11 0.021 0.016 0.165 0.039 0.032 0.198 0.044 0.031;0.094 0.02 0.019 0.11 0.021 0.157 0.02 0.034 0.016 0.165 0.039 0.032 0.044 0.198 0.031;0.094 0.019 0.157 0.016 0.032 0.02 0.11 0.021 0.02 0.165 0.044 0.034 0.198 0.039 0.031;
0.098 0.022 0.16 0.034 0.041 0.017 0.104 0.029 0.016 0.153 0.029 0.026 0.21 0.036 0.025;0.098 0.022 0.017 0.104 0.029 0.16 0.034 0.041 0.016 0.153 0.029 0.026 0.036 0.21 0.025;0.098 0.017 0.16 0.016 0.026 0.022 0.104 0.029 0.034 0.153 0.036 0.041 0.21 0.029 0.025;
0.097 0.016 0.17 0.026 0.037 0.02 0.083 0.035 0.018 0.167 0.037 0.033 0.204 0.032 0.025;0.097 0.016 0.02 0.083 0.035 0.17 0.026 0.037 0.018 0.167 0.037 0.033 0.032 0.204 0.025;0.097 0.02 0.17 0.018 0.033 0.016 0.083 0.035 0.026 0.167 0.032 0.037 0.204 0.037 0.025;
0.093 0.028 0.16 0.032 0.038 0.019 0.114 0.02 0.02 0.13 0.037 0.023 0.211 0.042 0.033;0.093 0.028 0.019 0.114 0.02 0.16 0.032 0.038 0.02 0.13 0.037 0.023 0.042 0.211 0.033;0.093 0.019 0.16 0.02 0.023 0.028 0.114 0.02 0.032 0.13 0.042 0.038 0.211 0.037 0.033;
0.086 0.019 0.149 0.023 0.048 0.017 0.102 0.027 0.016 0.162 0.024 0.029 0.226 0.047 0.025;0.086 0.019 0.017 0.102 0.027 0.149 0.023 0.048 0.016 0.162 0.024 0.029 0.047 0.226 0.025;0.086 0.017 0.149 0.016 0.029 0.019 0.102 0.027 0.023 0.162 0.047 0.048 0.226 0.024 0.025;
0.103 0.017 0.154 0.035 0.019 0.019 0.118 0.023 0.015 0.165 0.023 0.031 0.215 0.036 0.027;0.103 0.017 0.019 0.118 0.023 0.154 0.035 0.019 0.015 0.165 0.023 0.031 0.036 0.215 0.027;0.103 0.019 0.154 0.015 0.031 0.017 0.118 0.023 0.035 0.165 0.036 0.019 0.215 0.023 0.027;
0.089 0.019 0.175 0.022 0.027 0.029 0.1 0.025 0.018 0.16 0.03 0.046 0.21 0.026 0.024;0.089 0.019 0.029 0.1 0.025 0.175 0.022 0.027 0.018 0.16 0.03 0.046 0.026 0.21 0.024;0.089 0.029 0.175 0.018 0.046 0.019 0.1 0.025 0.022 0.16 0.026 0.027 0.21 0.03 0.024;
0.109 0.025 0.18 0.026 0.029 0.022 0.096 0.033 0.014 0.163 0.023 0.034 0.185 0.032 0.029;0.109 0.025 0.022 0.096 0.033 0.18 0.026 0.029 0.014 0.163 0.023 0.034 0.032 0.185 0.029;0.109 0.022 0.18 0.014 0.034 0.025 0.096 0.033 0.026 0.163 0.032 0.029 0.185 0.023 0.029;
0.083 0.022 0.182 0.021 0.036 0.025 0.117 0.027 0.014 0.159 0.041 0.019 0.187 0.043 0.024;0.083 0.022 0.025 0.117 0.027 0.182 0.021 0.036 0.014 0.159 0.041 0.019 0.043 0.187 0.024;0.083 0.025 0.182 0.014 0.019 0.022 0.117 0.027 0.021 0.159 0.043 0.036 0.187 0.041 0.024;
0.102 0.024 0.153 0.022 0.042 0.021 0.108 0.024 0.019 0.159 0.033 0.034 0.202 0.027 0.03;0.102 0.024 0.021 0.108 0.024 0.153 0.022 0.042 0.019 0.159 0.033 0.034 0.027 0.202 0.03;0.102 0.021 0.153 0.019 0.034 0.024 0.108 0.024 0.022 0.159 0.027 0.042 0.202 0.033 0.03;
0.081 0.016 0.184 0.024 0.036 0.018 0.107 0.034 0.017 0.162 0.033 0.031 0.21 0.027 0.02;0.081 0.016 0.018 0.107 0.034 0.184 0.024 0.036 0.017 0.162 0.033 0.031 0.027 0.21 0.02;0.081 0.018 0.184 0.017 0.031 0.016 0.107 0.034 0.024 0.162 0.027 0.036 0.21 0.033 0.02;
0.097 0.022 0.17 0.026 0.034 0.019 0.095 0.027 0.027 0.169 0.029 0.024 0.215 0.026 0.02;0.097 0.022 0.019 0.095 0.027 0.17 0.026 0.034 0.027 0.169 0.029 0.024 0.026 0.215 0.02;0.097 0.019 0.17 0.027 0.024 0.022 0.095 0.027 0.026 0.169 0.026 0.034 0.215 0.029 0.02;
0.075 0.027 0.155 0.025 0.039 0.021 0.104 0.027 0.027 0.157 0.03 0.032 0.222 0.031 0.028;0.075 0.027 0.021 0.104 0.027 0.155 0.025 0.039 0.027 0.157 0.03 0.032 0.031 0.222 0.028;0.075 0.021 0.155 0.027 0.032 0.027 0.104 0.027 0.025 0.157 0.031 0.039 0.222 0.03 0.028;
0.085 0.012 0.215 0.015 0.037 0.022 0.105 0.023 0.022 0.16 0.02 0.036 0.195 0.025 0.028;0.085 0.012 0.022 0.105 0.023 0.215 0.015 0.037 0.022 0.16 0.02 0.036 0.025 0.195 0.028;0.085 0.022 0.215 0.022 0.036 0.012 0.105 0.023 0.015 0.16 0.025 0.037 0.195 0.02 0.028;
0.078 0.019 0.148 0.026 0.037 0.026 0.104 0.03 0.015 0.193 0.02 0.035 0.205 0.038 0.026;0.078 0.019 0.026 0.104 0.03 0.148 0.026 0.037 0.015 0.193 0.02 0.035 0.038 0.205 0.026;0.078 0.026 0.148 0.015 0.035 0.019 0.104 0.03 0.026 0.193 0.038 0.037 0.205 0.02 0.026;
0.092 0.022 0.155 0.016 0.028 0.022 0.11 0.028 0.02 0.174 0.035 0.03 0.208 0.029 0.031;0.092 0.022 0.022 0.11 0.028 0.155 0.016 0.028 0.02 0.174 0.035 0.03 0.029 0.208 0.031;0.092 0.022 0.155 0.02 0.03 0.022 0.11 0.028 0.016 0.174 0.029 0.028 0.208 0.035 0.031;
0.084 0.016 0.16 0.027 0.036 0.026 0.101 0.027 0.018 0.18 0.037 0.031 0.198 0.039 0.02;0.084 0.016 0.026 0.101 0.027 0.16 0.027 0.036 0.018 0.18 0.037 0.031 0.039 0.198 0.02;0.084 0.026 0.16 0.018 0.031 0.016 0.101 0.027 0.027 0.18 0.039 0.036 0.198 0.037 0.02;
0.085 0.022 0.139 0.02 0.036 0.026 0.12 0.024 0.015 0.181 0.028 0.035 0.212 0.032 0.025;0.085 0.022 0.026 0.12 0.024 0.139 0.02 0.036 0.015 0.181 0.028 0.035 0.032 0.212 0.025;0.085 0.026 0.139 0.015 0.035 0.022 0.12 0.024 0.02 0.181 0.032 0.036 0.212 0.028 0.025;
0.081 0.023 0.178 0.029 0.039 0.017 0.092 0.025 0.021 0.183 0.033 0.036 0.176 0.039 0.028;0.081 0.023 0.017 0.092 0.025 0.178 0.029 0.039 0.021 0.183 0.033 0.036 0.039 0.176 0.028;0.081 0.017 0.178 0.021 0.036 0.023 0.092 0.025 0.029 0.183 0.039 0.039 0.176 0.033 0.028;
0.087 0.022 0.173 0.022 0.031 0.016 0.103 0.028 0.022 0.162 0.035 0.031 0.212 0.028 0.028;0.087 0.022 0.016 0.103 0.028 0.173 0.022 0.031 0.022 0.162 0.035 0.031 0.028 0.212 0.028;0.087 0.016 0.173 0.022 0.031 0.022 0.103 0.028 0.022 0.162 0.028 0.031 0.212 0.035 0.028;
0.107 0.014 0.168 0.019 0.028 0.023 0.088 0.022 0.014 0.159 0.033 0.021 0.239 0.035 0.03;0.107 0.014 0.023 0.088 0.022 0.168 0.019 0.028 0.014 0.159 0.033 0.021 0.035 0.239 0.03;0.107 0.023 0.168 0.014 0.021 0.014 0.088 0.022 0.019 0.159 0.035 0.028 0.239 0.033 0.03;
0.094 0.023 0.164 0.03 0.031 0.023 0.113 0.024 0.017 0.165 0.026 0.033 0.192 0.032 0.033;0.094 0.023 0.023 0.113 0.024 0.164 0.03 0.031 0.017 0.165 0.026 0.033 0.032 0.192 0.033;0.094 0.023 0.164 0.017 0.033 0.023 0.113 0.024 0.03 0.165 0.032 0.031 0.192 0.026 0.033;
0.091 0.019 0.161 0.023 0.03 0.021 0.105 0.03 0.018 0.15 0.029 0.034 0.214 0.051 0.024;0.091 0.019 0.021 0.105 0.03 0.161 0.023 0.03 0.018 0.15 0.029 0.034 0.051 0.214 0.024;0.091 0.021 0.161 0.018 0.034 0.019 0.105 0.03 0.023 0.15 0.051 0.03 0.214 0.029 0.024;
0.086 0.02 0.169 0.038 0.033 0.022 0.09 0.026 0.011 0.187 0.029 0.037 0.198 0.028 0.026;0.086 0.02 0.022 0.09 0.026 0.169 0.038 0.033 0.011 0.187 0.029 0.037 0.028 0.198 0.026;0.086 0.022 0.169 0.011 0.037 0.02 0.09 0.026 0.038 0.187 0.028 0.033 0.198 0.029 0.026;
0.101 0.027 0.171 0.025 0.031 0.022 0.085 0.031 0.022 0.17 0.04 0.029 0.192 0.036 0.018;0.101 0.027 0.022 0.085 0.031 0.171 0.025 0.031 0.022 0.17 0.04 0.029 0.036 0.192 0.018;0.101 0.022 0.171 0.022 0.029 0.027 0.085 0.031 0.025 0.17 0.036 0.031 0.192 0.04 0.018;
0.104 0.019 0.158 0.033 0.043 0.022 0.081 0.03 0.02 0.147 0.038 0.036 0.205 0.033 0.031;0.104 0.019 0.022 0.081 0.03 0.158 0.033 0.043 0.02 0.147 0.038 0.036 0.033 0.205 0.031;0.104 0.022 0.158 0.02 0.036 0.019 0.081 0.03 0.033 0.147 0.033 0.043 0.205 0.038 0.031;
0.092 0.027 0.175 0.027 0.044 0.018 0.096 0.024 0.017 0.181 0.027 0.035 0.18 0.029 0.028;0.092 0.027 0.018 0.096 0.024 0.175 0.027 0.044 0.017 0.181 0.027 0.035 0.029 0.18 0.028;0.092 0.018 0.175 0.017 0.035 0.027 0.096 0.024 0.027 0.181 0.029 0.044 0.18 0.027 0.028;
0.076 0.019 0.155 0.027 0.038 0.024 0.102 0.022 0.02 0.175 0.028 0.03 0.204 0.047 0.033;0.076 0.019 0.024 0.102 0.022 0.155 0.027 0.038 0.02 0.175 0.028 0.03 0.047 0.204 0.033;0.076 0.024 0.155 0.02 0.03 0.019 0.102 0.022 0.027 0.175 0.047 0.038 0.204 0.028 0.033;
0.096 0.022 0.161 0.021 0.04 0.016 0.096 0.029 0.017 0.171 0.025 0.034 0.2 0.047 0.025;0.096 0.022 0.016 0.096 0.029 0.161 0.021 0.04 0.017 0.171 0.025 0.034 0.047 0.2 0.025;0.096 0.016 0.161 0.017 0.034 0.022 0.096 0.029 0.021 0.171 0.047 0.04 0.2 0.025 0.025;
0.075 0.022 0.164 0.029 0.04 0.02 0.119 0.012 0.012 0.153 0.036 0.034 0.234 0.024 0.026;0.075 0.022 0.02 0.119 0.012 0.164 0.029 0.04 0.012 0.153 0.036 0.034 0.024 0.234 0.026;0.075 0.02 0.164 0.012 0.034 0.022 0.119 0.012 0.029 0.153 0.024 0.04 0.234 0.036 0.026;
0.088 0.016 0.177 0.024 0.034 0.027 0.102 0.034 0.015 0.144 0.026 0.044 0.209 0.038 0.022;0.088 0.016 0.027 0.102 0.034 0.177 0.024 0.034 0.015 0.144 0.026 0.044 0.038 0.209 0.022;0.088 0.027 0.177 0.015 0.044 0.016 0.102 0.034 0.024 0.144 0.038 0.034 0.209 0.026 0.022;
0.095 0.026 0.17 0.03 0.031 0.018 0.1 0.021 0.019 0.164 0.027 0.033 0.21 0.037 0.019;0.095 0.026 0.018 0.1 0.021 0.17 0.03 0.031 0.019 0.164 0.027 0.033 0.037 0.21 0.019;0.095 0.018 0.17 0.019 0.033 0.026 0.1 0.021 0.03 0.164 0.037 0.031 0.21 0.027 0.019;
0.086 0.025 0.162 0.02 0.041 0.021 0.115 0.023 0.018 0.161 0.026 0.033 0.205 0.033 0.031;0.086 0.025 0.021 0.115 0.023 0.162 0.02 0.041 0.018 0.161 0.026 0.033 0.033 0.205 0.031;0.086 0.021 0.162 0.018 0.033 0.025 0.115 0.023 0.02 0.161 0.033 0.041 0.205 0.026 0.031;
0.068 0.023 0.178 0.026 0.041 0.025 0.096 0.019 0.018 0.174 0.026 0.044 0.221 0.025 0.016;0.068 0.023 0.025 0.096 0.019 0.178 0.026 0.041 0.018 0.174 0.026 0.044 0.025 0.221 0.016;0.068 0.025 0.178 0.018 0.044 0.023 0.096 0.019 0.026 0.174 0.025 0.041 0.221 0.026 0.016;
0.082 0.024 0.162 0.034 0.037 0.019 0.094 0.031 0.014 0.167 0.032 0.034 0.204 0.037 0.029;0.082 0.024 0.019 0.094 0.031 0.162 0.034 0.037 0.014 0.167 0.032 0.034 0.037 0.204 0.029;0.082 0.019 0.162 0.014 0.034 0.024 0.094 0.031 0.034 0.167 0.037 0.037 0.204 0.032 0.029;
0.093 0.02 0.149 0.021 0.041 0.022 0.106 0.028 0.011 0.18 0.031 0.023 0.209 0.038 0.028;0.093 0.02 0.022 0.106 0.028 0.149 0.021 0.041 0.011 0.18 0.031 0.023 0.038 0.209 0.028;0.093 0.022 0.149 0.011 0.023 0.02 0.106 0.028 0.021 0.18 0.038 0.041 0.209 0.031 0.028];