pntP=[0.032 0.065 0.065 0.074 0.107 0.062 0.041 0.071 0.034 0.071 0.073 0.072 0.077 0.092 0.064;0.032 0.065 0.062 0.041 0.071 0.065 0.074 0.107 0.034 0.071 0.073 0.072 0.092 0.077 0.064;0.032 0.062 0.065 0.034 0.072 0.065 0.041 0.071 0.074 0.071 0.092 0.107 0.077 0.073 0.064;
0.036 0.063 0.072 0.076 0.097 0.051 0.034 0.076 0.037 0.069 0.074 0.076 0.079 0.098 0.062;0.036 0.063 0.051 0.034 0.076 0.072 0.076 0.097 0.037 0.069 0.074 0.076 0.098 0.079 0.062;0.036 0.051 0.072 0.037 0.076 0.063 0.034 0.076 0.076 0.069 0.098 0.097 0.079 0.074 0.062;
0.031 0.046 0.071 0.051 0.087 0.065 0.046 0.084 0.051 0.058 0.079 0.097 0.079 0.086 0.069;0.031 0.046 0.065 0.046 0.084 0.071 0.051 0.087 0.051 0.058 0.079 0.097 0.086 0.079 0.069;0.031 0.065 0.071 0.051 0.097 0.046 0.046 0.084 0.051 0.058 0.086 0.087 0.079 0.079 0.069;
0.038 0.05 0.073 0.059 0.089 0.059 0.054 0.063 0.032 0.066 0.078 0.084 0.071 0.105 0.079;0.038 0.05 0.059 0.054 0.063 0.073 0.059 0.089 0.032 0.066 0.078 0.084 0.105 0.071 0.079;0.038 0.059 0.073 0.032 0.084 0.05 0.054 0.063 0.059 0.066 0.105 0.089 0.071 0.078 0.079;
0.038 0.057 0.075 0.07 0.103 0.047 0.043 0.062 0.046 0.071 0.069 0.07 0.086 0.09 0.073;0.038 0.057 0.047 0.043 0.062 0.075 0.07 0.103 0.046 0.071 0.069 0.07 0.09 0.086 0.073;0.038 0.047 0.075 0.046 0.07 0.057 0.043 0.062 0.07 0.071 0.09 0.103 0.086 0.069 0.073;
0.034 0.056 0.058 0.066 0.108 0.051 0.044 0.077 0.034 0.062 0.07 0.089 0.086 0.094 0.071;0.034 0.056 0.051 0.044 0.077 0.058 0.066 0.108 0.034 0.062 0.07 0.089 0.094 0.086 0.071;0.034 0.051 0.058 0.034 0.089 0.056 0.044 0.077 0.066 0.062 0.094 0.108 0.086 0.07 0.071;
0.036 0.062 0.064 0.061 0.085 0.046 0.045 0.075 0.034 0.062 0.071 0.075 0.079 0.122 0.083;0.036 0.062 0.046 0.045 0.075 0.064 0.061 0.085 0.034 0.062 0.071 0.075 0.122 0.079 0.083;0.036 0.046 0.064 0.034 0.075 0.062 0.045 0.075 0.061 0.062 0.122 0.085 0.079 0.071 0.083;
0.037 0.054 0.062 0.065 0.13 0.063 0.038 0.064 0.037 0.063 0.07 0.07 0.063 0.096 0.088;0.037 0.054 0.063 0.038 0.064 0.062 0.065 0.13 0.037 0.063 0.07 0.07 0.096 0.063 0.088;0.037 0.063 0.062 0.037 0.07 0.054 0.038 0.064 0.065 0.063 0.096 0.13 0.063 0.07 0.088;
0.034 0.061 0.058 0.059 0.098 0.059 0.046 0.077 0.033 0.06 0.09 0.084 0.062 0.106 0.073;0.034 0.061 0.059 0.046 0.077 0.058 0.059 0.098 0.033 0.06 0.09 0.084 0.106 0.062 0.073;0.034 0.059 0.058 0.033 0.084 0.061 0.046 0.077 0.059 0.06 0.106 0.098 0.062 0.09 0.073;
0.038 0.06 0.068 0.081 0.085 0.07 0.049 0.071 0.039 0.062 0.072 0.08 0.064 0.088 0.073;0.038 0.06 0.07 0.049 0.071 0.068 0.081 0.085 0.039 0.062 0.072 0.08 0.088 0.064 0.073;0.038 0.07 0.068 0.039 0.08 0.06 0.049 0.071 0.081 0.062 0.088 0.085 0.064 0.072 0.073;
0.034 0.051 0.072 0.058 0.095 0.074 0.055 0.066 0.037 0.056 0.077 0.09 0.077 0.099 0.059;0.034 0.051 0.074 0.055 0.066 0.072 0.058 0.095 0.037 0.056 0.077 0.09 0.099 0.077 0.059;0.034 0.074 0.072 0.037 0.09 0.051 0.055 0.066 0.058 0.056 0.099 0.095 0.077 0.077 0.059;
0.037 0.059 0.053 0.067 0.103 0.058 0.035 0.087 0.042 0.058 0.07 0.071 0.096 0.097 0.067;0.037 0.059 0.058 0.035 0.087 0.053 0.067 0.103 0.042 0.058 0.07 0.071 0.097 0.096 0.067;0.037 0.058 0.053 0.042 0.071 0.059 0.035 0.087 0.067 0.058 0.097 0.103 0.096 0.07 0.067;
0.032 0.058 0.053 0.064 0.081 0.051 0.038 0.078 0.05 0.062 0.072 0.081 0.096 0.107 0.077;0.032 0.058 0.051 0.038 0.078 0.053 0.064 0.081 0.05 0.062 0.072 0.081 0.107 0.096 0.077;0.032 0.051 0.053 0.05 0.081 0.058 0.038 0.078 0.064 0.062 0.107 0.081 0.096 0.072 0.077;
0.028 0.042 0.053 0.051 0.122 0.059 0.049 0.089 0.042 0.063 0.073 0.075 0.08 0.104 0.07;0.028 0.042 0.059 0.049 0.089 0.053 0.051 0.122 0.042 0.063 0.073 0.075 0.104 0.08 0.07;0.028 0.059 0.053 0.042 0.075 0.042 0.049 0.089 0.051 0.063 0.104 0.122 0.08 0.073 0.07;
0.035 0.05 0.06 0.087 0.078 0.061 0.035 0.081 0.044 0.054 0.075 0.086 0.075 0.101 0.078;0.035 0.05 0.061 0.035 0.081 0.06 0.087 0.078 0.044 0.054 0.075 0.086 0.101 0.075 0.078;0.035 0.061 0.06 0.044 0.086 0.05 0.035 0.081 0.087 0.054 0.101 0.078 0.075 0.075 0.078;
0.042 0.065 0.077 0.057 0.08 0.05 0.045 0.078 0.052 0.063 0.073 0.086 0.074 0.088 0.07;0.042 0.065 0.05 0.045 0.078 0.077 0.057 0.08 0.052 0.063 0.073 0.086 0.088 0.074 0.07;0.042 0.05 0.077 0.052 0.086 0.065 0.045 0.078 0.057 0.063 0.088 0.08 0.074 0.073 0.07;
0.031 0.066 0.066 0.063 0.099 0.05 0.041 0.085 0.042 0.058 0.068 0.083 0.077 0.096 0.075;0.031 0.066 0.05 0.041 0.085 0.066 0.063 0.099 0.042 0.058 0.068 0.083 0.096 0.077 0.075;0.031 0.05 0.066 0.042 0.083 0.066 0.041 0.085 0.063 0.058 0.096 0.099 0.077 0.068 0.075;
0.035 0.061 0.06 0.061 0.095 0.062 0.036 0.067 0.045 0.06 0.086 0.089 0.072 0.105 0.066;0.035 0.061 0.062 0.036 0.067 0.06 0.061 0.095 0.045 0.06 0.086 0.089 0.105 0.072 0.066;0.035 0.062 0.06 0.045 0.089 0.061 0.036 0.067 0.061 0.06 0.105 0.095 0.072 0.086 0.066;
0.034 0.069 0.061 0.067 0.104 0.05 0.027 0.074 0.045 0.058 0.105 0.06 0.085 0.098 0.063;0.034 0.069 0.05 0.027 0.074 0.061 0.067 0.104 0.045 0.058 0.105 0.06 0.098 0.085 0.063;0.034 0.05 0.061 0.045 0.06 0.069 0.027 0.074 0.067 0.058 0.098 0.104 0.085 0.105 0.063;
0.042 0.061 0.064 0.069 0.088 0.056 0.043 0.076 0.042 0.067 0.068 0.074 0.08 0.086 0.084;0.042 0.061 0.056 0.043 0.076 0.064 0.069 0.088 0.042 0.067 0.068 0.074 0.086 0.08 0.084;0.042 0.056 0.064 0.042 0.074 0.061 0.043 0.076 0.069 0.067 0.086 0.088 0.08 0.068 0.084;
0.031 0.058 0.065 0.07 0.102 0.054 0.042 0.073 0.036 0.056 0.089 0.078 0.084 0.107 0.055;0.031 0.058 0.054 0.042 0.073 0.065 0.07 0.102 0.036 0.056 0.089 0.078 0.107 0.084 0.055;0.031 0.054 0.065 0.036 0.078 0.058 0.042 0.073 0.07 0.056 0.107 0.102 0.084 0.089 0.055;
0.036 0.047 0.056 0.071 0.092 0.062 0.041 0.07 0.04 0.064 0.085 0.065 0.099 0.091 0.081;0.036 0.047 0.062 0.041 0.07 0.056 0.071 0.092 0.04 0.064 0.085 0.065 0.091 0.099 0.081;0.036 0.062 0.056 0.04 0.065 0.047 0.041 0.07 0.071 0.064 0.091 0.092 0.099 0.085 0.081;
0.039 0.058 0.062 0.066 0.089 0.059 0.04 0.067 0.028 0.048 0.072 0.084 0.102 0.106 0.08;0.039 0.058 0.059 0.04 0.067 0.062 0.066 0.089 0.028 0.048 0.072 0.084 0.106 0.102 0.08;0.039 0.059 0.062 0.028 0.084 0.058 0.04 0.067 0.066 0.048 0.106 0.089 0.102 0.072 0.08;
0.037 0.063 0.066 0.052 0.109 0.055 0.043 0.071 0.043 0.062 0.076 0.084 0.073 0.104 0.062;0.037 0.063 0.055 0.043 0.071 0.066 0.052 0.109 0.043 0.062 0.076 0.084 0.104 0.073 0.062;0.037 0.055 0.066 0.043 0.084 0.063 0.043 0.071 0.052 0.062 0.104 0.109 0.073 0.076 0.062;
0.032 0.053 0.066 0.066 0.088 0.051 0.037 0.078 0.051 0.064 0.089 0.07 0.084 0.113 0.058;0.032 0.053 0.051 0.037 0.078 0.066 0.066 0.088 0.051 0.064 0.089 0.07 0.113 0.084 0.058;0.032 0.051 0.066 0.051 0.07 0.053 0.037 0.078 0.066 0.064 0.113 0.088 0.084 0.089 0.058;
0.034 0.049 0.048 0.072 0.105 0.058 0.03 0.094 0.041 0.059 0.085 0.079 0.068 0.096 0.082;0.034 0.049 0.058 0.03 0.094 0.048 0.072 0.105 0.041 0.059 0.085 0.079 0.096 0.068 0.082;0.034 0.058 0.048 0.041 0.079 0.049 0.03 0.094 0.072 0.059 0.096 0.105 0.068 0.085 0.082;
0.035 0.056 0.043 0.067 0.11 0.056 0.031 0.076 0.037 0.056 0.094 0.088 0.081 0.102 0.068;0.035 0.056 0.056 0.031 0.076 0.043 0.067 0.11 0.037 0.056 0.094 0.088 0.102 0.081 0.068;0.035 0.056 0.043 0.037 0.088 0.056 0.031 0.076 0.067 0.056 0.102 0.11 0.081 0.094 0.068;
0.035 0.065 0.051 0.086 0.095 0.053 0.037 0.069 0.042 0.062 0.081 0.079 0.077 0.1 0.068;0.035 0.065 0.053 0.037 0.069 0.051 0.086 0.095 0.042 0.062 0.081 0.079 0.1 0.077 0.068;0.035 0.053 0.051 0.042 0.079 0.065 0.037 0.069 0.086 0.062 0.1 0.095 0.077 0.081 0.068;
0.024 0.052 0.063 0.054 0.109 0.069 0.039 0.082 0.042 0.056 0.075 0.075 0.077 0.115 0.068;0.024 0.052 0.069 0.039 0.082 0.063 0.054 0.109 0.042 0.056 0.075 0.075 0.115 0.077 0.068;0.024 0.069 0.063 0.042 0.075 0.052 0.039 0.082 0.054 0.056 0.115 0.109 0.077 0.075 0.068;
0.02 0.06 0.049 0.067 0.091 0.056 0.053 0.08 0.036 0.061 0.082 0.083 0.102 0.094 0.066;0.02 0.06 0.056 0.053 0.08 0.049 0.067 0.091 0.036 0.061 0.082 0.083 0.094 0.102 0.066;0.02 0.056 0.049 0.036 0.083 0.06 0.053 0.08 0.067 0.061 0.094 0.091 0.102 0.082 0.066;
0.04 0.057 0.049 0.066 0.094 0.051 0.047 0.079 0.041 0.062 0.1 0.082 0.087 0.085 0.06;0.04 0.057 0.051 0.047 0.079 0.049 0.066 0.094 0.041 0.062 0.1 0.082 0.085 0.087 0.06;0.04 0.051 0.049 0.041 0.082 0.057 0.047 0.079 0.066 0.062 0.085 0.094 0.087 0.1 0.06;
0.037 0.064 0.047 0.054 0.095 0.055 0.047 0.072 0.04 0.07 0.073 0.091 0.077 0.106 0.072;0.037 0.064 0.055 0.047 0.072 0.047 0.054 0.095 0.04 0.07 0.073 0.091 0.106 0.077 0.072;0.037 0.055 0.047 0.04 0.091 0.064 0.047 0.072 0.054 0.07 0.106 0.095 0.077 0.073 0.072;
0.041 0.056 0.062 0.07 0.093 0.054 0.046 0.073 0.045 0.059 0.075 0.091 0.083 0.096 0.056;0.041 0.056 0.054 0.046 0.073 0.062 0.07 0.093 0.045 0.059 0.075 0.091 0.096 0.083 0.056;0.041 0.054 0.062 0.045 0.091 0.056 0.046 0.073 0.07 0.059 0.096 0.093 0.083 0.075 0.056;
0.033 0.061 0.045 0.07 0.101 0.059 0.039 0.082 0.045 0.052 0.081 0.06 0.097 0.095 0.08;0.033 0.061 0.059 0.039 0.082 0.045 0.07 0.101 0.045 0.052 0.081 0.06 0.095 0.097 0.08;0.033 0.059 0.045 0.045 0.06 0.061 0.039 0.082 0.07 0.052 0.095 0.101 0.097 0.081 0.08;
0.037 0.057 0.067 0.062 0.108 0.061 0.033 0.072 0.037 0.066 0.074 0.084 0.081 0.095 0.066;0.037 0.057 0.061 0.033 0.072 0.067 0.062 0.108 0.037 0.066 0.074 0.084 0.095 0.081 0.066;0.037 0.061 0.067 0.037 0.084 0.057 0.033 0.072 0.062 0.066 0.095 0.108 0.081 0.074 0.066;
0.032 0.055 0.063 0.059 0.104 0.057 0.046 0.074 0.058 0.06 0.072 0.058 0.074 0.119 0.069;0.032 0.055 0.057 0.046 0.074 0.063 0.059 0.104 0.058 0.06 0.072 0.058 0.119 0.074 0.069;0.032 0.057 0.063 0.058 0.058 0.055 0.046 0.074 0.059 0.06 0.119 0.104 0.074 0.072 0.069;
0.037 0.052 0.069 0.063 0.092 0.066 0.044 0.074 0.045 0.056 0.068 0.065 0.075 0.104 0.09;0.037 0.052 0.066 0.044 0.074 0.069 0.063 0.092 0.045 0.056 0.068 0.065 0.104 0.075 0.09;0.037 0.066 0.069 0.045 0.065 0.052 0.044 0.074 0.063 0.056 0.104 0.092 0.075 0.068 0.09;
0.023 0.058 0.07 0.061 0.105 0.059 0.044 0.092 0.035 0.068 0.081 0.061 0.085 0.093 0.065;0.023 0.058 0.059 0.044 0.092 0.07 0.061 0.105 0.035 0.068 0.081 0.061 0.093 0.085 0.065;0.023 0.059 0.07 0.035 0.061 0.058 0.044 0.092 0.061 0.068 0.093 0.105 0.085 0.081 0.065;
0.037 0.057 0.061 0.069 0.1 0.07 0.049 0.071 0.041 0.061 0.069 0.076 0.081 0.094 0.064;0.037 0.057 0.07 0.049 0.071 0.061 0.069 0.1 0.041 0.061 0.069 0.076 0.094 0.081 0.064;0.037 0.07 0.061 0.041 0.076 0.057 0.049 0.071 0.069 0.061 0.094 0.1 0.081 0.069 0.064;
0.034 0.057 0.053 0.066 0.1 0.062 0.041 0.085 0.033 0.054 0.08 0.067 0.062 0.123 0.083;0.034 0.057 0.062 0.041 0.085 0.053 0.066 0.1 0.033 0.054 0.08 0.067 0.123 0.062 0.083;0.034 0.062 0.053 0.033 0.067 0.057 0.041 0.085 0.066 0.054 0.123 0.1 0.062 0.08 0.083;
0.034 0.056 0.057 0.07 0.109 0.069 0.042 0.069 0.033 0.054 0.075 0.083 0.088 0.104 0.057;0.034 0.056 0.069 0.042 0.069 0.057 0.07 0.109 0.033 0.054 0.075 0.083 0.104 0.088 0.057;0.034 0.069 0.057 0.033 0.083 0.056 0.042 0.069 0.07 0.054 0.104 0.109 0.088 0.075 0.057;
0.043 0.054 0.052 0.055 0.095 0.062 0.043 0.076 0.052 0.053 0.078 0.068 0.083 0.105 0.081;0.043 0.054 0.062 0.043 0.076 0.052 0.055 0.095 0.052 0.053 0.078 0.068 0.105 0.083 0.081;0.043 0.062 0.052 0.052 0.068 0.054 0.043 0.076 0.055 0.053 0.105 0.095 0.083 0.078 0.081;
0.037 0.066 0.068 0.056 0.098 0.048 0.045 0.074 0.047 0.058 0.077 0.077 0.076 0.105 0.068;0.037 0.066 0.048 0.045 0.074 0.068 0.056 0.098 0.047 0.058 0.077 0.077 0.105 0.076 0.068;0.037 0.048 0.068 0.047 0.077 0.066 0.045 0.074 0.056 0.058 0.105 0.098 0.076 0.077 0.068;
0.034 0.05 0.062 0.059 0.095 0.057 0.037 0.07 0.046 0.061 0.085 0.085 0.085 0.108 0.066;0.034 0.05 0.057 0.037 0.07 0.062 0.059 0.095 0.046 0.061 0.085 0.085 0.108 0.085 0.066;0.034 0.057 0.062 0.046 0.085 0.05 0.037 0.07 0.059 0.061 0.108 0.095 0.085 0.085 0.066;
0.046 0.057 0.069 0.059 0.094 0.06 0.043 0.08 0.042 0.047 0.072 0.096 0.073 0.093 0.069;0.046 0.057 0.06 0.043 0.08 0.069 0.059 0.094 0.042 0.047 0.072 0.096 0.093 0.073 0.069;0.046 0.06 0.069 0.042 0.096 0.057 0.043 0.08 0.059 0.047 0.093 0.094 0.073 0.072 0.069;
0.029 0.064 0.06 0.065 0.095 0.065 0.042 0.077 0.047 0.067 0.063 0.084 0.08 0.098 0.064;0.029 0.064 0.065 0.042 0.077 0.06 0.065 0.095 0.047 0.067 0.063 0.084 0.098 0.08 0.064;0.029 0.065 0.06 0.047 0.084 0.064 0.042 0.077 0.065 0.067 0.098 0.095 0.08 0.063 0.064;
0.028 0.049 0.057 0.059 0.094 0.054 0.046 0.079 0.038 0.059 0.08 0.086 0.089 0.098 0.084;0.028 0.049 0.054 0.046 0.079 0.057 0.059 0.094 0.038 0.059 0.08 0.086 0.098 0.089 0.084;0.028 0.054 0.057 0.038 0.086 0.049 0.046 0.079 0.059 0.059 0.098 0.094 0.089 0.08 0.084;
0.038 0.04 0.074 0.074 0.093 0.043 0.043 0.087 0.044 0.063 0.077 0.078 0.088 0.104 0.054;0.038 0.04 0.043 0.043 0.087 0.074 0.074 0.093 0.044 0.063 0.077 0.078 0.104 0.088 0.054;0.038 0.043 0.074 0.044 0.078 0.04 0.043 0.087 0.074 0.063 0.104 0.093 0.088 0.077 0.054;
0.032 0.059 0.051 0.073 0.108 0.047 0.045 0.083 0.043 0.054 0.085 0.081 0.078 0.101 0.06;0.032 0.059 0.047 0.045 0.083 0.051 0.073 0.108 0.043 0.054 0.085 0.081 0.101 0.078 0.06;0.032 0.047 0.051 0.043 0.081 0.059 0.045 0.083 0.073 0.054 0.101 0.108 0.078 0.085 0.06;
0.043 0.045 0.06 0.055 0.098 0.045 0.045 0.07 0.052 0.061 0.086 0.086 0.073 0.093 0.088;0.043 0.045 0.045 0.045 0.07 0.06 0.055 0.098 0.052 0.061 0.086 0.086 0.093 0.073 0.088;0.043 0.045 0.06 0.052 0.086 0.045 0.045 0.07 0.055 0.061 0.093 0.098 0.073 0.086 0.088;
0.038 0.055 0.054 0.063 0.107 0.053 0.036 0.066 0.043 0.054 0.058 0.082 0.107 0.106 0.078;0.038 0.055 0.053 0.036 0.066 0.054 0.063 0.107 0.043 0.054 0.058 0.082 0.106 0.107 0.078;0.038 0.053 0.054 0.043 0.082 0.055 0.036 0.066 0.063 0.054 0.106 0.107 0.107 0.058 0.078;
0.027 0.058 0.056 0.063 0.081 0.052 0.035 0.065 0.04 0.071 0.083 0.086 0.094 0.109 0.08;0.027 0.058 0.052 0.035 0.065 0.056 0.063 0.081 0.04 0.071 0.083 0.086 0.109 0.094 0.08;0.027 0.052 0.056 0.04 0.086 0.058 0.035 0.065 0.063 0.071 0.109 0.081 0.094 0.083 0.08;
0.025 0.052 0.05 0.066 0.092 0.054 0.043 0.094 0.032 0.067 0.073 0.084 0.08 0.111 0.077;0.025 0.052 0.054 0.043 0.094 0.05 0.066 0.092 0.032 0.067 0.073 0.084 0.111 0.08 0.077;0.025 0.054 0.05 0.032 0.084 0.052 0.043 0.094 0.066 0.067 0.111 0.092 0.08 0.073 0.077;
0.038 0.057 0.061 0.069 0.098 0.064 0.038 0.079 0.039 0.08 0.069 0.085 0.07 0.098 0.055;0.038 0.057 0.064 0.038 0.079 0.061 0.069 0.098 0.039 0.08 0.069 0.085 0.098 0.07 0.055;0.038 0.064 0.061 0.039 0.085 0.057 0.038 0.079 0.069 0.08 0.098 0.098 0.07 0.069 0.055;
0.028 0.054 0.06 0.058 0.11 0.06 0.037 0.092 0.043 0.059 0.076 0.069 0.08 0.095 0.079;0.028 0.054 0.06 0.037 0.092 0.06 0.058 0.11 0.043 0.059 0.076 0.069 0.095 0.08 0.079;0.028 0.06 0.06 0.043 0.069 0.054 0.037 0.092 0.058 0.059 0.095 0.11 0.08 0.076 0.079;
0.037 0.063 0.058 0.068 0.093 0.067 0.041 0.082 0.044 0.054 0.06 0.068 0.081 0.102 0.082;0.037 0.063 0.067 0.041 0.082 0.058 0.068 0.093 0.044 0.054 0.06 0.068 0.102 0.081 0.082;0.037 0.067 0.058 0.044 0.068 0.063 0.041 0.082 0.068 0.054 0.102 0.093 0.081 0.06 0.082;
0.028 0.062 0.064 0.058 0.082 0.036 0.055 0.08 0.038 0.06 0.073 0.084 0.094 0.121 0.065;0.028 0.062 0.036 0.055 0.08 0.064 0.058 0.082 0.038 0.06 0.073 0.084 0.121 0.094 0.065;0.028 0.036 0.064 0.038 0.084 0.062 0.055 0.08 0.058 0.06 0.121 0.082 0.094 0.073 0.065;
0.033 0.065 0.071 0.054 0.091 0.054 0.039 0.086 0.045 0.067 0.087 0.053 0.079 0.099 0.077;0.033 0.065 0.054 0.039 0.086 0.071 0.054 0.091 0.045 0.067 0.087 0.053 0.099 0.079 0.077;0.033 0.054 0.071 0.045 0.053 0.065 0.039 0.086 0.054 0.067 0.099 0.091 0.079 0.087 0.077;
0.04 0.063 0.064 0.065 0.094 0.067 0.042 0.073 0.036 0.055 0.075 0.083 0.072 0.098 0.073;0.04 0.063 0.067 0.042 0.073 0.064 0.065 0.094 0.036 0.055 0.075 0.083 0.098 0.072 0.073;0.04 0.067 0.064 0.036 0.083 0.063 0.042 0.073 0.065 0.055 0.098 0.094 0.072 0.075 0.073;
0.029 0.054 0.054 0.067 0.09 0.055 0.043 0.085 0.032 0.056 0.088 0.091 0.076 0.09 0.09;0.029 0.054 0.055 0.043 0.085 0.054 0.067 0.09 0.032 0.056 0.088 0.091 0.09 0.076 0.09;0.029 0.055 0.054 0.032 0.091 0.054 0.043 0.085 0.067 0.056 0.09 0.09 0.076 0.088 0.09;
0.027 0.073 0.057 0.055 0.101 0.065 0.037 0.08 0.041 0.063 0.071 0.074 0.088 0.097 0.071;0.027 0.073 0.065 0.037 0.08 0.057 0.055 0.101 0.041 0.063 0.071 0.074 0.097 0.088 0.071;0.027 0.065 0.057 0.041 0.074 0.073 0.037 0.08 0.055 0.063 0.097 0.101 0.088 0.071 0.071;
0.033 0.053 0.063 0.066 0.101 0.042 0.054 0.082 0.038 0.066 0.073 0.09 0.079 0.092 0.068;0.033 0.053 0.042 0.054 0.082 0.063 0.066 0.101 0.038 0.066 0.073 0.09 0.092 0.079 0.068;0.033 0.042 0.063 0.038 0.09 0.053 0.054 0.082 0.066 0.066 0.092 0.101 0.079 0.073 0.068;
0.03 0.051 0.057 0.064 0.089 0.047 0.038 0.079 0.04 0.062 0.086 0.078 0.107 0.097 0.075;0.03 0.051 0.047 0.038 0.079 0.057 0.064 0.089 0.04 0.062 0.086 0.078 0.097 0.107 0.075;0.03 0.047 0.057 0.04 0.078 0.051 0.038 0.079 0.064 0.062 0.097 0.089 0.107 0.086 0.075;
0.026 0.075 0.064 0.071 0.112 0.054 0.047 0.072 0.037 0.054 0.069 0.077 0.086 0.085 0.071;0.026 0.075 0.054 0.047 0.072 0.064 0.071 0.112 0.037 0.054 0.069 0.077 0.085 0.086 0.071;0.026 0.054 0.064 0.037 0.077 0.075 0.047 0.072 0.071 0.054 0.085 0.112 0.086 0.069 0.071;
0.032 0.062 0.061 0.075 0.105 0.054 0.042 0.078 0.033 0.062 0.082 0.054 0.088 0.097 0.075;0.032 0.062 0.054 0.042 0.078 0.061 0.075 0.105 0.033 0.062 0.082 0.054 0.097 0.088 0.075;0.032 0.054 0.061 0.033 0.054 0.062 0.042 0.078 0.075 0.062 0.097 0.105 0.088 0.082 0.075;
0.028 0.055 0.053 0.085 0.079 0.052 0.038 0.078 0.043 0.059 0.092 0.084 0.093 0.097 0.064;0.028 0.055 0.052 0.038 0.078 0.053 0.085 0.079 0.043 0.059 0.092 0.084 0.097 0.093 0.064;0.028 0.052 0.053 0.043 0.084 0.055 0.038 0.078 0.085 0.059 0.097 0.079 0.093 0.092 0.064;
0.035 0.062 0.051 0.061 0.118 0.051 0.038 0.076 0.044 0.066 0.067 0.077 0.09 0.101 0.063;0.035 0.062 0.051 0.038 0.076 0.051 0.061 0.118 0.044 0.066 0.067 0.077 0.101 0.09 0.063;0.035 0.051 0.051 0.044 0.077 0.062 0.038 0.076 0.061 0.066 0.101 0.118 0.09 0.067 0.063;
0.03 0.05 0.077 0.065 0.119 0.054 0.042 0.071 0.035 0.067 0.08 0.074 0.079 0.086 0.071;0.03 0.05 0.054 0.042 0.071 0.077 0.065 0.119 0.035 0.067 0.08 0.074 0.086 0.079 0.071;0.03 0.054 0.077 0.035 0.074 0.05 0.042 0.071 0.065 0.067 0.086 0.119 0.079 0.08 0.071;
0.035 0.063 0.058 0.076 0.083 0.06 0.047 0.071 0.052 0.065 0.072 0.063 0.071 0.105 0.079;0.035 0.063 0.06 0.047 0.071 0.058 0.076 0.083 0.052 0.065 0.072 0.063 0.105 0.071 0.079;0.035 0.06 0.058 0.052 0.063 0.063 0.047 0.071 0.076 0.065 0.105 0.083 0.071 0.072 0.079;
0.03 0.064 0.064 0.067 0.104 0.053 0.036 0.079 0.047 0.063 0.081 0.065 0.076 0.11 0.061;0.03 0.064 0.053 0.036 0.079 0.064 0.067 0.104 0.047 0.063 0.081 0.065 0.11 0.076 0.061;0.03 0.053 0.064 0.047 0.065 0.064 0.036 0.079 0.067 0.063 0.11 0.104 0.076 0.081 0.061;
0.035 0.058 0.073 0.069 0.084 0.048 0.046 0.078 0.036 0.06 0.076 0.091 0.079 0.079 0.088;0.035 0.058 0.048 0.046 0.078 0.073 0.069 0.084 0.036 0.06 0.076 0.091 0.079 0.079 0.088;0.035 0.048 0.073 0.036 0.091 0.058 0.046 0.078 0.069 0.06 0.079 0.084 0.079 0.076 0.088;
0.028 0.083 0.072 0.053 0.095 0.068 0.042 0.068 0.051 0.066 0.071 0.084 0.078 0.078 0.063;0.028 0.083 0.068 0.042 0.068 0.072 0.053 0.095 0.051 0.066 0.071 0.084 0.078 0.078 0.063;0.028 0.068 0.072 0.051 0.084 0.083 0.042 0.068 0.053 0.066 0.078 0.095 0.078 0.071 0.063;
0.032 0.045 0.075 0.057 0.096 0.057 0.06 0.065 0.039 0.064 0.079 0.068 0.079 0.121 0.063;0.032 0.045 0.057 0.06 0.065 0.075 0.057 0.096 0.039 0.064 0.079 0.068 0.121 0.079 0.063;0.032 0.057 0.075 0.039 0.068 0.045 0.06 0.065 0.057 0.064 0.121 0.096 0.079 0.079 0.063;
0.032 0.053 0.07 0.063 0.087 0.05 0.046 0.064 0.053 0.072 0.081 0.07 0.085 0.099 0.075;0.032 0.053 0.05 0.046 0.064 0.07 0.063 0.087 0.053 0.072 0.081 0.07 0.099 0.085 0.075;0.032 0.05 0.07 0.053 0.07 0.053 0.046 0.064 0.063 0.072 0.099 0.087 0.085 0.081 0.075;
0.035 0.063 0.069 0.071 0.096 0.066 0.035 0.077 0.05 0.065 0.056 0.06 0.085 0.102 0.07;0.035 0.063 0.066 0.035 0.077 0.069 0.071 0.096 0.05 0.065 0.056 0.06 0.102 0.085 0.07;0.035 0.066 0.069 0.05 0.06 0.063 0.035 0.077 0.071 0.065 0.102 0.096 0.085 0.056 0.07;
0.044 0.051 0.067 0.063 0.084 0.06 0.036 0.073 0.048 0.059 0.076 0.074 0.067 0.127 0.071;0.044 0.051 0.06 0.036 0.073 0.067 0.063 0.084 0.048 0.059 0.076 0.074 0.127 0.067 0.071;0.044 0.06 0.067 0.048 0.074 0.051 0.036 0.073 0.063 0.059 0.127 0.084 0.067 0.076 0.071;
0.029 0.056 0.052 0.075 0.095 0.06 0.047 0.084 0.043 0.068 0.07 0.073 0.086 0.102 0.06;0.029 0.056 0.06 0.047 0.084 0.052 0.075 0.095 0.043 0.068 0.07 0.073 0.102 0.086 0.06;0.029 0.06 0.052 0.043 0.073 0.056 0.047 0.084 0.075 0.068 0.102 0.095 0.086 0.07 0.06;
0.033 0.06 0.055 0.059 0.099 0.049 0.041 0.082 0.035 0.07 0.08 0.078 0.088 0.108 0.063;0.033 0.06 0.049 0.041 0.082 0.055 0.059 0.099 0.035 0.07 0.08 0.078 0.108 0.088 0.063;0.033 0.049 0.055 0.035 0.078 0.06 0.041 0.082 0.059 0.07 0.108 0.099 0.088 0.08 0.063;
0.037 0.052 0.058 0.075 0.107 0.048 0.041 0.066 0.047 0.073 0.078 0.083 0.081 0.083 0.071;0.037 0.052 0.048 0.041 0.066 0.058 0.075 0.107 0.047 0.073 0.078 0.083 0.083 0.081 0.071;0.037 0.048 0.058 0.047 0.083 0.052 0.041 0.066 0.075 0.073 0.083 0.107 0.081 0.078 0.071;
0.04 0.049 0.053 0.065 0.096 0.073 0.039 0.084 0.05 0.065 0.075 0.063 0.073 0.101 0.074;0.04 0.049 0.073 0.039 0.084 0.053 0.065 0.096 0.05 0.065 0.075 0.063 0.101 0.073 0.074;0.04 0.073 0.053 0.05 0.063 0.049 0.039 0.084 0.065 0.065 0.101 0.096 0.073 0.075 0.074;
0.042 0.056 0.056 0.061 0.093 0.053 0.048 0.091 0.051 0.064 0.073 0.081 0.067 0.088 0.076;0.042 0.056 0.053 0.048 0.091 0.056 0.061 0.093 0.051 0.064 0.073 0.081 0.088 0.067 0.076;0.042 0.053 0.056 0.051 0.081 0.056 0.048 0.091 0.061 0.064 0.088 0.093 0.067 0.073 0.076;
0.026 0.058 0.054 0.069 0.115 0.064 0.039 0.065 0.043 0.067 0.082 0.061 0.079 0.094 0.084;0.026 0.058 0.064 0.039 0.065 0.054 0.069 0.115 0.043 0.067 0.082 0.061 0.094 0.079 0.084;0.026 0.064 0.054 0.043 0.061 0.058 0.039 0.065 0.069 0.067 0.094 0.115 0.079 0.082 0.084;
0.034 0.052 0.068 0.06 0.115 0.056 0.038 0.074 0.047 0.073 0.084 0.07 0.074 0.082 0.073;0.034 0.052 0.056 0.038 0.074 0.068 0.06 0.115 0.047 0.073 0.084 0.07 0.082 0.074 0.073;0.034 0.056 0.068 0.047 0.07 0.052 0.038 0.074 0.06 0.073 0.082 0.115 0.074 0.084 0.073;
0.036 0.048 0.068 0.055 0.081 0.046 0.043 0.074 0.048 0.071 0.087 0.085 0.084 0.098 0.076;0.036 0.048 0.046 0.043 0.074 0.068 0.055 0.081 0.048 0.071 0.087 0.085 0.098 0.084 0.076;0.036 0.046 0.068 0.048 0.085 0.048 0.043 0.074 0.055 0.071 0.098 0.081 0.084 0.087 0.076;
0.037 0.056 0.055 0.062 0.097 0.056 0.047 0.086 0.042 0.054 0.071 0.069 0.09 0.109 0.069;0.037 0.056 0.056 0.047 0.086 0.055 0.062 0.097 0.042 0.054 0.071 0.069 0.109 0.09 0.069;0.037 0.056 0.055 0.042 0.069 0.056 0.047 0.086 0.062 0.054 0.109 0.097 0.09 0.071 0.069;
0.032 0.054 0.077 0.057 0.103 0.061 0.047 0.086 0.041 0.059 0.078 0.081 0.083 0.082 0.059;0.032 0.054 0.061 0.047 0.086 0.077 0.057 0.103 0.041 0.059 0.078 0.081 0.082 0.083 0.059;0.032 0.061 0.077 0.041 0.081 0.054 0.047 0.086 0.057 0.059 0.082 0.103 0.083 0.078 0.059;
0.042 0.063 0.055 0.071 0.096 0.054 0.051 0.079 0.044 0.056 0.072 0.064 0.085 0.098 0.07;0.042 0.063 0.054 0.051 0.079 0.055 0.071 0.096 0.044 0.056 0.072 0.064 0.098 0.085 0.07;0.042 0.054 0.055 0.044 0.064 0.063 0.051 0.079 0.071 0.056 0.098 0.096 0.085 0.072 0.07;
0.028 0.06 0.061 0.067 0.097 0.057 0.039 0.081 0.043 0.071 0.071 0.096 0.071 0.081 0.077;0.028 0.06 0.057 0.039 0.081 0.061 0.067 0.097 0.043 0.071 0.071 0.096 0.081 0.071 0.077;0.028 0.057 0.061 0.043 0.096 0.06 0.039 0.081 0.067 0.071 0.081 0.097 0.071 0.071 0.077;
0.044 0.055 0.058 0.093 0.081 0.058 0.042 0.063 0.041 0.07 0.073 0.076 0.076 0.095 0.075;0.044 0.055 0.058 0.042 0.063 0.058 0.093 0.081 0.041 0.07 0.073 0.076 0.095 0.076 0.075;0.044 0.058 0.058 0.041 0.076 0.055 0.042 0.063 0.093 0.07 0.095 0.081 0.076 0.073 0.075;
0.032 0.056 0.061 0.064 0.09 0.053 0.048 0.075 0.042 0.061 0.084 0.072 0.089 0.087 0.086;0.032 0.056 0.053 0.048 0.075 0.061 0.064 0.09 0.042 0.061 0.084 0.072 0.087 0.089 0.086;0.032 0.053 0.061 0.042 0.072 0.056 0.048 0.075 0.064 0.061 0.087 0.09 0.089 0.084 0.086;
0.028 0.065 0.056 0.064 0.111 0.063 0.045 0.084 0.039 0.057 0.074 0.103 0.065 0.091 0.055;0.028 0.065 0.063 0.045 0.084 0.056 0.064 0.111 0.039 0.057 0.074 0.103 0.091 0.065 0.055;0.028 0.063 0.056 0.039 0.103 0.065 0.045 0.084 0.064 0.057 0.091 0.111 0.065 0.074 0.055;
0.041 0.054 0.063 0.071 0.08 0.052 0.046 0.087 0.044 0.055 0.081 0.083 0.067 0.102 0.074;0.041 0.054 0.052 0.046 0.087 0.063 0.071 0.08 0.044 0.055 0.081 0.083 0.102 0.067 0.074;0.041 0.052 0.063 0.044 0.083 0.054 0.046 0.087 0.071 0.055 0.102 0.08 0.067 0.081 0.074;
0.03 0.052 0.052 0.062 0.097 0.041 0.04 0.079 0.049 0.067 0.083 0.069 0.097 0.116 0.066;0.03 0.052 0.041 0.04 0.079 0.052 0.062 0.097 0.049 0.067 0.083 0.069 0.116 0.097 0.066;0.03 0.041 0.052 0.049 0.069 0.052 0.04 0.079 0.062 0.067 0.116 0.097 0.097 0.083 0.066;
0.044 0.055 0.07 0.065 0.082 0.062 0.046 0.066 0.033 0.071 0.071 0.089 0.09 0.089 0.067;0.044 0.055 0.062 0.046 0.066 0.07 0.065 0.082 0.033 0.071 0.071 0.089 0.089 0.09 0.067;0.044 0.062 0.07 0.033 0.089 0.055 0.046 0.066 0.065 0.071 0.089 0.082 0.09 0.071 0.067;
0.034 0.054 0.067 0.051 0.1 0.055 0.035 0.077 0.044 0.065 0.09 0.066 0.092 0.105 0.065;0.034 0.054 0.055 0.035 0.077 0.067 0.051 0.1 0.044 0.065 0.09 0.066 0.105 0.092 0.065;0.034 0.055 0.067 0.044 0.066 0.054 0.035 0.077 0.051 0.065 0.105 0.1 0.092 0.09 0.065;
0.027 0.058 0.067 0.068 0.098 0.059 0.053 0.073 0.039 0.062 0.071 0.064 0.067 0.113 0.081;0.027 0.058 0.059 0.053 0.073 0.067 0.068 0.098 0.039 0.062 0.071 0.064 0.113 0.067 0.081;0.027 0.059 0.067 0.039 0.064 0.058 0.053 0.073 0.068 0.062 0.113 0.098 0.067 0.071 0.081;
0.047 0.055 0.066 0.057 0.1 0.064 0.025 0.08 0.048 0.052 0.083 0.082 0.085 0.078 0.078;0.047 0.055 0.064 0.025 0.08 0.066 0.057 0.1 0.048 0.052 0.083 0.082 0.078 0.085 0.078;0.047 0.064 0.066 0.048 0.082 0.055 0.025 0.08 0.057 0.052 0.078 0.1 0.085 0.083 0.078;
0.034 0.066 0.06 0.065 0.109 0.046 0.035 0.084 0.037 0.054 0.087 0.063 0.072 0.118 0.07;0.034 0.066 0.046 0.035 0.084 0.06 0.065 0.109 0.037 0.054 0.087 0.063 0.118 0.072 0.07;0.034 0.046 0.06 0.037 0.063 0.066 0.035 0.084 0.065 0.054 0.118 0.109 0.072 0.087 0.07;
0.038 0.053 0.075 0.063 0.096 0.064 0.03 0.088 0.037 0.055 0.077 0.072 0.093 0.092 0.067;0.038 0.053 0.064 0.03 0.088 0.075 0.063 0.096 0.037 0.055 0.077 0.072 0.092 0.093 0.067;0.038 0.064 0.075 0.037 0.072 0.053 0.03 0.088 0.063 0.055 0.092 0.096 0.093 0.077 0.067;
0.034 0.048 0.065 0.079 0.104 0.059 0.036 0.09 0.043 0.063 0.077 0.08 0.067 0.082 0.073;0.034 0.048 0.059 0.036 0.09 0.065 0.079 0.104 0.043 0.063 0.077 0.08 0.082 0.067 0.073;0.034 0.059 0.065 0.043 0.08 0.048 0.036 0.09 0.079 0.063 0.082 0.104 0.067 0.077 0.073];