pntP=[0.029 0.059 0.073 0.056 0.117 0.056 0.038 0.069 0.035 0.053 0.07 0.067 0.104 0.089 0.085;0.029 0.059 0.056 0.038 0.069 0.073 0.056 0.117 0.035 0.053 0.07 0.067 0.089 0.104 0.085;0.029 0.056 0.073 0.035 0.067 0.059 0.038 0.069 0.056 0.053 0.089 0.117 0.104 0.07 0.085;
0.023 0.052 0.076 0.055 0.087 0.058 0.051 0.083 0.047 0.062 0.092 0.074 0.088 0.083 0.069;0.023 0.052 0.058 0.051 0.083 0.076 0.055 0.087 0.047 0.062 0.092 0.074 0.083 0.088 0.069;0.023 0.058 0.076 0.047 0.074 0.052 0.051 0.083 0.055 0.062 0.083 0.087 0.088 0.092 0.069;
0.032 0.056 0.072 0.06 0.099 0.048 0.043 0.081 0.053 0.061 0.09 0.072 0.082 0.08 0.071;0.032 0.056 0.048 0.043 0.081 0.072 0.06 0.099 0.053 0.061 0.09 0.072 0.08 0.082 0.071;0.032 0.048 0.072 0.053 0.072 0.056 0.043 0.081 0.06 0.061 0.08 0.099 0.082 0.09 0.071;
0.033 0.053 0.061 0.055 0.087 0.047 0.045 0.076 0.041 0.049 0.083 0.085 0.1 0.11 0.075;0.033 0.053 0.047 0.045 0.076 0.061 0.055 0.087 0.041 0.049 0.083 0.085 0.11 0.1 0.075;0.033 0.047 0.061 0.041 0.085 0.053 0.045 0.076 0.055 0.049 0.11 0.087 0.1 0.083 0.075;
0.026 0.052 0.046 0.06 0.103 0.044 0.053 0.078 0.039 0.062 0.073 0.087 0.113 0.083 0.081;0.026 0.052 0.044 0.053 0.078 0.046 0.06 0.103 0.039 0.062 0.073 0.087 0.083 0.113 0.081;0.026 0.044 0.046 0.039 0.087 0.052 0.053 0.078 0.06 0.062 0.083 0.103 0.113 0.073 0.081;
0.024 0.049 0.06 0.057 0.094 0.055 0.044 0.088 0.048 0.066 0.096 0.074 0.078 0.097 0.07;0.024 0.049 0.055 0.044 0.088 0.06 0.057 0.094 0.048 0.066 0.096 0.074 0.097 0.078 0.07;0.024 0.055 0.06 0.048 0.074 0.049 0.044 0.088 0.057 0.066 0.097 0.094 0.078 0.096 0.07;
0.032 0.053 0.067 0.056 0.098 0.048 0.051 0.089 0.043 0.055 0.072 0.061 0.085 0.094 0.096;0.032 0.053 0.048 0.051 0.089 0.067 0.056 0.098 0.043 0.055 0.072 0.061 0.094 0.085 0.096;0.032 0.048 0.067 0.043 0.061 0.053 0.051 0.089 0.056 0.055 0.094 0.098 0.085 0.072 0.096;
0.036 0.063 0.067 0.058 0.088 0.044 0.042 0.079 0.039 0.058 0.07 0.092 0.091 0.09 0.083;0.036 0.063 0.044 0.042 0.079 0.067 0.058 0.088 0.039 0.058 0.07 0.092 0.09 0.091 0.083;0.036 0.044 0.067 0.039 0.092 0.063 0.042 0.079 0.058 0.058 0.09 0.088 0.091 0.07 0.083;
0.026 0.038 0.063 0.06 0.099 0.059 0.037 0.077 0.048 0.059 0.089 0.08 0.105 0.086 0.074;0.026 0.038 0.059 0.037 0.077 0.063 0.06 0.099 0.048 0.059 0.089 0.08 0.086 0.105 0.074;0.026 0.059 0.063 0.048 0.08 0.038 0.037 0.077 0.06 0.059 0.086 0.099 0.105 0.089 0.074;
0.031 0.045 0.064 0.052 0.081 0.052 0.052 0.098 0.059 0.06 0.079 0.073 0.078 0.088 0.088;0.031 0.045 0.052 0.052 0.098 0.064 0.052 0.081 0.059 0.06 0.079 0.073 0.088 0.078 0.088;0.031 0.052 0.064 0.059 0.073 0.045 0.052 0.098 0.052 0.06 0.088 0.081 0.078 0.079 0.088;
0.041 0.052 0.068 0.048 0.093 0.054 0.047 0.076 0.043 0.055 0.077 0.092 0.081 0.087 0.086;0.041 0.052 0.054 0.047 0.076 0.068 0.048 0.093 0.043 0.055 0.077 0.092 0.087 0.081 0.086;0.041 0.054 0.068 0.043 0.092 0.052 0.047 0.076 0.048 0.055 0.087 0.093 0.081 0.077 0.086;
0.031 0.042 0.056 0.043 0.1 0.047 0.039 0.078 0.049 0.057 0.089 0.096 0.098 0.099 0.076;0.031 0.042 0.047 0.039 0.078 0.056 0.043 0.1 0.049 0.057 0.089 0.096 0.099 0.098 0.076;0.031 0.047 0.056 0.049 0.096 0.042 0.039 0.078 0.043 0.057 0.099 0.1 0.098 0.089 0.076;
0.037 0.057 0.061 0.057 0.088 0.048 0.05 0.068 0.05 0.05 0.076 0.084 0.098 0.094 0.082;0.037 0.057 0.048 0.05 0.068 0.061 0.057 0.088 0.05 0.05 0.076 0.084 0.094 0.098 0.082;0.037 0.048 0.061 0.05 0.084 0.057 0.05 0.068 0.057 0.05 0.094 0.088 0.098 0.076 0.082;
0.024 0.052 0.065 0.056 0.104 0.05 0.049 0.092 0.045 0.06 0.069 0.074 0.09 0.098 0.072;0.024 0.052 0.05 0.049 0.092 0.065 0.056 0.104 0.045 0.06 0.069 0.074 0.098 0.09 0.072;0.024 0.05 0.065 0.045 0.074 0.052 0.049 0.092 0.056 0.06 0.098 0.104 0.09 0.069 0.072;
0.032 0.049 0.063 0.06 0.095 0.051 0.046 0.089 0.045 0.057 0.082 0.075 0.088 0.088 0.08;0.032 0.049 0.051 0.046 0.089 0.063 0.06 0.095 0.045 0.057 0.082 0.075 0.088 0.088 0.08;0.032 0.051 0.063 0.045 0.075 0.049 0.046 0.089 0.06 0.057 0.088 0.095 0.088 0.082 0.08;
0.02 0.039 0.045 0.066 0.079 0.045 0.044 0.099 0.053 0.059 0.097 0.073 0.109 0.091 0.081;0.02 0.039 0.045 0.044 0.099 0.045 0.066 0.079 0.053 0.059 0.097 0.073 0.091 0.109 0.081;0.02 0.045 0.045 0.053 0.073 0.039 0.044 0.099 0.066 0.059 0.091 0.079 0.109 0.097 0.081;
0.024 0.053 0.075 0.055 0.084 0.05 0.04 0.091 0.036 0.049 0.088 0.094 0.097 0.097 0.067;0.024 0.053 0.05 0.04 0.091 0.075 0.055 0.084 0.036 0.049 0.088 0.094 0.097 0.097 0.067;0.024 0.05 0.075 0.036 0.094 0.053 0.04 0.091 0.055 0.049 0.097 0.084 0.097 0.088 0.067;
0.028 0.041 0.053 0.064 0.109 0.052 0.043 0.086 0.055 0.061 0.055 0.092 0.097 0.08 0.084;0.028 0.041 0.052 0.043 0.086 0.053 0.064 0.109 0.055 0.061 0.055 0.092 0.08 0.097 0.084;0.028 0.052 0.053 0.055 0.092 0.041 0.043 0.086 0.064 0.061 0.08 0.109 0.097 0.055 0.084;
0.028 0.053 0.05 0.052 0.105 0.048 0.059 0.084 0.049 0.066 0.088 0.067 0.084 0.089 0.078;0.028 0.053 0.048 0.059 0.084 0.05 0.052 0.105 0.049 0.066 0.088 0.067 0.089 0.084 0.078;0.028 0.048 0.05 0.049 0.067 0.053 0.059 0.084 0.052 0.066 0.089 0.105 0.084 0.088 0.078;
0.038 0.053 0.05 0.058 0.088 0.048 0.042 0.084 0.046 0.058 0.071 0.092 0.09 0.097 0.085;0.038 0.053 0.048 0.042 0.084 0.05 0.058 0.088 0.046 0.058 0.071 0.092 0.097 0.09 0.085;0.038 0.048 0.05 0.046 0.092 0.053 0.042 0.084 0.058 0.058 0.097 0.088 0.09 0.071 0.085;
0.03 0.04 0.051 0.063 0.103 0.055 0.044 0.092 0.05 0.048 0.076 0.083 0.08 0.099 0.086;0.03 0.04 0.055 0.044 0.092 0.051 0.063 0.103 0.05 0.048 0.076 0.083 0.099 0.08 0.086;0.03 0.055 0.051 0.05 0.083 0.04 0.044 0.092 0.063 0.048 0.099 0.103 0.08 0.076 0.086;
0.032 0.048 0.063 0.06 0.088 0.053 0.041 0.069 0.053 0.068 0.073 0.08 0.091 0.092 0.089;0.032 0.048 0.053 0.041 0.069 0.063 0.06 0.088 0.053 0.068 0.073 0.08 0.092 0.091 0.089;0.032 0.053 0.063 0.053 0.08 0.048 0.041 0.069 0.06 0.068 0.092 0.088 0.091 0.073 0.089;
0.03 0.047 0.067 0.06 0.091 0.044 0.054 0.08 0.053 0.054 0.082 0.071 0.095 0.098 0.074;0.03 0.047 0.044 0.054 0.08 0.067 0.06 0.091 0.053 0.054 0.082 0.071 0.098 0.095 0.074;0.03 0.044 0.067 0.053 0.071 0.047 0.054 0.08 0.06 0.054 0.098 0.091 0.095 0.082 0.074;
0.034 0.057 0.067 0.052 0.106 0.051 0.054 0.081 0.038 0.046 0.077 0.072 0.088 0.104 0.073;0.034 0.057 0.051 0.054 0.081 0.067 0.052 0.106 0.038 0.046 0.077 0.072 0.104 0.088 0.073;0.034 0.051 0.067 0.038 0.072 0.057 0.054 0.081 0.052 0.046 0.104 0.106 0.088 0.077 0.073;
0.015 0.048 0.054 0.051 0.1 0.054 0.056 0.094 0.036 0.052 0.074 0.093 0.083 0.106 0.084;0.015 0.048 0.054 0.056 0.094 0.054 0.051 0.1 0.036 0.052 0.074 0.093 0.106 0.083 0.084;0.015 0.054 0.054 0.036 0.093 0.048 0.056 0.094 0.051 0.052 0.106 0.1 0.083 0.074 0.084;
0.03 0.047 0.078 0.046 0.101 0.058 0.051 0.079 0.047 0.054 0.08 0.072 0.097 0.086 0.074;0.03 0.047 0.058 0.051 0.079 0.078 0.046 0.101 0.047 0.054 0.08 0.072 0.086 0.097 0.074;0.03 0.058 0.078 0.047 0.072 0.047 0.051 0.079 0.046 0.054 0.086 0.101 0.097 0.08 0.074;
0.023 0.058 0.065 0.051 0.104 0.047 0.05 0.088 0.036 0.055 0.085 0.079 0.09 0.099 0.07;0.023 0.058 0.047 0.05 0.088 0.065 0.051 0.104 0.036 0.055 0.085 0.079 0.099 0.09 0.07;0.023 0.047 0.065 0.036 0.079 0.058 0.05 0.088 0.051 0.055 0.099 0.104 0.09 0.085 0.07;
0.032 0.045 0.064 0.067 0.086 0.059 0.041 0.08 0.047 0.054 0.085 0.067 0.094 0.099 0.08;0.032 0.045 0.059 0.041 0.08 0.064 0.067 0.086 0.047 0.054 0.085 0.067 0.099 0.094 0.08;0.032 0.059 0.064 0.047 0.067 0.045 0.041 0.08 0.067 0.054 0.099 0.086 0.094 0.085 0.08;
0.025 0.045 0.052 0.055 0.104 0.048 0.063 0.085 0.027 0.054 0.086 0.089 0.088 0.113 0.066;0.025 0.045 0.048 0.063 0.085 0.052 0.055 0.104 0.027 0.054 0.086 0.089 0.113 0.088 0.066;0.025 0.048 0.052 0.027 0.089 0.045 0.063 0.085 0.055 0.054 0.113 0.104 0.088 0.086 0.066;
0.026 0.052 0.06 0.065 0.112 0.049 0.043 0.09 0.032 0.049 0.071 0.093 0.094 0.078 0.086;0.026 0.052 0.049 0.043 0.09 0.06 0.065 0.112 0.032 0.049 0.071 0.093 0.078 0.094 0.086;0.026 0.049 0.06 0.032 0.093 0.052 0.043 0.09 0.065 0.049 0.078 0.112 0.094 0.071 0.086;
0.022 0.056 0.053 0.054 0.111 0.036 0.056 0.092 0.044 0.071 0.075 0.072 0.087 0.093 0.078;0.022 0.056 0.036 0.056 0.092 0.053 0.054 0.111 0.044 0.071 0.075 0.072 0.093 0.087 0.078;0.022 0.036 0.053 0.044 0.072 0.056 0.056 0.092 0.054 0.071 0.093 0.111 0.087 0.075 0.078;
0.027 0.051 0.055 0.055 0.101 0.059 0.049 0.073 0.03 0.062 0.08 0.088 0.095 0.088 0.087;0.027 0.051 0.059 0.049 0.073 0.055 0.055 0.101 0.03 0.062 0.08 0.088 0.088 0.095 0.087;0.027 0.059 0.055 0.03 0.088 0.051 0.049 0.073 0.055 0.062 0.088 0.101 0.095 0.08 0.087;
0.032 0.04 0.063 0.056 0.117 0.056 0.049 0.08 0.041 0.036 0.09 0.09 0.069 0.1 0.081;0.032 0.04 0.056 0.049 0.08 0.063 0.056 0.117 0.041 0.036 0.09 0.09 0.1 0.069 0.081;0.032 0.056 0.063 0.041 0.09 0.04 0.049 0.08 0.056 0.036 0.1 0.117 0.069 0.09 0.081;
0.029 0.043 0.051 0.064 0.088 0.05 0.04 0.087 0.053 0.062 0.076 0.09 0.08 0.102 0.085;0.029 0.043 0.05 0.04 0.087 0.051 0.064 0.088 0.053 0.062 0.076 0.09 0.102 0.08 0.085;0.029 0.05 0.051 0.053 0.09 0.043 0.04 0.087 0.064 0.062 0.102 0.088 0.08 0.076 0.085;
0.026 0.063 0.068 0.052 0.093 0.05 0.04 0.081 0.037 0.06 0.073 0.093 0.081 0.101 0.082;0.026 0.063 0.05 0.04 0.081 0.068 0.052 0.093 0.037 0.06 0.073 0.093 0.101 0.081 0.082;0.026 0.05 0.068 0.037 0.093 0.063 0.04 0.081 0.052 0.06 0.101 0.093 0.081 0.073 0.082;
0.022 0.052 0.062 0.057 0.087 0.038 0.047 0.095 0.031 0.06 0.096 0.077 0.109 0.096 0.071;0.022 0.052 0.038 0.047 0.095 0.062 0.057 0.087 0.031 0.06 0.096 0.077 0.096 0.109 0.071;0.022 0.038 0.062 0.031 0.077 0.052 0.047 0.095 0.057 0.06 0.096 0.087 0.109 0.096 0.071;
0.025 0.054 0.05 0.05 0.083 0.054 0.053 0.08 0.039 0.065 0.095 0.078 0.097 0.107 0.07;0.025 0.054 0.054 0.053 0.08 0.05 0.05 0.083 0.039 0.065 0.095 0.078 0.107 0.097 0.07;0.025 0.054 0.05 0.039 0.078 0.054 0.053 0.08 0.05 0.065 0.107 0.083 0.097 0.095 0.07;
0.025 0.043 0.066 0.057 0.081 0.06 0.049 0.087 0.039 0.061 0.07 0.074 0.106 0.109 0.073;0.025 0.043 0.06 0.049 0.087 0.066 0.057 0.081 0.039 0.061 0.07 0.074 0.109 0.106 0.073;0.025 0.06 0.066 0.039 0.074 0.043 0.049 0.087 0.057 0.061 0.109 0.081 0.106 0.07 0.073;
0.032 0.048 0.064 0.051 0.123 0.04 0.04 0.072 0.049 0.054 0.093 0.074 0.084 0.092 0.084;0.032 0.048 0.04 0.04 0.072 0.064 0.051 0.123 0.049 0.054 0.093 0.074 0.092 0.084 0.084;0.032 0.04 0.064 0.049 0.074 0.048 0.04 0.072 0.051 0.054 0.092 0.123 0.084 0.093 0.084;
0.028 0.051 0.071 0.06 0.089 0.044 0.042 0.081 0.034 0.051 0.088 0.069 0.094 0.112 0.086;0.028 0.051 0.044 0.042 0.081 0.071 0.06 0.089 0.034 0.051 0.088 0.069 0.112 0.094 0.086;0.028 0.044 0.071 0.034 0.069 0.051 0.042 0.081 0.06 0.051 0.112 0.089 0.094 0.088 0.086;
0.027 0.052 0.057 0.062 0.091 0.061 0.042 0.084 0.038 0.069 0.087 0.076 0.07 0.108 0.076;0.027 0.052 0.061 0.042 0.084 0.057 0.062 0.091 0.038 0.069 0.087 0.076 0.108 0.07 0.076;0.027 0.061 0.057 0.038 0.076 0.052 0.042 0.084 0.062 0.069 0.108 0.091 0.07 0.087 0.076;
0.024 0.07 0.06 0.047 0.101 0.041 0.041 0.065 0.04 0.046 0.085 0.1 0.092 0.098 0.09;0.024 0.07 0.041 0.041 0.065 0.06 0.047 0.101 0.04 0.046 0.085 0.1 0.098 0.092 0.09;0.024 0.041 0.06 0.04 0.1 0.07 0.041 0.065 0.047 0.046 0.098 0.101 0.092 0.085 0.09;
0.026 0.058 0.043 0.056 0.085 0.054 0.042 0.074 0.053 0.058 0.088 0.084 0.092 0.105 0.082;0.026 0.058 0.054 0.042 0.074 0.043 0.056 0.085 0.053 0.058 0.088 0.084 0.105 0.092 0.082;0.026 0.054 0.043 0.053 0.084 0.058 0.042 0.074 0.056 0.058 0.105 0.085 0.092 0.088 0.082;
0.026 0.041 0.065 0.064 0.093 0.048 0.034 0.08 0.056 0.056 0.084 0.089 0.098 0.102 0.064;0.026 0.041 0.048 0.034 0.08 0.065 0.064 0.093 0.056 0.056 0.084 0.089 0.102 0.098 0.064;0.026 0.048 0.065 0.056 0.089 0.041 0.034 0.08 0.064 0.056 0.102 0.093 0.098 0.084 0.064;
0.023 0.042 0.068 0.058 0.095 0.047 0.037 0.094 0.042 0.058 0.088 0.088 0.085 0.087 0.088;0.023 0.042 0.047 0.037 0.094 0.068 0.058 0.095 0.042 0.058 0.088 0.088 0.087 0.085 0.088;0.023 0.047 0.068 0.042 0.088 0.042 0.037 0.094 0.058 0.058 0.087 0.095 0.085 0.088 0.088;
0.033 0.056 0.052 0.049 0.082 0.044 0.054 0.089 0.053 0.064 0.08 0.084 0.086 0.091 0.083;0.033 0.056 0.044 0.054 0.089 0.052 0.049 0.082 0.053 0.064 0.08 0.084 0.091 0.086 0.083;0.033 0.044 0.052 0.053 0.084 0.056 0.054 0.089 0.049 0.064 0.091 0.082 0.086 0.08 0.083;
0.026 0.043 0.058 0.056 0.088 0.055 0.052 0.084 0.051 0.049 0.083 0.085 0.094 0.095 0.081;0.026 0.043 0.055 0.052 0.084 0.058 0.056 0.088 0.051 0.049 0.083 0.085 0.095 0.094 0.081;0.026 0.055 0.058 0.051 0.085 0.043 0.052 0.084 0.056 0.049 0.095 0.088 0.094 0.083 0.081;
0.029 0.07 0.057 0.059 0.112 0.04 0.045 0.084 0.042 0.05 0.079 0.072 0.094 0.098 0.069;0.029 0.07 0.04 0.045 0.084 0.057 0.059 0.112 0.042 0.05 0.079 0.072 0.098 0.094 0.069;0.029 0.04 0.057 0.042 0.072 0.07 0.045 0.084 0.059 0.05 0.098 0.112 0.094 0.079 0.069;
0.024 0.041 0.062 0.061 0.083 0.044 0.04 0.079 0.046 0.051 0.077 0.081 0.111 0.12 0.08;0.024 0.041 0.044 0.04 0.079 0.062 0.061 0.083 0.046 0.051 0.077 0.081 0.12 0.111 0.08;0.024 0.044 0.062 0.046 0.081 0.041 0.04 0.079 0.061 0.051 0.12 0.083 0.111 0.077 0.08;
0.021 0.057 0.053 0.057 0.079 0.058 0.054 0.092 0.036 0.064 0.092 0.078 0.098 0.073 0.088;0.021 0.057 0.058 0.054 0.092 0.053 0.057 0.079 0.036 0.064 0.092 0.078 0.073 0.098 0.088;0.021 0.058 0.053 0.036 0.078 0.057 0.054 0.092 0.057 0.064 0.073 0.079 0.098 0.092 0.088;
0.024 0.056 0.044 0.059 0.106 0.05 0.061 0.091 0.031 0.05 0.089 0.083 0.088 0.09 0.078;0.024 0.056 0.05 0.061 0.091 0.044 0.059 0.106 0.031 0.05 0.089 0.083 0.09 0.088 0.078;0.024 0.05 0.044 0.031 0.083 0.056 0.061 0.091 0.059 0.05 0.09 0.106 0.088 0.089 0.078;
0.026 0.045 0.059 0.056 0.104 0.055 0.051 0.087 0.04 0.049 0.086 0.081 0.101 0.086 0.074;0.026 0.045 0.055 0.051 0.087 0.059 0.056 0.104 0.04 0.049 0.086 0.081 0.086 0.101 0.074;0.026 0.055 0.059 0.04 0.081 0.045 0.051 0.087 0.056 0.049 0.086 0.104 0.101 0.086 0.074;
0.023 0.064 0.06 0.056 0.108 0.05 0.039 0.068 0.041 0.056 0.09 0.082 0.087 0.079 0.097;0.023 0.064 0.05 0.039 0.068 0.06 0.056 0.108 0.041 0.056 0.09 0.082 0.079 0.087 0.097;0.023 0.05 0.06 0.041 0.082 0.064 0.039 0.068 0.056 0.056 0.079 0.108 0.087 0.09 0.097;
0.029 0.05 0.056 0.054 0.099 0.059 0.04 0.087 0.032 0.049 0.09 0.082 0.093 0.094 0.086;0.029 0.05 0.059 0.04 0.087 0.056 0.054 0.099 0.032 0.049 0.09 0.082 0.094 0.093 0.086;0.029 0.059 0.056 0.032 0.082 0.05 0.04 0.087 0.054 0.049 0.094 0.099 0.093 0.09 0.086;
0.027 0.064 0.059 0.056 0.099 0.043 0.051 0.08 0.043 0.055 0.077 0.09 0.095 0.089 0.072;0.027 0.064 0.043 0.051 0.08 0.059 0.056 0.099 0.043 0.055 0.077 0.09 0.089 0.095 0.072;0.027 0.043 0.059 0.043 0.09 0.064 0.051 0.08 0.056 0.055 0.089 0.099 0.095 0.077 0.072;
0.026 0.051 0.063 0.06 0.083 0.055 0.034 0.096 0.039 0.072 0.09 0.074 0.079 0.105 0.073;0.026 0.051 0.055 0.034 0.096 0.063 0.06 0.083 0.039 0.072 0.09 0.074 0.105 0.079 0.073;0.026 0.055 0.063 0.039 0.074 0.051 0.034 0.096 0.06 0.072 0.105 0.083 0.079 0.09 0.073;
0.027 0.07 0.07 0.06 0.104 0.035 0.048 0.073 0.038 0.053 0.074 0.091 0.088 0.098 0.071;0.027 0.07 0.035 0.048 0.073 0.07 0.06 0.104 0.038 0.053 0.074 0.091 0.098 0.088 0.071;0.027 0.035 0.07 0.038 0.091 0.07 0.048 0.073 0.06 0.053 0.098 0.104 0.088 0.074 0.071;
0.024 0.049 0.06 0.054 0.101 0.051 0.051 0.088 0.034 0.062 0.075 0.083 0.093 0.095 0.08;0.024 0.049 0.051 0.051 0.088 0.06 0.054 0.101 0.034 0.062 0.075 0.083 0.095 0.093 0.08;0.024 0.051 0.06 0.034 0.083 0.049 0.051 0.088 0.054 0.062 0.095 0.101 0.093 0.075 0.08;
0.031 0.049 0.059 0.058 0.11 0.071 0.047 0.076 0.037 0.044 0.085 0.081 0.077 0.094 0.081;0.031 0.049 0.071 0.047 0.076 0.059 0.058 0.11 0.037 0.044 0.085 0.081 0.094 0.077 0.081;0.031 0.071 0.059 0.037 0.081 0.049 0.047 0.076 0.058 0.044 0.094 0.11 0.077 0.085 0.081;
0.028 0.051 0.07 0.062 0.104 0.048 0.048 0.077 0.039 0.06 0.077 0.075 0.093 0.088 0.08;0.028 0.051 0.048 0.048 0.077 0.07 0.062 0.104 0.039 0.06 0.077 0.075 0.088 0.093 0.08;0.028 0.048 0.07 0.039 0.075 0.051 0.048 0.077 0.062 0.06 0.088 0.104 0.093 0.077 0.08;
0.03 0.059 0.051 0.062 0.095 0.043 0.045 0.08 0.047 0.05 0.084 0.075 0.109 0.089 0.081;0.03 0.059 0.043 0.045 0.08 0.051 0.062 0.095 0.047 0.05 0.084 0.075 0.089 0.109 0.081;0.03 0.043 0.051 0.047 0.075 0.059 0.045 0.08 0.062 0.05 0.089 0.095 0.109 0.084 0.081;
0.033 0.07 0.057 0.04 0.092 0.058 0.048 0.074 0.043 0.081 0.085 0.073 0.089 0.083 0.074;0.033 0.07 0.058 0.048 0.074 0.057 0.04 0.092 0.043 0.081 0.085 0.073 0.083 0.089 0.074;0.033 0.058 0.057 0.043 0.073 0.07 0.048 0.074 0.04 0.081 0.083 0.092 0.089 0.085 0.074;
0.034 0.059 0.058 0.046 0.095 0.044 0.051 0.083 0.05 0.064 0.072 0.076 0.094 0.096 0.078;0.034 0.059 0.044 0.051 0.083 0.058 0.046 0.095 0.05 0.064 0.072 0.076 0.096 0.094 0.078;0.034 0.044 0.058 0.05 0.076 0.059 0.051 0.083 0.046 0.064 0.096 0.095 0.094 0.072 0.078;
0.027 0.057 0.068 0.063 0.093 0.051 0.057 0.081 0.041 0.05 0.069 0.087 0.096 0.097 0.063;0.027 0.057 0.051 0.057 0.081 0.068 0.063 0.093 0.041 0.05 0.069 0.087 0.097 0.096 0.063;0.027 0.051 0.068 0.041 0.087 0.057 0.057 0.081 0.063 0.05 0.097 0.093 0.096 0.069 0.063;
0.038 0.053 0.055 0.058 0.082 0.04 0.051 0.067 0.042 0.064 0.08 0.087 0.097 0.094 0.092;0.038 0.053 0.04 0.051 0.067 0.055 0.058 0.082 0.042 0.064 0.08 0.087 0.094 0.097 0.092;0.038 0.04 0.055 0.042 0.087 0.053 0.051 0.067 0.058 0.064 0.094 0.082 0.097 0.08 0.092;
0.019 0.054 0.052 0.058 0.09 0.059 0.05 0.069 0.049 0.071 0.077 0.083 0.099 0.098 0.072;0.019 0.054 0.059 0.05 0.069 0.052 0.058 0.09 0.049 0.071 0.077 0.083 0.098 0.099 0.072;0.019 0.059 0.052 0.049 0.083 0.054 0.05 0.069 0.058 0.071 0.098 0.09 0.099 0.077 0.072;
0.016 0.059 0.068 0.065 0.084 0.049 0.042 0.068 0.039 0.063 0.069 0.089 0.097 0.111 0.081;0.016 0.059 0.049 0.042 0.068 0.068 0.065 0.084 0.039 0.063 0.069 0.089 0.111 0.097 0.081;0.016 0.049 0.068 0.039 0.089 0.059 0.042 0.068 0.065 0.063 0.111 0.084 0.097 0.069 0.081;
0.034 0.05 0.062 0.045 0.085 0.063 0.04 0.074 0.039 0.073 0.086 0.08 0.102 0.097 0.07;0.034 0.05 0.063 0.04 0.074 0.062 0.045 0.085 0.039 0.073 0.086 0.08 0.097 0.102 0.07;0.034 0.063 0.062 0.039 0.08 0.05 0.04 0.074 0.045 0.073 0.097 0.085 0.102 0.086 0.07;
0.029 0.05 0.063 0.053 0.097 0.054 0.049 0.085 0.042 0.073 0.073 0.099 0.08 0.073 0.08;0.029 0.05 0.054 0.049 0.085 0.063 0.053 0.097 0.042 0.073 0.073 0.099 0.073 0.08 0.08;0.029 0.054 0.063 0.042 0.099 0.05 0.049 0.085 0.053 0.073 0.073 0.097 0.08 0.073 0.08;
0.03 0.043 0.049 0.059 0.106 0.057 0.051 0.072 0.036 0.067 0.087 0.091 0.073 0.102 0.077;0.03 0.043 0.057 0.051 0.072 0.049 0.059 0.106 0.036 0.067 0.087 0.091 0.102 0.073 0.077;0.03 0.057 0.049 0.036 0.091 0.043 0.051 0.072 0.059 0.067 0.102 0.106 0.073 0.087 0.077;
0.023 0.048 0.055 0.055 0.101 0.05 0.063 0.076 0.051 0.056 0.081 0.093 0.082 0.094 0.072;0.023 0.048 0.05 0.063 0.076 0.055 0.055 0.101 0.051 0.056 0.081 0.093 0.094 0.082 0.072;0.023 0.05 0.055 0.051 0.093 0.048 0.063 0.076 0.055 0.056 0.094 0.101 0.082 0.081 0.072;
0.021 0.047 0.06 0.062 0.087 0.056 0.044 0.096 0.041 0.061 0.09 0.078 0.091 0.084 0.082;0.021 0.047 0.056 0.044 0.096 0.06 0.062 0.087 0.041 0.061 0.09 0.078 0.084 0.091 0.082;0.021 0.056 0.06 0.041 0.078 0.047 0.044 0.096 0.062 0.061 0.084 0.087 0.091 0.09 0.082;
0.025 0.048 0.062 0.053 0.102 0.058 0.048 0.073 0.037 0.066 0.079 0.085 0.094 0.098 0.072;0.025 0.048 0.058 0.048 0.073 0.062 0.053 0.102 0.037 0.066 0.079 0.085 0.098 0.094 0.072;0.025 0.058 0.062 0.037 0.085 0.048 0.048 0.073 0.053 0.066 0.098 0.102 0.094 0.079 0.072;
0.031 0.06 0.059 0.052 0.089 0.052 0.046 0.095 0.052 0.048 0.085 0.078 0.085 0.094 0.074;0.031 0.06 0.052 0.046 0.095 0.059 0.052 0.089 0.052 0.048 0.085 0.078 0.094 0.085 0.074;0.031 0.052 0.059 0.052 0.078 0.06 0.046 0.095 0.052 0.048 0.094 0.089 0.085 0.085 0.074;
0.025 0.054 0.053 0.06 0.103 0.055 0.047 0.081 0.048 0.058 0.086 0.074 0.091 0.091 0.074;0.025 0.054 0.055 0.047 0.081 0.053 0.06 0.103 0.048 0.058 0.086 0.074 0.091 0.091 0.074;0.025 0.055 0.053 0.048 0.074 0.054 0.047 0.081 0.06 0.058 0.091 0.103 0.091 0.086 0.074;
0.021 0.055 0.076 0.052 0.094 0.056 0.038 0.086 0.043 0.064 0.089 0.077 0.087 0.087 0.075;0.021 0.055 0.056 0.038 0.086 0.076 0.052 0.094 0.043 0.064 0.089 0.077 0.087 0.087 0.075;0.021 0.056 0.076 0.043 0.077 0.055 0.038 0.086 0.052 0.064 0.087 0.094 0.087 0.089 0.075;
0.024 0.053 0.066 0.058 0.085 0.059 0.049 0.075 0.052 0.061 0.086 0.082 0.08 0.103 0.067;0.024 0.053 0.059 0.049 0.075 0.066 0.058 0.085 0.052 0.061 0.086 0.082 0.103 0.08 0.067;0.024 0.059 0.066 0.052 0.082 0.053 0.049 0.075 0.058 0.061 0.103 0.085 0.08 0.086 0.067;
0.025 0.054 0.068 0.061 0.097 0.048 0.053 0.075 0.041 0.066 0.09 0.075 0.093 0.091 0.063;0.025 0.054 0.048 0.053 0.075 0.068 0.061 0.097 0.041 0.066 0.09 0.075 0.091 0.093 0.063;0.025 0.048 0.068 0.041 0.075 0.054 0.053 0.075 0.061 0.066 0.091 0.097 0.093 0.09 0.063;
0.031 0.053 0.068 0.05 0.107 0.056 0.036 0.075 0.044 0.068 0.072 0.084 0.083 0.099 0.074;0.031 0.053 0.056 0.036 0.075 0.068 0.05 0.107 0.044 0.068 0.072 0.084 0.099 0.083 0.074;0.031 0.056 0.068 0.044 0.084 0.053 0.036 0.075 0.05 0.068 0.099 0.107 0.083 0.072 0.074;
0.019 0.05 0.045 0.058 0.104 0.057 0.05 0.085 0.036 0.046 0.078 0.09 0.09 0.108 0.084;0.019 0.05 0.057 0.05 0.085 0.045 0.058 0.104 0.036 0.046 0.078 0.09 0.108 0.09 0.084;0.019 0.057 0.045 0.036 0.09 0.05 0.05 0.085 0.058 0.046 0.108 0.104 0.09 0.078 0.084;
0.026 0.055 0.056 0.05 0.094 0.053 0.044 0.088 0.05 0.055 0.088 0.082 0.086 0.092 0.081;0.026 0.055 0.053 0.044 0.088 0.056 0.05 0.094 0.05 0.055 0.088 0.082 0.092 0.086 0.081;0.026 0.053 0.056 0.05 0.082 0.055 0.044 0.088 0.05 0.055 0.092 0.094 0.086 0.088 0.081;
0.024 0.044 0.072 0.057 0.094 0.04 0.042 0.084 0.051 0.063 0.083 0.077 0.101 0.081 0.087;0.024 0.044 0.04 0.042 0.084 0.072 0.057 0.094 0.051 0.063 0.083 0.077 0.081 0.101 0.087;0.024 0.04 0.072 0.051 0.077 0.044 0.042 0.084 0.057 0.063 0.081 0.094 0.101 0.083 0.087;
0.037 0.05 0.055 0.066 0.081 0.057 0.045 0.076 0.035 0.051 0.085 0.091 0.081 0.113 0.077;0.037 0.05 0.057 0.045 0.076 0.055 0.066 0.081 0.035 0.051 0.085 0.091 0.113 0.081 0.077;0.037 0.057 0.055 0.035 0.091 0.05 0.045 0.076 0.066 0.051 0.113 0.081 0.081 0.085 0.077;
0.024 0.054 0.058 0.064 0.084 0.067 0.059 0.066 0.047 0.059 0.083 0.081 0.097 0.086 0.071;0.024 0.054 0.067 0.059 0.066 0.058 0.064 0.084 0.047 0.059 0.083 0.081 0.086 0.097 0.071;0.024 0.067 0.058 0.047 0.081 0.054 0.059 0.066 0.064 0.059 0.086 0.084 0.097 0.083 0.071;
0.027 0.053 0.052 0.061 0.088 0.061 0.046 0.094 0.037 0.055 0.095 0.074 0.088 0.077 0.092;0.027 0.053 0.061 0.046 0.094 0.052 0.061 0.088 0.037 0.055 0.095 0.074 0.077 0.088 0.092;0.027 0.061 0.052 0.037 0.074 0.053 0.046 0.094 0.061 0.055 0.077 0.088 0.088 0.095 0.092;
0.027 0.053 0.055 0.066 0.085 0.052 0.036 0.065 0.057 0.051 0.092 0.095 0.078 0.098 0.09;0.027 0.053 0.052 0.036 0.065 0.055 0.066 0.085 0.057 0.051 0.092 0.095 0.098 0.078 0.09;0.027 0.052 0.055 0.057 0.095 0.053 0.036 0.065 0.066 0.051 0.098 0.085 0.078 0.092 0.09;
0.031 0.051 0.06 0.053 0.09 0.061 0.058 0.077 0.034 0.062 0.087 0.076 0.076 0.089 0.095;0.031 0.051 0.061 0.058 0.077 0.06 0.053 0.09 0.034 0.062 0.087 0.076 0.089 0.076 0.095;0.031 0.061 0.06 0.034 0.076 0.051 0.058 0.077 0.053 0.062 0.089 0.09 0.076 0.087 0.095;
0.024 0.056 0.059 0.058 0.095 0.048 0.042 0.08 0.048 0.062 0.083 0.086 0.088 0.089 0.082;0.024 0.056 0.048 0.042 0.08 0.059 0.058 0.095 0.048 0.062 0.083 0.086 0.089 0.088 0.082;0.024 0.048 0.059 0.048 0.086 0.056 0.042 0.08 0.058 0.062 0.089 0.095 0.088 0.083 0.082;
0.028 0.052 0.057 0.056 0.088 0.046 0.063 0.077 0.048 0.059 0.076 0.081 0.09 0.101 0.078;0.028 0.052 0.046 0.063 0.077 0.057 0.056 0.088 0.048 0.059 0.076 0.081 0.101 0.09 0.078;0.028 0.046 0.057 0.048 0.081 0.052 0.063 0.077 0.056 0.059 0.101 0.088 0.09 0.076 0.078;
0.028 0.051 0.052 0.051 0.101 0.052 0.045 0.077 0.039 0.057 0.073 0.079 0.116 0.095 0.084;0.028 0.051 0.052 0.045 0.077 0.052 0.051 0.101 0.039 0.057 0.073 0.079 0.095 0.116 0.084;0.028 0.052 0.052 0.039 0.079 0.051 0.045 0.077 0.051 0.057 0.095 0.101 0.116 0.073 0.084;
0.027 0.042 0.051 0.047 0.091 0.061 0.061 0.093 0.045 0.059 0.077 0.097 0.082 0.101 0.066;0.027 0.042 0.061 0.061 0.093 0.051 0.047 0.091 0.045 0.059 0.077 0.097 0.101 0.082 0.066;0.027 0.061 0.051 0.045 0.097 0.042 0.061 0.093 0.047 0.059 0.101 0.091 0.082 0.077 0.066;
0.025 0.038 0.051 0.054 0.11 0.039 0.052 0.085 0.03 0.055 0.084 0.095 0.098 0.099 0.085;0.025 0.038 0.039 0.052 0.085 0.051 0.054 0.11 0.03 0.055 0.084 0.095 0.099 0.098 0.085;0.025 0.039 0.051 0.03 0.095 0.038 0.052 0.085 0.054 0.055 0.099 0.11 0.098 0.084 0.085;
0.033 0.043 0.076 0.053 0.071 0.053 0.04 0.097 0.037 0.063 0.084 0.099 0.085 0.086 0.08;0.033 0.043 0.053 0.04 0.097 0.076 0.053 0.071 0.037 0.063 0.084 0.099 0.086 0.085 0.08;0.033 0.053 0.076 0.037 0.099 0.043 0.04 0.097 0.053 0.063 0.086 0.071 0.085 0.084 0.08;
0.032 0.044 0.057 0.054 0.099 0.05 0.051 0.079 0.046 0.056 0.089 0.087 0.09 0.095 0.071;0.032 0.044 0.05 0.051 0.079 0.057 0.054 0.099 0.046 0.056 0.089 0.087 0.095 0.09 0.071;0.032 0.05 0.057 0.046 0.087 0.044 0.051 0.079 0.054 0.056 0.095 0.099 0.09 0.089 0.071;
0.032 0.061 0.046 0.051 0.097 0.052 0.046 0.07 0.045 0.052 0.071 0.087 0.106 0.096 0.088;0.032 0.061 0.052 0.046 0.07 0.046 0.051 0.097 0.045 0.052 0.071 0.087 0.096 0.106 0.088;0.032 0.052 0.046 0.045 0.087 0.061 0.046 0.07 0.051 0.052 0.096 0.097 0.106 0.071 0.088;
0.025 0.047 0.062 0.067 0.089 0.047 0.037 0.082 0.039 0.072 0.076 0.078 0.088 0.095 0.096;0.025 0.047 0.047 0.037 0.082 0.062 0.067 0.089 0.039 0.072 0.076 0.078 0.095 0.088 0.096;0.025 0.047 0.062 0.039 0.078 0.047 0.037 0.082 0.067 0.072 0.095 0.089 0.088 0.076 0.096;
0.031 0.045 0.063 0.065 0.102 0.045 0.043 0.08 0.05 0.063 0.088 0.072 0.087 0.085 0.081;0.031 0.045 0.045 0.043 0.08 0.063 0.065 0.102 0.05 0.063 0.088 0.072 0.085 0.087 0.081;0.031 0.045 0.063 0.05 0.072 0.045 0.043 0.08 0.065 0.063 0.085 0.102 0.087 0.088 0.081;
0.032 0.039 0.062 0.058 0.102 0.066 0.036 0.076 0.043 0.054 0.073 0.09 0.086 0.098 0.085;0.032 0.039 0.066 0.036 0.076 0.062 0.058 0.102 0.043 0.054 0.073 0.09 0.098 0.086 0.085;0.032 0.066 0.062 0.043 0.09 0.039 0.036 0.076 0.058 0.054 0.098 0.102 0.086 0.073 0.085;
0.024 0.054 0.051 0.057 0.101 0.06 0.05 0.08 0.045 0.061 0.067 0.072 0.093 0.103 0.082;0.024 0.054 0.06 0.05 0.08 0.051 0.057 0.101 0.045 0.061 0.067 0.072 0.103 0.093 0.082;0.024 0.06 0.051 0.045 0.072 0.054 0.05 0.08 0.057 0.061 0.103 0.101 0.093 0.067 0.082;
0.026 0.042 0.05 0.056 0.11 0.054 0.048 0.071 0.047 0.062 0.075 0.087 0.112 0.094 0.066;0.026 0.042 0.054 0.048 0.071 0.05 0.056 0.11 0.047 0.062 0.075 0.087 0.094 0.112 0.066;0.026 0.054 0.05 0.047 0.087 0.042 0.048 0.071 0.056 0.062 0.094 0.11 0.112 0.075 0.066];