pntP=[0.069 0.103 0.061 0.098 0.093 0.084 0.028 0.054 0.033 0.063 0.054 0.06 0.043 0.102 0.055;0.069 0.103 0.084 0.028 0.054 0.061 0.098 0.093 0.033 0.063 0.054 0.06 0.102 0.043 0.055;0.069 0.084 0.061 0.033 0.06 0.103 0.028 0.054 0.098 0.063 0.102 0.093 0.043 0.054 0.055;
0.069 0.083 0.062 0.096 0.098 0.085 0.036 0.076 0.032 0.052 0.058 0.069 0.05 0.086 0.048;0.069 0.083 0.085 0.036 0.076 0.062 0.096 0.098 0.032 0.052 0.058 0.069 0.086 0.05 0.048;0.069 0.085 0.062 0.032 0.069 0.083 0.036 0.076 0.096 0.052 0.086 0.098 0.05 0.058 0.048;
0.082 0.08 0.047 0.104 0.094 0.091 0.027 0.069 0.023 0.072 0.055 0.065 0.046 0.103 0.042;0.082 0.08 0.091 0.027 0.069 0.047 0.104 0.094 0.023 0.072 0.055 0.065 0.103 0.046 0.042;0.082 0.091 0.047 0.023 0.065 0.08 0.027 0.069 0.104 0.072 0.103 0.094 0.046 0.055 0.042;
0.069 0.088 0.051 0.099 0.089 0.089 0.039 0.06 0.032 0.067 0.056 0.066 0.052 0.086 0.057;0.069 0.088 0.089 0.039 0.06 0.051 0.099 0.089 0.032 0.067 0.056 0.066 0.086 0.052 0.057;0.069 0.089 0.051 0.032 0.066 0.088 0.039 0.06 0.099 0.067 0.086 0.089 0.052 0.056 0.057;
0.071 0.084 0.07 0.08 0.093 0.07 0.038 0.071 0.034 0.059 0.062 0.071 0.05 0.093 0.054;0.071 0.084 0.07 0.038 0.071 0.07 0.08 0.093 0.034 0.059 0.062 0.071 0.093 0.05 0.054;0.071 0.07 0.07 0.034 0.071 0.084 0.038 0.071 0.08 0.059 0.093 0.093 0.05 0.062 0.054;
0.075 0.079 0.055 0.096 0.106 0.089 0.042 0.065 0.031 0.059 0.061 0.055 0.051 0.086 0.05;0.075 0.079 0.089 0.042 0.065 0.055 0.096 0.106 0.031 0.059 0.061 0.055 0.086 0.051 0.05;0.075 0.089 0.055 0.031 0.055 0.079 0.042 0.065 0.096 0.059 0.086 0.106 0.051 0.061 0.05;
0.074 0.086 0.062 0.096 0.094 0.085 0.031 0.074 0.032 0.057 0.066 0.06 0.053 0.092 0.038;0.074 0.086 0.085 0.031 0.074 0.062 0.096 0.094 0.032 0.057 0.066 0.06 0.092 0.053 0.038;0.074 0.085 0.062 0.032 0.06 0.086 0.031 0.074 0.096 0.057 0.092 0.094 0.053 0.066 0.038;
0.082 0.082 0.058 0.081 0.097 0.095 0.042 0.067 0.027 0.049 0.05 0.058 0.051 0.108 0.053;0.082 0.082 0.095 0.042 0.067 0.058 0.081 0.097 0.027 0.049 0.05 0.058 0.108 0.051 0.053;0.082 0.095 0.058 0.027 0.058 0.082 0.042 0.067 0.081 0.049 0.108 0.097 0.051 0.05 0.053;
0.07 0.074 0.067 0.074 0.088 0.089 0.048 0.072 0.042 0.058 0.071 0.062 0.05 0.088 0.047;0.07 0.074 0.089 0.048 0.072 0.067 0.074 0.088 0.042 0.058 0.071 0.062 0.088 0.05 0.047;0.07 0.089 0.067 0.042 0.062 0.074 0.048 0.072 0.074 0.058 0.088 0.088 0.05 0.071 0.047;
0.088 0.077 0.052 0.082 0.091 0.078 0.034 0.077 0.035 0.049 0.068 0.057 0.065 0.097 0.05;0.088 0.077 0.078 0.034 0.077 0.052 0.082 0.091 0.035 0.049 0.068 0.057 0.097 0.065 0.05;0.088 0.078 0.052 0.035 0.057 0.077 0.034 0.077 0.082 0.049 0.097 0.091 0.065 0.068 0.05;
0.081 0.083 0.064 0.099 0.093 0.085 0.024 0.06 0.032 0.056 0.06 0.052 0.063 0.094 0.054;0.081 0.083 0.085 0.024 0.06 0.064 0.099 0.093 0.032 0.056 0.06 0.052 0.094 0.063 0.054;0.081 0.085 0.064 0.032 0.052 0.083 0.024 0.06 0.099 0.056 0.094 0.093 0.063 0.06 0.054;
0.08 0.081 0.051 0.086 0.111 0.09 0.026 0.084 0.033 0.061 0.049 0.045 0.053 0.102 0.048;0.08 0.081 0.09 0.026 0.084 0.051 0.086 0.111 0.033 0.061 0.049 0.045 0.102 0.053 0.048;0.08 0.09 0.051 0.033 0.045 0.081 0.026 0.084 0.086 0.061 0.102 0.111 0.053 0.049 0.048;
0.057 0.08 0.054 0.088 0.099 0.099 0.038 0.068 0.032 0.065 0.063 0.06 0.046 0.09 0.061;0.057 0.08 0.099 0.038 0.068 0.054 0.088 0.099 0.032 0.065 0.063 0.06 0.09 0.046 0.061;0.057 0.099 0.054 0.032 0.06 0.08 0.038 0.068 0.088 0.065 0.09 0.099 0.046 0.063 0.061;
0.067 0.069 0.073 0.103 0.094 0.09 0.04 0.073 0.03 0.058 0.041 0.061 0.055 0.096 0.05;0.067 0.069 0.09 0.04 0.073 0.073 0.103 0.094 0.03 0.058 0.041 0.061 0.096 0.055 0.05;0.067 0.09 0.073 0.03 0.061 0.069 0.04 0.073 0.103 0.058 0.096 0.094 0.055 0.041 0.05;
0.087 0.088 0.057 0.087 0.105 0.073 0.03 0.067 0.025 0.046 0.057 0.06 0.042 0.118 0.058;0.087 0.088 0.073 0.03 0.067 0.057 0.087 0.105 0.025 0.046 0.057 0.06 0.118 0.042 0.058;0.087 0.073 0.057 0.025 0.06 0.088 0.03 0.067 0.087 0.046 0.118 0.105 0.042 0.057 0.058;
0.069 0.077 0.072 0.101 0.089 0.083 0.029 0.072 0.022 0.065 0.055 0.074 0.043 0.086 0.063;0.069 0.077 0.083 0.029 0.072 0.072 0.101 0.089 0.022 0.065 0.055 0.074 0.086 0.043 0.063;0.069 0.083 0.072 0.022 0.074 0.077 0.029 0.072 0.101 0.065 0.086 0.089 0.043 0.055 0.063;
0.068 0.079 0.057 0.095 0.095 0.075 0.05 0.076 0.029 0.065 0.061 0.055 0.047 0.091 0.057;0.068 0.079 0.075 0.05 0.076 0.057 0.095 0.095 0.029 0.065 0.061 0.055 0.091 0.047 0.057;0.068 0.075 0.057 0.029 0.055 0.079 0.05 0.076 0.095 0.065 0.091 0.095 0.047 0.061 0.057;
0.072 0.092 0.069 0.092 0.089 0.085 0.031 0.073 0.028 0.074 0.061 0.043 0.042 0.107 0.042;0.072 0.092 0.085 0.031 0.073 0.069 0.092 0.089 0.028 0.074 0.061 0.043 0.107 0.042 0.042;0.072 0.085 0.069 0.028 0.043 0.092 0.031 0.073 0.092 0.074 0.107 0.089 0.042 0.061 0.042;
0.069 0.093 0.061 0.093 0.104 0.085 0.039 0.072 0.044 0.062 0.05 0.061 0.047 0.079 0.041;0.069 0.093 0.085 0.039 0.072 0.061 0.093 0.104 0.044 0.062 0.05 0.061 0.079 0.047 0.041;0.069 0.085 0.061 0.044 0.061 0.093 0.039 0.072 0.093 0.062 0.079 0.104 0.047 0.05 0.041;
0.077 0.066 0.06 0.101 0.099 0.087 0.042 0.058 0.031 0.065 0.054 0.052 0.053 0.115 0.04;0.077 0.066 0.087 0.042 0.058 0.06 0.101 0.099 0.031 0.065 0.054 0.052 0.115 0.053 0.04;0.077 0.087 0.06 0.031 0.052 0.066 0.042 0.058 0.101 0.065 0.115 0.099 0.053 0.054 0.04;
0.074 0.089 0.066 0.088 0.107 0.07 0.051 0.077 0.031 0.056 0.043 0.055 0.049 0.098 0.046;0.074 0.089 0.07 0.051 0.077 0.066 0.088 0.107 0.031 0.056 0.043 0.055 0.098 0.049 0.046;0.074 0.07 0.066 0.031 0.055 0.089 0.051 0.077 0.088 0.056 0.098 0.107 0.049 0.043 0.046;
0.075 0.082 0.054 0.086 0.096 0.073 0.028 0.079 0.031 0.07 0.062 0.05 0.062 0.108 0.044;0.075 0.082 0.073 0.028 0.079 0.054 0.086 0.096 0.031 0.07 0.062 0.05 0.108 0.062 0.044;0.075 0.073 0.054 0.031 0.05 0.082 0.028 0.079 0.086 0.07 0.108 0.096 0.062 0.062 0.044;
0.078 0.069 0.054 0.091 0.09 0.073 0.034 0.083 0.033 0.066 0.071 0.052 0.071 0.09 0.045;0.078 0.069 0.073 0.034 0.083 0.054 0.091 0.09 0.033 0.066 0.071 0.052 0.09 0.071 0.045;0.078 0.073 0.054 0.033 0.052 0.069 0.034 0.083 0.091 0.066 0.09 0.09 0.071 0.071 0.045;
0.062 0.096 0.056 0.097 0.102 0.071 0.03 0.067 0.029 0.059 0.062 0.053 0.062 0.096 0.058;0.062 0.096 0.071 0.03 0.067 0.056 0.097 0.102 0.029 0.059 0.062 0.053 0.096 0.062 0.058;0.062 0.071 0.056 0.029 0.053 0.096 0.03 0.067 0.097 0.059 0.096 0.102 0.062 0.062 0.058;
0.063 0.079 0.071 0.104 0.09 0.069 0.036 0.071 0.029 0.072 0.043 0.051 0.054 0.114 0.054;0.063 0.079 0.069 0.036 0.071 0.071 0.104 0.09 0.029 0.072 0.043 0.051 0.114 0.054 0.054;0.063 0.069 0.071 0.029 0.051 0.079 0.036 0.071 0.104 0.072 0.114 0.09 0.054 0.043 0.054;
0.063 0.081 0.066 0.094 0.109 0.075 0.033 0.074 0.038 0.062 0.058 0.062 0.05 0.081 0.054;0.063 0.081 0.075 0.033 0.074 0.066 0.094 0.109 0.038 0.062 0.058 0.062 0.081 0.05 0.054;0.063 0.075 0.066 0.038 0.062 0.081 0.033 0.074 0.094 0.062 0.081 0.109 0.05 0.058 0.054;
0.073 0.061 0.062 0.103 0.118 0.077 0.033 0.074 0.033 0.065 0.06 0.043 0.051 0.107 0.04;0.073 0.061 0.077 0.033 0.074 0.062 0.103 0.118 0.033 0.065 0.06 0.043 0.107 0.051 0.04;0.073 0.077 0.062 0.033 0.043 0.061 0.033 0.074 0.103 0.065 0.107 0.118 0.051 0.06 0.04;
0.071 0.081 0.056 0.086 0.103 0.084 0.036 0.064 0.035 0.071 0.054 0.058 0.054 0.09 0.057;0.071 0.081 0.084 0.036 0.064 0.056 0.086 0.103 0.035 0.071 0.054 0.058 0.09 0.054 0.057;0.071 0.084 0.056 0.035 0.058 0.081 0.036 0.064 0.086 0.071 0.09 0.103 0.054 0.054 0.057;
0.066 0.082 0.063 0.078 0.096 0.094 0.024 0.056 0.03 0.068 0.052 0.052 0.066 0.113 0.06;0.066 0.082 0.094 0.024 0.056 0.063 0.078 0.096 0.03 0.068 0.052 0.052 0.113 0.066 0.06;0.066 0.094 0.063 0.03 0.052 0.082 0.024 0.056 0.078 0.068 0.113 0.096 0.066 0.052 0.06;
0.062 0.092 0.08 0.08 0.088 0.088 0.033 0.076 0.033 0.057 0.061 0.057 0.052 0.083 0.058;0.062 0.092 0.088 0.033 0.076 0.08 0.08 0.088 0.033 0.057 0.061 0.057 0.083 0.052 0.058;0.062 0.088 0.08 0.033 0.057 0.092 0.033 0.076 0.08 0.057 0.083 0.088 0.052 0.061 0.058;
0.076 0.086 0.06 0.097 0.089 0.065 0.049 0.071 0.033 0.056 0.048 0.057 0.056 0.103 0.054;0.076 0.086 0.065 0.049 0.071 0.06 0.097 0.089 0.033 0.056 0.048 0.057 0.103 0.056 0.054;0.076 0.065 0.06 0.033 0.057 0.086 0.049 0.071 0.097 0.056 0.103 0.089 0.056 0.048 0.054;
0.089 0.078 0.059 0.08 0.099 0.073 0.028 0.08 0.038 0.062 0.043 0.044 0.067 0.104 0.056;0.089 0.078 0.073 0.028 0.08 0.059 0.08 0.099 0.038 0.062 0.043 0.044 0.104 0.067 0.056;0.089 0.073 0.059 0.038 0.044 0.078 0.028 0.08 0.08 0.062 0.104 0.099 0.067 0.043 0.056;
0.082 0.075 0.059 0.087 0.097 0.091 0.036 0.066 0.038 0.046 0.044 0.058 0.062 0.109 0.05;0.082 0.075 0.091 0.036 0.066 0.059 0.087 0.097 0.038 0.046 0.044 0.058 0.109 0.062 0.05;0.082 0.091 0.059 0.038 0.058 0.075 0.036 0.066 0.087 0.046 0.109 0.097 0.062 0.044 0.05;
0.068 0.084 0.062 0.092 0.106 0.088 0.05 0.068 0.019 0.056 0.056 0.054 0.046 0.109 0.042;0.068 0.084 0.088 0.05 0.068 0.062 0.092 0.106 0.019 0.056 0.056 0.054 0.109 0.046 0.042;0.068 0.088 0.062 0.019 0.054 0.084 0.05 0.068 0.092 0.056 0.109 0.106 0.046 0.056 0.042;
0.07 0.088 0.072 0.092 0.094 0.084 0.039 0.08 0.028 0.057 0.062 0.068 0.041 0.079 0.046;0.07 0.088 0.084 0.039 0.08 0.072 0.092 0.094 0.028 0.057 0.062 0.068 0.079 0.041 0.046;0.07 0.084 0.072 0.028 0.068 0.088 0.039 0.08 0.092 0.057 0.079 0.094 0.041 0.062 0.046;
0.067 0.1 0.069 0.096 0.085 0.086 0.041 0.068 0.027 0.06 0.056 0.052 0.055 0.093 0.045;0.067 0.1 0.086 0.041 0.068 0.069 0.096 0.085 0.027 0.06 0.056 0.052 0.093 0.055 0.045;0.067 0.086 0.069 0.027 0.052 0.1 0.041 0.068 0.096 0.06 0.093 0.085 0.055 0.056 0.045;
0.082 0.074 0.062 0.109 0.088 0.064 0.044 0.078 0.027 0.066 0.065 0.061 0.057 0.077 0.046;0.082 0.074 0.064 0.044 0.078 0.062 0.109 0.088 0.027 0.066 0.065 0.061 0.077 0.057 0.046;0.082 0.064 0.062 0.027 0.061 0.074 0.044 0.078 0.109 0.066 0.077 0.088 0.057 0.065 0.046;
0.063 0.069 0.063 0.086 0.098 0.09 0.037 0.07 0.032 0.059 0.059 0.069 0.056 0.098 0.051;0.063 0.069 0.09 0.037 0.07 0.063 0.086 0.098 0.032 0.059 0.059 0.069 0.098 0.056 0.051;0.063 0.09 0.063 0.032 0.069 0.069 0.037 0.07 0.086 0.059 0.098 0.098 0.056 0.059 0.051;
0.067 0.095 0.068 0.089 0.086 0.086 0.039 0.067 0.035 0.059 0.053 0.057 0.056 0.096 0.047;0.067 0.095 0.086 0.039 0.067 0.068 0.089 0.086 0.035 0.059 0.053 0.057 0.096 0.056 0.047;0.067 0.086 0.068 0.035 0.057 0.095 0.039 0.067 0.089 0.059 0.096 0.086 0.056 0.053 0.047;
0.066 0.072 0.069 0.096 0.1 0.102 0.03 0.078 0.038 0.058 0.059 0.039 0.048 0.099 0.046;0.066 0.072 0.102 0.03 0.078 0.069 0.096 0.1 0.038 0.058 0.059 0.039 0.099 0.048 0.046;0.066 0.102 0.069 0.038 0.039 0.072 0.03 0.078 0.096 0.058 0.099 0.1 0.048 0.059 0.046;
0.08 0.081 0.059 0.111 0.1 0.085 0.042 0.065 0.023 0.052 0.059 0.046 0.062 0.086 0.049;0.08 0.081 0.085 0.042 0.065 0.059 0.111 0.1 0.023 0.052 0.059 0.046 0.086 0.062 0.049;0.08 0.085 0.059 0.023 0.046 0.081 0.042 0.065 0.111 0.052 0.086 0.1 0.062 0.059 0.049;
0.07 0.072 0.063 0.096 0.104 0.082 0.034 0.053 0.036 0.061 0.063 0.05 0.063 0.104 0.049;0.07 0.072 0.082 0.034 0.053 0.063 0.096 0.104 0.036 0.061 0.063 0.05 0.104 0.063 0.049;0.07 0.082 0.063 0.036 0.05 0.072 0.034 0.053 0.096 0.061 0.104 0.104 0.063 0.063 0.049;
0.085 0.07 0.056 0.105 0.103 0.081 0.03 0.077 0.03 0.055 0.049 0.055 0.054 0.097 0.053;0.085 0.07 0.081 0.03 0.077 0.056 0.105 0.103 0.03 0.055 0.049 0.055 0.097 0.054 0.053;0.085 0.081 0.056 0.03 0.055 0.07 0.03 0.077 0.105 0.055 0.097 0.103 0.054 0.049 0.053;
0.061 0.078 0.076 0.089 0.094 0.074 0.04 0.068 0.024 0.06 0.071 0.06 0.045 0.113 0.047;0.061 0.078 0.074 0.04 0.068 0.076 0.089 0.094 0.024 0.06 0.071 0.06 0.113 0.045 0.047;0.061 0.074 0.076 0.024 0.06 0.078 0.04 0.068 0.089 0.06 0.113 0.094 0.045 0.071 0.047;
0.076 0.071 0.069 0.069 0.1 0.073 0.038 0.066 0.033 0.059 0.058 0.065 0.054 0.124 0.045;0.076 0.071 0.073 0.038 0.066 0.069 0.069 0.1 0.033 0.059 0.058 0.065 0.124 0.054 0.045;0.076 0.073 0.069 0.033 0.065 0.071 0.038 0.066 0.069 0.059 0.124 0.1 0.054 0.058 0.045;
0.079 0.077 0.066 0.085 0.094 0.072 0.032 0.064 0.029 0.059 0.059 0.055 0.05 0.126 0.053;0.079 0.077 0.072 0.032 0.064 0.066 0.085 0.094 0.029 0.059 0.059 0.055 0.126 0.05 0.053;0.079 0.072 0.066 0.029 0.055 0.077 0.032 0.064 0.085 0.059 0.126 0.094 0.05 0.059 0.053;
0.069 0.079 0.068 0.084 0.098 0.093 0.034 0.059 0.032 0.064 0.049 0.06 0.054 0.104 0.053;0.069 0.079 0.093 0.034 0.059 0.068 0.084 0.098 0.032 0.064 0.049 0.06 0.104 0.054 0.053;0.069 0.093 0.068 0.032 0.06 0.079 0.034 0.059 0.084 0.064 0.104 0.098 0.054 0.049 0.053;
0.065 0.078 0.06 0.073 0.092 0.078 0.042 0.077 0.036 0.063 0.051 0.063 0.052 0.118 0.052;0.065 0.078 0.078 0.042 0.077 0.06 0.073 0.092 0.036 0.063 0.051 0.063 0.118 0.052 0.052;0.065 0.078 0.06 0.036 0.063 0.078 0.042 0.077 0.073 0.063 0.118 0.092 0.052 0.051 0.052;
0.075 0.094 0.045 0.097 0.082 0.078 0.037 0.062 0.029 0.058 0.074 0.072 0.046 0.106 0.045;0.075 0.094 0.078 0.037 0.062 0.045 0.097 0.082 0.029 0.058 0.074 0.072 0.106 0.046 0.045;0.075 0.078 0.045 0.029 0.072 0.094 0.037 0.062 0.097 0.058 0.106 0.082 0.046 0.074 0.045;
0.071 0.084 0.047 0.095 0.083 0.088 0.043 0.084 0.032 0.058 0.042 0.06 0.051 0.109 0.053;0.071 0.084 0.088 0.043 0.084 0.047 0.095 0.083 0.032 0.058 0.042 0.06 0.109 0.051 0.053;0.071 0.088 0.047 0.032 0.06 0.084 0.043 0.084 0.095 0.058 0.109 0.083 0.051 0.042 0.053;
0.067 0.084 0.074 0.096 0.083 0.097 0.03 0.066 0.028 0.054 0.073 0.069 0.047 0.086 0.046;0.067 0.084 0.097 0.03 0.066 0.074 0.096 0.083 0.028 0.054 0.073 0.069 0.086 0.047 0.046;0.067 0.097 0.074 0.028 0.069 0.084 0.03 0.066 0.096 0.054 0.086 0.083 0.047 0.073 0.046;
0.071 0.069 0.072 0.103 0.094 0.08 0.037 0.079 0.032 0.077 0.05 0.051 0.04 0.104 0.041;0.071 0.069 0.08 0.037 0.079 0.072 0.103 0.094 0.032 0.077 0.05 0.051 0.104 0.04 0.041;0.071 0.08 0.072 0.032 0.051 0.069 0.037 0.079 0.103 0.077 0.104 0.094 0.04 0.05 0.041;
0.081 0.071 0.066 0.101 0.107 0.084 0.035 0.064 0.035 0.055 0.056 0.061 0.049 0.087 0.048;0.081 0.071 0.084 0.035 0.064 0.066 0.101 0.107 0.035 0.055 0.056 0.061 0.087 0.049 0.048;0.081 0.084 0.066 0.035 0.061 0.071 0.035 0.064 0.101 0.055 0.087 0.107 0.049 0.056 0.048;
0.055 0.075 0.06 0.082 0.11 0.09 0.043 0.064 0.038 0.062 0.05 0.056 0.068 0.099 0.048;0.055 0.075 0.09 0.043 0.064 0.06 0.082 0.11 0.038 0.062 0.05 0.056 0.099 0.068 0.048;0.055 0.09 0.06 0.038 0.056 0.075 0.043 0.064 0.082 0.062 0.099 0.11 0.068 0.05 0.048;
0.078 0.07 0.065 0.105 0.094 0.097 0.025 0.067 0.031 0.05 0.072 0.053 0.05 0.098 0.045;0.078 0.07 0.097 0.025 0.067 0.065 0.105 0.094 0.031 0.05 0.072 0.053 0.098 0.05 0.045;0.078 0.097 0.065 0.031 0.053 0.07 0.025 0.067 0.105 0.05 0.098 0.094 0.05 0.072 0.045;
0.075 0.089 0.084 0.097 0.097 0.062 0.042 0.084 0.031 0.055 0.04 0.047 0.05 0.098 0.049;0.075 0.089 0.062 0.042 0.084 0.084 0.097 0.097 0.031 0.055 0.04 0.047 0.098 0.05 0.049;0.075 0.062 0.084 0.031 0.047 0.089 0.042 0.084 0.097 0.055 0.098 0.097 0.05 0.04 0.049;
0.078 0.085 0.056 0.089 0.087 0.095 0.018 0.082 0.026 0.076 0.057 0.065 0.059 0.083 0.044;0.078 0.085 0.095 0.018 0.082 0.056 0.089 0.087 0.026 0.076 0.057 0.065 0.083 0.059 0.044;0.078 0.095 0.056 0.026 0.065 0.085 0.018 0.082 0.089 0.076 0.083 0.087 0.059 0.057 0.044;
0.064 0.08 0.071 0.089 0.115 0.068 0.032 0.087 0.03 0.06 0.053 0.055 0.053 0.091 0.052;0.064 0.08 0.068 0.032 0.087 0.071 0.089 0.115 0.03 0.06 0.053 0.055 0.091 0.053 0.052;0.064 0.068 0.071 0.03 0.055 0.08 0.032 0.087 0.089 0.06 0.091 0.115 0.053 0.053 0.052;
0.072 0.085 0.063 0.093 0.088 0.075 0.036 0.076 0.027 0.073 0.053 0.051 0.061 0.097 0.05;0.072 0.085 0.075 0.036 0.076 0.063 0.093 0.088 0.027 0.073 0.053 0.051 0.097 0.061 0.05;0.072 0.075 0.063 0.027 0.051 0.085 0.036 0.076 0.093 0.073 0.097 0.088 0.061 0.053 0.05;
0.084 0.076 0.063 0.101 0.092 0.084 0.037 0.079 0.029 0.057 0.063 0.056 0.059 0.081 0.039;0.084 0.076 0.084 0.037 0.079 0.063 0.101 0.092 0.029 0.057 0.063 0.056 0.081 0.059 0.039;0.084 0.084 0.063 0.029 0.056 0.076 0.037 0.079 0.101 0.057 0.081 0.092 0.059 0.063 0.039;
0.068 0.086 0.059 0.1 0.1 0.064 0.032 0.073 0.021 0.06 0.066 0.058 0.058 0.096 0.059;0.068 0.086 0.064 0.032 0.073 0.059 0.1 0.1 0.021 0.06 0.066 0.058 0.096 0.058 0.059;0.068 0.064 0.059 0.021 0.058 0.086 0.032 0.073 0.1 0.06 0.096 0.1 0.058 0.066 0.059;
0.063 0.086 0.06 0.096 0.096 0.088 0.037 0.068 0.041 0.065 0.057 0.048 0.062 0.088 0.045;0.063 0.086 0.088 0.037 0.068 0.06 0.096 0.096 0.041 0.065 0.057 0.048 0.088 0.062 0.045;0.063 0.088 0.06 0.041 0.048 0.086 0.037 0.068 0.096 0.065 0.088 0.096 0.062 0.057 0.045;
0.079 0.083 0.071 0.092 0.114 0.069 0.04 0.079 0.03 0.068 0.043 0.051 0.043 0.089 0.049;0.079 0.083 0.069 0.04 0.079 0.071 0.092 0.114 0.03 0.068 0.043 0.051 0.089 0.043 0.049;0.079 0.069 0.071 0.03 0.051 0.083 0.04 0.079 0.092 0.068 0.089 0.114 0.043 0.043 0.049;
0.063 0.081 0.071 0.098 0.09 0.076 0.033 0.074 0.045 0.045 0.057 0.06 0.06 0.101 0.046;0.063 0.081 0.076 0.033 0.074 0.071 0.098 0.09 0.045 0.045 0.057 0.06 0.101 0.06 0.046;0.063 0.076 0.071 0.045 0.06 0.081 0.033 0.074 0.098 0.045 0.101 0.09 0.06 0.057 0.046;
0.094 0.082 0.063 0.103 0.103 0.072 0.033 0.065 0.031 0.059 0.046 0.053 0.05 0.098 0.048;0.094 0.082 0.072 0.033 0.065 0.063 0.103 0.103 0.031 0.059 0.046 0.053 0.098 0.05 0.048;0.094 0.072 0.063 0.031 0.053 0.082 0.033 0.065 0.103 0.059 0.098 0.103 0.05 0.046 0.048;
0.062 0.092 0.058 0.107 0.11 0.098 0.035 0.068 0.032 0.054 0.061 0.043 0.049 0.092 0.039;0.062 0.092 0.098 0.035 0.068 0.058 0.107 0.11 0.032 0.054 0.061 0.043 0.092 0.049 0.039;0.062 0.098 0.058 0.032 0.043 0.092 0.035 0.068 0.107 0.054 0.092 0.11 0.049 0.061 0.039;
0.069 0.081 0.057 0.1 0.098 0.08 0.031 0.072 0.032 0.077 0.054 0.054 0.054 0.088 0.053;0.069 0.081 0.08 0.031 0.072 0.057 0.1 0.098 0.032 0.077 0.054 0.054 0.088 0.054 0.053;0.069 0.08 0.057 0.032 0.054 0.081 0.031 0.072 0.1 0.077 0.088 0.098 0.054 0.054 0.053;
0.067 0.092 0.072 0.087 0.097 0.082 0.032 0.065 0.036 0.06 0.046 0.067 0.052 0.094 0.051;0.067 0.092 0.082 0.032 0.065 0.072 0.087 0.097 0.036 0.06 0.046 0.067 0.094 0.052 0.051;0.067 0.082 0.072 0.036 0.067 0.092 0.032 0.065 0.087 0.06 0.094 0.097 0.052 0.046 0.051;
0.073 0.084 0.045 0.095 0.081 0.098 0.046 0.071 0.034 0.061 0.067 0.06 0.054 0.085 0.046;0.073 0.084 0.098 0.046 0.071 0.045 0.095 0.081 0.034 0.061 0.067 0.06 0.085 0.054 0.046;0.073 0.098 0.045 0.034 0.06 0.084 0.046 0.071 0.095 0.061 0.085 0.081 0.054 0.067 0.046;
0.07 0.071 0.056 0.099 0.101 0.073 0.032 0.074 0.035 0.06 0.069 0.055 0.065 0.093 0.047;0.07 0.071 0.073 0.032 0.074 0.056 0.099 0.101 0.035 0.06 0.069 0.055 0.093 0.065 0.047;0.07 0.073 0.056 0.035 0.055 0.071 0.032 0.074 0.099 0.06 0.093 0.101 0.065 0.069 0.047;
0.077 0.072 0.059 0.093 0.101 0.08 0.045 0.077 0.046 0.053 0.052 0.047 0.061 0.096 0.041;0.077 0.072 0.08 0.045 0.077 0.059 0.093 0.101 0.046 0.053 0.052 0.047 0.096 0.061 0.041;0.077 0.08 0.059 0.046 0.047 0.072 0.045 0.077 0.093 0.053 0.096 0.101 0.061 0.052 0.041;
0.059 0.094 0.059 0.11 0.086 0.074 0.038 0.085 0.031 0.077 0.064 0.061 0.045 0.069 0.048;0.059 0.094 0.074 0.038 0.085 0.059 0.11 0.086 0.031 0.077 0.064 0.061 0.069 0.045 0.048;0.059 0.074 0.059 0.031 0.061 0.094 0.038 0.085 0.11 0.077 0.069 0.086 0.045 0.064 0.048;
0.047 0.077 0.066 0.093 0.11 0.097 0.04 0.067 0.026 0.066 0.063 0.056 0.047 0.1 0.045;0.047 0.077 0.097 0.04 0.067 0.066 0.093 0.11 0.026 0.066 0.063 0.056 0.1 0.047 0.045;0.047 0.097 0.066 0.026 0.056 0.077 0.04 0.067 0.093 0.066 0.1 0.11 0.047 0.063 0.045;
0.068 0.094 0.061 0.085 0.094 0.077 0.031 0.083 0.032 0.064 0.065 0.056 0.052 0.084 0.054;0.068 0.094 0.077 0.031 0.083 0.061 0.085 0.094 0.032 0.064 0.065 0.056 0.084 0.052 0.054;0.068 0.077 0.061 0.032 0.056 0.094 0.031 0.083 0.085 0.064 0.084 0.094 0.052 0.065 0.054;
0.082 0.083 0.064 0.08 0.105 0.072 0.031 0.068 0.035 0.074 0.039 0.071 0.054 0.09 0.052;0.082 0.083 0.072 0.031 0.068 0.064 0.08 0.105 0.035 0.074 0.039 0.071 0.09 0.054 0.052;0.082 0.072 0.064 0.035 0.071 0.083 0.031 0.068 0.08 0.074 0.09 0.105 0.054 0.039 0.052;
0.062 0.094 0.057 0.087 0.095 0.08 0.045 0.059 0.041 0.075 0.053 0.052 0.055 0.099 0.046;0.062 0.094 0.08 0.045 0.059 0.057 0.087 0.095 0.041 0.075 0.053 0.052 0.099 0.055 0.046;0.062 0.08 0.057 0.041 0.052 0.094 0.045 0.059 0.087 0.075 0.099 0.095 0.055 0.053 0.046;
0.075 0.085 0.062 0.085 0.087 0.079 0.038 0.085 0.021 0.067 0.059 0.055 0.05 0.093 0.059;0.075 0.085 0.079 0.038 0.085 0.062 0.085 0.087 0.021 0.067 0.059 0.055 0.093 0.05 0.059;0.075 0.079 0.062 0.021 0.055 0.085 0.038 0.085 0.085 0.067 0.093 0.087 0.05 0.059 0.059;
0.072 0.078 0.067 0.084 0.111 0.08 0.033 0.07 0.031 0.06 0.065 0.057 0.044 0.092 0.056;0.072 0.078 0.08 0.033 0.07 0.067 0.084 0.111 0.031 0.06 0.065 0.057 0.092 0.044 0.056;0.072 0.08 0.067 0.031 0.057 0.078 0.033 0.07 0.084 0.06 0.092 0.111 0.044 0.065 0.056;
0.07 0.078 0.054 0.087 0.088 0.08 0.044 0.068 0.031 0.069 0.066 0.051 0.053 0.113 0.048;0.07 0.078 0.08 0.044 0.068 0.054 0.087 0.088 0.031 0.069 0.066 0.051 0.113 0.053 0.048;0.07 0.08 0.054 0.031 0.051 0.078 0.044 0.068 0.087 0.069 0.113 0.088 0.053 0.066 0.048;
0.071 0.074 0.055 0.094 0.087 0.089 0.034 0.073 0.031 0.054 0.057 0.059 0.063 0.099 0.06;0.071 0.074 0.089 0.034 0.073 0.055 0.094 0.087 0.031 0.054 0.057 0.059 0.099 0.063 0.06;0.071 0.089 0.055 0.031 0.059 0.074 0.034 0.073 0.094 0.054 0.099 0.087 0.063 0.057 0.06;
0.063 0.085 0.067 0.108 0.09 0.082 0.041 0.069 0.039 0.055 0.046 0.062 0.056 0.093 0.044;0.063 0.085 0.082 0.041 0.069 0.067 0.108 0.09 0.039 0.055 0.046 0.062 0.093 0.056 0.044;0.063 0.082 0.067 0.039 0.062 0.085 0.041 0.069 0.108 0.055 0.093 0.09 0.056 0.046 0.044;
0.074 0.07 0.043 0.099 0.096 0.084 0.052 0.072 0.035 0.056 0.049 0.057 0.064 0.089 0.06;0.074 0.07 0.084 0.052 0.072 0.043 0.099 0.096 0.035 0.056 0.049 0.057 0.089 0.064 0.06;0.074 0.084 0.043 0.035 0.057 0.07 0.052 0.072 0.099 0.056 0.089 0.096 0.064 0.049 0.06;
0.065 0.091 0.051 0.103 0.111 0.077 0.038 0.074 0.033 0.059 0.059 0.049 0.061 0.075 0.054;0.065 0.091 0.077 0.038 0.074 0.051 0.103 0.111 0.033 0.059 0.059 0.049 0.075 0.061 0.054;0.065 0.077 0.051 0.033 0.049 0.091 0.038 0.074 0.103 0.059 0.075 0.111 0.061 0.059 0.054;
0.082 0.081 0.068 0.115 0.083 0.098 0.028 0.057 0.029 0.057 0.048 0.046 0.058 0.105 0.045;0.082 0.081 0.098 0.028 0.057 0.068 0.115 0.083 0.029 0.057 0.048 0.046 0.105 0.058 0.045;0.082 0.098 0.068 0.029 0.046 0.081 0.028 0.057 0.115 0.057 0.105 0.083 0.058 0.048 0.045;
0.071 0.073 0.062 0.089 0.082 0.088 0.04 0.072 0.032 0.059 0.067 0.068 0.05 0.102 0.045;0.071 0.073 0.088 0.04 0.072 0.062 0.089 0.082 0.032 0.059 0.067 0.068 0.102 0.05 0.045;0.071 0.088 0.062 0.032 0.068 0.073 0.04 0.072 0.089 0.059 0.102 0.082 0.05 0.067 0.045;
0.057 0.076 0.06 0.099 0.082 0.087 0.041 0.083 0.038 0.057 0.059 0.054 0.048 0.101 0.058;0.057 0.076 0.087 0.041 0.083 0.06 0.099 0.082 0.038 0.057 0.059 0.054 0.101 0.048 0.058;0.057 0.087 0.06 0.038 0.054 0.076 0.041 0.083 0.099 0.057 0.101 0.082 0.048 0.059 0.058;
0.067 0.093 0.06 0.111 0.099 0.093 0.033 0.075 0.025 0.05 0.056 0.054 0.04 0.099 0.045;0.067 0.093 0.093 0.033 0.075 0.06 0.111 0.099 0.025 0.05 0.056 0.054 0.099 0.04 0.045;0.067 0.093 0.06 0.025 0.054 0.093 0.033 0.075 0.111 0.05 0.099 0.099 0.04 0.056 0.045;
0.074 0.068 0.069 0.097 0.094 0.098 0.045 0.067 0.028 0.049 0.055 0.062 0.056 0.085 0.053;0.074 0.068 0.098 0.045 0.067 0.069 0.097 0.094 0.028 0.049 0.055 0.062 0.085 0.056 0.053;0.074 0.098 0.069 0.028 0.062 0.068 0.045 0.067 0.097 0.049 0.085 0.094 0.056 0.055 0.053;
0.069 0.091 0.059 0.091 0.089 0.077 0.034 0.083 0.034 0.067 0.061 0.061 0.038 0.101 0.045;0.069 0.091 0.077 0.034 0.083 0.059 0.091 0.089 0.034 0.067 0.061 0.061 0.101 0.038 0.045;0.069 0.077 0.059 0.034 0.061 0.091 0.034 0.083 0.091 0.067 0.101 0.089 0.038 0.061 0.045;
0.089 0.075 0.066 0.089 0.084 0.089 0.035 0.072 0.032 0.057 0.06 0.054 0.046 0.099 0.053;0.089 0.075 0.089 0.035 0.072 0.066 0.089 0.084 0.032 0.057 0.06 0.054 0.099 0.046 0.053;0.089 0.089 0.066 0.032 0.054 0.075 0.035 0.072 0.089 0.057 0.099 0.084 0.046 0.06 0.053;
0.081 0.078 0.051 0.08 0.107 0.081 0.033 0.066 0.03 0.062 0.06 0.05 0.064 0.099 0.058;0.081 0.078 0.081 0.033 0.066 0.051 0.08 0.107 0.03 0.062 0.06 0.05 0.099 0.064 0.058;0.081 0.081 0.051 0.03 0.05 0.078 0.033 0.066 0.08 0.062 0.099 0.107 0.064 0.06 0.058;
0.069 0.082 0.073 0.089 0.096 0.09 0.04 0.078 0.031 0.05 0.063 0.06 0.049 0.081 0.049;0.069 0.082 0.09 0.04 0.078 0.073 0.089 0.096 0.031 0.05 0.063 0.06 0.081 0.049 0.049;0.069 0.09 0.073 0.031 0.06 0.082 0.04 0.078 0.089 0.05 0.081 0.096 0.049 0.063 0.049;
0.073 0.084 0.054 0.084 0.113 0.086 0.033 0.069 0.032 0.054 0.044 0.07 0.046 0.099 0.059;0.073 0.084 0.086 0.033 0.069 0.054 0.084 0.113 0.032 0.054 0.044 0.07 0.099 0.046 0.059;0.073 0.086 0.054 0.032 0.07 0.084 0.033 0.069 0.084 0.054 0.099 0.113 0.046 0.044 0.059;
0.063 0.087 0.067 0.107 0.099 0.092 0.033 0.058 0.037 0.06 0.057 0.049 0.045 0.083 0.063;0.063 0.087 0.092 0.033 0.058 0.067 0.107 0.099 0.037 0.06 0.057 0.049 0.083 0.045 0.063;0.063 0.092 0.067 0.037 0.049 0.087 0.033 0.058 0.107 0.06 0.083 0.099 0.045 0.057 0.063;
0.062 0.093 0.05 0.089 0.099 0.068 0.031 0.075 0.037 0.046 0.069 0.069 0.05 0.106 0.056;0.062 0.093 0.068 0.031 0.075 0.05 0.089 0.099 0.037 0.046 0.069 0.069 0.106 0.05 0.056;0.062 0.068 0.05 0.037 0.069 0.093 0.031 0.075 0.089 0.046 0.106 0.099 0.05 0.069 0.056;
0.06 0.091 0.065 0.085 0.095 0.097 0.038 0.069 0.04 0.069 0.062 0.045 0.05 0.088 0.046;0.06 0.091 0.097 0.038 0.069 0.065 0.085 0.095 0.04 0.069 0.062 0.045 0.088 0.05 0.046;0.06 0.097 0.065 0.04 0.045 0.091 0.038 0.069 0.085 0.069 0.088 0.095 0.05 0.062 0.046;
0.072 0.079 0.065 0.105 0.095 0.077 0.044 0.061 0.032 0.062 0.056 0.049 0.053 0.1 0.05;0.072 0.079 0.077 0.044 0.061 0.065 0.105 0.095 0.032 0.062 0.056 0.049 0.1 0.053 0.05;0.072 0.077 0.065 0.032 0.049 0.079 0.044 0.061 0.105 0.062 0.1 0.095 0.053 0.056 0.05;
0.07 0.092 0.053 0.083 0.1 0.091 0.04 0.061 0.032 0.066 0.062 0.057 0.063 0.091 0.039;0.07 0.092 0.091 0.04 0.061 0.053 0.083 0.1 0.032 0.066 0.062 0.057 0.091 0.063 0.039;0.07 0.091 0.053 0.032 0.057 0.092 0.04 0.061 0.083 0.066 0.091 0.1 0.063 0.062 0.039;
0.069 0.073 0.06 0.111 0.114 0.081 0.043 0.074 0.034 0.064 0.044 0.045 0.056 0.092 0.04;0.069 0.073 0.081 0.043 0.074 0.06 0.111 0.114 0.034 0.064 0.044 0.045 0.092 0.056 0.04;0.069 0.081 0.06 0.034 0.045 0.073 0.043 0.074 0.111 0.064 0.092 0.114 0.056 0.044 0.04;
0.082 0.079 0.067 0.081 0.1 0.068 0.036 0.068 0.034 0.055 0.059 0.059 0.061 0.106 0.045;0.082 0.079 0.068 0.036 0.068 0.067 0.081 0.1 0.034 0.055 0.059 0.059 0.106 0.061 0.045;0.082 0.068 0.067 0.034 0.059 0.079 0.036 0.068 0.081 0.055 0.106 0.1 0.061 0.059 0.045];