pntP=[0.018 0.056 0.054 0.064 0.086 0.057 0.037 0.085 0.043 0.049 0.083 0.085 0.103 0.109 0.071;0.018 0.056 0.057 0.037 0.085 0.054 0.064 0.086 0.043 0.049 0.083 0.085 0.109 0.103 0.071;0.018 0.057 0.054 0.043 0.085 0.056 0.037 0.085 0.064 0.049 0.109 0.086 0.103 0.083 0.071;
0.022 0.057 0.045 0.074 0.086 0.047 0.043 0.087 0.041 0.065 0.078 0.094 0.089 0.094 0.078;0.022 0.057 0.047 0.043 0.087 0.045 0.074 0.086 0.041 0.065 0.078 0.094 0.094 0.089 0.078;0.022 0.047 0.045 0.041 0.094 0.057 0.043 0.087 0.074 0.065 0.094 0.086 0.089 0.078 0.078;
0.032 0.045 0.04 0.062 0.096 0.053 0.045 0.074 0.047 0.05 0.088 0.088 0.07 0.109 0.101;0.032 0.045 0.053 0.045 0.074 0.04 0.062 0.096 0.047 0.05 0.088 0.088 0.109 0.07 0.101;0.032 0.053 0.04 0.047 0.088 0.045 0.045 0.074 0.062 0.05 0.109 0.096 0.07 0.088 0.101;
0.015 0.042 0.064 0.057 0.105 0.053 0.032 0.085 0.047 0.054 0.088 0.087 0.084 0.102 0.085;0.015 0.042 0.053 0.032 0.085 0.064 0.057 0.105 0.047 0.054 0.088 0.087 0.102 0.084 0.085;0.015 0.053 0.064 0.047 0.087 0.042 0.032 0.085 0.057 0.054 0.102 0.105 0.084 0.088 0.085;
0.037 0.049 0.057 0.055 0.092 0.053 0.038 0.074 0.037 0.049 0.077 0.106 0.08 0.115 0.081;0.037 0.049 0.053 0.038 0.074 0.057 0.055 0.092 0.037 0.049 0.077 0.106 0.115 0.08 0.081;0.037 0.053 0.057 0.037 0.106 0.049 0.038 0.074 0.055 0.049 0.115 0.092 0.08 0.077 0.081;
0.015 0.056 0.045 0.065 0.096 0.065 0.043 0.095 0.048 0.066 0.079 0.09 0.079 0.081 0.077;0.015 0.056 0.065 0.043 0.095 0.045 0.065 0.096 0.048 0.066 0.079 0.09 0.081 0.079 0.077;0.015 0.065 0.045 0.048 0.09 0.056 0.043 0.095 0.065 0.066 0.081 0.096 0.079 0.079 0.077;
0.019 0.046 0.046 0.054 0.124 0.06 0.038 0.085 0.045 0.052 0.069 0.099 0.082 0.108 0.073;0.019 0.046 0.06 0.038 0.085 0.046 0.054 0.124 0.045 0.052 0.069 0.099 0.108 0.082 0.073;0.019 0.06 0.046 0.045 0.099 0.046 0.038 0.085 0.054 0.052 0.108 0.124 0.082 0.069 0.073;
0.017 0.056 0.05 0.056 0.1 0.039 0.045 0.071 0.038 0.056 0.101 0.102 0.081 0.103 0.085;0.017 0.056 0.039 0.045 0.071 0.05 0.056 0.1 0.038 0.056 0.101 0.102 0.103 0.081 0.085;0.017 0.039 0.05 0.038 0.102 0.056 0.045 0.071 0.056 0.056 0.103 0.1 0.081 0.101 0.085;
0.016 0.052 0.059 0.052 0.096 0.058 0.04 0.087 0.048 0.046 0.092 0.088 0.079 0.106 0.081;0.016 0.052 0.058 0.04 0.087 0.059 0.052 0.096 0.048 0.046 0.092 0.088 0.106 0.079 0.081;0.016 0.058 0.059 0.048 0.088 0.052 0.04 0.087 0.052 0.046 0.106 0.096 0.079 0.092 0.081;
0.019 0.054 0.048 0.069 0.091 0.058 0.042 0.088 0.034 0.051 0.088 0.095 0.072 0.114 0.077;0.019 0.054 0.058 0.042 0.088 0.048 0.069 0.091 0.034 0.051 0.088 0.095 0.114 0.072 0.077;0.019 0.058 0.048 0.034 0.095 0.054 0.042 0.088 0.069 0.051 0.114 0.091 0.072 0.088 0.077;
0.019 0.052 0.053 0.068 0.084 0.05 0.042 0.086 0.043 0.048 0.085 0.099 0.073 0.109 0.089;0.019 0.052 0.05 0.042 0.086 0.053 0.068 0.084 0.043 0.048 0.085 0.099 0.109 0.073 0.089;0.019 0.05 0.053 0.043 0.099 0.052 0.042 0.086 0.068 0.048 0.109 0.084 0.073 0.085 0.089;
0.027 0.04 0.058 0.071 0.105 0.04 0.046 0.08 0.053 0.057 0.084 0.075 0.074 0.102 0.088;0.027 0.04 0.04 0.046 0.08 0.058 0.071 0.105 0.053 0.057 0.084 0.075 0.102 0.074 0.088;0.027 0.04 0.058 0.053 0.075 0.04 0.046 0.08 0.071 0.057 0.102 0.105 0.074 0.084 0.088;
0.019 0.053 0.056 0.05 0.098 0.059 0.047 0.09 0.05 0.049 0.091 0.088 0.085 0.088 0.077;0.019 0.053 0.059 0.047 0.09 0.056 0.05 0.098 0.05 0.049 0.091 0.088 0.088 0.085 0.077;0.019 0.059 0.056 0.05 0.088 0.053 0.047 0.09 0.05 0.049 0.088 0.098 0.085 0.091 0.077;
0.033 0.04 0.053 0.046 0.097 0.054 0.047 0.086 0.041 0.042 0.092 0.086 0.087 0.105 0.091;0.033 0.04 0.054 0.047 0.086 0.053 0.046 0.097 0.041 0.042 0.092 0.086 0.105 0.087 0.091;0.033 0.054 0.053 0.041 0.086 0.04 0.047 0.086 0.046 0.042 0.105 0.097 0.087 0.092 0.091;
0.027 0.053 0.046 0.08 0.096 0.049 0.036 0.08 0.041 0.055 0.071 0.086 0.095 0.104 0.081;0.027 0.053 0.049 0.036 0.08 0.046 0.08 0.096 0.041 0.055 0.071 0.086 0.104 0.095 0.081;0.027 0.049 0.046 0.041 0.086 0.053 0.036 0.08 0.08 0.055 0.104 0.096 0.095 0.071 0.081;
0.021 0.06 0.052 0.058 0.094 0.05 0.05 0.074 0.04 0.055 0.107 0.09 0.082 0.095 0.072;0.021 0.06 0.05 0.05 0.074 0.052 0.058 0.094 0.04 0.055 0.107 0.09 0.095 0.082 0.072;0.021 0.05 0.052 0.04 0.09 0.06 0.05 0.074 0.058 0.055 0.095 0.094 0.082 0.107 0.072;
0.023 0.062 0.061 0.069 0.092 0.05 0.052 0.084 0.033 0.058 0.074 0.078 0.086 0.098 0.08;0.023 0.062 0.05 0.052 0.084 0.061 0.069 0.092 0.033 0.058 0.074 0.078 0.098 0.086 0.08;0.023 0.05 0.061 0.033 0.078 0.062 0.052 0.084 0.069 0.058 0.098 0.092 0.086 0.074 0.08;
0.028 0.06 0.059 0.051 0.082 0.054 0.029 0.075 0.049 0.046 0.102 0.104 0.082 0.098 0.081;0.028 0.06 0.054 0.029 0.075 0.059 0.051 0.082 0.049 0.046 0.102 0.104 0.098 0.082 0.081;0.028 0.054 0.059 0.049 0.104 0.06 0.029 0.075 0.051 0.046 0.098 0.082 0.082 0.102 0.081;
0.024 0.055 0.043 0.059 0.094 0.062 0.05 0.089 0.049 0.048 0.096 0.087 0.071 0.09 0.083;0.024 0.055 0.062 0.05 0.089 0.043 0.059 0.094 0.049 0.048 0.096 0.087 0.09 0.071 0.083;0.024 0.062 0.043 0.049 0.087 0.055 0.05 0.089 0.059 0.048 0.09 0.094 0.071 0.096 0.083;
0.029 0.059 0.059 0.062 0.105 0.054 0.044 0.081 0.038 0.048 0.086 0.088 0.082 0.086 0.079;0.029 0.059 0.054 0.044 0.081 0.059 0.062 0.105 0.038 0.048 0.086 0.088 0.086 0.082 0.079;0.029 0.054 0.059 0.038 0.088 0.059 0.044 0.081 0.062 0.048 0.086 0.105 0.082 0.086 0.079;
0.02 0.046 0.054 0.055 0.092 0.049 0.046 0.087 0.046 0.053 0.092 0.09 0.097 0.093 0.08;0.02 0.046 0.049 0.046 0.087 0.054 0.055 0.092 0.046 0.053 0.092 0.09 0.093 0.097 0.08;0.02 0.049 0.054 0.046 0.09 0.046 0.046 0.087 0.055 0.053 0.093 0.092 0.097 0.092 0.08;
0.022 0.063 0.055 0.055 0.105 0.057 0.03 0.094 0.043 0.055 0.082 0.065 0.078 0.12 0.076;0.022 0.063 0.057 0.03 0.094 0.055 0.055 0.105 0.043 0.055 0.082 0.065 0.12 0.078 0.076;0.022 0.057 0.055 0.043 0.065 0.063 0.03 0.094 0.055 0.055 0.12 0.105 0.078 0.082 0.076;
0.018 0.049 0.04 0.053 0.117 0.042 0.042 0.103 0.063 0.05 0.09 0.082 0.093 0.08 0.078;0.018 0.049 0.042 0.042 0.103 0.04 0.053 0.117 0.063 0.05 0.09 0.082 0.08 0.093 0.078;0.018 0.042 0.04 0.063 0.082 0.049 0.042 0.103 0.053 0.05 0.08 0.117 0.093 0.09 0.078;
0.032 0.043 0.065 0.046 0.082 0.044 0.041 0.085 0.033 0.064 0.075 0.102 0.098 0.104 0.086;0.032 0.043 0.044 0.041 0.085 0.065 0.046 0.082 0.033 0.064 0.075 0.102 0.104 0.098 0.086;0.032 0.044 0.065 0.033 0.102 0.043 0.041 0.085 0.046 0.064 0.104 0.082 0.098 0.075 0.086;
0.022 0.054 0.048 0.056 0.087 0.053 0.04 0.096 0.039 0.058 0.087 0.093 0.083 0.08 0.104;0.022 0.054 0.053 0.04 0.096 0.048 0.056 0.087 0.039 0.058 0.087 0.093 0.08 0.083 0.104;0.022 0.053 0.048 0.039 0.093 0.054 0.04 0.096 0.056 0.058 0.08 0.087 0.083 0.087 0.104;
0.018 0.05 0.048 0.064 0.1 0.05 0.034 0.08 0.046 0.044 0.096 0.091 0.089 0.109 0.081;0.018 0.05 0.05 0.034 0.08 0.048 0.064 0.1 0.046 0.044 0.096 0.091 0.109 0.089 0.081;0.018 0.05 0.048 0.046 0.091 0.05 0.034 0.08 0.064 0.044 0.109 0.1 0.089 0.096 0.081;
0.029 0.041 0.063 0.062 0.109 0.039 0.048 0.088 0.048 0.052 0.075 0.088 0.083 0.097 0.078;0.029 0.041 0.039 0.048 0.088 0.063 0.062 0.109 0.048 0.052 0.075 0.088 0.097 0.083 0.078;0.029 0.039 0.063 0.048 0.088 0.041 0.048 0.088 0.062 0.052 0.097 0.109 0.083 0.075 0.078;
0.031 0.051 0.057 0.065 0.074 0.045 0.039 0.072 0.048 0.057 0.086 0.092 0.081 0.124 0.078;0.031 0.051 0.045 0.039 0.072 0.057 0.065 0.074 0.048 0.057 0.086 0.092 0.124 0.081 0.078;0.031 0.045 0.057 0.048 0.092 0.051 0.039 0.072 0.065 0.057 0.124 0.074 0.081 0.086 0.078;
0.02 0.051 0.058 0.064 0.099 0.051 0.041 0.068 0.037 0.045 0.078 0.097 0.1 0.101 0.09;0.02 0.051 0.051 0.041 0.068 0.058 0.064 0.099 0.037 0.045 0.078 0.097 0.101 0.1 0.09;0.02 0.051 0.058 0.037 0.097 0.051 0.041 0.068 0.064 0.045 0.101 0.099 0.1 0.078 0.09;
0.023 0.054 0.053 0.059 0.095 0.063 0.037 0.079 0.043 0.042 0.08 0.088 0.09 0.105 0.089;0.023 0.054 0.063 0.037 0.079 0.053 0.059 0.095 0.043 0.042 0.08 0.088 0.105 0.09 0.089;0.023 0.063 0.053 0.043 0.088 0.054 0.037 0.079 0.059 0.042 0.105 0.095 0.09 0.08 0.089;
0.027 0.056 0.055 0.066 0.093 0.05 0.034 0.072 0.046 0.06 0.089 0.081 0.098 0.101 0.072;0.027 0.056 0.05 0.034 0.072 0.055 0.066 0.093 0.046 0.06 0.089 0.081 0.101 0.098 0.072;0.027 0.05 0.055 0.046 0.081 0.056 0.034 0.072 0.066 0.06 0.101 0.093 0.098 0.089 0.072;
0.023 0.043 0.058 0.062 0.084 0.052 0.05 0.073 0.04 0.046 0.106 0.083 0.076 0.133 0.071;0.023 0.043 0.052 0.05 0.073 0.058 0.062 0.084 0.04 0.046 0.106 0.083 0.133 0.076 0.071;0.023 0.052 0.058 0.04 0.083 0.043 0.05 0.073 0.062 0.046 0.133 0.084 0.076 0.106 0.071;
0.024 0.054 0.052 0.066 0.092 0.066 0.045 0.086 0.048 0.05 0.084 0.087 0.091 0.088 0.067;0.024 0.054 0.066 0.045 0.086 0.052 0.066 0.092 0.048 0.05 0.084 0.087 0.088 0.091 0.067;0.024 0.066 0.052 0.048 0.087 0.054 0.045 0.086 0.066 0.05 0.088 0.092 0.091 0.084 0.067;
0.023 0.06 0.053 0.066 0.089 0.056 0.041 0.073 0.046 0.058 0.083 0.085 0.073 0.109 0.085;0.023 0.06 0.056 0.041 0.073 0.053 0.066 0.089 0.046 0.058 0.083 0.085 0.109 0.073 0.085;0.023 0.056 0.053 0.046 0.085 0.06 0.041 0.073 0.066 0.058 0.109 0.089 0.073 0.083 0.085;
0.026 0.061 0.04 0.05 0.104 0.053 0.035 0.094 0.046 0.054 0.087 0.087 0.087 0.092 0.084;0.026 0.061 0.053 0.035 0.094 0.04 0.05 0.104 0.046 0.054 0.087 0.087 0.092 0.087 0.084;0.026 0.053 0.04 0.046 0.087 0.061 0.035 0.094 0.05 0.054 0.092 0.104 0.087 0.087 0.084;
0.017 0.062 0.054 0.069 0.096 0.059 0.036 0.082 0.037 0.051 0.082 0.099 0.096 0.094 0.066;0.017 0.062 0.059 0.036 0.082 0.054 0.069 0.096 0.037 0.051 0.082 0.099 0.094 0.096 0.066;0.017 0.059 0.054 0.037 0.099 0.062 0.036 0.082 0.069 0.051 0.094 0.096 0.096 0.082 0.066;
0.02 0.055 0.047 0.063 0.103 0.041 0.043 0.086 0.036 0.058 0.087 0.103 0.078 0.106 0.074;0.02 0.055 0.041 0.043 0.086 0.047 0.063 0.103 0.036 0.058 0.087 0.103 0.106 0.078 0.074;0.02 0.041 0.047 0.036 0.103 0.055 0.043 0.086 0.063 0.058 0.106 0.103 0.078 0.087 0.074;
0.025 0.048 0.062 0.062 0.097 0.068 0.044 0.088 0.044 0.059 0.079 0.069 0.075 0.103 0.077;0.025 0.048 0.068 0.044 0.088 0.062 0.062 0.097 0.044 0.059 0.079 0.069 0.103 0.075 0.077;0.025 0.068 0.062 0.044 0.069 0.048 0.044 0.088 0.062 0.059 0.103 0.097 0.075 0.079 0.077;
0.02 0.061 0.058 0.046 0.095 0.057 0.034 0.084 0.047 0.045 0.088 0.076 0.103 0.12 0.066;0.02 0.061 0.057 0.034 0.084 0.058 0.046 0.095 0.047 0.045 0.088 0.076 0.12 0.103 0.066;0.02 0.057 0.058 0.047 0.076 0.061 0.034 0.084 0.046 0.045 0.12 0.095 0.103 0.088 0.066;
0.022 0.054 0.055 0.042 0.111 0.058 0.039 0.094 0.034 0.055 0.097 0.074 0.085 0.091 0.089;0.022 0.054 0.058 0.039 0.094 0.055 0.042 0.111 0.034 0.055 0.097 0.074 0.091 0.085 0.089;0.022 0.058 0.055 0.034 0.074 0.054 0.039 0.094 0.042 0.055 0.091 0.111 0.085 0.097 0.089;
0.023 0.061 0.054 0.067 0.099 0.05 0.043 0.075 0.036 0.05 0.067 0.079 0.104 0.105 0.087;0.023 0.061 0.05 0.043 0.075 0.054 0.067 0.099 0.036 0.05 0.067 0.079 0.105 0.104 0.087;0.023 0.05 0.054 0.036 0.079 0.061 0.043 0.075 0.067 0.05 0.105 0.099 0.104 0.067 0.087;
0.025 0.067 0.062 0.062 0.103 0.055 0.053 0.076 0.05 0.043 0.073 0.086 0.078 0.092 0.075;0.025 0.067 0.055 0.053 0.076 0.062 0.062 0.103 0.05 0.043 0.073 0.086 0.092 0.078 0.075;0.025 0.055 0.062 0.05 0.086 0.067 0.053 0.076 0.062 0.043 0.092 0.103 0.078 0.073 0.075;
0.027 0.053 0.051 0.063 0.102 0.047 0.033 0.088 0.047 0.063 0.084 0.077 0.092 0.091 0.082;0.027 0.053 0.047 0.033 0.088 0.051 0.063 0.102 0.047 0.063 0.084 0.077 0.091 0.092 0.082;0.027 0.047 0.051 0.047 0.077 0.053 0.033 0.088 0.063 0.063 0.091 0.102 0.092 0.084 0.082;
0.018 0.044 0.056 0.068 0.094 0.054 0.038 0.086 0.044 0.052 0.086 0.087 0.087 0.106 0.08;0.018 0.044 0.054 0.038 0.086 0.056 0.068 0.094 0.044 0.052 0.086 0.087 0.106 0.087 0.08;0.018 0.054 0.056 0.044 0.087 0.044 0.038 0.086 0.068 0.052 0.106 0.094 0.087 0.086 0.08;
0.039 0.057 0.045 0.057 0.095 0.057 0.04 0.076 0.048 0.05 0.083 0.084 0.073 0.102 0.094;0.039 0.057 0.057 0.04 0.076 0.045 0.057 0.095 0.048 0.05 0.083 0.084 0.102 0.073 0.094;0.039 0.057 0.045 0.048 0.084 0.057 0.04 0.076 0.057 0.05 0.102 0.095 0.073 0.083 0.094;
0.02 0.068 0.054 0.061 0.089 0.052 0.038 0.094 0.034 0.056 0.091 0.088 0.08 0.085 0.09;0.02 0.068 0.052 0.038 0.094 0.054 0.061 0.089 0.034 0.056 0.091 0.088 0.085 0.08 0.09;0.02 0.052 0.054 0.034 0.088 0.068 0.038 0.094 0.061 0.056 0.085 0.089 0.08 0.091 0.09;
0.027 0.043 0.056 0.076 0.101 0.052 0.048 0.079 0.048 0.058 0.081 0.078 0.079 0.089 0.085;0.027 0.043 0.052 0.048 0.079 0.056 0.076 0.101 0.048 0.058 0.081 0.078 0.089 0.079 0.085;0.027 0.052 0.056 0.048 0.078 0.043 0.048 0.079 0.076 0.058 0.089 0.101 0.079 0.081 0.085;
0.034 0.048 0.051 0.063 0.1 0.05 0.046 0.076 0.038 0.058 0.081 0.085 0.085 0.096 0.089;0.034 0.048 0.05 0.046 0.076 0.051 0.063 0.1 0.038 0.058 0.081 0.085 0.096 0.085 0.089;0.034 0.05 0.051 0.038 0.085 0.048 0.046 0.076 0.063 0.058 0.096 0.1 0.085 0.081 0.089;
0.027 0.056 0.058 0.05 0.101 0.064 0.039 0.088 0.043 0.054 0.068 0.077 0.079 0.121 0.075;0.027 0.056 0.064 0.039 0.088 0.058 0.05 0.101 0.043 0.054 0.068 0.077 0.121 0.079 0.075;0.027 0.064 0.058 0.043 0.077 0.056 0.039 0.088 0.05 0.054 0.121 0.101 0.079 0.068 0.075;
0.03 0.053 0.06 0.055 0.094 0.051 0.047 0.072 0.047 0.058 0.083 0.094 0.081 0.093 0.082;0.03 0.053 0.051 0.047 0.072 0.06 0.055 0.094 0.047 0.058 0.083 0.094 0.093 0.081 0.082;0.03 0.051 0.06 0.047 0.094 0.053 0.047 0.072 0.055 0.058 0.093 0.094 0.081 0.083 0.082;
0.023 0.052 0.054 0.05 0.091 0.052 0.053 0.076 0.047 0.056 0.082 0.085 0.085 0.107 0.087;0.023 0.052 0.052 0.053 0.076 0.054 0.05 0.091 0.047 0.056 0.082 0.085 0.107 0.085 0.087;0.023 0.052 0.054 0.047 0.085 0.052 0.053 0.076 0.05 0.056 0.107 0.091 0.085 0.082 0.087;
0.025 0.048 0.055 0.066 0.089 0.047 0.05 0.081 0.049 0.061 0.071 0.07 0.096 0.108 0.084;0.025 0.048 0.047 0.05 0.081 0.055 0.066 0.089 0.049 0.061 0.071 0.07 0.108 0.096 0.084;0.025 0.047 0.055 0.049 0.07 0.048 0.05 0.081 0.066 0.061 0.108 0.089 0.096 0.071 0.084;
0.019 0.061 0.05 0.055 0.088 0.048 0.033 0.089 0.043 0.054 0.083 0.09 0.085 0.101 0.101;0.019 0.061 0.048 0.033 0.089 0.05 0.055 0.088 0.043 0.054 0.083 0.09 0.101 0.085 0.101;0.019 0.048 0.05 0.043 0.09 0.061 0.033 0.089 0.055 0.054 0.101 0.088 0.085 0.083 0.101;
0.019 0.057 0.057 0.062 0.089 0.054 0.038 0.078 0.048 0.052 0.09 0.083 0.084 0.107 0.082;0.019 0.057 0.054 0.038 0.078 0.057 0.062 0.089 0.048 0.052 0.09 0.083 0.107 0.084 0.082;0.019 0.054 0.057 0.048 0.083 0.057 0.038 0.078 0.062 0.052 0.107 0.089 0.084 0.09 0.082;
0.023 0.063 0.044 0.059 0.103 0.048 0.048 0.073 0.043 0.059 0.101 0.072 0.088 0.095 0.081;0.023 0.063 0.048 0.048 0.073 0.044 0.059 0.103 0.043 0.059 0.101 0.072 0.095 0.088 0.081;0.023 0.048 0.044 0.043 0.072 0.063 0.048 0.073 0.059 0.059 0.095 0.103 0.088 0.101 0.081;
0.028 0.049 0.056 0.065 0.107 0.051 0.038 0.103 0.043 0.051 0.1 0.072 0.088 0.077 0.072;0.028 0.049 0.051 0.038 0.103 0.056 0.065 0.107 0.043 0.051 0.1 0.072 0.077 0.088 0.072;0.028 0.051 0.056 0.043 0.072 0.049 0.038 0.103 0.065 0.051 0.077 0.107 0.088 0.1 0.072;
0.024 0.067 0.065 0.062 0.107 0.055 0.038 0.091 0.036 0.047 0.077 0.08 0.079 0.09 0.082;0.024 0.067 0.055 0.038 0.091 0.065 0.062 0.107 0.036 0.047 0.077 0.08 0.09 0.079 0.082;0.024 0.055 0.065 0.036 0.08 0.067 0.038 0.091 0.062 0.047 0.09 0.107 0.079 0.077 0.082;
0.029 0.052 0.047 0.051 0.097 0.049 0.032 0.073 0.045 0.068 0.09 0.081 0.097 0.093 0.096;0.029 0.052 0.049 0.032 0.073 0.047 0.051 0.097 0.045 0.068 0.09 0.081 0.093 0.097 0.096;0.029 0.049 0.047 0.045 0.081 0.052 0.032 0.073 0.051 0.068 0.093 0.097 0.097 0.09 0.096;
0.022 0.053 0.058 0.057 0.098 0.046 0.037 0.089 0.043 0.057 0.087 0.08 0.086 0.098 0.089;0.022 0.053 0.046 0.037 0.089 0.058 0.057 0.098 0.043 0.057 0.087 0.08 0.098 0.086 0.089;0.022 0.046 0.058 0.043 0.08 0.053 0.037 0.089 0.057 0.057 0.098 0.098 0.086 0.087 0.089;
0.021 0.062 0.052 0.058 0.099 0.063 0.039 0.102 0.049 0.039 0.083 0.086 0.08 0.084 0.083;0.021 0.062 0.063 0.039 0.102 0.052 0.058 0.099 0.049 0.039 0.083 0.086 0.084 0.08 0.083;0.021 0.063 0.052 0.049 0.086 0.062 0.039 0.102 0.058 0.039 0.084 0.099 0.08 0.083 0.083;
0.019 0.042 0.052 0.064 0.096 0.048 0.045 0.107 0.047 0.057 0.078 0.077 0.084 0.109 0.075;0.019 0.042 0.048 0.045 0.107 0.052 0.064 0.096 0.047 0.057 0.078 0.077 0.109 0.084 0.075;0.019 0.048 0.052 0.047 0.077 0.042 0.045 0.107 0.064 0.057 0.109 0.096 0.084 0.078 0.075;
0.025 0.048 0.05 0.058 0.112 0.054 0.04 0.092 0.05 0.068 0.078 0.082 0.063 0.09 0.09;0.025 0.048 0.054 0.04 0.092 0.05 0.058 0.112 0.05 0.068 0.078 0.082 0.09 0.063 0.09;0.025 0.054 0.05 0.05 0.082 0.048 0.04 0.092 0.058 0.068 0.09 0.112 0.063 0.078 0.09;
0.024 0.051 0.053 0.063 0.101 0.046 0.039 0.095 0.047 0.062 0.065 0.083 0.088 0.097 0.086;0.024 0.051 0.046 0.039 0.095 0.053 0.063 0.101 0.047 0.062 0.065 0.083 0.097 0.088 0.086;0.024 0.046 0.053 0.047 0.083 0.051 0.039 0.095 0.063 0.062 0.097 0.101 0.088 0.065 0.086;
0.025 0.045 0.057 0.057 0.097 0.055 0.04 0.078 0.043 0.061 0.091 0.079 0.093 0.102 0.077;0.025 0.045 0.055 0.04 0.078 0.057 0.057 0.097 0.043 0.061 0.091 0.079 0.102 0.093 0.077;0.025 0.055 0.057 0.043 0.079 0.045 0.04 0.078 0.057 0.061 0.102 0.097 0.093 0.091 0.077;
0.032 0.06 0.052 0.06 0.114 0.06 0.042 0.069 0.042 0.047 0.075 0.089 0.075 0.106 0.077;0.032 0.06 0.06 0.042 0.069 0.052 0.06 0.114 0.042 0.047 0.075 0.089 0.106 0.075 0.077;0.032 0.06 0.052 0.042 0.089 0.06 0.042 0.069 0.06 0.047 0.106 0.114 0.075 0.075 0.077;
0.021 0.056 0.051 0.064 0.103 0.062 0.032 0.093 0.043 0.06 0.086 0.078 0.077 0.099 0.075;0.021 0.056 0.062 0.032 0.093 0.051 0.064 0.103 0.043 0.06 0.086 0.078 0.099 0.077 0.075;0.021 0.062 0.051 0.043 0.078 0.056 0.032 0.093 0.064 0.06 0.099 0.103 0.077 0.086 0.075;
0.028 0.048 0.056 0.053 0.081 0.054 0.052 0.088 0.041 0.054 0.091 0.098 0.088 0.1 0.068;0.028 0.048 0.054 0.052 0.088 0.056 0.053 0.081 0.041 0.054 0.091 0.098 0.1 0.088 0.068;0.028 0.054 0.056 0.041 0.098 0.048 0.052 0.088 0.053 0.054 0.1 0.081 0.088 0.091 0.068;
0.025 0.062 0.06 0.062 0.077 0.05 0.039 0.089 0.032 0.05 0.082 0.073 0.101 0.112 0.086;0.025 0.062 0.05 0.039 0.089 0.06 0.062 0.077 0.032 0.05 0.082 0.073 0.112 0.101 0.086;0.025 0.05 0.06 0.032 0.073 0.062 0.039 0.089 0.062 0.05 0.112 0.077 0.101 0.082 0.086;
0.028 0.05 0.048 0.057 0.085 0.052 0.049 0.077 0.047 0.061 0.086 0.082 0.086 0.097 0.095;0.028 0.05 0.052 0.049 0.077 0.048 0.057 0.085 0.047 0.061 0.086 0.082 0.097 0.086 0.095;0.028 0.052 0.048 0.047 0.082 0.05 0.049 0.077 0.057 0.061 0.097 0.085 0.086 0.086 0.095;
0.019 0.061 0.058 0.063 0.098 0.035 0.047 0.085 0.045 0.064 0.06 0.095 0.1 0.095 0.075;0.019 0.061 0.035 0.047 0.085 0.058 0.063 0.098 0.045 0.064 0.06 0.095 0.095 0.1 0.075;0.019 0.035 0.058 0.045 0.095 0.061 0.047 0.085 0.063 0.064 0.095 0.098 0.1 0.06 0.075;
0.03 0.048 0.042 0.052 0.095 0.053 0.038 0.092 0.049 0.051 0.086 0.1 0.079 0.101 0.084;0.03 0.048 0.053 0.038 0.092 0.042 0.052 0.095 0.049 0.051 0.086 0.1 0.101 0.079 0.084;0.03 0.053 0.042 0.049 0.1 0.048 0.038 0.092 0.052 0.051 0.101 0.095 0.079 0.086 0.084;
0.029 0.056 0.044 0.057 0.092 0.055 0.05 0.096 0.043 0.053 0.089 0.07 0.095 0.077 0.094;0.029 0.056 0.055 0.05 0.096 0.044 0.057 0.092 0.043 0.053 0.089 0.07 0.077 0.095 0.094;0.029 0.055 0.044 0.043 0.07 0.056 0.05 0.096 0.057 0.053 0.077 0.092 0.095 0.089 0.094;
0.028 0.061 0.055 0.072 0.112 0.06 0.037 0.08 0.037 0.051 0.073 0.078 0.073 0.096 0.087;0.028 0.061 0.06 0.037 0.08 0.055 0.072 0.112 0.037 0.051 0.073 0.078 0.096 0.073 0.087;0.028 0.06 0.055 0.037 0.078 0.061 0.037 0.08 0.072 0.051 0.096 0.112 0.073 0.073 0.087;
0.02 0.047 0.062 0.07 0.096 0.057 0.043 0.08 0.043 0.052 0.084 0.082 0.081 0.107 0.076;0.02 0.047 0.057 0.043 0.08 0.062 0.07 0.096 0.043 0.052 0.084 0.082 0.107 0.081 0.076;0.02 0.057 0.062 0.043 0.082 0.047 0.043 0.08 0.07 0.052 0.107 0.096 0.081 0.084 0.076;
0.026 0.052 0.048 0.069 0.101 0.059 0.031 0.089 0.047 0.06 0.083 0.076 0.076 0.098 0.085;0.026 0.052 0.059 0.031 0.089 0.048 0.069 0.101 0.047 0.06 0.083 0.076 0.098 0.076 0.085;0.026 0.059 0.048 0.047 0.076 0.052 0.031 0.089 0.069 0.06 0.098 0.101 0.076 0.083 0.085;
0.021 0.049 0.049 0.06 0.105 0.037 0.037 0.082 0.045 0.067 0.089 0.065 0.094 0.121 0.079;0.021 0.049 0.037 0.037 0.082 0.049 0.06 0.105 0.045 0.067 0.089 0.065 0.121 0.094 0.079;0.021 0.037 0.049 0.045 0.065 0.049 0.037 0.082 0.06 0.067 0.121 0.105 0.094 0.089 0.079;
0.027 0.058 0.044 0.057 0.09 0.044 0.042 0.094 0.036 0.05 0.09 0.08 0.095 0.111 0.082;0.027 0.058 0.044 0.042 0.094 0.044 0.057 0.09 0.036 0.05 0.09 0.08 0.111 0.095 0.082;0.027 0.044 0.044 0.036 0.08 0.058 0.042 0.094 0.057 0.05 0.111 0.09 0.095 0.09 0.082;
0.018 0.06 0.048 0.062 0.109 0.05 0.038 0.084 0.04 0.06 0.078 0.084 0.08 0.108 0.081;0.018 0.06 0.05 0.038 0.084 0.048 0.062 0.109 0.04 0.06 0.078 0.084 0.108 0.08 0.081;0.018 0.05 0.048 0.04 0.084 0.06 0.038 0.084 0.062 0.06 0.108 0.109 0.08 0.078 0.081;
0.023 0.05 0.05 0.076 0.094 0.046 0.044 0.091 0.054 0.047 0.084 0.071 0.074 0.096 0.1;0.023 0.05 0.046 0.044 0.091 0.05 0.076 0.094 0.054 0.047 0.084 0.071 0.096 0.074 0.1;0.023 0.046 0.05 0.054 0.071 0.05 0.044 0.091 0.076 0.047 0.096 0.094 0.074 0.084 0.1;
0.03 0.058 0.055 0.052 0.097 0.061 0.041 0.087 0.045 0.051 0.079 0.091 0.088 0.097 0.068;0.03 0.058 0.061 0.041 0.087 0.055 0.052 0.097 0.045 0.051 0.079 0.091 0.097 0.088 0.068;0.03 0.061 0.055 0.045 0.091 0.058 0.041 0.087 0.052 0.051 0.097 0.097 0.088 0.079 0.068;
0.033 0.059 0.068 0.066 0.101 0.049 0.051 0.083 0.043 0.045 0.084 0.097 0.068 0.086 0.067;0.033 0.059 0.049 0.051 0.083 0.068 0.066 0.101 0.043 0.045 0.084 0.097 0.086 0.068 0.067;0.033 0.049 0.068 0.043 0.097 0.059 0.051 0.083 0.066 0.045 0.086 0.101 0.068 0.084 0.067;
0.033 0.053 0.061 0.061 0.1 0.054 0.04 0.083 0.039 0.054 0.088 0.069 0.089 0.105 0.071;0.033 0.053 0.054 0.04 0.083 0.061 0.061 0.1 0.039 0.054 0.088 0.069 0.105 0.089 0.071;0.033 0.054 0.061 0.039 0.069 0.053 0.04 0.083 0.061 0.054 0.105 0.1 0.089 0.088 0.071;
0.032 0.06 0.051 0.058 0.109 0.051 0.05 0.077 0.035 0.065 0.094 0.083 0.076 0.093 0.066;0.032 0.06 0.051 0.05 0.077 0.051 0.058 0.109 0.035 0.065 0.094 0.083 0.093 0.076 0.066;0.032 0.051 0.051 0.035 0.083 0.06 0.05 0.077 0.058 0.065 0.093 0.109 0.076 0.094 0.066;
0.017 0.039 0.069 0.063 0.09 0.069 0.041 0.099 0.033 0.053 0.073 0.08 0.083 0.113 0.078;0.017 0.039 0.069 0.041 0.099 0.069 0.063 0.09 0.033 0.053 0.073 0.08 0.113 0.083 0.078;0.017 0.069 0.069 0.033 0.08 0.039 0.041 0.099 0.063 0.053 0.113 0.09 0.083 0.073 0.078;
0.021 0.044 0.056 0.051 0.102 0.055 0.043 0.095 0.042 0.054 0.083 0.085 0.1 0.088 0.081;0.021 0.044 0.055 0.043 0.095 0.056 0.051 0.102 0.042 0.054 0.083 0.085 0.088 0.1 0.081;0.021 0.055 0.056 0.042 0.085 0.044 0.043 0.095 0.051 0.054 0.088 0.102 0.1 0.083 0.081;
0.027 0.047 0.045 0.052 0.1 0.055 0.045 0.08 0.049 0.047 0.098 0.082 0.077 0.101 0.095;0.027 0.047 0.055 0.045 0.08 0.045 0.052 0.1 0.049 0.047 0.098 0.082 0.101 0.077 0.095;0.027 0.055 0.045 0.049 0.082 0.047 0.045 0.08 0.052 0.047 0.101 0.1 0.077 0.098 0.095;
0.028 0.059 0.071 0.044 0.103 0.042 0.039 0.083 0.038 0.052 0.086 0.086 0.07 0.127 0.072;0.028 0.059 0.042 0.039 0.083 0.071 0.044 0.103 0.038 0.052 0.086 0.086 0.127 0.07 0.072;0.028 0.042 0.071 0.038 0.086 0.059 0.039 0.083 0.044 0.052 0.127 0.103 0.07 0.086 0.072;
0.027 0.058 0.061 0.06 0.094 0.05 0.053 0.077 0.046 0.04 0.082 0.076 0.091 0.11 0.075;0.027 0.058 0.05 0.053 0.077 0.061 0.06 0.094 0.046 0.04 0.082 0.076 0.11 0.091 0.075;0.027 0.05 0.061 0.046 0.076 0.058 0.053 0.077 0.06 0.04 0.11 0.094 0.091 0.082 0.075;
0.029 0.055 0.045 0.061 0.106 0.064 0.048 0.075 0.045 0.056 0.085 0.071 0.09 0.105 0.065;0.029 0.055 0.064 0.048 0.075 0.045 0.061 0.106 0.045 0.056 0.085 0.071 0.105 0.09 0.065;0.029 0.064 0.045 0.045 0.071 0.055 0.048 0.075 0.061 0.056 0.105 0.106 0.09 0.085 0.065;
0.028 0.057 0.061 0.064 0.095 0.047 0.048 0.098 0.03 0.054 0.086 0.076 0.085 0.097 0.074;0.028 0.057 0.047 0.048 0.098 0.061 0.064 0.095 0.03 0.054 0.086 0.076 0.097 0.085 0.074;0.028 0.047 0.061 0.03 0.076 0.057 0.048 0.098 0.064 0.054 0.097 0.095 0.085 0.086 0.074;
0.02 0.053 0.054 0.062 0.097 0.063 0.05 0.079 0.045 0.054 0.08 0.084 0.074 0.113 0.072;0.02 0.053 0.063 0.05 0.079 0.054 0.062 0.097 0.045 0.054 0.08 0.084 0.113 0.074 0.072;0.02 0.063 0.054 0.045 0.084 0.053 0.05 0.079 0.062 0.054 0.113 0.097 0.074 0.08 0.072;
0.022 0.048 0.044 0.068 0.109 0.058 0.044 0.074 0.041 0.052 0.082 0.082 0.086 0.107 0.083;0.022 0.048 0.058 0.044 0.074 0.044 0.068 0.109 0.041 0.052 0.082 0.082 0.107 0.086 0.083;0.022 0.058 0.044 0.041 0.082 0.048 0.044 0.074 0.068 0.052 0.107 0.109 0.086 0.082 0.083;
0.034 0.055 0.047 0.048 0.095 0.063 0.043 0.089 0.037 0.041 0.082 0.084 0.084 0.105 0.093;0.034 0.055 0.063 0.043 0.089 0.047 0.048 0.095 0.037 0.041 0.082 0.084 0.105 0.084 0.093;0.034 0.063 0.047 0.037 0.084 0.055 0.043 0.089 0.048 0.041 0.105 0.095 0.084 0.082 0.093;
0.021 0.049 0.056 0.056 0.106 0.063 0.039 0.087 0.042 0.067 0.081 0.078 0.08 0.098 0.077;0.021 0.049 0.063 0.039 0.087 0.056 0.056 0.106 0.042 0.067 0.081 0.078 0.098 0.08 0.077;0.021 0.063 0.056 0.042 0.078 0.049 0.039 0.087 0.056 0.067 0.098 0.106 0.08 0.081 0.077;
0.023 0.058 0.062 0.066 0.106 0.048 0.041 0.084 0.043 0.057 0.089 0.077 0.074 0.097 0.075;0.023 0.058 0.048 0.041 0.084 0.062 0.066 0.106 0.043 0.057 0.089 0.077 0.097 0.074 0.075;0.023 0.048 0.062 0.043 0.077 0.058 0.041 0.084 0.066 0.057 0.097 0.106 0.074 0.089 0.075;
0.02 0.054 0.048 0.072 0.097 0.049 0.039 0.08 0.044 0.059 0.092 0.067 0.091 0.11 0.078;0.02 0.054 0.049 0.039 0.08 0.048 0.072 0.097 0.044 0.059 0.092 0.067 0.11 0.091 0.078;0.02 0.049 0.048 0.044 0.067 0.054 0.039 0.08 0.072 0.059 0.11 0.097 0.091 0.092 0.078;
0.029 0.057 0.056 0.063 0.094 0.057 0.047 0.066 0.039 0.057 0.07 0.102 0.082 0.098 0.083;0.029 0.057 0.057 0.047 0.066 0.056 0.063 0.094 0.039 0.057 0.07 0.102 0.098 0.082 0.083;0.029 0.057 0.056 0.039 0.102 0.057 0.047 0.066 0.063 0.057 0.098 0.094 0.082 0.07 0.083;
0.018 0.046 0.068 0.047 0.097 0.06 0.036 0.085 0.052 0.06 0.081 0.097 0.081 0.093 0.079;0.018 0.046 0.06 0.036 0.085 0.068 0.047 0.097 0.052 0.06 0.081 0.097 0.093 0.081 0.079;0.018 0.06 0.068 0.052 0.097 0.046 0.036 0.085 0.047 0.06 0.093 0.097 0.081 0.081 0.079;
0.02 0.044 0.049 0.065 0.094 0.072 0.031 0.083 0.048 0.036 0.089 0.079 0.104 0.101 0.085;0.02 0.044 0.072 0.031 0.083 0.049 0.065 0.094 0.048 0.036 0.089 0.079 0.101 0.104 0.085;0.02 0.072 0.049 0.048 0.079 0.044 0.031 0.083 0.065 0.036 0.101 0.094 0.104 0.089 0.085;
0.026 0.061 0.06 0.049 0.102 0.057 0.041 0.066 0.041 0.055 0.077 0.079 0.084 0.1 0.102;0.026 0.061 0.057 0.041 0.066 0.06 0.049 0.102 0.041 0.055 0.077 0.079 0.1 0.084 0.102;0.026 0.057 0.06 0.041 0.079 0.061 0.041 0.066 0.049 0.055 0.1 0.102 0.084 0.077 0.102];