pntP=[0.083 0.104 0.046 0.104 0.091 0.093 0.067 0.084 0.022 0.04 0.053 0.057 0.032 0.087 0.037;0.083 0.104 0.093 0.067 0.084 0.046 0.104 0.091 0.022 0.04 0.053 0.057 0.087 0.032 0.037;0.083 0.093 0.046 0.022 0.057 0.104 0.067 0.084 0.104 0.04 0.087 0.091 0.032 0.053 0.037;
0.069 0.103 0.048 0.123 0.095 0.097 0.047 0.077 0.029 0.035 0.048 0.049 0.049 0.098 0.033;0.069 0.103 0.097 0.047 0.077 0.048 0.123 0.095 0.029 0.035 0.048 0.049 0.098 0.049 0.033;0.069 0.097 0.048 0.029 0.049 0.103 0.047 0.077 0.123 0.035 0.098 0.095 0.049 0.048 0.033;
0.058 0.114 0.05 0.094 0.097 0.108 0.047 0.101 0.03 0.049 0.037 0.046 0.037 0.087 0.045;0.058 0.114 0.108 0.047 0.101 0.05 0.094 0.097 0.03 0.049 0.037 0.046 0.087 0.037 0.045;0.058 0.108 0.05 0.03 0.046 0.114 0.047 0.101 0.094 0.049 0.087 0.097 0.037 0.037 0.045;
0.083 0.084 0.052 0.109 0.104 0.09 0.034 0.076 0.021 0.049 0.038 0.066 0.047 0.091 0.056;0.083 0.084 0.09 0.034 0.076 0.052 0.109 0.104 0.021 0.049 0.038 0.066 0.091 0.047 0.056;0.083 0.09 0.052 0.021 0.066 0.084 0.034 0.076 0.109 0.049 0.091 0.104 0.047 0.038 0.056;
0.079 0.092 0.057 0.101 0.091 0.092 0.039 0.083 0.025 0.041 0.054 0.05 0.043 0.096 0.057;0.079 0.092 0.092 0.039 0.083 0.057 0.101 0.091 0.025 0.041 0.054 0.05 0.096 0.043 0.057;0.079 0.092 0.057 0.025 0.05 0.092 0.039 0.083 0.101 0.041 0.096 0.091 0.043 0.054 0.057;
0.061 0.099 0.046 0.106 0.082 0.106 0.061 0.081 0.025 0.052 0.044 0.046 0.054 0.082 0.055;0.061 0.099 0.106 0.061 0.081 0.046 0.106 0.082 0.025 0.052 0.044 0.046 0.082 0.054 0.055;0.061 0.106 0.046 0.025 0.046 0.099 0.061 0.081 0.106 0.052 0.082 0.082 0.054 0.044 0.055;
0.081 0.093 0.036 0.107 0.091 0.106 0.046 0.085 0.024 0.042 0.043 0.049 0.055 0.097 0.045;0.081 0.093 0.106 0.046 0.085 0.036 0.107 0.091 0.024 0.042 0.043 0.049 0.097 0.055 0.045;0.081 0.106 0.036 0.024 0.049 0.093 0.046 0.085 0.107 0.042 0.097 0.091 0.055 0.043 0.045;
0.063 0.09 0.048 0.089 0.1 0.102 0.043 0.099 0.027 0.041 0.069 0.047 0.049 0.083 0.05;0.063 0.09 0.102 0.043 0.099 0.048 0.089 0.1 0.027 0.041 0.069 0.047 0.083 0.049 0.05;0.063 0.102 0.048 0.027 0.047 0.09 0.043 0.099 0.089 0.041 0.083 0.1 0.049 0.069 0.05;
0.07 0.099 0.042 0.111 0.089 0.093 0.054 0.079 0.02 0.057 0.056 0.046 0.055 0.096 0.033;0.07 0.099 0.093 0.054 0.079 0.042 0.111 0.089 0.02 0.057 0.056 0.046 0.096 0.055 0.033;0.07 0.093 0.042 0.02 0.046 0.099 0.054 0.079 0.111 0.057 0.096 0.089 0.055 0.056 0.033;
0.068 0.099 0.05 0.104 0.092 0.096 0.048 0.107 0.023 0.045 0.039 0.056 0.034 0.094 0.045;0.068 0.099 0.096 0.048 0.107 0.05 0.104 0.092 0.023 0.045 0.039 0.056 0.094 0.034 0.045;0.068 0.096 0.05 0.023 0.056 0.099 0.048 0.107 0.104 0.045 0.094 0.092 0.034 0.039 0.045;
0.078 0.104 0.033 0.111 0.094 0.097 0.05 0.086 0.024 0.044 0.038 0.052 0.041 0.105 0.043;0.078 0.104 0.097 0.05 0.086 0.033 0.111 0.094 0.024 0.044 0.038 0.052 0.105 0.041 0.043;0.078 0.097 0.033 0.024 0.052 0.104 0.05 0.086 0.111 0.044 0.105 0.094 0.041 0.038 0.043;
0.065 0.092 0.052 0.107 0.109 0.096 0.037 0.095 0.026 0.051 0.038 0.045 0.047 0.087 0.053;0.065 0.092 0.096 0.037 0.095 0.052 0.107 0.109 0.026 0.051 0.038 0.045 0.087 0.047 0.053;0.065 0.096 0.052 0.026 0.045 0.092 0.037 0.095 0.107 0.051 0.087 0.109 0.047 0.038 0.053;
0.057 0.097 0.051 0.117 0.078 0.088 0.042 0.103 0.024 0.041 0.049 0.041 0.043 0.113 0.056;0.057 0.097 0.088 0.042 0.103 0.051 0.117 0.078 0.024 0.041 0.049 0.041 0.113 0.043 0.056;0.057 0.088 0.051 0.024 0.041 0.097 0.042 0.103 0.117 0.041 0.113 0.078 0.043 0.049 0.056;
0.08 0.09 0.042 0.113 0.099 0.091 0.038 0.095 0.022 0.045 0.049 0.051 0.045 0.099 0.041;0.08 0.09 0.091 0.038 0.095 0.042 0.113 0.099 0.022 0.045 0.049 0.051 0.099 0.045 0.041;0.08 0.091 0.042 0.022 0.051 0.09 0.038 0.095 0.113 0.045 0.099 0.099 0.045 0.049 0.041;
0.072 0.081 0.049 0.114 0.093 0.108 0.039 0.101 0.026 0.047 0.053 0.043 0.047 0.086 0.041;0.072 0.081 0.108 0.039 0.101 0.049 0.114 0.093 0.026 0.047 0.053 0.043 0.086 0.047 0.041;0.072 0.108 0.049 0.026 0.043 0.081 0.039 0.101 0.114 0.047 0.086 0.093 0.047 0.053 0.041;
0.071 0.117 0.059 0.097 0.097 0.088 0.041 0.09 0.018 0.05 0.046 0.033 0.048 0.095 0.05;0.071 0.117 0.088 0.041 0.09 0.059 0.097 0.097 0.018 0.05 0.046 0.033 0.095 0.048 0.05;0.071 0.088 0.059 0.018 0.033 0.117 0.041 0.09 0.097 0.05 0.095 0.097 0.048 0.046 0.05;
0.064 0.106 0.056 0.109 0.079 0.097 0.036 0.092 0.029 0.062 0.051 0.036 0.042 0.101 0.04;0.064 0.106 0.097 0.036 0.092 0.056 0.109 0.079 0.029 0.062 0.051 0.036 0.101 0.042 0.04;0.064 0.097 0.056 0.029 0.036 0.106 0.036 0.092 0.109 0.062 0.101 0.079 0.042 0.051 0.04;
0.073 0.088 0.054 0.092 0.089 0.093 0.05 0.094 0.023 0.057 0.055 0.038 0.047 0.099 0.048;0.073 0.088 0.093 0.05 0.094 0.054 0.092 0.089 0.023 0.057 0.055 0.038 0.099 0.047 0.048;0.073 0.093 0.054 0.023 0.038 0.088 0.05 0.094 0.092 0.057 0.099 0.089 0.047 0.055 0.048;
0.078 0.096 0.058 0.091 0.11 0.096 0.041 0.092 0.027 0.04 0.048 0.036 0.046 0.083 0.058;0.078 0.096 0.096 0.041 0.092 0.058 0.091 0.11 0.027 0.04 0.048 0.036 0.083 0.046 0.058;0.078 0.096 0.058 0.027 0.036 0.096 0.041 0.092 0.091 0.04 0.083 0.11 0.046 0.048 0.058;
0.069 0.094 0.041 0.092 0.1 0.1 0.041 0.091 0.024 0.055 0.053 0.036 0.053 0.105 0.046;0.069 0.094 0.1 0.041 0.091 0.041 0.092 0.1 0.024 0.055 0.053 0.036 0.105 0.053 0.046;0.069 0.1 0.041 0.024 0.036 0.094 0.041 0.091 0.092 0.055 0.105 0.1 0.053 0.053 0.046;
0.073 0.108 0.05 0.089 0.091 0.09 0.045 0.096 0.02 0.044 0.05 0.06 0.039 0.099 0.046;0.073 0.108 0.09 0.045 0.096 0.05 0.089 0.091 0.02 0.044 0.05 0.06 0.099 0.039 0.046;0.073 0.09 0.05 0.02 0.06 0.108 0.045 0.096 0.089 0.044 0.099 0.091 0.039 0.05 0.046;
0.065 0.093 0.055 0.104 0.085 0.094 0.039 0.108 0.026 0.044 0.052 0.048 0.06 0.094 0.033;0.065 0.093 0.094 0.039 0.108 0.055 0.104 0.085 0.026 0.044 0.052 0.048 0.094 0.06 0.033;0.065 0.094 0.055 0.026 0.048 0.093 0.039 0.108 0.104 0.044 0.094 0.085 0.06 0.052 0.033;
0.074 0.1 0.061 0.099 0.085 0.086 0.054 0.08 0.018 0.054 0.04 0.056 0.045 0.093 0.055;0.074 0.1 0.086 0.054 0.08 0.061 0.099 0.085 0.018 0.054 0.04 0.056 0.093 0.045 0.055;0.074 0.086 0.061 0.018 0.056 0.1 0.054 0.08 0.099 0.054 0.093 0.085 0.045 0.04 0.055;
0.074 0.093 0.043 0.1 0.105 0.084 0.053 0.086 0.022 0.051 0.051 0.05 0.048 0.095 0.045;0.074 0.093 0.084 0.053 0.086 0.043 0.1 0.105 0.022 0.051 0.051 0.05 0.095 0.048 0.045;0.074 0.084 0.043 0.022 0.05 0.093 0.053 0.086 0.1 0.051 0.095 0.105 0.048 0.051 0.045;
0.062 0.092 0.06 0.101 0.088 0.095 0.045 0.104 0.021 0.051 0.052 0.066 0.046 0.081 0.036;0.062 0.092 0.095 0.045 0.104 0.06 0.101 0.088 0.021 0.051 0.052 0.066 0.081 0.046 0.036;0.062 0.095 0.06 0.021 0.066 0.092 0.045 0.104 0.101 0.051 0.081 0.088 0.046 0.052 0.036;
0.056 0.088 0.043 0.106 0.092 0.093 0.049 0.101 0.02 0.052 0.047 0.053 0.052 0.108 0.04;0.056 0.088 0.093 0.049 0.101 0.043 0.106 0.092 0.02 0.052 0.047 0.053 0.108 0.052 0.04;0.056 0.093 0.043 0.02 0.053 0.088 0.049 0.101 0.106 0.052 0.108 0.092 0.052 0.047 0.04;
0.078 0.101 0.061 0.104 0.089 0.087 0.035 0.094 0.034 0.051 0.054 0.033 0.047 0.088 0.044;0.078 0.101 0.087 0.035 0.094 0.061 0.104 0.089 0.034 0.051 0.054 0.033 0.088 0.047 0.044;0.078 0.087 0.061 0.034 0.033 0.101 0.035 0.094 0.104 0.051 0.088 0.089 0.047 0.054 0.044;
0.057 0.085 0.037 0.1 0.088 0.103 0.056 0.091 0.024 0.065 0.047 0.049 0.044 0.103 0.051;0.057 0.085 0.103 0.056 0.091 0.037 0.1 0.088 0.024 0.065 0.047 0.049 0.103 0.044 0.051;0.057 0.103 0.037 0.024 0.049 0.085 0.056 0.091 0.1 0.065 0.103 0.088 0.044 0.047 0.051;
0.059 0.095 0.044 0.117 0.102 0.095 0.044 0.088 0.024 0.048 0.05 0.063 0.049 0.074 0.048;0.059 0.095 0.095 0.044 0.088 0.044 0.117 0.102 0.024 0.048 0.05 0.063 0.074 0.049 0.048;0.059 0.095 0.044 0.024 0.063 0.095 0.044 0.088 0.117 0.048 0.074 0.102 0.049 0.05 0.048;
0.077 0.098 0.044 0.105 0.102 0.093 0.059 0.1 0.02 0.035 0.046 0.04 0.042 0.104 0.035;0.077 0.098 0.093 0.059 0.1 0.044 0.105 0.102 0.02 0.035 0.046 0.04 0.104 0.042 0.035;0.077 0.093 0.044 0.02 0.04 0.098 0.059 0.1 0.105 0.035 0.104 0.102 0.042 0.046 0.035;
0.071 0.107 0.061 0.106 0.091 0.101 0.042 0.091 0.032 0.058 0.039 0.04 0.043 0.081 0.037;0.071 0.107 0.101 0.042 0.091 0.061 0.106 0.091 0.032 0.058 0.039 0.04 0.081 0.043 0.037;0.071 0.101 0.061 0.032 0.04 0.107 0.042 0.091 0.106 0.058 0.081 0.091 0.043 0.039 0.037;
0.077 0.098 0.047 0.116 0.103 0.104 0.036 0.097 0.027 0.048 0.036 0.041 0.045 0.091 0.034;0.077 0.098 0.104 0.036 0.097 0.047 0.116 0.103 0.027 0.048 0.036 0.041 0.091 0.045 0.034;0.077 0.104 0.047 0.027 0.041 0.098 0.036 0.097 0.116 0.048 0.091 0.103 0.045 0.036 0.034;
0.074 0.098 0.057 0.092 0.098 0.115 0.04 0.085 0.017 0.059 0.043 0.061 0.041 0.077 0.043;0.074 0.098 0.115 0.04 0.085 0.057 0.092 0.098 0.017 0.059 0.043 0.061 0.077 0.041 0.043;0.074 0.115 0.057 0.017 0.061 0.098 0.04 0.085 0.092 0.059 0.077 0.098 0.041 0.043 0.043;
0.089 0.087 0.048 0.089 0.102 0.103 0.042 0.09 0.02 0.053 0.048 0.051 0.041 0.09 0.047;0.089 0.087 0.103 0.042 0.09 0.048 0.089 0.102 0.02 0.053 0.048 0.051 0.09 0.041 0.047;0.089 0.103 0.048 0.02 0.051 0.087 0.042 0.09 0.089 0.053 0.09 0.102 0.041 0.048 0.047;
0.059 0.095 0.05 0.088 0.098 0.086 0.046 0.097 0.023 0.05 0.044 0.056 0.052 0.116 0.04;0.059 0.095 0.086 0.046 0.097 0.05 0.088 0.098 0.023 0.05 0.044 0.056 0.116 0.052 0.04;0.059 0.086 0.05 0.023 0.056 0.095 0.046 0.097 0.088 0.05 0.116 0.098 0.052 0.044 0.04;
0.07 0.096 0.041 0.094 0.109 0.104 0.049 0.098 0.018 0.038 0.042 0.045 0.055 0.094 0.047;0.07 0.096 0.104 0.049 0.098 0.041 0.094 0.109 0.018 0.038 0.042 0.045 0.094 0.055 0.047;0.07 0.104 0.041 0.018 0.045 0.096 0.049 0.098 0.094 0.038 0.094 0.109 0.055 0.042 0.047;
0.064 0.111 0.053 0.101 0.086 0.091 0.052 0.069 0.022 0.06 0.052 0.046 0.056 0.097 0.04;0.064 0.111 0.091 0.052 0.069 0.053 0.101 0.086 0.022 0.06 0.052 0.046 0.097 0.056 0.04;0.064 0.091 0.053 0.022 0.046 0.111 0.052 0.069 0.101 0.06 0.097 0.086 0.056 0.052 0.04;
0.079 0.096 0.066 0.105 0.075 0.101 0.05 0.085 0.027 0.049 0.037 0.04 0.05 0.098 0.042;0.079 0.096 0.101 0.05 0.085 0.066 0.105 0.075 0.027 0.049 0.037 0.04 0.098 0.05 0.042;0.079 0.101 0.066 0.027 0.04 0.096 0.05 0.085 0.105 0.049 0.098 0.075 0.05 0.037 0.042;
0.072 0.098 0.04 0.119 0.092 0.097 0.034 0.095 0.017 0.049 0.052 0.055 0.049 0.085 0.046;0.072 0.098 0.097 0.034 0.095 0.04 0.119 0.092 0.017 0.049 0.052 0.055 0.085 0.049 0.046;0.072 0.097 0.04 0.017 0.055 0.098 0.034 0.095 0.119 0.049 0.085 0.092 0.049 0.052 0.046;
0.069 0.094 0.038 0.11 0.097 0.096 0.051 0.081 0.026 0.052 0.054 0.049 0.051 0.087 0.045;0.069 0.094 0.096 0.051 0.081 0.038 0.11 0.097 0.026 0.052 0.054 0.049 0.087 0.051 0.045;0.069 0.096 0.038 0.026 0.049 0.094 0.051 0.081 0.11 0.052 0.087 0.097 0.051 0.054 0.045;
0.066 0.08 0.053 0.114 0.084 0.093 0.047 0.088 0.034 0.045 0.052 0.056 0.038 0.103 0.047;0.066 0.08 0.093 0.047 0.088 0.053 0.114 0.084 0.034 0.045 0.052 0.056 0.103 0.038 0.047;0.066 0.093 0.053 0.034 0.056 0.08 0.047 0.088 0.114 0.045 0.103 0.084 0.038 0.052 0.047;
0.075 0.095 0.044 0.087 0.104 0.087 0.042 0.086 0.022 0.06 0.053 0.042 0.052 0.1 0.051;0.075 0.095 0.087 0.042 0.086 0.044 0.087 0.104 0.022 0.06 0.053 0.042 0.1 0.052 0.051;0.075 0.087 0.044 0.022 0.042 0.095 0.042 0.086 0.087 0.06 0.1 0.104 0.052 0.053 0.051;
0.064 0.087 0.047 0.102 0.102 0.108 0.041 0.102 0.02 0.041 0.045 0.04 0.058 0.09 0.053;0.064 0.087 0.108 0.041 0.102 0.047 0.102 0.102 0.02 0.041 0.045 0.04 0.09 0.058 0.053;0.064 0.108 0.047 0.02 0.04 0.087 0.041 0.102 0.102 0.041 0.09 0.102 0.058 0.045 0.053;
0.081 0.099 0.05 0.104 0.084 0.078 0.039 0.095 0.035 0.052 0.048 0.05 0.044 0.101 0.04;0.081 0.099 0.078 0.039 0.095 0.05 0.104 0.084 0.035 0.052 0.048 0.05 0.101 0.044 0.04;0.081 0.078 0.05 0.035 0.05 0.099 0.039 0.095 0.104 0.052 0.101 0.084 0.044 0.048 0.04;
0.07 0.086 0.055 0.114 0.089 0.093 0.061 0.078 0.027 0.044 0.057 0.054 0.052 0.073 0.047;0.07 0.086 0.093 0.061 0.078 0.055 0.114 0.089 0.027 0.044 0.057 0.054 0.073 0.052 0.047;0.07 0.093 0.055 0.027 0.054 0.086 0.061 0.078 0.114 0.044 0.073 0.089 0.052 0.057 0.047;
0.056 0.082 0.047 0.099 0.117 0.111 0.045 0.088 0.02 0.045 0.049 0.049 0.044 0.1 0.048;0.056 0.082 0.111 0.045 0.088 0.047 0.099 0.117 0.02 0.045 0.049 0.049 0.1 0.044 0.048;0.056 0.111 0.047 0.02 0.049 0.082 0.045 0.088 0.099 0.045 0.1 0.117 0.044 0.049 0.048;
0.068 0.098 0.044 0.121 0.094 0.094 0.047 0.073 0.027 0.068 0.046 0.047 0.038 0.098 0.037;0.068 0.098 0.094 0.047 0.073 0.044 0.121 0.094 0.027 0.068 0.046 0.047 0.098 0.038 0.037;0.068 0.094 0.044 0.027 0.047 0.098 0.047 0.073 0.121 0.068 0.098 0.094 0.038 0.046 0.037;
0.055 0.112 0.058 0.101 0.102 0.094 0.043 0.075 0.029 0.051 0.058 0.039 0.047 0.091 0.045;0.055 0.112 0.094 0.043 0.075 0.058 0.101 0.102 0.029 0.051 0.058 0.039 0.091 0.047 0.045;0.055 0.094 0.058 0.029 0.039 0.112 0.043 0.075 0.101 0.051 0.091 0.102 0.047 0.058 0.045;
0.069 0.086 0.046 0.096 0.107 0.107 0.045 0.1 0.024 0.048 0.047 0.048 0.04 0.084 0.053;0.069 0.086 0.107 0.045 0.1 0.046 0.096 0.107 0.024 0.048 0.047 0.048 0.084 0.04 0.053;0.069 0.107 0.046 0.024 0.048 0.086 0.045 0.1 0.096 0.048 0.084 0.107 0.04 0.047 0.053;
0.06 0.098 0.052 0.094 0.093 0.11 0.044 0.105 0.021 0.037 0.047 0.046 0.043 0.105 0.045;0.06 0.098 0.11 0.044 0.105 0.052 0.094 0.093 0.021 0.037 0.047 0.046 0.105 0.043 0.045;0.06 0.11 0.052 0.021 0.046 0.098 0.044 0.105 0.094 0.037 0.105 0.093 0.043 0.047 0.045;
0.091 0.108 0.068 0.077 0.093 0.081 0.045 0.102 0.026 0.042 0.041 0.047 0.046 0.093 0.04;0.091 0.108 0.081 0.045 0.102 0.068 0.077 0.093 0.026 0.042 0.041 0.047 0.093 0.046 0.04;0.091 0.081 0.068 0.026 0.047 0.108 0.045 0.102 0.077 0.042 0.093 0.093 0.046 0.041 0.04;
0.063 0.108 0.061 0.091 0.091 0.095 0.055 0.083 0.022 0.042 0.049 0.054 0.05 0.103 0.033;0.063 0.108 0.095 0.055 0.083 0.061 0.091 0.091 0.022 0.042 0.049 0.054 0.103 0.05 0.033;0.063 0.095 0.061 0.022 0.054 0.108 0.055 0.083 0.091 0.042 0.103 0.091 0.05 0.049 0.033;
0.061 0.091 0.039 0.119 0.08 0.115 0.056 0.092 0.024 0.053 0.054 0.041 0.043 0.086 0.046;0.061 0.091 0.115 0.056 0.092 0.039 0.119 0.08 0.024 0.053 0.054 0.041 0.086 0.043 0.046;0.061 0.115 0.039 0.024 0.041 0.091 0.056 0.092 0.119 0.053 0.086 0.08 0.043 0.054 0.046;
0.073 0.103 0.039 0.103 0.106 0.093 0.055 0.097 0.015 0.045 0.047 0.05 0.042 0.094 0.038;0.073 0.103 0.093 0.055 0.097 0.039 0.103 0.106 0.015 0.045 0.047 0.05 0.094 0.042 0.038;0.073 0.093 0.039 0.015 0.05 0.103 0.055 0.097 0.103 0.045 0.094 0.106 0.042 0.047 0.038;
0.082 0.083 0.04 0.091 0.097 0.085 0.045 0.112 0.028 0.053 0.046 0.059 0.047 0.088 0.044;0.082 0.083 0.085 0.045 0.112 0.04 0.091 0.097 0.028 0.053 0.046 0.059 0.088 0.047 0.044;0.082 0.085 0.04 0.028 0.059 0.083 0.045 0.112 0.091 0.053 0.088 0.097 0.047 0.046 0.044;
0.079 0.097 0.054 0.083 0.108 0.091 0.04 0.097 0.032 0.049 0.049 0.047 0.045 0.088 0.041;0.079 0.097 0.091 0.04 0.097 0.054 0.083 0.108 0.032 0.049 0.049 0.047 0.088 0.045 0.041;0.079 0.091 0.054 0.032 0.047 0.097 0.04 0.097 0.083 0.049 0.088 0.108 0.045 0.049 0.041;
0.075 0.088 0.042 0.096 0.086 0.09 0.035 0.105 0.023 0.056 0.044 0.065 0.05 0.081 0.064;0.075 0.088 0.09 0.035 0.105 0.042 0.096 0.086 0.023 0.056 0.044 0.065 0.081 0.05 0.064;0.075 0.09 0.042 0.023 0.065 0.088 0.035 0.105 0.096 0.056 0.081 0.086 0.05 0.044 0.064;
0.079 0.094 0.051 0.099 0.094 0.097 0.048 0.1 0.017 0.062 0.042 0.046 0.045 0.088 0.038;0.079 0.094 0.097 0.048 0.1 0.051 0.099 0.094 0.017 0.062 0.042 0.046 0.088 0.045 0.038;0.079 0.097 0.051 0.017 0.046 0.094 0.048 0.1 0.099 0.062 0.088 0.094 0.045 0.042 0.038;
0.089 0.108 0.056 0.091 0.085 0.096 0.038 0.093 0.018 0.057 0.051 0.043 0.039 0.095 0.041;0.089 0.108 0.096 0.038 0.093 0.056 0.091 0.085 0.018 0.057 0.051 0.043 0.095 0.039 0.041;0.089 0.096 0.056 0.018 0.043 0.108 0.038 0.093 0.091 0.057 0.095 0.085 0.039 0.051 0.041;
0.081 0.1 0.047 0.085 0.095 0.082 0.042 0.09 0.024 0.042 0.052 0.051 0.048 0.1 0.061;0.081 0.1 0.082 0.042 0.09 0.047 0.085 0.095 0.024 0.042 0.052 0.051 0.1 0.048 0.061;0.081 0.082 0.047 0.024 0.051 0.1 0.042 0.09 0.085 0.042 0.1 0.095 0.048 0.052 0.061;
0.056 0.101 0.047 0.096 0.092 0.105 0.038 0.089 0.02 0.048 0.057 0.051 0.053 0.098 0.049;0.056 0.101 0.105 0.038 0.089 0.047 0.096 0.092 0.02 0.048 0.057 0.051 0.098 0.053 0.049;0.056 0.105 0.047 0.02 0.051 0.101 0.038 0.089 0.096 0.048 0.098 0.092 0.053 0.057 0.049;
0.077 0.087 0.047 0.088 0.091 0.086 0.059 0.1 0.029 0.05 0.049 0.042 0.048 0.107 0.04;0.077 0.087 0.086 0.059 0.1 0.047 0.088 0.091 0.029 0.05 0.049 0.042 0.107 0.048 0.04;0.077 0.086 0.047 0.029 0.042 0.087 0.059 0.1 0.088 0.05 0.107 0.091 0.048 0.049 0.04;
0.068 0.107 0.053 0.099 0.103 0.083 0.041 0.085 0.024 0.051 0.041 0.048 0.05 0.096 0.051;0.068 0.107 0.083 0.041 0.085 0.053 0.099 0.103 0.024 0.051 0.041 0.048 0.096 0.05 0.051;0.068 0.083 0.053 0.024 0.048 0.107 0.041 0.085 0.099 0.051 0.096 0.103 0.05 0.041 0.051;
0.066 0.109 0.053 0.112 0.085 0.088 0.044 0.093 0.027 0.046 0.051 0.04 0.044 0.09 0.052;0.066 0.109 0.088 0.044 0.093 0.053 0.112 0.085 0.027 0.046 0.051 0.04 0.09 0.044 0.052;0.066 0.088 0.053 0.027 0.04 0.109 0.044 0.093 0.112 0.046 0.09 0.085 0.044 0.051 0.052;
0.071 0.103 0.04 0.096 0.107 0.092 0.042 0.094 0.024 0.054 0.039 0.049 0.055 0.091 0.043;0.071 0.103 0.092 0.042 0.094 0.04 0.096 0.107 0.024 0.054 0.039 0.049 0.091 0.055 0.043;0.071 0.092 0.04 0.024 0.049 0.103 0.042 0.094 0.096 0.054 0.091 0.107 0.055 0.039 0.043;
0.066 0.08 0.056 0.096 0.105 0.091 0.05 0.083 0.022 0.041 0.054 0.052 0.054 0.087 0.063;0.066 0.08 0.091 0.05 0.083 0.056 0.096 0.105 0.022 0.041 0.054 0.052 0.087 0.054 0.063;0.066 0.091 0.056 0.022 0.052 0.08 0.05 0.083 0.096 0.041 0.087 0.105 0.054 0.054 0.063;
0.059 0.09 0.046 0.088 0.098 0.112 0.039 0.082 0.028 0.052 0.06 0.042 0.054 0.103 0.047;0.059 0.09 0.112 0.039 0.082 0.046 0.088 0.098 0.028 0.052 0.06 0.042 0.103 0.054 0.047;0.059 0.112 0.046 0.028 0.042 0.09 0.039 0.082 0.088 0.052 0.103 0.098 0.054 0.06 0.047;
0.07 0.089 0.06 0.1 0.092 0.087 0.055 0.092 0.019 0.054 0.053 0.045 0.048 0.096 0.04;0.07 0.089 0.087 0.055 0.092 0.06 0.1 0.092 0.019 0.054 0.053 0.045 0.096 0.048 0.04;0.07 0.087 0.06 0.019 0.045 0.089 0.055 0.092 0.1 0.054 0.096 0.092 0.048 0.053 0.04;
0.061 0.1 0.057 0.105 0.092 0.081 0.059 0.085 0.014 0.052 0.042 0.051 0.042 0.102 0.057;0.061 0.1 0.081 0.059 0.085 0.057 0.105 0.092 0.014 0.052 0.042 0.051 0.102 0.042 0.057;0.061 0.081 0.057 0.014 0.051 0.1 0.059 0.085 0.105 0.052 0.102 0.092 0.042 0.042 0.057;
0.06 0.097 0.039 0.104 0.09 0.1 0.046 0.101 0.025 0.044 0.04 0.052 0.049 0.106 0.047;0.06 0.097 0.1 0.046 0.101 0.039 0.104 0.09 0.025 0.044 0.04 0.052 0.106 0.049 0.047;0.06 0.1 0.039 0.025 0.052 0.097 0.046 0.101 0.104 0.044 0.106 0.09 0.049 0.04 0.047;
0.086 0.092 0.054 0.092 0.104 0.092 0.037 0.079 0.027 0.045 0.049 0.043 0.051 0.094 0.055;0.086 0.092 0.092 0.037 0.079 0.054 0.092 0.104 0.027 0.045 0.049 0.043 0.094 0.051 0.055;0.086 0.092 0.054 0.027 0.043 0.092 0.037 0.079 0.092 0.045 0.094 0.104 0.051 0.049 0.055;
0.053 0.089 0.046 0.097 0.088 0.096 0.054 0.087 0.022 0.057 0.051 0.057 0.051 0.105 0.047;0.053 0.089 0.096 0.054 0.087 0.046 0.097 0.088 0.022 0.057 0.051 0.057 0.105 0.051 0.047;0.053 0.096 0.046 0.022 0.057 0.089 0.054 0.087 0.097 0.057 0.105 0.088 0.051 0.051 0.047;
0.069 0.09 0.042 0.09 0.097 0.09 0.046 0.094 0.031 0.046 0.047 0.042 0.052 0.113 0.051;0.069 0.09 0.09 0.046 0.094 0.042 0.09 0.097 0.031 0.046 0.047 0.042 0.113 0.052 0.051;0.069 0.09 0.042 0.031 0.042 0.09 0.046 0.094 0.09 0.046 0.113 0.097 0.052 0.047 0.051;
0.068 0.114 0.059 0.075 0.094 0.09 0.043 0.085 0.028 0.051 0.038 0.051 0.055 0.099 0.05;0.068 0.114 0.09 0.043 0.085 0.059 0.075 0.094 0.028 0.051 0.038 0.051 0.099 0.055 0.05;0.068 0.09 0.059 0.028 0.051 0.114 0.043 0.085 0.075 0.051 0.099 0.094 0.055 0.038 0.05;
0.059 0.097 0.053 0.108 0.097 0.1 0.039 0.083 0.024 0.051 0.043 0.051 0.048 0.091 0.056;0.059 0.097 0.1 0.039 0.083 0.053 0.108 0.097 0.024 0.051 0.043 0.051 0.091 0.048 0.056;0.059 0.1 0.053 0.024 0.051 0.097 0.039 0.083 0.108 0.051 0.091 0.097 0.048 0.043 0.056;
0.078 0.096 0.053 0.099 0.086 0.092 0.047 0.107 0.03 0.046 0.037 0.049 0.043 0.078 0.059;0.078 0.096 0.092 0.047 0.107 0.053 0.099 0.086 0.03 0.046 0.037 0.049 0.078 0.043 0.059;0.078 0.092 0.053 0.03 0.049 0.096 0.047 0.107 0.099 0.046 0.078 0.086 0.043 0.037 0.059;
0.066 0.102 0.05 0.103 0.103 0.098 0.04 0.095 0.021 0.045 0.053 0.042 0.04 0.085 0.057;0.066 0.102 0.098 0.04 0.095 0.05 0.103 0.103 0.021 0.045 0.053 0.042 0.085 0.04 0.057;0.066 0.098 0.05 0.021 0.042 0.102 0.04 0.095 0.103 0.045 0.085 0.103 0.04 0.053 0.057;
0.065 0.106 0.046 0.091 0.079 0.097 0.047 0.1 0.029 0.052 0.043 0.061 0.046 0.093 0.045;0.065 0.106 0.097 0.047 0.1 0.046 0.091 0.079 0.029 0.052 0.043 0.061 0.093 0.046 0.045;0.065 0.097 0.046 0.029 0.061 0.106 0.047 0.1 0.091 0.052 0.093 0.079 0.046 0.043 0.045;
0.077 0.104 0.034 0.098 0.092 0.091 0.039 0.092 0.02 0.047 0.05 0.056 0.046 0.103 0.051;0.077 0.104 0.091 0.039 0.092 0.034 0.098 0.092 0.02 0.047 0.05 0.056 0.103 0.046 0.051;0.077 0.091 0.034 0.02 0.056 0.104 0.039 0.092 0.098 0.047 0.103 0.092 0.046 0.05 0.051;
0.068 0.116 0.049 0.096 0.093 0.104 0.044 0.099 0.028 0.053 0.038 0.041 0.033 0.098 0.04;0.068 0.116 0.104 0.044 0.099 0.049 0.096 0.093 0.028 0.053 0.038 0.041 0.098 0.033 0.04;0.068 0.104 0.049 0.028 0.041 0.116 0.044 0.099 0.096 0.053 0.098 0.093 0.033 0.038 0.04;
0.061 0.108 0.061 0.096 0.098 0.104 0.034 0.074 0.024 0.057 0.05 0.044 0.037 0.097 0.055;0.061 0.108 0.104 0.034 0.074 0.061 0.096 0.098 0.024 0.057 0.05 0.044 0.097 0.037 0.055;0.061 0.104 0.061 0.024 0.044 0.108 0.034 0.074 0.096 0.057 0.097 0.098 0.037 0.05 0.055;
0.06 0.101 0.063 0.093 0.104 0.095 0.037 0.073 0.029 0.039 0.055 0.051 0.047 0.111 0.042;0.06 0.101 0.095 0.037 0.073 0.063 0.093 0.104 0.029 0.039 0.055 0.051 0.111 0.047 0.042;0.06 0.095 0.063 0.029 0.051 0.101 0.037 0.073 0.093 0.039 0.111 0.104 0.047 0.055 0.042;
0.078 0.093 0.06 0.088 0.082 0.112 0.053 0.09 0.021 0.045 0.045 0.049 0.042 0.097 0.045;0.078 0.093 0.112 0.053 0.09 0.06 0.088 0.082 0.021 0.045 0.045 0.049 0.097 0.042 0.045;0.078 0.112 0.06 0.021 0.049 0.093 0.053 0.09 0.088 0.045 0.097 0.082 0.042 0.045 0.045;
0.068 0.094 0.069 0.11 0.089 0.106 0.05 0.068 0.025 0.043 0.048 0.052 0.047 0.089 0.042;0.068 0.094 0.106 0.05 0.068 0.069 0.11 0.089 0.025 0.043 0.048 0.052 0.089 0.047 0.042;0.068 0.106 0.069 0.025 0.052 0.094 0.05 0.068 0.11 0.043 0.089 0.089 0.047 0.048 0.042;
0.07 0.088 0.062 0.101 0.094 0.091 0.056 0.088 0.027 0.043 0.051 0.041 0.055 0.09 0.043;0.07 0.088 0.091 0.056 0.088 0.062 0.101 0.094 0.027 0.043 0.051 0.041 0.09 0.055 0.043;0.07 0.091 0.062 0.027 0.041 0.088 0.056 0.088 0.101 0.043 0.09 0.094 0.055 0.051 0.043;
0.066 0.092 0.062 0.116 0.102 0.096 0.036 0.084 0.021 0.038 0.039 0.052 0.048 0.103 0.045;0.066 0.092 0.096 0.036 0.084 0.062 0.116 0.102 0.021 0.038 0.039 0.052 0.103 0.048 0.045;0.066 0.096 0.062 0.021 0.052 0.092 0.036 0.084 0.116 0.038 0.103 0.102 0.048 0.039 0.045;
0.059 0.109 0.056 0.093 0.09 0.114 0.039 0.091 0.024 0.038 0.045 0.049 0.041 0.109 0.043;0.059 0.109 0.114 0.039 0.091 0.056 0.093 0.09 0.024 0.038 0.045 0.049 0.109 0.041 0.043;0.059 0.114 0.056 0.024 0.049 0.109 0.039 0.091 0.093 0.038 0.109 0.09 0.041 0.045 0.043;
0.08 0.083 0.045 0.1 0.105 0.096 0.048 0.094 0.03 0.045 0.032 0.049 0.056 0.092 0.045;0.08 0.083 0.096 0.048 0.094 0.045 0.1 0.105 0.03 0.045 0.032 0.049 0.092 0.056 0.045;0.08 0.096 0.045 0.03 0.049 0.083 0.048 0.094 0.1 0.045 0.092 0.105 0.056 0.032 0.045;
0.074 0.089 0.055 0.105 0.081 0.094 0.058 0.105 0.02 0.053 0.035 0.049 0.049 0.094 0.039;0.074 0.089 0.094 0.058 0.105 0.055 0.105 0.081 0.02 0.053 0.035 0.049 0.094 0.049 0.039;0.074 0.094 0.055 0.02 0.049 0.089 0.058 0.105 0.105 0.053 0.094 0.081 0.049 0.035 0.039;
0.067 0.099 0.051 0.083 0.106 0.101 0.038 0.096 0.034 0.044 0.048 0.052 0.046 0.083 0.052;0.067 0.099 0.101 0.038 0.096 0.051 0.083 0.106 0.034 0.044 0.048 0.052 0.083 0.046 0.052;0.067 0.101 0.051 0.034 0.052 0.099 0.038 0.096 0.083 0.044 0.083 0.106 0.046 0.048 0.052;
0.062 0.108 0.039 0.097 0.111 0.09 0.047 0.093 0.025 0.04 0.065 0.045 0.034 0.099 0.045;0.062 0.108 0.09 0.047 0.093 0.039 0.097 0.111 0.025 0.04 0.065 0.045 0.099 0.034 0.045;0.062 0.09 0.039 0.025 0.045 0.108 0.047 0.093 0.097 0.04 0.099 0.111 0.034 0.065 0.045;
0.062 0.111 0.064 0.083 0.085 0.094 0.045 0.093 0.031 0.051 0.048 0.055 0.041 0.103 0.034;0.062 0.111 0.094 0.045 0.093 0.064 0.083 0.085 0.031 0.051 0.048 0.055 0.103 0.041 0.034;0.062 0.094 0.064 0.031 0.055 0.111 0.045 0.093 0.083 0.051 0.103 0.085 0.041 0.048 0.034;
0.071 0.084 0.054 0.112 0.1 0.092 0.052 0.087 0.034 0.044 0.042 0.055 0.036 0.098 0.039;0.071 0.084 0.092 0.052 0.087 0.054 0.112 0.1 0.034 0.044 0.042 0.055 0.098 0.036 0.039;0.071 0.092 0.054 0.034 0.055 0.084 0.052 0.087 0.112 0.044 0.098 0.1 0.036 0.042 0.039;
0.06 0.102 0.044 0.103 0.121 0.103 0.048 0.076 0.018 0.042 0.043 0.054 0.055 0.099 0.032;0.06 0.102 0.103 0.048 0.076 0.044 0.103 0.121 0.018 0.042 0.043 0.054 0.099 0.055 0.032;0.06 0.103 0.044 0.018 0.054 0.102 0.048 0.076 0.103 0.042 0.099 0.121 0.055 0.043 0.032;
0.06 0.107 0.045 0.094 0.099 0.081 0.039 0.089 0.021 0.053 0.06 0.055 0.046 0.106 0.045;0.06 0.107 0.081 0.039 0.089 0.045 0.094 0.099 0.021 0.053 0.06 0.055 0.106 0.046 0.045;0.06 0.081 0.045 0.021 0.055 0.107 0.039 0.089 0.094 0.053 0.106 0.099 0.046 0.06 0.045;
0.062 0.122 0.039 0.1 0.097 0.087 0.059 0.088 0.025 0.035 0.049 0.053 0.037 0.102 0.045;0.062 0.122 0.087 0.059 0.088 0.039 0.1 0.097 0.025 0.035 0.049 0.053 0.102 0.037 0.045;0.062 0.087 0.039 0.025 0.053 0.122 0.059 0.088 0.1 0.035 0.102 0.097 0.037 0.049 0.045;
0.07 0.07 0.049 0.108 0.106 0.095 0.044 0.092 0.018 0.044 0.045 0.068 0.054 0.085 0.052;0.07 0.07 0.095 0.044 0.092 0.049 0.108 0.106 0.018 0.044 0.045 0.068 0.085 0.054 0.052;0.07 0.095 0.049 0.018 0.068 0.07 0.044 0.092 0.108 0.044 0.085 0.106 0.054 0.045 0.052;
0.064 0.099 0.051 0.091 0.092 0.088 0.042 0.081 0.023 0.053 0.063 0.048 0.055 0.107 0.043;0.064 0.099 0.088 0.042 0.081 0.051 0.091 0.092 0.023 0.053 0.063 0.048 0.107 0.055 0.043;0.064 0.088 0.051 0.023 0.048 0.099 0.042 0.081 0.091 0.053 0.107 0.092 0.055 0.063 0.043;
0.067 0.089 0.042 0.1 0.085 0.092 0.05 0.087 0.032 0.044 0.05 0.058 0.049 0.103 0.052;0.067 0.089 0.092 0.05 0.087 0.042 0.1 0.085 0.032 0.044 0.05 0.058 0.103 0.049 0.052;0.067 0.092 0.042 0.032 0.058 0.089 0.05 0.087 0.1 0.044 0.103 0.085 0.049 0.05 0.052;
0.068 0.094 0.04 0.099 0.076 0.098 0.054 0.087 0.029 0.049 0.053 0.048 0.054 0.106 0.045;0.068 0.094 0.098 0.054 0.087 0.04 0.099 0.076 0.029 0.049 0.053 0.048 0.106 0.054 0.045;0.068 0.098 0.04 0.029 0.048 0.094 0.054 0.087 0.099 0.049 0.106 0.076 0.054 0.053 0.045];