pntP=[0.048 0.065 0.056 0.093 0.099 0.063 0.039 0.094 0.038 0.054 0.067 0.063 0.059 0.109 0.053;0.048 0.065 0.063 0.039 0.094 0.056 0.093 0.099 0.038 0.054 0.067 0.063 0.109 0.059 0.053;0.048 0.063 0.056 0.038 0.063 0.065 0.039 0.094 0.093 0.054 0.109 0.099 0.059 0.067 0.053;
0.057 0.075 0.051 0.098 0.11 0.069 0.032 0.065 0.039 0.063 0.065 0.071 0.046 0.109 0.05;0.057 0.075 0.069 0.032 0.065 0.051 0.098 0.11 0.039 0.063 0.065 0.071 0.109 0.046 0.05;0.057 0.069 0.051 0.039 0.071 0.075 0.032 0.065 0.098 0.063 0.109 0.11 0.046 0.065 0.05;
0.047 0.097 0.061 0.091 0.107 0.086 0.038 0.086 0.032 0.048 0.054 0.055 0.055 0.091 0.052;0.047 0.097 0.086 0.038 0.086 0.061 0.091 0.107 0.032 0.048 0.054 0.055 0.091 0.055 0.052;0.047 0.086 0.061 0.032 0.055 0.097 0.038 0.086 0.091 0.048 0.091 0.107 0.055 0.054 0.052;
0.08 0.093 0.059 0.078 0.089 0.085 0.037 0.069 0.028 0.061 0.059 0.053 0.059 0.107 0.043;0.08 0.093 0.085 0.037 0.069 0.059 0.078 0.089 0.028 0.061 0.059 0.053 0.107 0.059 0.043;0.08 0.085 0.059 0.028 0.053 0.093 0.037 0.069 0.078 0.061 0.107 0.089 0.059 0.059 0.043;
0.07 0.064 0.059 0.088 0.085 0.079 0.04 0.063 0.032 0.066 0.066 0.064 0.049 0.117 0.058;0.07 0.064 0.079 0.04 0.063 0.059 0.088 0.085 0.032 0.066 0.066 0.064 0.117 0.049 0.058;0.07 0.079 0.059 0.032 0.064 0.064 0.04 0.063 0.088 0.066 0.117 0.085 0.049 0.066 0.058;
0.063 0.084 0.049 0.093 0.095 0.094 0.031 0.074 0.035 0.058 0.064 0.069 0.063 0.088 0.04;0.063 0.084 0.094 0.031 0.074 0.049 0.093 0.095 0.035 0.058 0.064 0.069 0.088 0.063 0.04;0.063 0.094 0.049 0.035 0.069 0.084 0.031 0.074 0.093 0.058 0.088 0.095 0.063 0.064 0.04;
0.068 0.08 0.066 0.092 0.085 0.086 0.043 0.065 0.045 0.053 0.063 0.05 0.049 0.104 0.051;0.068 0.08 0.086 0.043 0.065 0.066 0.092 0.085 0.045 0.053 0.063 0.05 0.104 0.049 0.051;0.068 0.086 0.066 0.045 0.05 0.08 0.043 0.065 0.092 0.053 0.104 0.085 0.049 0.063 0.051;
0.075 0.081 0.063 0.084 0.076 0.082 0.035 0.07 0.033 0.068 0.06 0.064 0.056 0.102 0.051;0.075 0.081 0.082 0.035 0.07 0.063 0.084 0.076 0.033 0.068 0.06 0.064 0.102 0.056 0.051;0.075 0.082 0.063 0.033 0.064 0.081 0.035 0.07 0.084 0.068 0.102 0.076 0.056 0.06 0.051;
0.064 0.076 0.056 0.088 0.103 0.087 0.041 0.076 0.026 0.056 0.064 0.058 0.048 0.097 0.06;0.064 0.076 0.087 0.041 0.076 0.056 0.088 0.103 0.026 0.056 0.064 0.058 0.097 0.048 0.06;0.064 0.087 0.056 0.026 0.058 0.076 0.041 0.076 0.088 0.056 0.097 0.103 0.048 0.064 0.06;
0.071 0.082 0.071 0.1 0.093 0.074 0.032 0.07 0.032 0.061 0.055 0.056 0.051 0.1 0.052;0.071 0.082 0.074 0.032 0.07 0.071 0.1 0.093 0.032 0.061 0.055 0.056 0.1 0.051 0.052;0.071 0.074 0.071 0.032 0.056 0.082 0.032 0.07 0.1 0.061 0.1 0.093 0.051 0.055 0.052;
0.073 0.068 0.071 0.084 0.09 0.079 0.038 0.071 0.03 0.062 0.055 0.07 0.063 0.087 0.059;0.073 0.068 0.079 0.038 0.071 0.071 0.084 0.09 0.03 0.062 0.055 0.07 0.087 0.063 0.059;0.073 0.079 0.071 0.03 0.07 0.068 0.038 0.071 0.084 0.062 0.087 0.09 0.063 0.055 0.059;
0.062 0.072 0.068 0.093 0.102 0.075 0.045 0.065 0.025 0.07 0.066 0.058 0.052 0.093 0.054;0.062 0.072 0.075 0.045 0.065 0.068 0.093 0.102 0.025 0.07 0.066 0.058 0.093 0.052 0.054;0.062 0.075 0.068 0.025 0.058 0.072 0.045 0.065 0.093 0.07 0.093 0.102 0.052 0.066 0.054;
0.06 0.1 0.06 0.082 0.093 0.071 0.034 0.078 0.045 0.062 0.048 0.058 0.055 0.104 0.05;0.06 0.1 0.071 0.034 0.078 0.06 0.082 0.093 0.045 0.062 0.048 0.058 0.104 0.055 0.05;0.06 0.071 0.06 0.045 0.058 0.1 0.034 0.078 0.082 0.062 0.104 0.093 0.055 0.048 0.05;
0.051 0.075 0.058 0.08 0.12 0.087 0.037 0.077 0.032 0.062 0.068 0.044 0.044 0.106 0.059;0.051 0.075 0.087 0.037 0.077 0.058 0.08 0.12 0.032 0.062 0.068 0.044 0.106 0.044 0.059;0.051 0.087 0.058 0.032 0.044 0.075 0.037 0.077 0.08 0.062 0.106 0.12 0.044 0.068 0.059;
0.051 0.09 0.059 0.086 0.114 0.081 0.041 0.075 0.038 0.05 0.068 0.055 0.045 0.101 0.046;0.051 0.09 0.081 0.041 0.075 0.059 0.086 0.114 0.038 0.05 0.068 0.055 0.101 0.045 0.046;0.051 0.081 0.059 0.038 0.055 0.09 0.041 0.075 0.086 0.05 0.101 0.114 0.045 0.068 0.046;
0.066 0.086 0.058 0.076 0.101 0.073 0.034 0.077 0.031 0.06 0.079 0.066 0.046 0.097 0.05;0.066 0.086 0.073 0.034 0.077 0.058 0.076 0.101 0.031 0.06 0.079 0.066 0.097 0.046 0.05;0.066 0.073 0.058 0.031 0.066 0.086 0.034 0.077 0.076 0.06 0.097 0.101 0.046 0.079 0.05;
0.06 0.068 0.068 0.094 0.098 0.074 0.036 0.09 0.032 0.064 0.064 0.051 0.046 0.098 0.057;0.06 0.068 0.074 0.036 0.09 0.068 0.094 0.098 0.032 0.064 0.064 0.051 0.098 0.046 0.057;0.06 0.074 0.068 0.032 0.051 0.068 0.036 0.09 0.094 0.064 0.098 0.098 0.046 0.064 0.057;
0.059 0.074 0.065 0.096 0.098 0.071 0.036 0.065 0.03 0.065 0.057 0.061 0.067 0.099 0.057;0.059 0.074 0.071 0.036 0.065 0.065 0.096 0.098 0.03 0.065 0.057 0.061 0.099 0.067 0.057;0.059 0.071 0.065 0.03 0.061 0.074 0.036 0.065 0.096 0.065 0.099 0.098 0.067 0.057 0.057;
0.069 0.072 0.064 0.102 0.082 0.072 0.044 0.078 0.032 0.062 0.057 0.069 0.051 0.093 0.053;0.069 0.072 0.072 0.044 0.078 0.064 0.102 0.082 0.032 0.062 0.057 0.069 0.093 0.051 0.053;0.069 0.072 0.064 0.032 0.069 0.072 0.044 0.078 0.102 0.062 0.093 0.082 0.051 0.057 0.053;
0.069 0.08 0.059 0.1 0.089 0.074 0.036 0.065 0.03 0.059 0.062 0.066 0.054 0.099 0.058;0.069 0.08 0.074 0.036 0.065 0.059 0.1 0.089 0.03 0.059 0.062 0.066 0.099 0.054 0.058;0.069 0.074 0.059 0.03 0.066 0.08 0.036 0.065 0.1 0.059 0.099 0.089 0.054 0.062 0.058;
0.055 0.088 0.067 0.079 0.084 0.074 0.044 0.078 0.033 0.059 0.067 0.062 0.065 0.095 0.05;0.055 0.088 0.074 0.044 0.078 0.067 0.079 0.084 0.033 0.059 0.067 0.062 0.095 0.065 0.05;0.055 0.074 0.067 0.033 0.062 0.088 0.044 0.078 0.079 0.059 0.095 0.084 0.065 0.067 0.05;
0.056 0.083 0.052 0.099 0.1 0.076 0.036 0.067 0.04 0.054 0.068 0.055 0.058 0.101 0.055;0.056 0.083 0.076 0.036 0.067 0.052 0.099 0.1 0.04 0.054 0.068 0.055 0.101 0.058 0.055;0.056 0.076 0.052 0.04 0.055 0.083 0.036 0.067 0.099 0.054 0.101 0.1 0.058 0.068 0.055;
0.058 0.062 0.054 0.104 0.123 0.067 0.051 0.073 0.029 0.045 0.056 0.059 0.057 0.102 0.06;0.058 0.062 0.067 0.051 0.073 0.054 0.104 0.123 0.029 0.045 0.056 0.059 0.102 0.057 0.06;0.058 0.067 0.054 0.029 0.059 0.062 0.051 0.073 0.104 0.045 0.102 0.123 0.057 0.056 0.06;
0.056 0.08 0.049 0.097 0.095 0.078 0.045 0.091 0.032 0.052 0.054 0.061 0.056 0.099 0.055;0.056 0.08 0.078 0.045 0.091 0.049 0.097 0.095 0.032 0.052 0.054 0.061 0.099 0.056 0.055;0.056 0.078 0.049 0.032 0.061 0.08 0.045 0.091 0.097 0.052 0.099 0.095 0.056 0.054 0.055;
0.062 0.068 0.055 0.083 0.093 0.071 0.047 0.072 0.035 0.067 0.065 0.066 0.052 0.117 0.047;0.062 0.068 0.071 0.047 0.072 0.055 0.083 0.093 0.035 0.067 0.065 0.066 0.117 0.052 0.047;0.062 0.071 0.055 0.035 0.066 0.068 0.047 0.072 0.083 0.067 0.117 0.093 0.052 0.065 0.047;
0.073 0.068 0.048 0.092 0.099 0.088 0.04 0.077 0.038 0.052 0.061 0.052 0.059 0.102 0.051;0.073 0.068 0.088 0.04 0.077 0.048 0.092 0.099 0.038 0.052 0.061 0.052 0.102 0.059 0.051;0.073 0.088 0.048 0.038 0.052 0.068 0.04 0.077 0.092 0.052 0.102 0.099 0.059 0.061 0.051;
0.062 0.086 0.07 0.1 0.122 0.071 0.034 0.057 0.035 0.042 0.064 0.051 0.061 0.098 0.047;0.062 0.086 0.071 0.034 0.057 0.07 0.1 0.122 0.035 0.042 0.064 0.051 0.098 0.061 0.047;0.062 0.071 0.07 0.035 0.051 0.086 0.034 0.057 0.1 0.042 0.098 0.122 0.061 0.064 0.047;
0.06 0.075 0.057 0.088 0.101 0.073 0.046 0.068 0.037 0.062 0.067 0.06 0.054 0.094 0.058;0.06 0.075 0.073 0.046 0.068 0.057 0.088 0.101 0.037 0.062 0.067 0.06 0.094 0.054 0.058;0.06 0.073 0.057 0.037 0.06 0.075 0.046 0.068 0.088 0.062 0.094 0.101 0.054 0.067 0.058;
0.066 0.073 0.052 0.1 0.089 0.103 0.032 0.07 0.035 0.057 0.065 0.062 0.058 0.086 0.052;0.066 0.073 0.103 0.032 0.07 0.052 0.1 0.089 0.035 0.057 0.065 0.062 0.086 0.058 0.052;0.066 0.103 0.052 0.035 0.062 0.073 0.032 0.07 0.1 0.057 0.086 0.089 0.058 0.065 0.052;
0.059 0.074 0.079 0.087 0.083 0.077 0.042 0.089 0.041 0.05 0.061 0.044 0.062 0.102 0.05;0.059 0.074 0.077 0.042 0.089 0.079 0.087 0.083 0.041 0.05 0.061 0.044 0.102 0.062 0.05;0.059 0.077 0.079 0.041 0.044 0.074 0.042 0.089 0.087 0.05 0.102 0.083 0.062 0.061 0.05;
0.059 0.079 0.059 0.085 0.087 0.079 0.031 0.071 0.021 0.055 0.066 0.076 0.059 0.118 0.055;0.059 0.079 0.079 0.031 0.071 0.059 0.085 0.087 0.021 0.055 0.066 0.076 0.118 0.059 0.055;0.059 0.079 0.059 0.021 0.076 0.079 0.031 0.071 0.085 0.055 0.118 0.087 0.059 0.066 0.055;
0.068 0.094 0.057 0.091 0.088 0.068 0.032 0.07 0.035 0.066 0.069 0.054 0.05 0.095 0.063;0.068 0.094 0.068 0.032 0.07 0.057 0.091 0.088 0.035 0.066 0.069 0.054 0.095 0.05 0.063;0.068 0.068 0.057 0.035 0.054 0.094 0.032 0.07 0.091 0.066 0.095 0.088 0.05 0.069 0.063;
0.05 0.084 0.035 0.093 0.092 0.091 0.039 0.067 0.048 0.061 0.075 0.054 0.056 0.092 0.063;0.05 0.084 0.091 0.039 0.067 0.035 0.093 0.092 0.048 0.061 0.075 0.054 0.092 0.056 0.063;0.05 0.091 0.035 0.048 0.054 0.084 0.039 0.067 0.093 0.061 0.092 0.092 0.056 0.075 0.063;
0.071 0.066 0.061 0.081 0.102 0.062 0.04 0.085 0.033 0.057 0.079 0.062 0.058 0.085 0.058;0.071 0.066 0.062 0.04 0.085 0.061 0.081 0.102 0.033 0.057 0.079 0.062 0.085 0.058 0.058;0.071 0.062 0.061 0.033 0.062 0.066 0.04 0.085 0.081 0.057 0.085 0.102 0.058 0.079 0.058;
0.055 0.079 0.061 0.094 0.093 0.086 0.039 0.061 0.028 0.063 0.06 0.052 0.063 0.11 0.056;0.055 0.079 0.086 0.039 0.061 0.061 0.094 0.093 0.028 0.063 0.06 0.052 0.11 0.063 0.056;0.055 0.086 0.061 0.028 0.052 0.079 0.039 0.061 0.094 0.063 0.11 0.093 0.063 0.06 0.056;
0.066 0.084 0.067 0.101 0.099 0.066 0.036 0.062 0.027 0.062 0.053 0.071 0.056 0.095 0.055;0.066 0.084 0.066 0.036 0.062 0.067 0.101 0.099 0.027 0.062 0.053 0.071 0.095 0.056 0.055;0.066 0.066 0.067 0.027 0.071 0.084 0.036 0.062 0.101 0.062 0.095 0.099 0.056 0.053 0.055;
0.058 0.087 0.072 0.091 0.087 0.072 0.036 0.066 0.026 0.08 0.061 0.065 0.057 0.092 0.05;0.058 0.087 0.072 0.036 0.066 0.072 0.091 0.087 0.026 0.08 0.061 0.065 0.092 0.057 0.05;0.058 0.072 0.072 0.026 0.065 0.087 0.036 0.066 0.091 0.08 0.092 0.087 0.057 0.061 0.05;
0.053 0.092 0.058 0.075 0.092 0.095 0.038 0.078 0.032 0.067 0.057 0.059 0.05 0.101 0.053;0.053 0.092 0.095 0.038 0.078 0.058 0.075 0.092 0.032 0.067 0.057 0.059 0.101 0.05 0.053;0.053 0.095 0.058 0.032 0.059 0.092 0.038 0.078 0.075 0.067 0.101 0.092 0.05 0.057 0.053;
0.07 0.094 0.058 0.082 0.115 0.071 0.03 0.059 0.028 0.054 0.06 0.072 0.053 0.105 0.049;0.07 0.094 0.071 0.03 0.059 0.058 0.082 0.115 0.028 0.054 0.06 0.072 0.105 0.053 0.049;0.07 0.071 0.058 0.028 0.072 0.094 0.03 0.059 0.082 0.054 0.105 0.115 0.053 0.06 0.049;
0.059 0.079 0.069 0.104 0.097 0.078 0.036 0.064 0.039 0.062 0.058 0.052 0.06 0.09 0.053;0.059 0.079 0.078 0.036 0.064 0.069 0.104 0.097 0.039 0.062 0.058 0.052 0.09 0.06 0.053;0.059 0.078 0.069 0.039 0.052 0.079 0.036 0.064 0.104 0.062 0.09 0.097 0.06 0.058 0.053;
0.065 0.08 0.051 0.09 0.093 0.084 0.045 0.073 0.034 0.071 0.062 0.054 0.058 0.088 0.052;0.065 0.08 0.084 0.045 0.073 0.051 0.09 0.093 0.034 0.071 0.062 0.054 0.088 0.058 0.052;0.065 0.084 0.051 0.034 0.054 0.08 0.045 0.073 0.09 0.071 0.088 0.093 0.058 0.062 0.052;
0.073 0.081 0.052 0.085 0.081 0.08 0.042 0.076 0.033 0.052 0.058 0.066 0.056 0.107 0.058;0.073 0.081 0.08 0.042 0.076 0.052 0.085 0.081 0.033 0.052 0.058 0.066 0.107 0.056 0.058;0.073 0.08 0.052 0.033 0.066 0.081 0.042 0.076 0.085 0.052 0.107 0.081 0.056 0.058 0.058;
0.063 0.086 0.051 0.068 0.099 0.081 0.032 0.084 0.047 0.06 0.051 0.062 0.057 0.092 0.067;0.063 0.086 0.081 0.032 0.084 0.051 0.068 0.099 0.047 0.06 0.051 0.062 0.092 0.057 0.067;0.063 0.081 0.051 0.047 0.062 0.086 0.032 0.084 0.068 0.06 0.092 0.099 0.057 0.051 0.067;
0.053 0.066 0.064 0.099 0.112 0.092 0.03 0.068 0.039 0.061 0.056 0.049 0.05 0.099 0.062;0.053 0.066 0.092 0.03 0.068 0.064 0.099 0.112 0.039 0.061 0.056 0.049 0.099 0.05 0.062;0.053 0.092 0.064 0.039 0.049 0.066 0.03 0.068 0.099 0.061 0.099 0.112 0.05 0.056 0.062;
0.07 0.071 0.071 0.091 0.102 0.08 0.042 0.066 0.041 0.057 0.055 0.058 0.052 0.1 0.044;0.07 0.071 0.08 0.042 0.066 0.071 0.091 0.102 0.041 0.057 0.055 0.058 0.1 0.052 0.044;0.07 0.08 0.071 0.041 0.058 0.071 0.042 0.066 0.091 0.057 0.1 0.102 0.052 0.055 0.044;
0.057 0.08 0.043 0.085 0.095 0.094 0.041 0.066 0.033 0.05 0.061 0.077 0.066 0.103 0.049;0.057 0.08 0.094 0.041 0.066 0.043 0.085 0.095 0.033 0.05 0.061 0.077 0.103 0.066 0.049;0.057 0.094 0.043 0.033 0.077 0.08 0.041 0.066 0.085 0.05 0.103 0.095 0.066 0.061 0.049;
0.066 0.088 0.049 0.094 0.088 0.096 0.034 0.069 0.02 0.06 0.056 0.067 0.05 0.11 0.053;0.066 0.088 0.096 0.034 0.069 0.049 0.094 0.088 0.02 0.06 0.056 0.067 0.11 0.05 0.053;0.066 0.096 0.049 0.02 0.067 0.088 0.034 0.069 0.094 0.06 0.11 0.088 0.05 0.056 0.053;
0.057 0.082 0.065 0.088 0.088 0.074 0.04 0.097 0.036 0.059 0.053 0.07 0.051 0.095 0.045;0.057 0.082 0.074 0.04 0.097 0.065 0.088 0.088 0.036 0.059 0.053 0.07 0.095 0.051 0.045;0.057 0.074 0.065 0.036 0.07 0.082 0.04 0.097 0.088 0.059 0.095 0.088 0.051 0.053 0.045;
0.061 0.087 0.052 0.09 0.106 0.069 0.035 0.072 0.034 0.063 0.064 0.053 0.065 0.093 0.056;0.061 0.087 0.069 0.035 0.072 0.052 0.09 0.106 0.034 0.063 0.064 0.053 0.093 0.065 0.056;0.061 0.069 0.052 0.034 0.053 0.087 0.035 0.072 0.09 0.063 0.093 0.106 0.065 0.064 0.056;
0.066 0.076 0.061 0.098 0.106 0.087 0.028 0.08 0.031 0.06 0.056 0.054 0.062 0.085 0.05;0.066 0.076 0.087 0.028 0.08 0.061 0.098 0.106 0.031 0.06 0.056 0.054 0.085 0.062 0.05;0.066 0.087 0.061 0.031 0.054 0.076 0.028 0.08 0.098 0.06 0.085 0.106 0.062 0.056 0.05;
0.056 0.089 0.059 0.113 0.111 0.067 0.029 0.084 0.027 0.049 0.047 0.056 0.051 0.11 0.052;0.056 0.089 0.067 0.029 0.084 0.059 0.113 0.111 0.027 0.049 0.047 0.056 0.11 0.051 0.052;0.056 0.067 0.059 0.027 0.056 0.089 0.029 0.084 0.113 0.049 0.11 0.111 0.051 0.047 0.052;
0.055 0.063 0.071 0.086 0.103 0.082 0.037 0.081 0.042 0.061 0.06 0.038 0.049 0.109 0.063;0.055 0.063 0.082 0.037 0.081 0.071 0.086 0.103 0.042 0.061 0.06 0.038 0.109 0.049 0.063;0.055 0.082 0.071 0.042 0.038 0.063 0.037 0.081 0.086 0.061 0.109 0.103 0.049 0.06 0.063;
0.061 0.084 0.053 0.077 0.108 0.067 0.039 0.083 0.031 0.065 0.065 0.054 0.057 0.104 0.052;0.061 0.084 0.067 0.039 0.083 0.053 0.077 0.108 0.031 0.065 0.065 0.054 0.104 0.057 0.052;0.061 0.067 0.053 0.031 0.054 0.084 0.039 0.083 0.077 0.065 0.104 0.108 0.057 0.065 0.052;
0.063 0.096 0.066 0.08 0.098 0.08 0.038 0.078 0.033 0.054 0.068 0.04 0.063 0.1 0.043;0.063 0.096 0.08 0.038 0.078 0.066 0.08 0.098 0.033 0.054 0.068 0.04 0.1 0.063 0.043;0.063 0.08 0.066 0.033 0.04 0.096 0.038 0.078 0.08 0.054 0.1 0.098 0.063 0.068 0.043;
0.066 0.073 0.062 0.103 0.11 0.08 0.031 0.067 0.028 0.055 0.066 0.056 0.063 0.082 0.058;0.066 0.073 0.08 0.031 0.067 0.062 0.103 0.11 0.028 0.055 0.066 0.056 0.082 0.063 0.058;0.066 0.08 0.062 0.028 0.056 0.073 0.031 0.067 0.103 0.055 0.082 0.11 0.063 0.066 0.058;
0.063 0.073 0.065 0.085 0.093 0.08 0.037 0.068 0.03 0.088 0.059 0.044 0.052 0.097 0.066;0.063 0.073 0.08 0.037 0.068 0.065 0.085 0.093 0.03 0.088 0.059 0.044 0.097 0.052 0.066;0.063 0.08 0.065 0.03 0.044 0.073 0.037 0.068 0.085 0.088 0.097 0.093 0.052 0.059 0.066;
0.065 0.074 0.053 0.09 0.1 0.083 0.042 0.057 0.053 0.052 0.057 0.054 0.066 0.099 0.055;0.065 0.074 0.083 0.042 0.057 0.053 0.09 0.1 0.053 0.052 0.057 0.054 0.099 0.066 0.055;0.065 0.083 0.053 0.053 0.054 0.074 0.042 0.057 0.09 0.052 0.099 0.1 0.066 0.057 0.055;
0.074 0.077 0.054 0.1 0.085 0.063 0.042 0.084 0.028 0.062 0.062 0.062 0.056 0.093 0.058;0.074 0.077 0.063 0.042 0.084 0.054 0.1 0.085 0.028 0.062 0.062 0.062 0.093 0.056 0.058;0.074 0.063 0.054 0.028 0.062 0.077 0.042 0.084 0.1 0.062 0.093 0.085 0.056 0.062 0.058;
0.074 0.072 0.053 0.078 0.099 0.075 0.042 0.058 0.025 0.065 0.067 0.067 0.06 0.102 0.063;0.074 0.072 0.075 0.042 0.058 0.053 0.078 0.099 0.025 0.065 0.067 0.067 0.102 0.06 0.063;0.074 0.075 0.053 0.025 0.067 0.072 0.042 0.058 0.078 0.065 0.102 0.099 0.06 0.067 0.063;
0.051 0.08 0.056 0.074 0.095 0.087 0.039 0.079 0.028 0.058 0.061 0.06 0.061 0.11 0.061;0.051 0.08 0.087 0.039 0.079 0.056 0.074 0.095 0.028 0.058 0.061 0.06 0.11 0.061 0.061;0.051 0.087 0.056 0.028 0.06 0.08 0.039 0.079 0.074 0.058 0.11 0.095 0.061 0.061 0.061;
0.065 0.072 0.069 0.081 0.093 0.078 0.039 0.08 0.041 0.048 0.067 0.061 0.054 0.1 0.052;0.065 0.072 0.078 0.039 0.08 0.069 0.081 0.093 0.041 0.048 0.067 0.061 0.1 0.054 0.052;0.065 0.078 0.069 0.041 0.061 0.072 0.039 0.08 0.081 0.048 0.1 0.093 0.054 0.067 0.052;
0.056 0.094 0.06 0.071 0.097 0.081 0.046 0.072 0.036 0.053 0.053 0.062 0.058 0.113 0.048;0.056 0.094 0.081 0.046 0.072 0.06 0.071 0.097 0.036 0.053 0.053 0.062 0.113 0.058 0.048;0.056 0.081 0.06 0.036 0.062 0.094 0.046 0.072 0.071 0.053 0.113 0.097 0.058 0.053 0.048;
0.055 0.076 0.058 0.09 0.104 0.066 0.042 0.059 0.035 0.065 0.073 0.059 0.062 0.098 0.058;0.055 0.076 0.066 0.042 0.059 0.058 0.09 0.104 0.035 0.065 0.073 0.059 0.098 0.062 0.058;0.055 0.066 0.058 0.035 0.059 0.076 0.042 0.059 0.09 0.065 0.098 0.104 0.062 0.073 0.058;
0.074 0.061 0.062 0.096 0.096 0.083 0.035 0.052 0.028 0.062 0.066 0.069 0.061 0.109 0.046;0.074 0.061 0.083 0.035 0.052 0.062 0.096 0.096 0.028 0.062 0.066 0.069 0.109 0.061 0.046;0.074 0.083 0.062 0.028 0.069 0.061 0.035 0.052 0.096 0.062 0.109 0.096 0.061 0.066 0.046;
0.048 0.078 0.061 0.101 0.094 0.083 0.038 0.082 0.039 0.074 0.052 0.047 0.049 0.094 0.06;0.048 0.078 0.083 0.038 0.082 0.061 0.101 0.094 0.039 0.074 0.052 0.047 0.094 0.049 0.06;0.048 0.083 0.061 0.039 0.047 0.078 0.038 0.082 0.101 0.074 0.094 0.094 0.049 0.052 0.06;
0.067 0.084 0.059 0.081 0.086 0.067 0.04 0.062 0.042 0.064 0.075 0.065 0.062 0.086 0.06;0.067 0.084 0.067 0.04 0.062 0.059 0.081 0.086 0.042 0.064 0.075 0.065 0.086 0.062 0.06;0.067 0.067 0.059 0.042 0.065 0.084 0.04 0.062 0.081 0.064 0.086 0.086 0.062 0.075 0.06;
0.056 0.082 0.059 0.104 0.097 0.073 0.041 0.07 0.033 0.053 0.058 0.051 0.06 0.108 0.055;0.056 0.082 0.073 0.041 0.07 0.059 0.104 0.097 0.033 0.053 0.058 0.051 0.108 0.06 0.055;0.056 0.073 0.059 0.033 0.051 0.082 0.041 0.07 0.104 0.053 0.108 0.097 0.06 0.058 0.055;
0.062 0.065 0.059 0.078 0.093 0.091 0.04 0.076 0.05 0.062 0.072 0.059 0.062 0.077 0.054;0.062 0.065 0.091 0.04 0.076 0.059 0.078 0.093 0.05 0.062 0.072 0.059 0.077 0.062 0.054;0.062 0.091 0.059 0.05 0.059 0.065 0.04 0.076 0.078 0.062 0.077 0.093 0.062 0.072 0.054;
0.058 0.062 0.066 0.095 0.094 0.089 0.03 0.073 0.028 0.053 0.066 0.065 0.059 0.116 0.046;0.058 0.062 0.089 0.03 0.073 0.066 0.095 0.094 0.028 0.053 0.066 0.065 0.116 0.059 0.046;0.058 0.089 0.066 0.028 0.065 0.062 0.03 0.073 0.095 0.053 0.116 0.094 0.059 0.066 0.046;
0.055 0.076 0.051 0.09 0.097 0.08 0.057 0.074 0.032 0.059 0.067 0.06 0.058 0.084 0.06;0.055 0.076 0.08 0.057 0.074 0.051 0.09 0.097 0.032 0.059 0.067 0.06 0.084 0.058 0.06;0.055 0.08 0.051 0.032 0.06 0.076 0.057 0.074 0.09 0.059 0.084 0.097 0.058 0.067 0.06;
0.07 0.059 0.062 0.09 0.092 0.088 0.042 0.08 0.032 0.064 0.061 0.066 0.06 0.092 0.042;0.07 0.059 0.088 0.042 0.08 0.062 0.09 0.092 0.032 0.064 0.061 0.066 0.092 0.06 0.042;0.07 0.088 0.062 0.032 0.066 0.059 0.042 0.08 0.09 0.064 0.092 0.092 0.06 0.061 0.042;
0.065 0.073 0.074 0.078 0.091 0.091 0.047 0.067 0.03 0.047 0.068 0.064 0.056 0.095 0.054;0.065 0.073 0.091 0.047 0.067 0.074 0.078 0.091 0.03 0.047 0.068 0.064 0.095 0.056 0.054;0.065 0.091 0.074 0.03 0.064 0.073 0.047 0.067 0.078 0.047 0.095 0.091 0.056 0.068 0.054;
0.056 0.071 0.065 0.09 0.092 0.077 0.039 0.073 0.042 0.063 0.068 0.071 0.037 0.102 0.054;0.056 0.071 0.077 0.039 0.073 0.065 0.09 0.092 0.042 0.063 0.068 0.071 0.102 0.037 0.054;0.056 0.077 0.065 0.042 0.071 0.071 0.039 0.073 0.09 0.063 0.102 0.092 0.037 0.068 0.054;
0.054 0.068 0.069 0.093 0.097 0.077 0.038 0.073 0.034 0.067 0.058 0.058 0.065 0.094 0.055;0.054 0.068 0.077 0.038 0.073 0.069 0.093 0.097 0.034 0.067 0.058 0.058 0.094 0.065 0.055;0.054 0.077 0.069 0.034 0.058 0.068 0.038 0.073 0.093 0.067 0.094 0.097 0.065 0.058 0.055;
0.051 0.082 0.057 0.096 0.099 0.083 0.036 0.078 0.03 0.064 0.058 0.058 0.054 0.101 0.053;0.051 0.082 0.083 0.036 0.078 0.057 0.096 0.099 0.03 0.064 0.058 0.058 0.101 0.054 0.053;0.051 0.083 0.057 0.03 0.058 0.082 0.036 0.078 0.096 0.064 0.101 0.099 0.054 0.058 0.053;
0.054 0.087 0.048 0.088 0.1 0.085 0.038 0.072 0.029 0.074 0.058 0.06 0.058 0.1 0.049;0.054 0.087 0.085 0.038 0.072 0.048 0.088 0.1 0.029 0.074 0.058 0.06 0.1 0.058 0.049;0.054 0.085 0.048 0.029 0.06 0.087 0.038 0.072 0.088 0.074 0.1 0.1 0.058 0.058 0.049;
0.049 0.095 0.075 0.087 0.103 0.073 0.034 0.082 0.023 0.062 0.055 0.058 0.05 0.097 0.057;0.049 0.095 0.073 0.034 0.082 0.075 0.087 0.103 0.023 0.062 0.055 0.058 0.097 0.05 0.057;0.049 0.073 0.075 0.023 0.058 0.095 0.034 0.082 0.087 0.062 0.097 0.103 0.05 0.055 0.057;
0.067 0.088 0.054 0.099 0.086 0.081 0.042 0.097 0.04 0.057 0.06 0.054 0.053 0.082 0.04;0.067 0.088 0.081 0.042 0.097 0.054 0.099 0.086 0.04 0.057 0.06 0.054 0.082 0.053 0.04;0.067 0.081 0.054 0.04 0.054 0.088 0.042 0.097 0.099 0.057 0.082 0.086 0.053 0.06 0.04;
0.066 0.072 0.06 0.1 0.114 0.065 0.037 0.074 0.045 0.072 0.038 0.072 0.046 0.09 0.049;0.066 0.072 0.065 0.037 0.074 0.06 0.1 0.114 0.045 0.072 0.038 0.072 0.09 0.046 0.049;0.066 0.065 0.06 0.045 0.072 0.072 0.037 0.074 0.1 0.072 0.09 0.114 0.046 0.038 0.049;
0.071 0.078 0.063 0.077 0.112 0.078 0.046 0.07 0.03 0.039 0.073 0.051 0.043 0.106 0.063;0.071 0.078 0.078 0.046 0.07 0.063 0.077 0.112 0.03 0.039 0.073 0.051 0.106 0.043 0.063;0.071 0.078 0.063 0.03 0.051 0.078 0.046 0.07 0.077 0.039 0.106 0.112 0.043 0.073 0.063;
0.065 0.074 0.063 0.073 0.104 0.07 0.035 0.079 0.039 0.065 0.059 0.058 0.061 0.113 0.042;0.065 0.074 0.07 0.035 0.079 0.063 0.073 0.104 0.039 0.065 0.059 0.058 0.113 0.061 0.042;0.065 0.07 0.063 0.039 0.058 0.074 0.035 0.079 0.073 0.065 0.113 0.104 0.061 0.059 0.042;
0.048 0.08 0.054 0.089 0.105 0.077 0.04 0.061 0.036 0.055 0.06 0.06 0.056 0.108 0.071;0.048 0.08 0.077 0.04 0.061 0.054 0.089 0.105 0.036 0.055 0.06 0.06 0.108 0.056 0.071;0.048 0.077 0.054 0.036 0.06 0.08 0.04 0.061 0.089 0.055 0.108 0.105 0.056 0.06 0.071;
0.05 0.081 0.042 0.098 0.09 0.088 0.055 0.082 0.03 0.056 0.049 0.057 0.052 0.112 0.058;0.05 0.081 0.088 0.055 0.082 0.042 0.098 0.09 0.03 0.056 0.049 0.057 0.112 0.052 0.058;0.05 0.088 0.042 0.03 0.057 0.081 0.055 0.082 0.098 0.056 0.112 0.09 0.052 0.049 0.058;
0.065 0.078 0.069 0.097 0.109 0.078 0.035 0.072 0.032 0.059 0.051 0.069 0.048 0.093 0.045;0.065 0.078 0.078 0.035 0.072 0.069 0.097 0.109 0.032 0.059 0.051 0.069 0.093 0.048 0.045;0.065 0.078 0.069 0.032 0.069 0.078 0.035 0.072 0.097 0.059 0.093 0.109 0.048 0.051 0.045;
0.07 0.085 0.051 0.082 0.094 0.076 0.045 0.07 0.032 0.066 0.048 0.055 0.061 0.108 0.057;0.07 0.085 0.076 0.045 0.07 0.051 0.082 0.094 0.032 0.066 0.048 0.055 0.108 0.061 0.057;0.07 0.076 0.051 0.032 0.055 0.085 0.045 0.07 0.082 0.066 0.108 0.094 0.061 0.048 0.057;
0.066 0.09 0.062 0.095 0.095 0.076 0.023 0.062 0.032 0.07 0.055 0.066 0.054 0.102 0.052;0.066 0.09 0.076 0.023 0.062 0.062 0.095 0.095 0.032 0.07 0.055 0.066 0.102 0.054 0.052;0.066 0.076 0.062 0.032 0.066 0.09 0.023 0.062 0.095 0.07 0.102 0.095 0.054 0.055 0.052;
0.051 0.076 0.056 0.097 0.097 0.066 0.038 0.084 0.037 0.057 0.057 0.064 0.053 0.107 0.06;0.051 0.076 0.066 0.038 0.084 0.056 0.097 0.097 0.037 0.057 0.057 0.064 0.107 0.053 0.06;0.051 0.066 0.056 0.037 0.064 0.076 0.038 0.084 0.097 0.057 0.107 0.097 0.053 0.057 0.06;
0.06 0.088 0.051 0.077 0.108 0.084 0.034 0.067 0.033 0.057 0.06 0.062 0.06 0.096 0.063;0.06 0.088 0.084 0.034 0.067 0.051 0.077 0.108 0.033 0.057 0.06 0.062 0.096 0.06 0.063;0.06 0.084 0.051 0.033 0.062 0.088 0.034 0.067 0.077 0.057 0.096 0.108 0.06 0.06 0.063;
0.071 0.064 0.056 0.094 0.108 0.076 0.041 0.061 0.035 0.05 0.059 0.068 0.066 0.101 0.05;0.071 0.064 0.076 0.041 0.061 0.056 0.094 0.108 0.035 0.05 0.059 0.068 0.101 0.066 0.05;0.071 0.076 0.056 0.035 0.068 0.064 0.041 0.061 0.094 0.05 0.101 0.108 0.066 0.059 0.05;
0.058 0.063 0.041 0.108 0.112 0.087 0.035 0.081 0.026 0.063 0.06 0.064 0.056 0.085 0.061;0.058 0.063 0.087 0.035 0.081 0.041 0.108 0.112 0.026 0.063 0.06 0.064 0.085 0.056 0.061;0.058 0.087 0.041 0.026 0.064 0.063 0.035 0.081 0.108 0.063 0.085 0.112 0.056 0.06 0.061;
0.053 0.072 0.06 0.087 0.114 0.073 0.033 0.068 0.038 0.065 0.077 0.05 0.07 0.083 0.057;0.053 0.072 0.073 0.033 0.068 0.06 0.087 0.114 0.038 0.065 0.077 0.05 0.083 0.07 0.057;0.053 0.073 0.06 0.038 0.05 0.072 0.033 0.068 0.087 0.065 0.083 0.114 0.07 0.077 0.057;
0.057 0.084 0.066 0.098 0.101 0.056 0.032 0.076 0.036 0.054 0.073 0.062 0.059 0.099 0.047;0.057 0.084 0.056 0.032 0.076 0.066 0.098 0.101 0.036 0.054 0.073 0.062 0.099 0.059 0.047;0.057 0.056 0.066 0.036 0.062 0.084 0.032 0.076 0.098 0.054 0.099 0.101 0.059 0.073 0.047;
0.066 0.079 0.068 0.073 0.115 0.087 0.035 0.077 0.029 0.05 0.052 0.057 0.063 0.098 0.051;0.066 0.079 0.087 0.035 0.077 0.068 0.073 0.115 0.029 0.05 0.052 0.057 0.098 0.063 0.051;0.066 0.087 0.068 0.029 0.057 0.079 0.035 0.077 0.073 0.05 0.098 0.115 0.063 0.052 0.051;
0.061 0.081 0.051 0.074 0.101 0.083 0.029 0.08 0.042 0.061 0.073 0.056 0.055 0.099 0.054;0.061 0.081 0.083 0.029 0.08 0.051 0.074 0.101 0.042 0.061 0.073 0.056 0.099 0.055 0.054;0.061 0.083 0.051 0.042 0.056 0.081 0.029 0.08 0.074 0.061 0.099 0.101 0.055 0.073 0.054;
0.053 0.093 0.061 0.088 0.107 0.065 0.053 0.072 0.035 0.058 0.063 0.066 0.057 0.087 0.042;0.053 0.093 0.065 0.053 0.072 0.061 0.088 0.107 0.035 0.058 0.063 0.066 0.087 0.057 0.042;0.053 0.065 0.061 0.035 0.066 0.093 0.053 0.072 0.088 0.058 0.087 0.107 0.057 0.063 0.042;
0.052 0.09 0.063 0.095 0.099 0.079 0.038 0.075 0.024 0.062 0.068 0.055 0.054 0.105 0.041;0.052 0.09 0.079 0.038 0.075 0.063 0.095 0.099 0.024 0.062 0.068 0.055 0.105 0.054 0.041;0.052 0.079 0.063 0.024 0.055 0.09 0.038 0.075 0.095 0.062 0.105 0.099 0.054 0.068 0.041;
0.056 0.081 0.07 0.089 0.087 0.069 0.046 0.076 0.032 0.053 0.054 0.063 0.046 0.1 0.078;0.056 0.081 0.069 0.046 0.076 0.07 0.089 0.087 0.032 0.053 0.054 0.063 0.1 0.046 0.078;0.056 0.069 0.07 0.032 0.063 0.081 0.046 0.076 0.089 0.053 0.1 0.087 0.046 0.054 0.078;
0.055 0.077 0.05 0.09 0.111 0.083 0.043 0.076 0.031 0.044 0.046 0.061 0.048 0.108 0.077;0.055 0.077 0.083 0.043 0.076 0.05 0.09 0.111 0.031 0.044 0.046 0.061 0.108 0.048 0.077;0.055 0.083 0.05 0.031 0.061 0.077 0.043 0.076 0.09 0.044 0.108 0.111 0.048 0.046 0.077;
0.058 0.07 0.063 0.099 0.117 0.082 0.048 0.06 0.023 0.061 0.05 0.056 0.048 0.11 0.055;0.058 0.07 0.082 0.048 0.06 0.063 0.099 0.117 0.023 0.061 0.05 0.056 0.11 0.048 0.055;0.058 0.082 0.063 0.023 0.056 0.07 0.048 0.06 0.099 0.061 0.11 0.117 0.048 0.05 0.055;
0.062 0.08 0.058 0.085 0.091 0.073 0.047 0.07 0.029 0.06 0.059 0.05 0.071 0.108 0.057;0.062 0.08 0.073 0.047 0.07 0.058 0.085 0.091 0.029 0.06 0.059 0.05 0.108 0.071 0.057;0.062 0.073 0.058 0.029 0.05 0.08 0.047 0.07 0.085 0.06 0.108 0.091 0.071 0.059 0.057];