pntP=[0.023 0.052 0.059 0.059 0.09 0.046 0.034 0.081 0.039 0.042 0.092 0.092 0.084 0.118 0.089;0.023 0.052 0.046 0.034 0.081 0.059 0.059 0.09 0.039 0.042 0.092 0.092 0.118 0.084 0.089;0.023 0.046 0.059 0.039 0.092 0.052 0.034 0.081 0.059 0.042 0.118 0.09 0.084 0.092 0.089;
0.028 0.057 0.046 0.059 0.079 0.054 0.047 0.094 0.036 0.048 0.087 0.083 0.085 0.113 0.084;0.028 0.057 0.054 0.047 0.094 0.046 0.059 0.079 0.036 0.048 0.087 0.083 0.113 0.085 0.084;0.028 0.054 0.046 0.036 0.083 0.057 0.047 0.094 0.059 0.048 0.113 0.079 0.085 0.087 0.084;
0.015 0.048 0.052 0.076 0.094 0.048 0.034 0.096 0.047 0.044 0.093 0.081 0.097 0.099 0.076;0.015 0.048 0.048 0.034 0.096 0.052 0.076 0.094 0.047 0.044 0.093 0.081 0.099 0.097 0.076;0.015 0.048 0.052 0.047 0.081 0.048 0.034 0.096 0.076 0.044 0.099 0.094 0.097 0.093 0.076;
0.017 0.05 0.05 0.049 0.108 0.059 0.048 0.086 0.046 0.05 0.094 0.09 0.091 0.088 0.074;0.017 0.05 0.059 0.048 0.086 0.05 0.049 0.108 0.046 0.05 0.094 0.09 0.088 0.091 0.074;0.017 0.059 0.05 0.046 0.09 0.05 0.048 0.086 0.049 0.05 0.088 0.108 0.091 0.094 0.074;
0.018 0.052 0.053 0.057 0.091 0.048 0.032 0.105 0.054 0.048 0.093 0.073 0.087 0.101 0.088;0.018 0.052 0.048 0.032 0.105 0.053 0.057 0.091 0.054 0.048 0.093 0.073 0.101 0.087 0.088;0.018 0.048 0.053 0.054 0.073 0.052 0.032 0.105 0.057 0.048 0.101 0.091 0.087 0.093 0.088;
0.017 0.059 0.054 0.046 0.124 0.051 0.041 0.095 0.034 0.042 0.073 0.092 0.082 0.099 0.091;0.017 0.059 0.051 0.041 0.095 0.054 0.046 0.124 0.034 0.042 0.073 0.092 0.099 0.082 0.091;0.017 0.051 0.054 0.034 0.092 0.059 0.041 0.095 0.046 0.042 0.099 0.124 0.082 0.073 0.091;
0.029 0.063 0.051 0.059 0.083 0.055 0.049 0.081 0.034 0.059 0.093 0.086 0.081 0.098 0.079;0.029 0.063 0.055 0.049 0.081 0.051 0.059 0.083 0.034 0.059 0.093 0.086 0.098 0.081 0.079;0.029 0.055 0.051 0.034 0.086 0.063 0.049 0.081 0.059 0.059 0.098 0.083 0.081 0.093 0.079;
0.021 0.061 0.043 0.051 0.11 0.053 0.043 0.077 0.053 0.04 0.09 0.088 0.085 0.087 0.098;0.021 0.061 0.053 0.043 0.077 0.043 0.051 0.11 0.053 0.04 0.09 0.088 0.087 0.085 0.098;0.021 0.053 0.043 0.053 0.088 0.061 0.043 0.077 0.051 0.04 0.087 0.11 0.085 0.09 0.098;
0.018 0.059 0.05 0.042 0.092 0.056 0.05 0.092 0.056 0.047 0.085 0.095 0.083 0.095 0.08;0.018 0.059 0.056 0.05 0.092 0.05 0.042 0.092 0.056 0.047 0.085 0.095 0.095 0.083 0.08;0.018 0.056 0.05 0.056 0.095 0.059 0.05 0.092 0.042 0.047 0.095 0.092 0.083 0.085 0.08;
0.017 0.058 0.05 0.067 0.102 0.048 0.049 0.083 0.044 0.044 0.098 0.09 0.071 0.091 0.088;0.017 0.058 0.048 0.049 0.083 0.05 0.067 0.102 0.044 0.044 0.098 0.09 0.091 0.071 0.088;0.017 0.048 0.05 0.044 0.09 0.058 0.049 0.083 0.067 0.044 0.091 0.102 0.071 0.098 0.088;
0.022 0.059 0.059 0.06 0.099 0.054 0.052 0.081 0.037 0.054 0.081 0.067 0.089 0.098 0.088;0.022 0.059 0.054 0.052 0.081 0.059 0.06 0.099 0.037 0.054 0.081 0.067 0.098 0.089 0.088;0.022 0.054 0.059 0.037 0.067 0.059 0.052 0.081 0.06 0.054 0.098 0.099 0.089 0.081 0.088;
0.02 0.049 0.051 0.047 0.11 0.061 0.051 0.086 0.041 0.056 0.099 0.085 0.086 0.093 0.065;0.02 0.049 0.061 0.051 0.086 0.051 0.047 0.11 0.041 0.056 0.099 0.085 0.093 0.086 0.065;0.02 0.061 0.051 0.041 0.085 0.049 0.051 0.086 0.047 0.056 0.093 0.11 0.086 0.099 0.065;
0.021 0.06 0.064 0.055 0.099 0.058 0.047 0.082 0.043 0.044 0.086 0.069 0.081 0.095 0.096;0.021 0.06 0.058 0.047 0.082 0.064 0.055 0.099 0.043 0.044 0.086 0.069 0.095 0.081 0.096;0.021 0.058 0.064 0.043 0.069 0.06 0.047 0.082 0.055 0.044 0.095 0.099 0.081 0.086 0.096;
0.023 0.055 0.063 0.061 0.087 0.053 0.033 0.1 0.044 0.058 0.071 0.098 0.076 0.092 0.086;0.023 0.055 0.053 0.033 0.1 0.063 0.061 0.087 0.044 0.058 0.071 0.098 0.092 0.076 0.086;0.023 0.053 0.063 0.044 0.098 0.055 0.033 0.1 0.061 0.058 0.092 0.087 0.076 0.071 0.086;
0.032 0.058 0.04 0.055 0.094 0.043 0.052 0.084 0.042 0.055 0.079 0.098 0.085 0.093 0.09;0.032 0.058 0.043 0.052 0.084 0.04 0.055 0.094 0.042 0.055 0.079 0.098 0.093 0.085 0.09;0.032 0.043 0.04 0.042 0.098 0.058 0.052 0.084 0.055 0.055 0.093 0.094 0.085 0.079 0.09;
0.024 0.054 0.053 0.068 0.093 0.044 0.054 0.077 0.031 0.053 0.081 0.075 0.085 0.121 0.087;0.024 0.054 0.044 0.054 0.077 0.053 0.068 0.093 0.031 0.053 0.081 0.075 0.121 0.085 0.087;0.024 0.044 0.053 0.031 0.075 0.054 0.054 0.077 0.068 0.053 0.121 0.093 0.085 0.081 0.087;
0.019 0.062 0.06 0.056 0.105 0.048 0.04 0.075 0.051 0.051 0.083 0.092 0.077 0.105 0.076;0.019 0.062 0.048 0.04 0.075 0.06 0.056 0.105 0.051 0.051 0.083 0.092 0.105 0.077 0.076;0.019 0.048 0.06 0.051 0.092 0.062 0.04 0.075 0.056 0.051 0.105 0.105 0.077 0.083 0.076;
0.027 0.051 0.051 0.041 0.095 0.059 0.035 0.096 0.035 0.042 0.079 0.094 0.096 0.119 0.08;0.027 0.051 0.059 0.035 0.096 0.051 0.041 0.095 0.035 0.042 0.079 0.094 0.119 0.096 0.08;0.027 0.059 0.051 0.035 0.094 0.051 0.035 0.096 0.041 0.042 0.119 0.095 0.096 0.079 0.08;
0.021 0.059 0.057 0.063 0.096 0.061 0.039 0.096 0.044 0.056 0.089 0.079 0.084 0.08 0.076;0.021 0.059 0.061 0.039 0.096 0.057 0.063 0.096 0.044 0.056 0.089 0.079 0.08 0.084 0.076;0.021 0.061 0.057 0.044 0.079 0.059 0.039 0.096 0.063 0.056 0.08 0.096 0.084 0.089 0.076;
0.013 0.049 0.056 0.072 0.098 0.036 0.045 0.094 0.045 0.054 0.084 0.081 0.073 0.112 0.088;0.013 0.049 0.036 0.045 0.094 0.056 0.072 0.098 0.045 0.054 0.084 0.081 0.112 0.073 0.088;0.013 0.036 0.056 0.045 0.081 0.049 0.045 0.094 0.072 0.054 0.112 0.098 0.073 0.084 0.088;
0.016 0.055 0.04 0.079 0.106 0.047 0.054 0.087 0.047 0.053 0.083 0.081 0.099 0.074 0.079;0.016 0.055 0.047 0.054 0.087 0.04 0.079 0.106 0.047 0.053 0.083 0.081 0.074 0.099 0.079;0.016 0.047 0.04 0.047 0.081 0.055 0.054 0.087 0.079 0.053 0.074 0.106 0.099 0.083 0.079;
0.022 0.063 0.051 0.056 0.088 0.035 0.058 0.094 0.038 0.056 0.082 0.103 0.071 0.086 0.097;0.022 0.063 0.035 0.058 0.094 0.051 0.056 0.088 0.038 0.056 0.082 0.103 0.086 0.071 0.097;0.022 0.035 0.051 0.038 0.103 0.063 0.058 0.094 0.056 0.056 0.086 0.088 0.071 0.082 0.097;
0.017 0.05 0.056 0.049 0.105 0.044 0.04 0.113 0.058 0.041 0.085 0.081 0.089 0.086 0.086;0.017 0.05 0.044 0.04 0.113 0.056 0.049 0.105 0.058 0.041 0.085 0.081 0.086 0.089 0.086;0.017 0.044 0.056 0.058 0.081 0.05 0.04 0.113 0.049 0.041 0.086 0.105 0.089 0.085 0.086;
0.018 0.052 0.051 0.064 0.088 0.062 0.041 0.091 0.047 0.048 0.092 0.102 0.076 0.08 0.088;0.018 0.052 0.062 0.041 0.091 0.051 0.064 0.088 0.047 0.048 0.092 0.102 0.08 0.076 0.088;0.018 0.062 0.051 0.047 0.102 0.052 0.041 0.091 0.064 0.048 0.08 0.088 0.076 0.092 0.088;
0.019 0.043 0.052 0.047 0.11 0.05 0.044 0.085 0.044 0.051 0.098 0.076 0.097 0.1 0.084;0.019 0.043 0.05 0.044 0.085 0.052 0.047 0.11 0.044 0.051 0.098 0.076 0.1 0.097 0.084;0.019 0.05 0.052 0.044 0.076 0.043 0.044 0.085 0.047 0.051 0.1 0.11 0.097 0.098 0.084;
0.032 0.045 0.041 0.059 0.105 0.041 0.049 0.089 0.043 0.045 0.092 0.079 0.087 0.104 0.089;0.032 0.045 0.041 0.049 0.089 0.041 0.059 0.105 0.043 0.045 0.092 0.079 0.104 0.087 0.089;0.032 0.041 0.041 0.043 0.079 0.045 0.049 0.089 0.059 0.045 0.104 0.105 0.087 0.092 0.089;
0.024 0.053 0.052 0.046 0.104 0.06 0.061 0.087 0.04 0.046 0.088 0.087 0.081 0.097 0.074;0.024 0.053 0.06 0.061 0.087 0.052 0.046 0.104 0.04 0.046 0.088 0.087 0.097 0.081 0.074;0.024 0.06 0.052 0.04 0.087 0.053 0.061 0.087 0.046 0.046 0.097 0.104 0.081 0.088 0.074;
0.022 0.044 0.057 0.055 0.093 0.045 0.051 0.092 0.046 0.05 0.1 0.077 0.079 0.113 0.076;0.022 0.044 0.045 0.051 0.092 0.057 0.055 0.093 0.046 0.05 0.1 0.077 0.113 0.079 0.076;0.022 0.045 0.057 0.046 0.077 0.044 0.051 0.092 0.055 0.05 0.113 0.093 0.079 0.1 0.076;
0.027 0.052 0.041 0.064 0.097 0.06 0.048 0.087 0.033 0.056 0.086 0.084 0.087 0.094 0.084;0.027 0.052 0.06 0.048 0.087 0.041 0.064 0.097 0.033 0.056 0.086 0.084 0.094 0.087 0.084;0.027 0.06 0.041 0.033 0.084 0.052 0.048 0.087 0.064 0.056 0.094 0.097 0.087 0.086 0.084;
0.026 0.049 0.049 0.066 0.088 0.045 0.044 0.08 0.047 0.054 0.081 0.097 0.092 0.104 0.078;0.026 0.049 0.045 0.044 0.08 0.049 0.066 0.088 0.047 0.054 0.081 0.097 0.104 0.092 0.078;0.026 0.045 0.049 0.047 0.097 0.049 0.044 0.08 0.066 0.054 0.104 0.088 0.092 0.081 0.078;
0.019 0.039 0.062 0.061 0.094 0.052 0.046 0.087 0.044 0.048 0.089 0.082 0.093 0.097 0.087;0.019 0.039 0.052 0.046 0.087 0.062 0.061 0.094 0.044 0.048 0.089 0.082 0.097 0.093 0.087;0.019 0.052 0.062 0.044 0.082 0.039 0.046 0.087 0.061 0.048 0.097 0.094 0.093 0.089 0.087;
0.023 0.049 0.044 0.052 0.096 0.061 0.051 0.076 0.057 0.064 0.072 0.079 0.09 0.098 0.088;0.023 0.049 0.061 0.051 0.076 0.044 0.052 0.096 0.057 0.064 0.072 0.079 0.098 0.09 0.088;0.023 0.061 0.044 0.057 0.079 0.049 0.051 0.076 0.052 0.064 0.098 0.096 0.09 0.072 0.088;
0.014 0.055 0.054 0.063 0.095 0.046 0.05 0.092 0.052 0.047 0.084 0.087 0.084 0.087 0.09;0.014 0.055 0.046 0.05 0.092 0.054 0.063 0.095 0.052 0.047 0.084 0.087 0.087 0.084 0.09;0.014 0.046 0.054 0.052 0.087 0.055 0.05 0.092 0.063 0.047 0.087 0.095 0.084 0.084 0.09;
0.019 0.06 0.051 0.057 0.096 0.051 0.039 0.083 0.055 0.057 0.08 0.082 0.083 0.1 0.087;0.019 0.06 0.051 0.039 0.083 0.051 0.057 0.096 0.055 0.057 0.08 0.082 0.1 0.083 0.087;0.019 0.051 0.051 0.055 0.082 0.06 0.039 0.083 0.057 0.057 0.1 0.096 0.083 0.08 0.087;
0.019 0.052 0.055 0.057 0.099 0.045 0.042 0.08 0.057 0.045 0.092 0.086 0.093 0.096 0.082;0.019 0.052 0.045 0.042 0.08 0.055 0.057 0.099 0.057 0.045 0.092 0.086 0.096 0.093 0.082;0.019 0.045 0.055 0.057 0.086 0.052 0.042 0.08 0.057 0.045 0.096 0.099 0.093 0.092 0.082;
0.02 0.061 0.044 0.047 0.097 0.054 0.051 0.085 0.038 0.055 0.089 0.084 0.095 0.101 0.079;0.02 0.061 0.054 0.051 0.085 0.044 0.047 0.097 0.038 0.055 0.089 0.084 0.101 0.095 0.079;0.02 0.054 0.044 0.038 0.084 0.061 0.051 0.085 0.047 0.055 0.101 0.097 0.095 0.089 0.079;
0.018 0.043 0.046 0.048 0.101 0.047 0.046 0.094 0.052 0.048 0.08 0.097 0.075 0.112 0.093;0.018 0.043 0.047 0.046 0.094 0.046 0.048 0.101 0.052 0.048 0.08 0.097 0.112 0.075 0.093;0.018 0.047 0.046 0.052 0.097 0.043 0.046 0.094 0.048 0.048 0.112 0.101 0.075 0.08 0.093;
0.013 0.05 0.057 0.058 0.108 0.062 0.049 0.087 0.044 0.053 0.085 0.074 0.083 0.099 0.078;0.013 0.05 0.062 0.049 0.087 0.057 0.058 0.108 0.044 0.053 0.085 0.074 0.099 0.083 0.078;0.013 0.062 0.057 0.044 0.074 0.05 0.049 0.087 0.058 0.053 0.099 0.108 0.083 0.085 0.078;
0.024 0.061 0.059 0.068 0.104 0.059 0.039 0.082 0.041 0.06 0.081 0.073 0.075 0.094 0.08;0.024 0.061 0.059 0.039 0.082 0.059 0.068 0.104 0.041 0.06 0.081 0.073 0.094 0.075 0.08;0.024 0.059 0.059 0.041 0.073 0.061 0.039 0.082 0.068 0.06 0.094 0.104 0.075 0.081 0.08;
0.024 0.058 0.036 0.056 0.09 0.067 0.037 0.098 0.044 0.049 0.072 0.082 0.076 0.099 0.112;0.024 0.058 0.067 0.037 0.098 0.036 0.056 0.09 0.044 0.049 0.072 0.082 0.099 0.076 0.112;0.024 0.067 0.036 0.044 0.082 0.058 0.037 0.098 0.056 0.049 0.099 0.09 0.076 0.072 0.112;
0.022 0.054 0.05 0.052 0.108 0.049 0.042 0.08 0.047 0.057 0.082 0.083 0.067 0.095 0.112;0.022 0.054 0.049 0.042 0.08 0.05 0.052 0.108 0.047 0.057 0.082 0.083 0.095 0.067 0.112;0.022 0.049 0.05 0.047 0.083 0.054 0.042 0.08 0.052 0.057 0.095 0.108 0.067 0.082 0.112;
0.023 0.056 0.05 0.057 0.095 0.044 0.039 0.088 0.049 0.049 0.072 0.089 0.099 0.105 0.085;0.023 0.056 0.044 0.039 0.088 0.05 0.057 0.095 0.049 0.049 0.072 0.089 0.105 0.099 0.085;0.023 0.044 0.05 0.049 0.089 0.056 0.039 0.088 0.057 0.049 0.105 0.095 0.099 0.072 0.085;
0.028 0.066 0.059 0.063 0.097 0.043 0.047 0.084 0.039 0.037 0.089 0.085 0.076 0.108 0.079;0.028 0.066 0.043 0.047 0.084 0.059 0.063 0.097 0.039 0.037 0.089 0.085 0.108 0.076 0.079;0.028 0.043 0.059 0.039 0.085 0.066 0.047 0.084 0.063 0.037 0.108 0.097 0.076 0.089 0.079;
0.031 0.054 0.049 0.068 0.081 0.054 0.035 0.084 0.033 0.055 0.095 0.101 0.075 0.096 0.089;0.031 0.054 0.054 0.035 0.084 0.049 0.068 0.081 0.033 0.055 0.095 0.101 0.096 0.075 0.089;0.031 0.054 0.049 0.033 0.101 0.054 0.035 0.084 0.068 0.055 0.096 0.081 0.075 0.095 0.089;
0.019 0.043 0.057 0.066 0.097 0.054 0.037 0.092 0.037 0.046 0.105 0.096 0.074 0.087 0.09;0.019 0.043 0.054 0.037 0.092 0.057 0.066 0.097 0.037 0.046 0.105 0.096 0.087 0.074 0.09;0.019 0.054 0.057 0.037 0.096 0.043 0.037 0.092 0.066 0.046 0.087 0.097 0.074 0.105 0.09;
0.018 0.066 0.044 0.057 0.096 0.057 0.051 0.09 0.042 0.04 0.086 0.079 0.073 0.103 0.098;0.018 0.066 0.057 0.051 0.09 0.044 0.057 0.096 0.042 0.04 0.086 0.079 0.103 0.073 0.098;0.018 0.057 0.044 0.042 0.079 0.066 0.051 0.09 0.057 0.04 0.103 0.096 0.073 0.086 0.098;
0.015 0.043 0.057 0.055 0.11 0.05 0.04 0.097 0.038 0.051 0.09 0.096 0.077 0.105 0.076;0.015 0.043 0.05 0.04 0.097 0.057 0.055 0.11 0.038 0.051 0.09 0.096 0.105 0.077 0.076;0.015 0.05 0.057 0.038 0.096 0.043 0.04 0.097 0.055 0.051 0.105 0.11 0.077 0.09 0.076;
0.018 0.057 0.044 0.058 0.09 0.052 0.051 0.076 0.043 0.053 0.092 0.092 0.091 0.107 0.076;0.018 0.057 0.052 0.051 0.076 0.044 0.058 0.09 0.043 0.053 0.092 0.092 0.107 0.091 0.076;0.018 0.052 0.044 0.043 0.092 0.057 0.051 0.076 0.058 0.053 0.107 0.09 0.091 0.092 0.076;
0.028 0.047 0.05 0.065 0.098 0.059 0.047 0.089 0.048 0.054 0.08 0.095 0.082 0.084 0.074;0.028 0.047 0.059 0.047 0.089 0.05 0.065 0.098 0.048 0.054 0.08 0.095 0.084 0.082 0.074;0.028 0.059 0.05 0.048 0.095 0.047 0.047 0.089 0.065 0.054 0.084 0.098 0.082 0.08 0.074;
0.015 0.05 0.056 0.054 0.102 0.064 0.039 0.083 0.045 0.051 0.083 0.084 0.109 0.089 0.076;0.015 0.05 0.064 0.039 0.083 0.056 0.054 0.102 0.045 0.051 0.083 0.084 0.089 0.109 0.076;0.015 0.064 0.056 0.045 0.084 0.05 0.039 0.083 0.054 0.051 0.089 0.102 0.109 0.083 0.076;
0.02 0.056 0.056 0.063 0.094 0.048 0.035 0.069 0.041 0.046 0.103 0.088 0.071 0.122 0.088;0.02 0.056 0.048 0.035 0.069 0.056 0.063 0.094 0.041 0.046 0.103 0.088 0.122 0.071 0.088;0.02 0.048 0.056 0.041 0.088 0.056 0.035 0.069 0.063 0.046 0.122 0.094 0.071 0.103 0.088;
0.018 0.06 0.045 0.058 0.085 0.05 0.045 0.094 0.06 0.057 0.085 0.083 0.086 0.1 0.074;0.018 0.06 0.05 0.045 0.094 0.045 0.058 0.085 0.06 0.057 0.085 0.083 0.1 0.086 0.074;0.018 0.05 0.045 0.06 0.083 0.06 0.045 0.094 0.058 0.057 0.1 0.085 0.086 0.085 0.074;
0.023 0.055 0.057 0.068 0.103 0.053 0.035 0.081 0.046 0.047 0.077 0.085 0.088 0.094 0.088;0.023 0.055 0.053 0.035 0.081 0.057 0.068 0.103 0.046 0.047 0.077 0.085 0.094 0.088 0.088;0.023 0.053 0.057 0.046 0.085 0.055 0.035 0.081 0.068 0.047 0.094 0.103 0.088 0.077 0.088;
0.019 0.041 0.052 0.047 0.104 0.046 0.036 0.074 0.05 0.051 0.094 0.097 0.091 0.106 0.092;0.019 0.041 0.046 0.036 0.074 0.052 0.047 0.104 0.05 0.051 0.094 0.097 0.106 0.091 0.092;0.019 0.046 0.052 0.05 0.097 0.041 0.036 0.074 0.047 0.051 0.106 0.104 0.091 0.094 0.092;
0.021 0.041 0.06 0.049 0.097 0.068 0.038 0.083 0.051 0.049 0.088 0.089 0.084 0.094 0.088;0.021 0.041 0.068 0.038 0.083 0.06 0.049 0.097 0.051 0.049 0.088 0.089 0.094 0.084 0.088;0.021 0.068 0.06 0.051 0.089 0.041 0.038 0.083 0.049 0.049 0.094 0.097 0.084 0.088 0.088;
0.025 0.041 0.042 0.045 0.1 0.042 0.046 0.1 0.046 0.057 0.085 0.09 0.092 0.104 0.085;0.025 0.041 0.042 0.046 0.1 0.042 0.045 0.1 0.046 0.057 0.085 0.09 0.104 0.092 0.085;0.025 0.042 0.042 0.046 0.09 0.041 0.046 0.1 0.045 0.057 0.104 0.1 0.092 0.085 0.085;
0.012 0.044 0.054 0.061 0.1 0.064 0.049 0.09 0.034 0.05 0.068 0.091 0.093 0.098 0.092;0.012 0.044 0.064 0.049 0.09 0.054 0.061 0.1 0.034 0.05 0.068 0.091 0.098 0.093 0.092;0.012 0.064 0.054 0.034 0.091 0.044 0.049 0.09 0.061 0.05 0.098 0.1 0.093 0.068 0.092;
0.021 0.047 0.05 0.071 0.089 0.061 0.048 0.078 0.049 0.051 0.085 0.102 0.088 0.077 0.083;0.021 0.047 0.061 0.048 0.078 0.05 0.071 0.089 0.049 0.051 0.085 0.102 0.077 0.088 0.083;0.021 0.061 0.05 0.049 0.102 0.047 0.048 0.078 0.071 0.051 0.077 0.089 0.088 0.085 0.083;
0.025 0.051 0.047 0.048 0.099 0.061 0.044 0.083 0.038 0.051 0.098 0.088 0.08 0.087 0.1;0.025 0.051 0.061 0.044 0.083 0.047 0.048 0.099 0.038 0.051 0.098 0.088 0.087 0.08 0.1;0.025 0.061 0.047 0.038 0.088 0.051 0.044 0.083 0.048 0.051 0.087 0.099 0.08 0.098 0.1;
0.022 0.044 0.047 0.062 0.102 0.044 0.05 0.09 0.043 0.053 0.083 0.076 0.106 0.094 0.084;0.022 0.044 0.044 0.05 0.09 0.047 0.062 0.102 0.043 0.053 0.083 0.076 0.094 0.106 0.084;0.022 0.044 0.047 0.043 0.076 0.044 0.05 0.09 0.062 0.053 0.094 0.102 0.106 0.083 0.084;
0.027 0.052 0.049 0.066 0.092 0.048 0.041 0.074 0.038 0.052 0.089 0.096 0.096 0.1 0.08;0.027 0.052 0.048 0.041 0.074 0.049 0.066 0.092 0.038 0.052 0.089 0.096 0.1 0.096 0.08;0.027 0.048 0.049 0.038 0.096 0.052 0.041 0.074 0.066 0.052 0.1 0.092 0.096 0.089 0.08;
0.021 0.041 0.052 0.052 0.092 0.057 0.04 0.096 0.039 0.071 0.084 0.082 0.077 0.109 0.087;0.021 0.041 0.057 0.04 0.096 0.052 0.052 0.092 0.039 0.071 0.084 0.082 0.109 0.077 0.087;0.021 0.057 0.052 0.039 0.082 0.041 0.04 0.096 0.052 0.071 0.109 0.092 0.077 0.084 0.087;
0.022 0.053 0.046 0.058 0.09 0.051 0.043 0.092 0.05 0.045 0.088 0.095 0.092 0.093 0.082;0.022 0.053 0.051 0.043 0.092 0.046 0.058 0.09 0.05 0.045 0.088 0.095 0.093 0.092 0.082;0.022 0.051 0.046 0.05 0.095 0.053 0.043 0.092 0.058 0.045 0.093 0.09 0.092 0.088 0.082;
0.025 0.059 0.051 0.064 0.102 0.057 0.037 0.077 0.044 0.054 0.092 0.095 0.066 0.09 0.087;0.025 0.059 0.057 0.037 0.077 0.051 0.064 0.102 0.044 0.054 0.092 0.095 0.09 0.066 0.087;0.025 0.057 0.051 0.044 0.095 0.059 0.037 0.077 0.064 0.054 0.09 0.102 0.066 0.092 0.087;
0.025 0.049 0.043 0.043 0.09 0.058 0.043 0.07 0.048 0.051 0.089 0.093 0.088 0.096 0.114;0.025 0.049 0.058 0.043 0.07 0.043 0.043 0.09 0.048 0.051 0.089 0.093 0.096 0.088 0.114;0.025 0.058 0.043 0.048 0.093 0.049 0.043 0.07 0.043 0.051 0.096 0.09 0.088 0.089 0.114;
0.022 0.035 0.057 0.061 0.096 0.055 0.042 0.085 0.03 0.068 0.082 0.09 0.093 0.097 0.087;0.022 0.035 0.055 0.042 0.085 0.057 0.061 0.096 0.03 0.068 0.082 0.09 0.097 0.093 0.087;0.022 0.055 0.057 0.03 0.09 0.035 0.042 0.085 0.061 0.068 0.097 0.096 0.093 0.082 0.087;
0.014 0.056 0.069 0.051 0.086 0.05 0.055 0.085 0.04 0.052 0.085 0.082 0.098 0.105 0.072;0.014 0.056 0.05 0.055 0.085 0.069 0.051 0.086 0.04 0.052 0.085 0.082 0.105 0.098 0.072;0.014 0.05 0.069 0.04 0.082 0.056 0.055 0.085 0.051 0.052 0.105 0.086 0.098 0.085 0.072;
0.02 0.065 0.059 0.053 0.113 0.052 0.05 0.078 0.045 0.046 0.07 0.088 0.088 0.093 0.08;0.02 0.065 0.052 0.05 0.078 0.059 0.053 0.113 0.045 0.046 0.07 0.088 0.093 0.088 0.08;0.02 0.052 0.059 0.045 0.088 0.065 0.05 0.078 0.053 0.046 0.093 0.113 0.088 0.07 0.08;
0.018 0.054 0.056 0.06 0.088 0.059 0.04 0.087 0.042 0.05 0.091 0.083 0.094 0.102 0.076;0.018 0.054 0.059 0.04 0.087 0.056 0.06 0.088 0.042 0.05 0.091 0.083 0.102 0.094 0.076;0.018 0.059 0.056 0.042 0.083 0.054 0.04 0.087 0.06 0.05 0.102 0.088 0.094 0.091 0.076;
0.022 0.055 0.055 0.043 0.118 0.039 0.058 0.087 0.032 0.059 0.08 0.081 0.078 0.112 0.081;0.022 0.055 0.039 0.058 0.087 0.055 0.043 0.118 0.032 0.059 0.08 0.081 0.112 0.078 0.081;0.022 0.039 0.055 0.032 0.081 0.055 0.058 0.087 0.043 0.059 0.112 0.118 0.078 0.08 0.081;
0.025 0.061 0.036 0.061 0.095 0.039 0.038 0.105 0.042 0.051 0.077 0.098 0.075 0.116 0.081;0.025 0.061 0.039 0.038 0.105 0.036 0.061 0.095 0.042 0.051 0.077 0.098 0.116 0.075 0.081;0.025 0.039 0.036 0.042 0.098 0.061 0.038 0.105 0.061 0.051 0.116 0.095 0.075 0.077 0.081;
0.019 0.062 0.052 0.046 0.102 0.064 0.045 0.089 0.048 0.059 0.072 0.086 0.077 0.095 0.084;0.019 0.062 0.064 0.045 0.089 0.052 0.046 0.102 0.048 0.059 0.072 0.086 0.095 0.077 0.084;0.019 0.064 0.052 0.048 0.086 0.062 0.045 0.089 0.046 0.059 0.095 0.102 0.077 0.072 0.084;
0.019 0.048 0.04 0.055 0.117 0.061 0.034 0.094 0.037 0.048 0.091 0.082 0.08 0.107 0.087;0.019 0.048 0.061 0.034 0.094 0.04 0.055 0.117 0.037 0.048 0.091 0.082 0.107 0.08 0.087;0.019 0.061 0.04 0.037 0.082 0.048 0.034 0.094 0.055 0.048 0.107 0.117 0.08 0.091 0.087;
0.018 0.045 0.042 0.068 0.101 0.056 0.042 0.089 0.047 0.046 0.086 0.091 0.084 0.09 0.095;0.018 0.045 0.056 0.042 0.089 0.042 0.068 0.101 0.047 0.046 0.086 0.091 0.09 0.084 0.095;0.018 0.056 0.042 0.047 0.091 0.045 0.042 0.089 0.068 0.046 0.09 0.101 0.084 0.086 0.095;
0.016 0.046 0.049 0.061 0.108 0.062 0.047 0.102 0.04 0.046 0.082 0.084 0.066 0.106 0.085;0.016 0.046 0.062 0.047 0.102 0.049 0.061 0.108 0.04 0.046 0.082 0.084 0.106 0.066 0.085;0.016 0.062 0.049 0.04 0.084 0.046 0.047 0.102 0.061 0.046 0.106 0.108 0.066 0.082 0.085;
0.036 0.053 0.055 0.063 0.103 0.053 0.053 0.079 0.052 0.044 0.078 0.076 0.08 0.09 0.085;0.036 0.053 0.053 0.053 0.079 0.055 0.063 0.103 0.052 0.044 0.078 0.076 0.09 0.08 0.085;0.036 0.053 0.055 0.052 0.076 0.053 0.053 0.079 0.063 0.044 0.09 0.103 0.08 0.078 0.085;
0.021 0.062 0.036 0.059 0.088 0.043 0.029 0.078 0.049 0.063 0.091 0.105 0.089 0.097 0.09;0.021 0.062 0.043 0.029 0.078 0.036 0.059 0.088 0.049 0.063 0.091 0.105 0.097 0.089 0.09;0.021 0.043 0.036 0.049 0.105 0.062 0.029 0.078 0.059 0.063 0.097 0.088 0.089 0.091 0.09;
0.017 0.066 0.062 0.06 0.086 0.045 0.049 0.09 0.049 0.051 0.081 0.082 0.072 0.105 0.085;0.017 0.066 0.045 0.049 0.09 0.062 0.06 0.086 0.049 0.051 0.081 0.082 0.105 0.072 0.085;0.017 0.045 0.062 0.049 0.082 0.066 0.049 0.09 0.06 0.051 0.105 0.086 0.072 0.081 0.085;
0.025 0.04 0.055 0.065 0.093 0.062 0.037 0.074 0.048 0.055 0.092 0.095 0.074 0.109 0.076;0.025 0.04 0.062 0.037 0.074 0.055 0.065 0.093 0.048 0.055 0.092 0.095 0.109 0.074 0.076;0.025 0.062 0.055 0.048 0.095 0.04 0.037 0.074 0.065 0.055 0.109 0.093 0.074 0.092 0.076;
0.015 0.049 0.038 0.061 0.097 0.057 0.056 0.088 0.045 0.053 0.081 0.093 0.08 0.086 0.101;0.015 0.049 0.057 0.056 0.088 0.038 0.061 0.097 0.045 0.053 0.081 0.093 0.086 0.08 0.101;0.015 0.057 0.038 0.045 0.093 0.049 0.056 0.088 0.061 0.053 0.086 0.097 0.08 0.081 0.101;
0.016 0.054 0.039 0.053 0.1 0.067 0.035 0.078 0.051 0.046 0.096 0.093 0.086 0.101 0.085;0.016 0.054 0.067 0.035 0.078 0.039 0.053 0.1 0.051 0.046 0.096 0.093 0.101 0.086 0.085;0.016 0.067 0.039 0.051 0.093 0.054 0.035 0.078 0.053 0.046 0.101 0.1 0.086 0.096 0.085;
0.014 0.049 0.056 0.046 0.113 0.057 0.046 0.09 0.037 0.061 0.07 0.081 0.085 0.114 0.081;0.014 0.049 0.057 0.046 0.09 0.056 0.046 0.113 0.037 0.061 0.07 0.081 0.114 0.085 0.081;0.014 0.057 0.056 0.037 0.081 0.049 0.046 0.09 0.046 0.061 0.114 0.113 0.085 0.07 0.081;
0.018 0.045 0.048 0.068 0.081 0.063 0.041 0.097 0.041 0.058 0.099 0.08 0.093 0.084 0.084;0.018 0.045 0.063 0.041 0.097 0.048 0.068 0.081 0.041 0.058 0.099 0.08 0.084 0.093 0.084;0.018 0.063 0.048 0.041 0.08 0.045 0.041 0.097 0.068 0.058 0.084 0.081 0.093 0.099 0.084;
0.021 0.042 0.047 0.053 0.105 0.05 0.042 0.096 0.054 0.049 0.089 0.082 0.089 0.104 0.077;0.021 0.042 0.05 0.042 0.096 0.047 0.053 0.105 0.054 0.049 0.089 0.082 0.104 0.089 0.077;0.021 0.05 0.047 0.054 0.082 0.042 0.042 0.096 0.053 0.049 0.104 0.105 0.089 0.089 0.077;
0.017 0.067 0.05 0.052 0.086 0.062 0.042 0.092 0.051 0.037 0.088 0.08 0.078 0.099 0.099;0.017 0.067 0.062 0.042 0.092 0.05 0.052 0.086 0.051 0.037 0.088 0.08 0.099 0.078 0.099;0.017 0.062 0.05 0.051 0.08 0.067 0.042 0.092 0.052 0.037 0.099 0.086 0.078 0.088 0.099;
0.028 0.048 0.051 0.072 0.095 0.049 0.038 0.104 0.05 0.056 0.088 0.084 0.068 0.087 0.082;0.028 0.048 0.049 0.038 0.104 0.051 0.072 0.095 0.05 0.056 0.088 0.084 0.087 0.068 0.082;0.028 0.049 0.051 0.05 0.084 0.048 0.038 0.104 0.072 0.056 0.087 0.095 0.068 0.088 0.082;
0.022 0.051 0.055 0.057 0.111 0.055 0.047 0.093 0.041 0.047 0.07 0.085 0.112 0.086 0.068;0.022 0.051 0.055 0.047 0.093 0.055 0.057 0.111 0.041 0.047 0.07 0.085 0.086 0.112 0.068;0.022 0.055 0.055 0.041 0.085 0.051 0.047 0.093 0.057 0.047 0.086 0.111 0.112 0.07 0.068;
0.023 0.062 0.057 0.065 0.098 0.05 0.048 0.1 0.035 0.055 0.081 0.074 0.068 0.096 0.088;0.023 0.062 0.05 0.048 0.1 0.057 0.065 0.098 0.035 0.055 0.081 0.074 0.096 0.068 0.088;0.023 0.05 0.057 0.035 0.074 0.062 0.048 0.1 0.065 0.055 0.096 0.098 0.068 0.081 0.088;
0.015 0.044 0.051 0.059 0.101 0.062 0.047 0.09 0.047 0.045 0.082 0.089 0.081 0.097 0.09;0.015 0.044 0.062 0.047 0.09 0.051 0.059 0.101 0.047 0.045 0.082 0.089 0.097 0.081 0.09;0.015 0.062 0.051 0.047 0.089 0.044 0.047 0.09 0.059 0.045 0.097 0.101 0.081 0.082 0.09;
0.019 0.057 0.043 0.055 0.1 0.052 0.037 0.076 0.048 0.046 0.09 0.089 0.083 0.1 0.105;0.019 0.057 0.052 0.037 0.076 0.043 0.055 0.1 0.048 0.046 0.09 0.089 0.1 0.083 0.105;0.019 0.052 0.043 0.048 0.089 0.057 0.037 0.076 0.055 0.046 0.1 0.1 0.083 0.09 0.105;
0.017 0.045 0.058 0.056 0.096 0.052 0.032 0.086 0.043 0.056 0.085 0.096 0.084 0.113 0.081;0.017 0.045 0.052 0.032 0.086 0.058 0.056 0.096 0.043 0.056 0.085 0.096 0.113 0.084 0.081;0.017 0.052 0.058 0.043 0.096 0.045 0.032 0.086 0.056 0.056 0.113 0.096 0.084 0.085 0.081;
0.023 0.046 0.052 0.07 0.105 0.065 0.042 0.076 0.042 0.046 0.088 0.086 0.07 0.091 0.098;0.023 0.046 0.065 0.042 0.076 0.052 0.07 0.105 0.042 0.046 0.088 0.086 0.091 0.07 0.098;0.023 0.065 0.052 0.042 0.086 0.046 0.042 0.076 0.07 0.046 0.091 0.105 0.07 0.088 0.098;
0.019 0.069 0.042 0.045 0.115 0.041 0.054 0.081 0.049 0.047 0.087 0.089 0.086 0.102 0.074;0.019 0.069 0.041 0.054 0.081 0.042 0.045 0.115 0.049 0.047 0.087 0.089 0.102 0.086 0.074;0.019 0.041 0.042 0.049 0.089 0.069 0.054 0.081 0.045 0.047 0.102 0.115 0.086 0.087 0.074;
0.03 0.046 0.056 0.056 0.111 0.056 0.039 0.086 0.046 0.043 0.074 0.082 0.092 0.09 0.093;0.03 0.046 0.056 0.039 0.086 0.056 0.056 0.111 0.046 0.043 0.074 0.082 0.09 0.092 0.093;0.03 0.056 0.056 0.046 0.082 0.046 0.039 0.086 0.056 0.043 0.09 0.111 0.092 0.074 0.093;
0.026 0.049 0.057 0.07 0.092 0.065 0.038 0.091 0.03 0.041 0.07 0.092 0.073 0.109 0.097;0.026 0.049 0.065 0.038 0.091 0.057 0.07 0.092 0.03 0.041 0.07 0.092 0.109 0.073 0.097;0.026 0.065 0.057 0.03 0.092 0.049 0.038 0.091 0.07 0.041 0.109 0.092 0.073 0.07 0.097;
0.015 0.051 0.057 0.049 0.106 0.035 0.041 0.088 0.057 0.055 0.089 0.085 0.094 0.091 0.087;0.015 0.051 0.035 0.041 0.088 0.057 0.049 0.106 0.057 0.055 0.089 0.085 0.091 0.094 0.087;0.015 0.035 0.057 0.057 0.085 0.051 0.041 0.088 0.049 0.055 0.091 0.106 0.094 0.089 0.087;
0.016 0.045 0.059 0.043 0.083 0.059 0.061 0.093 0.052 0.06 0.088 0.065 0.106 0.083 0.087;0.016 0.045 0.059 0.061 0.093 0.059 0.043 0.083 0.052 0.06 0.088 0.065 0.083 0.106 0.087;0.016 0.059 0.059 0.052 0.065 0.045 0.061 0.093 0.043 0.06 0.083 0.083 0.106 0.088 0.087;
0.027 0.049 0.057 0.065 0.088 0.044 0.044 0.079 0.047 0.056 0.097 0.09 0.091 0.099 0.067;0.027 0.049 0.044 0.044 0.079 0.057 0.065 0.088 0.047 0.056 0.097 0.09 0.099 0.091 0.067;0.027 0.044 0.057 0.047 0.09 0.049 0.044 0.079 0.065 0.056 0.099 0.088 0.091 0.097 0.067;
0.019 0.053 0.049 0.066 0.106 0.056 0.045 0.094 0.035 0.051 0.075 0.069 0.107 0.1 0.075;0.019 0.053 0.056 0.045 0.094 0.049 0.066 0.106 0.035 0.051 0.075 0.069 0.1 0.107 0.075;0.019 0.056 0.049 0.035 0.069 0.053 0.045 0.094 0.066 0.051 0.1 0.106 0.107 0.075 0.075;
0.01 0.045 0.062 0.059 0.08 0.048 0.041 0.088 0.042 0.072 0.076 0.088 0.084 0.116 0.089;0.01 0.045 0.048 0.041 0.088 0.062 0.059 0.08 0.042 0.072 0.076 0.088 0.116 0.084 0.089;0.01 0.048 0.062 0.042 0.088 0.045 0.041 0.088 0.059 0.072 0.116 0.08 0.084 0.076 0.089];