pntP=[0.019 0.05 0.053 0.057 0.094 0.04 0.047 0.084 0.037 0.05 0.097 0.081 0.083 0.113 0.095;0.019 0.05 0.04 0.047 0.084 0.053 0.057 0.094 0.037 0.05 0.097 0.081 0.113 0.083 0.095;0.019 0.04 0.053 0.037 0.081 0.05 0.047 0.084 0.057 0.05 0.113 0.094 0.083 0.097 0.095;
0.021 0.066 0.045 0.047 0.09 0.052 0.051 0.094 0.038 0.053 0.087 0.082 0.099 0.099 0.076;0.021 0.066 0.052 0.051 0.094 0.045 0.047 0.09 0.038 0.053 0.087 0.082 0.099 0.099 0.076;0.021 0.052 0.045 0.038 0.082 0.066 0.051 0.094 0.047 0.053 0.099 0.09 0.099 0.087 0.076;
0.016 0.054 0.051 0.06 0.094 0.049 0.04 0.093 0.038 0.045 0.089 0.083 0.085 0.119 0.084;0.016 0.054 0.049 0.04 0.093 0.051 0.06 0.094 0.038 0.045 0.089 0.083 0.119 0.085 0.084;0.016 0.049 0.051 0.038 0.083 0.054 0.04 0.093 0.06 0.045 0.119 0.094 0.085 0.089 0.084;
0.016 0.065 0.047 0.046 0.089 0.044 0.053 0.088 0.034 0.041 0.088 0.107 0.085 0.101 0.096;0.016 0.065 0.044 0.053 0.088 0.047 0.046 0.089 0.034 0.041 0.088 0.107 0.101 0.085 0.096;0.016 0.044 0.047 0.034 0.107 0.065 0.053 0.088 0.046 0.041 0.101 0.089 0.085 0.088 0.096;
0.021 0.064 0.046 0.05 0.08 0.056 0.045 0.072 0.061 0.051 0.101 0.085 0.08 0.089 0.099;0.021 0.064 0.056 0.045 0.072 0.046 0.05 0.08 0.061 0.051 0.101 0.085 0.089 0.08 0.099;0.021 0.056 0.046 0.061 0.085 0.064 0.045 0.072 0.05 0.051 0.089 0.08 0.08 0.101 0.099;
0.016 0.056 0.057 0.047 0.091 0.054 0.042 0.076 0.038 0.047 0.101 0.093 0.089 0.099 0.094;0.016 0.056 0.054 0.042 0.076 0.057 0.047 0.091 0.038 0.047 0.101 0.093 0.099 0.089 0.094;0.016 0.054 0.057 0.038 0.093 0.056 0.042 0.076 0.047 0.047 0.099 0.091 0.089 0.101 0.094;
0.016 0.052 0.048 0.051 0.088 0.055 0.033 0.084 0.047 0.06 0.092 0.092 0.089 0.092 0.101;0.016 0.052 0.055 0.033 0.084 0.048 0.051 0.088 0.047 0.06 0.092 0.092 0.092 0.089 0.101;0.016 0.055 0.048 0.047 0.092 0.052 0.033 0.084 0.051 0.06 0.092 0.088 0.089 0.092 0.101;
0.02 0.054 0.039 0.058 0.08 0.044 0.055 0.092 0.048 0.063 0.078 0.099 0.085 0.096 0.089;0.02 0.054 0.044 0.055 0.092 0.039 0.058 0.08 0.048 0.063 0.078 0.099 0.096 0.085 0.089;0.02 0.044 0.039 0.048 0.099 0.054 0.055 0.092 0.058 0.063 0.096 0.08 0.085 0.078 0.089;
0.024 0.037 0.06 0.055 0.099 0.05 0.052 0.085 0.048 0.038 0.092 0.093 0.072 0.1 0.095;0.024 0.037 0.05 0.052 0.085 0.06 0.055 0.099 0.048 0.038 0.092 0.093 0.1 0.072 0.095;0.024 0.05 0.06 0.048 0.093 0.037 0.052 0.085 0.055 0.038 0.1 0.099 0.072 0.092 0.095;
0.019 0.043 0.05 0.069 0.085 0.053 0.052 0.087 0.054 0.047 0.083 0.084 0.089 0.089 0.096;0.019 0.043 0.053 0.052 0.087 0.05 0.069 0.085 0.054 0.047 0.083 0.084 0.089 0.089 0.096;0.019 0.053 0.05 0.054 0.084 0.043 0.052 0.087 0.069 0.047 0.089 0.085 0.089 0.083 0.096;
0.019 0.065 0.032 0.06 0.086 0.062 0.046 0.071 0.05 0.049 0.086 0.094 0.089 0.094 0.097;0.019 0.065 0.062 0.046 0.071 0.032 0.06 0.086 0.05 0.049 0.086 0.094 0.094 0.089 0.097;0.019 0.062 0.032 0.05 0.094 0.065 0.046 0.071 0.06 0.049 0.094 0.086 0.089 0.086 0.097;
0.022 0.056 0.054 0.055 0.09 0.056 0.043 0.086 0.045 0.042 0.094 0.087 0.08 0.103 0.087;0.022 0.056 0.056 0.043 0.086 0.054 0.055 0.09 0.045 0.042 0.094 0.087 0.103 0.08 0.087;0.022 0.056 0.054 0.045 0.087 0.056 0.043 0.086 0.055 0.042 0.103 0.09 0.08 0.094 0.087;
0.023 0.037 0.045 0.062 0.096 0.056 0.061 0.097 0.038 0.051 0.072 0.085 0.081 0.103 0.093;0.023 0.037 0.056 0.061 0.097 0.045 0.062 0.096 0.038 0.051 0.072 0.085 0.103 0.081 0.093;0.023 0.056 0.045 0.038 0.085 0.037 0.061 0.097 0.062 0.051 0.103 0.096 0.081 0.072 0.093;
0.016 0.032 0.066 0.057 0.09 0.049 0.061 0.098 0.039 0.039 0.09 0.091 0.086 0.102 0.084;0.016 0.032 0.049 0.061 0.098 0.066 0.057 0.09 0.039 0.039 0.09 0.091 0.102 0.086 0.084;0.016 0.049 0.066 0.039 0.091 0.032 0.061 0.098 0.057 0.039 0.102 0.09 0.086 0.09 0.084;
0.015 0.047 0.044 0.037 0.106 0.054 0.04 0.093 0.046 0.054 0.092 0.088 0.077 0.119 0.088;0.015 0.047 0.054 0.04 0.093 0.044 0.037 0.106 0.046 0.054 0.092 0.088 0.119 0.077 0.088;0.015 0.054 0.044 0.046 0.088 0.047 0.04 0.093 0.037 0.054 0.119 0.106 0.077 0.092 0.088;
0.029 0.058 0.041 0.047 0.086 0.048 0.031 0.088 0.042 0.049 0.101 0.089 0.105 0.097 0.089;0.029 0.058 0.048 0.031 0.088 0.041 0.047 0.086 0.042 0.049 0.101 0.089 0.097 0.105 0.089;0.029 0.048 0.041 0.042 0.089 0.058 0.031 0.088 0.047 0.049 0.097 0.086 0.105 0.101 0.089;
0.017 0.04 0.055 0.066 0.1 0.049 0.049 0.09 0.034 0.041 0.092 0.09 0.079 0.094 0.104;0.017 0.04 0.049 0.049 0.09 0.055 0.066 0.1 0.034 0.041 0.092 0.09 0.094 0.079 0.104;0.017 0.049 0.055 0.034 0.09 0.04 0.049 0.09 0.066 0.041 0.094 0.1 0.079 0.092 0.104;
0.019 0.047 0.054 0.057 0.088 0.053 0.041 0.102 0.042 0.05 0.1 0.088 0.084 0.093 0.082;0.019 0.047 0.053 0.041 0.102 0.054 0.057 0.088 0.042 0.05 0.1 0.088 0.093 0.084 0.082;0.019 0.053 0.054 0.042 0.088 0.047 0.041 0.102 0.057 0.05 0.093 0.088 0.084 0.1 0.082;
0.016 0.056 0.043 0.051 0.095 0.055 0.05 0.078 0.046 0.064 0.099 0.084 0.074 0.093 0.096;0.016 0.056 0.055 0.05 0.078 0.043 0.051 0.095 0.046 0.064 0.099 0.084 0.093 0.074 0.096;0.016 0.055 0.043 0.046 0.084 0.056 0.05 0.078 0.051 0.064 0.093 0.095 0.074 0.099 0.096;
0.025 0.048 0.048 0.044 0.077 0.054 0.058 0.103 0.051 0.053 0.088 0.086 0.089 0.086 0.09;0.025 0.048 0.054 0.058 0.103 0.048 0.044 0.077 0.051 0.053 0.088 0.086 0.086 0.089 0.09;0.025 0.054 0.048 0.051 0.086 0.048 0.058 0.103 0.044 0.053 0.086 0.077 0.089 0.088 0.09;
0.021 0.055 0.048 0.042 0.097 0.056 0.046 0.084 0.051 0.052 0.085 0.106 0.083 0.083 0.091;0.021 0.055 0.056 0.046 0.084 0.048 0.042 0.097 0.051 0.052 0.085 0.106 0.083 0.083 0.091;0.021 0.056 0.048 0.051 0.106 0.055 0.046 0.084 0.042 0.052 0.083 0.097 0.083 0.085 0.091;
0.022 0.049 0.041 0.052 0.088 0.057 0.056 0.09 0.045 0.056 0.098 0.091 0.069 0.094 0.092;0.022 0.049 0.057 0.056 0.09 0.041 0.052 0.088 0.045 0.056 0.098 0.091 0.094 0.069 0.092;0.022 0.057 0.041 0.045 0.091 0.049 0.056 0.09 0.052 0.056 0.094 0.088 0.069 0.098 0.092;
0.02 0.051 0.04 0.064 0.083 0.057 0.037 0.095 0.03 0.053 0.09 0.087 0.106 0.101 0.086;0.02 0.051 0.057 0.037 0.095 0.04 0.064 0.083 0.03 0.053 0.09 0.087 0.101 0.106 0.086;0.02 0.057 0.04 0.03 0.087 0.051 0.037 0.095 0.064 0.053 0.101 0.083 0.106 0.09 0.086;
0.021 0.049 0.042 0.044 0.104 0.059 0.056 0.1 0.047 0.048 0.087 0.088 0.08 0.091 0.084;0.021 0.049 0.059 0.056 0.1 0.042 0.044 0.104 0.047 0.048 0.087 0.088 0.091 0.08 0.084;0.021 0.059 0.042 0.047 0.088 0.049 0.056 0.1 0.044 0.048 0.091 0.104 0.08 0.087 0.084;
0.021 0.052 0.055 0.055 0.099 0.052 0.047 0.088 0.043 0.05 0.087 0.092 0.083 0.084 0.092;0.021 0.052 0.052 0.047 0.088 0.055 0.055 0.099 0.043 0.05 0.087 0.092 0.084 0.083 0.092;0.021 0.052 0.055 0.043 0.092 0.052 0.047 0.088 0.055 0.05 0.084 0.099 0.083 0.087 0.092;
0.021 0.043 0.042 0.051 0.101 0.063 0.051 0.079 0.046 0.061 0.083 0.093 0.084 0.084 0.098;0.021 0.043 0.063 0.051 0.079 0.042 0.051 0.101 0.046 0.061 0.083 0.093 0.084 0.084 0.098;0.021 0.063 0.042 0.046 0.093 0.043 0.051 0.079 0.051 0.061 0.084 0.101 0.084 0.083 0.098;
0.016 0.062 0.036 0.053 0.084 0.066 0.05 0.077 0.049 0.043 0.096 0.1 0.086 0.105 0.077;0.016 0.062 0.066 0.05 0.077 0.036 0.053 0.084 0.049 0.043 0.096 0.1 0.105 0.086 0.077;0.016 0.066 0.036 0.049 0.1 0.062 0.05 0.077 0.053 0.043 0.105 0.084 0.086 0.096 0.077;
0.014 0.046 0.047 0.048 0.094 0.051 0.05 0.097 0.044 0.05 0.086 0.096 0.088 0.084 0.105;0.014 0.046 0.051 0.05 0.097 0.047 0.048 0.094 0.044 0.05 0.086 0.096 0.084 0.088 0.105;0.014 0.051 0.047 0.044 0.096 0.046 0.05 0.097 0.048 0.05 0.084 0.094 0.088 0.086 0.105;
0.014 0.048 0.05 0.048 0.104 0.06 0.047 0.083 0.051 0.048 0.094 0.074 0.097 0.094 0.088;0.014 0.048 0.06 0.047 0.083 0.05 0.048 0.104 0.051 0.048 0.094 0.074 0.094 0.097 0.088;0.014 0.06 0.05 0.051 0.074 0.048 0.047 0.083 0.048 0.048 0.094 0.104 0.097 0.094 0.088;
0.014 0.055 0.054 0.073 0.093 0.043 0.052 0.081 0.034 0.044 0.088 0.088 0.071 0.109 0.101;0.014 0.055 0.043 0.052 0.081 0.054 0.073 0.093 0.034 0.044 0.088 0.088 0.109 0.071 0.101;0.014 0.043 0.054 0.034 0.088 0.055 0.052 0.081 0.073 0.044 0.109 0.093 0.071 0.088 0.101;
0.02 0.055 0.054 0.042 0.085 0.053 0.041 0.096 0.043 0.057 0.086 0.097 0.088 0.094 0.089;0.02 0.055 0.053 0.041 0.096 0.054 0.042 0.085 0.043 0.057 0.086 0.097 0.094 0.088 0.089;0.02 0.053 0.054 0.043 0.097 0.055 0.041 0.096 0.042 0.057 0.094 0.085 0.088 0.086 0.089;
0.018 0.051 0.055 0.056 0.095 0.054 0.052 0.093 0.046 0.053 0.089 0.081 0.079 0.097 0.081;0.018 0.051 0.054 0.052 0.093 0.055 0.056 0.095 0.046 0.053 0.089 0.081 0.097 0.079 0.081;0.018 0.054 0.055 0.046 0.081 0.051 0.052 0.093 0.056 0.053 0.097 0.095 0.079 0.089 0.081;
0.028 0.054 0.055 0.05 0.094 0.049 0.044 0.096 0.038 0.06 0.093 0.091 0.085 0.088 0.075;0.028 0.054 0.049 0.044 0.096 0.055 0.05 0.094 0.038 0.06 0.093 0.091 0.088 0.085 0.075;0.028 0.049 0.055 0.038 0.091 0.054 0.044 0.096 0.05 0.06 0.088 0.094 0.085 0.093 0.075;
0.017 0.042 0.045 0.045 0.104 0.051 0.057 0.082 0.04 0.044 0.086 0.083 0.097 0.114 0.093;0.017 0.042 0.051 0.057 0.082 0.045 0.045 0.104 0.04 0.044 0.086 0.083 0.114 0.097 0.093;0.017 0.051 0.045 0.04 0.083 0.042 0.057 0.082 0.045 0.044 0.114 0.104 0.097 0.086 0.093;
0.03 0.053 0.055 0.061 0.075 0.046 0.05 0.092 0.042 0.056 0.087 0.1 0.085 0.077 0.091;0.03 0.053 0.046 0.05 0.092 0.055 0.061 0.075 0.042 0.056 0.087 0.1 0.077 0.085 0.091;0.03 0.046 0.055 0.042 0.1 0.053 0.05 0.092 0.061 0.056 0.077 0.075 0.085 0.087 0.091;
0.022 0.045 0.053 0.048 0.097 0.054 0.049 0.078 0.054 0.054 0.091 0.075 0.077 0.106 0.097;0.022 0.045 0.054 0.049 0.078 0.053 0.048 0.097 0.054 0.054 0.091 0.075 0.106 0.077 0.097;0.022 0.054 0.053 0.054 0.075 0.045 0.049 0.078 0.048 0.054 0.106 0.097 0.077 0.091 0.097;
0.024 0.051 0.042 0.067 0.096 0.043 0.03 0.08 0.06 0.061 0.093 0.09 0.09 0.088 0.085;0.024 0.051 0.043 0.03 0.08 0.042 0.067 0.096 0.06 0.061 0.093 0.09 0.088 0.09 0.085;0.024 0.043 0.042 0.06 0.09 0.051 0.03 0.08 0.067 0.061 0.088 0.096 0.09 0.093 0.085;
0.017 0.056 0.049 0.055 0.095 0.056 0.044 0.085 0.039 0.059 0.09 0.086 0.087 0.101 0.081;0.017 0.056 0.056 0.044 0.085 0.049 0.055 0.095 0.039 0.059 0.09 0.086 0.101 0.087 0.081;0.017 0.056 0.049 0.039 0.086 0.056 0.044 0.085 0.055 0.059 0.101 0.095 0.087 0.09 0.081;
0.016 0.045 0.066 0.059 0.093 0.047 0.051 0.076 0.034 0.046 0.071 0.104 0.092 0.099 0.101;0.016 0.045 0.047 0.051 0.076 0.066 0.059 0.093 0.034 0.046 0.071 0.104 0.099 0.092 0.101;0.016 0.047 0.066 0.034 0.104 0.045 0.051 0.076 0.059 0.046 0.099 0.093 0.092 0.071 0.101;
0.019 0.055 0.052 0.044 0.112 0.059 0.043 0.089 0.033 0.04 0.101 0.09 0.095 0.095 0.073;0.019 0.055 0.059 0.043 0.089 0.052 0.044 0.112 0.033 0.04 0.101 0.09 0.095 0.095 0.073;0.019 0.059 0.052 0.033 0.09 0.055 0.043 0.089 0.044 0.04 0.095 0.112 0.095 0.101 0.073;
0.02 0.04 0.04 0.048 0.107 0.058 0.047 0.097 0.038 0.051 0.08 0.103 0.094 0.095 0.082;0.02 0.04 0.058 0.047 0.097 0.04 0.048 0.107 0.038 0.051 0.08 0.103 0.095 0.094 0.082;0.02 0.058 0.04 0.038 0.103 0.04 0.047 0.097 0.048 0.051 0.095 0.107 0.094 0.08 0.082;
0.024 0.055 0.052 0.053 0.083 0.046 0.047 0.076 0.049 0.055 0.078 0.091 0.086 0.11 0.095;0.024 0.055 0.046 0.047 0.076 0.052 0.053 0.083 0.049 0.055 0.078 0.091 0.11 0.086 0.095;0.024 0.046 0.052 0.049 0.091 0.055 0.047 0.076 0.053 0.055 0.11 0.083 0.086 0.078 0.095;
0.02 0.062 0.046 0.061 0.11 0.045 0.033 0.082 0.04 0.069 0.089 0.088 0.093 0.086 0.076;0.02 0.062 0.045 0.033 0.082 0.046 0.061 0.11 0.04 0.069 0.089 0.088 0.086 0.093 0.076;0.02 0.045 0.046 0.04 0.088 0.062 0.033 0.082 0.061 0.069 0.086 0.11 0.093 0.089 0.076;
0.019 0.062 0.064 0.065 0.095 0.052 0.037 0.107 0.049 0.055 0.081 0.077 0.082 0.076 0.079;0.019 0.062 0.052 0.037 0.107 0.064 0.065 0.095 0.049 0.055 0.081 0.077 0.076 0.082 0.079;0.019 0.052 0.064 0.049 0.077 0.062 0.037 0.107 0.065 0.055 0.076 0.095 0.082 0.081 0.079;
0.017 0.06 0.054 0.056 0.098 0.05 0.036 0.077 0.047 0.05 0.086 0.1 0.091 0.075 0.103;0.017 0.06 0.05 0.036 0.077 0.054 0.056 0.098 0.047 0.05 0.086 0.1 0.075 0.091 0.103;0.017 0.05 0.054 0.047 0.1 0.06 0.036 0.077 0.056 0.05 0.075 0.098 0.091 0.086 0.103;
0.024 0.053 0.044 0.057 0.087 0.054 0.047 0.099 0.055 0.047 0.077 0.082 0.098 0.098 0.078;0.024 0.053 0.054 0.047 0.099 0.044 0.057 0.087 0.055 0.047 0.077 0.082 0.098 0.098 0.078;0.024 0.054 0.044 0.055 0.082 0.053 0.047 0.099 0.057 0.047 0.098 0.087 0.098 0.077 0.078;
0.021 0.044 0.058 0.049 0.101 0.056 0.052 0.089 0.041 0.045 0.067 0.085 0.085 0.114 0.093;0.021 0.044 0.056 0.052 0.089 0.058 0.049 0.101 0.041 0.045 0.067 0.085 0.114 0.085 0.093;0.021 0.056 0.058 0.041 0.085 0.044 0.052 0.089 0.049 0.045 0.114 0.101 0.085 0.067 0.093;
0.02 0.048 0.055 0.051 0.093 0.054 0.037 0.107 0.041 0.063 0.089 0.083 0.083 0.086 0.09;0.02 0.048 0.054 0.037 0.107 0.055 0.051 0.093 0.041 0.063 0.089 0.083 0.086 0.083 0.09;0.02 0.054 0.055 0.041 0.083 0.048 0.037 0.107 0.051 0.063 0.086 0.093 0.083 0.089 0.09;
0.016 0.062 0.048 0.048 0.108 0.051 0.048 0.073 0.032 0.05 0.093 0.106 0.096 0.093 0.076;0.016 0.062 0.051 0.048 0.073 0.048 0.048 0.108 0.032 0.05 0.093 0.106 0.093 0.096 0.076;0.016 0.051 0.048 0.032 0.106 0.062 0.048 0.073 0.048 0.05 0.093 0.108 0.096 0.093 0.076;
0.019 0.048 0.061 0.047 0.099 0.059 0.034 0.081 0.036 0.054 0.095 0.079 0.095 0.108 0.085;0.019 0.048 0.059 0.034 0.081 0.061 0.047 0.099 0.036 0.054 0.095 0.079 0.108 0.095 0.085;0.019 0.059 0.061 0.036 0.079 0.048 0.034 0.081 0.047 0.054 0.108 0.099 0.095 0.095 0.085;
0.022 0.063 0.05 0.053 0.074 0.047 0.042 0.081 0.037 0.05 0.109 0.097 0.092 0.09 0.093;0.022 0.063 0.047 0.042 0.081 0.05 0.053 0.074 0.037 0.05 0.109 0.097 0.09 0.092 0.093;0.022 0.047 0.05 0.037 0.097 0.063 0.042 0.081 0.053 0.05 0.09 0.074 0.092 0.109 0.093;
0.019 0.052 0.05 0.057 0.105 0.053 0.054 0.076 0.042 0.046 0.082 0.086 0.092 0.094 0.092;0.019 0.052 0.053 0.054 0.076 0.05 0.057 0.105 0.042 0.046 0.082 0.086 0.094 0.092 0.092;0.019 0.053 0.05 0.042 0.086 0.052 0.054 0.076 0.057 0.046 0.094 0.105 0.092 0.082 0.092;
0.019 0.054 0.036 0.046 0.116 0.056 0.034 0.1 0.039 0.044 0.104 0.09 0.084 0.107 0.071;0.019 0.054 0.056 0.034 0.1 0.036 0.046 0.116 0.039 0.044 0.104 0.09 0.107 0.084 0.071;0.019 0.056 0.036 0.039 0.09 0.054 0.034 0.1 0.046 0.044 0.107 0.116 0.084 0.104 0.071;
0.016 0.044 0.058 0.042 0.104 0.053 0.049 0.102 0.047 0.06 0.076 0.089 0.09 0.107 0.063;0.016 0.044 0.053 0.049 0.102 0.058 0.042 0.104 0.047 0.06 0.076 0.089 0.107 0.09 0.063;0.016 0.053 0.058 0.047 0.089 0.044 0.049 0.102 0.042 0.06 0.107 0.104 0.09 0.076 0.063;
0.019 0.048 0.049 0.064 0.098 0.05 0.05 0.075 0.044 0.049 0.084 0.088 0.066 0.096 0.12;0.019 0.048 0.05 0.05 0.075 0.049 0.064 0.098 0.044 0.049 0.084 0.088 0.096 0.066 0.12;0.019 0.05 0.049 0.044 0.088 0.048 0.05 0.075 0.064 0.049 0.096 0.098 0.066 0.084 0.12;
0.014 0.031 0.053 0.051 0.114 0.059 0.043 0.084 0.05 0.043 0.099 0.092 0.09 0.1 0.077;0.014 0.031 0.059 0.043 0.084 0.053 0.051 0.114 0.05 0.043 0.099 0.092 0.1 0.09 0.077;0.014 0.059 0.053 0.05 0.092 0.031 0.043 0.084 0.051 0.043 0.1 0.114 0.09 0.099 0.077;
0.02 0.052 0.04 0.053 0.095 0.05 0.054 0.089 0.047 0.055 0.092 0.083 0.081 0.087 0.102;0.02 0.052 0.05 0.054 0.089 0.04 0.053 0.095 0.047 0.055 0.092 0.083 0.087 0.081 0.102;0.02 0.05 0.04 0.047 0.083 0.052 0.054 0.089 0.053 0.055 0.087 0.095 0.081 0.092 0.102;
0.023 0.046 0.046 0.062 0.085 0.044 0.052 0.1 0.05 0.045 0.096 0.092 0.083 0.097 0.079;0.023 0.046 0.044 0.052 0.1 0.046 0.062 0.085 0.05 0.045 0.096 0.092 0.097 0.083 0.079;0.023 0.044 0.046 0.05 0.092 0.046 0.052 0.1 0.062 0.045 0.097 0.085 0.083 0.096 0.079;
0.02 0.058 0.061 0.045 0.106 0.047 0.037 0.098 0.044 0.049 0.077 0.092 0.094 0.09 0.082;0.02 0.058 0.047 0.037 0.098 0.061 0.045 0.106 0.044 0.049 0.077 0.092 0.09 0.094 0.082;0.02 0.047 0.061 0.044 0.092 0.058 0.037 0.098 0.045 0.049 0.09 0.106 0.094 0.077 0.082;
0.015 0.045 0.053 0.054 0.09 0.052 0.049 0.081 0.05 0.049 0.097 0.094 0.089 0.098 0.084;0.015 0.045 0.052 0.049 0.081 0.053 0.054 0.09 0.05 0.049 0.097 0.094 0.098 0.089 0.084;0.015 0.052 0.053 0.05 0.094 0.045 0.049 0.081 0.054 0.049 0.098 0.09 0.089 0.097 0.084;
0.018 0.039 0.046 0.059 0.095 0.038 0.057 0.099 0.041 0.05 0.09 0.088 0.095 0.097 0.088;0.018 0.039 0.038 0.057 0.099 0.046 0.059 0.095 0.041 0.05 0.09 0.088 0.097 0.095 0.088;0.018 0.038 0.046 0.041 0.088 0.039 0.057 0.099 0.059 0.05 0.097 0.095 0.095 0.09 0.088;
0.022 0.057 0.048 0.057 0.103 0.054 0.042 0.094 0.049 0.051 0.082 0.084 0.089 0.08 0.088;0.022 0.057 0.054 0.042 0.094 0.048 0.057 0.103 0.049 0.051 0.082 0.084 0.08 0.089 0.088;0.022 0.054 0.048 0.049 0.084 0.057 0.042 0.094 0.057 0.051 0.08 0.103 0.089 0.082 0.088;
0.022 0.058 0.049 0.051 0.102 0.054 0.055 0.099 0.04 0.039 0.092 0.085 0.095 0.097 0.062;0.022 0.058 0.054 0.055 0.099 0.049 0.051 0.102 0.04 0.039 0.092 0.085 0.097 0.095 0.062;0.022 0.054 0.049 0.04 0.085 0.058 0.055 0.099 0.051 0.039 0.097 0.102 0.095 0.092 0.062;
0.023 0.041 0.047 0.05 0.099 0.049 0.038 0.085 0.042 0.053 0.071 0.104 0.085 0.106 0.107;0.023 0.041 0.049 0.038 0.085 0.047 0.05 0.099 0.042 0.053 0.071 0.104 0.106 0.085 0.107;0.023 0.049 0.047 0.042 0.104 0.041 0.038 0.085 0.05 0.053 0.106 0.099 0.085 0.071 0.107;
0.022 0.055 0.042 0.059 0.092 0.058 0.039 0.093 0.063 0.051 0.079 0.099 0.078 0.091 0.079;0.022 0.055 0.058 0.039 0.093 0.042 0.059 0.092 0.063 0.051 0.079 0.099 0.091 0.078 0.079;0.022 0.058 0.042 0.063 0.099 0.055 0.039 0.093 0.059 0.051 0.091 0.092 0.078 0.079 0.079;
0.018 0.049 0.047 0.054 0.087 0.05 0.05 0.086 0.041 0.046 0.093 0.091 0.096 0.099 0.093;0.018 0.049 0.05 0.05 0.086 0.047 0.054 0.087 0.041 0.046 0.093 0.091 0.099 0.096 0.093;0.018 0.05 0.047 0.041 0.091 0.049 0.05 0.086 0.054 0.046 0.099 0.087 0.096 0.093 0.093;
0.013 0.053 0.043 0.063 0.103 0.042 0.042 0.103 0.043 0.057 0.072 0.084 0.087 0.093 0.102;0.013 0.053 0.042 0.042 0.103 0.043 0.063 0.103 0.043 0.057 0.072 0.084 0.093 0.087 0.102;0.013 0.042 0.043 0.043 0.084 0.053 0.042 0.103 0.063 0.057 0.093 0.103 0.087 0.072 0.102;
0.017 0.056 0.047 0.05 0.085 0.046 0.05 0.104 0.04 0.052 0.107 0.076 0.071 0.12 0.079;0.017 0.056 0.046 0.05 0.104 0.047 0.05 0.085 0.04 0.052 0.107 0.076 0.12 0.071 0.079;0.017 0.046 0.047 0.04 0.076 0.056 0.05 0.104 0.05 0.052 0.12 0.085 0.071 0.107 0.079;
0.022 0.06 0.049 0.046 0.104 0.049 0.039 0.094 0.034 0.055 0.082 0.09 0.088 0.093 0.095;0.022 0.06 0.049 0.039 0.094 0.049 0.046 0.104 0.034 0.055 0.082 0.09 0.093 0.088 0.095;0.022 0.049 0.049 0.034 0.09 0.06 0.039 0.094 0.046 0.055 0.093 0.104 0.088 0.082 0.095;
0.018 0.06 0.053 0.056 0.091 0.05 0.045 0.086 0.056 0.05 0.076 0.088 0.086 0.098 0.087;0.018 0.06 0.05 0.045 0.086 0.053 0.056 0.091 0.056 0.05 0.076 0.088 0.098 0.086 0.087;0.018 0.05 0.053 0.056 0.088 0.06 0.045 0.086 0.056 0.05 0.098 0.091 0.086 0.076 0.087;
0.027 0.056 0.043 0.049 0.096 0.05 0.045 0.085 0.047 0.045 0.087 0.087 0.097 0.09 0.096;0.027 0.056 0.05 0.045 0.085 0.043 0.049 0.096 0.047 0.045 0.087 0.087 0.09 0.097 0.096;0.027 0.05 0.043 0.047 0.087 0.056 0.045 0.085 0.049 0.045 0.09 0.096 0.097 0.087 0.096;
0.019 0.044 0.055 0.065 0.095 0.048 0.051 0.078 0.039 0.058 0.081 0.074 0.079 0.117 0.097;0.019 0.044 0.048 0.051 0.078 0.055 0.065 0.095 0.039 0.058 0.081 0.074 0.117 0.079 0.097;0.019 0.048 0.055 0.039 0.074 0.044 0.051 0.078 0.065 0.058 0.117 0.095 0.079 0.081 0.097;
0.014 0.043 0.043 0.063 0.084 0.06 0.055 0.099 0.045 0.054 0.096 0.086 0.087 0.093 0.078;0.014 0.043 0.06 0.055 0.099 0.043 0.063 0.084 0.045 0.054 0.096 0.086 0.093 0.087 0.078;0.014 0.06 0.043 0.045 0.086 0.043 0.055 0.099 0.063 0.054 0.093 0.084 0.087 0.096 0.078;
0.026 0.057 0.038 0.052 0.1 0.058 0.055 0.092 0.042 0.043 0.081 0.087 0.088 0.089 0.092;0.026 0.057 0.058 0.055 0.092 0.038 0.052 0.1 0.042 0.043 0.081 0.087 0.089 0.088 0.092;0.026 0.058 0.038 0.042 0.087 0.057 0.055 0.092 0.052 0.043 0.089 0.1 0.088 0.081 0.092;
0.02 0.055 0.06 0.055 0.088 0.044 0.038 0.084 0.063 0.062 0.084 0.1 0.061 0.102 0.084;0.02 0.055 0.044 0.038 0.084 0.06 0.055 0.088 0.063 0.062 0.084 0.1 0.102 0.061 0.084;0.02 0.044 0.06 0.063 0.1 0.055 0.038 0.084 0.055 0.062 0.102 0.088 0.061 0.084 0.084;
0.021 0.052 0.056 0.06 0.107 0.059 0.036 0.072 0.042 0.047 0.095 0.092 0.089 0.092 0.08;0.021 0.052 0.059 0.036 0.072 0.056 0.06 0.107 0.042 0.047 0.095 0.092 0.092 0.089 0.08;0.021 0.059 0.056 0.042 0.092 0.052 0.036 0.072 0.06 0.047 0.092 0.107 0.089 0.095 0.08;
0.024 0.049 0.05 0.058 0.101 0.048 0.048 0.095 0.041 0.058 0.095 0.085 0.08 0.092 0.076;0.024 0.049 0.048 0.048 0.095 0.05 0.058 0.101 0.041 0.058 0.095 0.085 0.092 0.08 0.076;0.024 0.048 0.05 0.041 0.085 0.049 0.048 0.095 0.058 0.058 0.092 0.101 0.08 0.095 0.076;
0.023 0.056 0.043 0.061 0.124 0.046 0.045 0.104 0.034 0.045 0.094 0.084 0.082 0.083 0.076;0.023 0.056 0.046 0.045 0.104 0.043 0.061 0.124 0.034 0.045 0.094 0.084 0.083 0.082 0.076;0.023 0.046 0.043 0.034 0.084 0.056 0.045 0.104 0.061 0.045 0.083 0.124 0.082 0.094 0.076;
0.025 0.057 0.05 0.048 0.09 0.042 0.055 0.093 0.049 0.054 0.074 0.087 0.088 0.099 0.089;0.025 0.057 0.042 0.055 0.093 0.05 0.048 0.09 0.049 0.054 0.074 0.087 0.099 0.088 0.089;0.025 0.042 0.05 0.049 0.087 0.057 0.055 0.093 0.048 0.054 0.099 0.09 0.088 0.074 0.089;
0.029 0.057 0.043 0.045 0.093 0.052 0.044 0.094 0.05 0.053 0.072 0.111 0.072 0.106 0.079;0.029 0.057 0.052 0.044 0.094 0.043 0.045 0.093 0.05 0.053 0.072 0.111 0.106 0.072 0.079;0.029 0.052 0.043 0.05 0.111 0.057 0.044 0.094 0.045 0.053 0.106 0.093 0.072 0.072 0.079;
0.014 0.041 0.052 0.053 0.099 0.06 0.044 0.086 0.046 0.042 0.088 0.089 0.103 0.1 0.083;0.014 0.041 0.06 0.044 0.086 0.052 0.053 0.099 0.046 0.042 0.088 0.089 0.1 0.103 0.083;0.014 0.06 0.052 0.046 0.089 0.041 0.044 0.086 0.053 0.042 0.1 0.099 0.103 0.088 0.083;
0.02 0.04 0.059 0.044 0.105 0.053 0.049 0.089 0.05 0.055 0.091 0.087 0.094 0.095 0.069;0.02 0.04 0.053 0.049 0.089 0.059 0.044 0.105 0.05 0.055 0.091 0.087 0.095 0.094 0.069;0.02 0.053 0.059 0.05 0.087 0.04 0.049 0.089 0.044 0.055 0.095 0.105 0.094 0.091 0.069;
0.026 0.056 0.06 0.056 0.092 0.049 0.043 0.103 0.045 0.047 0.081 0.08 0.088 0.092 0.082;0.026 0.056 0.049 0.043 0.103 0.06 0.056 0.092 0.045 0.047 0.081 0.08 0.092 0.088 0.082;0.026 0.049 0.06 0.045 0.08 0.056 0.043 0.103 0.056 0.047 0.092 0.092 0.088 0.081 0.082;
0.016 0.044 0.053 0.044 0.094 0.061 0.047 0.083 0.051 0.059 0.088 0.097 0.077 0.101 0.085;0.016 0.044 0.061 0.047 0.083 0.053 0.044 0.094 0.051 0.059 0.088 0.097 0.101 0.077 0.085;0.016 0.061 0.053 0.051 0.097 0.044 0.047 0.083 0.044 0.059 0.101 0.094 0.077 0.088 0.085;
0.018 0.041 0.049 0.052 0.105 0.046 0.039 0.08 0.047 0.043 0.11 0.087 0.089 0.101 0.093;0.018 0.041 0.046 0.039 0.08 0.049 0.052 0.105 0.047 0.043 0.11 0.087 0.101 0.089 0.093;0.018 0.046 0.049 0.047 0.087 0.041 0.039 0.08 0.052 0.043 0.101 0.105 0.089 0.11 0.093;
0.018 0.07 0.048 0.063 0.1 0.059 0.045 0.083 0.034 0.049 0.085 0.084 0.081 0.097 0.084;0.018 0.07 0.059 0.045 0.083 0.048 0.063 0.1 0.034 0.049 0.085 0.084 0.097 0.081 0.084;0.018 0.059 0.048 0.034 0.084 0.07 0.045 0.083 0.063 0.049 0.097 0.1 0.081 0.085 0.084;
0.02 0.051 0.053 0.073 0.105 0.05 0.039 0.08 0.058 0.038 0.087 0.092 0.083 0.092 0.079;0.02 0.051 0.05 0.039 0.08 0.053 0.073 0.105 0.058 0.038 0.087 0.092 0.092 0.083 0.079;0.02 0.05 0.053 0.058 0.092 0.051 0.039 0.08 0.073 0.038 0.092 0.105 0.083 0.087 0.079;
0.015 0.048 0.04 0.05 0.091 0.047 0.038 0.102 0.049 0.053 0.092 0.08 0.102 0.105 0.088;0.015 0.048 0.047 0.038 0.102 0.04 0.05 0.091 0.049 0.053 0.092 0.08 0.105 0.102 0.088;0.015 0.047 0.04 0.049 0.08 0.048 0.038 0.102 0.05 0.053 0.105 0.091 0.102 0.092 0.088;
0.02 0.047 0.048 0.052 0.104 0.049 0.039 0.089 0.051 0.053 0.071 0.106 0.093 0.1 0.078;0.02 0.047 0.049 0.039 0.089 0.048 0.052 0.104 0.051 0.053 0.071 0.106 0.1 0.093 0.078;0.02 0.049 0.048 0.051 0.106 0.047 0.039 0.089 0.052 0.053 0.1 0.104 0.093 0.071 0.078;
0.019 0.055 0.042 0.054 0.109 0.058 0.05 0.09 0.032 0.046 0.111 0.082 0.082 0.098 0.072;0.019 0.055 0.058 0.05 0.09 0.042 0.054 0.109 0.032 0.046 0.111 0.082 0.098 0.082 0.072;0.019 0.058 0.042 0.032 0.082 0.055 0.05 0.09 0.054 0.046 0.098 0.109 0.082 0.111 0.072;
0.019 0.051 0.068 0.049 0.094 0.058 0.047 0.087 0.039 0.039 0.082 0.097 0.088 0.087 0.095;0.019 0.051 0.058 0.047 0.087 0.068 0.049 0.094 0.039 0.039 0.082 0.097 0.087 0.088 0.095;0.019 0.058 0.068 0.039 0.097 0.051 0.047 0.087 0.049 0.039 0.087 0.094 0.088 0.082 0.095;
0.014 0.046 0.044 0.058 0.095 0.046 0.043 0.09 0.043 0.048 0.09 0.078 0.112 0.099 0.094;0.014 0.046 0.046 0.043 0.09 0.044 0.058 0.095 0.043 0.048 0.09 0.078 0.099 0.112 0.094;0.014 0.046 0.044 0.043 0.078 0.046 0.043 0.09 0.058 0.048 0.099 0.095 0.112 0.09 0.094;
0.027 0.047 0.059 0.057 0.084 0.053 0.037 0.079 0.057 0.054 0.098 0.087 0.072 0.104 0.085;0.027 0.047 0.053 0.037 0.079 0.059 0.057 0.084 0.057 0.054 0.098 0.087 0.104 0.072 0.085;0.027 0.053 0.059 0.057 0.087 0.047 0.037 0.079 0.057 0.054 0.104 0.084 0.072 0.098 0.085;
0.014 0.059 0.054 0.047 0.106 0.055 0.039 0.085 0.049 0.053 0.099 0.088 0.09 0.074 0.088;0.014 0.059 0.055 0.039 0.085 0.054 0.047 0.106 0.049 0.053 0.099 0.088 0.074 0.09 0.088;0.014 0.055 0.054 0.049 0.088 0.059 0.039 0.085 0.047 0.053 0.074 0.106 0.09 0.099 0.088;
0.021 0.05 0.054 0.05 0.108 0.053 0.043 0.1 0.048 0.062 0.086 0.084 0.076 0.089 0.076;0.021 0.05 0.053 0.043 0.1 0.054 0.05 0.108 0.048 0.062 0.086 0.084 0.089 0.076 0.076;0.021 0.053 0.054 0.048 0.084 0.05 0.043 0.1 0.05 0.062 0.089 0.108 0.076 0.086 0.076;
0.019 0.057 0.045 0.05 0.106 0.06 0.035 0.085 0.06 0.053 0.089 0.086 0.073 0.083 0.099;0.019 0.057 0.06 0.035 0.085 0.045 0.05 0.106 0.06 0.053 0.089 0.086 0.083 0.073 0.099;0.019 0.06 0.045 0.06 0.086 0.057 0.035 0.085 0.05 0.053 0.083 0.106 0.073 0.089 0.099;
0.026 0.055 0.049 0.036 0.089 0.057 0.036 0.111 0.037 0.048 0.087 0.08 0.089 0.108 0.092;0.026 0.055 0.057 0.036 0.111 0.049 0.036 0.089 0.037 0.048 0.087 0.08 0.108 0.089 0.092;0.026 0.057 0.049 0.037 0.08 0.055 0.036 0.111 0.036 0.048 0.108 0.089 0.089 0.087 0.092;
0.012 0.05 0.042 0.059 0.098 0.054 0.047 0.084 0.052 0.051 0.088 0.092 0.082 0.089 0.1;0.012 0.05 0.054 0.047 0.084 0.042 0.059 0.098 0.052 0.051 0.088 0.092 0.089 0.082 0.1;0.012 0.054 0.042 0.052 0.092 0.05 0.047 0.084 0.059 0.051 0.089 0.098 0.082 0.088 0.1;
0.014 0.06 0.054 0.037 0.104 0.057 0.042 0.098 0.037 0.04 0.098 0.089 0.083 0.108 0.079;0.014 0.06 0.057 0.042 0.098 0.054 0.037 0.104 0.037 0.04 0.098 0.089 0.108 0.083 0.079;0.014 0.057 0.054 0.037 0.089 0.06 0.042 0.098 0.037 0.04 0.108 0.104 0.083 0.098 0.079;
0.018 0.056 0.054 0.052 0.102 0.051 0.045 0.098 0.045 0.051 0.087 0.091 0.075 0.104 0.071;0.018 0.056 0.051 0.045 0.098 0.054 0.052 0.102 0.045 0.051 0.087 0.091 0.104 0.075 0.071;0.018 0.051 0.054 0.045 0.091 0.056 0.045 0.098 0.052 0.051 0.104 0.102 0.075 0.087 0.071];