pntP=[0.034 0.055 0.079 0.056 0.111 0.038 0.05 0.063 0.041 0.059 0.074 0.092 0.091 0.093 0.064;0.034 0.055 0.038 0.05 0.063 0.079 0.056 0.111 0.041 0.059 0.074 0.092 0.093 0.091 0.064;0.034 0.038 0.079 0.041 0.092 0.055 0.05 0.063 0.056 0.059 0.093 0.111 0.091 0.074 0.064;
0.049 0.058 0.08 0.045 0.091 0.054 0.046 0.071 0.03 0.065 0.058 0.073 0.089 0.106 0.085;0.049 0.058 0.054 0.046 0.071 0.08 0.045 0.091 0.03 0.065 0.058 0.073 0.106 0.089 0.085;0.049 0.054 0.08 0.03 0.073 0.058 0.046 0.071 0.045 0.065 0.106 0.091 0.089 0.058 0.085;
0.044 0.05 0.059 0.074 0.109 0.046 0.038 0.07 0.039 0.085 0.065 0.08 0.09 0.085 0.066;0.044 0.05 0.046 0.038 0.07 0.059 0.074 0.109 0.039 0.085 0.065 0.08 0.085 0.09 0.066;0.044 0.046 0.059 0.039 0.08 0.05 0.038 0.07 0.074 0.085 0.085 0.109 0.09 0.065 0.066;
0.033 0.06 0.073 0.052 0.093 0.058 0.049 0.085 0.036 0.08 0.07 0.076 0.092 0.076 0.067;0.033 0.06 0.058 0.049 0.085 0.073 0.052 0.093 0.036 0.08 0.07 0.076 0.076 0.092 0.067;0.033 0.058 0.073 0.036 0.076 0.06 0.049 0.085 0.052 0.08 0.076 0.093 0.092 0.07 0.067;
0.048 0.055 0.073 0.064 0.075 0.06 0.042 0.07 0.036 0.068 0.1 0.084 0.087 0.078 0.06;0.048 0.055 0.06 0.042 0.07 0.073 0.064 0.075 0.036 0.068 0.1 0.084 0.078 0.087 0.06;0.048 0.06 0.073 0.036 0.084 0.055 0.042 0.07 0.064 0.068 0.078 0.075 0.087 0.1 0.06;
0.05 0.045 0.081 0.06 0.09 0.046 0.041 0.066 0.035 0.082 0.076 0.081 0.094 0.086 0.067;0.05 0.045 0.046 0.041 0.066 0.081 0.06 0.09 0.035 0.082 0.076 0.081 0.086 0.094 0.067;0.05 0.046 0.081 0.035 0.081 0.045 0.041 0.066 0.06 0.082 0.086 0.09 0.094 0.076 0.067;
0.048 0.061 0.081 0.053 0.079 0.052 0.058 0.074 0.039 0.063 0.065 0.078 0.095 0.094 0.06;0.048 0.061 0.052 0.058 0.074 0.081 0.053 0.079 0.039 0.063 0.065 0.078 0.094 0.095 0.06;0.048 0.052 0.081 0.039 0.078 0.061 0.058 0.074 0.053 0.063 0.094 0.079 0.095 0.065 0.06;
0.042 0.058 0.061 0.062 0.086 0.043 0.046 0.063 0.043 0.074 0.076 0.084 0.116 0.078 0.068;0.042 0.058 0.043 0.046 0.063 0.061 0.062 0.086 0.043 0.074 0.076 0.084 0.078 0.116 0.068;0.042 0.043 0.061 0.043 0.084 0.058 0.046 0.063 0.062 0.074 0.078 0.086 0.116 0.076 0.068;
0.032 0.052 0.063 0.062 0.093 0.053 0.048 0.071 0.031 0.065 0.072 0.101 0.073 0.103 0.081;0.032 0.052 0.053 0.048 0.071 0.063 0.062 0.093 0.031 0.065 0.072 0.101 0.103 0.073 0.081;0.032 0.053 0.063 0.031 0.101 0.052 0.048 0.071 0.062 0.065 0.103 0.093 0.073 0.072 0.081;
0.046 0.054 0.078 0.05 0.088 0.062 0.047 0.068 0.037 0.07 0.074 0.069 0.093 0.098 0.066;0.046 0.054 0.062 0.047 0.068 0.078 0.05 0.088 0.037 0.07 0.074 0.069 0.098 0.093 0.066;0.046 0.062 0.078 0.037 0.069 0.054 0.047 0.068 0.05 0.07 0.098 0.088 0.093 0.074 0.066;
0.035 0.058 0.081 0.051 0.101 0.051 0.044 0.072 0.037 0.064 0.078 0.062 0.094 0.085 0.087;0.035 0.058 0.051 0.044 0.072 0.081 0.051 0.101 0.037 0.064 0.078 0.062 0.085 0.094 0.087;0.035 0.051 0.081 0.037 0.062 0.058 0.044 0.072 0.051 0.064 0.085 0.101 0.094 0.078 0.087;
0.04 0.052 0.063 0.065 0.1 0.063 0.038 0.071 0.051 0.076 0.058 0.063 0.084 0.098 0.078;0.04 0.052 0.063 0.038 0.071 0.063 0.065 0.1 0.051 0.076 0.058 0.063 0.098 0.084 0.078;0.04 0.063 0.063 0.051 0.063 0.052 0.038 0.071 0.065 0.076 0.098 0.1 0.084 0.058 0.078;
0.032 0.059 0.065 0.067 0.096 0.053 0.058 0.075 0.036 0.07 0.071 0.084 0.086 0.076 0.072;0.032 0.059 0.053 0.058 0.075 0.065 0.067 0.096 0.036 0.07 0.071 0.084 0.076 0.086 0.072;0.032 0.053 0.065 0.036 0.084 0.059 0.058 0.075 0.067 0.07 0.076 0.096 0.086 0.071 0.072;
0.042 0.046 0.076 0.065 0.096 0.05 0.049 0.072 0.044 0.071 0.073 0.064 0.098 0.085 0.069;0.042 0.046 0.05 0.049 0.072 0.076 0.065 0.096 0.044 0.071 0.073 0.064 0.085 0.098 0.069;0.042 0.05 0.076 0.044 0.064 0.046 0.049 0.072 0.065 0.071 0.085 0.096 0.098 0.073 0.069;
0.041 0.047 0.076 0.058 0.08 0.053 0.049 0.077 0.038 0.075 0.077 0.077 0.093 0.093 0.066;0.041 0.047 0.053 0.049 0.077 0.076 0.058 0.08 0.038 0.075 0.077 0.077 0.093 0.093 0.066;0.041 0.053 0.076 0.038 0.077 0.047 0.049 0.077 0.058 0.075 0.093 0.08 0.093 0.077 0.066;
0.046 0.058 0.059 0.071 0.101 0.06 0.043 0.078 0.042 0.054 0.074 0.075 0.084 0.096 0.059;0.046 0.058 0.06 0.043 0.078 0.059 0.071 0.101 0.042 0.054 0.074 0.075 0.096 0.084 0.059;0.046 0.06 0.059 0.042 0.075 0.058 0.043 0.078 0.071 0.054 0.096 0.101 0.084 0.074 0.059;
0.046 0.042 0.081 0.042 0.088 0.06 0.047 0.065 0.04 0.08 0.076 0.075 0.104 0.085 0.069;0.046 0.042 0.06 0.047 0.065 0.081 0.042 0.088 0.04 0.08 0.076 0.075 0.085 0.104 0.069;0.046 0.06 0.081 0.04 0.075 0.042 0.047 0.065 0.042 0.08 0.085 0.088 0.104 0.076 0.069;
0.034 0.046 0.071 0.071 0.097 0.049 0.042 0.08 0.038 0.071 0.063 0.085 0.093 0.085 0.075;0.034 0.046 0.049 0.042 0.08 0.071 0.071 0.097 0.038 0.071 0.063 0.085 0.085 0.093 0.075;0.034 0.049 0.071 0.038 0.085 0.046 0.042 0.08 0.071 0.071 0.085 0.097 0.093 0.063 0.075;
0.045 0.052 0.072 0.074 0.086 0.058 0.049 0.074 0.038 0.083 0.068 0.08 0.072 0.085 0.064;0.045 0.052 0.058 0.049 0.074 0.072 0.074 0.086 0.038 0.083 0.068 0.08 0.085 0.072 0.064;0.045 0.058 0.072 0.038 0.08 0.052 0.049 0.074 0.074 0.083 0.085 0.086 0.072 0.068 0.064;
0.039 0.056 0.065 0.06 0.083 0.051 0.04 0.064 0.042 0.072 0.092 0.077 0.078 0.096 0.085;0.039 0.056 0.051 0.04 0.064 0.065 0.06 0.083 0.042 0.072 0.092 0.077 0.096 0.078 0.085;0.039 0.051 0.065 0.042 0.077 0.056 0.04 0.064 0.06 0.072 0.096 0.083 0.078 0.092 0.085;
0.049 0.061 0.075 0.056 0.086 0.062 0.058 0.057 0.038 0.07 0.077 0.069 0.091 0.083 0.068;0.049 0.061 0.062 0.058 0.057 0.075 0.056 0.086 0.038 0.07 0.077 0.069 0.083 0.091 0.068;0.049 0.062 0.075 0.038 0.069 0.061 0.058 0.057 0.056 0.07 0.083 0.086 0.091 0.077 0.068;
0.047 0.056 0.072 0.059 0.097 0.046 0.044 0.062 0.045 0.068 0.072 0.058 0.091 0.103 0.08;0.047 0.056 0.046 0.044 0.062 0.072 0.059 0.097 0.045 0.068 0.072 0.058 0.103 0.091 0.08;0.047 0.046 0.072 0.045 0.058 0.056 0.044 0.062 0.059 0.068 0.103 0.097 0.091 0.072 0.08;
0.043 0.062 0.061 0.059 0.092 0.045 0.047 0.066 0.04 0.071 0.065 0.073 0.103 0.094 0.079;0.043 0.062 0.045 0.047 0.066 0.061 0.059 0.092 0.04 0.071 0.065 0.073 0.094 0.103 0.079;0.043 0.045 0.061 0.04 0.073 0.062 0.047 0.066 0.059 0.071 0.094 0.092 0.103 0.065 0.079;
0.035 0.056 0.069 0.084 0.106 0.06 0.04 0.071 0.04 0.074 0.08 0.07 0.074 0.071 0.07;0.035 0.056 0.06 0.04 0.071 0.069 0.084 0.106 0.04 0.074 0.08 0.07 0.071 0.074 0.07;0.035 0.06 0.069 0.04 0.07 0.056 0.04 0.071 0.084 0.074 0.071 0.106 0.074 0.08 0.07;
0.046 0.057 0.065 0.058 0.081 0.056 0.051 0.066 0.039 0.08 0.065 0.077 0.101 0.086 0.072;0.046 0.057 0.056 0.051 0.066 0.065 0.058 0.081 0.039 0.08 0.065 0.077 0.086 0.101 0.072;0.046 0.056 0.065 0.039 0.077 0.057 0.051 0.066 0.058 0.08 0.086 0.081 0.101 0.065 0.072;
0.048 0.051 0.075 0.058 0.105 0.045 0.041 0.07 0.035 0.082 0.079 0.07 0.074 0.102 0.065;0.048 0.051 0.045 0.041 0.07 0.075 0.058 0.105 0.035 0.082 0.079 0.07 0.102 0.074 0.065;0.048 0.045 0.075 0.035 0.07 0.051 0.041 0.07 0.058 0.082 0.102 0.105 0.074 0.079 0.065;
0.034 0.058 0.087 0.063 0.105 0.05 0.041 0.058 0.033 0.059 0.078 0.069 0.105 0.092 0.068;0.034 0.058 0.05 0.041 0.058 0.087 0.063 0.105 0.033 0.059 0.078 0.069 0.092 0.105 0.068;0.034 0.05 0.087 0.033 0.069 0.058 0.041 0.058 0.063 0.059 0.092 0.105 0.105 0.078 0.068;
0.029 0.059 0.065 0.059 0.094 0.048 0.05 0.073 0.025 0.082 0.063 0.086 0.116 0.085 0.066;0.029 0.059 0.048 0.05 0.073 0.065 0.059 0.094 0.025 0.082 0.063 0.086 0.085 0.116 0.066;0.029 0.048 0.065 0.025 0.086 0.059 0.05 0.073 0.059 0.082 0.085 0.094 0.116 0.063 0.066;
0.039 0.049 0.063 0.07 0.107 0.048 0.054 0.065 0.05 0.068 0.08 0.081 0.074 0.091 0.061;0.039 0.049 0.048 0.054 0.065 0.063 0.07 0.107 0.05 0.068 0.08 0.081 0.091 0.074 0.061;0.039 0.048 0.063 0.05 0.081 0.049 0.054 0.065 0.07 0.068 0.091 0.107 0.074 0.08 0.061;
0.047 0.063 0.068 0.06 0.095 0.055 0.046 0.064 0.043 0.066 0.084 0.058 0.093 0.087 0.071;0.047 0.063 0.055 0.046 0.064 0.068 0.06 0.095 0.043 0.066 0.084 0.058 0.087 0.093 0.071;0.047 0.055 0.068 0.043 0.058 0.063 0.046 0.064 0.06 0.066 0.087 0.095 0.093 0.084 0.071;
0.046 0.059 0.071 0.061 0.092 0.057 0.044 0.062 0.036 0.082 0.064 0.069 0.093 0.099 0.065;0.046 0.059 0.057 0.044 0.062 0.071 0.061 0.092 0.036 0.082 0.064 0.069 0.099 0.093 0.065;0.046 0.057 0.071 0.036 0.069 0.059 0.044 0.062 0.061 0.082 0.099 0.092 0.093 0.064 0.065;
0.042 0.059 0.079 0.057 0.091 0.041 0.048 0.081 0.05 0.067 0.067 0.07 0.093 0.095 0.06;0.042 0.059 0.041 0.048 0.081 0.079 0.057 0.091 0.05 0.067 0.067 0.07 0.095 0.093 0.06;0.042 0.041 0.079 0.05 0.07 0.059 0.048 0.081 0.057 0.067 0.095 0.091 0.093 0.067 0.06;
0.049 0.057 0.054 0.049 0.09 0.053 0.032 0.081 0.045 0.096 0.073 0.073 0.094 0.089 0.065;0.049 0.057 0.053 0.032 0.081 0.054 0.049 0.09 0.045 0.096 0.073 0.073 0.089 0.094 0.065;0.049 0.053 0.054 0.045 0.073 0.057 0.032 0.081 0.049 0.096 0.089 0.09 0.094 0.073 0.065;
0.044 0.056 0.063 0.067 0.093 0.039 0.042 0.069 0.045 0.073 0.074 0.085 0.083 0.115 0.052;0.044 0.056 0.039 0.042 0.069 0.063 0.067 0.093 0.045 0.073 0.074 0.085 0.115 0.083 0.052;0.044 0.039 0.063 0.045 0.085 0.056 0.042 0.069 0.067 0.073 0.115 0.093 0.083 0.074 0.052;
0.038 0.072 0.077 0.062 0.085 0.058 0.046 0.067 0.038 0.065 0.074 0.062 0.105 0.092 0.059;0.038 0.072 0.058 0.046 0.067 0.077 0.062 0.085 0.038 0.065 0.074 0.062 0.092 0.105 0.059;0.038 0.058 0.077 0.038 0.062 0.072 0.046 0.067 0.062 0.065 0.092 0.085 0.105 0.074 0.059;
0.044 0.05 0.073 0.064 0.102 0.057 0.04 0.062 0.039 0.077 0.07 0.071 0.078 0.104 0.069;0.044 0.05 0.057 0.04 0.062 0.073 0.064 0.102 0.039 0.077 0.07 0.071 0.104 0.078 0.069;0.044 0.057 0.073 0.039 0.071 0.05 0.04 0.062 0.064 0.077 0.104 0.102 0.078 0.07 0.069;
0.047 0.062 0.075 0.054 0.078 0.05 0.04 0.068 0.042 0.077 0.072 0.076 0.097 0.091 0.071;0.047 0.062 0.05 0.04 0.068 0.075 0.054 0.078 0.042 0.077 0.072 0.076 0.091 0.097 0.071;0.047 0.05 0.075 0.042 0.076 0.062 0.04 0.068 0.054 0.077 0.091 0.078 0.097 0.072 0.071;
0.044 0.051 0.073 0.059 0.084 0.056 0.052 0.062 0.041 0.074 0.088 0.067 0.094 0.087 0.068;0.044 0.051 0.056 0.052 0.062 0.073 0.059 0.084 0.041 0.074 0.088 0.067 0.087 0.094 0.068;0.044 0.056 0.073 0.041 0.067 0.051 0.052 0.062 0.059 0.074 0.087 0.084 0.094 0.088 0.068;
0.039 0.06 0.049 0.066 0.095 0.047 0.052 0.078 0.036 0.069 0.085 0.082 0.08 0.095 0.067;0.039 0.06 0.047 0.052 0.078 0.049 0.066 0.095 0.036 0.069 0.085 0.082 0.095 0.08 0.067;0.039 0.047 0.049 0.036 0.082 0.06 0.052 0.078 0.066 0.069 0.095 0.095 0.08 0.085 0.067;
0.042 0.058 0.066 0.055 0.115 0.061 0.039 0.066 0.033 0.066 0.072 0.067 0.098 0.083 0.079;0.042 0.058 0.061 0.039 0.066 0.066 0.055 0.115 0.033 0.066 0.072 0.067 0.083 0.098 0.079;0.042 0.061 0.066 0.033 0.067 0.058 0.039 0.066 0.055 0.066 0.083 0.115 0.098 0.072 0.079;
0.044 0.04 0.049 0.074 0.089 0.052 0.048 0.077 0.046 0.069 0.067 0.085 0.101 0.09 0.069;0.044 0.04 0.052 0.048 0.077 0.049 0.074 0.089 0.046 0.069 0.067 0.085 0.09 0.101 0.069;0.044 0.052 0.049 0.046 0.085 0.04 0.048 0.077 0.074 0.069 0.09 0.089 0.101 0.067 0.069;
0.042 0.054 0.074 0.066 0.088 0.054 0.053 0.064 0.044 0.068 0.092 0.069 0.077 0.094 0.061;0.042 0.054 0.054 0.053 0.064 0.074 0.066 0.088 0.044 0.068 0.092 0.069 0.094 0.077 0.061;0.042 0.054 0.074 0.044 0.069 0.054 0.053 0.064 0.066 0.068 0.094 0.088 0.077 0.092 0.061;
0.031 0.06 0.066 0.067 0.1 0.05 0.053 0.05 0.044 0.064 0.077 0.077 0.089 0.103 0.069;0.031 0.06 0.05 0.053 0.05 0.066 0.067 0.1 0.044 0.064 0.077 0.077 0.103 0.089 0.069;0.031 0.05 0.066 0.044 0.077 0.06 0.053 0.05 0.067 0.064 0.103 0.1 0.089 0.077 0.069;
0.041 0.044 0.079 0.067 0.096 0.048 0.042 0.07 0.039 0.068 0.057 0.087 0.105 0.086 0.071;0.041 0.044 0.048 0.042 0.07 0.079 0.067 0.096 0.039 0.068 0.057 0.087 0.086 0.105 0.071;0.041 0.048 0.079 0.039 0.087 0.044 0.042 0.07 0.067 0.068 0.086 0.096 0.105 0.057 0.071;
0.045 0.055 0.067 0.068 0.089 0.053 0.048 0.076 0.037 0.073 0.068 0.08 0.077 0.093 0.071;0.045 0.055 0.053 0.048 0.076 0.067 0.068 0.089 0.037 0.073 0.068 0.08 0.093 0.077 0.071;0.045 0.053 0.067 0.037 0.08 0.055 0.048 0.076 0.068 0.073 0.093 0.089 0.077 0.068 0.071;
0.041 0.049 0.079 0.051 0.09 0.065 0.048 0.088 0.039 0.065 0.077 0.083 0.085 0.078 0.062;0.041 0.049 0.065 0.048 0.088 0.079 0.051 0.09 0.039 0.065 0.077 0.083 0.078 0.085 0.062;0.041 0.065 0.079 0.039 0.083 0.049 0.048 0.088 0.051 0.065 0.078 0.09 0.085 0.077 0.062;
0.026 0.064 0.063 0.075 0.096 0.065 0.042 0.062 0.036 0.078 0.072 0.081 0.094 0.079 0.067;0.026 0.064 0.065 0.042 0.062 0.063 0.075 0.096 0.036 0.078 0.072 0.081 0.079 0.094 0.067;0.026 0.065 0.063 0.036 0.081 0.064 0.042 0.062 0.075 0.078 0.079 0.096 0.094 0.072 0.067;
0.05 0.055 0.074 0.059 0.088 0.059 0.047 0.072 0.041 0.077 0.074 0.075 0.066 0.095 0.068;0.05 0.055 0.059 0.047 0.072 0.074 0.059 0.088 0.041 0.077 0.074 0.075 0.095 0.066 0.068;0.05 0.059 0.074 0.041 0.075 0.055 0.047 0.072 0.059 0.077 0.095 0.088 0.066 0.074 0.068;
0.049 0.049 0.081 0.073 0.082 0.047 0.047 0.072 0.045 0.08 0.067 0.074 0.076 0.094 0.064;0.049 0.049 0.047 0.047 0.072 0.081 0.073 0.082 0.045 0.08 0.067 0.074 0.094 0.076 0.064;0.049 0.047 0.081 0.045 0.074 0.049 0.047 0.072 0.073 0.08 0.094 0.082 0.076 0.067 0.064;
0.035 0.067 0.072 0.056 0.077 0.048 0.048 0.073 0.036 0.083 0.07 0.08 0.09 0.093 0.072;0.035 0.067 0.048 0.048 0.073 0.072 0.056 0.077 0.036 0.083 0.07 0.08 0.093 0.09 0.072;0.035 0.048 0.072 0.036 0.08 0.067 0.048 0.073 0.056 0.083 0.093 0.077 0.09 0.07 0.072;
0.035 0.049 0.065 0.057 0.09 0.07 0.037 0.069 0.051 0.086 0.071 0.068 0.108 0.082 0.062;0.035 0.049 0.07 0.037 0.069 0.065 0.057 0.09 0.051 0.086 0.071 0.068 0.082 0.108 0.062;0.035 0.07 0.065 0.051 0.068 0.049 0.037 0.069 0.057 0.086 0.082 0.09 0.108 0.071 0.062;
0.04 0.055 0.07 0.061 0.087 0.052 0.046 0.08 0.043 0.073 0.086 0.063 0.083 0.102 0.059;0.04 0.055 0.052 0.046 0.08 0.07 0.061 0.087 0.043 0.073 0.086 0.063 0.102 0.083 0.059;0.04 0.052 0.07 0.043 0.063 0.055 0.046 0.08 0.061 0.073 0.102 0.087 0.083 0.086 0.059;
0.048 0.057 0.06 0.059 0.096 0.055 0.044 0.079 0.049 0.068 0.076 0.076 0.081 0.083 0.069;0.048 0.057 0.055 0.044 0.079 0.06 0.059 0.096 0.049 0.068 0.076 0.076 0.083 0.081 0.069;0.048 0.055 0.06 0.049 0.076 0.057 0.044 0.079 0.059 0.068 0.083 0.096 0.081 0.076 0.069;
0.049 0.044 0.074 0.06 0.101 0.043 0.065 0.058 0.03 0.068 0.068 0.069 0.079 0.122 0.07;0.049 0.044 0.043 0.065 0.058 0.074 0.06 0.101 0.03 0.068 0.068 0.069 0.122 0.079 0.07;0.049 0.043 0.074 0.03 0.069 0.044 0.065 0.058 0.06 0.068 0.122 0.101 0.079 0.068 0.07;
0.044 0.049 0.057 0.064 0.091 0.061 0.049 0.063 0.037 0.073 0.086 0.082 0.088 0.104 0.052;0.044 0.049 0.061 0.049 0.063 0.057 0.064 0.091 0.037 0.073 0.086 0.082 0.104 0.088 0.052;0.044 0.061 0.057 0.037 0.082 0.049 0.049 0.063 0.064 0.073 0.104 0.091 0.088 0.086 0.052;
0.049 0.056 0.075 0.062 0.089 0.053 0.051 0.076 0.037 0.068 0.097 0.072 0.074 0.076 0.065;0.049 0.056 0.053 0.051 0.076 0.075 0.062 0.089 0.037 0.068 0.097 0.072 0.076 0.074 0.065;0.049 0.053 0.075 0.037 0.072 0.056 0.051 0.076 0.062 0.068 0.076 0.089 0.074 0.097 0.065;
0.036 0.059 0.06 0.066 0.086 0.046 0.047 0.089 0.042 0.076 0.069 0.087 0.08 0.1 0.057;0.036 0.059 0.046 0.047 0.089 0.06 0.066 0.086 0.042 0.076 0.069 0.087 0.1 0.08 0.057;0.036 0.046 0.06 0.042 0.087 0.059 0.047 0.089 0.066 0.076 0.1 0.086 0.08 0.069 0.057;
0.044 0.053 0.056 0.064 0.098 0.06 0.034 0.08 0.042 0.078 0.075 0.076 0.082 0.089 0.069;0.044 0.053 0.06 0.034 0.08 0.056 0.064 0.098 0.042 0.078 0.075 0.076 0.089 0.082 0.069;0.044 0.06 0.056 0.042 0.076 0.053 0.034 0.08 0.064 0.078 0.089 0.098 0.082 0.075 0.069;
0.037 0.053 0.063 0.047 0.115 0.056 0.045 0.076 0.032 0.062 0.083 0.075 0.091 0.092 0.073;0.037 0.053 0.056 0.045 0.076 0.063 0.047 0.115 0.032 0.062 0.083 0.075 0.092 0.091 0.073;0.037 0.056 0.063 0.032 0.075 0.053 0.045 0.076 0.047 0.062 0.092 0.115 0.091 0.083 0.073;
0.044 0.068 0.073 0.058 0.085 0.05 0.043 0.078 0.047 0.071 0.079 0.067 0.087 0.082 0.068;0.044 0.068 0.05 0.043 0.078 0.073 0.058 0.085 0.047 0.071 0.079 0.067 0.082 0.087 0.068;0.044 0.05 0.073 0.047 0.067 0.068 0.043 0.078 0.058 0.071 0.082 0.085 0.087 0.079 0.068;
0.042 0.051 0.088 0.07 0.087 0.053 0.029 0.065 0.046 0.074 0.076 0.08 0.083 0.086 0.07;0.042 0.051 0.053 0.029 0.065 0.088 0.07 0.087 0.046 0.074 0.076 0.08 0.086 0.083 0.07;0.042 0.053 0.088 0.046 0.08 0.051 0.029 0.065 0.07 0.074 0.086 0.087 0.083 0.076 0.07;
0.043 0.059 0.089 0.069 0.084 0.047 0.041 0.066 0.037 0.076 0.076 0.066 0.093 0.087 0.067;0.043 0.059 0.047 0.041 0.066 0.089 0.069 0.084 0.037 0.076 0.076 0.066 0.087 0.093 0.067;0.043 0.047 0.089 0.037 0.066 0.059 0.041 0.066 0.069 0.076 0.087 0.084 0.093 0.076 0.067;
0.041 0.054 0.061 0.065 0.087 0.051 0.05 0.078 0.028 0.075 0.075 0.074 0.095 0.093 0.073;0.041 0.054 0.051 0.05 0.078 0.061 0.065 0.087 0.028 0.075 0.075 0.074 0.093 0.095 0.073;0.041 0.051 0.061 0.028 0.074 0.054 0.05 0.078 0.065 0.075 0.093 0.087 0.095 0.075 0.073;
0.051 0.048 0.081 0.071 0.094 0.041 0.051 0.062 0.04 0.055 0.076 0.075 0.086 0.092 0.077;0.051 0.048 0.041 0.051 0.062 0.081 0.071 0.094 0.04 0.055 0.076 0.075 0.092 0.086 0.077;0.051 0.041 0.081 0.04 0.075 0.048 0.051 0.062 0.071 0.055 0.092 0.094 0.086 0.076 0.077;
0.033 0.051 0.077 0.065 0.105 0.049 0.045 0.057 0.038 0.064 0.084 0.075 0.087 0.1 0.07;0.033 0.051 0.049 0.045 0.057 0.077 0.065 0.105 0.038 0.064 0.084 0.075 0.1 0.087 0.07;0.033 0.049 0.077 0.038 0.075 0.051 0.045 0.057 0.065 0.064 0.1 0.105 0.087 0.084 0.07;
0.04 0.062 0.072 0.073 0.092 0.062 0.049 0.062 0.045 0.062 0.071 0.066 0.072 0.11 0.062;0.04 0.062 0.062 0.049 0.062 0.072 0.073 0.092 0.045 0.062 0.071 0.066 0.11 0.072 0.062;0.04 0.062 0.072 0.045 0.066 0.062 0.049 0.062 0.073 0.062 0.11 0.092 0.072 0.071 0.062;
0.04 0.061 0.063 0.072 0.082 0.06 0.037 0.062 0.05 0.081 0.075 0.086 0.071 0.092 0.068;0.04 0.061 0.06 0.037 0.062 0.063 0.072 0.082 0.05 0.081 0.075 0.086 0.092 0.071 0.068;0.04 0.06 0.063 0.05 0.086 0.061 0.037 0.062 0.072 0.081 0.092 0.082 0.071 0.075 0.068;
0.045 0.058 0.069 0.059 0.096 0.042 0.046 0.071 0.032 0.074 0.075 0.072 0.09 0.101 0.07;0.045 0.058 0.042 0.046 0.071 0.069 0.059 0.096 0.032 0.074 0.075 0.072 0.101 0.09 0.07;0.045 0.042 0.069 0.032 0.072 0.058 0.046 0.071 0.059 0.074 0.101 0.096 0.09 0.075 0.07;
0.041 0.053 0.062 0.063 0.091 0.075 0.048 0.065 0.047 0.072 0.07 0.085 0.079 0.099 0.05;0.041 0.053 0.075 0.048 0.065 0.062 0.063 0.091 0.047 0.072 0.07 0.085 0.099 0.079 0.05;0.041 0.075 0.062 0.047 0.085 0.053 0.048 0.065 0.063 0.072 0.099 0.091 0.079 0.07 0.05;
0.033 0.056 0.085 0.069 0.079 0.045 0.048 0.087 0.042 0.066 0.071 0.069 0.088 0.101 0.061;0.033 0.056 0.045 0.048 0.087 0.085 0.069 0.079 0.042 0.066 0.071 0.069 0.101 0.088 0.061;0.033 0.045 0.085 0.042 0.069 0.056 0.048 0.087 0.069 0.066 0.101 0.079 0.088 0.071 0.061;
0.044 0.066 0.071 0.066 0.097 0.042 0.065 0.065 0.036 0.072 0.08 0.073 0.077 0.075 0.071;0.044 0.066 0.042 0.065 0.065 0.071 0.066 0.097 0.036 0.072 0.08 0.073 0.075 0.077 0.071;0.044 0.042 0.071 0.036 0.073 0.066 0.065 0.065 0.066 0.072 0.075 0.097 0.077 0.08 0.071;
0.04 0.052 0.064 0.061 0.088 0.05 0.047 0.066 0.037 0.075 0.086 0.077 0.089 0.098 0.07;0.04 0.052 0.05 0.047 0.066 0.064 0.061 0.088 0.037 0.075 0.086 0.077 0.098 0.089 0.07;0.04 0.05 0.064 0.037 0.077 0.052 0.047 0.066 0.061 0.075 0.098 0.088 0.089 0.086 0.07;
0.038 0.042 0.088 0.066 0.106 0.058 0.057 0.058 0.045 0.065 0.066 0.074 0.09 0.087 0.06;0.038 0.042 0.058 0.057 0.058 0.088 0.066 0.106 0.045 0.065 0.066 0.074 0.087 0.09 0.06;0.038 0.058 0.088 0.045 0.074 0.042 0.057 0.058 0.066 0.065 0.087 0.106 0.09 0.066 0.06;
0.038 0.05 0.062 0.052 0.097 0.056 0.04 0.079 0.038 0.082 0.056 0.077 0.1 0.093 0.08;0.038 0.05 0.056 0.04 0.079 0.062 0.052 0.097 0.038 0.082 0.056 0.077 0.093 0.1 0.08;0.038 0.056 0.062 0.038 0.077 0.05 0.04 0.079 0.052 0.082 0.093 0.097 0.1 0.056 0.08;
0.045 0.054 0.074 0.059 0.089 0.053 0.043 0.078 0.051 0.077 0.062 0.076 0.096 0.085 0.058;0.045 0.054 0.053 0.043 0.078 0.074 0.059 0.089 0.051 0.077 0.062 0.076 0.085 0.096 0.058;0.045 0.053 0.074 0.051 0.076 0.054 0.043 0.078 0.059 0.077 0.085 0.089 0.096 0.062 0.058;
0.035 0.057 0.082 0.069 0.095 0.062 0.051 0.06 0.039 0.061 0.077 0.07 0.087 0.092 0.063;0.035 0.057 0.062 0.051 0.06 0.082 0.069 0.095 0.039 0.061 0.077 0.07 0.092 0.087 0.063;0.035 0.062 0.082 0.039 0.07 0.057 0.051 0.06 0.069 0.061 0.092 0.095 0.087 0.077 0.063;
0.036 0.061 0.059 0.071 0.088 0.049 0.042 0.07 0.04 0.065 0.083 0.076 0.095 0.095 0.07;0.036 0.061 0.049 0.042 0.07 0.059 0.071 0.088 0.04 0.065 0.083 0.076 0.095 0.095 0.07;0.036 0.049 0.059 0.04 0.076 0.061 0.042 0.07 0.071 0.065 0.095 0.088 0.095 0.083 0.07;
0.04 0.054 0.07 0.057 0.086 0.065 0.048 0.076 0.04 0.073 0.066 0.087 0.08 0.088 0.07;0.04 0.054 0.065 0.048 0.076 0.07 0.057 0.086 0.04 0.073 0.066 0.087 0.088 0.08 0.07;0.04 0.065 0.07 0.04 0.087 0.054 0.048 0.076 0.057 0.073 0.088 0.086 0.08 0.066 0.07;
0.035 0.069 0.075 0.078 0.08 0.056 0.05 0.074 0.041 0.058 0.062 0.071 0.086 0.096 0.069;0.035 0.069 0.056 0.05 0.074 0.075 0.078 0.08 0.041 0.058 0.062 0.071 0.096 0.086 0.069;0.035 0.056 0.075 0.041 0.071 0.069 0.05 0.074 0.078 0.058 0.096 0.08 0.086 0.062 0.069;
0.053 0.048 0.069 0.067 0.089 0.063 0.03 0.081 0.055 0.069 0.071 0.069 0.08 0.095 0.061;0.053 0.048 0.063 0.03 0.081 0.069 0.067 0.089 0.055 0.069 0.071 0.069 0.095 0.08 0.061;0.053 0.063 0.069 0.055 0.069 0.048 0.03 0.081 0.067 0.069 0.095 0.089 0.08 0.071 0.061;
0.046 0.058 0.077 0.045 0.094 0.062 0.042 0.06 0.037 0.075 0.07 0.077 0.091 0.095 0.071;0.046 0.058 0.062 0.042 0.06 0.077 0.045 0.094 0.037 0.075 0.07 0.077 0.095 0.091 0.071;0.046 0.062 0.077 0.037 0.077 0.058 0.042 0.06 0.045 0.075 0.095 0.094 0.091 0.07 0.071;
0.041 0.056 0.068 0.048 0.084 0.062 0.04 0.072 0.045 0.067 0.079 0.07 0.11 0.098 0.06;0.041 0.056 0.062 0.04 0.072 0.068 0.048 0.084 0.045 0.067 0.079 0.07 0.098 0.11 0.06;0.041 0.062 0.068 0.045 0.07 0.056 0.04 0.072 0.048 0.067 0.098 0.084 0.11 0.079 0.06;
0.044 0.055 0.072 0.056 0.095 0.054 0.046 0.078 0.051 0.067 0.079 0.074 0.068 0.088 0.073;0.044 0.055 0.054 0.046 0.078 0.072 0.056 0.095 0.051 0.067 0.079 0.074 0.088 0.068 0.073;0.044 0.054 0.072 0.051 0.074 0.055 0.046 0.078 0.056 0.067 0.088 0.095 0.068 0.079 0.073;
0.046 0.05 0.073 0.067 0.082 0.058 0.038 0.072 0.039 0.08 0.074 0.064 0.087 0.103 0.067;0.046 0.05 0.058 0.038 0.072 0.073 0.067 0.082 0.039 0.08 0.074 0.064 0.103 0.087 0.067;0.046 0.058 0.073 0.039 0.064 0.05 0.038 0.072 0.067 0.08 0.103 0.082 0.087 0.074 0.067;
0.05 0.046 0.063 0.074 0.075 0.064 0.047 0.05 0.043 0.08 0.072 0.084 0.094 0.089 0.069;0.05 0.046 0.064 0.047 0.05 0.063 0.074 0.075 0.043 0.08 0.072 0.084 0.089 0.094 0.069;0.05 0.064 0.063 0.043 0.084 0.046 0.047 0.05 0.074 0.08 0.089 0.075 0.094 0.072 0.069;
0.045 0.059 0.075 0.064 0.097 0.062 0.053 0.053 0.037 0.066 0.063 0.076 0.101 0.087 0.062;0.045 0.059 0.062 0.053 0.053 0.075 0.064 0.097 0.037 0.066 0.063 0.076 0.087 0.101 0.062;0.045 0.062 0.075 0.037 0.076 0.059 0.053 0.053 0.064 0.066 0.087 0.097 0.101 0.063 0.062;
0.031 0.062 0.067 0.062 0.099 0.056 0.053 0.055 0.034 0.087 0.07 0.072 0.107 0.077 0.068;0.031 0.062 0.056 0.053 0.055 0.067 0.062 0.099 0.034 0.087 0.07 0.072 0.077 0.107 0.068;0.031 0.056 0.067 0.034 0.072 0.062 0.053 0.055 0.062 0.087 0.077 0.099 0.107 0.07 0.068;
0.054 0.046 0.066 0.05 0.072 0.046 0.042 0.093 0.038 0.064 0.086 0.091 0.099 0.088 0.065;0.054 0.046 0.046 0.042 0.093 0.066 0.05 0.072 0.038 0.064 0.086 0.091 0.088 0.099 0.065;0.054 0.046 0.066 0.038 0.091 0.046 0.042 0.093 0.05 0.064 0.088 0.072 0.099 0.086 0.065;
0.035 0.051 0.082 0.053 0.093 0.056 0.026 0.07 0.044 0.086 0.08 0.063 0.089 0.104 0.068;0.035 0.051 0.056 0.026 0.07 0.082 0.053 0.093 0.044 0.086 0.08 0.063 0.104 0.089 0.068;0.035 0.056 0.082 0.044 0.063 0.051 0.026 0.07 0.053 0.086 0.104 0.093 0.089 0.08 0.068;
0.04 0.057 0.084 0.057 0.093 0.064 0.039 0.081 0.027 0.07 0.064 0.078 0.079 0.094 0.073;0.04 0.057 0.064 0.039 0.081 0.084 0.057 0.093 0.027 0.07 0.064 0.078 0.094 0.079 0.073;0.04 0.064 0.084 0.027 0.078 0.057 0.039 0.081 0.057 0.07 0.094 0.093 0.079 0.064 0.073;
0.034 0.061 0.084 0.056 0.092 0.057 0.032 0.079 0.044 0.072 0.071 0.077 0.091 0.081 0.069;0.034 0.061 0.057 0.032 0.079 0.084 0.056 0.092 0.044 0.072 0.071 0.077 0.081 0.091 0.069;0.034 0.057 0.084 0.044 0.077 0.061 0.032 0.079 0.056 0.072 0.081 0.092 0.091 0.071 0.069;
0.046 0.059 0.072 0.058 0.081 0.047 0.053 0.072 0.031 0.082 0.069 0.077 0.086 0.096 0.071;0.046 0.059 0.047 0.053 0.072 0.072 0.058 0.081 0.031 0.082 0.069 0.077 0.096 0.086 0.071;0.046 0.047 0.072 0.031 0.077 0.059 0.053 0.072 0.058 0.082 0.096 0.081 0.086 0.069 0.071;
0.042 0.059 0.061 0.049 0.122 0.067 0.048 0.069 0.035 0.081 0.068 0.074 0.093 0.082 0.05;0.042 0.059 0.067 0.048 0.069 0.061 0.049 0.122 0.035 0.081 0.068 0.074 0.082 0.093 0.05;0.042 0.067 0.061 0.035 0.074 0.059 0.048 0.069 0.049 0.081 0.082 0.122 0.093 0.068 0.05;
0.034 0.058 0.087 0.056 0.103 0.052 0.046 0.068 0.04 0.056 0.076 0.063 0.098 0.098 0.065;0.034 0.058 0.052 0.046 0.068 0.087 0.056 0.103 0.04 0.056 0.076 0.063 0.098 0.098 0.065;0.034 0.052 0.087 0.04 0.063 0.058 0.046 0.068 0.056 0.056 0.098 0.103 0.098 0.076 0.065;
0.034 0.054 0.067 0.058 0.089 0.055 0.05 0.072 0.039 0.087 0.084 0.068 0.088 0.083 0.072;0.034 0.054 0.055 0.05 0.072 0.067 0.058 0.089 0.039 0.087 0.084 0.068 0.083 0.088 0.072;0.034 0.055 0.067 0.039 0.068 0.054 0.05 0.072 0.058 0.087 0.083 0.089 0.088 0.084 0.072;
0.052 0.047 0.067 0.072 0.078 0.058 0.044 0.065 0.045 0.062 0.067 0.068 0.091 0.109 0.075;0.052 0.047 0.058 0.044 0.065 0.067 0.072 0.078 0.045 0.062 0.067 0.068 0.109 0.091 0.075;0.052 0.058 0.067 0.045 0.068 0.047 0.044 0.065 0.072 0.062 0.109 0.078 0.091 0.067 0.075;
0.039 0.051 0.069 0.071 0.097 0.067 0.048 0.084 0.036 0.074 0.082 0.066 0.079 0.091 0.046;0.039 0.051 0.067 0.048 0.084 0.069 0.071 0.097 0.036 0.074 0.082 0.066 0.091 0.079 0.046;0.039 0.067 0.069 0.036 0.066 0.051 0.048 0.084 0.071 0.074 0.091 0.097 0.079 0.082 0.046;
0.037 0.059 0.088 0.057 0.084 0.053 0.052 0.06 0.037 0.085 0.077 0.079 0.088 0.078 0.066;0.037 0.059 0.053 0.052 0.06 0.088 0.057 0.084 0.037 0.085 0.077 0.079 0.078 0.088 0.066;0.037 0.053 0.088 0.037 0.079 0.059 0.052 0.06 0.057 0.085 0.078 0.084 0.088 0.077 0.066;
0.039 0.051 0.061 0.061 0.108 0.056 0.052 0.067 0.03 0.083 0.074 0.077 0.089 0.082 0.07;0.039 0.051 0.056 0.052 0.067 0.061 0.061 0.108 0.03 0.083 0.074 0.077 0.082 0.089 0.07;0.039 0.056 0.061 0.03 0.077 0.051 0.052 0.067 0.061 0.083 0.082 0.108 0.089 0.074 0.07;
0.041 0.044 0.065 0.055 0.098 0.056 0.041 0.07 0.036 0.079 0.068 0.094 0.086 0.087 0.08;0.041 0.044 0.056 0.041 0.07 0.065 0.055 0.098 0.036 0.079 0.068 0.094 0.087 0.086 0.08;0.041 0.056 0.065 0.036 0.094 0.044 0.041 0.07 0.055 0.079 0.087 0.098 0.086 0.068 0.08];