pntP=[0.099 0.047 0.135 0.05 0.069 0.037 0.057 0.03 0.037 0.138 0.038 0.047 0.125 0.054 0.037;0.099 0.047 0.037 0.057 0.03 0.135 0.05 0.069 0.037 0.138 0.038 0.047 0.054 0.125 0.037;0.099 0.037 0.135 0.037 0.047 0.047 0.057 0.03 0.05 0.138 0.054 0.069 0.125 0.038 0.037;
0.093 0.045 0.14 0.061 0.066 0.045 0.049 0.042 0.026 0.127 0.039 0.045 0.13 0.057 0.035;0.093 0.045 0.045 0.049 0.042 0.14 0.061 0.066 0.026 0.127 0.039 0.045 0.057 0.13 0.035;0.093 0.045 0.14 0.026 0.045 0.045 0.049 0.042 0.061 0.127 0.057 0.066 0.13 0.039 0.035;
0.104 0.033 0.137 0.051 0.065 0.052 0.06 0.028 0.024 0.134 0.039 0.052 0.118 0.07 0.033;0.104 0.033 0.052 0.06 0.028 0.137 0.051 0.065 0.024 0.134 0.039 0.052 0.07 0.118 0.033;0.104 0.052 0.137 0.024 0.052 0.033 0.06 0.028 0.051 0.134 0.07 0.065 0.118 0.039 0.033;
0.108 0.028 0.133 0.055 0.054 0.032 0.065 0.03 0.032 0.141 0.061 0.042 0.121 0.061 0.037;0.108 0.028 0.032 0.065 0.03 0.133 0.055 0.054 0.032 0.141 0.061 0.042 0.061 0.121 0.037;0.108 0.032 0.133 0.032 0.042 0.028 0.065 0.03 0.055 0.141 0.061 0.054 0.121 0.061 0.037;
0.097 0.041 0.128 0.045 0.067 0.046 0.047 0.037 0.027 0.131 0.047 0.048 0.128 0.077 0.034;0.097 0.041 0.046 0.047 0.037 0.128 0.045 0.067 0.027 0.131 0.047 0.048 0.077 0.128 0.034;0.097 0.046 0.128 0.027 0.048 0.041 0.047 0.037 0.045 0.131 0.077 0.067 0.128 0.047 0.034;
0.113 0.049 0.138 0.043 0.058 0.038 0.046 0.031 0.03 0.106 0.049 0.055 0.136 0.064 0.044;0.113 0.049 0.038 0.046 0.031 0.138 0.043 0.058 0.03 0.106 0.049 0.055 0.064 0.136 0.044;0.113 0.038 0.138 0.03 0.055 0.049 0.046 0.031 0.043 0.106 0.064 0.058 0.136 0.049 0.044;
0.095 0.035 0.146 0.056 0.059 0.047 0.052 0.046 0.022 0.126 0.047 0.054 0.119 0.058 0.038;0.095 0.035 0.047 0.052 0.046 0.146 0.056 0.059 0.022 0.126 0.047 0.054 0.058 0.119 0.038;0.095 0.047 0.146 0.022 0.054 0.035 0.052 0.046 0.056 0.126 0.058 0.059 0.119 0.047 0.038;
0.093 0.037 0.142 0.048 0.065 0.05 0.068 0.04 0.024 0.122 0.047 0.04 0.107 0.074 0.043;0.093 0.037 0.05 0.068 0.04 0.142 0.048 0.065 0.024 0.122 0.047 0.04 0.074 0.107 0.043;0.093 0.05 0.142 0.024 0.04 0.037 0.068 0.04 0.048 0.122 0.074 0.065 0.107 0.047 0.043;
0.108 0.047 0.116 0.062 0.061 0.032 0.057 0.045 0.031 0.133 0.04 0.045 0.123 0.065 0.035;0.108 0.047 0.032 0.057 0.045 0.116 0.062 0.061 0.031 0.133 0.04 0.045 0.065 0.123 0.035;0.108 0.032 0.116 0.031 0.045 0.047 0.057 0.045 0.062 0.133 0.065 0.061 0.123 0.04 0.035;
0.089 0.042 0.139 0.065 0.073 0.049 0.056 0.04 0.032 0.121 0.042 0.041 0.118 0.065 0.028;0.089 0.042 0.049 0.056 0.04 0.139 0.065 0.073 0.032 0.121 0.042 0.041 0.065 0.118 0.028;0.089 0.049 0.139 0.032 0.041 0.042 0.056 0.04 0.065 0.121 0.065 0.073 0.118 0.042 0.028;
0.107 0.046 0.123 0.045 0.082 0.036 0.062 0.042 0.027 0.132 0.045 0.036 0.131 0.049 0.037;0.107 0.046 0.036 0.062 0.042 0.123 0.045 0.082 0.027 0.132 0.045 0.036 0.049 0.131 0.037;0.107 0.036 0.123 0.027 0.036 0.046 0.062 0.042 0.045 0.132 0.049 0.082 0.131 0.045 0.037;
0.103 0.038 0.143 0.044 0.054 0.045 0.066 0.035 0.03 0.134 0.046 0.044 0.124 0.061 0.033;0.103 0.038 0.045 0.066 0.035 0.143 0.044 0.054 0.03 0.134 0.046 0.044 0.061 0.124 0.033;0.103 0.045 0.143 0.03 0.044 0.038 0.066 0.035 0.044 0.134 0.061 0.054 0.124 0.046 0.033;
0.087 0.048 0.145 0.055 0.044 0.052 0.06 0.036 0.028 0.133 0.045 0.041 0.12 0.066 0.04;0.087 0.048 0.052 0.06 0.036 0.145 0.055 0.044 0.028 0.133 0.045 0.041 0.066 0.12 0.04;0.087 0.052 0.145 0.028 0.041 0.048 0.06 0.036 0.055 0.133 0.066 0.044 0.12 0.045 0.04;
0.104 0.045 0.119 0.056 0.06 0.033 0.069 0.029 0.033 0.136 0.047 0.047 0.119 0.071 0.032;0.104 0.045 0.033 0.069 0.029 0.119 0.056 0.06 0.033 0.136 0.047 0.047 0.071 0.119 0.032;0.104 0.033 0.119 0.033 0.047 0.045 0.069 0.029 0.056 0.136 0.071 0.06 0.119 0.047 0.032;
0.108 0.044 0.132 0.047 0.058 0.038 0.057 0.028 0.019 0.142 0.055 0.048 0.118 0.063 0.043;0.108 0.044 0.038 0.057 0.028 0.132 0.047 0.058 0.019 0.142 0.055 0.048 0.063 0.118 0.043;0.108 0.038 0.132 0.019 0.048 0.044 0.057 0.028 0.047 0.142 0.063 0.058 0.118 0.055 0.043;
0.101 0.052 0.144 0.045 0.059 0.037 0.052 0.042 0.025 0.122 0.05 0.054 0.125 0.047 0.045;0.101 0.052 0.037 0.052 0.042 0.144 0.045 0.059 0.025 0.122 0.05 0.054 0.047 0.125 0.045;0.101 0.037 0.144 0.025 0.054 0.052 0.052 0.042 0.045 0.122 0.047 0.059 0.125 0.05 0.045;
0.099 0.045 0.128 0.051 0.065 0.039 0.061 0.028 0.034 0.144 0.04 0.051 0.123 0.059 0.033;0.099 0.045 0.039 0.061 0.028 0.128 0.051 0.065 0.034 0.144 0.04 0.051 0.059 0.123 0.033;0.099 0.039 0.128 0.034 0.051 0.045 0.061 0.028 0.051 0.144 0.059 0.065 0.123 0.04 0.033;
0.116 0.036 0.125 0.049 0.07 0.046 0.068 0.025 0.026 0.129 0.049 0.047 0.1 0.068 0.046;0.116 0.036 0.046 0.068 0.025 0.125 0.049 0.07 0.026 0.129 0.049 0.047 0.068 0.1 0.046;0.116 0.046 0.125 0.026 0.047 0.036 0.068 0.025 0.049 0.129 0.068 0.07 0.1 0.049 0.046;
0.088 0.039 0.126 0.048 0.06 0.047 0.062 0.043 0.028 0.141 0.051 0.044 0.12 0.066 0.037;0.088 0.039 0.047 0.062 0.043 0.126 0.048 0.06 0.028 0.141 0.051 0.044 0.066 0.12 0.037;0.088 0.047 0.126 0.028 0.044 0.039 0.062 0.043 0.048 0.141 0.066 0.06 0.12 0.051 0.037;
0.116 0.057 0.125 0.031 0.055 0.043 0.063 0.052 0.025 0.126 0.04 0.045 0.125 0.051 0.046;0.116 0.057 0.043 0.063 0.052 0.125 0.031 0.055 0.025 0.126 0.04 0.045 0.051 0.125 0.046;0.116 0.043 0.125 0.025 0.045 0.057 0.063 0.052 0.031 0.126 0.051 0.055 0.125 0.04 0.046;
0.085 0.036 0.15 0.046 0.069 0.029 0.066 0.033 0.03 0.148 0.05 0.038 0.125 0.064 0.031;0.085 0.036 0.029 0.066 0.033 0.15 0.046 0.069 0.03 0.148 0.05 0.038 0.064 0.125 0.031;0.085 0.029 0.15 0.03 0.038 0.036 0.066 0.033 0.046 0.148 0.064 0.069 0.125 0.05 0.031;
0.117 0.044 0.138 0.039 0.063 0.035 0.046 0.04 0.027 0.138 0.049 0.036 0.132 0.054 0.042;0.117 0.044 0.035 0.046 0.04 0.138 0.039 0.063 0.027 0.138 0.049 0.036 0.054 0.132 0.042;0.117 0.035 0.138 0.027 0.036 0.044 0.046 0.04 0.039 0.138 0.054 0.063 0.132 0.049 0.042;
0.111 0.046 0.132 0.046 0.067 0.035 0.056 0.039 0.036 0.122 0.046 0.039 0.128 0.065 0.032;0.111 0.046 0.035 0.056 0.039 0.132 0.046 0.067 0.036 0.122 0.046 0.039 0.065 0.128 0.032;0.111 0.035 0.132 0.036 0.039 0.046 0.056 0.039 0.046 0.122 0.065 0.067 0.128 0.046 0.032;
0.101 0.044 0.121 0.062 0.06 0.048 0.066 0.042 0.029 0.133 0.042 0.043 0.119 0.058 0.032;0.101 0.044 0.048 0.066 0.042 0.121 0.062 0.06 0.029 0.133 0.042 0.043 0.058 0.119 0.032;0.101 0.048 0.121 0.029 0.043 0.044 0.066 0.042 0.062 0.133 0.058 0.06 0.119 0.042 0.032;
0.112 0.05 0.126 0.054 0.044 0.037 0.052 0.038 0.026 0.138 0.051 0.05 0.117 0.066 0.039;0.112 0.05 0.037 0.052 0.038 0.126 0.054 0.044 0.026 0.138 0.051 0.05 0.066 0.117 0.039;0.112 0.037 0.126 0.026 0.05 0.05 0.052 0.038 0.054 0.138 0.066 0.044 0.117 0.051 0.039;
0.112 0.044 0.126 0.062 0.048 0.042 0.051 0.047 0.024 0.145 0.04 0.045 0.114 0.059 0.041;0.112 0.044 0.042 0.051 0.047 0.126 0.062 0.048 0.024 0.145 0.04 0.045 0.059 0.114 0.041;0.112 0.042 0.126 0.024 0.045 0.044 0.051 0.047 0.062 0.145 0.059 0.048 0.114 0.04 0.041;
0.101 0.046 0.134 0.048 0.062 0.043 0.06 0.036 0.018 0.131 0.058 0.055 0.114 0.057 0.037;0.101 0.046 0.043 0.06 0.036 0.134 0.048 0.062 0.018 0.131 0.058 0.055 0.057 0.114 0.037;0.101 0.043 0.134 0.018 0.055 0.046 0.06 0.036 0.048 0.131 0.057 0.062 0.114 0.058 0.037;
0.117 0.048 0.116 0.046 0.056 0.038 0.06 0.048 0.025 0.136 0.041 0.054 0.114 0.057 0.044;0.117 0.048 0.038 0.06 0.048 0.116 0.046 0.056 0.025 0.136 0.041 0.054 0.057 0.114 0.044;0.117 0.038 0.116 0.025 0.054 0.048 0.06 0.048 0.046 0.136 0.057 0.056 0.114 0.041 0.044;
0.108 0.046 0.132 0.065 0.057 0.041 0.068 0.04 0.022 0.116 0.039 0.051 0.113 0.064 0.038;0.108 0.046 0.041 0.068 0.04 0.132 0.065 0.057 0.022 0.116 0.039 0.051 0.064 0.113 0.038;0.108 0.041 0.132 0.022 0.051 0.046 0.068 0.04 0.065 0.116 0.064 0.057 0.113 0.039 0.038;
0.107 0.047 0.136 0.056 0.056 0.048 0.058 0.044 0.024 0.117 0.046 0.051 0.111 0.065 0.034;0.107 0.047 0.048 0.058 0.044 0.136 0.056 0.056 0.024 0.117 0.046 0.051 0.065 0.111 0.034;0.107 0.048 0.136 0.024 0.051 0.047 0.058 0.044 0.056 0.117 0.065 0.056 0.111 0.046 0.034;
0.104 0.041 0.139 0.052 0.052 0.042 0.065 0.038 0.029 0.142 0.037 0.035 0.126 0.054 0.044;0.104 0.041 0.042 0.065 0.038 0.139 0.052 0.052 0.029 0.142 0.037 0.035 0.054 0.126 0.044;0.104 0.042 0.139 0.029 0.035 0.041 0.065 0.038 0.052 0.142 0.054 0.052 0.126 0.037 0.044;
0.099 0.045 0.13 0.053 0.062 0.04 0.053 0.04 0.035 0.121 0.051 0.045 0.131 0.057 0.038;0.099 0.045 0.04 0.053 0.04 0.13 0.053 0.062 0.035 0.121 0.051 0.045 0.057 0.131 0.038;0.099 0.04 0.13 0.035 0.045 0.045 0.053 0.04 0.053 0.121 0.057 0.062 0.131 0.051 0.038;
0.104 0.042 0.126 0.045 0.065 0.041 0.072 0.039 0.025 0.134 0.051 0.038 0.113 0.07 0.035;0.104 0.042 0.041 0.072 0.039 0.126 0.045 0.065 0.025 0.134 0.051 0.038 0.07 0.113 0.035;0.104 0.041 0.126 0.025 0.038 0.042 0.072 0.039 0.045 0.134 0.07 0.065 0.113 0.051 0.035;
0.108 0.034 0.149 0.053 0.056 0.049 0.06 0.04 0.021 0.128 0.047 0.041 0.121 0.056 0.037;0.108 0.034 0.049 0.06 0.04 0.149 0.053 0.056 0.021 0.128 0.047 0.041 0.056 0.121 0.037;0.108 0.049 0.149 0.021 0.041 0.034 0.06 0.04 0.053 0.128 0.056 0.056 0.121 0.047 0.037;
0.109 0.042 0.132 0.039 0.065 0.037 0.053 0.04 0.028 0.133 0.057 0.037 0.128 0.069 0.031;0.109 0.042 0.037 0.053 0.04 0.132 0.039 0.065 0.028 0.133 0.057 0.037 0.069 0.128 0.031;0.109 0.037 0.132 0.028 0.037 0.042 0.053 0.04 0.039 0.133 0.069 0.065 0.128 0.057 0.031;
0.099 0.036 0.126 0.059 0.065 0.049 0.054 0.044 0.037 0.13 0.049 0.05 0.104 0.073 0.025;0.099 0.036 0.049 0.054 0.044 0.126 0.059 0.065 0.037 0.13 0.049 0.05 0.073 0.104 0.025;0.099 0.049 0.126 0.037 0.05 0.036 0.054 0.044 0.059 0.13 0.073 0.065 0.104 0.049 0.025;
0.11 0.036 0.131 0.051 0.069 0.046 0.061 0.037 0.039 0.127 0.047 0.035 0.115 0.059 0.037;0.11 0.036 0.046 0.061 0.037 0.131 0.051 0.069 0.039 0.127 0.047 0.035 0.059 0.115 0.037;0.11 0.046 0.131 0.039 0.035 0.036 0.061 0.037 0.051 0.127 0.059 0.069 0.115 0.047 0.037;
0.11 0.036 0.13 0.046 0.057 0.043 0.061 0.035 0.033 0.135 0.037 0.052 0.126 0.071 0.028;0.11 0.036 0.043 0.061 0.035 0.13 0.046 0.057 0.033 0.135 0.037 0.052 0.071 0.126 0.028;0.11 0.043 0.13 0.033 0.052 0.036 0.061 0.035 0.046 0.135 0.071 0.057 0.126 0.037 0.028;
0.11 0.044 0.134 0.04 0.073 0.046 0.056 0.046 0.025 0.123 0.055 0.043 0.111 0.055 0.039;0.11 0.044 0.046 0.056 0.046 0.134 0.04 0.073 0.025 0.123 0.055 0.043 0.055 0.111 0.039;0.11 0.046 0.134 0.025 0.043 0.044 0.056 0.046 0.04 0.123 0.055 0.073 0.111 0.055 0.039;
0.107 0.032 0.141 0.049 0.063 0.04 0.059 0.038 0.027 0.123 0.048 0.046 0.127 0.059 0.041;0.107 0.032 0.04 0.059 0.038 0.141 0.049 0.063 0.027 0.123 0.048 0.046 0.059 0.127 0.041;0.107 0.04 0.141 0.027 0.046 0.032 0.059 0.038 0.049 0.123 0.059 0.063 0.127 0.048 0.041;
0.09 0.038 0.141 0.052 0.066 0.052 0.063 0.044 0.027 0.119 0.052 0.04 0.118 0.064 0.034;0.09 0.038 0.052 0.063 0.044 0.141 0.052 0.066 0.027 0.119 0.052 0.04 0.064 0.118 0.034;0.09 0.052 0.141 0.027 0.04 0.038 0.063 0.044 0.052 0.119 0.064 0.066 0.118 0.052 0.034;
0.112 0.046 0.13 0.056 0.049 0.055 0.062 0.042 0.03 0.113 0.042 0.038 0.118 0.063 0.044;0.112 0.046 0.055 0.062 0.042 0.13 0.056 0.049 0.03 0.113 0.042 0.038 0.063 0.118 0.044;0.112 0.055 0.13 0.03 0.038 0.046 0.062 0.042 0.056 0.113 0.063 0.049 0.118 0.042 0.044;
0.104 0.044 0.123 0.063 0.054 0.05 0.055 0.043 0.029 0.107 0.056 0.044 0.137 0.055 0.036;0.104 0.044 0.05 0.055 0.043 0.123 0.063 0.054 0.029 0.107 0.056 0.044 0.055 0.137 0.036;0.104 0.05 0.123 0.029 0.044 0.044 0.055 0.043 0.063 0.107 0.055 0.054 0.137 0.056 0.036;
0.088 0.042 0.161 0.053 0.064 0.041 0.057 0.032 0.03 0.112 0.046 0.056 0.126 0.061 0.031;0.088 0.042 0.041 0.057 0.032 0.161 0.053 0.064 0.03 0.112 0.046 0.056 0.061 0.126 0.031;0.088 0.041 0.161 0.03 0.056 0.042 0.057 0.032 0.053 0.112 0.061 0.064 0.126 0.046 0.031;
0.1 0.044 0.134 0.055 0.062 0.044 0.048 0.041 0.033 0.135 0.041 0.034 0.113 0.074 0.042;0.1 0.044 0.044 0.048 0.041 0.134 0.055 0.062 0.033 0.135 0.041 0.034 0.074 0.113 0.042;0.1 0.044 0.134 0.033 0.034 0.044 0.048 0.041 0.055 0.135 0.074 0.062 0.113 0.041 0.042;
0.106 0.032 0.138 0.058 0.064 0.036 0.053 0.033 0.023 0.147 0.038 0.039 0.119 0.065 0.049;0.106 0.032 0.036 0.053 0.033 0.138 0.058 0.064 0.023 0.147 0.038 0.039 0.065 0.119 0.049;0.106 0.036 0.138 0.023 0.039 0.032 0.053 0.033 0.058 0.147 0.065 0.064 0.119 0.038 0.049;
0.097 0.056 0.141 0.053 0.063 0.046 0.058 0.034 0.029 0.124 0.045 0.04 0.118 0.061 0.035;0.097 0.056 0.046 0.058 0.034 0.141 0.053 0.063 0.029 0.124 0.045 0.04 0.061 0.118 0.035;0.097 0.046 0.141 0.029 0.04 0.056 0.058 0.034 0.053 0.124 0.061 0.063 0.118 0.045 0.035;
0.099 0.032 0.142 0.062 0.054 0.039 0.056 0.034 0.022 0.146 0.05 0.039 0.129 0.062 0.034;0.099 0.032 0.039 0.056 0.034 0.142 0.062 0.054 0.022 0.146 0.05 0.039 0.062 0.129 0.034;0.099 0.039 0.142 0.022 0.039 0.032 0.056 0.034 0.062 0.146 0.062 0.054 0.129 0.05 0.034;
0.114 0.042 0.14 0.054 0.055 0.04 0.062 0.043 0.03 0.126 0.045 0.05 0.114 0.057 0.028;0.114 0.042 0.04 0.062 0.043 0.14 0.054 0.055 0.03 0.126 0.045 0.05 0.057 0.114 0.028;0.114 0.04 0.14 0.03 0.05 0.042 0.062 0.043 0.054 0.126 0.057 0.055 0.114 0.045 0.028;
0.104 0.042 0.125 0.051 0.06 0.035 0.056 0.029 0.028 0.149 0.052 0.055 0.11 0.069 0.035;0.104 0.042 0.035 0.056 0.029 0.125 0.051 0.06 0.028 0.149 0.052 0.055 0.069 0.11 0.035;0.104 0.035 0.125 0.028 0.055 0.042 0.056 0.029 0.051 0.149 0.069 0.06 0.11 0.052 0.035;
0.115 0.039 0.112 0.065 0.073 0.04 0.067 0.03 0.024 0.136 0.044 0.056 0.111 0.053 0.035;0.115 0.039 0.04 0.067 0.03 0.112 0.065 0.073 0.024 0.136 0.044 0.056 0.053 0.111 0.035;0.115 0.04 0.112 0.024 0.056 0.039 0.067 0.03 0.065 0.136 0.053 0.073 0.111 0.044 0.035;
0.095 0.05 0.111 0.055 0.061 0.049 0.059 0.032 0.028 0.116 0.055 0.052 0.133 0.068 0.036;0.095 0.05 0.049 0.059 0.032 0.111 0.055 0.061 0.028 0.116 0.055 0.052 0.068 0.133 0.036;0.095 0.049 0.111 0.028 0.052 0.05 0.059 0.032 0.055 0.116 0.068 0.061 0.133 0.055 0.036;
0.101 0.042 0.148 0.047 0.07 0.037 0.06 0.041 0.027 0.128 0.043 0.045 0.116 0.052 0.043;0.101 0.042 0.037 0.06 0.041 0.148 0.047 0.07 0.027 0.128 0.043 0.045 0.052 0.116 0.043;0.101 0.037 0.148 0.027 0.045 0.042 0.06 0.041 0.047 0.128 0.052 0.07 0.116 0.043 0.043;
0.091 0.045 0.13 0.062 0.069 0.049 0.057 0.048 0.026 0.13 0.046 0.04 0.119 0.059 0.029;0.091 0.045 0.049 0.057 0.048 0.13 0.062 0.069 0.026 0.13 0.046 0.04 0.059 0.119 0.029;0.091 0.049 0.13 0.026 0.04 0.045 0.057 0.048 0.062 0.13 0.059 0.069 0.119 0.046 0.029;
0.108 0.038 0.128 0.048 0.064 0.049 0.056 0.038 0.034 0.132 0.046 0.048 0.115 0.051 0.045;0.108 0.038 0.049 0.056 0.038 0.128 0.048 0.064 0.034 0.132 0.046 0.048 0.051 0.115 0.045;0.108 0.049 0.128 0.034 0.048 0.038 0.056 0.038 0.048 0.132 0.051 0.064 0.115 0.046 0.045;
0.099 0.044 0.143 0.045 0.053 0.044 0.064 0.03 0.036 0.132 0.048 0.046 0.121 0.069 0.026;0.099 0.044 0.044 0.064 0.03 0.143 0.045 0.053 0.036 0.132 0.048 0.046 0.069 0.121 0.026;0.099 0.044 0.143 0.036 0.046 0.044 0.064 0.03 0.045 0.132 0.069 0.053 0.121 0.048 0.026;
0.112 0.039 0.154 0.049 0.057 0.057 0.057 0.028 0.025 0.144 0.039 0.041 0.108 0.055 0.035;0.112 0.039 0.057 0.057 0.028 0.154 0.049 0.057 0.025 0.144 0.039 0.041 0.055 0.108 0.035;0.112 0.057 0.154 0.025 0.041 0.039 0.057 0.028 0.049 0.144 0.055 0.057 0.108 0.039 0.035;
0.101 0.025 0.136 0.054 0.059 0.05 0.058 0.041 0.019 0.147 0.04 0.055 0.117 0.065 0.033;0.101 0.025 0.05 0.058 0.041 0.136 0.054 0.059 0.019 0.147 0.04 0.055 0.065 0.117 0.033;0.101 0.05 0.136 0.019 0.055 0.025 0.058 0.041 0.054 0.147 0.065 0.059 0.117 0.04 0.033;
0.096 0.049 0.138 0.066 0.062 0.049 0.054 0.026 0.021 0.133 0.045 0.034 0.128 0.056 0.043;0.096 0.049 0.049 0.054 0.026 0.138 0.066 0.062 0.021 0.133 0.045 0.034 0.056 0.128 0.043;0.096 0.049 0.138 0.021 0.034 0.049 0.054 0.026 0.066 0.133 0.056 0.062 0.128 0.045 0.043;
0.113 0.046 0.128 0.055 0.068 0.042 0.059 0.037 0.028 0.122 0.049 0.046 0.113 0.054 0.04;0.113 0.046 0.042 0.059 0.037 0.128 0.055 0.068 0.028 0.122 0.049 0.046 0.054 0.113 0.04;0.113 0.042 0.128 0.028 0.046 0.046 0.059 0.037 0.055 0.122 0.054 0.068 0.113 0.049 0.04;
0.102 0.037 0.145 0.048 0.062 0.038 0.054 0.033 0.029 0.141 0.043 0.046 0.127 0.06 0.035;0.102 0.037 0.038 0.054 0.033 0.145 0.048 0.062 0.029 0.141 0.043 0.046 0.06 0.127 0.035;0.102 0.038 0.145 0.029 0.046 0.037 0.054 0.033 0.048 0.141 0.06 0.062 0.127 0.043 0.035;
0.113 0.048 0.142 0.06 0.054 0.04 0.058 0.047 0.033 0.124 0.046 0.036 0.106 0.052 0.041;0.113 0.048 0.04 0.058 0.047 0.142 0.06 0.054 0.033 0.124 0.046 0.036 0.052 0.106 0.041;0.113 0.04 0.142 0.033 0.036 0.048 0.058 0.047 0.06 0.124 0.052 0.054 0.106 0.046 0.041;
0.103 0.048 0.143 0.048 0.061 0.041 0.062 0.042 0.021 0.113 0.054 0.043 0.13 0.062 0.029;0.103 0.048 0.041 0.062 0.042 0.143 0.048 0.061 0.021 0.113 0.054 0.043 0.062 0.13 0.029;0.103 0.041 0.143 0.021 0.043 0.048 0.062 0.042 0.048 0.113 0.062 0.061 0.13 0.054 0.029;
0.085 0.041 0.13 0.052 0.072 0.052 0.059 0.029 0.03 0.159 0.048 0.04 0.111 0.061 0.031;0.085 0.041 0.052 0.059 0.029 0.13 0.052 0.072 0.03 0.159 0.048 0.04 0.061 0.111 0.031;0.085 0.052 0.13 0.03 0.04 0.041 0.059 0.029 0.052 0.159 0.061 0.072 0.111 0.048 0.031;
0.11 0.052 0.137 0.047 0.065 0.036 0.048 0.032 0.018 0.136 0.064 0.042 0.109 0.067 0.037;0.11 0.052 0.036 0.048 0.032 0.137 0.047 0.065 0.018 0.136 0.064 0.042 0.067 0.109 0.037;0.11 0.036 0.137 0.018 0.042 0.052 0.048 0.032 0.047 0.136 0.067 0.065 0.109 0.064 0.037;
0.104 0.05 0.12 0.057 0.06 0.056 0.064 0.038 0.023 0.11 0.043 0.058 0.124 0.062 0.031;0.104 0.05 0.056 0.064 0.038 0.12 0.057 0.06 0.023 0.11 0.043 0.058 0.062 0.124 0.031;0.104 0.056 0.12 0.023 0.058 0.05 0.064 0.038 0.057 0.11 0.062 0.06 0.124 0.043 0.031;
0.1 0.052 0.139 0.044 0.054 0.043 0.066 0.038 0.034 0.149 0.036 0.035 0.121 0.049 0.04;0.1 0.052 0.043 0.066 0.038 0.139 0.044 0.054 0.034 0.149 0.036 0.035 0.049 0.121 0.04;0.1 0.043 0.139 0.034 0.035 0.052 0.066 0.038 0.044 0.149 0.049 0.054 0.121 0.036 0.04;
0.088 0.048 0.125 0.048 0.075 0.039 0.043 0.042 0.026 0.137 0.044 0.054 0.124 0.077 0.03;0.088 0.048 0.039 0.043 0.042 0.125 0.048 0.075 0.026 0.137 0.044 0.054 0.077 0.124 0.03;0.088 0.039 0.125 0.026 0.054 0.048 0.043 0.042 0.048 0.137 0.077 0.075 0.124 0.044 0.03;
0.12 0.044 0.121 0.049 0.061 0.047 0.055 0.043 0.03 0.12 0.044 0.038 0.124 0.06 0.044;0.12 0.044 0.047 0.055 0.043 0.121 0.049 0.061 0.03 0.12 0.044 0.038 0.06 0.124 0.044;0.12 0.047 0.121 0.03 0.038 0.044 0.055 0.043 0.049 0.12 0.06 0.061 0.124 0.044 0.044;
0.096 0.036 0.136 0.051 0.052 0.046 0.054 0.034 0.018 0.137 0.045 0.065 0.128 0.066 0.036;0.096 0.036 0.046 0.054 0.034 0.136 0.051 0.052 0.018 0.137 0.045 0.065 0.066 0.128 0.036;0.096 0.046 0.136 0.018 0.065 0.036 0.054 0.034 0.051 0.137 0.066 0.052 0.128 0.045 0.036;
0.11 0.052 0.15 0.059 0.057 0.045 0.053 0.046 0.031 0.114 0.042 0.056 0.097 0.054 0.034;0.11 0.052 0.045 0.053 0.046 0.15 0.059 0.057 0.031 0.114 0.042 0.056 0.054 0.097 0.034;0.11 0.045 0.15 0.031 0.056 0.052 0.053 0.046 0.059 0.114 0.054 0.057 0.097 0.042 0.034;
0.087 0.05 0.122 0.05 0.054 0.041 0.071 0.032 0.027 0.139 0.044 0.046 0.138 0.063 0.036;0.087 0.05 0.041 0.071 0.032 0.122 0.05 0.054 0.027 0.139 0.044 0.046 0.063 0.138 0.036;0.087 0.041 0.122 0.027 0.046 0.05 0.071 0.032 0.05 0.139 0.063 0.054 0.138 0.044 0.036;
0.099 0.043 0.13 0.056 0.05 0.039 0.058 0.032 0.023 0.131 0.04 0.048 0.139 0.074 0.038;0.099 0.043 0.039 0.058 0.032 0.13 0.056 0.05 0.023 0.131 0.04 0.048 0.074 0.139 0.038;0.099 0.039 0.13 0.023 0.048 0.043 0.058 0.032 0.056 0.131 0.074 0.05 0.139 0.04 0.038;
0.115 0.042 0.149 0.053 0.069 0.041 0.051 0.029 0.025 0.132 0.047 0.039 0.118 0.056 0.034;0.115 0.042 0.041 0.051 0.029 0.149 0.053 0.069 0.025 0.132 0.047 0.039 0.056 0.118 0.034;0.115 0.041 0.149 0.025 0.039 0.042 0.051 0.029 0.053 0.132 0.056 0.069 0.118 0.047 0.034;
0.094 0.051 0.135 0.047 0.064 0.033 0.054 0.047 0.021 0.142 0.039 0.04 0.114 0.067 0.052;0.094 0.051 0.033 0.054 0.047 0.135 0.047 0.064 0.021 0.142 0.039 0.04 0.067 0.114 0.052;0.094 0.033 0.135 0.021 0.04 0.051 0.054 0.047 0.047 0.142 0.067 0.064 0.114 0.039 0.052;
0.108 0.046 0.145 0.049 0.048 0.052 0.069 0.027 0.023 0.136 0.051 0.038 0.115 0.056 0.037;0.108 0.046 0.052 0.069 0.027 0.145 0.049 0.048 0.023 0.136 0.051 0.038 0.056 0.115 0.037;0.108 0.052 0.145 0.023 0.038 0.046 0.069 0.027 0.049 0.136 0.056 0.048 0.115 0.051 0.037;
0.098 0.033 0.121 0.045 0.055 0.034 0.066 0.038 0.031 0.149 0.047 0.044 0.121 0.077 0.041;0.098 0.033 0.034 0.066 0.038 0.121 0.045 0.055 0.031 0.149 0.047 0.044 0.077 0.121 0.041;0.098 0.034 0.121 0.031 0.044 0.033 0.066 0.038 0.045 0.149 0.077 0.055 0.121 0.047 0.041;
0.09 0.052 0.124 0.036 0.068 0.037 0.064 0.036 0.048 0.152 0.035 0.056 0.117 0.056 0.029;0.09 0.052 0.037 0.064 0.036 0.124 0.036 0.068 0.048 0.152 0.035 0.056 0.056 0.117 0.029;0.09 0.037 0.124 0.048 0.056 0.052 0.064 0.036 0.036 0.152 0.056 0.068 0.117 0.035 0.029;
0.112 0.046 0.134 0.043 0.058 0.045 0.055 0.037 0.028 0.138 0.043 0.049 0.111 0.065 0.036;0.112 0.046 0.045 0.055 0.037 0.134 0.043 0.058 0.028 0.138 0.043 0.049 0.065 0.111 0.036;0.112 0.045 0.134 0.028 0.049 0.046 0.055 0.037 0.043 0.138 0.065 0.058 0.111 0.043 0.036;
0.102 0.045 0.13 0.047 0.059 0.046 0.056 0.046 0.018 0.133 0.036 0.056 0.127 0.06 0.039;0.102 0.045 0.046 0.056 0.046 0.13 0.047 0.059 0.018 0.133 0.036 0.056 0.06 0.127 0.039;0.102 0.046 0.13 0.018 0.056 0.045 0.056 0.046 0.047 0.133 0.06 0.059 0.127 0.036 0.039;
0.109 0.05 0.125 0.054 0.06 0.04 0.05 0.033 0.029 0.161 0.043 0.044 0.11 0.057 0.035;0.109 0.05 0.04 0.05 0.033 0.125 0.054 0.06 0.029 0.161 0.043 0.044 0.057 0.11 0.035;0.109 0.04 0.125 0.029 0.044 0.05 0.05 0.033 0.054 0.161 0.057 0.06 0.11 0.043 0.035;
0.107 0.043 0.121 0.061 0.041 0.042 0.05 0.041 0.024 0.141 0.05 0.047 0.136 0.063 0.033;0.107 0.043 0.042 0.05 0.041 0.121 0.061 0.041 0.024 0.141 0.05 0.047 0.063 0.136 0.033;0.107 0.042 0.121 0.024 0.047 0.043 0.05 0.041 0.061 0.141 0.063 0.041 0.136 0.05 0.033;
0.088 0.034 0.127 0.043 0.06 0.049 0.057 0.047 0.027 0.116 0.052 0.05 0.15 0.06 0.04;0.088 0.034 0.049 0.057 0.047 0.127 0.043 0.06 0.027 0.116 0.052 0.05 0.06 0.15 0.04;0.088 0.049 0.127 0.027 0.05 0.034 0.057 0.047 0.043 0.116 0.06 0.06 0.15 0.052 0.04;
0.109 0.034 0.152 0.051 0.053 0.041 0.076 0.028 0.031 0.127 0.042 0.047 0.111 0.069 0.029;0.109 0.034 0.041 0.076 0.028 0.152 0.051 0.053 0.031 0.127 0.042 0.047 0.069 0.111 0.029;0.109 0.041 0.152 0.031 0.047 0.034 0.076 0.028 0.051 0.127 0.069 0.053 0.111 0.042 0.029;
0.099 0.051 0.139 0.05 0.063 0.043 0.055 0.045 0.027 0.126 0.049 0.043 0.121 0.051 0.038;0.099 0.051 0.043 0.055 0.045 0.139 0.05 0.063 0.027 0.126 0.049 0.043 0.051 0.121 0.038;0.099 0.043 0.139 0.027 0.043 0.051 0.055 0.045 0.05 0.126 0.051 0.063 0.121 0.049 0.038;
0.086 0.046 0.142 0.042 0.054 0.046 0.056 0.04 0.025 0.15 0.032 0.05 0.124 0.073 0.034;0.086 0.046 0.046 0.056 0.04 0.142 0.042 0.054 0.025 0.15 0.032 0.05 0.073 0.124 0.034;0.086 0.046 0.142 0.025 0.05 0.046 0.056 0.04 0.042 0.15 0.073 0.054 0.124 0.032 0.034;
0.094 0.047 0.129 0.052 0.062 0.034 0.065 0.039 0.035 0.122 0.045 0.047 0.126 0.061 0.042;0.094 0.047 0.034 0.065 0.039 0.129 0.052 0.062 0.035 0.122 0.045 0.047 0.061 0.126 0.042;0.094 0.034 0.129 0.035 0.047 0.047 0.065 0.039 0.052 0.122 0.061 0.062 0.126 0.045 0.042;
0.094 0.037 0.139 0.05 0.077 0.042 0.066 0.031 0.025 0.161 0.037 0.046 0.096 0.064 0.035;0.094 0.037 0.042 0.066 0.031 0.139 0.05 0.077 0.025 0.161 0.037 0.046 0.064 0.096 0.035;0.094 0.042 0.139 0.025 0.046 0.037 0.066 0.031 0.05 0.161 0.064 0.077 0.096 0.037 0.035;
0.102 0.047 0.129 0.05 0.067 0.043 0.054 0.032 0.028 0.132 0.044 0.059 0.105 0.068 0.04;0.102 0.047 0.043 0.054 0.032 0.129 0.05 0.067 0.028 0.132 0.044 0.059 0.068 0.105 0.04;0.102 0.043 0.129 0.028 0.059 0.047 0.054 0.032 0.05 0.132 0.068 0.067 0.105 0.044 0.04;
0.115 0.029 0.119 0.045 0.052 0.045 0.064 0.042 0.031 0.142 0.052 0.056 0.115 0.068 0.025;0.115 0.029 0.045 0.064 0.042 0.119 0.045 0.052 0.031 0.142 0.052 0.056 0.068 0.115 0.025;0.115 0.045 0.119 0.031 0.056 0.029 0.064 0.042 0.045 0.142 0.068 0.052 0.115 0.052 0.025;
0.107 0.052 0.142 0.05 0.057 0.042 0.052 0.036 0.037 0.132 0.052 0.04 0.107 0.064 0.03;0.107 0.052 0.042 0.052 0.036 0.142 0.05 0.057 0.037 0.132 0.052 0.04 0.064 0.107 0.03;0.107 0.042 0.142 0.037 0.04 0.052 0.052 0.036 0.05 0.132 0.064 0.057 0.107 0.052 0.03;
0.096 0.045 0.137 0.037 0.061 0.046 0.065 0.038 0.021 0.141 0.051 0.041 0.129 0.056 0.036;0.096 0.045 0.046 0.065 0.038 0.137 0.037 0.061 0.021 0.141 0.051 0.041 0.056 0.129 0.036;0.096 0.046 0.137 0.021 0.041 0.045 0.065 0.038 0.037 0.141 0.056 0.061 0.129 0.051 0.036;
0.114 0.039 0.139 0.055 0.053 0.052 0.065 0.044 0.022 0.13 0.047 0.039 0.118 0.054 0.029;0.114 0.039 0.052 0.065 0.044 0.139 0.055 0.053 0.022 0.13 0.047 0.039 0.054 0.118 0.029;0.114 0.052 0.139 0.022 0.039 0.039 0.065 0.044 0.055 0.13 0.054 0.053 0.118 0.047 0.029;
0.096 0.05 0.138 0.06 0.057 0.04 0.048 0.033 0.027 0.151 0.047 0.046 0.106 0.066 0.035;0.096 0.05 0.04 0.048 0.033 0.138 0.06 0.057 0.027 0.151 0.047 0.046 0.066 0.106 0.035;0.096 0.04 0.138 0.027 0.046 0.05 0.048 0.033 0.06 0.151 0.066 0.057 0.106 0.047 0.035;
0.097 0.045 0.12 0.058 0.068 0.047 0.069 0.033 0.034 0.138 0.05 0.04 0.108 0.057 0.036;0.097 0.045 0.047 0.069 0.033 0.12 0.058 0.068 0.034 0.138 0.05 0.04 0.057 0.108 0.036;0.097 0.047 0.12 0.034 0.04 0.045 0.069 0.033 0.058 0.138 0.057 0.068 0.108 0.05 0.036;
0.102 0.043 0.127 0.047 0.056 0.04 0.066 0.031 0.037 0.14 0.044 0.041 0.121 0.072 0.033;0.102 0.043 0.04 0.066 0.031 0.127 0.047 0.056 0.037 0.14 0.044 0.041 0.072 0.121 0.033;0.102 0.04 0.127 0.037 0.041 0.043 0.066 0.031 0.047 0.14 0.072 0.056 0.121 0.044 0.033;
0.115 0.04 0.125 0.042 0.047 0.05 0.059 0.036 0.028 0.131 0.053 0.04 0.129 0.064 0.041;0.115 0.04 0.05 0.059 0.036 0.125 0.042 0.047 0.028 0.131 0.053 0.04 0.064 0.129 0.041;0.115 0.05 0.125 0.028 0.04 0.04 0.059 0.036 0.042 0.131 0.064 0.047 0.129 0.053 0.041;
0.088 0.049 0.15 0.052 0.06 0.049 0.051 0.025 0.03 0.115 0.049 0.045 0.12 0.073 0.044;0.088 0.049 0.049 0.051 0.025 0.15 0.052 0.06 0.03 0.115 0.049 0.045 0.073 0.12 0.044;0.088 0.049 0.15 0.03 0.045 0.049 0.051 0.025 0.052 0.115 0.073 0.06 0.12 0.049 0.044;
0.094 0.041 0.14 0.049 0.044 0.041 0.068 0.037 0.033 0.121 0.045 0.049 0.136 0.059 0.043;0.094 0.041 0.041 0.068 0.037 0.14 0.049 0.044 0.033 0.121 0.045 0.049 0.059 0.136 0.043;0.094 0.041 0.14 0.033 0.049 0.041 0.068 0.037 0.049 0.121 0.059 0.044 0.136 0.045 0.043;
0.106 0.049 0.131 0.041 0.06 0.048 0.064 0.039 0.029 0.13 0.041 0.04 0.121 0.061 0.04;0.106 0.049 0.048 0.064 0.039 0.131 0.041 0.06 0.029 0.13 0.041 0.04 0.061 0.121 0.04;0.106 0.048 0.131 0.029 0.04 0.049 0.064 0.039 0.041 0.13 0.061 0.06 0.121 0.041 0.04];