pntP=[0.112 0.046 0.141 0.04 0.062 0.05 0.052 0.045 0.019 0.127 0.04 0.047 0.116 0.069 0.034;0.112 0.046 0.05 0.052 0.045 0.141 0.04 0.062 0.019 0.127 0.04 0.047 0.069 0.116 0.034;0.112 0.05 0.141 0.019 0.047 0.046 0.052 0.045 0.04 0.127 0.069 0.062 0.116 0.04 0.034;
0.124 0.05 0.137 0.044 0.055 0.032 0.06 0.035 0.028 0.128 0.052 0.045 0.117 0.049 0.044;0.124 0.05 0.032 0.06 0.035 0.137 0.044 0.055 0.028 0.128 0.052 0.045 0.049 0.117 0.044;0.124 0.032 0.137 0.028 0.045 0.05 0.06 0.035 0.044 0.128 0.049 0.055 0.117 0.052 0.044;
0.114 0.032 0.134 0.054 0.063 0.056 0.054 0.032 0.035 0.131 0.048 0.046 0.109 0.058 0.034;0.114 0.032 0.056 0.054 0.032 0.134 0.054 0.063 0.035 0.131 0.048 0.046 0.058 0.109 0.034;0.114 0.056 0.134 0.035 0.046 0.032 0.054 0.032 0.054 0.131 0.058 0.063 0.109 0.048 0.034;
0.114 0.046 0.138 0.046 0.056 0.053 0.055 0.044 0.026 0.133 0.043 0.043 0.101 0.064 0.038;0.114 0.046 0.053 0.055 0.044 0.138 0.046 0.056 0.026 0.133 0.043 0.043 0.064 0.101 0.038;0.114 0.053 0.138 0.026 0.043 0.046 0.055 0.044 0.046 0.133 0.064 0.056 0.101 0.043 0.038;
0.115 0.047 0.119 0.05 0.071 0.048 0.055 0.036 0.027 0.135 0.042 0.05 0.115 0.06 0.03;0.115 0.047 0.048 0.055 0.036 0.119 0.05 0.071 0.027 0.135 0.042 0.05 0.06 0.115 0.03;0.115 0.048 0.119 0.027 0.05 0.047 0.055 0.036 0.05 0.135 0.06 0.071 0.115 0.042 0.03;
0.119 0.045 0.122 0.053 0.069 0.036 0.062 0.038 0.023 0.138 0.056 0.036 0.114 0.053 0.036;0.119 0.045 0.036 0.062 0.038 0.122 0.053 0.069 0.023 0.138 0.056 0.036 0.053 0.114 0.036;0.119 0.036 0.122 0.023 0.036 0.045 0.062 0.038 0.053 0.138 0.053 0.069 0.114 0.056 0.036;
0.105 0.041 0.13 0.04 0.076 0.041 0.059 0.039 0.026 0.137 0.049 0.048 0.11 0.067 0.032;0.105 0.041 0.041 0.059 0.039 0.13 0.04 0.076 0.026 0.137 0.049 0.048 0.067 0.11 0.032;0.105 0.041 0.13 0.026 0.048 0.041 0.059 0.039 0.04 0.137 0.067 0.076 0.11 0.049 0.032;
0.108 0.051 0.117 0.048 0.053 0.051 0.059 0.04 0.028 0.156 0.053 0.042 0.1 0.065 0.029;0.108 0.051 0.051 0.059 0.04 0.117 0.048 0.053 0.028 0.156 0.053 0.042 0.065 0.1 0.029;0.108 0.051 0.117 0.028 0.042 0.051 0.059 0.04 0.048 0.156 0.065 0.053 0.1 0.053 0.029;
0.1 0.047 0.146 0.056 0.056 0.037 0.06 0.027 0.03 0.128 0.054 0.037 0.111 0.077 0.034;0.1 0.047 0.037 0.06 0.027 0.146 0.056 0.056 0.03 0.128 0.054 0.037 0.077 0.111 0.034;0.1 0.037 0.146 0.03 0.037 0.047 0.06 0.027 0.056 0.128 0.077 0.056 0.111 0.054 0.034;
0.12 0.04 0.139 0.069 0.06 0.052 0.062 0.036 0.03 0.131 0.034 0.035 0.1 0.06 0.032;0.12 0.04 0.052 0.062 0.036 0.139 0.069 0.06 0.03 0.131 0.034 0.035 0.06 0.1 0.032;0.12 0.052 0.139 0.03 0.035 0.04 0.062 0.036 0.069 0.131 0.06 0.06 0.1 0.034 0.032;
0.115 0.048 0.14 0.055 0.064 0.046 0.05 0.037 0.027 0.13 0.029 0.054 0.128 0.054 0.023;0.115 0.048 0.046 0.05 0.037 0.14 0.055 0.064 0.027 0.13 0.029 0.054 0.054 0.128 0.023;0.115 0.046 0.14 0.027 0.054 0.048 0.05 0.037 0.055 0.13 0.054 0.064 0.128 0.029 0.023;
0.097 0.045 0.151 0.058 0.055 0.042 0.06 0.034 0.03 0.133 0.046 0.035 0.111 0.062 0.041;0.097 0.045 0.042 0.06 0.034 0.151 0.058 0.055 0.03 0.133 0.046 0.035 0.062 0.111 0.041;0.097 0.042 0.151 0.03 0.035 0.045 0.06 0.034 0.058 0.133 0.062 0.055 0.111 0.046 0.041;
0.119 0.037 0.145 0.049 0.064 0.048 0.059 0.032 0.027 0.117 0.046 0.048 0.117 0.055 0.037;0.119 0.037 0.048 0.059 0.032 0.145 0.049 0.064 0.027 0.117 0.046 0.048 0.055 0.117 0.037;0.119 0.048 0.145 0.027 0.048 0.037 0.059 0.032 0.049 0.117 0.055 0.064 0.117 0.046 0.037;
0.111 0.049 0.123 0.035 0.058 0.039 0.064 0.031 0.026 0.156 0.062 0.041 0.103 0.069 0.033;0.111 0.049 0.039 0.064 0.031 0.123 0.035 0.058 0.026 0.156 0.062 0.041 0.069 0.103 0.033;0.111 0.039 0.123 0.026 0.041 0.049 0.064 0.031 0.035 0.156 0.069 0.058 0.103 0.062 0.033;
0.115 0.055 0.149 0.044 0.059 0.037 0.057 0.036 0.023 0.129 0.049 0.05 0.109 0.056 0.032;0.115 0.055 0.037 0.057 0.036 0.149 0.044 0.059 0.023 0.129 0.049 0.05 0.056 0.109 0.032;0.115 0.037 0.149 0.023 0.05 0.055 0.057 0.036 0.044 0.129 0.056 0.059 0.109 0.049 0.032;
0.12 0.05 0.109 0.054 0.074 0.035 0.069 0.036 0.035 0.142 0.041 0.039 0.088 0.062 0.046;0.12 0.05 0.035 0.069 0.036 0.109 0.054 0.074 0.035 0.142 0.041 0.039 0.062 0.088 0.046;0.12 0.035 0.109 0.035 0.039 0.05 0.069 0.036 0.054 0.142 0.062 0.074 0.088 0.041 0.046;
0.125 0.041 0.136 0.051 0.061 0.032 0.06 0.029 0.036 0.123 0.044 0.055 0.118 0.067 0.022;0.125 0.041 0.032 0.06 0.029 0.136 0.051 0.061 0.036 0.123 0.044 0.055 0.067 0.118 0.022;0.125 0.032 0.136 0.036 0.055 0.041 0.06 0.029 0.051 0.123 0.067 0.061 0.118 0.044 0.022;
0.115 0.047 0.147 0.046 0.063 0.04 0.068 0.042 0.023 0.132 0.032 0.04 0.114 0.062 0.029;0.115 0.047 0.04 0.068 0.042 0.147 0.046 0.063 0.023 0.132 0.032 0.04 0.062 0.114 0.029;0.115 0.04 0.147 0.023 0.04 0.047 0.068 0.042 0.046 0.132 0.062 0.063 0.114 0.032 0.029;
0.096 0.037 0.134 0.051 0.077 0.042 0.062 0.033 0.03 0.153 0.045 0.051 0.086 0.071 0.032;0.096 0.037 0.042 0.062 0.033 0.134 0.051 0.077 0.03 0.153 0.045 0.051 0.071 0.086 0.032;0.096 0.042 0.134 0.03 0.051 0.037 0.062 0.033 0.051 0.153 0.071 0.077 0.086 0.045 0.032;
0.107 0.051 0.135 0.06 0.066 0.039 0.065 0.021 0.025 0.14 0.042 0.041 0.11 0.07 0.028;0.107 0.051 0.039 0.065 0.021 0.135 0.06 0.066 0.025 0.14 0.042 0.041 0.07 0.11 0.028;0.107 0.039 0.135 0.025 0.041 0.051 0.065 0.021 0.06 0.14 0.07 0.066 0.11 0.042 0.028;
0.102 0.052 0.139 0.05 0.056 0.038 0.055 0.032 0.033 0.13 0.048 0.066 0.113 0.056 0.03;0.102 0.052 0.038 0.055 0.032 0.139 0.05 0.056 0.033 0.13 0.048 0.066 0.056 0.113 0.03;0.102 0.038 0.139 0.033 0.066 0.052 0.055 0.032 0.05 0.13 0.056 0.056 0.113 0.048 0.03;
0.103 0.046 0.118 0.059 0.066 0.047 0.065 0.027 0.023 0.137 0.043 0.051 0.122 0.064 0.029;0.103 0.046 0.047 0.065 0.027 0.118 0.059 0.066 0.023 0.137 0.043 0.051 0.064 0.122 0.029;0.103 0.047 0.118 0.023 0.051 0.046 0.065 0.027 0.059 0.137 0.064 0.066 0.122 0.043 0.029;
0.117 0.041 0.126 0.06 0.064 0.048 0.061 0.031 0.042 0.119 0.039 0.035 0.12 0.059 0.038;0.117 0.041 0.048 0.061 0.031 0.126 0.06 0.064 0.042 0.119 0.039 0.035 0.059 0.12 0.038;0.117 0.048 0.126 0.042 0.035 0.041 0.061 0.031 0.06 0.119 0.059 0.064 0.12 0.039 0.038;
0.088 0.049 0.139 0.058 0.066 0.041 0.056 0.034 0.028 0.151 0.044 0.049 0.107 0.055 0.035;0.088 0.049 0.041 0.056 0.034 0.139 0.058 0.066 0.028 0.151 0.044 0.049 0.055 0.107 0.035;0.088 0.041 0.139 0.028 0.049 0.049 0.056 0.034 0.058 0.151 0.055 0.066 0.107 0.044 0.035;
0.115 0.045 0.14 0.047 0.052 0.038 0.053 0.05 0.032 0.136 0.036 0.043 0.112 0.068 0.033;0.115 0.045 0.038 0.053 0.05 0.14 0.047 0.052 0.032 0.136 0.036 0.043 0.068 0.112 0.033;0.115 0.038 0.14 0.032 0.043 0.045 0.053 0.05 0.047 0.136 0.068 0.052 0.112 0.036 0.033;
0.117 0.05 0.146 0.051 0.046 0.038 0.059 0.042 0.023 0.134 0.043 0.043 0.117 0.057 0.034;0.117 0.05 0.038 0.059 0.042 0.146 0.051 0.046 0.023 0.134 0.043 0.043 0.057 0.117 0.034;0.117 0.038 0.146 0.023 0.043 0.05 0.059 0.042 0.051 0.134 0.057 0.046 0.117 0.043 0.034;
0.117 0.055 0.127 0.048 0.052 0.044 0.066 0.035 0.023 0.138 0.058 0.039 0.103 0.05 0.045;0.117 0.055 0.044 0.066 0.035 0.127 0.048 0.052 0.023 0.138 0.058 0.039 0.05 0.103 0.045;0.117 0.044 0.127 0.023 0.039 0.055 0.066 0.035 0.048 0.138 0.05 0.052 0.103 0.058 0.045;
0.102 0.035 0.139 0.054 0.075 0.039 0.058 0.039 0.029 0.128 0.051 0.052 0.104 0.07 0.025;0.102 0.035 0.039 0.058 0.039 0.139 0.054 0.075 0.029 0.128 0.051 0.052 0.07 0.104 0.025;0.102 0.039 0.139 0.029 0.052 0.035 0.058 0.039 0.054 0.128 0.07 0.075 0.104 0.051 0.025;
0.107 0.037 0.133 0.057 0.065 0.053 0.06 0.039 0.034 0.125 0.046 0.044 0.098 0.069 0.033;0.107 0.037 0.053 0.06 0.039 0.133 0.057 0.065 0.034 0.125 0.046 0.044 0.069 0.098 0.033;0.107 0.053 0.133 0.034 0.044 0.037 0.06 0.039 0.057 0.125 0.069 0.065 0.098 0.046 0.033;
0.09 0.063 0.127 0.051 0.059 0.05 0.064 0.035 0.027 0.14 0.035 0.037 0.124 0.064 0.034;0.09 0.063 0.05 0.064 0.035 0.127 0.051 0.059 0.027 0.14 0.035 0.037 0.064 0.124 0.034;0.09 0.05 0.127 0.027 0.037 0.063 0.064 0.035 0.051 0.14 0.064 0.059 0.124 0.035 0.034;
0.122 0.057 0.137 0.053 0.052 0.047 0.059 0.035 0.02 0.131 0.039 0.054 0.117 0.047 0.03;0.122 0.057 0.047 0.059 0.035 0.137 0.053 0.052 0.02 0.131 0.039 0.054 0.047 0.117 0.03;0.122 0.047 0.137 0.02 0.054 0.057 0.059 0.035 0.053 0.131 0.047 0.052 0.117 0.039 0.03;
0.102 0.05 0.15 0.053 0.054 0.041 0.071 0.035 0.016 0.129 0.038 0.042 0.121 0.066 0.032;0.102 0.05 0.041 0.071 0.035 0.15 0.053 0.054 0.016 0.129 0.038 0.042 0.066 0.121 0.032;0.102 0.041 0.15 0.016 0.042 0.05 0.071 0.035 0.053 0.129 0.066 0.054 0.121 0.038 0.032;
0.118 0.041 0.144 0.064 0.057 0.033 0.063 0.027 0.026 0.121 0.055 0.049 0.11 0.06 0.032;0.118 0.041 0.033 0.063 0.027 0.144 0.064 0.057 0.026 0.121 0.055 0.049 0.06 0.11 0.032;0.118 0.033 0.144 0.026 0.049 0.041 0.063 0.027 0.064 0.121 0.06 0.057 0.11 0.055 0.032;
0.111 0.044 0.127 0.05 0.049 0.042 0.057 0.048 0.037 0.131 0.044 0.054 0.111 0.055 0.04;0.111 0.044 0.042 0.057 0.048 0.127 0.05 0.049 0.037 0.131 0.044 0.054 0.055 0.111 0.04;0.111 0.042 0.127 0.037 0.054 0.044 0.057 0.048 0.05 0.131 0.055 0.049 0.111 0.044 0.04;
0.12 0.048 0.126 0.039 0.074 0.047 0.062 0.039 0.031 0.128 0.036 0.044 0.114 0.062 0.03;0.12 0.048 0.047 0.062 0.039 0.126 0.039 0.074 0.031 0.128 0.036 0.044 0.062 0.114 0.03;0.12 0.047 0.126 0.031 0.044 0.048 0.062 0.039 0.039 0.128 0.062 0.074 0.114 0.036 0.03;
0.138 0.045 0.122 0.035 0.07 0.044 0.062 0.038 0.028 0.126 0.032 0.048 0.118 0.058 0.036;0.138 0.045 0.044 0.062 0.038 0.122 0.035 0.07 0.028 0.126 0.032 0.048 0.058 0.118 0.036;0.138 0.044 0.122 0.028 0.048 0.045 0.062 0.038 0.035 0.126 0.058 0.07 0.118 0.032 0.036;
0.094 0.045 0.133 0.043 0.06 0.04 0.06 0.05 0.04 0.134 0.054 0.033 0.114 0.072 0.028;0.094 0.045 0.04 0.06 0.05 0.133 0.043 0.06 0.04 0.134 0.054 0.033 0.072 0.114 0.028;0.094 0.04 0.133 0.04 0.033 0.045 0.06 0.05 0.043 0.134 0.072 0.06 0.114 0.054 0.028;
0.127 0.046 0.132 0.044 0.062 0.048 0.062 0.024 0.027 0.134 0.047 0.053 0.118 0.047 0.029;0.127 0.046 0.048 0.062 0.024 0.132 0.044 0.062 0.027 0.134 0.047 0.053 0.047 0.118 0.029;0.127 0.048 0.132 0.027 0.053 0.046 0.062 0.024 0.044 0.134 0.047 0.062 0.118 0.047 0.029;
0.113 0.051 0.103 0.052 0.061 0.047 0.058 0.042 0.03 0.146 0.044 0.054 0.104 0.063 0.032;0.113 0.051 0.047 0.058 0.042 0.103 0.052 0.061 0.03 0.146 0.044 0.054 0.063 0.104 0.032;0.113 0.047 0.103 0.03 0.054 0.051 0.058 0.042 0.052 0.146 0.063 0.061 0.104 0.044 0.032;
0.118 0.049 0.135 0.04 0.071 0.051 0.055 0.037 0.024 0.113 0.042 0.035 0.126 0.071 0.033;0.118 0.049 0.051 0.055 0.037 0.135 0.04 0.071 0.024 0.113 0.042 0.035 0.071 0.126 0.033;0.118 0.051 0.135 0.024 0.035 0.049 0.055 0.037 0.04 0.113 0.071 0.071 0.126 0.042 0.033;
0.106 0.038 0.135 0.045 0.067 0.04 0.067 0.037 0.027 0.122 0.042 0.045 0.123 0.064 0.042;0.106 0.038 0.04 0.067 0.037 0.135 0.045 0.067 0.027 0.122 0.042 0.045 0.064 0.123 0.042;0.106 0.04 0.135 0.027 0.045 0.038 0.067 0.037 0.045 0.122 0.064 0.067 0.123 0.042 0.042;
0.12 0.042 0.135 0.064 0.063 0.044 0.047 0.026 0.031 0.14 0.051 0.043 0.113 0.057 0.024;0.12 0.042 0.044 0.047 0.026 0.135 0.064 0.063 0.031 0.14 0.051 0.043 0.057 0.113 0.024;0.12 0.044 0.135 0.031 0.043 0.042 0.047 0.026 0.064 0.14 0.057 0.063 0.113 0.051 0.024;
0.105 0.055 0.134 0.054 0.068 0.049 0.059 0.032 0.022 0.115 0.041 0.044 0.129 0.057 0.036;0.105 0.055 0.049 0.059 0.032 0.134 0.054 0.068 0.022 0.115 0.041 0.044 0.057 0.129 0.036;0.105 0.049 0.134 0.022 0.044 0.055 0.059 0.032 0.054 0.115 0.057 0.068 0.129 0.041 0.036;
0.088 0.042 0.144 0.052 0.07 0.048 0.064 0.036 0.025 0.143 0.042 0.043 0.106 0.058 0.039;0.088 0.042 0.048 0.064 0.036 0.144 0.052 0.07 0.025 0.143 0.042 0.043 0.058 0.106 0.039;0.088 0.048 0.144 0.025 0.043 0.042 0.064 0.036 0.052 0.143 0.058 0.07 0.106 0.042 0.039;
0.105 0.041 0.159 0.051 0.046 0.054 0.066 0.035 0.027 0.136 0.047 0.032 0.102 0.054 0.045;0.105 0.041 0.054 0.066 0.035 0.159 0.051 0.046 0.027 0.136 0.047 0.032 0.054 0.102 0.045;0.105 0.054 0.159 0.027 0.032 0.041 0.066 0.035 0.051 0.136 0.054 0.046 0.102 0.047 0.045;
0.112 0.034 0.12 0.049 0.057 0.042 0.054 0.029 0.044 0.135 0.053 0.065 0.12 0.05 0.036;0.112 0.034 0.042 0.054 0.029 0.12 0.049 0.057 0.044 0.135 0.053 0.065 0.05 0.12 0.036;0.112 0.042 0.12 0.044 0.065 0.034 0.054 0.029 0.049 0.135 0.05 0.057 0.12 0.053 0.036;
0.136 0.046 0.133 0.055 0.062 0.045 0.059 0.027 0.038 0.135 0.027 0.035 0.105 0.062 0.035;0.136 0.046 0.045 0.059 0.027 0.133 0.055 0.062 0.038 0.135 0.027 0.035 0.062 0.105 0.035;0.136 0.045 0.133 0.038 0.035 0.046 0.059 0.027 0.055 0.135 0.062 0.062 0.105 0.027 0.035;
0.096 0.038 0.128 0.059 0.051 0.045 0.049 0.04 0.031 0.169 0.046 0.043 0.113 0.057 0.035;0.096 0.038 0.045 0.049 0.04 0.128 0.059 0.051 0.031 0.169 0.046 0.043 0.057 0.113 0.035;0.096 0.045 0.128 0.031 0.043 0.038 0.049 0.04 0.059 0.169 0.057 0.051 0.113 0.046 0.035;
0.111 0.034 0.127 0.054 0.065 0.041 0.065 0.034 0.022 0.11 0.043 0.06 0.126 0.056 0.052;0.111 0.034 0.041 0.065 0.034 0.127 0.054 0.065 0.022 0.11 0.043 0.06 0.056 0.126 0.052;0.111 0.041 0.127 0.022 0.06 0.034 0.065 0.034 0.054 0.11 0.056 0.065 0.126 0.043 0.052;
0.094 0.053 0.134 0.064 0.046 0.043 0.053 0.042 0.03 0.13 0.039 0.049 0.107 0.082 0.034;0.094 0.053 0.043 0.053 0.042 0.134 0.064 0.046 0.03 0.13 0.039 0.049 0.082 0.107 0.034;0.094 0.043 0.134 0.03 0.049 0.053 0.053 0.042 0.064 0.13 0.082 0.046 0.107 0.039 0.034;
0.123 0.061 0.14 0.063 0.056 0.033 0.049 0.03 0.023 0.123 0.043 0.048 0.121 0.057 0.03;0.123 0.061 0.033 0.049 0.03 0.14 0.063 0.056 0.023 0.123 0.043 0.048 0.057 0.121 0.03;0.123 0.033 0.14 0.023 0.048 0.061 0.049 0.03 0.063 0.123 0.057 0.056 0.121 0.043 0.03;
0.12 0.052 0.114 0.048 0.068 0.046 0.056 0.028 0.037 0.142 0.04 0.053 0.098 0.056 0.042;0.12 0.052 0.046 0.056 0.028 0.114 0.048 0.068 0.037 0.142 0.04 0.053 0.056 0.098 0.042;0.12 0.046 0.114 0.037 0.053 0.052 0.056 0.028 0.048 0.142 0.056 0.068 0.098 0.04 0.042;
0.103 0.031 0.163 0.049 0.062 0.042 0.055 0.031 0.033 0.125 0.053 0.038 0.105 0.07 0.04;0.103 0.031 0.042 0.055 0.031 0.163 0.049 0.062 0.033 0.125 0.053 0.038 0.07 0.105 0.04;0.103 0.042 0.163 0.033 0.038 0.031 0.055 0.031 0.049 0.125 0.07 0.062 0.105 0.053 0.04;
0.093 0.042 0.12 0.063 0.049 0.04 0.068 0.034 0.033 0.14 0.051 0.049 0.125 0.057 0.036;0.093 0.042 0.04 0.068 0.034 0.12 0.063 0.049 0.033 0.14 0.051 0.049 0.057 0.125 0.036;0.093 0.04 0.12 0.033 0.049 0.042 0.068 0.034 0.063 0.14 0.057 0.049 0.125 0.051 0.036;
0.108 0.052 0.136 0.065 0.068 0.047 0.036 0.031 0.03 0.13 0.047 0.051 0.098 0.065 0.036;0.108 0.052 0.047 0.036 0.031 0.136 0.065 0.068 0.03 0.13 0.047 0.051 0.065 0.098 0.036;0.108 0.047 0.136 0.03 0.051 0.052 0.036 0.031 0.065 0.13 0.065 0.068 0.098 0.047 0.036;
0.099 0.044 0.147 0.063 0.066 0.039 0.046 0.038 0.028 0.14 0.053 0.047 0.123 0.046 0.021;0.099 0.044 0.039 0.046 0.038 0.147 0.063 0.066 0.028 0.14 0.053 0.047 0.046 0.123 0.021;0.099 0.039 0.147 0.028 0.047 0.044 0.046 0.038 0.063 0.14 0.046 0.066 0.123 0.053 0.021;
0.103 0.043 0.15 0.047 0.055 0.043 0.058 0.034 0.022 0.142 0.051 0.049 0.112 0.061 0.03;0.103 0.043 0.043 0.058 0.034 0.15 0.047 0.055 0.022 0.142 0.051 0.049 0.061 0.112 0.03;0.103 0.043 0.15 0.022 0.049 0.043 0.058 0.034 0.047 0.142 0.061 0.055 0.112 0.051 0.03;
0.125 0.047 0.153 0.05 0.06 0.036 0.054 0.033 0.026 0.14 0.032 0.041 0.122 0.054 0.027;0.125 0.047 0.036 0.054 0.033 0.153 0.05 0.06 0.026 0.14 0.032 0.041 0.054 0.122 0.027;0.125 0.036 0.153 0.026 0.041 0.047 0.054 0.033 0.05 0.14 0.054 0.06 0.122 0.032 0.027;
0.121 0.055 0.133 0.049 0.068 0.039 0.047 0.032 0.029 0.13 0.045 0.041 0.123 0.057 0.031;0.121 0.055 0.039 0.047 0.032 0.133 0.049 0.068 0.029 0.13 0.045 0.041 0.057 0.123 0.031;0.121 0.039 0.133 0.029 0.041 0.055 0.047 0.032 0.049 0.13 0.057 0.068 0.123 0.045 0.031;
0.102 0.034 0.148 0.062 0.067 0.042 0.056 0.042 0.024 0.148 0.028 0.037 0.112 0.067 0.031;0.102 0.034 0.042 0.056 0.042 0.148 0.062 0.067 0.024 0.148 0.028 0.037 0.067 0.112 0.031;0.102 0.042 0.148 0.024 0.037 0.034 0.056 0.042 0.062 0.148 0.067 0.067 0.112 0.028 0.031;
0.12 0.04 0.137 0.058 0.057 0.04 0.054 0.033 0.017 0.168 0.038 0.058 0.093 0.061 0.026;0.12 0.04 0.04 0.054 0.033 0.137 0.058 0.057 0.017 0.168 0.038 0.058 0.061 0.093 0.026;0.12 0.04 0.137 0.017 0.058 0.04 0.054 0.033 0.058 0.168 0.061 0.057 0.093 0.038 0.026;
0.12 0.05 0.141 0.051 0.066 0.035 0.063 0.021 0.024 0.129 0.041 0.048 0.127 0.05 0.034;0.12 0.05 0.035 0.063 0.021 0.141 0.051 0.066 0.024 0.129 0.041 0.048 0.05 0.127 0.034;0.12 0.035 0.141 0.024 0.048 0.05 0.063 0.021 0.051 0.129 0.05 0.066 0.127 0.041 0.034;
0.114 0.054 0.134 0.049 0.066 0.049 0.058 0.034 0.026 0.145 0.055 0.036 0.091 0.055 0.034;0.114 0.054 0.049 0.058 0.034 0.134 0.049 0.066 0.026 0.145 0.055 0.036 0.055 0.091 0.034;0.114 0.049 0.134 0.026 0.036 0.054 0.058 0.034 0.049 0.145 0.055 0.066 0.091 0.055 0.034;
0.143 0.039 0.125 0.051 0.062 0.054 0.056 0.029 0.021 0.138 0.053 0.039 0.111 0.049 0.03;0.143 0.039 0.054 0.056 0.029 0.125 0.051 0.062 0.021 0.138 0.053 0.039 0.049 0.111 0.03;0.143 0.054 0.125 0.021 0.039 0.039 0.056 0.029 0.051 0.138 0.049 0.062 0.111 0.053 0.03;
0.106 0.053 0.133 0.052 0.063 0.049 0.047 0.028 0.024 0.14 0.049 0.047 0.116 0.062 0.031;0.106 0.053 0.049 0.047 0.028 0.133 0.052 0.063 0.024 0.14 0.049 0.047 0.062 0.116 0.031;0.106 0.049 0.133 0.024 0.047 0.053 0.047 0.028 0.052 0.14 0.062 0.063 0.116 0.049 0.031;
0.128 0.053 0.119 0.045 0.068 0.038 0.055 0.031 0.028 0.125 0.043 0.046 0.123 0.069 0.029;0.128 0.053 0.038 0.055 0.031 0.119 0.045 0.068 0.028 0.125 0.043 0.046 0.069 0.123 0.029;0.128 0.038 0.119 0.028 0.046 0.053 0.055 0.031 0.045 0.125 0.069 0.068 0.123 0.043 0.029;
0.105 0.047 0.133 0.063 0.049 0.046 0.047 0.04 0.038 0.145 0.042 0.041 0.115 0.053 0.036;0.105 0.047 0.046 0.047 0.04 0.133 0.063 0.049 0.038 0.145 0.042 0.041 0.053 0.115 0.036;0.105 0.046 0.133 0.038 0.041 0.047 0.047 0.04 0.063 0.145 0.053 0.049 0.115 0.042 0.036;
0.101 0.037 0.13 0.042 0.062 0.046 0.063 0.028 0.03 0.16 0.044 0.049 0.095 0.075 0.038;0.101 0.037 0.046 0.063 0.028 0.13 0.042 0.062 0.03 0.16 0.044 0.049 0.075 0.095 0.038;0.101 0.046 0.13 0.03 0.049 0.037 0.063 0.028 0.042 0.16 0.075 0.062 0.095 0.044 0.038;
0.117 0.052 0.121 0.052 0.049 0.059 0.066 0.036 0.031 0.145 0.049 0.046 0.098 0.05 0.029;0.117 0.052 0.059 0.066 0.036 0.121 0.052 0.049 0.031 0.145 0.049 0.046 0.05 0.098 0.029;0.117 0.059 0.121 0.031 0.046 0.052 0.066 0.036 0.052 0.145 0.05 0.049 0.098 0.049 0.029;
0.133 0.04 0.121 0.057 0.07 0.058 0.049 0.033 0.026 0.125 0.043 0.044 0.1 0.056 0.045;0.133 0.04 0.058 0.049 0.033 0.121 0.057 0.07 0.026 0.125 0.043 0.044 0.056 0.1 0.045;0.133 0.058 0.121 0.026 0.044 0.04 0.049 0.033 0.057 0.125 0.056 0.07 0.1 0.043 0.045;
0.106 0.043 0.148 0.045 0.059 0.042 0.05 0.038 0.035 0.133 0.062 0.05 0.094 0.062 0.033;0.106 0.043 0.042 0.05 0.038 0.148 0.045 0.059 0.035 0.133 0.062 0.05 0.062 0.094 0.033;0.106 0.042 0.148 0.035 0.05 0.043 0.05 0.038 0.045 0.133 0.062 0.059 0.094 0.062 0.033;
0.116 0.039 0.121 0.049 0.058 0.048 0.069 0.036 0.032 0.134 0.049 0.053 0.111 0.059 0.026;0.116 0.039 0.048 0.069 0.036 0.121 0.049 0.058 0.032 0.134 0.049 0.053 0.059 0.111 0.026;0.116 0.048 0.121 0.032 0.053 0.039 0.069 0.036 0.049 0.134 0.059 0.058 0.111 0.049 0.026;
0.12 0.045 0.141 0.038 0.068 0.033 0.058 0.032 0.019 0.149 0.041 0.046 0.112 0.066 0.032;0.12 0.045 0.033 0.058 0.032 0.141 0.038 0.068 0.019 0.149 0.041 0.046 0.066 0.112 0.032;0.12 0.033 0.141 0.019 0.046 0.045 0.058 0.032 0.038 0.149 0.066 0.068 0.112 0.041 0.032;
0.102 0.062 0.141 0.055 0.069 0.047 0.052 0.041 0.028 0.127 0.039 0.044 0.104 0.06 0.029;0.102 0.062 0.047 0.052 0.041 0.141 0.055 0.069 0.028 0.127 0.039 0.044 0.06 0.104 0.029;0.102 0.047 0.141 0.028 0.044 0.062 0.052 0.041 0.055 0.127 0.06 0.069 0.104 0.039 0.029;
0.102 0.043 0.147 0.043 0.052 0.054 0.065 0.042 0.032 0.134 0.036 0.047 0.104 0.053 0.046;0.102 0.043 0.054 0.065 0.042 0.147 0.043 0.052 0.032 0.134 0.036 0.047 0.053 0.104 0.046;0.102 0.054 0.147 0.032 0.047 0.043 0.065 0.042 0.043 0.134 0.053 0.052 0.104 0.036 0.046;
0.098 0.052 0.124 0.056 0.054 0.041 0.062 0.045 0.04 0.131 0.047 0.043 0.116 0.051 0.04;0.098 0.052 0.041 0.062 0.045 0.124 0.056 0.054 0.04 0.131 0.047 0.043 0.051 0.116 0.04;0.098 0.041 0.124 0.04 0.043 0.052 0.062 0.045 0.056 0.131 0.051 0.054 0.116 0.047 0.04;
0.102 0.041 0.146 0.059 0.07 0.039 0.061 0.041 0.037 0.137 0.036 0.034 0.105 0.057 0.035;0.102 0.041 0.039 0.061 0.041 0.146 0.059 0.07 0.037 0.137 0.036 0.034 0.057 0.105 0.035;0.102 0.039 0.146 0.037 0.034 0.041 0.061 0.041 0.059 0.137 0.057 0.07 0.105 0.036 0.035;
0.101 0.047 0.149 0.057 0.058 0.045 0.044 0.029 0.018 0.146 0.053 0.039 0.101 0.071 0.042;0.101 0.047 0.045 0.044 0.029 0.149 0.057 0.058 0.018 0.146 0.053 0.039 0.071 0.101 0.042;0.101 0.045 0.149 0.018 0.039 0.047 0.044 0.029 0.057 0.146 0.071 0.058 0.101 0.053 0.042;
0.108 0.061 0.125 0.063 0.074 0.038 0.042 0.036 0.034 0.133 0.045 0.047 0.088 0.067 0.039;0.108 0.061 0.038 0.042 0.036 0.125 0.063 0.074 0.034 0.133 0.045 0.047 0.067 0.088 0.039;0.108 0.038 0.125 0.034 0.047 0.061 0.042 0.036 0.063 0.133 0.067 0.074 0.088 0.045 0.039;
0.108 0.058 0.121 0.047 0.062 0.04 0.057 0.024 0.029 0.145 0.05 0.046 0.127 0.059 0.027;0.108 0.058 0.04 0.057 0.024 0.121 0.047 0.062 0.029 0.145 0.05 0.046 0.059 0.127 0.027;0.108 0.04 0.121 0.029 0.046 0.058 0.057 0.024 0.047 0.145 0.059 0.062 0.127 0.05 0.027;
0.115 0.039 0.132 0.073 0.046 0.047 0.043 0.04 0.037 0.137 0.043 0.044 0.116 0.057 0.031;0.115 0.039 0.047 0.043 0.04 0.132 0.073 0.046 0.037 0.137 0.043 0.044 0.057 0.116 0.031;0.115 0.047 0.132 0.037 0.044 0.039 0.043 0.04 0.073 0.137 0.057 0.046 0.116 0.043 0.031;
0.123 0.051 0.139 0.049 0.064 0.04 0.051 0.03 0.039 0.159 0.044 0.035 0.101 0.04 0.035;0.123 0.051 0.04 0.051 0.03 0.139 0.049 0.064 0.039 0.159 0.044 0.035 0.04 0.101 0.035;0.123 0.04 0.139 0.039 0.035 0.051 0.051 0.03 0.049 0.159 0.04 0.064 0.101 0.044 0.035;
0.106 0.054 0.14 0.051 0.068 0.041 0.056 0.04 0.029 0.119 0.054 0.047 0.11 0.052 0.033;0.106 0.054 0.041 0.056 0.04 0.14 0.051 0.068 0.029 0.119 0.054 0.047 0.052 0.11 0.033;0.106 0.041 0.14 0.029 0.047 0.054 0.056 0.04 0.051 0.119 0.052 0.068 0.11 0.054 0.033;
0.115 0.043 0.129 0.046 0.057 0.045 0.06 0.049 0.025 0.12 0.033 0.038 0.129 0.069 0.042;0.115 0.043 0.045 0.06 0.049 0.129 0.046 0.057 0.025 0.12 0.033 0.038 0.069 0.129 0.042;0.115 0.045 0.129 0.025 0.038 0.043 0.06 0.049 0.046 0.12 0.069 0.057 0.129 0.033 0.042;
0.113 0.033 0.129 0.055 0.066 0.037 0.061 0.038 0.029 0.122 0.04 0.047 0.143 0.055 0.032;0.113 0.033 0.037 0.061 0.038 0.129 0.055 0.066 0.029 0.122 0.04 0.047 0.055 0.143 0.032;0.113 0.037 0.129 0.029 0.047 0.033 0.061 0.038 0.055 0.122 0.055 0.066 0.143 0.04 0.032;
0.146 0.039 0.123 0.042 0.058 0.051 0.056 0.038 0.028 0.142 0.047 0.048 0.11 0.042 0.03;0.146 0.039 0.051 0.056 0.038 0.123 0.042 0.058 0.028 0.142 0.047 0.048 0.042 0.11 0.03;0.146 0.051 0.123 0.028 0.048 0.039 0.056 0.038 0.042 0.142 0.042 0.058 0.11 0.047 0.03;
0.104 0.045 0.132 0.049 0.066 0.035 0.059 0.031 0.018 0.135 0.047 0.051 0.116 0.076 0.036;0.104 0.045 0.035 0.059 0.031 0.132 0.049 0.066 0.018 0.135 0.047 0.051 0.076 0.116 0.036;0.104 0.035 0.132 0.018 0.051 0.045 0.059 0.031 0.049 0.135 0.076 0.066 0.116 0.047 0.036;
0.108 0.045 0.127 0.049 0.06 0.039 0.085 0.026 0.022 0.135 0.044 0.035 0.112 0.074 0.039;0.108 0.045 0.039 0.085 0.026 0.127 0.049 0.06 0.022 0.135 0.044 0.035 0.074 0.112 0.039;0.108 0.039 0.127 0.022 0.035 0.045 0.085 0.026 0.049 0.135 0.074 0.06 0.112 0.044 0.039;
0.104 0.043 0.129 0.053 0.053 0.044 0.059 0.043 0.019 0.145 0.047 0.05 0.102 0.069 0.04;0.104 0.043 0.044 0.059 0.043 0.129 0.053 0.053 0.019 0.145 0.047 0.05 0.069 0.102 0.04;0.104 0.044 0.129 0.019 0.05 0.043 0.059 0.043 0.053 0.145 0.069 0.053 0.102 0.047 0.04;
0.101 0.043 0.147 0.05 0.062 0.046 0.053 0.046 0.034 0.131 0.048 0.032 0.115 0.051 0.041;0.101 0.043 0.046 0.053 0.046 0.147 0.05 0.062 0.034 0.131 0.048 0.032 0.051 0.115 0.041;0.101 0.046 0.147 0.034 0.032 0.043 0.053 0.046 0.05 0.131 0.051 0.062 0.115 0.048 0.041;
0.114 0.046 0.129 0.046 0.058 0.039 0.065 0.029 0.031 0.155 0.031 0.05 0.105 0.057 0.045;0.114 0.046 0.039 0.065 0.029 0.129 0.046 0.058 0.031 0.155 0.031 0.05 0.057 0.105 0.045;0.114 0.039 0.129 0.031 0.05 0.046 0.065 0.029 0.046 0.155 0.057 0.058 0.105 0.031 0.045;
0.12 0.034 0.127 0.065 0.068 0.035 0.064 0.044 0.027 0.13 0.044 0.036 0.101 0.07 0.035;0.12 0.034 0.035 0.064 0.044 0.127 0.065 0.068 0.027 0.13 0.044 0.036 0.07 0.101 0.035;0.12 0.035 0.127 0.027 0.036 0.034 0.064 0.044 0.065 0.13 0.07 0.068 0.101 0.044 0.035;
0.112 0.042 0.136 0.058 0.06 0.056 0.051 0.027 0.022 0.135 0.051 0.051 0.117 0.051 0.031;0.112 0.042 0.056 0.051 0.027 0.136 0.058 0.06 0.022 0.135 0.051 0.051 0.051 0.117 0.031;0.112 0.056 0.136 0.022 0.051 0.042 0.051 0.027 0.058 0.135 0.051 0.06 0.117 0.051 0.031;
0.102 0.051 0.138 0.045 0.053 0.04 0.054 0.035 0.031 0.147 0.052 0.043 0.105 0.068 0.036;0.102 0.051 0.04 0.054 0.035 0.138 0.045 0.053 0.031 0.147 0.052 0.043 0.068 0.105 0.036;0.102 0.04 0.138 0.031 0.043 0.051 0.054 0.035 0.045 0.147 0.068 0.053 0.105 0.052 0.036;
0.102 0.04 0.145 0.055 0.051 0.043 0.051 0.029 0.042 0.125 0.049 0.053 0.119 0.062 0.034;0.102 0.04 0.043 0.051 0.029 0.145 0.055 0.051 0.042 0.125 0.049 0.053 0.062 0.119 0.034;0.102 0.043 0.145 0.042 0.053 0.04 0.051 0.029 0.055 0.125 0.062 0.051 0.119 0.049 0.034;
0.103 0.041 0.144 0.044 0.067 0.041 0.057 0.039 0.026 0.134 0.05 0.055 0.105 0.063 0.031;0.103 0.041 0.041 0.057 0.039 0.144 0.044 0.067 0.026 0.134 0.05 0.055 0.063 0.105 0.031;0.103 0.041 0.144 0.026 0.055 0.041 0.057 0.039 0.044 0.134 0.063 0.067 0.105 0.05 0.031;
0.129 0.05 0.139 0.064 0.058 0.04 0.054 0.043 0.021 0.122 0.036 0.036 0.105 0.063 0.04;0.129 0.05 0.04 0.054 0.043 0.139 0.064 0.058 0.021 0.122 0.036 0.036 0.063 0.105 0.04;0.129 0.04 0.139 0.021 0.036 0.05 0.054 0.043 0.064 0.122 0.063 0.058 0.105 0.036 0.04;
0.096 0.043 0.141 0.06 0.067 0.037 0.05 0.045 0.031 0.121 0.058 0.052 0.118 0.054 0.027;0.096 0.043 0.037 0.05 0.045 0.141 0.06 0.067 0.031 0.121 0.058 0.052 0.054 0.118 0.027;0.096 0.037 0.141 0.031 0.052 0.043 0.05 0.045 0.06 0.121 0.054 0.067 0.118 0.058 0.027;
0.112 0.056 0.12 0.051 0.066 0.058 0.046 0.039 0.038 0.15 0.034 0.05 0.098 0.05 0.032;0.112 0.056 0.058 0.046 0.039 0.12 0.051 0.066 0.038 0.15 0.034 0.05 0.05 0.098 0.032;0.112 0.058 0.12 0.038 0.05 0.056 0.046 0.039 0.051 0.15 0.05 0.066 0.098 0.034 0.032;
0.117 0.048 0.136 0.048 0.057 0.052 0.06 0.028 0.026 0.146 0.046 0.047 0.103 0.058 0.028;0.117 0.048 0.052 0.06 0.028 0.136 0.048 0.057 0.026 0.146 0.046 0.047 0.058 0.103 0.028;0.117 0.052 0.136 0.026 0.047 0.048 0.06 0.028 0.048 0.146 0.058 0.057 0.103 0.046 0.028];