pntP=[0.078 0.032 0.12 0.046 0.066 0.044 0.07 0.045 0.027 0.136 0.049 0.049 0.142 0.059 0.037;0.078 0.032 0.044 0.07 0.045 0.12 0.046 0.066 0.027 0.136 0.049 0.049 0.059 0.142 0.037;0.078 0.044 0.12 0.027 0.049 0.032 0.07 0.045 0.046 0.136 0.059 0.066 0.142 0.049 0.037;
0.065 0.044 0.132 0.044 0.048 0.041 0.087 0.048 0.037 0.11 0.039 0.055 0.139 0.067 0.044;0.065 0.044 0.041 0.087 0.048 0.132 0.044 0.048 0.037 0.11 0.039 0.055 0.067 0.139 0.044;0.065 0.041 0.132 0.037 0.055 0.044 0.087 0.048 0.044 0.11 0.067 0.048 0.139 0.039 0.044;
0.084 0.036 0.117 0.026 0.069 0.029 0.073 0.048 0.033 0.113 0.065 0.058 0.152 0.055 0.042;0.084 0.036 0.029 0.073 0.048 0.117 0.026 0.069 0.033 0.113 0.065 0.058 0.055 0.152 0.042;0.084 0.029 0.117 0.033 0.058 0.036 0.073 0.048 0.026 0.113 0.055 0.069 0.152 0.065 0.042;
0.067 0.038 0.12 0.033 0.074 0.046 0.077 0.037 0.024 0.125 0.062 0.036 0.152 0.057 0.052;0.067 0.038 0.046 0.077 0.037 0.12 0.033 0.074 0.024 0.125 0.062 0.036 0.057 0.152 0.052;0.067 0.046 0.12 0.024 0.036 0.038 0.077 0.037 0.033 0.125 0.057 0.074 0.152 0.062 0.052;
0.06 0.037 0.124 0.046 0.067 0.04 0.086 0.053 0.034 0.116 0.042 0.054 0.144 0.062 0.035;0.06 0.037 0.04 0.086 0.053 0.124 0.046 0.067 0.034 0.116 0.042 0.054 0.062 0.144 0.035;0.06 0.04 0.124 0.034 0.054 0.037 0.086 0.053 0.046 0.116 0.062 0.067 0.144 0.042 0.035;
0.078 0.034 0.135 0.044 0.053 0.042 0.072 0.042 0.025 0.135 0.047 0.043 0.158 0.053 0.039;0.078 0.034 0.042 0.072 0.042 0.135 0.044 0.053 0.025 0.135 0.047 0.043 0.053 0.158 0.039;0.078 0.042 0.135 0.025 0.043 0.034 0.072 0.042 0.044 0.135 0.053 0.053 0.158 0.047 0.039;
0.088 0.044 0.128 0.037 0.059 0.038 0.066 0.044 0.019 0.117 0.047 0.067 0.159 0.05 0.037;0.088 0.044 0.038 0.066 0.044 0.128 0.037 0.059 0.019 0.117 0.047 0.067 0.05 0.159 0.037;0.088 0.038 0.128 0.019 0.067 0.044 0.066 0.044 0.037 0.117 0.05 0.059 0.159 0.047 0.037;
0.08 0.027 0.127 0.047 0.046 0.041 0.083 0.044 0.024 0.124 0.064 0.052 0.156 0.05 0.035;0.08 0.027 0.041 0.083 0.044 0.127 0.047 0.046 0.024 0.124 0.064 0.052 0.05 0.156 0.035;0.08 0.041 0.127 0.024 0.052 0.027 0.083 0.044 0.047 0.124 0.05 0.046 0.156 0.064 0.035;
0.072 0.051 0.139 0.04 0.055 0.035 0.061 0.043 0.03 0.119 0.059 0.042 0.16 0.054 0.04;0.072 0.051 0.035 0.061 0.043 0.139 0.04 0.055 0.03 0.119 0.059 0.042 0.054 0.16 0.04;0.072 0.035 0.139 0.03 0.042 0.051 0.061 0.043 0.04 0.119 0.054 0.055 0.16 0.059 0.04;
0.081 0.039 0.115 0.044 0.053 0.036 0.085 0.042 0.029 0.144 0.046 0.039 0.142 0.055 0.05;0.081 0.039 0.036 0.085 0.042 0.115 0.044 0.053 0.029 0.144 0.046 0.039 0.055 0.142 0.05;0.081 0.036 0.115 0.029 0.039 0.039 0.085 0.042 0.044 0.144 0.055 0.053 0.142 0.046 0.05;
0.078 0.037 0.125 0.054 0.055 0.045 0.063 0.046 0.03 0.12 0.048 0.045 0.156 0.049 0.049;0.078 0.037 0.045 0.063 0.046 0.125 0.054 0.055 0.03 0.12 0.048 0.045 0.049 0.156 0.049;0.078 0.045 0.125 0.03 0.045 0.037 0.063 0.046 0.054 0.12 0.049 0.055 0.156 0.048 0.049;
0.07 0.047 0.125 0.044 0.058 0.045 0.066 0.051 0.029 0.13 0.04 0.047 0.132 0.065 0.051;0.07 0.047 0.045 0.066 0.051 0.125 0.044 0.058 0.029 0.13 0.04 0.047 0.065 0.132 0.051;0.07 0.045 0.125 0.029 0.047 0.047 0.066 0.051 0.044 0.13 0.065 0.058 0.132 0.04 0.051;
0.057 0.033 0.132 0.039 0.067 0.038 0.081 0.043 0.02 0.147 0.05 0.048 0.141 0.054 0.05;0.057 0.033 0.038 0.081 0.043 0.132 0.039 0.067 0.02 0.147 0.05 0.048 0.054 0.141 0.05;0.057 0.038 0.132 0.02 0.048 0.033 0.081 0.043 0.039 0.147 0.054 0.067 0.141 0.05 0.05;
0.071 0.039 0.118 0.037 0.051 0.04 0.068 0.043 0.027 0.144 0.052 0.042 0.158 0.072 0.038;0.071 0.039 0.04 0.068 0.043 0.118 0.037 0.051 0.027 0.144 0.052 0.042 0.072 0.158 0.038;0.071 0.04 0.118 0.027 0.042 0.039 0.068 0.043 0.037 0.144 0.072 0.051 0.158 0.052 0.038;
0.063 0.043 0.121 0.039 0.056 0.031 0.063 0.048 0.031 0.114 0.044 0.065 0.174 0.06 0.048;0.063 0.043 0.031 0.063 0.048 0.121 0.039 0.056 0.031 0.114 0.044 0.065 0.06 0.174 0.048;0.063 0.031 0.121 0.031 0.065 0.043 0.063 0.048 0.039 0.114 0.06 0.056 0.174 0.044 0.048;
0.078 0.037 0.111 0.029 0.072 0.04 0.06 0.049 0.03 0.145 0.053 0.043 0.164 0.061 0.028;0.078 0.037 0.04 0.06 0.049 0.111 0.029 0.072 0.03 0.145 0.053 0.043 0.061 0.164 0.028;0.078 0.04 0.111 0.03 0.043 0.037 0.06 0.049 0.029 0.145 0.061 0.072 0.164 0.053 0.028;
0.073 0.034 0.135 0.049 0.063 0.033 0.068 0.045 0.038 0.126 0.049 0.051 0.139 0.046 0.051;0.073 0.034 0.033 0.068 0.045 0.135 0.049 0.063 0.038 0.126 0.049 0.051 0.046 0.139 0.051;0.073 0.033 0.135 0.038 0.051 0.034 0.068 0.045 0.049 0.126 0.046 0.063 0.139 0.049 0.051;
0.071 0.034 0.115 0.035 0.067 0.031 0.062 0.06 0.034 0.127 0.055 0.051 0.159 0.063 0.036;0.071 0.034 0.031 0.062 0.06 0.115 0.035 0.067 0.034 0.127 0.055 0.051 0.063 0.159 0.036;0.071 0.031 0.115 0.034 0.051 0.034 0.062 0.06 0.035 0.127 0.063 0.067 0.159 0.055 0.036;
0.074 0.028 0.141 0.038 0.051 0.029 0.074 0.061 0.034 0.13 0.053 0.047 0.139 0.052 0.049;0.074 0.028 0.029 0.074 0.061 0.141 0.038 0.051 0.034 0.13 0.053 0.047 0.052 0.139 0.049;0.074 0.029 0.141 0.034 0.047 0.028 0.074 0.061 0.038 0.13 0.052 0.051 0.139 0.053 0.049;
0.084 0.034 0.141 0.041 0.052 0.036 0.084 0.041 0.037 0.107 0.056 0.043 0.131 0.074 0.039;0.084 0.034 0.036 0.084 0.041 0.141 0.041 0.052 0.037 0.107 0.056 0.043 0.074 0.131 0.039;0.084 0.036 0.141 0.037 0.043 0.034 0.084 0.041 0.041 0.107 0.074 0.052 0.131 0.056 0.039;
0.067 0.032 0.12 0.03 0.064 0.034 0.085 0.041 0.024 0.14 0.059 0.052 0.148 0.058 0.046;0.067 0.032 0.034 0.085 0.041 0.12 0.03 0.064 0.024 0.14 0.059 0.052 0.058 0.148 0.046;0.067 0.034 0.12 0.024 0.052 0.032 0.085 0.041 0.03 0.14 0.058 0.064 0.148 0.059 0.046;
0.061 0.035 0.122 0.043 0.051 0.047 0.072 0.05 0.03 0.118 0.053 0.053 0.173 0.049 0.043;0.061 0.035 0.047 0.072 0.05 0.122 0.043 0.051 0.03 0.118 0.053 0.053 0.049 0.173 0.043;0.061 0.047 0.122 0.03 0.053 0.035 0.072 0.05 0.043 0.118 0.049 0.051 0.173 0.053 0.043;
0.079 0.034 0.134 0.031 0.054 0.03 0.072 0.048 0.036 0.132 0.077 0.054 0.129 0.061 0.029;0.079 0.034 0.03 0.072 0.048 0.134 0.031 0.054 0.036 0.132 0.077 0.054 0.061 0.129 0.029;0.079 0.03 0.134 0.036 0.054 0.034 0.072 0.048 0.031 0.132 0.061 0.054 0.129 0.077 0.029;
0.076 0.03 0.127 0.041 0.079 0.043 0.066 0.04 0.039 0.137 0.042 0.044 0.14 0.059 0.037;0.076 0.03 0.043 0.066 0.04 0.127 0.041 0.079 0.039 0.137 0.042 0.044 0.059 0.14 0.037;0.076 0.043 0.127 0.039 0.044 0.03 0.066 0.04 0.041 0.137 0.059 0.079 0.14 0.042 0.037;
0.069 0.045 0.123 0.039 0.064 0.044 0.076 0.041 0.034 0.126 0.042 0.043 0.138 0.07 0.046;0.069 0.045 0.044 0.076 0.041 0.123 0.039 0.064 0.034 0.126 0.042 0.043 0.07 0.138 0.046;0.069 0.044 0.123 0.034 0.043 0.045 0.076 0.041 0.039 0.126 0.07 0.064 0.138 0.042 0.046;
0.072 0.039 0.127 0.048 0.063 0.042 0.07 0.047 0.024 0.142 0.065 0.051 0.129 0.054 0.027;0.072 0.039 0.042 0.07 0.047 0.127 0.048 0.063 0.024 0.142 0.065 0.051 0.054 0.129 0.027;0.072 0.042 0.127 0.024 0.051 0.039 0.07 0.047 0.048 0.142 0.054 0.063 0.129 0.065 0.027;
0.065 0.039 0.128 0.053 0.059 0.031 0.079 0.047 0.022 0.118 0.054 0.045 0.155 0.057 0.048;0.065 0.039 0.031 0.079 0.047 0.128 0.053 0.059 0.022 0.118 0.054 0.045 0.057 0.155 0.048;0.065 0.031 0.128 0.022 0.045 0.039 0.079 0.047 0.053 0.118 0.057 0.059 0.155 0.054 0.048;
0.07 0.037 0.125 0.044 0.056 0.04 0.074 0.043 0.023 0.14 0.046 0.059 0.149 0.067 0.027;0.07 0.037 0.04 0.074 0.043 0.125 0.044 0.056 0.023 0.14 0.046 0.059 0.067 0.149 0.027;0.07 0.04 0.125 0.023 0.059 0.037 0.074 0.043 0.044 0.14 0.067 0.056 0.149 0.046 0.027;
0.066 0.041 0.136 0.049 0.057 0.038 0.066 0.042 0.032 0.143 0.046 0.036 0.146 0.06 0.042;0.066 0.041 0.038 0.066 0.042 0.136 0.049 0.057 0.032 0.143 0.046 0.036 0.06 0.146 0.042;0.066 0.038 0.136 0.032 0.036 0.041 0.066 0.042 0.049 0.143 0.06 0.057 0.146 0.046 0.042;
0.071 0.037 0.101 0.035 0.063 0.045 0.073 0.038 0.036 0.143 0.05 0.055 0.163 0.051 0.039;0.071 0.037 0.045 0.073 0.038 0.101 0.035 0.063 0.036 0.143 0.05 0.055 0.051 0.163 0.039;0.071 0.045 0.101 0.036 0.055 0.037 0.073 0.038 0.035 0.143 0.051 0.063 0.163 0.05 0.039;
0.085 0.038 0.119 0.047 0.061 0.036 0.074 0.049 0.027 0.127 0.053 0.051 0.139 0.058 0.036;0.085 0.038 0.036 0.074 0.049 0.119 0.047 0.061 0.027 0.127 0.053 0.051 0.058 0.139 0.036;0.085 0.036 0.119 0.027 0.051 0.038 0.074 0.049 0.047 0.127 0.058 0.061 0.139 0.053 0.036;
0.076 0.045 0.119 0.038 0.059 0.038 0.078 0.042 0.03 0.114 0.046 0.05 0.154 0.065 0.046;0.076 0.045 0.038 0.078 0.042 0.119 0.038 0.059 0.03 0.114 0.046 0.05 0.065 0.154 0.046;0.076 0.038 0.119 0.03 0.05 0.045 0.078 0.042 0.038 0.114 0.065 0.059 0.154 0.046 0.046;
0.077 0.028 0.127 0.043 0.057 0.038 0.071 0.043 0.029 0.124 0.055 0.061 0.149 0.058 0.04;0.077 0.028 0.038 0.071 0.043 0.127 0.043 0.057 0.029 0.124 0.055 0.061 0.058 0.149 0.04;0.077 0.038 0.127 0.029 0.061 0.028 0.071 0.043 0.043 0.124 0.058 0.057 0.149 0.055 0.04;
0.083 0.029 0.1 0.047 0.063 0.035 0.066 0.05 0.033 0.133 0.062 0.047 0.154 0.058 0.04;0.083 0.029 0.035 0.066 0.05 0.1 0.047 0.063 0.033 0.133 0.062 0.047 0.058 0.154 0.04;0.083 0.035 0.1 0.033 0.047 0.029 0.066 0.05 0.047 0.133 0.058 0.063 0.154 0.062 0.04;
0.064 0.037 0.128 0.051 0.061 0.048 0.066 0.039 0.031 0.123 0.044 0.054 0.152 0.058 0.044;0.064 0.037 0.048 0.066 0.039 0.128 0.051 0.061 0.031 0.123 0.044 0.054 0.058 0.152 0.044;0.064 0.048 0.128 0.031 0.054 0.037 0.066 0.039 0.051 0.123 0.058 0.061 0.152 0.044 0.044;
0.074 0.037 0.139 0.036 0.066 0.04 0.067 0.042 0.034 0.119 0.035 0.059 0.139 0.071 0.042;0.074 0.037 0.04 0.067 0.042 0.139 0.036 0.066 0.034 0.119 0.035 0.059 0.071 0.139 0.042;0.074 0.04 0.139 0.034 0.059 0.037 0.067 0.042 0.036 0.119 0.071 0.066 0.139 0.035 0.042;
0.078 0.027 0.137 0.051 0.049 0.032 0.063 0.049 0.025 0.152 0.045 0.05 0.156 0.054 0.032;0.078 0.027 0.032 0.063 0.049 0.137 0.051 0.049 0.025 0.152 0.045 0.05 0.054 0.156 0.032;0.078 0.032 0.137 0.025 0.05 0.027 0.063 0.049 0.051 0.152 0.054 0.049 0.156 0.045 0.032;
0.087 0.035 0.131 0.035 0.045 0.026 0.079 0.056 0.028 0.134 0.058 0.039 0.137 0.072 0.038;0.087 0.035 0.026 0.079 0.056 0.131 0.035 0.045 0.028 0.134 0.058 0.039 0.072 0.137 0.038;0.087 0.026 0.131 0.028 0.039 0.035 0.079 0.056 0.035 0.134 0.072 0.045 0.137 0.058 0.038;
0.062 0.047 0.132 0.05 0.056 0.043 0.075 0.041 0.038 0.124 0.049 0.051 0.125 0.064 0.043;0.062 0.047 0.043 0.075 0.041 0.132 0.05 0.056 0.038 0.124 0.049 0.051 0.064 0.125 0.043;0.062 0.043 0.132 0.038 0.051 0.047 0.075 0.041 0.05 0.124 0.064 0.056 0.125 0.049 0.043;
0.056 0.042 0.134 0.039 0.07 0.045 0.073 0.051 0.026 0.131 0.039 0.055 0.153 0.052 0.034;0.056 0.042 0.045 0.073 0.051 0.134 0.039 0.07 0.026 0.131 0.039 0.055 0.052 0.153 0.034;0.056 0.045 0.134 0.026 0.055 0.042 0.073 0.051 0.039 0.131 0.052 0.07 0.153 0.039 0.034;
0.073 0.047 0.117 0.036 0.061 0.031 0.086 0.034 0.031 0.128 0.047 0.057 0.149 0.06 0.043;0.073 0.047 0.031 0.086 0.034 0.117 0.036 0.061 0.031 0.128 0.047 0.057 0.06 0.149 0.043;0.073 0.031 0.117 0.031 0.057 0.047 0.086 0.034 0.036 0.128 0.06 0.061 0.149 0.047 0.043;
0.061 0.036 0.129 0.043 0.05 0.036 0.072 0.042 0.031 0.129 0.047 0.055 0.145 0.067 0.057;0.061 0.036 0.036 0.072 0.042 0.129 0.043 0.05 0.031 0.129 0.047 0.055 0.067 0.145 0.057;0.061 0.036 0.129 0.031 0.055 0.036 0.072 0.042 0.043 0.129 0.067 0.05 0.145 0.047 0.057;
0.071 0.04 0.131 0.029 0.057 0.034 0.089 0.034 0.034 0.142 0.042 0.042 0.145 0.062 0.048;0.071 0.04 0.034 0.089 0.034 0.131 0.029 0.057 0.034 0.142 0.042 0.042 0.062 0.145 0.048;0.071 0.034 0.131 0.034 0.042 0.04 0.089 0.034 0.029 0.142 0.062 0.057 0.145 0.042 0.048;
0.068 0.038 0.12 0.043 0.056 0.035 0.07 0.049 0.033 0.128 0.053 0.059 0.144 0.057 0.047;0.068 0.038 0.035 0.07 0.049 0.12 0.043 0.056 0.033 0.128 0.053 0.059 0.057 0.144 0.047;0.068 0.035 0.12 0.033 0.059 0.038 0.07 0.049 0.043 0.128 0.057 0.056 0.144 0.053 0.047;
0.076 0.036 0.128 0.051 0.06 0.035 0.064 0.044 0.034 0.114 0.047 0.046 0.162 0.056 0.047;0.076 0.036 0.035 0.064 0.044 0.128 0.051 0.06 0.034 0.114 0.047 0.046 0.056 0.162 0.047;0.076 0.035 0.128 0.034 0.046 0.036 0.064 0.044 0.051 0.114 0.056 0.06 0.162 0.047 0.047;
0.069 0.037 0.12 0.038 0.053 0.039 0.075 0.04 0.034 0.123 0.052 0.064 0.153 0.054 0.049;0.069 0.037 0.039 0.075 0.04 0.12 0.038 0.053 0.034 0.123 0.052 0.064 0.054 0.153 0.049;0.069 0.039 0.12 0.034 0.064 0.037 0.075 0.04 0.038 0.123 0.054 0.053 0.153 0.052 0.049;
0.072 0.032 0.122 0.042 0.056 0.043 0.08 0.04 0.034 0.114 0.05 0.049 0.164 0.06 0.042;0.072 0.032 0.043 0.08 0.04 0.122 0.042 0.056 0.034 0.114 0.05 0.049 0.06 0.164 0.042;0.072 0.043 0.122 0.034 0.049 0.032 0.08 0.04 0.042 0.114 0.06 0.056 0.164 0.05 0.042;
0.067 0.033 0.101 0.038 0.059 0.042 0.085 0.046 0.033 0.122 0.052 0.046 0.178 0.052 0.046;0.067 0.033 0.042 0.085 0.046 0.101 0.038 0.059 0.033 0.122 0.052 0.046 0.052 0.178 0.046;0.067 0.042 0.101 0.033 0.046 0.033 0.085 0.046 0.038 0.122 0.052 0.059 0.178 0.052 0.046;
0.063 0.041 0.129 0.041 0.057 0.034 0.074 0.044 0.036 0.115 0.046 0.052 0.154 0.054 0.06;0.063 0.041 0.034 0.074 0.044 0.129 0.041 0.057 0.036 0.115 0.046 0.052 0.054 0.154 0.06;0.063 0.034 0.129 0.036 0.052 0.041 0.074 0.044 0.041 0.115 0.054 0.057 0.154 0.046 0.06;
0.066 0.026 0.126 0.046 0.066 0.05 0.071 0.042 0.026 0.12 0.054 0.05 0.161 0.063 0.033;0.066 0.026 0.05 0.071 0.042 0.126 0.046 0.066 0.026 0.12 0.054 0.05 0.063 0.161 0.033;0.066 0.05 0.126 0.026 0.05 0.026 0.071 0.042 0.046 0.12 0.063 0.066 0.161 0.054 0.033;
0.068 0.033 0.123 0.047 0.063 0.038 0.089 0.038 0.02 0.131 0.038 0.047 0.153 0.073 0.039;0.068 0.033 0.038 0.089 0.038 0.123 0.047 0.063 0.02 0.131 0.038 0.047 0.073 0.153 0.039;0.068 0.038 0.123 0.02 0.047 0.033 0.089 0.038 0.047 0.131 0.073 0.063 0.153 0.038 0.039;
0.062 0.044 0.111 0.039 0.062 0.045 0.066 0.033 0.042 0.144 0.054 0.048 0.137 0.072 0.041;0.062 0.044 0.045 0.066 0.033 0.111 0.039 0.062 0.042 0.144 0.054 0.048 0.072 0.137 0.041;0.062 0.045 0.111 0.042 0.048 0.044 0.066 0.033 0.039 0.144 0.072 0.062 0.137 0.054 0.041;
0.067 0.037 0.119 0.047 0.065 0.04 0.101 0.043 0.018 0.119 0.048 0.052 0.142 0.063 0.039;0.067 0.037 0.04 0.101 0.043 0.119 0.047 0.065 0.018 0.119 0.048 0.052 0.063 0.142 0.039;0.067 0.04 0.119 0.018 0.052 0.037 0.101 0.043 0.047 0.119 0.063 0.065 0.142 0.048 0.039;
0.074 0.044 0.146 0.033 0.053 0.034 0.083 0.036 0.026 0.129 0.039 0.053 0.148 0.063 0.039;0.074 0.044 0.034 0.083 0.036 0.146 0.033 0.053 0.026 0.129 0.039 0.053 0.063 0.148 0.039;0.074 0.034 0.146 0.026 0.053 0.044 0.083 0.036 0.033 0.129 0.063 0.053 0.148 0.039 0.039;
0.057 0.043 0.119 0.049 0.065 0.033 0.08 0.04 0.024 0.119 0.051 0.039 0.173 0.06 0.048;0.057 0.043 0.033 0.08 0.04 0.119 0.049 0.065 0.024 0.119 0.051 0.039 0.06 0.173 0.048;0.057 0.033 0.119 0.024 0.039 0.043 0.08 0.04 0.049 0.119 0.06 0.065 0.173 0.051 0.048;
0.074 0.035 0.131 0.05 0.055 0.025 0.078 0.039 0.025 0.133 0.044 0.053 0.154 0.066 0.038;0.074 0.035 0.025 0.078 0.039 0.131 0.05 0.055 0.025 0.133 0.044 0.053 0.066 0.154 0.038;0.074 0.025 0.131 0.025 0.053 0.035 0.078 0.039 0.05 0.133 0.066 0.055 0.154 0.044 0.038;
0.063 0.037 0.103 0.037 0.057 0.055 0.084 0.046 0.027 0.116 0.057 0.056 0.149 0.064 0.049;0.063 0.037 0.055 0.084 0.046 0.103 0.037 0.057 0.027 0.116 0.057 0.056 0.064 0.149 0.049;0.063 0.055 0.103 0.027 0.056 0.037 0.084 0.046 0.037 0.116 0.064 0.057 0.149 0.057 0.049;
0.059 0.034 0.13 0.042 0.059 0.042 0.076 0.046 0.032 0.127 0.045 0.05 0.172 0.054 0.032;0.059 0.034 0.042 0.076 0.046 0.13 0.042 0.059 0.032 0.127 0.045 0.05 0.054 0.172 0.032;0.059 0.042 0.13 0.032 0.05 0.034 0.076 0.046 0.042 0.127 0.054 0.059 0.172 0.045 0.032;
0.079 0.042 0.117 0.041 0.049 0.032 0.08 0.045 0.034 0.111 0.049 0.052 0.146 0.078 0.045;0.079 0.042 0.032 0.08 0.045 0.117 0.041 0.049 0.034 0.111 0.049 0.052 0.078 0.146 0.045;0.079 0.032 0.117 0.034 0.052 0.042 0.08 0.045 0.041 0.111 0.078 0.049 0.146 0.049 0.045;
0.066 0.049 0.1 0.052 0.06 0.041 0.078 0.038 0.025 0.127 0.052 0.042 0.161 0.076 0.033;0.066 0.049 0.041 0.078 0.038 0.1 0.052 0.06 0.025 0.127 0.052 0.042 0.076 0.161 0.033;0.066 0.041 0.1 0.025 0.042 0.049 0.078 0.038 0.052 0.127 0.076 0.06 0.161 0.052 0.033;
0.06 0.042 0.127 0.035 0.056 0.04 0.07 0.052 0.022 0.116 0.05 0.06 0.168 0.057 0.045;0.06 0.042 0.04 0.07 0.052 0.127 0.035 0.056 0.022 0.116 0.05 0.06 0.057 0.168 0.045;0.06 0.04 0.127 0.022 0.06 0.042 0.07 0.052 0.035 0.116 0.057 0.056 0.168 0.05 0.045;
0.074 0.036 0.116 0.04 0.065 0.037 0.078 0.051 0.024 0.132 0.055 0.045 0.137 0.068 0.042;0.074 0.036 0.037 0.078 0.051 0.116 0.04 0.065 0.024 0.132 0.055 0.045 0.068 0.137 0.042;0.074 0.037 0.116 0.024 0.045 0.036 0.078 0.051 0.04 0.132 0.068 0.065 0.137 0.055 0.042;
0.063 0.035 0.12 0.038 0.064 0.054 0.068 0.054 0.041 0.113 0.052 0.042 0.145 0.069 0.042;0.063 0.035 0.054 0.068 0.054 0.12 0.038 0.064 0.041 0.113 0.052 0.042 0.069 0.145 0.042;0.063 0.054 0.12 0.041 0.042 0.035 0.068 0.054 0.038 0.113 0.069 0.064 0.145 0.052 0.042;
0.078 0.034 0.133 0.033 0.055 0.034 0.072 0.049 0.028 0.125 0.061 0.04 0.15 0.06 0.048;0.078 0.034 0.034 0.072 0.049 0.133 0.033 0.055 0.028 0.125 0.061 0.04 0.06 0.15 0.048;0.078 0.034 0.133 0.028 0.04 0.034 0.072 0.049 0.033 0.125 0.06 0.055 0.15 0.061 0.048;
0.091 0.032 0.117 0.031 0.064 0.032 0.07 0.037 0.033 0.124 0.037 0.053 0.17 0.056 0.053;0.091 0.032 0.032 0.07 0.037 0.117 0.031 0.064 0.033 0.124 0.037 0.053 0.056 0.17 0.053;0.091 0.032 0.117 0.033 0.053 0.032 0.07 0.037 0.031 0.124 0.056 0.064 0.17 0.037 0.053;
0.084 0.037 0.138 0.054 0.06 0.028 0.084 0.039 0.026 0.124 0.045 0.051 0.131 0.066 0.033;0.084 0.037 0.028 0.084 0.039 0.138 0.054 0.06 0.026 0.124 0.045 0.051 0.066 0.131 0.033;0.084 0.028 0.138 0.026 0.051 0.037 0.084 0.039 0.054 0.124 0.066 0.06 0.131 0.045 0.033;
0.057 0.045 0.13 0.046 0.06 0.043 0.069 0.042 0.026 0.124 0.063 0.047 0.144 0.049 0.055;0.057 0.045 0.043 0.069 0.042 0.13 0.046 0.06 0.026 0.124 0.063 0.047 0.049 0.144 0.055;0.057 0.043 0.13 0.026 0.047 0.045 0.069 0.042 0.046 0.124 0.049 0.06 0.144 0.063 0.055;
0.073 0.038 0.13 0.037 0.077 0.033 0.069 0.041 0.027 0.108 0.039 0.06 0.176 0.054 0.038;0.073 0.038 0.033 0.069 0.041 0.13 0.037 0.077 0.027 0.108 0.039 0.06 0.054 0.176 0.038;0.073 0.033 0.13 0.027 0.06 0.038 0.069 0.041 0.037 0.108 0.054 0.077 0.176 0.039 0.038;
0.072 0.045 0.123 0.043 0.056 0.04 0.077 0.059 0.023 0.13 0.036 0.053 0.15 0.062 0.031;0.072 0.045 0.04 0.077 0.059 0.123 0.043 0.056 0.023 0.13 0.036 0.053 0.062 0.15 0.031;0.072 0.04 0.123 0.023 0.053 0.045 0.077 0.059 0.043 0.13 0.062 0.056 0.15 0.036 0.031;
0.087 0.043 0.132 0.038 0.067 0.037 0.089 0.033 0.025 0.119 0.045 0.038 0.144 0.06 0.043;0.087 0.043 0.037 0.089 0.033 0.132 0.038 0.067 0.025 0.119 0.045 0.038 0.06 0.144 0.043;0.087 0.037 0.132 0.025 0.038 0.043 0.089 0.033 0.038 0.119 0.06 0.067 0.144 0.045 0.043;
0.069 0.041 0.136 0.033 0.06 0.046 0.07 0.044 0.024 0.121 0.053 0.043 0.152 0.063 0.045;0.069 0.041 0.046 0.07 0.044 0.136 0.033 0.06 0.024 0.121 0.053 0.043 0.063 0.152 0.045;0.069 0.046 0.136 0.024 0.043 0.041 0.07 0.044 0.033 0.121 0.063 0.06 0.152 0.053 0.045;
0.078 0.04 0.127 0.045 0.067 0.037 0.07 0.033 0.031 0.125 0.046 0.059 0.155 0.056 0.031;0.078 0.04 0.037 0.07 0.033 0.127 0.045 0.067 0.031 0.125 0.046 0.059 0.056 0.155 0.031;0.078 0.037 0.127 0.031 0.059 0.04 0.07 0.033 0.045 0.125 0.056 0.067 0.155 0.046 0.031;
0.058 0.046 0.123 0.053 0.061 0.031 0.09 0.038 0.024 0.127 0.043 0.047 0.156 0.052 0.051;0.058 0.046 0.031 0.09 0.038 0.123 0.053 0.061 0.024 0.127 0.043 0.047 0.052 0.156 0.051;0.058 0.031 0.123 0.024 0.047 0.046 0.09 0.038 0.053 0.127 0.052 0.061 0.156 0.043 0.051;
0.078 0.027 0.111 0.028 0.065 0.037 0.077 0.046 0.036 0.12 0.036 0.057 0.161 0.066 0.055;0.078 0.027 0.037 0.077 0.046 0.111 0.028 0.065 0.036 0.12 0.036 0.057 0.066 0.161 0.055;0.078 0.037 0.111 0.036 0.057 0.027 0.077 0.046 0.028 0.12 0.066 0.065 0.161 0.036 0.055;
0.069 0.04 0.129 0.052 0.058 0.032 0.078 0.042 0.037 0.122 0.051 0.06 0.138 0.05 0.042;0.069 0.04 0.032 0.078 0.042 0.129 0.052 0.058 0.037 0.122 0.051 0.06 0.05 0.138 0.042;0.069 0.032 0.129 0.037 0.06 0.04 0.078 0.042 0.052 0.122 0.05 0.058 0.138 0.051 0.042;
0.062 0.035 0.141 0.037 0.051 0.034 0.073 0.036 0.03 0.143 0.059 0.048 0.148 0.056 0.047;0.062 0.035 0.034 0.073 0.036 0.141 0.037 0.051 0.03 0.143 0.059 0.048 0.056 0.148 0.047;0.062 0.034 0.141 0.03 0.048 0.035 0.073 0.036 0.037 0.143 0.056 0.051 0.148 0.059 0.047;
0.069 0.046 0.128 0.045 0.061 0.036 0.061 0.044 0.028 0.103 0.058 0.05 0.158 0.068 0.045;0.069 0.046 0.036 0.061 0.044 0.128 0.045 0.061 0.028 0.103 0.058 0.05 0.068 0.158 0.045;0.069 0.036 0.128 0.028 0.05 0.046 0.061 0.044 0.045 0.103 0.068 0.061 0.158 0.058 0.045;
0.074 0.034 0.141 0.045 0.06 0.021 0.082 0.041 0.028 0.116 0.061 0.064 0.135 0.06 0.038;0.074 0.034 0.021 0.082 0.041 0.141 0.045 0.06 0.028 0.116 0.061 0.064 0.06 0.135 0.038;0.074 0.021 0.141 0.028 0.064 0.034 0.082 0.041 0.045 0.116 0.06 0.06 0.135 0.061 0.038;
0.08 0.03 0.114 0.044 0.058 0.038 0.083 0.056 0.022 0.125 0.058 0.044 0.146 0.065 0.037;0.08 0.03 0.038 0.083 0.056 0.114 0.044 0.058 0.022 0.125 0.058 0.044 0.065 0.146 0.037;0.08 0.038 0.114 0.022 0.044 0.03 0.083 0.056 0.044 0.125 0.065 0.058 0.146 0.058 0.037;
0.08 0.028 0.113 0.026 0.053 0.036 0.084 0.057 0.03 0.129 0.059 0.058 0.143 0.059 0.045;0.08 0.028 0.036 0.084 0.057 0.113 0.026 0.053 0.03 0.129 0.059 0.058 0.059 0.143 0.045;0.08 0.036 0.113 0.03 0.058 0.028 0.084 0.057 0.026 0.129 0.059 0.053 0.143 0.059 0.045;
0.084 0.04 0.105 0.035 0.061 0.041 0.069 0.033 0.034 0.137 0.056 0.063 0.145 0.06 0.037;0.084 0.04 0.041 0.069 0.033 0.105 0.035 0.061 0.034 0.137 0.056 0.063 0.06 0.145 0.037;0.084 0.041 0.105 0.034 0.063 0.04 0.069 0.033 0.035 0.137 0.06 0.061 0.145 0.056 0.037;
0.068 0.039 0.109 0.048 0.062 0.041 0.059 0.047 0.026 0.141 0.053 0.06 0.154 0.05 0.043;0.068 0.039 0.041 0.059 0.047 0.109 0.048 0.062 0.026 0.141 0.053 0.06 0.05 0.154 0.043;0.068 0.041 0.109 0.026 0.06 0.039 0.059 0.047 0.048 0.141 0.05 0.062 0.154 0.053 0.043;
0.082 0.029 0.113 0.047 0.047 0.035 0.083 0.042 0.028 0.137 0.054 0.058 0.142 0.065 0.038;0.082 0.029 0.035 0.083 0.042 0.113 0.047 0.047 0.028 0.137 0.054 0.058 0.065 0.142 0.038;0.082 0.035 0.113 0.028 0.058 0.029 0.083 0.042 0.047 0.137 0.065 0.047 0.142 0.054 0.038;
0.076 0.033 0.126 0.041 0.049 0.038 0.072 0.044 0.035 0.102 0.058 0.048 0.173 0.058 0.047;0.076 0.033 0.038 0.072 0.044 0.126 0.041 0.049 0.035 0.102 0.058 0.048 0.058 0.173 0.047;0.076 0.038 0.126 0.035 0.048 0.033 0.072 0.044 0.041 0.102 0.058 0.049 0.173 0.058 0.047;
0.066 0.038 0.11 0.045 0.065 0.036 0.078 0.047 0.03 0.112 0.056 0.054 0.144 0.066 0.053;0.066 0.038 0.036 0.078 0.047 0.11 0.045 0.065 0.03 0.112 0.056 0.054 0.066 0.144 0.053;0.066 0.036 0.11 0.03 0.054 0.038 0.078 0.047 0.045 0.112 0.066 0.065 0.144 0.056 0.053;
0.079 0.043 0.117 0.044 0.067 0.044 0.06 0.045 0.027 0.116 0.05 0.049 0.153 0.064 0.042;0.079 0.043 0.044 0.06 0.045 0.117 0.044 0.067 0.027 0.116 0.05 0.049 0.064 0.153 0.042;0.079 0.044 0.117 0.027 0.049 0.043 0.06 0.045 0.044 0.116 0.064 0.067 0.153 0.05 0.042;
0.063 0.051 0.132 0.033 0.068 0.041 0.078 0.043 0.027 0.123 0.045 0.057 0.148 0.049 0.042;0.063 0.051 0.041 0.078 0.043 0.132 0.033 0.068 0.027 0.123 0.045 0.057 0.049 0.148 0.042;0.063 0.041 0.132 0.027 0.057 0.051 0.078 0.043 0.033 0.123 0.049 0.068 0.148 0.045 0.042;
0.069 0.046 0.124 0.051 0.055 0.024 0.086 0.054 0.029 0.132 0.044 0.053 0.133 0.049 0.051;0.069 0.046 0.024 0.086 0.054 0.124 0.051 0.055 0.029 0.132 0.044 0.053 0.049 0.133 0.051;0.069 0.024 0.124 0.029 0.053 0.046 0.086 0.054 0.051 0.132 0.049 0.055 0.133 0.044 0.051;
0.063 0.036 0.133 0.037 0.073 0.036 0.082 0.051 0.029 0.12 0.049 0.049 0.152 0.056 0.034;0.063 0.036 0.036 0.082 0.051 0.133 0.037 0.073 0.029 0.12 0.049 0.049 0.056 0.152 0.034;0.063 0.036 0.133 0.029 0.049 0.036 0.082 0.051 0.037 0.12 0.056 0.073 0.152 0.049 0.034;
0.077 0.037 0.132 0.027 0.061 0.037 0.083 0.035 0.031 0.12 0.046 0.044 0.168 0.071 0.031;0.077 0.037 0.037 0.083 0.035 0.132 0.027 0.061 0.031 0.12 0.046 0.044 0.071 0.168 0.031;0.077 0.037 0.132 0.031 0.044 0.037 0.083 0.035 0.027 0.12 0.071 0.061 0.168 0.046 0.031;
0.069 0.04 0.143 0.036 0.076 0.04 0.076 0.032 0.029 0.116 0.044 0.047 0.131 0.072 0.049;0.069 0.04 0.04 0.076 0.032 0.143 0.036 0.076 0.029 0.116 0.044 0.047 0.072 0.131 0.049;0.069 0.04 0.143 0.029 0.047 0.04 0.076 0.032 0.036 0.116 0.072 0.076 0.131 0.044 0.049;
0.065 0.039 0.121 0.05 0.046 0.029 0.081 0.041 0.03 0.149 0.039 0.042 0.16 0.066 0.042;0.065 0.039 0.029 0.081 0.041 0.121 0.05 0.046 0.03 0.149 0.039 0.042 0.066 0.16 0.042;0.065 0.029 0.121 0.03 0.042 0.039 0.081 0.041 0.05 0.149 0.066 0.046 0.16 0.039 0.042;
0.073 0.039 0.118 0.045 0.055 0.033 0.088 0.041 0.035 0.13 0.04 0.046 0.153 0.065 0.039;0.073 0.039 0.033 0.088 0.041 0.118 0.045 0.055 0.035 0.13 0.04 0.046 0.065 0.153 0.039;0.073 0.033 0.118 0.035 0.046 0.039 0.088 0.041 0.045 0.13 0.065 0.055 0.153 0.04 0.039;
0.073 0.048 0.144 0.046 0.06 0.035 0.083 0.043 0.024 0.122 0.055 0.041 0.136 0.048 0.042;0.073 0.048 0.035 0.083 0.043 0.144 0.046 0.06 0.024 0.122 0.055 0.041 0.048 0.136 0.042;0.073 0.035 0.144 0.024 0.041 0.048 0.083 0.043 0.046 0.122 0.048 0.06 0.136 0.055 0.042;
0.087 0.032 0.129 0.039 0.058 0.033 0.066 0.05 0.031 0.122 0.06 0.054 0.136 0.056 0.047;0.087 0.032 0.033 0.066 0.05 0.129 0.039 0.058 0.031 0.122 0.06 0.054 0.056 0.136 0.047;0.087 0.033 0.129 0.031 0.054 0.032 0.066 0.05 0.039 0.122 0.056 0.058 0.136 0.06 0.047;
0.072 0.033 0.119 0.041 0.053 0.045 0.083 0.05 0.022 0.126 0.045 0.046 0.162 0.071 0.032;0.072 0.033 0.045 0.083 0.05 0.119 0.041 0.053 0.022 0.126 0.045 0.046 0.071 0.162 0.032;0.072 0.045 0.119 0.022 0.046 0.033 0.083 0.05 0.041 0.126 0.071 0.053 0.162 0.045 0.032;
0.078 0.03 0.137 0.037 0.058 0.039 0.081 0.053 0.02 0.125 0.046 0.051 0.152 0.053 0.04;0.078 0.03 0.039 0.081 0.053 0.137 0.037 0.058 0.02 0.125 0.046 0.051 0.053 0.152 0.04;0.078 0.039 0.137 0.02 0.051 0.03 0.081 0.053 0.037 0.125 0.053 0.058 0.152 0.046 0.04;
0.064 0.027 0.125 0.035 0.062 0.03 0.087 0.058 0.037 0.132 0.048 0.047 0.141 0.07 0.037;0.064 0.027 0.03 0.087 0.058 0.125 0.035 0.062 0.037 0.132 0.048 0.047 0.07 0.141 0.037;0.064 0.03 0.125 0.037 0.047 0.027 0.087 0.058 0.035 0.132 0.07 0.062 0.141 0.048 0.037;
0.083 0.024 0.148 0.039 0.064 0.039 0.086 0.036 0.037 0.109 0.049 0.06 0.123 0.068 0.035;0.083 0.024 0.039 0.086 0.036 0.148 0.039 0.064 0.037 0.109 0.049 0.06 0.068 0.123 0.035;0.083 0.039 0.148 0.037 0.06 0.024 0.086 0.036 0.039 0.109 0.068 0.064 0.123 0.049 0.035;
0.07 0.027 0.143 0.041 0.055 0.034 0.081 0.04 0.023 0.117 0.051 0.053 0.152 0.074 0.039;0.07 0.027 0.034 0.081 0.04 0.143 0.041 0.055 0.023 0.117 0.051 0.053 0.074 0.152 0.039;0.07 0.034 0.143 0.023 0.053 0.027 0.081 0.04 0.041 0.117 0.074 0.055 0.152 0.051 0.039];