pntP=[0.034 0.05 0.055 0.065 0.085 0.037 0.043 0.082 0.041 0.065 0.086 0.091 0.087 0.108 0.071;0.034 0.05 0.037 0.043 0.082 0.055 0.065 0.085 0.041 0.065 0.086 0.091 0.108 0.087 0.071;0.034 0.037 0.055 0.041 0.091 0.05 0.043 0.082 0.065 0.065 0.108 0.085 0.087 0.086 0.071;
0.03 0.061 0.054 0.067 0.098 0.061 0.038 0.078 0.041 0.061 0.075 0.071 0.082 0.112 0.071;0.03 0.061 0.061 0.038 0.078 0.054 0.067 0.098 0.041 0.061 0.075 0.071 0.112 0.082 0.071;0.03 0.061 0.054 0.041 0.071 0.061 0.038 0.078 0.067 0.061 0.112 0.098 0.082 0.075 0.071;
0.027 0.045 0.045 0.088 0.1 0.068 0.043 0.076 0.039 0.054 0.087 0.063 0.07 0.123 0.072;0.027 0.045 0.068 0.043 0.076 0.045 0.088 0.1 0.039 0.054 0.087 0.063 0.123 0.07 0.072;0.027 0.068 0.045 0.039 0.063 0.045 0.043 0.076 0.088 0.054 0.123 0.1 0.07 0.087 0.072;
0.03 0.053 0.05 0.055 0.1 0.069 0.036 0.07 0.046 0.068 0.082 0.074 0.098 0.085 0.084;0.03 0.053 0.069 0.036 0.07 0.05 0.055 0.1 0.046 0.068 0.082 0.074 0.085 0.098 0.084;0.03 0.069 0.05 0.046 0.074 0.053 0.036 0.07 0.055 0.068 0.085 0.1 0.098 0.082 0.084;
0.033 0.049 0.05 0.063 0.081 0.073 0.039 0.065 0.052 0.048 0.087 0.097 0.089 0.1 0.074;0.033 0.049 0.073 0.039 0.065 0.05 0.063 0.081 0.052 0.048 0.087 0.097 0.1 0.089 0.074;0.033 0.073 0.05 0.052 0.097 0.049 0.039 0.065 0.063 0.048 0.1 0.081 0.089 0.087 0.074;
0.04 0.047 0.067 0.078 0.09 0.06 0.039 0.07 0.041 0.061 0.062 0.084 0.084 0.099 0.078;0.04 0.047 0.06 0.039 0.07 0.067 0.078 0.09 0.041 0.061 0.062 0.084 0.099 0.084 0.078;0.04 0.06 0.067 0.041 0.084 0.047 0.039 0.07 0.078 0.061 0.099 0.09 0.084 0.062 0.078;
0.029 0.043 0.065 0.064 0.099 0.042 0.046 0.09 0.043 0.051 0.089 0.085 0.084 0.09 0.08;0.029 0.043 0.042 0.046 0.09 0.065 0.064 0.099 0.043 0.051 0.089 0.085 0.09 0.084 0.08;0.029 0.042 0.065 0.043 0.085 0.043 0.046 0.09 0.064 0.051 0.09 0.099 0.084 0.089 0.08;
0.026 0.053 0.072 0.066 0.117 0.067 0.043 0.068 0.037 0.06 0.075 0.088 0.07 0.096 0.062;0.026 0.053 0.067 0.043 0.068 0.072 0.066 0.117 0.037 0.06 0.075 0.088 0.096 0.07 0.062;0.026 0.067 0.072 0.037 0.088 0.053 0.043 0.068 0.066 0.06 0.096 0.117 0.07 0.075 0.062;
0.034 0.045 0.049 0.069 0.101 0.056 0.044 0.083 0.038 0.057 0.095 0.07 0.079 0.095 0.085;0.034 0.045 0.056 0.044 0.083 0.049 0.069 0.101 0.038 0.057 0.095 0.07 0.095 0.079 0.085;0.034 0.056 0.049 0.038 0.07 0.045 0.044 0.083 0.069 0.057 0.095 0.101 0.079 0.095 0.085;
0.033 0.061 0.061 0.065 0.074 0.047 0.029 0.079 0.042 0.057 0.085 0.086 0.082 0.111 0.088;0.033 0.061 0.047 0.029 0.079 0.061 0.065 0.074 0.042 0.057 0.085 0.086 0.111 0.082 0.088;0.033 0.047 0.061 0.042 0.086 0.061 0.029 0.079 0.065 0.057 0.111 0.074 0.082 0.085 0.088;
0.031 0.065 0.055 0.058 0.098 0.057 0.042 0.07 0.041 0.066 0.073 0.087 0.08 0.107 0.07;0.031 0.065 0.057 0.042 0.07 0.055 0.058 0.098 0.041 0.066 0.073 0.087 0.107 0.08 0.07;0.031 0.057 0.055 0.041 0.087 0.065 0.042 0.07 0.058 0.066 0.107 0.098 0.08 0.073 0.07;
0.038 0.057 0.044 0.057 0.109 0.057 0.041 0.08 0.04 0.044 0.085 0.077 0.091 0.105 0.075;0.038 0.057 0.057 0.041 0.08 0.044 0.057 0.109 0.04 0.044 0.085 0.077 0.105 0.091 0.075;0.038 0.057 0.044 0.04 0.077 0.057 0.041 0.08 0.057 0.044 0.105 0.109 0.091 0.085 0.075;
0.026 0.056 0.072 0.055 0.089 0.052 0.053 0.085 0.054 0.051 0.081 0.089 0.073 0.098 0.066;0.026 0.056 0.052 0.053 0.085 0.072 0.055 0.089 0.054 0.051 0.081 0.089 0.098 0.073 0.066;0.026 0.052 0.072 0.054 0.089 0.056 0.053 0.085 0.055 0.051 0.098 0.089 0.073 0.081 0.066;
0.03 0.064 0.058 0.077 0.105 0.057 0.044 0.061 0.036 0.059 0.08 0.079 0.098 0.082 0.07;0.03 0.064 0.057 0.044 0.061 0.058 0.077 0.105 0.036 0.059 0.08 0.079 0.082 0.098 0.07;0.03 0.057 0.058 0.036 0.079 0.064 0.044 0.061 0.077 0.059 0.082 0.105 0.098 0.08 0.07;
0.027 0.072 0.057 0.067 0.09 0.056 0.047 0.084 0.059 0.047 0.071 0.076 0.073 0.09 0.084;0.027 0.072 0.056 0.047 0.084 0.057 0.067 0.09 0.059 0.047 0.071 0.076 0.09 0.073 0.084;0.027 0.056 0.057 0.059 0.076 0.072 0.047 0.084 0.067 0.047 0.09 0.09 0.073 0.071 0.084;
0.028 0.044 0.045 0.071 0.105 0.05 0.041 0.09 0.048 0.057 0.079 0.076 0.088 0.098 0.08;0.028 0.044 0.05 0.041 0.09 0.045 0.071 0.105 0.048 0.057 0.079 0.076 0.098 0.088 0.08;0.028 0.05 0.045 0.048 0.076 0.044 0.041 0.09 0.071 0.057 0.098 0.105 0.088 0.079 0.08;
0.025 0.054 0.07 0.067 0.096 0.045 0.044 0.071 0.045 0.06 0.091 0.084 0.09 0.089 0.069;0.025 0.054 0.045 0.044 0.071 0.07 0.067 0.096 0.045 0.06 0.091 0.084 0.089 0.09 0.069;0.025 0.045 0.07 0.045 0.084 0.054 0.044 0.071 0.067 0.06 0.089 0.096 0.09 0.091 0.069;
0.023 0.054 0.071 0.062 0.089 0.055 0.056 0.068 0.044 0.062 0.074 0.093 0.077 0.094 0.078;0.023 0.054 0.055 0.056 0.068 0.071 0.062 0.089 0.044 0.062 0.074 0.093 0.094 0.077 0.078;0.023 0.055 0.071 0.044 0.093 0.054 0.056 0.068 0.062 0.062 0.094 0.089 0.077 0.074 0.078;
0.028 0.044 0.061 0.072 0.105 0.067 0.042 0.074 0.047 0.052 0.08 0.07 0.091 0.088 0.079;0.028 0.044 0.067 0.042 0.074 0.061 0.072 0.105 0.047 0.052 0.08 0.07 0.088 0.091 0.079;0.028 0.067 0.061 0.047 0.07 0.044 0.042 0.074 0.072 0.052 0.088 0.105 0.091 0.08 0.079;
0.037 0.06 0.054 0.056 0.091 0.056 0.043 0.063 0.05 0.05 0.1 0.08 0.08 0.108 0.072;0.037 0.06 0.056 0.043 0.063 0.054 0.056 0.091 0.05 0.05 0.1 0.08 0.108 0.08 0.072;0.037 0.056 0.054 0.05 0.08 0.06 0.043 0.063 0.056 0.05 0.108 0.091 0.08 0.1 0.072;
0.026 0.058 0.051 0.052 0.111 0.068 0.048 0.079 0.051 0.048 0.081 0.072 0.081 0.105 0.069;0.026 0.058 0.068 0.048 0.079 0.051 0.052 0.111 0.051 0.048 0.081 0.072 0.105 0.081 0.069;0.026 0.068 0.051 0.051 0.072 0.058 0.048 0.079 0.052 0.048 0.105 0.111 0.081 0.081 0.069;
0.028 0.052 0.062 0.065 0.089 0.056 0.038 0.084 0.043 0.062 0.086 0.072 0.077 0.105 0.081;0.028 0.052 0.056 0.038 0.084 0.062 0.065 0.089 0.043 0.062 0.086 0.072 0.105 0.077 0.081;0.028 0.056 0.062 0.043 0.072 0.052 0.038 0.084 0.065 0.062 0.105 0.089 0.077 0.086 0.081;
0.039 0.071 0.069 0.041 0.076 0.048 0.046 0.064 0.045 0.05 0.082 0.091 0.087 0.107 0.084;0.039 0.071 0.048 0.046 0.064 0.069 0.041 0.076 0.045 0.05 0.082 0.091 0.107 0.087 0.084;0.039 0.048 0.069 0.045 0.091 0.071 0.046 0.064 0.041 0.05 0.107 0.076 0.087 0.082 0.084;
0.029 0.072 0.052 0.064 0.092 0.06 0.049 0.078 0.052 0.058 0.077 0.086 0.077 0.094 0.06;0.029 0.072 0.06 0.049 0.078 0.052 0.064 0.092 0.052 0.058 0.077 0.086 0.094 0.077 0.06;0.029 0.06 0.052 0.052 0.086 0.072 0.049 0.078 0.064 0.058 0.094 0.092 0.077 0.077 0.06;
0.037 0.051 0.055 0.061 0.106 0.054 0.044 0.082 0.039 0.059 0.101 0.076 0.074 0.097 0.064;0.037 0.051 0.054 0.044 0.082 0.055 0.061 0.106 0.039 0.059 0.101 0.076 0.097 0.074 0.064;0.037 0.054 0.055 0.039 0.076 0.051 0.044 0.082 0.061 0.059 0.097 0.106 0.074 0.101 0.064;
0.039 0.067 0.059 0.06 0.089 0.062 0.039 0.077 0.042 0.064 0.069 0.067 0.107 0.086 0.073;0.039 0.067 0.062 0.039 0.077 0.059 0.06 0.089 0.042 0.064 0.069 0.067 0.086 0.107 0.073;0.039 0.062 0.059 0.042 0.067 0.067 0.039 0.077 0.06 0.064 0.086 0.089 0.107 0.069 0.073;
0.033 0.051 0.072 0.069 0.107 0.058 0.041 0.093 0.033 0.058 0.074 0.08 0.078 0.097 0.056;0.033 0.051 0.058 0.041 0.093 0.072 0.069 0.107 0.033 0.058 0.074 0.08 0.097 0.078 0.056;0.033 0.058 0.072 0.033 0.08 0.051 0.041 0.093 0.069 0.058 0.097 0.107 0.078 0.074 0.056;
0.028 0.064 0.056 0.068 0.097 0.059 0.037 0.072 0.033 0.051 0.073 0.093 0.084 0.101 0.084;0.028 0.064 0.059 0.037 0.072 0.056 0.068 0.097 0.033 0.051 0.073 0.093 0.101 0.084 0.084;0.028 0.059 0.056 0.033 0.093 0.064 0.037 0.072 0.068 0.051 0.101 0.097 0.084 0.073 0.084;
0.032 0.052 0.066 0.066 0.089 0.052 0.047 0.07 0.046 0.05 0.082 0.073 0.079 0.107 0.089;0.032 0.052 0.052 0.047 0.07 0.066 0.066 0.089 0.046 0.05 0.082 0.073 0.107 0.079 0.089;0.032 0.052 0.066 0.046 0.073 0.052 0.047 0.07 0.066 0.05 0.107 0.089 0.079 0.082 0.089;
0.041 0.069 0.058 0.074 0.085 0.054 0.043 0.079 0.038 0.053 0.077 0.075 0.093 0.097 0.064;0.041 0.069 0.054 0.043 0.079 0.058 0.074 0.085 0.038 0.053 0.077 0.075 0.097 0.093 0.064;0.041 0.054 0.058 0.038 0.075 0.069 0.043 0.079 0.074 0.053 0.097 0.085 0.093 0.077 0.064;
0.029 0.055 0.054 0.054 0.097 0.053 0.048 0.073 0.041 0.071 0.076 0.076 0.097 0.108 0.068;0.029 0.055 0.053 0.048 0.073 0.054 0.054 0.097 0.041 0.071 0.076 0.076 0.108 0.097 0.068;0.029 0.053 0.054 0.041 0.076 0.055 0.048 0.073 0.054 0.071 0.108 0.097 0.097 0.076 0.068;
0.025 0.054 0.057 0.071 0.105 0.071 0.039 0.078 0.034 0.077 0.089 0.066 0.071 0.1 0.063;0.025 0.054 0.071 0.039 0.078 0.057 0.071 0.105 0.034 0.077 0.089 0.066 0.1 0.071 0.063;0.025 0.071 0.057 0.034 0.066 0.054 0.039 0.078 0.071 0.077 0.1 0.105 0.071 0.089 0.063;
0.038 0.043 0.068 0.067 0.098 0.053 0.046 0.08 0.036 0.061 0.085 0.074 0.087 0.095 0.069;0.038 0.043 0.053 0.046 0.08 0.068 0.067 0.098 0.036 0.061 0.085 0.074 0.095 0.087 0.069;0.038 0.053 0.068 0.036 0.074 0.043 0.046 0.08 0.067 0.061 0.095 0.098 0.087 0.085 0.069;
0.031 0.061 0.058 0.066 0.106 0.049 0.041 0.085 0.05 0.052 0.083 0.074 0.07 0.109 0.065;0.031 0.061 0.049 0.041 0.085 0.058 0.066 0.106 0.05 0.052 0.083 0.074 0.109 0.07 0.065;0.031 0.049 0.058 0.05 0.074 0.061 0.041 0.085 0.066 0.052 0.109 0.106 0.07 0.083 0.065;
0.038 0.058 0.054 0.061 0.097 0.053 0.041 0.071 0.043 0.073 0.074 0.082 0.088 0.097 0.07;0.038 0.058 0.053 0.041 0.071 0.054 0.061 0.097 0.043 0.073 0.074 0.082 0.097 0.088 0.07;0.038 0.053 0.054 0.043 0.082 0.058 0.041 0.071 0.061 0.073 0.097 0.097 0.088 0.074 0.07;
0.029 0.062 0.06 0.053 0.085 0.068 0.051 0.088 0.049 0.048 0.084 0.076 0.082 0.102 0.063;0.029 0.062 0.068 0.051 0.088 0.06 0.053 0.085 0.049 0.048 0.084 0.076 0.102 0.082 0.063;0.029 0.068 0.06 0.049 0.076 0.062 0.051 0.088 0.053 0.048 0.102 0.085 0.082 0.084 0.063;
0.043 0.055 0.059 0.07 0.098 0.055 0.03 0.074 0.041 0.067 0.068 0.079 0.083 0.104 0.074;0.043 0.055 0.055 0.03 0.074 0.059 0.07 0.098 0.041 0.067 0.068 0.079 0.104 0.083 0.074;0.043 0.055 0.059 0.041 0.079 0.055 0.03 0.074 0.07 0.067 0.104 0.098 0.083 0.068 0.074;
0.038 0.057 0.059 0.061 0.094 0.055 0.038 0.083 0.038 0.061 0.079 0.089 0.087 0.091 0.07;0.038 0.057 0.055 0.038 0.083 0.059 0.061 0.094 0.038 0.061 0.079 0.089 0.091 0.087 0.07;0.038 0.055 0.059 0.038 0.089 0.057 0.038 0.083 0.061 0.061 0.091 0.094 0.087 0.079 0.07;
0.039 0.052 0.058 0.055 0.114 0.056 0.04 0.088 0.03 0.068 0.083 0.066 0.09 0.099 0.062;0.039 0.052 0.056 0.04 0.088 0.058 0.055 0.114 0.03 0.068 0.083 0.066 0.099 0.09 0.062;0.039 0.056 0.058 0.03 0.066 0.052 0.04 0.088 0.055 0.068 0.099 0.114 0.09 0.083 0.062;
0.035 0.058 0.051 0.07 0.106 0.056 0.04 0.066 0.031 0.049 0.082 0.072 0.069 0.132 0.083;0.035 0.058 0.056 0.04 0.066 0.051 0.07 0.106 0.031 0.049 0.082 0.072 0.132 0.069 0.083;0.035 0.056 0.051 0.031 0.072 0.058 0.04 0.066 0.07 0.049 0.132 0.106 0.069 0.082 0.083;
0.036 0.05 0.047 0.072 0.087 0.06 0.051 0.083 0.053 0.051 0.079 0.079 0.079 0.096 0.077;0.036 0.05 0.06 0.051 0.083 0.047 0.072 0.087 0.053 0.051 0.079 0.079 0.096 0.079 0.077;0.036 0.06 0.047 0.053 0.079 0.05 0.051 0.083 0.072 0.051 0.096 0.087 0.079 0.079 0.077;
0.036 0.049 0.051 0.06 0.097 0.063 0.043 0.07 0.044 0.059 0.066 0.086 0.101 0.101 0.074;0.036 0.049 0.063 0.043 0.07 0.051 0.06 0.097 0.044 0.059 0.066 0.086 0.101 0.101 0.074;0.036 0.063 0.051 0.044 0.086 0.049 0.043 0.07 0.06 0.059 0.101 0.097 0.101 0.066 0.074;
0.029 0.05 0.047 0.08 0.088 0.057 0.04 0.093 0.049 0.057 0.076 0.075 0.086 0.087 0.086;0.029 0.05 0.057 0.04 0.093 0.047 0.08 0.088 0.049 0.057 0.076 0.075 0.087 0.086 0.086;0.029 0.057 0.047 0.049 0.075 0.05 0.04 0.093 0.08 0.057 0.087 0.088 0.086 0.076 0.086;
0.034 0.063 0.066 0.053 0.106 0.038 0.041 0.076 0.041 0.066 0.087 0.087 0.073 0.101 0.068;0.034 0.063 0.038 0.041 0.076 0.066 0.053 0.106 0.041 0.066 0.087 0.087 0.101 0.073 0.068;0.034 0.038 0.066 0.041 0.087 0.063 0.041 0.076 0.053 0.066 0.101 0.106 0.073 0.087 0.068;
0.024 0.063 0.066 0.075 0.1 0.04 0.043 0.074 0.056 0.06 0.066 0.077 0.084 0.099 0.073;0.024 0.063 0.04 0.043 0.074 0.066 0.075 0.1 0.056 0.06 0.066 0.077 0.099 0.084 0.073;0.024 0.04 0.066 0.056 0.077 0.063 0.043 0.074 0.075 0.06 0.099 0.1 0.084 0.066 0.073;
0.026 0.051 0.054 0.053 0.103 0.069 0.036 0.075 0.039 0.055 0.085 0.084 0.074 0.104 0.092;0.026 0.051 0.069 0.036 0.075 0.054 0.053 0.103 0.039 0.055 0.085 0.084 0.104 0.074 0.092;0.026 0.069 0.054 0.039 0.084 0.051 0.036 0.075 0.053 0.055 0.104 0.103 0.074 0.085 0.092;
0.032 0.056 0.053 0.05 0.092 0.054 0.044 0.081 0.049 0.061 0.086 0.065 0.098 0.108 0.071;0.032 0.056 0.054 0.044 0.081 0.053 0.05 0.092 0.049 0.061 0.086 0.065 0.108 0.098 0.071;0.032 0.054 0.053 0.049 0.065 0.056 0.044 0.081 0.05 0.061 0.108 0.092 0.098 0.086 0.071;
0.032 0.053 0.055 0.07 0.088 0.057 0.048 0.073 0.032 0.057 0.087 0.08 0.064 0.105 0.099;0.032 0.053 0.057 0.048 0.073 0.055 0.07 0.088 0.032 0.057 0.087 0.08 0.105 0.064 0.099;0.032 0.057 0.055 0.032 0.08 0.053 0.048 0.073 0.07 0.057 0.105 0.088 0.064 0.087 0.099;
0.034 0.068 0.081 0.075 0.096 0.05 0.039 0.079 0.03 0.069 0.064 0.084 0.075 0.094 0.062;0.034 0.068 0.05 0.039 0.079 0.081 0.075 0.096 0.03 0.069 0.064 0.084 0.094 0.075 0.062;0.034 0.05 0.081 0.03 0.084 0.068 0.039 0.079 0.075 0.069 0.094 0.096 0.075 0.064 0.062;
0.031 0.076 0.061 0.047 0.084 0.047 0.035 0.082 0.057 0.067 0.092 0.077 0.092 0.08 0.072;0.031 0.076 0.047 0.035 0.082 0.061 0.047 0.084 0.057 0.067 0.092 0.077 0.08 0.092 0.072;0.031 0.047 0.061 0.057 0.077 0.076 0.035 0.082 0.047 0.067 0.08 0.084 0.092 0.092 0.072;
0.033 0.062 0.057 0.069 0.115 0.056 0.044 0.072 0.046 0.059 0.087 0.083 0.081 0.083 0.053;0.033 0.062 0.056 0.044 0.072 0.057 0.069 0.115 0.046 0.059 0.087 0.083 0.083 0.081 0.053;0.033 0.056 0.057 0.046 0.083 0.062 0.044 0.072 0.069 0.059 0.083 0.115 0.081 0.087 0.053;
0.036 0.067 0.056 0.074 0.099 0.049 0.047 0.082 0.035 0.058 0.09 0.071 0.066 0.097 0.073;0.036 0.067 0.049 0.047 0.082 0.056 0.074 0.099 0.035 0.058 0.09 0.071 0.097 0.066 0.073;0.036 0.049 0.056 0.035 0.071 0.067 0.047 0.082 0.074 0.058 0.097 0.099 0.066 0.09 0.073;
0.034 0.067 0.053 0.064 0.099 0.067 0.05 0.07 0.033 0.061 0.069 0.082 0.08 0.103 0.068;0.034 0.067 0.067 0.05 0.07 0.053 0.064 0.099 0.033 0.061 0.069 0.082 0.103 0.08 0.068;0.034 0.067 0.053 0.033 0.082 0.067 0.05 0.07 0.064 0.061 0.103 0.099 0.08 0.069 0.068;
0.047 0.06 0.057 0.053 0.087 0.051 0.042 0.074 0.044 0.048 0.082 0.094 0.08 0.11 0.071;0.047 0.06 0.051 0.042 0.074 0.057 0.053 0.087 0.044 0.048 0.082 0.094 0.11 0.08 0.071;0.047 0.051 0.057 0.044 0.094 0.06 0.042 0.074 0.053 0.048 0.11 0.087 0.08 0.082 0.071;
0.032 0.045 0.062 0.077 0.093 0.071 0.038 0.074 0.032 0.057 0.078 0.074 0.088 0.099 0.08;0.032 0.045 0.071 0.038 0.074 0.062 0.077 0.093 0.032 0.057 0.078 0.074 0.099 0.088 0.08;0.032 0.071 0.062 0.032 0.074 0.045 0.038 0.074 0.077 0.057 0.099 0.093 0.088 0.078 0.08;
0.031 0.056 0.056 0.071 0.097 0.05 0.035 0.083 0.045 0.065 0.082 0.098 0.07 0.088 0.073;0.031 0.056 0.05 0.035 0.083 0.056 0.071 0.097 0.045 0.065 0.082 0.098 0.088 0.07 0.073;0.031 0.05 0.056 0.045 0.098 0.056 0.035 0.083 0.071 0.065 0.088 0.097 0.07 0.082 0.073;
0.024 0.065 0.062 0.051 0.093 0.07 0.042 0.072 0.036 0.065 0.089 0.07 0.094 0.098 0.069;0.024 0.065 0.07 0.042 0.072 0.062 0.051 0.093 0.036 0.065 0.089 0.07 0.098 0.094 0.069;0.024 0.07 0.062 0.036 0.07 0.065 0.042 0.072 0.051 0.065 0.098 0.093 0.094 0.089 0.069;
0.033 0.056 0.065 0.069 0.09 0.064 0.037 0.078 0.036 0.075 0.062 0.084 0.072 0.099 0.08;0.033 0.056 0.064 0.037 0.078 0.065 0.069 0.09 0.036 0.075 0.062 0.084 0.099 0.072 0.08;0.033 0.064 0.065 0.036 0.084 0.056 0.037 0.078 0.069 0.075 0.099 0.09 0.072 0.062 0.08;
0.038 0.064 0.055 0.066 0.091 0.055 0.038 0.081 0.06 0.071 0.074 0.069 0.077 0.09 0.071;0.038 0.064 0.055 0.038 0.081 0.055 0.066 0.091 0.06 0.071 0.074 0.069 0.09 0.077 0.071;0.038 0.055 0.055 0.06 0.069 0.064 0.038 0.081 0.066 0.071 0.09 0.091 0.077 0.074 0.071;
0.029 0.063 0.058 0.054 0.108 0.057 0.047 0.073 0.039 0.059 0.077 0.083 0.07 0.1 0.083;0.029 0.063 0.057 0.047 0.073 0.058 0.054 0.108 0.039 0.059 0.077 0.083 0.1 0.07 0.083;0.029 0.057 0.058 0.039 0.083 0.063 0.047 0.073 0.054 0.059 0.1 0.108 0.07 0.077 0.083;
0.038 0.059 0.055 0.069 0.102 0.06 0.053 0.059 0.045 0.054 0.081 0.07 0.074 0.113 0.068;0.038 0.059 0.06 0.053 0.059 0.055 0.069 0.102 0.045 0.054 0.081 0.07 0.113 0.074 0.068;0.038 0.06 0.055 0.045 0.07 0.059 0.053 0.059 0.069 0.054 0.113 0.102 0.074 0.081 0.068;
0.03 0.058 0.069 0.049 0.109 0.052 0.045 0.071 0.029 0.077 0.09 0.068 0.074 0.093 0.086;0.03 0.058 0.052 0.045 0.071 0.069 0.049 0.109 0.029 0.077 0.09 0.068 0.093 0.074 0.086;0.03 0.052 0.069 0.029 0.068 0.058 0.045 0.071 0.049 0.077 0.093 0.109 0.074 0.09 0.086;
0.033 0.052 0.075 0.064 0.076 0.051 0.043 0.085 0.039 0.052 0.089 0.069 0.087 0.101 0.084;0.033 0.052 0.051 0.043 0.085 0.075 0.064 0.076 0.039 0.052 0.089 0.069 0.101 0.087 0.084;0.033 0.051 0.075 0.039 0.069 0.052 0.043 0.085 0.064 0.052 0.101 0.076 0.087 0.089 0.084;
0.034 0.055 0.061 0.064 0.099 0.057 0.053 0.079 0.046 0.057 0.068 0.086 0.084 0.097 0.06;0.034 0.055 0.057 0.053 0.079 0.061 0.064 0.099 0.046 0.057 0.068 0.086 0.097 0.084 0.06;0.034 0.057 0.061 0.046 0.086 0.055 0.053 0.079 0.064 0.057 0.097 0.099 0.084 0.068 0.06;
0.034 0.059 0.052 0.064 0.101 0.054 0.037 0.076 0.039 0.048 0.071 0.081 0.081 0.119 0.084;0.034 0.059 0.054 0.037 0.076 0.052 0.064 0.101 0.039 0.048 0.071 0.081 0.119 0.081 0.084;0.034 0.054 0.052 0.039 0.081 0.059 0.037 0.076 0.064 0.048 0.119 0.101 0.081 0.071 0.084;
0.039 0.058 0.056 0.064 0.094 0.052 0.042 0.08 0.031 0.065 0.084 0.086 0.08 0.079 0.09;0.039 0.058 0.052 0.042 0.08 0.056 0.064 0.094 0.031 0.065 0.084 0.086 0.079 0.08 0.09;0.039 0.052 0.056 0.031 0.086 0.058 0.042 0.08 0.064 0.065 0.079 0.094 0.08 0.084 0.09;
0.031 0.055 0.054 0.072 0.1 0.05 0.045 0.088 0.041 0.061 0.077 0.08 0.082 0.091 0.073;0.031 0.055 0.05 0.045 0.088 0.054 0.072 0.1 0.041 0.061 0.077 0.08 0.091 0.082 0.073;0.031 0.05 0.054 0.041 0.08 0.055 0.045 0.088 0.072 0.061 0.091 0.1 0.082 0.077 0.073;
0.021 0.057 0.061 0.067 0.095 0.063 0.048 0.089 0.043 0.066 0.069 0.066 0.076 0.096 0.083;0.021 0.057 0.063 0.048 0.089 0.061 0.067 0.095 0.043 0.066 0.069 0.066 0.096 0.076 0.083;0.021 0.063 0.061 0.043 0.066 0.057 0.048 0.089 0.067 0.066 0.096 0.095 0.076 0.069 0.083;
0.034 0.054 0.056 0.056 0.107 0.065 0.037 0.071 0.036 0.064 0.086 0.077 0.079 0.108 0.07;0.034 0.054 0.065 0.037 0.071 0.056 0.056 0.107 0.036 0.064 0.086 0.077 0.108 0.079 0.07;0.034 0.065 0.056 0.036 0.077 0.054 0.037 0.071 0.056 0.064 0.108 0.107 0.079 0.086 0.07;
0.027 0.062 0.062 0.067 0.108 0.048 0.049 0.09 0.038 0.052 0.065 0.088 0.064 0.106 0.074;0.027 0.062 0.048 0.049 0.09 0.062 0.067 0.108 0.038 0.052 0.065 0.088 0.106 0.064 0.074;0.027 0.048 0.062 0.038 0.088 0.062 0.049 0.09 0.067 0.052 0.106 0.108 0.064 0.065 0.074;
0.024 0.045 0.063 0.059 0.11 0.064 0.049 0.064 0.044 0.054 0.086 0.082 0.089 0.093 0.074;0.024 0.045 0.064 0.049 0.064 0.063 0.059 0.11 0.044 0.054 0.086 0.082 0.093 0.089 0.074;0.024 0.064 0.063 0.044 0.082 0.045 0.049 0.064 0.059 0.054 0.093 0.11 0.089 0.086 0.074;
0.025 0.062 0.056 0.081 0.09 0.059 0.04 0.081 0.037 0.065 0.072 0.072 0.084 0.101 0.075;0.025 0.062 0.059 0.04 0.081 0.056 0.081 0.09 0.037 0.065 0.072 0.072 0.101 0.084 0.075;0.025 0.059 0.056 0.037 0.072 0.062 0.04 0.081 0.081 0.065 0.101 0.09 0.084 0.072 0.075;
0.03 0.047 0.055 0.081 0.079 0.057 0.056 0.063 0.046 0.062 0.081 0.095 0.086 0.089 0.073;0.03 0.047 0.057 0.056 0.063 0.055 0.081 0.079 0.046 0.062 0.081 0.095 0.089 0.086 0.073;0.03 0.057 0.055 0.046 0.095 0.047 0.056 0.063 0.081 0.062 0.089 0.079 0.086 0.081 0.073;
0.035 0.053 0.063 0.062 0.085 0.052 0.039 0.075 0.041 0.059 0.076 0.099 0.074 0.11 0.077;0.035 0.053 0.052 0.039 0.075 0.063 0.062 0.085 0.041 0.059 0.076 0.099 0.11 0.074 0.077;0.035 0.052 0.063 0.041 0.099 0.053 0.039 0.075 0.062 0.059 0.11 0.085 0.074 0.076 0.077;
0.031 0.057 0.048 0.055 0.123 0.055 0.036 0.076 0.04 0.057 0.066 0.095 0.078 0.114 0.069;0.031 0.057 0.055 0.036 0.076 0.048 0.055 0.123 0.04 0.057 0.066 0.095 0.114 0.078 0.069;0.031 0.055 0.048 0.04 0.095 0.057 0.036 0.076 0.055 0.057 0.114 0.123 0.078 0.066 0.069;
0.025 0.054 0.067 0.06 0.089 0.058 0.041 0.072 0.046 0.051 0.094 0.09 0.077 0.104 0.072;0.025 0.054 0.058 0.041 0.072 0.067 0.06 0.089 0.046 0.051 0.094 0.09 0.104 0.077 0.072;0.025 0.058 0.067 0.046 0.09 0.054 0.041 0.072 0.06 0.051 0.104 0.089 0.077 0.094 0.072;
0.024 0.055 0.062 0.046 0.095 0.068 0.048 0.079 0.043 0.068 0.088 0.083 0.084 0.085 0.072;0.024 0.055 0.068 0.048 0.079 0.062 0.046 0.095 0.043 0.068 0.088 0.083 0.085 0.084 0.072;0.024 0.068 0.062 0.043 0.083 0.055 0.048 0.079 0.046 0.068 0.085 0.095 0.084 0.088 0.072;
0.034 0.06 0.042 0.074 0.103 0.066 0.041 0.088 0.043 0.054 0.076 0.083 0.073 0.089 0.074;0.034 0.06 0.066 0.041 0.088 0.042 0.074 0.103 0.043 0.054 0.076 0.083 0.089 0.073 0.074;0.034 0.066 0.042 0.043 0.083 0.06 0.041 0.088 0.074 0.054 0.089 0.103 0.073 0.076 0.074;
0.04 0.062 0.062 0.062 0.098 0.057 0.048 0.079 0.034 0.056 0.071 0.082 0.08 0.102 0.067;0.04 0.062 0.057 0.048 0.079 0.062 0.062 0.098 0.034 0.056 0.071 0.082 0.102 0.08 0.067;0.04 0.057 0.062 0.034 0.082 0.062 0.048 0.079 0.062 0.056 0.102 0.098 0.08 0.071 0.067;
0.031 0.057 0.052 0.064 0.116 0.051 0.049 0.093 0.041 0.054 0.083 0.073 0.074 0.089 0.073;0.031 0.057 0.051 0.049 0.093 0.052 0.064 0.116 0.041 0.054 0.083 0.073 0.089 0.074 0.073;0.031 0.051 0.052 0.041 0.073 0.057 0.049 0.093 0.064 0.054 0.089 0.116 0.074 0.083 0.073;
0.029 0.042 0.057 0.054 0.098 0.051 0.042 0.084 0.055 0.057 0.089 0.081 0.09 0.1 0.071;0.029 0.042 0.051 0.042 0.084 0.057 0.054 0.098 0.055 0.057 0.089 0.081 0.1 0.09 0.071;0.029 0.051 0.057 0.055 0.081 0.042 0.042 0.084 0.054 0.057 0.1 0.098 0.09 0.089 0.071;
0.031 0.066 0.078 0.056 0.106 0.048 0.036 0.074 0.045 0.051 0.072 0.077 0.089 0.096 0.075;0.031 0.066 0.048 0.036 0.074 0.078 0.056 0.106 0.045 0.051 0.072 0.077 0.096 0.089 0.075;0.031 0.048 0.078 0.045 0.077 0.066 0.036 0.074 0.056 0.051 0.096 0.106 0.089 0.072 0.075;
0.023 0.052 0.057 0.08 0.086 0.056 0.049 0.075 0.05 0.059 0.086 0.078 0.078 0.104 0.067;0.023 0.052 0.056 0.049 0.075 0.057 0.08 0.086 0.05 0.059 0.086 0.078 0.104 0.078 0.067;0.023 0.056 0.057 0.05 0.078 0.052 0.049 0.075 0.08 0.059 0.104 0.086 0.078 0.086 0.067;
0.037 0.071 0.052 0.057 0.116 0.047 0.038 0.079 0.034 0.046 0.069 0.086 0.09 0.1 0.078;0.037 0.071 0.047 0.038 0.079 0.052 0.057 0.116 0.034 0.046 0.069 0.086 0.1 0.09 0.078;0.037 0.047 0.052 0.034 0.086 0.071 0.038 0.079 0.057 0.046 0.1 0.116 0.09 0.069 0.078;
0.029 0.05 0.071 0.069 0.102 0.045 0.046 0.085 0.039 0.063 0.076 0.079 0.077 0.099 0.07;0.029 0.05 0.045 0.046 0.085 0.071 0.069 0.102 0.039 0.063 0.076 0.079 0.099 0.077 0.07;0.029 0.045 0.071 0.039 0.079 0.05 0.046 0.085 0.069 0.063 0.099 0.102 0.077 0.076 0.07;
0.033 0.06 0.061 0.071 0.113 0.053 0.041 0.072 0.037 0.045 0.071 0.094 0.077 0.093 0.079;0.033 0.06 0.053 0.041 0.072 0.061 0.071 0.113 0.037 0.045 0.071 0.094 0.093 0.077 0.079;0.033 0.053 0.061 0.037 0.094 0.06 0.041 0.072 0.071 0.045 0.093 0.113 0.077 0.071 0.079;
0.033 0.055 0.057 0.054 0.111 0.053 0.044 0.071 0.042 0.067 0.062 0.074 0.095 0.11 0.072;0.033 0.055 0.053 0.044 0.071 0.057 0.054 0.111 0.042 0.067 0.062 0.074 0.11 0.095 0.072;0.033 0.053 0.057 0.042 0.074 0.055 0.044 0.071 0.054 0.067 0.11 0.111 0.095 0.062 0.072;
0.033 0.054 0.055 0.074 0.089 0.071 0.049 0.078 0.048 0.055 0.072 0.083 0.093 0.089 0.057;0.033 0.054 0.071 0.049 0.078 0.055 0.074 0.089 0.048 0.055 0.072 0.083 0.089 0.093 0.057;0.033 0.071 0.055 0.048 0.083 0.054 0.049 0.078 0.074 0.055 0.089 0.089 0.093 0.072 0.057;
0.024 0.057 0.063 0.069 0.101 0.046 0.041 0.078 0.043 0.057 0.075 0.088 0.081 0.101 0.076;0.024 0.057 0.046 0.041 0.078 0.063 0.069 0.101 0.043 0.057 0.075 0.088 0.101 0.081 0.076;0.024 0.046 0.063 0.043 0.088 0.057 0.041 0.078 0.069 0.057 0.101 0.101 0.081 0.075 0.076;
0.026 0.056 0.065 0.064 0.094 0.049 0.052 0.075 0.043 0.05 0.078 0.095 0.089 0.097 0.067;0.026 0.056 0.049 0.052 0.075 0.065 0.064 0.094 0.043 0.05 0.078 0.095 0.097 0.089 0.067;0.026 0.049 0.065 0.043 0.095 0.056 0.052 0.075 0.064 0.05 0.097 0.094 0.089 0.078 0.067;
0.037 0.067 0.062 0.071 0.104 0.054 0.038 0.075 0.042 0.055 0.084 0.062 0.066 0.109 0.074;0.037 0.067 0.054 0.038 0.075 0.062 0.071 0.104 0.042 0.055 0.084 0.062 0.109 0.066 0.074;0.037 0.054 0.062 0.042 0.062 0.067 0.038 0.075 0.071 0.055 0.109 0.104 0.066 0.084 0.074;
0.03 0.061 0.062 0.054 0.116 0.054 0.043 0.074 0.049 0.055 0.075 0.082 0.076 0.094 0.075;0.03 0.061 0.054 0.043 0.074 0.062 0.054 0.116 0.049 0.055 0.075 0.082 0.094 0.076 0.075;0.03 0.054 0.062 0.049 0.082 0.061 0.043 0.074 0.054 0.055 0.094 0.116 0.076 0.075 0.075;
0.032 0.053 0.057 0.077 0.103 0.057 0.036 0.081 0.035 0.052 0.084 0.089 0.074 0.103 0.067;0.032 0.053 0.057 0.036 0.081 0.057 0.077 0.103 0.035 0.052 0.084 0.089 0.103 0.074 0.067;0.032 0.057 0.057 0.035 0.089 0.053 0.036 0.081 0.077 0.052 0.103 0.103 0.074 0.084 0.067;
0.029 0.048 0.067 0.067 0.086 0.065 0.055 0.082 0.033 0.058 0.078 0.09 0.073 0.101 0.068;0.029 0.048 0.065 0.055 0.082 0.067 0.067 0.086 0.033 0.058 0.078 0.09 0.101 0.073 0.068;0.029 0.065 0.067 0.033 0.09 0.048 0.055 0.082 0.067 0.058 0.101 0.086 0.073 0.078 0.068;
0.038 0.048 0.053 0.069 0.093 0.064 0.043 0.078 0.05 0.052 0.089 0.07 0.074 0.108 0.071;0.038 0.048 0.064 0.043 0.078 0.053 0.069 0.093 0.05 0.052 0.089 0.07 0.108 0.074 0.071;0.038 0.064 0.053 0.05 0.07 0.048 0.043 0.078 0.069 0.052 0.108 0.093 0.074 0.089 0.071;
0.025 0.057 0.053 0.062 0.097 0.056 0.048 0.076 0.049 0.068 0.076 0.083 0.076 0.099 0.075;0.025 0.057 0.056 0.048 0.076 0.053 0.062 0.097 0.049 0.068 0.076 0.083 0.099 0.076 0.075;0.025 0.056 0.053 0.049 0.083 0.057 0.048 0.076 0.062 0.068 0.099 0.097 0.076 0.076 0.075;
0.03 0.059 0.057 0.066 0.108 0.05 0.043 0.061 0.045 0.074 0.064 0.098 0.069 0.111 0.065;0.03 0.059 0.05 0.043 0.061 0.057 0.066 0.108 0.045 0.074 0.064 0.098 0.111 0.069 0.065;0.03 0.05 0.057 0.045 0.098 0.059 0.043 0.061 0.066 0.074 0.111 0.108 0.069 0.064 0.065;
0.036 0.061 0.05 0.066 0.102 0.049 0.051 0.062 0.036 0.07 0.092 0.073 0.084 0.088 0.08;0.036 0.061 0.049 0.051 0.062 0.05 0.066 0.102 0.036 0.07 0.092 0.073 0.088 0.084 0.08;0.036 0.049 0.05 0.036 0.073 0.061 0.051 0.062 0.066 0.07 0.088 0.102 0.084 0.092 0.08;
0.028 0.048 0.049 0.07 0.106 0.062 0.038 0.076 0.047 0.057 0.094 0.067 0.078 0.1 0.08;0.028 0.048 0.062 0.038 0.076 0.049 0.07 0.106 0.047 0.057 0.094 0.067 0.1 0.078 0.08;0.028 0.062 0.049 0.047 0.067 0.048 0.038 0.076 0.07 0.057 0.1 0.106 0.078 0.094 0.08;
0.032 0.059 0.057 0.059 0.104 0.059 0.036 0.079 0.039 0.057 0.085 0.08 0.088 0.098 0.068;0.032 0.059 0.059 0.036 0.079 0.057 0.059 0.104 0.039 0.057 0.085 0.08 0.098 0.088 0.068;0.032 0.059 0.057 0.039 0.08 0.059 0.036 0.079 0.059 0.057 0.098 0.104 0.088 0.085 0.068];