pntP=[0.103 0.116 0.045 0.112 0.09 0.113 0.043 0.072 0.022 0.048 0.032 0.036 0.036 0.1 0.032;0.103 0.116 0.113 0.043 0.072 0.045 0.112 0.09 0.022 0.048 0.032 0.036 0.1 0.036 0.032;0.103 0.113 0.045 0.022 0.036 0.116 0.043 0.072 0.112 0.048 0.1 0.09 0.036 0.032 0.032;
0.104 0.112 0.039 0.135 0.092 0.118 0.036 0.073 0.02 0.05 0.025 0.036 0.036 0.086 0.038;0.104 0.112 0.118 0.036 0.073 0.039 0.135 0.092 0.02 0.05 0.025 0.036 0.086 0.036 0.038;0.104 0.118 0.039 0.02 0.036 0.112 0.036 0.073 0.135 0.05 0.086 0.092 0.036 0.025 0.038;
0.103 0.12 0.035 0.118 0.103 0.119 0.045 0.086 0.017 0.05 0.031 0.038 0.024 0.083 0.028;0.103 0.12 0.119 0.045 0.086 0.035 0.118 0.103 0.017 0.05 0.031 0.038 0.083 0.024 0.028;0.103 0.119 0.035 0.017 0.038 0.12 0.045 0.086 0.118 0.05 0.083 0.103 0.024 0.031 0.028;
0.101 0.107 0.044 0.119 0.084 0.121 0.035 0.068 0.018 0.043 0.037 0.052 0.035 0.102 0.034;0.101 0.107 0.121 0.035 0.068 0.044 0.119 0.084 0.018 0.043 0.037 0.052 0.102 0.035 0.034;0.101 0.121 0.044 0.018 0.052 0.107 0.035 0.068 0.119 0.043 0.102 0.084 0.035 0.037 0.034;
0.089 0.127 0.053 0.111 0.09 0.111 0.036 0.072 0.032 0.051 0.041 0.041 0.035 0.072 0.039;0.089 0.127 0.111 0.036 0.072 0.053 0.111 0.09 0.032 0.051 0.041 0.041 0.072 0.035 0.039;0.089 0.111 0.053 0.032 0.041 0.127 0.036 0.072 0.111 0.051 0.072 0.09 0.035 0.041 0.039;
0.089 0.139 0.045 0.12 0.064 0.12 0.041 0.087 0.014 0.051 0.039 0.034 0.028 0.082 0.047;0.089 0.139 0.12 0.041 0.087 0.045 0.12 0.064 0.014 0.051 0.039 0.034 0.082 0.028 0.047;0.089 0.12 0.045 0.014 0.034 0.139 0.041 0.087 0.12 0.051 0.082 0.064 0.028 0.039 0.047;
0.102 0.102 0.054 0.13 0.088 0.104 0.057 0.065 0.023 0.057 0.035 0.031 0.04 0.08 0.032;0.102 0.102 0.104 0.057 0.065 0.054 0.13 0.088 0.023 0.057 0.035 0.031 0.08 0.04 0.032;0.102 0.104 0.054 0.023 0.031 0.102 0.057 0.065 0.13 0.057 0.08 0.088 0.04 0.035 0.032;
0.102 0.107 0.055 0.119 0.093 0.103 0.038 0.073 0.017 0.039 0.038 0.039 0.032 0.102 0.043;0.102 0.107 0.103 0.038 0.073 0.055 0.119 0.093 0.017 0.039 0.038 0.039 0.102 0.032 0.043;0.102 0.103 0.055 0.017 0.039 0.107 0.038 0.073 0.119 0.039 0.102 0.093 0.032 0.038 0.043;
0.118 0.11 0.045 0.119 0.072 0.126 0.035 0.081 0.015 0.043 0.035 0.029 0.037 0.092 0.043;0.118 0.11 0.126 0.035 0.081 0.045 0.119 0.072 0.015 0.043 0.035 0.029 0.092 0.037 0.043;0.118 0.126 0.045 0.015 0.029 0.11 0.035 0.081 0.119 0.043 0.092 0.072 0.037 0.035 0.043;
0.12 0.109 0.059 0.122 0.073 0.112 0.044 0.065 0.015 0.044 0.032 0.034 0.048 0.087 0.036;0.12 0.109 0.112 0.044 0.065 0.059 0.122 0.073 0.015 0.044 0.032 0.034 0.087 0.048 0.036;0.12 0.112 0.059 0.015 0.034 0.109 0.044 0.065 0.122 0.044 0.087 0.073 0.048 0.032 0.036;
0.117 0.108 0.049 0.113 0.085 0.107 0.043 0.087 0.015 0.039 0.042 0.045 0.033 0.089 0.028;0.117 0.108 0.107 0.043 0.087 0.049 0.113 0.085 0.015 0.039 0.042 0.045 0.089 0.033 0.028;0.117 0.107 0.049 0.015 0.045 0.108 0.043 0.087 0.113 0.039 0.089 0.085 0.033 0.042 0.028;
0.104 0.11 0.046 0.121 0.096 0.113 0.033 0.079 0.021 0.05 0.036 0.034 0.019 0.089 0.049;0.104 0.11 0.113 0.033 0.079 0.046 0.121 0.096 0.021 0.05 0.036 0.034 0.089 0.019 0.049;0.104 0.113 0.046 0.021 0.034 0.11 0.033 0.079 0.121 0.05 0.089 0.096 0.019 0.036 0.049;
0.103 0.109 0.049 0.119 0.085 0.107 0.044 0.059 0.013 0.056 0.035 0.04 0.037 0.105 0.039;0.103 0.109 0.107 0.044 0.059 0.049 0.119 0.085 0.013 0.056 0.035 0.04 0.105 0.037 0.039;0.103 0.107 0.049 0.013 0.04 0.109 0.044 0.059 0.119 0.056 0.105 0.085 0.037 0.035 0.039;
0.097 0.101 0.047 0.126 0.087 0.105 0.042 0.089 0.027 0.055 0.037 0.035 0.031 0.088 0.033;0.097 0.101 0.105 0.042 0.089 0.047 0.126 0.087 0.027 0.055 0.037 0.035 0.088 0.031 0.033;0.097 0.105 0.047 0.027 0.035 0.101 0.042 0.089 0.126 0.055 0.088 0.087 0.031 0.037 0.033;
0.106 0.108 0.052 0.107 0.093 0.105 0.041 0.083 0.014 0.056 0.036 0.049 0.031 0.086 0.033;0.106 0.108 0.105 0.041 0.083 0.052 0.107 0.093 0.014 0.056 0.036 0.049 0.086 0.031 0.033;0.106 0.105 0.052 0.014 0.049 0.108 0.041 0.083 0.107 0.056 0.086 0.093 0.031 0.036 0.033;
0.118 0.114 0.051 0.124 0.086 0.106 0.027 0.071 0.018 0.046 0.04 0.039 0.032 0.089 0.039;0.118 0.114 0.106 0.027 0.071 0.051 0.124 0.086 0.018 0.046 0.04 0.039 0.089 0.032 0.039;0.118 0.106 0.051 0.018 0.039 0.114 0.027 0.071 0.124 0.046 0.089 0.086 0.032 0.04 0.039;
0.093 0.11 0.051 0.121 0.086 0.122 0.042 0.077 0.014 0.058 0.041 0.037 0.033 0.076 0.039;0.093 0.11 0.122 0.042 0.077 0.051 0.121 0.086 0.014 0.058 0.041 0.037 0.076 0.033 0.039;0.093 0.122 0.051 0.014 0.037 0.11 0.042 0.077 0.121 0.058 0.076 0.086 0.033 0.041 0.039;
0.092 0.1 0.047 0.133 0.093 0.104 0.048 0.084 0.02 0.056 0.039 0.043 0.029 0.084 0.028;0.092 0.1 0.104 0.048 0.084 0.047 0.133 0.093 0.02 0.056 0.039 0.043 0.084 0.029 0.028;0.092 0.104 0.047 0.02 0.043 0.1 0.048 0.084 0.133 0.056 0.084 0.093 0.029 0.039 0.028;
0.119 0.095 0.052 0.101 0.091 0.121 0.031 0.088 0.023 0.044 0.04 0.04 0.036 0.092 0.027;0.119 0.095 0.121 0.031 0.088 0.052 0.101 0.091 0.023 0.044 0.04 0.04 0.092 0.036 0.027;0.119 0.121 0.052 0.023 0.04 0.095 0.031 0.088 0.101 0.044 0.092 0.091 0.036 0.04 0.027;
0.099 0.116 0.044 0.128 0.085 0.106 0.035 0.069 0.017 0.039 0.034 0.04 0.04 0.1 0.048;0.099 0.116 0.106 0.035 0.069 0.044 0.128 0.085 0.017 0.039 0.034 0.04 0.1 0.04 0.048;0.099 0.106 0.044 0.017 0.04 0.116 0.035 0.069 0.128 0.039 0.1 0.085 0.04 0.034 0.048;
0.103 0.105 0.053 0.097 0.085 0.126 0.044 0.085 0.023 0.049 0.034 0.023 0.051 0.086 0.036;0.103 0.105 0.126 0.044 0.085 0.053 0.097 0.085 0.023 0.049 0.034 0.023 0.086 0.051 0.036;0.103 0.126 0.053 0.023 0.023 0.105 0.044 0.085 0.097 0.049 0.086 0.085 0.051 0.034 0.036;
0.114 0.124 0.064 0.103 0.08 0.11 0.045 0.075 0.021 0.044 0.033 0.034 0.031 0.089 0.033;0.114 0.124 0.11 0.045 0.075 0.064 0.103 0.08 0.021 0.044 0.033 0.034 0.089 0.031 0.033;0.114 0.11 0.064 0.021 0.034 0.124 0.045 0.075 0.103 0.044 0.089 0.08 0.031 0.033 0.033;
0.107 0.1 0.048 0.125 0.074 0.107 0.042 0.076 0.018 0.066 0.038 0.039 0.025 0.097 0.038;0.107 0.1 0.107 0.042 0.076 0.048 0.125 0.074 0.018 0.066 0.038 0.039 0.097 0.025 0.038;0.107 0.107 0.048 0.018 0.039 0.1 0.042 0.076 0.125 0.066 0.097 0.074 0.025 0.038 0.038;
0.115 0.121 0.048 0.128 0.072 0.117 0.044 0.081 0.024 0.042 0.032 0.036 0.03 0.075 0.035;0.115 0.121 0.117 0.044 0.081 0.048 0.128 0.072 0.024 0.042 0.032 0.036 0.075 0.03 0.035;0.115 0.117 0.048 0.024 0.036 0.121 0.044 0.081 0.128 0.042 0.075 0.072 0.03 0.032 0.035;
0.097 0.1 0.043 0.109 0.108 0.105 0.037 0.07 0.022 0.046 0.047 0.039 0.043 0.099 0.035;0.097 0.1 0.105 0.037 0.07 0.043 0.109 0.108 0.022 0.046 0.047 0.039 0.099 0.043 0.035;0.097 0.105 0.043 0.022 0.039 0.1 0.037 0.07 0.109 0.046 0.099 0.108 0.043 0.047 0.035;
0.093 0.105 0.051 0.096 0.081 0.117 0.053 0.076 0.022 0.052 0.04 0.033 0.038 0.104 0.039;0.093 0.105 0.117 0.053 0.076 0.051 0.096 0.081 0.022 0.052 0.04 0.033 0.104 0.038 0.039;0.093 0.117 0.051 0.022 0.033 0.105 0.053 0.076 0.096 0.052 0.104 0.081 0.038 0.04 0.039;
0.113 0.101 0.043 0.116 0.093 0.102 0.044 0.083 0.018 0.054 0.03 0.035 0.04 0.086 0.042;0.113 0.101 0.102 0.044 0.083 0.043 0.116 0.093 0.018 0.054 0.03 0.035 0.086 0.04 0.042;0.113 0.102 0.043 0.018 0.035 0.101 0.044 0.083 0.116 0.054 0.086 0.093 0.04 0.03 0.042;
0.109 0.106 0.047 0.108 0.086 0.116 0.038 0.076 0.019 0.06 0.039 0.041 0.033 0.09 0.032;0.109 0.106 0.116 0.038 0.076 0.047 0.108 0.086 0.019 0.06 0.039 0.041 0.09 0.033 0.032;0.109 0.116 0.047 0.019 0.041 0.106 0.038 0.076 0.108 0.06 0.09 0.086 0.033 0.039 0.032;
0.095 0.098 0.054 0.111 0.09 0.119 0.035 0.092 0.023 0.055 0.034 0.044 0.034 0.074 0.042;0.095 0.098 0.119 0.035 0.092 0.054 0.111 0.09 0.023 0.055 0.034 0.044 0.074 0.034 0.042;0.095 0.119 0.054 0.023 0.044 0.098 0.035 0.092 0.111 0.055 0.074 0.09 0.034 0.034 0.042;
0.092 0.124 0.059 0.119 0.094 0.11 0.042 0.071 0.016 0.045 0.038 0.041 0.03 0.09 0.029;0.092 0.124 0.11 0.042 0.071 0.059 0.119 0.094 0.016 0.045 0.038 0.041 0.09 0.03 0.029;0.092 0.11 0.059 0.016 0.041 0.124 0.042 0.071 0.119 0.045 0.09 0.094 0.03 0.038 0.029;
0.121 0.097 0.038 0.122 0.094 0.121 0.033 0.07 0.023 0.05 0.039 0.048 0.03 0.08 0.034;0.121 0.097 0.121 0.033 0.07 0.038 0.122 0.094 0.023 0.05 0.039 0.048 0.08 0.03 0.034;0.121 0.121 0.038 0.023 0.048 0.097 0.033 0.07 0.122 0.05 0.08 0.094 0.03 0.039 0.034;
0.098 0.132 0.041 0.102 0.067 0.119 0.064 0.08 0.027 0.049 0.038 0.026 0.024 0.106 0.027;0.098 0.132 0.119 0.064 0.08 0.041 0.102 0.067 0.027 0.049 0.038 0.026 0.106 0.024 0.027;0.098 0.119 0.041 0.027 0.026 0.132 0.064 0.08 0.102 0.049 0.106 0.067 0.024 0.038 0.027;
0.102 0.105 0.051 0.115 0.098 0.105 0.05 0.089 0.022 0.042 0.043 0.042 0.024 0.082 0.03;0.102 0.105 0.105 0.05 0.089 0.051 0.115 0.098 0.022 0.042 0.043 0.042 0.082 0.024 0.03;0.102 0.105 0.051 0.022 0.042 0.105 0.05 0.089 0.115 0.042 0.082 0.098 0.024 0.043 0.03;
0.132 0.109 0.05 0.118 0.083 0.105 0.034 0.066 0.024 0.057 0.036 0.046 0.026 0.083 0.031;0.132 0.109 0.105 0.034 0.066 0.05 0.118 0.083 0.024 0.057 0.036 0.046 0.083 0.026 0.031;0.132 0.105 0.05 0.024 0.046 0.109 0.034 0.066 0.118 0.057 0.083 0.083 0.026 0.036 0.031;
0.106 0.122 0.043 0.102 0.094 0.123 0.044 0.092 0.02 0.036 0.035 0.037 0.033 0.079 0.034;0.106 0.122 0.123 0.044 0.092 0.043 0.102 0.094 0.02 0.036 0.035 0.037 0.079 0.033 0.034;0.106 0.123 0.043 0.02 0.037 0.122 0.044 0.092 0.102 0.036 0.079 0.094 0.033 0.035 0.034;
0.113 0.092 0.048 0.12 0.087 0.106 0.044 0.07 0.022 0.046 0.04 0.038 0.037 0.095 0.042;0.113 0.092 0.106 0.044 0.07 0.048 0.12 0.087 0.022 0.046 0.04 0.038 0.095 0.037 0.042;0.113 0.106 0.048 0.022 0.038 0.092 0.044 0.07 0.12 0.046 0.095 0.087 0.037 0.04 0.042;
0.111 0.11 0.058 0.097 0.098 0.1 0.047 0.073 0.011 0.051 0.045 0.04 0.04 0.08 0.039;0.111 0.11 0.1 0.047 0.073 0.058 0.097 0.098 0.011 0.051 0.045 0.04 0.08 0.04 0.039;0.111 0.1 0.058 0.011 0.04 0.11 0.047 0.073 0.097 0.051 0.08 0.098 0.04 0.045 0.039;
0.104 0.112 0.053 0.137 0.075 0.102 0.035 0.083 0.025 0.034 0.036 0.038 0.042 0.075 0.049;0.104 0.112 0.102 0.035 0.083 0.053 0.137 0.075 0.025 0.034 0.036 0.038 0.075 0.042 0.049;0.104 0.102 0.053 0.025 0.038 0.112 0.035 0.083 0.137 0.034 0.075 0.075 0.042 0.036 0.049;
0.114 0.109 0.044 0.119 0.097 0.099 0.04 0.083 0.019 0.051 0.031 0.042 0.032 0.086 0.034;0.114 0.109 0.099 0.04 0.083 0.044 0.119 0.097 0.019 0.051 0.031 0.042 0.086 0.032 0.034;0.114 0.099 0.044 0.019 0.042 0.109 0.04 0.083 0.119 0.051 0.086 0.097 0.032 0.031 0.034;
0.099 0.113 0.049 0.118 0.085 0.123 0.035 0.072 0.019 0.053 0.027 0.035 0.037 0.101 0.034;0.099 0.113 0.123 0.035 0.072 0.049 0.118 0.085 0.019 0.053 0.027 0.035 0.101 0.037 0.034;0.099 0.123 0.049 0.019 0.035 0.113 0.035 0.072 0.118 0.053 0.101 0.085 0.037 0.027 0.034;
0.112 0.125 0.041 0.121 0.087 0.111 0.047 0.07 0.017 0.047 0.037 0.038 0.04 0.079 0.028;0.112 0.125 0.111 0.047 0.07 0.041 0.121 0.087 0.017 0.047 0.037 0.038 0.079 0.04 0.028;0.112 0.111 0.041 0.017 0.038 0.125 0.047 0.07 0.121 0.047 0.079 0.087 0.04 0.037 0.028;
0.107 0.121 0.054 0.094 0.099 0.105 0.035 0.098 0.01 0.059 0.036 0.034 0.036 0.081 0.031;0.107 0.121 0.105 0.035 0.098 0.054 0.094 0.099 0.01 0.059 0.036 0.034 0.081 0.036 0.031;0.107 0.105 0.054 0.01 0.034 0.121 0.035 0.098 0.094 0.059 0.081 0.099 0.036 0.036 0.031;
0.096 0.107 0.039 0.125 0.085 0.1 0.034 0.09 0.02 0.046 0.039 0.041 0.043 0.098 0.037;0.096 0.107 0.1 0.034 0.09 0.039 0.125 0.085 0.02 0.046 0.039 0.041 0.098 0.043 0.037;0.096 0.1 0.039 0.02 0.041 0.107 0.034 0.09 0.125 0.046 0.098 0.085 0.043 0.039 0.037;
0.108 0.112 0.046 0.104 0.084 0.104 0.044 0.076 0.02 0.057 0.034 0.036 0.034 0.1 0.041;0.108 0.112 0.104 0.044 0.076 0.046 0.104 0.084 0.02 0.057 0.034 0.036 0.1 0.034 0.041;0.108 0.104 0.046 0.02 0.036 0.112 0.044 0.076 0.104 0.057 0.1 0.084 0.034 0.034 0.041;
0.098 0.121 0.049 0.121 0.077 0.115 0.047 0.079 0.022 0.048 0.025 0.033 0.046 0.087 0.032;0.098 0.121 0.115 0.047 0.079 0.049 0.121 0.077 0.022 0.048 0.025 0.033 0.087 0.046 0.032;0.098 0.115 0.049 0.022 0.033 0.121 0.047 0.079 0.121 0.048 0.087 0.077 0.046 0.025 0.032;
0.108 0.12 0.038 0.106 0.098 0.108 0.032 0.095 0.024 0.054 0.038 0.027 0.033 0.081 0.038;0.108 0.12 0.108 0.032 0.095 0.038 0.106 0.098 0.024 0.054 0.038 0.027 0.081 0.033 0.038;0.108 0.108 0.038 0.024 0.027 0.12 0.032 0.095 0.106 0.054 0.081 0.098 0.033 0.038 0.038;
0.095 0.115 0.05 0.109 0.088 0.114 0.043 0.072 0.015 0.044 0.034 0.04 0.042 0.097 0.042;0.095 0.115 0.114 0.043 0.072 0.05 0.109 0.088 0.015 0.044 0.034 0.04 0.097 0.042 0.042;0.095 0.114 0.05 0.015 0.04 0.115 0.043 0.072 0.109 0.044 0.097 0.088 0.042 0.034 0.042;
0.114 0.114 0.042 0.125 0.097 0.112 0.029 0.072 0.02 0.045 0.036 0.031 0.043 0.083 0.037;0.114 0.114 0.112 0.029 0.072 0.042 0.125 0.097 0.02 0.045 0.036 0.031 0.083 0.043 0.037;0.114 0.112 0.042 0.02 0.031 0.114 0.029 0.072 0.125 0.045 0.083 0.097 0.043 0.036 0.037;
0.106 0.105 0.047 0.124 0.077 0.106 0.042 0.084 0.013 0.059 0.035 0.033 0.035 0.085 0.049;0.106 0.105 0.106 0.042 0.084 0.047 0.124 0.077 0.013 0.059 0.035 0.033 0.085 0.035 0.049;0.106 0.106 0.047 0.013 0.033 0.105 0.042 0.084 0.124 0.059 0.085 0.077 0.035 0.035 0.049;
0.105 0.107 0.059 0.108 0.072 0.106 0.04 0.086 0.017 0.051 0.038 0.055 0.032 0.083 0.041;0.105 0.107 0.106 0.04 0.086 0.059 0.108 0.072 0.017 0.051 0.038 0.055 0.083 0.032 0.041;0.105 0.106 0.059 0.017 0.055 0.107 0.04 0.086 0.108 0.051 0.083 0.072 0.032 0.038 0.041;
0.115 0.107 0.046 0.11 0.092 0.113 0.039 0.071 0.023 0.04 0.046 0.042 0.033 0.088 0.035;0.115 0.107 0.113 0.039 0.071 0.046 0.11 0.092 0.023 0.04 0.046 0.042 0.088 0.033 0.035;0.115 0.113 0.046 0.023 0.042 0.107 0.039 0.071 0.11 0.04 0.088 0.092 0.033 0.046 0.035;
0.115 0.107 0.049 0.121 0.086 0.112 0.04 0.071 0.016 0.056 0.039 0.034 0.034 0.081 0.039;0.115 0.107 0.112 0.04 0.071 0.049 0.121 0.086 0.016 0.056 0.039 0.034 0.081 0.034 0.039;0.115 0.112 0.049 0.016 0.034 0.107 0.04 0.071 0.121 0.056 0.081 0.086 0.034 0.039 0.039;
0.09 0.114 0.044 0.115 0.105 0.106 0.047 0.077 0.019 0.053 0.049 0.036 0.038 0.075 0.032;0.09 0.114 0.106 0.047 0.077 0.044 0.115 0.105 0.019 0.053 0.049 0.036 0.075 0.038 0.032;0.09 0.106 0.044 0.019 0.036 0.114 0.047 0.077 0.115 0.053 0.075 0.105 0.038 0.049 0.032;
0.101 0.117 0.063 0.104 0.081 0.121 0.036 0.078 0.03 0.045 0.035 0.03 0.041 0.085 0.033;0.101 0.117 0.121 0.036 0.078 0.063 0.104 0.081 0.03 0.045 0.035 0.03 0.085 0.041 0.033;0.101 0.121 0.063 0.03 0.03 0.117 0.036 0.078 0.104 0.045 0.085 0.081 0.041 0.035 0.033;
0.097 0.108 0.043 0.112 0.099 0.123 0.036 0.088 0.019 0.044 0.039 0.04 0.032 0.091 0.029;0.097 0.108 0.123 0.036 0.088 0.043 0.112 0.099 0.019 0.044 0.039 0.04 0.091 0.032 0.029;0.097 0.123 0.043 0.019 0.04 0.108 0.036 0.088 0.112 0.044 0.091 0.099 0.032 0.039 0.029;
0.11 0.118 0.047 0.125 0.093 0.104 0.043 0.068 0.015 0.052 0.034 0.04 0.032 0.077 0.042;0.11 0.118 0.104 0.043 0.068 0.047 0.125 0.093 0.015 0.052 0.034 0.04 0.077 0.032 0.042;0.11 0.104 0.047 0.015 0.04 0.118 0.043 0.068 0.125 0.052 0.077 0.093 0.032 0.034 0.042;
0.095 0.108 0.048 0.111 0.102 0.098 0.038 0.086 0.022 0.056 0.028 0.041 0.035 0.101 0.031;0.095 0.108 0.098 0.038 0.086 0.048 0.111 0.102 0.022 0.056 0.028 0.041 0.101 0.035 0.031;0.095 0.098 0.048 0.022 0.041 0.108 0.038 0.086 0.111 0.056 0.101 0.102 0.035 0.028 0.031;
0.103 0.112 0.048 0.11 0.094 0.114 0.032 0.08 0.023 0.052 0.041 0.024 0.029 0.093 0.045;0.103 0.112 0.114 0.032 0.08 0.048 0.11 0.094 0.023 0.052 0.041 0.024 0.093 0.029 0.045;0.103 0.114 0.048 0.023 0.024 0.112 0.032 0.08 0.11 0.052 0.093 0.094 0.029 0.041 0.045;
0.119 0.1 0.048 0.105 0.091 0.113 0.041 0.078 0.019 0.041 0.033 0.04 0.036 0.1 0.036;0.119 0.1 0.113 0.041 0.078 0.048 0.105 0.091 0.019 0.041 0.033 0.04 0.1 0.036 0.036;0.119 0.113 0.048 0.019 0.04 0.1 0.041 0.078 0.105 0.041 0.1 0.091 0.036 0.033 0.036;
0.106 0.119 0.046 0.116 0.088 0.12 0.033 0.091 0.014 0.044 0.04 0.033 0.036 0.078 0.036;0.106 0.119 0.12 0.033 0.091 0.046 0.116 0.088 0.014 0.044 0.04 0.033 0.078 0.036 0.036;0.106 0.12 0.046 0.014 0.033 0.119 0.033 0.091 0.116 0.044 0.078 0.088 0.036 0.04 0.036;
0.128 0.1 0.052 0.12 0.102 0.095 0.031 0.078 0.025 0.044 0.034 0.033 0.042 0.085 0.031;0.128 0.1 0.095 0.031 0.078 0.052 0.12 0.102 0.025 0.044 0.034 0.033 0.085 0.042 0.031;0.128 0.095 0.052 0.025 0.033 0.1 0.031 0.078 0.12 0.044 0.085 0.102 0.042 0.034 0.031;
0.109 0.102 0.051 0.123 0.091 0.097 0.04 0.08 0.028 0.055 0.035 0.03 0.04 0.08 0.039;0.109 0.102 0.097 0.04 0.08 0.051 0.123 0.091 0.028 0.055 0.035 0.03 0.08 0.04 0.039;0.109 0.097 0.051 0.028 0.03 0.102 0.04 0.08 0.123 0.055 0.08 0.091 0.04 0.035 0.039;
0.097 0.117 0.061 0.112 0.102 0.097 0.045 0.072 0.02 0.041 0.025 0.032 0.042 0.096 0.041;0.097 0.117 0.097 0.045 0.072 0.061 0.112 0.102 0.02 0.041 0.025 0.032 0.096 0.042 0.041;0.097 0.097 0.061 0.02 0.032 0.117 0.045 0.072 0.112 0.041 0.096 0.102 0.042 0.025 0.041;
0.112 0.135 0.04 0.102 0.088 0.118 0.042 0.09 0.023 0.037 0.028 0.034 0.029 0.094 0.028;0.112 0.135 0.118 0.042 0.09 0.04 0.102 0.088 0.023 0.037 0.028 0.034 0.094 0.029 0.028;0.112 0.118 0.04 0.023 0.034 0.135 0.042 0.09 0.102 0.037 0.094 0.088 0.029 0.028 0.028;
0.093 0.13 0.039 0.107 0.081 0.122 0.037 0.084 0.026 0.051 0.034 0.04 0.028 0.094 0.034;0.093 0.13 0.122 0.037 0.084 0.039 0.107 0.081 0.026 0.051 0.034 0.04 0.094 0.028 0.034;0.093 0.122 0.039 0.026 0.04 0.13 0.037 0.084 0.107 0.051 0.094 0.081 0.028 0.034 0.034;
0.095 0.122 0.056 0.114 0.095 0.112 0.04 0.079 0.014 0.041 0.033 0.038 0.045 0.075 0.041;0.095 0.122 0.112 0.04 0.079 0.056 0.114 0.095 0.014 0.041 0.033 0.038 0.075 0.045 0.041;0.095 0.112 0.056 0.014 0.038 0.122 0.04 0.079 0.114 0.041 0.075 0.095 0.045 0.033 0.041;
0.123 0.098 0.043 0.11 0.086 0.121 0.048 0.076 0.016 0.044 0.028 0.035 0.034 0.107 0.031;0.123 0.098 0.121 0.048 0.076 0.043 0.11 0.086 0.016 0.044 0.028 0.035 0.107 0.034 0.031;0.123 0.121 0.043 0.016 0.035 0.098 0.048 0.076 0.11 0.044 0.107 0.086 0.034 0.028 0.031;
0.114 0.101 0.051 0.099 0.096 0.127 0.048 0.086 0.014 0.049 0.043 0.034 0.028 0.073 0.037;0.114 0.101 0.127 0.048 0.086 0.051 0.099 0.096 0.014 0.049 0.043 0.034 0.073 0.028 0.037;0.114 0.127 0.051 0.014 0.034 0.101 0.048 0.086 0.099 0.049 0.073 0.096 0.028 0.043 0.037;
0.102 0.094 0.046 0.113 0.082 0.11 0.044 0.1 0.025 0.041 0.048 0.035 0.036 0.089 0.035;0.102 0.094 0.11 0.044 0.1 0.046 0.113 0.082 0.025 0.041 0.048 0.035 0.089 0.036 0.035;0.102 0.11 0.046 0.025 0.035 0.094 0.044 0.1 0.113 0.041 0.089 0.082 0.036 0.048 0.035;
0.102 0.125 0.052 0.112 0.091 0.112 0.035 0.077 0.017 0.048 0.031 0.032 0.041 0.091 0.034;0.102 0.125 0.112 0.035 0.077 0.052 0.112 0.091 0.017 0.048 0.031 0.032 0.091 0.041 0.034;0.102 0.112 0.052 0.017 0.032 0.125 0.035 0.077 0.112 0.048 0.091 0.091 0.041 0.031 0.034;
0.108 0.113 0.044 0.104 0.084 0.115 0.048 0.082 0.022 0.04 0.037 0.045 0.029 0.087 0.042;0.108 0.113 0.115 0.048 0.082 0.044 0.104 0.084 0.022 0.04 0.037 0.045 0.087 0.029 0.042;0.108 0.115 0.044 0.022 0.045 0.113 0.048 0.082 0.104 0.04 0.087 0.084 0.029 0.037 0.042;
0.12 0.129 0.048 0.102 0.083 0.095 0.043 0.085 0.018 0.044 0.037 0.042 0.036 0.074 0.044;0.12 0.129 0.095 0.043 0.085 0.048 0.102 0.083 0.018 0.044 0.037 0.042 0.074 0.036 0.044;0.12 0.095 0.048 0.018 0.042 0.129 0.043 0.085 0.102 0.044 0.074 0.083 0.036 0.037 0.044;
0.116 0.112 0.052 0.107 0.1 0.123 0.038 0.074 0.02 0.045 0.03 0.034 0.031 0.096 0.022;0.116 0.112 0.123 0.038 0.074 0.052 0.107 0.1 0.02 0.045 0.03 0.034 0.096 0.031 0.022;0.116 0.123 0.052 0.02 0.034 0.112 0.038 0.074 0.107 0.045 0.096 0.1 0.031 0.03 0.022;
0.109 0.111 0.055 0.126 0.097 0.104 0.042 0.082 0.021 0.045 0.036 0.037 0.031 0.08 0.024;0.109 0.111 0.104 0.042 0.082 0.055 0.126 0.097 0.021 0.045 0.036 0.037 0.08 0.031 0.024;0.109 0.104 0.055 0.021 0.037 0.111 0.042 0.082 0.126 0.045 0.08 0.097 0.031 0.036 0.024;
0.101 0.089 0.049 0.103 0.083 0.118 0.055 0.082 0.022 0.052 0.038 0.038 0.034 0.099 0.037;0.101 0.089 0.118 0.055 0.082 0.049 0.103 0.083 0.022 0.052 0.038 0.038 0.099 0.034 0.037;0.101 0.118 0.049 0.022 0.038 0.089 0.055 0.082 0.103 0.052 0.099 0.083 0.034 0.038 0.037;
0.093 0.116 0.058 0.118 0.091 0.099 0.041 0.086 0.017 0.039 0.034 0.041 0.045 0.093 0.029;0.093 0.116 0.099 0.041 0.086 0.058 0.118 0.091 0.017 0.039 0.034 0.041 0.093 0.045 0.029;0.093 0.099 0.058 0.017 0.041 0.116 0.041 0.086 0.118 0.039 0.093 0.091 0.045 0.034 0.029;
0.1 0.124 0.055 0.12 0.091 0.102 0.043 0.085 0.018 0.046 0.032 0.03 0.031 0.082 0.041;0.1 0.124 0.102 0.043 0.085 0.055 0.12 0.091 0.018 0.046 0.032 0.03 0.082 0.031 0.041;0.1 0.102 0.055 0.018 0.03 0.124 0.043 0.085 0.12 0.046 0.082 0.091 0.031 0.032 0.041;
0.097 0.096 0.04 0.114 0.098 0.117 0.057 0.079 0.017 0.06 0.034 0.037 0.026 0.092 0.036;0.097 0.096 0.117 0.057 0.079 0.04 0.114 0.098 0.017 0.06 0.034 0.037 0.092 0.026 0.036;0.097 0.117 0.04 0.017 0.037 0.096 0.057 0.079 0.114 0.06 0.092 0.098 0.026 0.034 0.036;
0.111 0.121 0.044 0.136 0.105 0.094 0.034 0.076 0.018 0.044 0.037 0.034 0.036 0.074 0.036;0.111 0.121 0.094 0.034 0.076 0.044 0.136 0.105 0.018 0.044 0.037 0.034 0.074 0.036 0.036;0.111 0.094 0.044 0.018 0.034 0.121 0.034 0.076 0.136 0.044 0.074 0.105 0.036 0.037 0.036;
0.092 0.117 0.044 0.115 0.083 0.096 0.047 0.098 0.023 0.051 0.039 0.032 0.033 0.097 0.033;0.092 0.117 0.096 0.047 0.098 0.044 0.115 0.083 0.023 0.051 0.039 0.032 0.097 0.033 0.033;0.092 0.096 0.044 0.023 0.032 0.117 0.047 0.098 0.115 0.051 0.097 0.083 0.033 0.039 0.033;
0.112 0.099 0.043 0.098 0.1 0.116 0.049 0.066 0.021 0.056 0.037 0.035 0.033 0.094 0.041;0.112 0.099 0.116 0.049 0.066 0.043 0.098 0.1 0.021 0.056 0.037 0.035 0.094 0.033 0.041;0.112 0.116 0.043 0.021 0.035 0.099 0.049 0.066 0.098 0.056 0.094 0.1 0.033 0.037 0.041;
0.096 0.119 0.046 0.122 0.117 0.108 0.045 0.075 0.019 0.042 0.033 0.03 0.03 0.08 0.038;0.096 0.119 0.108 0.045 0.075 0.046 0.122 0.117 0.019 0.042 0.033 0.03 0.08 0.03 0.038;0.096 0.108 0.046 0.019 0.03 0.119 0.045 0.075 0.122 0.042 0.08 0.117 0.03 0.033 0.038;
0.117 0.088 0.048 0.117 0.072 0.13 0.04 0.1 0.024 0.048 0.042 0.032 0.033 0.076 0.033;0.117 0.088 0.13 0.04 0.1 0.048 0.117 0.072 0.024 0.048 0.042 0.032 0.076 0.033 0.033;0.117 0.13 0.048 0.024 0.032 0.088 0.04 0.1 0.117 0.048 0.076 0.072 0.033 0.042 0.033;
0.117 0.099 0.06 0.117 0.089 0.11 0.032 0.079 0.023 0.046 0.038 0.032 0.028 0.099 0.031;0.117 0.099 0.11 0.032 0.079 0.06 0.117 0.089 0.023 0.046 0.038 0.032 0.099 0.028 0.031;0.117 0.11 0.06 0.023 0.032 0.099 0.032 0.079 0.117 0.046 0.099 0.089 0.028 0.038 0.031;
0.1 0.111 0.04 0.109 0.094 0.111 0.031 0.076 0.018 0.043 0.038 0.031 0.041 0.114 0.043;0.1 0.111 0.111 0.031 0.076 0.04 0.109 0.094 0.018 0.043 0.038 0.031 0.114 0.041 0.043;0.1 0.111 0.04 0.018 0.031 0.111 0.031 0.076 0.109 0.043 0.114 0.094 0.041 0.038 0.043;
0.093 0.129 0.054 0.122 0.098 0.101 0.046 0.081 0.016 0.041 0.029 0.027 0.029 0.094 0.04;0.093 0.129 0.101 0.046 0.081 0.054 0.122 0.098 0.016 0.041 0.029 0.027 0.094 0.029 0.04;0.093 0.101 0.054 0.016 0.027 0.129 0.046 0.081 0.122 0.041 0.094 0.098 0.029 0.029 0.04;
0.101 0.108 0.049 0.114 0.073 0.127 0.043 0.085 0.025 0.047 0.042 0.037 0.029 0.096 0.024;0.101 0.108 0.127 0.043 0.085 0.049 0.114 0.073 0.025 0.047 0.042 0.037 0.096 0.029 0.024;0.101 0.127 0.049 0.025 0.037 0.108 0.043 0.085 0.114 0.047 0.096 0.073 0.029 0.042 0.024;
0.102 0.112 0.042 0.103 0.1 0.101 0.046 0.093 0.021 0.045 0.03 0.046 0.042 0.089 0.028;0.102 0.112 0.101 0.046 0.093 0.042 0.103 0.1 0.021 0.045 0.03 0.046 0.089 0.042 0.028;0.102 0.101 0.042 0.021 0.046 0.112 0.046 0.093 0.103 0.045 0.089 0.1 0.042 0.03 0.028;
0.119 0.12 0.047 0.092 0.092 0.119 0.035 0.074 0.014 0.049 0.04 0.042 0.047 0.078 0.032;0.119 0.12 0.119 0.035 0.074 0.047 0.092 0.092 0.014 0.049 0.04 0.042 0.078 0.047 0.032;0.119 0.119 0.047 0.014 0.042 0.12 0.035 0.074 0.092 0.049 0.078 0.092 0.047 0.04 0.032;
0.119 0.13 0.045 0.113 0.085 0.115 0.036 0.068 0.017 0.048 0.031 0.038 0.033 0.082 0.04;0.119 0.13 0.115 0.036 0.068 0.045 0.113 0.085 0.017 0.048 0.031 0.038 0.082 0.033 0.04;0.119 0.115 0.045 0.017 0.038 0.13 0.036 0.068 0.113 0.048 0.082 0.085 0.033 0.031 0.04;
0.112 0.129 0.041 0.102 0.082 0.12 0.045 0.074 0.016 0.047 0.03 0.038 0.029 0.104 0.031;0.112 0.129 0.12 0.045 0.074 0.041 0.102 0.082 0.016 0.047 0.03 0.038 0.104 0.029 0.031;0.112 0.12 0.041 0.016 0.038 0.129 0.045 0.074 0.102 0.047 0.104 0.082 0.029 0.03 0.031;
0.121 0.102 0.053 0.096 0.102 0.1 0.051 0.076 0.023 0.05 0.043 0.033 0.03 0.087 0.033;0.121 0.102 0.1 0.051 0.076 0.053 0.096 0.102 0.023 0.05 0.043 0.033 0.087 0.03 0.033;0.121 0.1 0.053 0.023 0.033 0.102 0.051 0.076 0.096 0.05 0.087 0.102 0.03 0.043 0.033;
0.107 0.1 0.05 0.111 0.088 0.122 0.041 0.075 0.021 0.051 0.037 0.041 0.029 0.091 0.036;0.107 0.1 0.122 0.041 0.075 0.05 0.111 0.088 0.021 0.051 0.037 0.041 0.091 0.029 0.036;0.107 0.122 0.05 0.021 0.041 0.1 0.041 0.075 0.111 0.051 0.091 0.088 0.029 0.037 0.036;
0.11 0.115 0.046 0.127 0.069 0.106 0.036 0.077 0.024 0.055 0.036 0.05 0.032 0.091 0.026;0.11 0.115 0.106 0.036 0.077 0.046 0.127 0.069 0.024 0.055 0.036 0.05 0.091 0.032 0.026;0.11 0.106 0.046 0.024 0.05 0.115 0.036 0.077 0.127 0.055 0.091 0.069 0.032 0.036 0.026;
0.093 0.128 0.036 0.119 0.098 0.125 0.05 0.079 0.018 0.044 0.031 0.032 0.024 0.083 0.04;0.093 0.128 0.125 0.05 0.079 0.036 0.119 0.098 0.018 0.044 0.031 0.032 0.083 0.024 0.04;0.093 0.125 0.036 0.018 0.032 0.128 0.05 0.079 0.119 0.044 0.083 0.098 0.024 0.031 0.04;
0.106 0.112 0.048 0.118 0.098 0.111 0.034 0.084 0.018 0.044 0.037 0.039 0.038 0.077 0.036;0.106 0.112 0.111 0.034 0.084 0.048 0.118 0.098 0.018 0.044 0.037 0.039 0.077 0.038 0.036;0.106 0.111 0.048 0.018 0.039 0.112 0.034 0.084 0.118 0.044 0.077 0.098 0.038 0.037 0.036;
0.112 0.109 0.05 0.104 0.089 0.122 0.036 0.076 0.021 0.049 0.029 0.038 0.034 0.102 0.029;0.112 0.109 0.122 0.036 0.076 0.05 0.104 0.089 0.021 0.049 0.029 0.038 0.102 0.034 0.029;0.112 0.122 0.05 0.021 0.038 0.109 0.036 0.076 0.104 0.049 0.102 0.089 0.034 0.029 0.029;
0.11 0.12 0.051 0.124 0.082 0.114 0.038 0.081 0.017 0.052 0.035 0.025 0.033 0.082 0.036;0.11 0.12 0.114 0.038 0.081 0.051 0.124 0.082 0.017 0.052 0.035 0.025 0.082 0.033 0.036;0.11 0.114 0.051 0.017 0.025 0.12 0.038 0.081 0.124 0.052 0.082 0.082 0.033 0.035 0.036;
0.095 0.09 0.051 0.131 0.088 0.122 0.038 0.085 0.014 0.038 0.033 0.046 0.036 0.097 0.036;0.095 0.09 0.122 0.038 0.085 0.051 0.131 0.088 0.014 0.038 0.033 0.046 0.097 0.036 0.036;0.095 0.122 0.051 0.014 0.046 0.09 0.038 0.085 0.131 0.038 0.097 0.088 0.036 0.033 0.036;
0.109 0.11 0.052 0.111 0.084 0.115 0.042 0.078 0.021 0.049 0.044 0.038 0.045 0.083 0.019;0.109 0.11 0.115 0.042 0.078 0.052 0.111 0.084 0.021 0.049 0.044 0.038 0.083 0.045 0.019;0.109 0.115 0.052 0.021 0.038 0.11 0.042 0.078 0.111 0.049 0.083 0.084 0.045 0.044 0.019];