pntP=[0.206 0.082 0.098 0.089 0.073 0.061 0.023 0.037 0.03 0.1 0.031 0.039 0.053 0.056 0.022;0.206 0.082 0.061 0.023 0.037 0.098 0.089 0.073 0.03 0.1 0.031 0.039 0.056 0.053 0.022;0.206 0.061 0.098 0.03 0.039 0.082 0.023 0.037 0.089 0.1 0.056 0.073 0.053 0.031 0.022;
0.217 0.081 0.095 0.097 0.073 0.076 0.024 0.029 0.03 0.08 0.036 0.026 0.046 0.072 0.018;0.217 0.081 0.076 0.024 0.029 0.095 0.097 0.073 0.03 0.08 0.036 0.026 0.072 0.046 0.018;0.217 0.076 0.095 0.03 0.026 0.081 0.024 0.029 0.097 0.08 0.072 0.073 0.046 0.036 0.018;
0.199 0.083 0.108 0.088 0.055 0.082 0.029 0.026 0.022 0.1 0.044 0.032 0.047 0.061 0.024;0.199 0.083 0.082 0.029 0.026 0.108 0.088 0.055 0.022 0.1 0.044 0.032 0.061 0.047 0.024;0.199 0.082 0.108 0.022 0.032 0.083 0.029 0.026 0.088 0.1 0.061 0.055 0.047 0.044 0.024;
0.226 0.083 0.105 0.09 0.06 0.08 0.024 0.034 0.023 0.083 0.033 0.038 0.045 0.062 0.014;0.226 0.083 0.08 0.024 0.034 0.105 0.09 0.06 0.023 0.083 0.033 0.038 0.062 0.045 0.014;0.226 0.08 0.105 0.023 0.038 0.083 0.024 0.034 0.09 0.083 0.062 0.06 0.045 0.033 0.014;
0.22 0.068 0.089 0.092 0.069 0.073 0.025 0.03 0.023 0.11 0.033 0.038 0.048 0.064 0.018;0.22 0.068 0.073 0.025 0.03 0.089 0.092 0.069 0.023 0.11 0.033 0.038 0.064 0.048 0.018;0.22 0.073 0.089 0.023 0.038 0.068 0.025 0.03 0.092 0.11 0.064 0.069 0.048 0.033 0.018;
0.2 0.084 0.097 0.083 0.056 0.1 0.024 0.027 0.02 0.103 0.034 0.043 0.041 0.058 0.03;0.2 0.084 0.1 0.024 0.027 0.097 0.083 0.056 0.02 0.103 0.034 0.043 0.058 0.041 0.03;0.2 0.1 0.097 0.02 0.043 0.084 0.024 0.027 0.083 0.103 0.058 0.056 0.041 0.034 0.03;
0.21 0.075 0.121 0.084 0.057 0.086 0.026 0.03 0.024 0.106 0.025 0.041 0.044 0.06 0.011;0.21 0.075 0.086 0.026 0.03 0.121 0.084 0.057 0.024 0.106 0.025 0.041 0.06 0.044 0.011;0.21 0.086 0.121 0.024 0.041 0.075 0.026 0.03 0.084 0.106 0.06 0.057 0.044 0.025 0.011;
0.193 0.084 0.103 0.084 0.066 0.087 0.026 0.037 0.022 0.097 0.041 0.042 0.039 0.058 0.021;0.193 0.084 0.087 0.026 0.037 0.103 0.084 0.066 0.022 0.097 0.041 0.042 0.058 0.039 0.021;0.193 0.087 0.103 0.022 0.042 0.084 0.026 0.037 0.084 0.097 0.058 0.066 0.039 0.041 0.021;
0.221 0.078 0.105 0.073 0.065 0.084 0.025 0.03 0.026 0.099 0.041 0.037 0.039 0.052 0.025;0.221 0.078 0.084 0.025 0.03 0.105 0.073 0.065 0.026 0.099 0.041 0.037 0.052 0.039 0.025;0.221 0.084 0.105 0.026 0.037 0.078 0.025 0.03 0.073 0.099 0.052 0.065 0.039 0.041 0.025;
0.21 0.088 0.089 0.085 0.069 0.073 0.027 0.03 0.017 0.09 0.043 0.036 0.046 0.071 0.026;0.21 0.088 0.073 0.027 0.03 0.089 0.085 0.069 0.017 0.09 0.043 0.036 0.071 0.046 0.026;0.21 0.073 0.089 0.017 0.036 0.088 0.027 0.03 0.085 0.09 0.071 0.069 0.046 0.043 0.026;
0.222 0.08 0.099 0.076 0.077 0.102 0.021 0.031 0.021 0.103 0.026 0.033 0.038 0.054 0.017;0.222 0.08 0.102 0.021 0.031 0.099 0.076 0.077 0.021 0.103 0.026 0.033 0.054 0.038 0.017;0.222 0.102 0.099 0.021 0.033 0.08 0.021 0.031 0.076 0.103 0.054 0.077 0.038 0.026 0.017;
0.212 0.091 0.107 0.084 0.063 0.072 0.023 0.034 0.017 0.112 0.04 0.033 0.033 0.059 0.02;0.212 0.091 0.072 0.023 0.034 0.107 0.084 0.063 0.017 0.112 0.04 0.033 0.059 0.033 0.02;0.212 0.072 0.107 0.017 0.033 0.091 0.023 0.034 0.084 0.112 0.059 0.063 0.033 0.04 0.02;
0.212 0.073 0.103 0.092 0.065 0.085 0.02 0.025 0.026 0.105 0.033 0.039 0.042 0.054 0.026;0.212 0.073 0.085 0.02 0.025 0.103 0.092 0.065 0.026 0.105 0.033 0.039 0.054 0.042 0.026;0.212 0.085 0.103 0.026 0.039 0.073 0.02 0.025 0.092 0.105 0.054 0.065 0.042 0.033 0.026;
0.204 0.067 0.101 0.096 0.063 0.085 0.019 0.038 0.026 0.106 0.03 0.035 0.051 0.061 0.018;0.204 0.067 0.085 0.019 0.038 0.101 0.096 0.063 0.026 0.106 0.03 0.035 0.061 0.051 0.018;0.204 0.085 0.101 0.026 0.035 0.067 0.019 0.038 0.096 0.106 0.061 0.063 0.051 0.03 0.018;
0.2 0.068 0.098 0.096 0.068 0.085 0.033 0.036 0.027 0.11 0.031 0.032 0.038 0.06 0.018;0.2 0.068 0.085 0.033 0.036 0.098 0.096 0.068 0.027 0.11 0.031 0.032 0.06 0.038 0.018;0.2 0.085 0.098 0.027 0.032 0.068 0.033 0.036 0.096 0.11 0.06 0.068 0.038 0.031 0.018;
0.206 0.084 0.108 0.111 0.059 0.085 0.02 0.032 0.015 0.104 0.033 0.026 0.043 0.064 0.01;0.206 0.084 0.085 0.02 0.032 0.108 0.111 0.059 0.015 0.104 0.033 0.026 0.064 0.043 0.01;0.206 0.085 0.108 0.015 0.026 0.084 0.02 0.032 0.111 0.104 0.064 0.059 0.043 0.033 0.01;
0.208 0.084 0.103 0.086 0.054 0.073 0.03 0.03 0.022 0.108 0.032 0.04 0.048 0.062 0.02;0.208 0.084 0.073 0.03 0.03 0.103 0.086 0.054 0.022 0.108 0.032 0.04 0.062 0.048 0.02;0.208 0.073 0.103 0.022 0.04 0.084 0.03 0.03 0.086 0.108 0.062 0.054 0.048 0.032 0.02;
0.209 0.07 0.108 0.085 0.063 0.075 0.024 0.027 0.021 0.114 0.033 0.038 0.039 0.075 0.019;0.209 0.07 0.075 0.024 0.027 0.108 0.085 0.063 0.021 0.114 0.033 0.038 0.075 0.039 0.019;0.209 0.075 0.108 0.021 0.038 0.07 0.024 0.027 0.085 0.114 0.075 0.063 0.039 0.033 0.019;
0.207 0.085 0.127 0.093 0.064 0.076 0.033 0.022 0.022 0.096 0.029 0.025 0.048 0.052 0.021;0.207 0.085 0.076 0.033 0.022 0.127 0.093 0.064 0.022 0.096 0.029 0.025 0.052 0.048 0.021;0.207 0.076 0.127 0.022 0.025 0.085 0.033 0.022 0.093 0.096 0.052 0.064 0.048 0.029 0.021;
0.182 0.087 0.112 0.089 0.063 0.087 0.02 0.029 0.021 0.12 0.035 0.04 0.034 0.054 0.027;0.182 0.087 0.087 0.02 0.029 0.112 0.089 0.063 0.021 0.12 0.035 0.04 0.054 0.034 0.027;0.182 0.087 0.112 0.021 0.04 0.087 0.02 0.029 0.089 0.12 0.054 0.063 0.034 0.035 0.027;
0.208 0.081 0.107 0.089 0.061 0.074 0.033 0.031 0.024 0.098 0.042 0.035 0.043 0.054 0.02;0.208 0.081 0.074 0.033 0.031 0.107 0.089 0.061 0.024 0.098 0.042 0.035 0.054 0.043 0.02;0.208 0.074 0.107 0.024 0.035 0.081 0.033 0.031 0.089 0.098 0.054 0.061 0.043 0.042 0.02;
0.201 0.09 0.097 0.089 0.055 0.083 0.022 0.035 0.024 0.118 0.039 0.03 0.047 0.053 0.017;0.201 0.09 0.083 0.022 0.035 0.097 0.089 0.055 0.024 0.118 0.039 0.03 0.053 0.047 0.017;0.201 0.083 0.097 0.024 0.03 0.09 0.022 0.035 0.089 0.118 0.053 0.055 0.047 0.039 0.017;
0.22 0.067 0.101 0.097 0.067 0.067 0.024 0.026 0.026 0.119 0.037 0.041 0.044 0.048 0.016;0.22 0.067 0.067 0.024 0.026 0.101 0.097 0.067 0.026 0.119 0.037 0.041 0.048 0.044 0.016;0.22 0.067 0.101 0.026 0.041 0.067 0.024 0.026 0.097 0.119 0.048 0.067 0.044 0.037 0.016;
0.2 0.079 0.104 0.08 0.059 0.084 0.026 0.033 0.026 0.113 0.039 0.035 0.043 0.063 0.016;0.2 0.079 0.084 0.026 0.033 0.104 0.08 0.059 0.026 0.113 0.039 0.035 0.063 0.043 0.016;0.2 0.084 0.104 0.026 0.035 0.079 0.026 0.033 0.08 0.113 0.063 0.059 0.043 0.039 0.016;
0.19 0.081 0.103 0.083 0.064 0.083 0.021 0.024 0.022 0.117 0.034 0.028 0.066 0.062 0.022;0.19 0.081 0.083 0.021 0.024 0.103 0.083 0.064 0.022 0.117 0.034 0.028 0.062 0.066 0.022;0.19 0.083 0.103 0.022 0.028 0.081 0.021 0.024 0.083 0.117 0.062 0.064 0.066 0.034 0.022;
0.214 0.088 0.093 0.094 0.064 0.09 0.024 0.023 0.032 0.098 0.044 0.023 0.039 0.058 0.016;0.214 0.088 0.09 0.024 0.023 0.093 0.094 0.064 0.032 0.098 0.044 0.023 0.058 0.039 0.016;0.214 0.09 0.093 0.032 0.023 0.088 0.024 0.023 0.094 0.098 0.058 0.064 0.039 0.044 0.016;
0.208 0.086 0.115 0.075 0.066 0.083 0.029 0.024 0.024 0.088 0.03 0.032 0.037 0.077 0.026;0.208 0.086 0.083 0.029 0.024 0.115 0.075 0.066 0.024 0.088 0.03 0.032 0.077 0.037 0.026;0.208 0.083 0.115 0.024 0.032 0.086 0.029 0.024 0.075 0.088 0.077 0.066 0.037 0.03 0.026;
0.215 0.066 0.112 0.09 0.058 0.07 0.023 0.023 0.026 0.127 0.041 0.028 0.043 0.059 0.019;0.215 0.066 0.07 0.023 0.023 0.112 0.09 0.058 0.026 0.127 0.041 0.028 0.059 0.043 0.019;0.215 0.07 0.112 0.026 0.028 0.066 0.023 0.023 0.09 0.127 0.059 0.058 0.043 0.041 0.019;
0.203 0.085 0.117 0.09 0.059 0.078 0.026 0.029 0.028 0.089 0.035 0.038 0.042 0.06 0.021;0.203 0.085 0.078 0.026 0.029 0.117 0.09 0.059 0.028 0.089 0.035 0.038 0.06 0.042 0.021;0.203 0.078 0.117 0.028 0.038 0.085 0.026 0.029 0.09 0.089 0.06 0.059 0.042 0.035 0.021;
0.207 0.096 0.113 0.093 0.057 0.072 0.019 0.013 0.021 0.096 0.046 0.035 0.044 0.07 0.018;0.207 0.096 0.072 0.019 0.013 0.113 0.093 0.057 0.021 0.096 0.046 0.035 0.07 0.044 0.018;0.207 0.072 0.113 0.021 0.035 0.096 0.019 0.013 0.093 0.096 0.07 0.057 0.044 0.046 0.018;
0.232 0.065 0.103 0.086 0.062 0.074 0.028 0.029 0.021 0.102 0.045 0.036 0.035 0.065 0.017;0.232 0.065 0.074 0.028 0.029 0.103 0.086 0.062 0.021 0.102 0.045 0.036 0.065 0.035 0.017;0.232 0.074 0.103 0.021 0.036 0.065 0.028 0.029 0.086 0.102 0.065 0.062 0.035 0.045 0.017;
0.195 0.074 0.141 0.074 0.066 0.094 0.018 0.035 0.024 0.092 0.03 0.042 0.042 0.052 0.021;0.195 0.074 0.094 0.018 0.035 0.141 0.074 0.066 0.024 0.092 0.03 0.042 0.052 0.042 0.021;0.195 0.094 0.141 0.024 0.042 0.074 0.018 0.035 0.074 0.092 0.052 0.066 0.042 0.03 0.021;
0.207 0.073 0.121 0.1 0.048 0.087 0.028 0.029 0.02 0.11 0.041 0.025 0.04 0.052 0.019;0.207 0.073 0.087 0.028 0.029 0.121 0.1 0.048 0.02 0.11 0.041 0.025 0.052 0.04 0.019;0.207 0.087 0.121 0.02 0.025 0.073 0.028 0.029 0.1 0.11 0.052 0.048 0.04 0.041 0.019;
0.204 0.077 0.112 0.085 0.065 0.085 0.021 0.031 0.021 0.108 0.031 0.041 0.043 0.055 0.021;0.204 0.077 0.085 0.021 0.031 0.112 0.085 0.065 0.021 0.108 0.031 0.041 0.055 0.043 0.021;0.204 0.085 0.112 0.021 0.041 0.077 0.021 0.031 0.085 0.108 0.055 0.065 0.043 0.031 0.021;
0.194 0.067 0.094 0.089 0.062 0.089 0.025 0.024 0.031 0.108 0.045 0.03 0.048 0.064 0.03;0.194 0.067 0.089 0.025 0.024 0.094 0.089 0.062 0.031 0.108 0.045 0.03 0.064 0.048 0.03;0.194 0.089 0.094 0.031 0.03 0.067 0.025 0.024 0.089 0.108 0.064 0.062 0.048 0.045 0.03;
0.229 0.079 0.077 0.08 0.076 0.084 0.025 0.032 0.021 0.104 0.035 0.029 0.045 0.059 0.025;0.229 0.079 0.084 0.025 0.032 0.077 0.08 0.076 0.021 0.104 0.035 0.029 0.059 0.045 0.025;0.229 0.084 0.077 0.021 0.029 0.079 0.025 0.032 0.08 0.104 0.059 0.076 0.045 0.035 0.025;
0.236 0.082 0.113 0.079 0.057 0.071 0.026 0.025 0.015 0.099 0.028 0.038 0.049 0.063 0.019;0.236 0.082 0.071 0.026 0.025 0.113 0.079 0.057 0.015 0.099 0.028 0.038 0.063 0.049 0.019;0.236 0.071 0.113 0.015 0.038 0.082 0.026 0.025 0.079 0.099 0.063 0.057 0.049 0.028 0.019;
0.2 0.083 0.1 0.084 0.077 0.077 0.023 0.031 0.027 0.121 0.03 0.026 0.05 0.052 0.019;0.2 0.083 0.077 0.023 0.031 0.1 0.084 0.077 0.027 0.121 0.03 0.026 0.052 0.05 0.019;0.2 0.077 0.1 0.027 0.026 0.083 0.023 0.031 0.084 0.121 0.052 0.077 0.05 0.03 0.019;
0.22 0.078 0.103 0.093 0.054 0.078 0.022 0.033 0.025 0.099 0.035 0.029 0.036 0.073 0.022;0.22 0.078 0.078 0.022 0.033 0.103 0.093 0.054 0.025 0.099 0.035 0.029 0.073 0.036 0.022;0.22 0.078 0.103 0.025 0.029 0.078 0.022 0.033 0.093 0.099 0.073 0.054 0.036 0.035 0.022;
0.199 0.095 0.128 0.074 0.065 0.083 0.026 0.014 0.026 0.105 0.041 0.031 0.034 0.053 0.026;0.199 0.095 0.083 0.026 0.014 0.128 0.074 0.065 0.026 0.105 0.041 0.031 0.053 0.034 0.026;0.199 0.083 0.128 0.026 0.031 0.095 0.026 0.014 0.074 0.105 0.053 0.065 0.034 0.041 0.026;
0.216 0.076 0.109 0.095 0.063 0.087 0.019 0.024 0.027 0.099 0.033 0.034 0.037 0.06 0.021;0.216 0.076 0.087 0.019 0.024 0.109 0.095 0.063 0.027 0.099 0.033 0.034 0.06 0.037 0.021;0.216 0.087 0.109 0.027 0.034 0.076 0.019 0.024 0.095 0.099 0.06 0.063 0.037 0.033 0.021;
0.214 0.084 0.104 0.081 0.066 0.086 0.023 0.019 0.018 0.113 0.032 0.04 0.029 0.067 0.024;0.214 0.084 0.086 0.023 0.019 0.104 0.081 0.066 0.018 0.113 0.032 0.04 0.067 0.029 0.024;0.214 0.086 0.104 0.018 0.04 0.084 0.023 0.019 0.081 0.113 0.067 0.066 0.029 0.032 0.024;
0.219 0.079 0.112 0.082 0.071 0.072 0.025 0.03 0.024 0.107 0.038 0.023 0.047 0.053 0.018;0.219 0.079 0.072 0.025 0.03 0.112 0.082 0.071 0.024 0.107 0.038 0.023 0.053 0.047 0.018;0.219 0.072 0.112 0.024 0.023 0.079 0.025 0.03 0.082 0.107 0.053 0.071 0.047 0.038 0.018;
0.212 0.07 0.113 0.086 0.06 0.079 0.03 0.022 0.025 0.114 0.043 0.029 0.04 0.061 0.016;0.212 0.07 0.079 0.03 0.022 0.113 0.086 0.06 0.025 0.114 0.043 0.029 0.061 0.04 0.016;0.212 0.079 0.113 0.025 0.029 0.07 0.03 0.022 0.086 0.114 0.061 0.06 0.04 0.043 0.016;
0.211 0.075 0.118 0.083 0.059 0.068 0.029 0.032 0.019 0.115 0.048 0.035 0.036 0.056 0.016;0.211 0.075 0.068 0.029 0.032 0.118 0.083 0.059 0.019 0.115 0.048 0.035 0.056 0.036 0.016;0.211 0.068 0.118 0.019 0.035 0.075 0.029 0.032 0.083 0.115 0.056 0.059 0.036 0.048 0.016;
0.206 0.093 0.095 0.1 0.055 0.083 0.025 0.036 0.014 0.103 0.033 0.025 0.055 0.06 0.017;0.206 0.093 0.083 0.025 0.036 0.095 0.1 0.055 0.014 0.103 0.033 0.025 0.06 0.055 0.017;0.206 0.083 0.095 0.014 0.025 0.093 0.025 0.036 0.1 0.103 0.06 0.055 0.055 0.033 0.017;
0.213 0.071 0.121 0.094 0.058 0.077 0.029 0.036 0.015 0.084 0.036 0.044 0.038 0.057 0.027;0.213 0.071 0.077 0.029 0.036 0.121 0.094 0.058 0.015 0.084 0.036 0.044 0.057 0.038 0.027;0.213 0.077 0.121 0.015 0.044 0.071 0.029 0.036 0.094 0.084 0.057 0.058 0.038 0.036 0.027;
0.217 0.078 0.105 0.084 0.049 0.083 0.04 0.022 0.028 0.106 0.031 0.041 0.037 0.059 0.02;0.217 0.078 0.083 0.04 0.022 0.105 0.084 0.049 0.028 0.106 0.031 0.041 0.059 0.037 0.02;0.217 0.083 0.105 0.028 0.041 0.078 0.04 0.022 0.084 0.106 0.059 0.049 0.037 0.031 0.02;
0.217 0.07 0.096 0.098 0.057 0.082 0.017 0.04 0.024 0.119 0.045 0.032 0.042 0.047 0.014;0.217 0.07 0.082 0.017 0.04 0.096 0.098 0.057 0.024 0.119 0.045 0.032 0.047 0.042 0.014;0.217 0.082 0.096 0.024 0.032 0.07 0.017 0.04 0.098 0.119 0.047 0.057 0.042 0.045 0.014;
0.229 0.078 0.111 0.092 0.043 0.079 0.028 0.032 0.022 0.095 0.034 0.032 0.041 0.065 0.019;0.229 0.078 0.079 0.028 0.032 0.111 0.092 0.043 0.022 0.095 0.034 0.032 0.065 0.041 0.019;0.229 0.079 0.111 0.022 0.032 0.078 0.028 0.032 0.092 0.095 0.065 0.043 0.041 0.034 0.019;
0.194 0.078 0.107 0.105 0.057 0.068 0.028 0.032 0.025 0.113 0.033 0.038 0.041 0.062 0.019;0.194 0.078 0.068 0.028 0.032 0.107 0.105 0.057 0.025 0.113 0.033 0.038 0.062 0.041 0.019;0.194 0.068 0.107 0.025 0.038 0.078 0.028 0.032 0.105 0.113 0.062 0.057 0.041 0.033 0.019;
0.201 0.083 0.121 0.08 0.066 0.084 0.029 0.025 0.022 0.115 0.03 0.035 0.03 0.063 0.016;0.201 0.083 0.084 0.029 0.025 0.121 0.08 0.066 0.022 0.115 0.03 0.035 0.063 0.03 0.016;0.201 0.084 0.121 0.022 0.035 0.083 0.029 0.025 0.08 0.115 0.063 0.066 0.03 0.03 0.016;
0.206 0.081 0.101 0.083 0.06 0.087 0.023 0.033 0.021 0.119 0.035 0.035 0.044 0.049 0.023;0.206 0.081 0.087 0.023 0.033 0.101 0.083 0.06 0.021 0.119 0.035 0.035 0.049 0.044 0.023;0.206 0.087 0.101 0.021 0.035 0.081 0.023 0.033 0.083 0.119 0.049 0.06 0.044 0.035 0.023;
0.214 0.089 0.105 0.09 0.059 0.078 0.027 0.035 0.027 0.087 0.032 0.033 0.043 0.06 0.021;0.214 0.089 0.078 0.027 0.035 0.105 0.09 0.059 0.027 0.087 0.032 0.033 0.06 0.043 0.021;0.214 0.078 0.105 0.027 0.033 0.089 0.027 0.035 0.09 0.087 0.06 0.059 0.043 0.032 0.021;
0.21 0.067 0.112 0.071 0.06 0.068 0.021 0.026 0.022 0.117 0.044 0.028 0.048 0.08 0.026;0.21 0.067 0.068 0.021 0.026 0.112 0.071 0.06 0.022 0.117 0.044 0.028 0.08 0.048 0.026;0.21 0.068 0.112 0.022 0.028 0.067 0.021 0.026 0.071 0.117 0.08 0.06 0.048 0.044 0.026;
0.224 0.093 0.098 0.092 0.063 0.073 0.023 0.035 0.024 0.1 0.023 0.03 0.049 0.056 0.017;0.224 0.093 0.073 0.023 0.035 0.098 0.092 0.063 0.024 0.1 0.023 0.03 0.056 0.049 0.017;0.224 0.073 0.098 0.024 0.03 0.093 0.023 0.035 0.092 0.1 0.056 0.063 0.049 0.023 0.017;
0.185 0.108 0.122 0.07 0.069 0.071 0.027 0.028 0.016 0.118 0.042 0.04 0.041 0.045 0.018;0.185 0.108 0.071 0.027 0.028 0.122 0.07 0.069 0.016 0.118 0.042 0.04 0.045 0.041 0.018;0.185 0.071 0.122 0.016 0.04 0.108 0.027 0.028 0.07 0.118 0.045 0.069 0.041 0.042 0.018;
0.211 0.072 0.092 0.077 0.057 0.087 0.036 0.023 0.02 0.112 0.045 0.029 0.046 0.068 0.025;0.211 0.072 0.087 0.036 0.023 0.092 0.077 0.057 0.02 0.112 0.045 0.029 0.068 0.046 0.025;0.211 0.087 0.092 0.02 0.029 0.072 0.036 0.023 0.077 0.112 0.068 0.057 0.046 0.045 0.025;
0.2 0.1 0.106 0.09 0.07 0.079 0.026 0.033 0.02 0.111 0.041 0.028 0.035 0.046 0.015;0.2 0.1 0.079 0.026 0.033 0.106 0.09 0.07 0.02 0.111 0.041 0.028 0.046 0.035 0.015;0.2 0.079 0.106 0.02 0.028 0.1 0.026 0.033 0.09 0.111 0.046 0.07 0.035 0.041 0.015;
0.174 0.095 0.109 0.103 0.065 0.088 0.023 0.021 0.033 0.096 0.033 0.049 0.045 0.054 0.012;0.174 0.095 0.088 0.023 0.021 0.109 0.103 0.065 0.033 0.096 0.033 0.049 0.054 0.045 0.012;0.174 0.088 0.109 0.033 0.049 0.095 0.023 0.021 0.103 0.096 0.054 0.065 0.045 0.033 0.012;
0.2 0.066 0.125 0.092 0.062 0.071 0.033 0.024 0.03 0.107 0.032 0.029 0.054 0.051 0.024;0.2 0.066 0.071 0.033 0.024 0.125 0.092 0.062 0.03 0.107 0.032 0.029 0.051 0.054 0.024;0.2 0.071 0.125 0.03 0.029 0.066 0.033 0.024 0.092 0.107 0.051 0.062 0.054 0.032 0.024;
0.204 0.09 0.095 0.101 0.049 0.08 0.027 0.031 0.02 0.127 0.038 0.026 0.049 0.046 0.017;0.204 0.09 0.08 0.027 0.031 0.095 0.101 0.049 0.02 0.127 0.038 0.026 0.046 0.049 0.017;0.204 0.08 0.095 0.02 0.026 0.09 0.027 0.031 0.101 0.127 0.046 0.049 0.049 0.038 0.017;
0.218 0.08 0.127 0.08 0.065 0.075 0.023 0.032 0.021 0.101 0.027 0.023 0.045 0.058 0.025;0.218 0.08 0.075 0.023 0.032 0.127 0.08 0.065 0.021 0.101 0.027 0.023 0.058 0.045 0.025;0.218 0.075 0.127 0.021 0.023 0.08 0.023 0.032 0.08 0.101 0.058 0.065 0.045 0.027 0.025;
0.231 0.073 0.108 0.094 0.072 0.072 0.021 0.025 0.025 0.09 0.037 0.029 0.031 0.066 0.026;0.231 0.073 0.072 0.021 0.025 0.108 0.094 0.072 0.025 0.09 0.037 0.029 0.066 0.031 0.026;0.231 0.072 0.108 0.025 0.029 0.073 0.021 0.025 0.094 0.09 0.066 0.072 0.031 0.037 0.026;
0.216 0.086 0.1 0.089 0.052 0.076 0.031 0.026 0.015 0.103 0.036 0.029 0.046 0.069 0.026;0.216 0.086 0.076 0.031 0.026 0.1 0.089 0.052 0.015 0.103 0.036 0.029 0.069 0.046 0.026;0.216 0.076 0.1 0.015 0.029 0.086 0.031 0.026 0.089 0.103 0.069 0.052 0.046 0.036 0.026;
0.188 0.073 0.094 0.095 0.063 0.079 0.028 0.03 0.029 0.111 0.043 0.035 0.039 0.078 0.015;0.188 0.073 0.079 0.028 0.03 0.094 0.095 0.063 0.029 0.111 0.043 0.035 0.078 0.039 0.015;0.188 0.079 0.094 0.029 0.035 0.073 0.028 0.03 0.095 0.111 0.078 0.063 0.039 0.043 0.015;
0.211 0.079 0.138 0.088 0.055 0.066 0.025 0.035 0.018 0.116 0.034 0.024 0.033 0.058 0.02;0.211 0.079 0.066 0.025 0.035 0.138 0.088 0.055 0.018 0.116 0.034 0.024 0.058 0.033 0.02;0.211 0.066 0.138 0.018 0.024 0.079 0.025 0.035 0.088 0.116 0.058 0.055 0.033 0.034 0.02;
0.21 0.08 0.102 0.091 0.055 0.078 0.025 0.032 0.03 0.11 0.034 0.038 0.036 0.061 0.018;0.21 0.08 0.078 0.025 0.032 0.102 0.091 0.055 0.03 0.11 0.034 0.038 0.061 0.036 0.018;0.21 0.078 0.102 0.03 0.038 0.08 0.025 0.032 0.091 0.11 0.061 0.055 0.036 0.034 0.018;
0.208 0.079 0.112 0.074 0.059 0.072 0.025 0.035 0.02 0.124 0.045 0.026 0.035 0.067 0.019;0.208 0.079 0.072 0.025 0.035 0.112 0.074 0.059 0.02 0.124 0.045 0.026 0.067 0.035 0.019;0.208 0.072 0.112 0.02 0.026 0.079 0.025 0.035 0.074 0.124 0.067 0.059 0.035 0.045 0.019;
0.212 0.092 0.107 0.09 0.063 0.061 0.025 0.029 0.02 0.109 0.031 0.037 0.035 0.071 0.018;0.212 0.092 0.061 0.025 0.029 0.107 0.09 0.063 0.02 0.109 0.031 0.037 0.071 0.035 0.018;0.212 0.061 0.107 0.02 0.037 0.092 0.025 0.029 0.09 0.109 0.071 0.063 0.035 0.031 0.018;
0.217 0.073 0.103 0.092 0.06 0.073 0.024 0.023 0.022 0.102 0.031 0.038 0.046 0.069 0.027;0.217 0.073 0.073 0.024 0.023 0.103 0.092 0.06 0.022 0.102 0.031 0.038 0.069 0.046 0.027;0.217 0.073 0.103 0.022 0.038 0.073 0.024 0.023 0.092 0.102 0.069 0.06 0.046 0.031 0.027;
0.206 0.081 0.101 0.089 0.061 0.068 0.026 0.033 0.024 0.109 0.04 0.042 0.047 0.056 0.017;0.206 0.081 0.068 0.026 0.033 0.101 0.089 0.061 0.024 0.109 0.04 0.042 0.056 0.047 0.017;0.206 0.068 0.101 0.024 0.042 0.081 0.026 0.033 0.089 0.109 0.056 0.061 0.047 0.04 0.017;
0.195 0.076 0.109 0.096 0.061 0.088 0.027 0.036 0.024 0.093 0.033 0.039 0.04 0.059 0.024;0.195 0.076 0.088 0.027 0.036 0.109 0.096 0.061 0.024 0.093 0.033 0.039 0.059 0.04 0.024;0.195 0.088 0.109 0.024 0.039 0.076 0.027 0.036 0.096 0.093 0.059 0.061 0.04 0.033 0.024;
0.213 0.07 0.095 0.091 0.044 0.095 0.019 0.031 0.027 0.109 0.034 0.047 0.048 0.057 0.02;0.213 0.07 0.095 0.019 0.031 0.095 0.091 0.044 0.027 0.109 0.034 0.047 0.057 0.048 0.02;0.213 0.095 0.095 0.027 0.047 0.07 0.019 0.031 0.091 0.109 0.057 0.044 0.048 0.034 0.02;
0.199 0.084 0.12 0.074 0.057 0.078 0.026 0.033 0.025 0.09 0.035 0.041 0.04 0.067 0.031;0.199 0.084 0.078 0.026 0.033 0.12 0.074 0.057 0.025 0.09 0.035 0.041 0.067 0.04 0.031;0.199 0.078 0.12 0.025 0.041 0.084 0.026 0.033 0.074 0.09 0.067 0.057 0.04 0.035 0.031;
0.224 0.074 0.112 0.093 0.061 0.066 0.035 0.022 0.021 0.106 0.038 0.026 0.042 0.061 0.019;0.224 0.074 0.066 0.035 0.022 0.112 0.093 0.061 0.021 0.106 0.038 0.026 0.061 0.042 0.019;0.224 0.066 0.112 0.021 0.026 0.074 0.035 0.022 0.093 0.106 0.061 0.061 0.042 0.038 0.019;
0.205 0.073 0.098 0.093 0.064 0.069 0.024 0.033 0.028 0.107 0.036 0.036 0.053 0.056 0.025;0.205 0.073 0.069 0.024 0.033 0.098 0.093 0.064 0.028 0.107 0.036 0.036 0.056 0.053 0.025;0.205 0.069 0.098 0.028 0.036 0.073 0.024 0.033 0.093 0.107 0.056 0.064 0.053 0.036 0.025;
0.212 0.074 0.121 0.089 0.062 0.076 0.031 0.031 0.017 0.108 0.034 0.028 0.034 0.059 0.024;0.212 0.074 0.076 0.031 0.031 0.121 0.089 0.062 0.017 0.108 0.034 0.028 0.059 0.034 0.024;0.212 0.076 0.121 0.017 0.028 0.074 0.031 0.031 0.089 0.108 0.059 0.062 0.034 0.034 0.024;
0.206 0.087 0.106 0.088 0.068 0.082 0.02 0.023 0.029 0.113 0.028 0.031 0.049 0.042 0.028;0.206 0.087 0.082 0.02 0.023 0.106 0.088 0.068 0.029 0.113 0.028 0.031 0.042 0.049 0.028;0.206 0.082 0.106 0.029 0.031 0.087 0.02 0.023 0.088 0.113 0.042 0.068 0.049 0.028 0.028;
0.204 0.076 0.114 0.078 0.067 0.074 0.032 0.031 0.023 0.104 0.03 0.038 0.043 0.061 0.025;0.204 0.076 0.074 0.032 0.031 0.114 0.078 0.067 0.023 0.104 0.03 0.038 0.061 0.043 0.025;0.204 0.074 0.114 0.023 0.038 0.076 0.032 0.031 0.078 0.104 0.061 0.067 0.043 0.03 0.025;
0.24 0.073 0.099 0.09 0.043 0.077 0.027 0.024 0.026 0.099 0.042 0.043 0.045 0.054 0.018;0.24 0.073 0.077 0.027 0.024 0.099 0.09 0.043 0.026 0.099 0.042 0.043 0.054 0.045 0.018;0.24 0.077 0.099 0.026 0.043 0.073 0.027 0.024 0.09 0.099 0.054 0.043 0.045 0.042 0.018;
0.218 0.093 0.091 0.098 0.055 0.084 0.018 0.028 0.026 0.104 0.049 0.034 0.042 0.044 0.016;0.218 0.093 0.084 0.018 0.028 0.091 0.098 0.055 0.026 0.104 0.049 0.034 0.044 0.042 0.016;0.218 0.084 0.091 0.026 0.034 0.093 0.018 0.028 0.098 0.104 0.044 0.055 0.042 0.049 0.016;
0.212 0.08 0.107 0.089 0.06 0.074 0.029 0.033 0.023 0.107 0.031 0.023 0.044 0.07 0.018;0.212 0.08 0.074 0.029 0.033 0.107 0.089 0.06 0.023 0.107 0.031 0.023 0.07 0.044 0.018;0.212 0.074 0.107 0.023 0.023 0.08 0.029 0.033 0.089 0.107 0.07 0.06 0.044 0.031 0.018;
0.202 0.079 0.098 0.1 0.065 0.075 0.032 0.03 0.022 0.099 0.035 0.029 0.036 0.074 0.024;0.202 0.079 0.075 0.032 0.03 0.098 0.1 0.065 0.022 0.099 0.035 0.029 0.074 0.036 0.024;0.202 0.075 0.098 0.022 0.029 0.079 0.032 0.03 0.1 0.099 0.074 0.065 0.036 0.035 0.024;
0.2 0.077 0.11 0.092 0.064 0.078 0.02 0.031 0.033 0.107 0.034 0.044 0.041 0.055 0.014;0.2 0.077 0.078 0.02 0.031 0.11 0.092 0.064 0.033 0.107 0.034 0.044 0.055 0.041 0.014;0.2 0.078 0.11 0.033 0.044 0.077 0.02 0.031 0.092 0.107 0.055 0.064 0.041 0.034 0.014;
0.219 0.067 0.091 0.082 0.053 0.065 0.023 0.034 0.026 0.136 0.036 0.032 0.042 0.075 0.019;0.219 0.067 0.065 0.023 0.034 0.091 0.082 0.053 0.026 0.136 0.036 0.032 0.075 0.042 0.019;0.219 0.065 0.091 0.026 0.032 0.067 0.023 0.034 0.082 0.136 0.075 0.053 0.042 0.036 0.019;
0.213 0.075 0.097 0.094 0.053 0.075 0.03 0.024 0.029 0.084 0.037 0.045 0.052 0.074 0.018;0.213 0.075 0.075 0.03 0.024 0.097 0.094 0.053 0.029 0.084 0.037 0.045 0.074 0.052 0.018;0.213 0.075 0.097 0.029 0.045 0.075 0.03 0.024 0.094 0.084 0.074 0.053 0.052 0.037 0.018;
0.207 0.083 0.112 0.08 0.06 0.08 0.026 0.032 0.019 0.109 0.038 0.034 0.031 0.072 0.017;0.207 0.083 0.08 0.026 0.032 0.112 0.08 0.06 0.019 0.109 0.038 0.034 0.072 0.031 0.017;0.207 0.08 0.112 0.019 0.034 0.083 0.026 0.032 0.08 0.109 0.072 0.06 0.031 0.038 0.017;
0.211 0.088 0.111 0.075 0.066 0.068 0.03 0.031 0.029 0.104 0.035 0.039 0.039 0.055 0.019;0.211 0.088 0.068 0.03 0.031 0.111 0.075 0.066 0.029 0.104 0.035 0.039 0.055 0.039 0.019;0.211 0.068 0.111 0.029 0.039 0.088 0.03 0.031 0.075 0.104 0.055 0.066 0.039 0.035 0.019;
0.201 0.073 0.109 0.108 0.057 0.085 0.02 0.029 0.026 0.118 0.037 0.032 0.034 0.052 0.019;0.201 0.073 0.085 0.02 0.029 0.109 0.108 0.057 0.026 0.118 0.037 0.032 0.052 0.034 0.019;0.201 0.085 0.109 0.026 0.032 0.073 0.02 0.029 0.108 0.118 0.052 0.057 0.034 0.037 0.019;
0.216 0.088 0.116 0.073 0.065 0.078 0.024 0.032 0.026 0.106 0.027 0.029 0.046 0.061 0.013;0.216 0.088 0.078 0.024 0.032 0.116 0.073 0.065 0.026 0.106 0.027 0.029 0.061 0.046 0.013;0.216 0.078 0.116 0.026 0.029 0.088 0.024 0.032 0.073 0.106 0.061 0.065 0.046 0.027 0.013;
0.217 0.068 0.112 0.088 0.057 0.084 0.033 0.028 0.023 0.089 0.031 0.05 0.042 0.064 0.014;0.217 0.068 0.084 0.033 0.028 0.112 0.088 0.057 0.023 0.089 0.031 0.05 0.064 0.042 0.014;0.217 0.084 0.112 0.023 0.05 0.068 0.033 0.028 0.088 0.089 0.064 0.057 0.042 0.031 0.014;
0.205 0.1 0.103 0.089 0.056 0.07 0.036 0.031 0.021 0.124 0.028 0.029 0.039 0.059 0.01;0.205 0.1 0.07 0.036 0.031 0.103 0.089 0.056 0.021 0.124 0.028 0.029 0.059 0.039 0.01;0.205 0.07 0.103 0.021 0.029 0.1 0.036 0.031 0.089 0.124 0.059 0.056 0.039 0.028 0.01;
0.195 0.085 0.114 0.096 0.049 0.078 0.028 0.025 0.019 0.118 0.034 0.042 0.035 0.063 0.019;0.195 0.085 0.078 0.028 0.025 0.114 0.096 0.049 0.019 0.118 0.034 0.042 0.063 0.035 0.019;0.195 0.078 0.114 0.019 0.042 0.085 0.028 0.025 0.096 0.118 0.063 0.049 0.035 0.034 0.019;
0.201 0.092 0.09 0.086 0.057 0.079 0.028 0.031 0.024 0.119 0.024 0.035 0.04 0.071 0.023;0.201 0.092 0.079 0.028 0.031 0.09 0.086 0.057 0.024 0.119 0.024 0.035 0.071 0.04 0.023;0.201 0.079 0.09 0.024 0.035 0.092 0.028 0.031 0.086 0.119 0.071 0.057 0.04 0.024 0.023;
0.21 0.085 0.116 0.093 0.062 0.081 0.018 0.038 0.028 0.111 0.023 0.033 0.038 0.055 0.009;0.21 0.085 0.081 0.018 0.038 0.116 0.093 0.062 0.028 0.111 0.023 0.033 0.055 0.038 0.009;0.21 0.081 0.116 0.028 0.033 0.085 0.018 0.038 0.093 0.111 0.055 0.062 0.038 0.023 0.009;
0.2 0.07 0.111 0.097 0.067 0.078 0.029 0.036 0.018 0.105 0.033 0.036 0.045 0.051 0.024;0.2 0.07 0.078 0.029 0.036 0.111 0.097 0.067 0.018 0.105 0.033 0.036 0.051 0.045 0.024;0.2 0.078 0.111 0.018 0.036 0.07 0.029 0.036 0.097 0.105 0.051 0.067 0.045 0.033 0.024;
0.197 0.078 0.122 0.104 0.065 0.073 0.026 0.026 0.017 0.099 0.034 0.036 0.034 0.074 0.015;0.197 0.078 0.073 0.026 0.026 0.122 0.104 0.065 0.017 0.099 0.034 0.036 0.074 0.034 0.015;0.197 0.073 0.122 0.017 0.036 0.078 0.026 0.026 0.104 0.099 0.074 0.065 0.034 0.034 0.015;
0.192 0.079 0.106 0.102 0.067 0.064 0.03 0.032 0.026 0.107 0.03 0.035 0.044 0.059 0.027;0.192 0.079 0.064 0.03 0.032 0.106 0.102 0.067 0.026 0.107 0.03 0.035 0.059 0.044 0.027;0.192 0.064 0.106 0.026 0.035 0.079 0.03 0.032 0.102 0.107 0.059 0.067 0.044 0.03 0.027;
0.188 0.091 0.106 0.099 0.057 0.08 0.015 0.036 0.026 0.117 0.03 0.039 0.037 0.061 0.018;0.188 0.091 0.08 0.015 0.036 0.106 0.099 0.057 0.026 0.117 0.03 0.039 0.061 0.037 0.018;0.188 0.08 0.106 0.026 0.039 0.091 0.015 0.036 0.099 0.117 0.061 0.057 0.037 0.03 0.018];