pntP=[0.241 0.097 0.091 0.088 0.057 0.076 0.027 0.032 0.022 0.106 0.037 0.026 0.031 0.059 0.01;0.241 0.097 0.076 0.027 0.032 0.091 0.088 0.057 0.022 0.106 0.037 0.026 0.059 0.031 0.01;0.241 0.076 0.091 0.022 0.026 0.097 0.027 0.032 0.088 0.106 0.059 0.057 0.031 0.037 0.01;
0.254 0.089 0.099 0.101 0.052 0.083 0.02 0.019 0.018 0.08 0.025 0.039 0.044 0.066 0.011;0.254 0.089 0.083 0.02 0.019 0.099 0.101 0.052 0.018 0.08 0.025 0.039 0.066 0.044 0.011;0.254 0.083 0.099 0.018 0.039 0.089 0.02 0.019 0.101 0.08 0.066 0.052 0.044 0.025 0.011;
0.241 0.081 0.109 0.089 0.055 0.083 0.031 0.016 0.025 0.089 0.031 0.036 0.037 0.05 0.027;0.241 0.081 0.083 0.031 0.016 0.109 0.089 0.055 0.025 0.089 0.031 0.036 0.05 0.037 0.027;0.241 0.083 0.109 0.025 0.036 0.081 0.031 0.016 0.089 0.089 0.05 0.055 0.037 0.031 0.027;
0.223 0.104 0.088 0.093 0.053 0.083 0.023 0.024 0.026 0.096 0.035 0.032 0.041 0.064 0.015;0.223 0.104 0.083 0.023 0.024 0.088 0.093 0.053 0.026 0.096 0.035 0.032 0.064 0.041 0.015;0.223 0.083 0.088 0.026 0.032 0.104 0.023 0.024 0.093 0.096 0.064 0.053 0.041 0.035 0.015;
0.227 0.073 0.1 0.093 0.069 0.097 0.017 0.025 0.024 0.098 0.026 0.039 0.028 0.062 0.022;0.227 0.073 0.097 0.017 0.025 0.1 0.093 0.069 0.024 0.098 0.026 0.039 0.062 0.028 0.022;0.227 0.097 0.1 0.024 0.039 0.073 0.017 0.025 0.093 0.098 0.062 0.069 0.028 0.026 0.022;
0.241 0.093 0.093 0.097 0.056 0.091 0.012 0.019 0.023 0.104 0.028 0.029 0.038 0.062 0.014;0.241 0.093 0.091 0.012 0.019 0.093 0.097 0.056 0.023 0.104 0.028 0.029 0.062 0.038 0.014;0.241 0.091 0.093 0.023 0.029 0.093 0.012 0.019 0.097 0.104 0.062 0.056 0.038 0.028 0.014;
0.237 0.076 0.109 0.077 0.069 0.104 0.024 0.031 0.023 0.087 0.028 0.035 0.032 0.054 0.014;0.237 0.076 0.104 0.024 0.031 0.109 0.077 0.069 0.023 0.087 0.028 0.035 0.054 0.032 0.014;0.237 0.104 0.109 0.023 0.035 0.076 0.024 0.031 0.077 0.087 0.054 0.069 0.032 0.028 0.014;
0.232 0.086 0.092 0.094 0.065 0.08 0.025 0.022 0.023 0.108 0.039 0.025 0.03 0.055 0.024;0.232 0.086 0.08 0.025 0.022 0.092 0.094 0.065 0.023 0.108 0.039 0.025 0.055 0.03 0.024;0.232 0.08 0.092 0.023 0.025 0.086 0.025 0.022 0.094 0.108 0.055 0.065 0.03 0.039 0.024;
0.234 0.09 0.103 0.076 0.059 0.083 0.027 0.039 0.019 0.109 0.028 0.025 0.035 0.054 0.019;0.234 0.09 0.083 0.027 0.039 0.103 0.076 0.059 0.019 0.109 0.028 0.025 0.054 0.035 0.019;0.234 0.083 0.103 0.019 0.025 0.09 0.027 0.039 0.076 0.109 0.054 0.059 0.035 0.028 0.019;
0.225 0.067 0.106 0.103 0.067 0.093 0.019 0.033 0.012 0.105 0.025 0.03 0.029 0.065 0.021;0.225 0.067 0.093 0.019 0.033 0.106 0.103 0.067 0.012 0.105 0.025 0.03 0.065 0.029 0.021;0.225 0.093 0.106 0.012 0.03 0.067 0.019 0.033 0.103 0.105 0.065 0.067 0.029 0.025 0.021;
0.236 0.082 0.1 0.097 0.072 0.088 0.02 0.023 0.028 0.092 0.032 0.037 0.029 0.043 0.021;0.236 0.082 0.088 0.02 0.023 0.1 0.097 0.072 0.028 0.092 0.032 0.037 0.043 0.029 0.021;0.236 0.088 0.1 0.028 0.037 0.082 0.02 0.023 0.097 0.092 0.043 0.072 0.029 0.032 0.021;
0.207 0.089 0.099 0.115 0.064 0.074 0.019 0.03 0.023 0.092 0.037 0.036 0.039 0.065 0.011;0.207 0.089 0.074 0.019 0.03 0.099 0.115 0.064 0.023 0.092 0.037 0.036 0.065 0.039 0.011;0.207 0.074 0.099 0.023 0.036 0.089 0.019 0.03 0.115 0.092 0.065 0.064 0.039 0.037 0.011;
0.216 0.086 0.096 0.09 0.068 0.085 0.019 0.023 0.022 0.102 0.042 0.035 0.029 0.063 0.024;0.216 0.086 0.085 0.019 0.023 0.096 0.09 0.068 0.022 0.102 0.042 0.035 0.063 0.029 0.024;0.216 0.085 0.096 0.022 0.035 0.086 0.019 0.023 0.09 0.102 0.063 0.068 0.029 0.042 0.024;
0.222 0.089 0.105 0.104 0.061 0.073 0.026 0.027 0.018 0.091 0.031 0.039 0.032 0.061 0.021;0.222 0.089 0.073 0.026 0.027 0.105 0.104 0.061 0.018 0.091 0.031 0.039 0.061 0.032 0.021;0.222 0.073 0.105 0.018 0.039 0.089 0.026 0.027 0.104 0.091 0.061 0.061 0.032 0.031 0.021;
0.226 0.095 0.097 0.1 0.068 0.089 0.016 0.032 0.018 0.079 0.038 0.04 0.032 0.058 0.012;0.226 0.095 0.089 0.016 0.032 0.097 0.1 0.068 0.018 0.079 0.038 0.04 0.058 0.032 0.012;0.226 0.089 0.097 0.018 0.04 0.095 0.016 0.032 0.1 0.079 0.058 0.068 0.032 0.038 0.012;
0.231 0.094 0.084 0.098 0.059 0.094 0.02 0.024 0.024 0.09 0.037 0.032 0.04 0.057 0.016;0.231 0.094 0.094 0.02 0.024 0.084 0.098 0.059 0.024 0.09 0.037 0.032 0.057 0.04 0.016;0.231 0.094 0.084 0.024 0.032 0.094 0.02 0.024 0.098 0.09 0.057 0.059 0.04 0.037 0.016;
0.236 0.072 0.107 0.099 0.059 0.083 0.027 0.029 0.022 0.095 0.022 0.046 0.028 0.06 0.015;0.236 0.072 0.083 0.027 0.029 0.107 0.099 0.059 0.022 0.095 0.022 0.046 0.06 0.028 0.015;0.236 0.083 0.107 0.022 0.046 0.072 0.027 0.029 0.099 0.095 0.06 0.059 0.028 0.022 0.015;
0.217 0.089 0.11 0.092 0.058 0.085 0.026 0.023 0.022 0.102 0.033 0.029 0.038 0.057 0.019;0.217 0.089 0.085 0.026 0.023 0.11 0.092 0.058 0.022 0.102 0.033 0.029 0.057 0.038 0.019;0.217 0.085 0.11 0.022 0.029 0.089 0.026 0.023 0.092 0.102 0.057 0.058 0.038 0.033 0.019;
0.232 0.085 0.104 0.089 0.061 0.095 0.029 0.025 0.02 0.075 0.036 0.029 0.037 0.064 0.019;0.232 0.085 0.095 0.029 0.025 0.104 0.089 0.061 0.02 0.075 0.036 0.029 0.064 0.037 0.019;0.232 0.095 0.104 0.02 0.029 0.085 0.029 0.025 0.089 0.075 0.064 0.061 0.037 0.036 0.019;
0.256 0.083 0.095 0.099 0.056 0.083 0.022 0.018 0.028 0.099 0.034 0.024 0.04 0.052 0.011;0.256 0.083 0.083 0.022 0.018 0.095 0.099 0.056 0.028 0.099 0.034 0.024 0.052 0.04 0.011;0.256 0.083 0.095 0.028 0.024 0.083 0.022 0.018 0.099 0.099 0.052 0.056 0.04 0.034 0.011;
0.242 0.077 0.117 0.084 0.048 0.088 0.019 0.028 0.022 0.092 0.033 0.024 0.041 0.065 0.02;0.242 0.077 0.088 0.019 0.028 0.117 0.084 0.048 0.022 0.092 0.033 0.024 0.065 0.041 0.02;0.242 0.088 0.117 0.022 0.024 0.077 0.019 0.028 0.084 0.092 0.065 0.048 0.041 0.033 0.02;
0.24 0.1 0.097 0.088 0.068 0.08 0.026 0.03 0.019 0.091 0.034 0.033 0.02 0.064 0.01;0.24 0.1 0.08 0.026 0.03 0.097 0.088 0.068 0.019 0.091 0.034 0.033 0.064 0.02 0.01;0.24 0.08 0.097 0.019 0.033 0.1 0.026 0.03 0.088 0.091 0.064 0.068 0.02 0.034 0.01;
0.221 0.093 0.099 0.088 0.069 0.081 0.025 0.025 0.015 0.117 0.028 0.03 0.042 0.052 0.015;0.221 0.093 0.081 0.025 0.025 0.099 0.088 0.069 0.015 0.117 0.028 0.03 0.052 0.042 0.015;0.221 0.081 0.099 0.015 0.03 0.093 0.025 0.025 0.088 0.117 0.052 0.069 0.042 0.028 0.015;
0.245 0.091 0.089 0.08 0.062 0.083 0.015 0.025 0.023 0.103 0.039 0.027 0.042 0.061 0.015;0.245 0.091 0.083 0.015 0.025 0.089 0.08 0.062 0.023 0.103 0.039 0.027 0.061 0.042 0.015;0.245 0.083 0.089 0.023 0.027 0.091 0.015 0.025 0.08 0.103 0.061 0.062 0.042 0.039 0.015;
0.239 0.097 0.101 0.092 0.063 0.073 0.019 0.031 0.025 0.099 0.025 0.03 0.024 0.063 0.019;0.239 0.097 0.073 0.019 0.031 0.101 0.092 0.063 0.025 0.099 0.025 0.03 0.063 0.024 0.019;0.239 0.073 0.101 0.025 0.03 0.097 0.019 0.031 0.092 0.099 0.063 0.063 0.024 0.025 0.019;
0.221 0.083 0.112 0.079 0.064 0.093 0.024 0.017 0.025 0.107 0.029 0.027 0.038 0.063 0.018;0.221 0.083 0.093 0.024 0.017 0.112 0.079 0.064 0.025 0.107 0.029 0.027 0.063 0.038 0.018;0.221 0.093 0.112 0.025 0.027 0.083 0.024 0.017 0.079 0.107 0.063 0.064 0.038 0.029 0.018;
0.226 0.091 0.092 0.09 0.069 0.079 0.026 0.036 0.023 0.099 0.03 0.034 0.035 0.049 0.021;0.226 0.091 0.079 0.026 0.036 0.092 0.09 0.069 0.023 0.099 0.03 0.034 0.049 0.035 0.021;0.226 0.079 0.092 0.023 0.034 0.091 0.026 0.036 0.09 0.099 0.049 0.069 0.035 0.03 0.021;
0.201 0.089 0.128 0.1 0.062 0.085 0.024 0.03 0.021 0.085 0.045 0.031 0.034 0.04 0.025;0.201 0.089 0.085 0.024 0.03 0.128 0.1 0.062 0.021 0.085 0.045 0.031 0.04 0.034 0.025;0.201 0.085 0.128 0.021 0.031 0.089 0.024 0.03 0.1 0.085 0.04 0.062 0.034 0.045 0.025;
0.244 0.086 0.104 0.086 0.062 0.079 0.02 0.02 0.017 0.104 0.031 0.027 0.027 0.071 0.022;0.244 0.086 0.079 0.02 0.02 0.104 0.086 0.062 0.017 0.104 0.031 0.027 0.071 0.027 0.022;0.244 0.079 0.104 0.017 0.027 0.086 0.02 0.02 0.086 0.104 0.071 0.062 0.027 0.031 0.022;
0.207 0.098 0.097 0.103 0.061 0.082 0.028 0.033 0.025 0.113 0.025 0.029 0.032 0.054 0.013;0.207 0.098 0.082 0.028 0.033 0.097 0.103 0.061 0.025 0.113 0.025 0.029 0.054 0.032 0.013;0.207 0.082 0.097 0.025 0.029 0.098 0.028 0.033 0.103 0.113 0.054 0.061 0.032 0.025 0.013;
0.221 0.098 0.097 0.092 0.06 0.089 0.025 0.021 0.031 0.093 0.035 0.034 0.037 0.051 0.016;0.221 0.098 0.089 0.025 0.021 0.097 0.092 0.06 0.031 0.093 0.035 0.034 0.051 0.037 0.016;0.221 0.089 0.097 0.031 0.034 0.098 0.025 0.021 0.092 0.093 0.051 0.06 0.037 0.035 0.016;
0.248 0.081 0.096 0.082 0.042 0.084 0.017 0.025 0.025 0.106 0.034 0.027 0.044 0.068 0.021;0.248 0.081 0.084 0.017 0.025 0.096 0.082 0.042 0.025 0.106 0.034 0.027 0.068 0.044 0.021;0.248 0.084 0.096 0.025 0.027 0.081 0.017 0.025 0.082 0.106 0.068 0.042 0.044 0.034 0.021;
0.228 0.091 0.097 0.095 0.059 0.081 0.022 0.021 0.02 0.112 0.031 0.031 0.025 0.066 0.021;0.228 0.091 0.081 0.022 0.021 0.097 0.095 0.059 0.02 0.112 0.031 0.031 0.066 0.025 0.021;0.228 0.081 0.097 0.02 0.031 0.091 0.022 0.021 0.095 0.112 0.066 0.059 0.025 0.031 0.021;
0.244 0.093 0.089 0.093 0.056 0.091 0.019 0.021 0.025 0.101 0.029 0.035 0.033 0.053 0.018;0.244 0.093 0.091 0.019 0.021 0.089 0.093 0.056 0.025 0.101 0.029 0.035 0.053 0.033 0.018;0.244 0.091 0.089 0.025 0.035 0.093 0.019 0.021 0.093 0.101 0.053 0.056 0.033 0.029 0.018;
0.22 0.084 0.1 0.083 0.054 0.091 0.017 0.038 0.027 0.119 0.031 0.025 0.034 0.066 0.011;0.22 0.084 0.091 0.017 0.038 0.1 0.083 0.054 0.027 0.119 0.031 0.025 0.066 0.034 0.011;0.22 0.091 0.1 0.027 0.025 0.084 0.017 0.038 0.083 0.119 0.066 0.054 0.034 0.031 0.011;
0.239 0.07 0.098 0.099 0.064 0.081 0.023 0.033 0.02 0.111 0.03 0.03 0.034 0.05 0.018;0.239 0.07 0.081 0.023 0.033 0.098 0.099 0.064 0.02 0.111 0.03 0.03 0.05 0.034 0.018;0.239 0.081 0.098 0.02 0.03 0.07 0.023 0.033 0.099 0.111 0.05 0.064 0.034 0.03 0.018;
0.215 0.098 0.103 0.104 0.062 0.089 0.016 0.024 0.024 0.113 0.024 0.02 0.033 0.055 0.02;0.215 0.098 0.089 0.016 0.024 0.103 0.104 0.062 0.024 0.113 0.024 0.02 0.055 0.033 0.02;0.215 0.089 0.103 0.024 0.02 0.098 0.016 0.024 0.104 0.113 0.055 0.062 0.033 0.024 0.02;
0.243 0.08 0.091 0.089 0.064 0.085 0.017 0.022 0.017 0.112 0.04 0.029 0.037 0.064 0.01;0.243 0.08 0.085 0.017 0.022 0.091 0.089 0.064 0.017 0.112 0.04 0.029 0.064 0.037 0.01;0.243 0.085 0.091 0.017 0.029 0.08 0.017 0.022 0.089 0.112 0.064 0.064 0.037 0.04 0.01;
0.242 0.093 0.085 0.091 0.071 0.066 0.029 0.025 0.023 0.09 0.038 0.032 0.034 0.07 0.011;0.242 0.093 0.066 0.029 0.025 0.085 0.091 0.071 0.023 0.09 0.038 0.032 0.07 0.034 0.011;0.242 0.066 0.085 0.023 0.032 0.093 0.029 0.025 0.091 0.09 0.07 0.071 0.034 0.038 0.011;
0.205 0.074 0.103 0.092 0.066 0.098 0.028 0.028 0.03 0.105 0.033 0.026 0.031 0.065 0.016;0.205 0.074 0.098 0.028 0.028 0.103 0.092 0.066 0.03 0.105 0.033 0.026 0.065 0.031 0.016;0.205 0.098 0.103 0.03 0.026 0.074 0.028 0.028 0.092 0.105 0.065 0.066 0.031 0.033 0.016;
0.239 0.099 0.113 0.078 0.065 0.081 0.017 0.02 0.019 0.085 0.031 0.046 0.038 0.054 0.015;0.239 0.099 0.081 0.017 0.02 0.113 0.078 0.065 0.019 0.085 0.031 0.046 0.054 0.038 0.015;0.239 0.081 0.113 0.019 0.046 0.099 0.017 0.02 0.078 0.085 0.054 0.065 0.038 0.031 0.015;
0.218 0.094 0.094 0.103 0.06 0.093 0.022 0.027 0.025 0.111 0.033 0.027 0.027 0.054 0.012;0.218 0.094 0.093 0.022 0.027 0.094 0.103 0.06 0.025 0.111 0.033 0.027 0.054 0.027 0.012;0.218 0.093 0.094 0.025 0.027 0.094 0.022 0.027 0.103 0.111 0.054 0.06 0.027 0.033 0.012;
0.218 0.095 0.098 0.089 0.061 0.088 0.013 0.024 0.021 0.105 0.039 0.03 0.034 0.061 0.024;0.218 0.095 0.088 0.013 0.024 0.098 0.089 0.061 0.021 0.105 0.039 0.03 0.061 0.034 0.024;0.218 0.088 0.098 0.021 0.03 0.095 0.013 0.024 0.089 0.105 0.061 0.061 0.034 0.039 0.024;
0.225 0.102 0.104 0.091 0.06 0.097 0.017 0.033 0.02 0.091 0.025 0.028 0.028 0.069 0.01;0.225 0.102 0.097 0.017 0.033 0.104 0.091 0.06 0.02 0.091 0.025 0.028 0.069 0.028 0.01;0.225 0.097 0.104 0.02 0.028 0.102 0.017 0.033 0.091 0.091 0.069 0.06 0.028 0.025 0.01;
0.243 0.089 0.087 0.091 0.069 0.076 0.02 0.018 0.031 0.1 0.026 0.033 0.048 0.058 0.011;0.243 0.089 0.076 0.02 0.018 0.087 0.091 0.069 0.031 0.1 0.026 0.033 0.058 0.048 0.011;0.243 0.076 0.087 0.031 0.033 0.089 0.02 0.018 0.091 0.1 0.058 0.069 0.048 0.026 0.011;
0.237 0.09 0.103 0.092 0.045 0.07 0.024 0.023 0.032 0.101 0.031 0.035 0.037 0.064 0.016;0.237 0.09 0.07 0.024 0.023 0.103 0.092 0.045 0.032 0.101 0.031 0.035 0.064 0.037 0.016;0.237 0.07 0.103 0.032 0.035 0.09 0.024 0.023 0.092 0.101 0.064 0.045 0.037 0.031 0.016;
0.212 0.101 0.096 0.105 0.053 0.082 0.018 0.03 0.02 0.102 0.034 0.027 0.031 0.065 0.024;0.212 0.101 0.082 0.018 0.03 0.096 0.105 0.053 0.02 0.102 0.034 0.027 0.065 0.031 0.024;0.212 0.082 0.096 0.02 0.027 0.101 0.018 0.03 0.105 0.102 0.065 0.053 0.031 0.034 0.024;
0.23 0.095 0.102 0.097 0.061 0.087 0.017 0.018 0.028 0.094 0.025 0.032 0.038 0.061 0.015;0.23 0.095 0.087 0.017 0.018 0.102 0.097 0.061 0.028 0.094 0.025 0.032 0.061 0.038 0.015;0.23 0.087 0.102 0.028 0.032 0.095 0.017 0.018 0.097 0.094 0.061 0.061 0.038 0.025 0.015;
0.227 0.085 0.091 0.121 0.054 0.092 0.023 0.025 0.019 0.103 0.028 0.024 0.042 0.053 0.013;0.227 0.085 0.092 0.023 0.025 0.091 0.121 0.054 0.019 0.103 0.028 0.024 0.053 0.042 0.013;0.227 0.092 0.091 0.019 0.024 0.085 0.023 0.025 0.121 0.103 0.053 0.054 0.042 0.028 0.013;
0.21 0.088 0.102 0.093 0.07 0.097 0.029 0.028 0.018 0.118 0.021 0.03 0.022 0.061 0.013;0.21 0.088 0.097 0.029 0.028 0.102 0.093 0.07 0.018 0.118 0.021 0.03 0.061 0.022 0.013;0.21 0.097 0.102 0.018 0.03 0.088 0.029 0.028 0.093 0.118 0.061 0.07 0.022 0.021 0.013;
0.235 0.076 0.099 0.091 0.071 0.088 0.02 0.032 0.018 0.097 0.028 0.035 0.033 0.058 0.019;0.235 0.076 0.088 0.02 0.032 0.099 0.091 0.071 0.018 0.097 0.028 0.035 0.058 0.033 0.019;0.235 0.088 0.099 0.018 0.035 0.076 0.02 0.032 0.091 0.097 0.058 0.071 0.033 0.028 0.019;
0.21 0.094 0.104 0.107 0.061 0.078 0.026 0.026 0.014 0.112 0.031 0.023 0.044 0.059 0.011;0.21 0.094 0.078 0.026 0.026 0.104 0.107 0.061 0.014 0.112 0.031 0.023 0.059 0.044 0.011;0.21 0.078 0.104 0.014 0.023 0.094 0.026 0.026 0.107 0.112 0.059 0.061 0.044 0.031 0.011;
0.254 0.069 0.082 0.089 0.057 0.101 0.019 0.029 0.016 0.094 0.036 0.045 0.038 0.047 0.024;0.254 0.069 0.101 0.019 0.029 0.082 0.089 0.057 0.016 0.094 0.036 0.045 0.047 0.038 0.024;0.254 0.101 0.082 0.016 0.045 0.069 0.019 0.029 0.089 0.094 0.047 0.057 0.038 0.036 0.024;
0.214 0.083 0.099 0.099 0.073 0.085 0.022 0.032 0.017 0.104 0.042 0.029 0.027 0.054 0.02;0.214 0.083 0.085 0.022 0.032 0.099 0.099 0.073 0.017 0.104 0.042 0.029 0.054 0.027 0.02;0.214 0.085 0.099 0.017 0.029 0.083 0.022 0.032 0.099 0.104 0.054 0.073 0.027 0.042 0.02;
0.218 0.094 0.108 0.106 0.053 0.089 0.019 0.023 0.029 0.093 0.032 0.033 0.025 0.067 0.011;0.218 0.094 0.089 0.019 0.023 0.108 0.106 0.053 0.029 0.093 0.032 0.033 0.067 0.025 0.011;0.218 0.089 0.108 0.029 0.033 0.094 0.019 0.023 0.106 0.093 0.067 0.053 0.025 0.032 0.011;
0.233 0.082 0.093 0.088 0.067 0.096 0.024 0.033 0.02 0.087 0.035 0.029 0.02 0.073 0.02;0.233 0.082 0.096 0.024 0.033 0.093 0.088 0.067 0.02 0.087 0.035 0.029 0.073 0.02 0.02;0.233 0.096 0.093 0.02 0.029 0.082 0.024 0.033 0.088 0.087 0.073 0.067 0.02 0.035 0.02;
0.219 0.079 0.114 0.112 0.061 0.08 0.025 0.03 0.022 0.106 0.03 0.025 0.037 0.045 0.015;0.219 0.079 0.08 0.025 0.03 0.114 0.112 0.061 0.022 0.106 0.03 0.025 0.045 0.037 0.015;0.219 0.08 0.114 0.022 0.025 0.079 0.025 0.03 0.112 0.106 0.045 0.061 0.037 0.03 0.015;
0.235 0.087 0.097 0.093 0.044 0.099 0.017 0.027 0.022 0.112 0.024 0.027 0.031 0.061 0.024;0.235 0.087 0.099 0.017 0.027 0.097 0.093 0.044 0.022 0.112 0.024 0.027 0.061 0.031 0.024;0.235 0.099 0.097 0.022 0.027 0.087 0.017 0.027 0.093 0.112 0.061 0.044 0.031 0.024 0.024;
0.232 0.094 0.104 0.084 0.05 0.098 0.027 0.021 0.026 0.101 0.03 0.023 0.03 0.061 0.019;0.232 0.094 0.098 0.027 0.021 0.104 0.084 0.05 0.026 0.101 0.03 0.023 0.061 0.03 0.019;0.232 0.098 0.104 0.026 0.023 0.094 0.027 0.021 0.084 0.101 0.061 0.05 0.03 0.03 0.019;
0.218 0.096 0.112 0.099 0.055 0.087 0.023 0.027 0.019 0.097 0.026 0.028 0.041 0.057 0.015;0.218 0.096 0.087 0.023 0.027 0.112 0.099 0.055 0.019 0.097 0.026 0.028 0.057 0.041 0.015;0.218 0.087 0.112 0.019 0.028 0.096 0.023 0.027 0.099 0.097 0.057 0.055 0.041 0.026 0.015;
0.265 0.11 0.113 0.091 0.058 0.07 0.021 0.021 0.015 0.094 0.02 0.027 0.035 0.051 0.009;0.265 0.11 0.07 0.021 0.021 0.113 0.091 0.058 0.015 0.094 0.02 0.027 0.051 0.035 0.009;0.265 0.07 0.113 0.015 0.027 0.11 0.021 0.021 0.091 0.094 0.051 0.058 0.035 0.02 0.009;
0.215 0.095 0.099 0.1 0.05 0.074 0.023 0.033 0.02 0.103 0.038 0.032 0.036 0.058 0.024;0.215 0.095 0.074 0.023 0.033 0.099 0.1 0.05 0.02 0.103 0.038 0.032 0.058 0.036 0.024;0.215 0.074 0.099 0.02 0.032 0.095 0.023 0.033 0.1 0.103 0.058 0.05 0.036 0.038 0.024;
0.218 0.103 0.098 0.111 0.058 0.086 0.023 0.029 0.022 0.091 0.023 0.021 0.038 0.059 0.02;0.218 0.103 0.086 0.023 0.029 0.098 0.111 0.058 0.022 0.091 0.023 0.021 0.059 0.038 0.02;0.218 0.086 0.098 0.022 0.021 0.103 0.023 0.029 0.111 0.091 0.059 0.058 0.038 0.023 0.02;
0.242 0.097 0.094 0.082 0.067 0.083 0.024 0.03 0.022 0.099 0.036 0.021 0.031 0.052 0.02;0.242 0.097 0.083 0.024 0.03 0.094 0.082 0.067 0.022 0.099 0.036 0.021 0.052 0.031 0.02;0.242 0.083 0.094 0.022 0.021 0.097 0.024 0.03 0.082 0.099 0.052 0.067 0.031 0.036 0.02;
0.231 0.107 0.081 0.087 0.063 0.087 0.016 0.028 0.021 0.107 0.029 0.025 0.036 0.062 0.02;0.231 0.107 0.087 0.016 0.028 0.081 0.087 0.063 0.021 0.107 0.029 0.025 0.062 0.036 0.02;0.231 0.087 0.081 0.021 0.025 0.107 0.016 0.028 0.087 0.107 0.062 0.063 0.036 0.029 0.02;
0.231 0.089 0.096 0.094 0.055 0.082 0.026 0.031 0.023 0.107 0.038 0.029 0.038 0.047 0.014;0.231 0.089 0.082 0.026 0.031 0.096 0.094 0.055 0.023 0.107 0.038 0.029 0.047 0.038 0.014;0.231 0.082 0.096 0.023 0.029 0.089 0.026 0.031 0.094 0.107 0.047 0.055 0.038 0.038 0.014;
0.21 0.1 0.085 0.109 0.071 0.081 0.023 0.032 0.02 0.09 0.029 0.031 0.029 0.067 0.023;0.21 0.1 0.081 0.023 0.032 0.085 0.109 0.071 0.02 0.09 0.029 0.031 0.067 0.029 0.023;0.21 0.081 0.085 0.02 0.031 0.1 0.023 0.032 0.109 0.09 0.067 0.071 0.029 0.029 0.023;
0.222 0.089 0.108 0.089 0.054 0.092 0.023 0.041 0.02 0.091 0.033 0.027 0.026 0.063 0.022;0.222 0.089 0.092 0.023 0.041 0.108 0.089 0.054 0.02 0.091 0.033 0.027 0.063 0.026 0.022;0.222 0.092 0.108 0.02 0.027 0.089 0.023 0.041 0.089 0.091 0.063 0.054 0.026 0.033 0.022;
0.241 0.09 0.095 0.101 0.063 0.083 0.015 0.023 0.022 0.103 0.032 0.029 0.021 0.067 0.015;0.241 0.09 0.083 0.015 0.023 0.095 0.101 0.063 0.022 0.103 0.032 0.029 0.067 0.021 0.015;0.241 0.083 0.095 0.022 0.029 0.09 0.015 0.023 0.101 0.103 0.067 0.063 0.021 0.032 0.015;
0.245 0.088 0.105 0.077 0.066 0.077 0.015 0.025 0.021 0.105 0.03 0.032 0.041 0.053 0.02;0.245 0.088 0.077 0.015 0.025 0.105 0.077 0.066 0.021 0.105 0.03 0.032 0.053 0.041 0.02;0.245 0.077 0.105 0.021 0.032 0.088 0.015 0.025 0.077 0.105 0.053 0.066 0.041 0.03 0.02;
0.221 0.085 0.093 0.087 0.073 0.101 0.027 0.027 0.025 0.102 0.028 0.026 0.025 0.065 0.015;0.221 0.085 0.101 0.027 0.027 0.093 0.087 0.073 0.025 0.102 0.028 0.026 0.065 0.025 0.015;0.221 0.101 0.093 0.025 0.026 0.085 0.027 0.027 0.087 0.102 0.065 0.073 0.025 0.028 0.015;
0.229 0.095 0.089 0.092 0.058 0.108 0.016 0.019 0.016 0.098 0.034 0.034 0.036 0.059 0.017;0.229 0.095 0.108 0.016 0.019 0.089 0.092 0.058 0.016 0.098 0.034 0.034 0.059 0.036 0.017;0.229 0.108 0.089 0.016 0.034 0.095 0.016 0.019 0.092 0.098 0.059 0.058 0.036 0.034 0.017;
0.257 0.08 0.111 0.095 0.061 0.087 0.017 0.023 0.018 0.096 0.025 0.027 0.034 0.052 0.017;0.257 0.08 0.087 0.017 0.023 0.111 0.095 0.061 0.018 0.096 0.025 0.027 0.052 0.034 0.017;0.257 0.087 0.111 0.018 0.027 0.08 0.017 0.023 0.095 0.096 0.052 0.061 0.034 0.025 0.017;
0.212 0.075 0.098 0.108 0.058 0.098 0.025 0.037 0.016 0.11 0.023 0.032 0.037 0.055 0.016;0.212 0.075 0.098 0.025 0.037 0.098 0.108 0.058 0.016 0.11 0.023 0.032 0.055 0.037 0.016;0.212 0.098 0.098 0.016 0.032 0.075 0.025 0.037 0.108 0.11 0.055 0.058 0.037 0.023 0.016;
0.233 0.078 0.095 0.114 0.06 0.076 0.026 0.023 0.029 0.089 0.033 0.031 0.03 0.063 0.02;0.233 0.078 0.076 0.026 0.023 0.095 0.114 0.06 0.029 0.089 0.033 0.031 0.063 0.03 0.02;0.233 0.076 0.095 0.029 0.031 0.078 0.026 0.023 0.114 0.089 0.063 0.06 0.03 0.033 0.02;
0.219 0.074 0.12 0.075 0.062 0.087 0.021 0.028 0.021 0.115 0.04 0.03 0.03 0.057 0.021;0.219 0.074 0.087 0.021 0.028 0.12 0.075 0.062 0.021 0.115 0.04 0.03 0.057 0.03 0.021;0.219 0.087 0.12 0.021 0.03 0.074 0.021 0.028 0.075 0.115 0.057 0.062 0.03 0.04 0.021;
0.232 0.086 0.097 0.104 0.067 0.087 0.021 0.021 0.022 0.105 0.025 0.035 0.027 0.064 0.007;0.232 0.086 0.087 0.021 0.021 0.097 0.104 0.067 0.022 0.105 0.025 0.035 0.064 0.027 0.007;0.232 0.087 0.097 0.022 0.035 0.086 0.021 0.021 0.104 0.105 0.064 0.067 0.027 0.025 0.007;
0.234 0.088 0.091 0.103 0.057 0.082 0.024 0.03 0.017 0.103 0.042 0.026 0.029 0.057 0.017;0.234 0.088 0.082 0.024 0.03 0.091 0.103 0.057 0.017 0.103 0.042 0.026 0.057 0.029 0.017;0.234 0.082 0.091 0.017 0.026 0.088 0.024 0.03 0.103 0.103 0.057 0.057 0.029 0.042 0.017;
0.236 0.077 0.098 0.099 0.061 0.087 0.023 0.036 0.025 0.089 0.031 0.032 0.028 0.058 0.02;0.236 0.077 0.087 0.023 0.036 0.098 0.099 0.061 0.025 0.089 0.031 0.032 0.058 0.028 0.02;0.236 0.087 0.098 0.025 0.032 0.077 0.023 0.036 0.099 0.089 0.058 0.061 0.028 0.031 0.02;
0.219 0.1 0.1 0.083 0.057 0.077 0.017 0.032 0.022 0.118 0.018 0.03 0.044 0.066 0.017;0.219 0.1 0.077 0.017 0.032 0.1 0.083 0.057 0.022 0.118 0.018 0.03 0.066 0.044 0.017;0.219 0.077 0.1 0.022 0.03 0.1 0.017 0.032 0.083 0.118 0.066 0.057 0.044 0.018 0.017;
0.21 0.084 0.11 0.098 0.061 0.078 0.032 0.031 0.02 0.099 0.033 0.039 0.03 0.052 0.023;0.21 0.084 0.078 0.032 0.031 0.11 0.098 0.061 0.02 0.099 0.033 0.039 0.052 0.03 0.023;0.21 0.078 0.11 0.02 0.039 0.084 0.032 0.031 0.098 0.099 0.052 0.061 0.03 0.033 0.023;
0.227 0.082 0.1 0.08 0.065 0.083 0.019 0.025 0.02 0.102 0.036 0.033 0.042 0.075 0.011;0.227 0.082 0.083 0.019 0.025 0.1 0.08 0.065 0.02 0.102 0.036 0.033 0.075 0.042 0.011;0.227 0.083 0.1 0.02 0.033 0.082 0.019 0.025 0.08 0.102 0.075 0.065 0.042 0.036 0.011;
0.227 0.099 0.097 0.112 0.056 0.08 0.022 0.034 0.019 0.09 0.028 0.035 0.021 0.064 0.016;0.227 0.099 0.08 0.022 0.034 0.097 0.112 0.056 0.019 0.09 0.028 0.035 0.064 0.021 0.016;0.227 0.08 0.097 0.019 0.035 0.099 0.022 0.034 0.112 0.09 0.064 0.056 0.021 0.028 0.016;
0.214 0.082 0.096 0.089 0.068 0.096 0.024 0.035 0.023 0.094 0.03 0.042 0.034 0.058 0.015;0.214 0.082 0.096 0.024 0.035 0.096 0.089 0.068 0.023 0.094 0.03 0.042 0.058 0.034 0.015;0.214 0.096 0.096 0.023 0.042 0.082 0.024 0.035 0.089 0.094 0.058 0.068 0.034 0.03 0.015;
0.212 0.11 0.1 0.088 0.05 0.097 0.022 0.025 0.02 0.096 0.035 0.026 0.036 0.066 0.017;0.212 0.11 0.097 0.022 0.025 0.1 0.088 0.05 0.02 0.096 0.035 0.026 0.066 0.036 0.017;0.212 0.097 0.1 0.02 0.026 0.11 0.022 0.025 0.088 0.096 0.066 0.05 0.036 0.035 0.017;
0.236 0.079 0.099 0.107 0.047 0.097 0.015 0.033 0.021 0.094 0.036 0.024 0.031 0.059 0.022;0.236 0.079 0.097 0.015 0.033 0.099 0.107 0.047 0.021 0.094 0.036 0.024 0.059 0.031 0.022;0.236 0.097 0.099 0.021 0.024 0.079 0.015 0.033 0.107 0.094 0.059 0.047 0.031 0.036 0.022;
0.226 0.087 0.105 0.087 0.073 0.068 0.026 0.04 0.012 0.1 0.034 0.028 0.037 0.05 0.027;0.226 0.087 0.068 0.026 0.04 0.105 0.087 0.073 0.012 0.1 0.034 0.028 0.05 0.037 0.027;0.226 0.068 0.105 0.012 0.028 0.087 0.026 0.04 0.087 0.1 0.05 0.073 0.037 0.034 0.027;
0.222 0.079 0.097 0.087 0.068 0.105 0.02 0.016 0.018 0.114 0.036 0.037 0.035 0.049 0.017;0.222 0.079 0.105 0.02 0.016 0.097 0.087 0.068 0.018 0.114 0.036 0.037 0.049 0.035 0.017;0.222 0.105 0.097 0.018 0.037 0.079 0.02 0.016 0.087 0.114 0.049 0.068 0.035 0.036 0.017;
0.252 0.102 0.105 0.099 0.057 0.075 0.015 0.029 0.021 0.076 0.04 0.021 0.03 0.058 0.02;0.252 0.102 0.075 0.015 0.029 0.105 0.099 0.057 0.021 0.076 0.04 0.021 0.058 0.03 0.02;0.252 0.075 0.105 0.021 0.021 0.102 0.015 0.029 0.099 0.076 0.058 0.057 0.03 0.04 0.02;
0.228 0.073 0.103 0.086 0.055 0.085 0.036 0.02 0.029 0.107 0.035 0.032 0.041 0.052 0.018;0.228 0.073 0.085 0.036 0.02 0.103 0.086 0.055 0.029 0.107 0.035 0.032 0.052 0.041 0.018;0.228 0.085 0.103 0.029 0.032 0.073 0.036 0.02 0.086 0.107 0.052 0.055 0.041 0.035 0.018;
0.228 0.081 0.1 0.091 0.059 0.094 0.019 0.033 0.023 0.089 0.034 0.036 0.033 0.061 0.019;0.228 0.081 0.094 0.019 0.033 0.1 0.091 0.059 0.023 0.089 0.034 0.036 0.061 0.033 0.019;0.228 0.094 0.1 0.023 0.036 0.081 0.019 0.033 0.091 0.089 0.061 0.059 0.033 0.034 0.019;
0.213 0.105 0.088 0.091 0.059 0.086 0.022 0.04 0.022 0.101 0.022 0.044 0.032 0.053 0.022;0.213 0.105 0.086 0.022 0.04 0.088 0.091 0.059 0.022 0.101 0.022 0.044 0.053 0.032 0.022;0.213 0.086 0.088 0.022 0.044 0.105 0.022 0.04 0.091 0.101 0.053 0.059 0.032 0.022 0.022;
0.227 0.095 0.101 0.092 0.06 0.089 0.025 0.027 0.025 0.099 0.024 0.02 0.032 0.062 0.022;0.227 0.095 0.089 0.025 0.027 0.101 0.092 0.06 0.025 0.099 0.024 0.02 0.062 0.032 0.022;0.227 0.089 0.101 0.025 0.02 0.095 0.025 0.027 0.092 0.099 0.062 0.06 0.032 0.024 0.022;
0.24 0.083 0.093 0.106 0.057 0.084 0.03 0.019 0.027 0.091 0.026 0.028 0.044 0.053 0.019;0.24 0.083 0.084 0.03 0.019 0.093 0.106 0.057 0.027 0.091 0.026 0.028 0.053 0.044 0.019;0.24 0.084 0.093 0.027 0.028 0.083 0.03 0.019 0.106 0.091 0.053 0.057 0.044 0.026 0.019;
0.238 0.085 0.109 0.113 0.055 0.076 0.019 0.022 0.017 0.084 0.031 0.036 0.038 0.054 0.023;0.238 0.085 0.076 0.019 0.022 0.109 0.113 0.055 0.017 0.084 0.031 0.036 0.054 0.038 0.023;0.238 0.076 0.109 0.017 0.036 0.085 0.019 0.022 0.113 0.084 0.054 0.055 0.038 0.031 0.023;
0.228 0.089 0.106 0.069 0.071 0.09 0.019 0.028 0.021 0.105 0.03 0.027 0.035 0.062 0.02;0.228 0.089 0.09 0.019 0.028 0.106 0.069 0.071 0.021 0.105 0.03 0.027 0.062 0.035 0.02;0.228 0.09 0.106 0.021 0.027 0.089 0.019 0.028 0.069 0.105 0.062 0.071 0.035 0.03 0.02;
0.199 0.077 0.088 0.117 0.065 0.095 0.028 0.024 0.031 0.092 0.029 0.04 0.037 0.062 0.016;0.199 0.077 0.095 0.028 0.024 0.088 0.117 0.065 0.031 0.092 0.029 0.04 0.062 0.037 0.016;0.199 0.095 0.088 0.031 0.04 0.077 0.028 0.024 0.117 0.092 0.062 0.065 0.037 0.029 0.016;
0.225 0.084 0.101 0.088 0.049 0.084 0.025 0.028 0.025 0.106 0.038 0.025 0.042 0.057 0.023;0.225 0.084 0.084 0.025 0.028 0.101 0.088 0.049 0.025 0.106 0.038 0.025 0.057 0.042 0.023;0.225 0.084 0.101 0.025 0.025 0.084 0.025 0.028 0.088 0.106 0.057 0.049 0.042 0.038 0.023;
0.205 0.096 0.095 0.108 0.069 0.071 0.027 0.021 0.026 0.099 0.033 0.036 0.028 0.068 0.018;0.205 0.096 0.071 0.027 0.021 0.095 0.108 0.069 0.026 0.099 0.033 0.036 0.068 0.028 0.018;0.205 0.071 0.095 0.026 0.036 0.096 0.027 0.021 0.108 0.099 0.068 0.069 0.028 0.033 0.018;
0.22 0.09 0.121 0.085 0.046 0.099 0.017 0.031 0.015 0.099 0.03 0.031 0.044 0.055 0.017;0.22 0.09 0.099 0.017 0.031 0.121 0.085 0.046 0.015 0.099 0.03 0.031 0.055 0.044 0.017;0.22 0.099 0.121 0.015 0.031 0.09 0.017 0.031 0.085 0.099 0.055 0.046 0.044 0.03 0.017];