pntP=[0.245 0.094 0.09 0.112 0.052 0.072 0.023 0.032 0.017 0.102 0.027 0.029 0.029 0.06 0.016;0.245 0.094 0.072 0.023 0.032 0.09 0.112 0.052 0.017 0.102 0.027 0.029 0.06 0.029 0.016;0.245 0.072 0.09 0.017 0.029 0.094 0.023 0.032 0.112 0.102 0.06 0.052 0.029 0.027 0.016;
0.285 0.098 0.076 0.105 0.05 0.078 0.027 0.029 0.021 0.094 0.028 0.024 0.025 0.046 0.014;0.285 0.098 0.078 0.027 0.029 0.076 0.105 0.05 0.021 0.094 0.028 0.024 0.046 0.025 0.014;0.285 0.078 0.076 0.021 0.024 0.098 0.027 0.029 0.105 0.094 0.046 0.05 0.025 0.028 0.014;
0.254 0.085 0.068 0.106 0.06 0.09 0.02 0.025 0.011 0.109 0.034 0.032 0.033 0.059 0.014;0.254 0.085 0.09 0.02 0.025 0.068 0.106 0.06 0.011 0.109 0.034 0.032 0.059 0.033 0.014;0.254 0.09 0.068 0.011 0.032 0.085 0.02 0.025 0.106 0.109 0.059 0.06 0.033 0.034 0.014;
0.258 0.098 0.087 0.09 0.063 0.104 0.019 0.024 0.018 0.082 0.03 0.022 0.035 0.058 0.012;0.258 0.098 0.104 0.019 0.024 0.087 0.09 0.063 0.018 0.082 0.03 0.022 0.058 0.035 0.012;0.258 0.104 0.087 0.018 0.022 0.098 0.019 0.024 0.09 0.082 0.058 0.063 0.035 0.03 0.012;
0.293 0.09 0.086 0.095 0.055 0.091 0.028 0.022 0.023 0.085 0.02 0.022 0.02 0.056 0.014;0.293 0.09 0.091 0.028 0.022 0.086 0.095 0.055 0.023 0.085 0.02 0.022 0.056 0.02 0.014;0.293 0.091 0.086 0.023 0.022 0.09 0.028 0.022 0.095 0.085 0.056 0.055 0.02 0.02 0.014;
0.232 0.083 0.093 0.097 0.063 0.102 0.016 0.028 0.025 0.095 0.03 0.027 0.026 0.066 0.017;0.232 0.083 0.102 0.016 0.028 0.093 0.097 0.063 0.025 0.095 0.03 0.027 0.066 0.026 0.017;0.232 0.102 0.093 0.025 0.027 0.083 0.016 0.028 0.097 0.095 0.066 0.063 0.026 0.03 0.017;
0.227 0.101 0.102 0.123 0.059 0.091 0.018 0.02 0.016 0.085 0.033 0.028 0.034 0.05 0.013;0.227 0.101 0.091 0.018 0.02 0.102 0.123 0.059 0.016 0.085 0.033 0.028 0.05 0.034 0.013;0.227 0.091 0.102 0.016 0.028 0.101 0.018 0.02 0.123 0.085 0.05 0.059 0.034 0.033 0.013;
0.246 0.087 0.088 0.098 0.056 0.093 0.022 0.036 0.02 0.104 0.034 0.023 0.02 0.061 0.012;0.246 0.087 0.093 0.022 0.036 0.088 0.098 0.056 0.02 0.104 0.034 0.023 0.061 0.02 0.012;0.246 0.093 0.088 0.02 0.023 0.087 0.022 0.036 0.098 0.104 0.061 0.056 0.02 0.034 0.012;
0.254 0.085 0.084 0.1 0.052 0.106 0.017 0.025 0.016 0.082 0.032 0.035 0.029 0.063 0.02;0.254 0.085 0.106 0.017 0.025 0.084 0.1 0.052 0.016 0.082 0.032 0.035 0.063 0.029 0.02;0.254 0.106 0.084 0.016 0.035 0.085 0.017 0.025 0.1 0.082 0.063 0.052 0.029 0.032 0.02;
0.258 0.098 0.089 0.085 0.063 0.094 0.016 0.024 0.019 0.092 0.027 0.032 0.028 0.063 0.012;0.258 0.098 0.094 0.016 0.024 0.089 0.085 0.063 0.019 0.092 0.027 0.032 0.063 0.028 0.012;0.258 0.094 0.089 0.019 0.032 0.098 0.016 0.024 0.085 0.092 0.063 0.063 0.028 0.027 0.012;
0.238 0.084 0.105 0.1 0.057 0.091 0.019 0.03 0.017 0.099 0.024 0.031 0.027 0.06 0.018;0.238 0.084 0.091 0.019 0.03 0.105 0.1 0.057 0.017 0.099 0.024 0.031 0.06 0.027 0.018;0.238 0.091 0.105 0.017 0.031 0.084 0.019 0.03 0.1 0.099 0.06 0.057 0.027 0.024 0.018;
0.259 0.093 0.093 0.098 0.066 0.092 0.02 0.028 0.014 0.087 0.032 0.022 0.025 0.058 0.013;0.259 0.093 0.092 0.02 0.028 0.093 0.098 0.066 0.014 0.087 0.032 0.022 0.058 0.025 0.013;0.259 0.092 0.093 0.014 0.022 0.093 0.02 0.028 0.098 0.087 0.058 0.066 0.025 0.032 0.013;
0.264 0.101 0.099 0.089 0.071 0.092 0.016 0.019 0.017 0.079 0.03 0.026 0.023 0.059 0.015;0.264 0.101 0.092 0.016 0.019 0.099 0.089 0.071 0.017 0.079 0.03 0.026 0.059 0.023 0.015;0.264 0.092 0.099 0.017 0.026 0.101 0.016 0.019 0.089 0.079 0.059 0.071 0.023 0.03 0.015;
0.245 0.085 0.101 0.096 0.047 0.105 0.019 0.021 0.017 0.105 0.035 0.02 0.034 0.056 0.014;0.245 0.085 0.105 0.019 0.021 0.101 0.096 0.047 0.017 0.105 0.035 0.02 0.056 0.034 0.014;0.245 0.105 0.101 0.017 0.02 0.085 0.019 0.021 0.096 0.105 0.056 0.047 0.034 0.035 0.014;
0.264 0.089 0.086 0.104 0.058 0.093 0.022 0.032 0.016 0.089 0.025 0.028 0.032 0.051 0.011;0.264 0.089 0.093 0.022 0.032 0.086 0.104 0.058 0.016 0.089 0.025 0.028 0.051 0.032 0.011;0.264 0.093 0.086 0.016 0.028 0.089 0.022 0.032 0.104 0.089 0.051 0.058 0.032 0.025 0.011;
0.243 0.094 0.107 0.085 0.05 0.09 0.027 0.026 0.017 0.101 0.024 0.027 0.027 0.064 0.018;0.243 0.094 0.09 0.027 0.026 0.107 0.085 0.05 0.017 0.101 0.024 0.027 0.064 0.027 0.018;0.243 0.09 0.107 0.017 0.027 0.094 0.027 0.026 0.085 0.101 0.064 0.05 0.027 0.024 0.018;
0.273 0.085 0.106 0.085 0.045 0.078 0.014 0.03 0.017 0.092 0.032 0.021 0.035 0.071 0.016;0.273 0.085 0.078 0.014 0.03 0.106 0.085 0.045 0.017 0.092 0.032 0.021 0.071 0.035 0.016;0.273 0.078 0.106 0.017 0.021 0.085 0.014 0.03 0.085 0.092 0.071 0.045 0.035 0.032 0.016;
0.259 0.077 0.092 0.102 0.063 0.104 0.017 0.029 0.016 0.095 0.024 0.027 0.022 0.055 0.018;0.259 0.077 0.104 0.017 0.029 0.092 0.102 0.063 0.016 0.095 0.024 0.027 0.055 0.022 0.018;0.259 0.104 0.092 0.016 0.027 0.077 0.017 0.029 0.102 0.095 0.055 0.063 0.022 0.024 0.018;
0.263 0.093 0.087 0.094 0.052 0.09 0.01 0.031 0.022 0.092 0.034 0.02 0.029 0.07 0.013;0.263 0.093 0.09 0.01 0.031 0.087 0.094 0.052 0.022 0.092 0.034 0.02 0.07 0.029 0.013;0.263 0.09 0.087 0.022 0.02 0.093 0.01 0.031 0.094 0.092 0.07 0.052 0.029 0.034 0.013;
0.276 0.1 0.076 0.109 0.052 0.08 0.02 0.029 0.021 0.102 0.02 0.026 0.016 0.051 0.022;0.276 0.1 0.08 0.02 0.029 0.076 0.109 0.052 0.021 0.102 0.02 0.026 0.051 0.016 0.022;0.276 0.08 0.076 0.021 0.026 0.1 0.02 0.029 0.109 0.102 0.051 0.052 0.016 0.02 0.022;
0.246 0.08 0.11 0.084 0.085 0.091 0.013 0.023 0.023 0.093 0.026 0.023 0.027 0.057 0.019;0.246 0.08 0.091 0.013 0.023 0.11 0.084 0.085 0.023 0.093 0.026 0.023 0.057 0.027 0.019;0.246 0.091 0.11 0.023 0.023 0.08 0.013 0.023 0.084 0.093 0.057 0.085 0.027 0.026 0.019;
0.264 0.112 0.099 0.078 0.053 0.091 0.022 0.033 0.015 0.091 0.023 0.029 0.023 0.049 0.018;0.264 0.112 0.091 0.022 0.033 0.099 0.078 0.053 0.015 0.091 0.023 0.029 0.049 0.023 0.018;0.264 0.091 0.099 0.015 0.029 0.112 0.022 0.033 0.078 0.091 0.049 0.053 0.023 0.023 0.018;
0.261 0.083 0.095 0.087 0.06 0.091 0.02 0.023 0.017 0.096 0.03 0.022 0.033 0.067 0.015;0.261 0.083 0.091 0.02 0.023 0.095 0.087 0.06 0.017 0.096 0.03 0.022 0.067 0.033 0.015;0.261 0.091 0.095 0.017 0.022 0.083 0.02 0.023 0.087 0.096 0.067 0.06 0.033 0.03 0.015;
0.266 0.096 0.085 0.096 0.063 0.075 0.02 0.023 0.018 0.103 0.023 0.02 0.026 0.072 0.014;0.266 0.096 0.075 0.02 0.023 0.085 0.096 0.063 0.018 0.103 0.023 0.02 0.072 0.026 0.014;0.266 0.075 0.085 0.018 0.02 0.096 0.02 0.023 0.096 0.103 0.072 0.063 0.026 0.023 0.014;
0.264 0.101 0.094 0.095 0.058 0.091 0.013 0.023 0.021 0.074 0.027 0.023 0.031 0.07 0.015;0.264 0.101 0.091 0.013 0.023 0.094 0.095 0.058 0.021 0.074 0.027 0.023 0.07 0.031 0.015;0.264 0.091 0.094 0.021 0.023 0.101 0.013 0.023 0.095 0.074 0.07 0.058 0.031 0.027 0.015;
0.253 0.083 0.109 0.101 0.051 0.088 0.021 0.03 0.017 0.089 0.025 0.024 0.032 0.064 0.013;0.253 0.083 0.088 0.021 0.03 0.109 0.101 0.051 0.017 0.089 0.025 0.024 0.064 0.032 0.013;0.253 0.088 0.109 0.017 0.024 0.083 0.021 0.03 0.101 0.089 0.064 0.051 0.032 0.025 0.013;
0.272 0.092 0.075 0.099 0.053 0.098 0.026 0.03 0.018 0.095 0.029 0.025 0.023 0.048 0.017;0.272 0.092 0.098 0.026 0.03 0.075 0.099 0.053 0.018 0.095 0.029 0.025 0.048 0.023 0.017;0.272 0.098 0.075 0.018 0.025 0.092 0.026 0.03 0.099 0.095 0.048 0.053 0.023 0.029 0.017;
0.248 0.093 0.091 0.096 0.051 0.103 0.025 0.02 0.016 0.091 0.029 0.026 0.033 0.067 0.011;0.248 0.093 0.103 0.025 0.02 0.091 0.096 0.051 0.016 0.091 0.029 0.026 0.067 0.033 0.011;0.248 0.103 0.091 0.016 0.026 0.093 0.025 0.02 0.096 0.091 0.067 0.051 0.033 0.029 0.011;
0.25 0.095 0.08 0.118 0.053 0.092 0.018 0.024 0.018 0.084 0.028 0.032 0.029 0.065 0.014;0.25 0.095 0.092 0.018 0.024 0.08 0.118 0.053 0.018 0.084 0.028 0.032 0.065 0.029 0.014;0.25 0.092 0.08 0.018 0.032 0.095 0.018 0.024 0.118 0.084 0.065 0.053 0.029 0.028 0.014;
0.274 0.083 0.103 0.099 0.039 0.086 0.019 0.029 0.021 0.089 0.026 0.031 0.024 0.061 0.016;0.274 0.083 0.086 0.019 0.029 0.103 0.099 0.039 0.021 0.089 0.026 0.031 0.061 0.024 0.016;0.274 0.086 0.103 0.021 0.031 0.083 0.019 0.029 0.099 0.089 0.061 0.039 0.024 0.026 0.016;
0.251 0.088 0.097 0.088 0.057 0.096 0.013 0.025 0.021 0.103 0.026 0.029 0.029 0.06 0.017;0.251 0.088 0.096 0.013 0.025 0.097 0.088 0.057 0.021 0.103 0.026 0.029 0.06 0.029 0.017;0.251 0.096 0.097 0.021 0.029 0.088 0.013 0.025 0.088 0.103 0.06 0.057 0.029 0.026 0.017;
0.244 0.095 0.101 0.105 0.052 0.101 0.026 0.023 0.02 0.087 0.027 0.027 0.025 0.057 0.01;0.244 0.095 0.101 0.026 0.023 0.101 0.105 0.052 0.02 0.087 0.027 0.027 0.057 0.025 0.01;0.244 0.101 0.101 0.02 0.027 0.095 0.026 0.023 0.105 0.087 0.057 0.052 0.025 0.027 0.01;
0.263 0.08 0.085 0.113 0.062 0.088 0.022 0.026 0.016 0.093 0.028 0.026 0.025 0.061 0.012;0.263 0.08 0.088 0.022 0.026 0.085 0.113 0.062 0.016 0.093 0.028 0.026 0.061 0.025 0.012;0.263 0.088 0.085 0.016 0.026 0.08 0.022 0.026 0.113 0.093 0.061 0.062 0.025 0.028 0.012;
0.271 0.079 0.099 0.086 0.056 0.106 0.02 0.038 0.014 0.082 0.022 0.027 0.029 0.053 0.018;0.271 0.079 0.106 0.02 0.038 0.099 0.086 0.056 0.014 0.082 0.022 0.027 0.053 0.029 0.018;0.271 0.106 0.099 0.014 0.027 0.079 0.02 0.038 0.086 0.082 0.053 0.056 0.029 0.022 0.018;
0.264 0.094 0.092 0.095 0.061 0.093 0.02 0.018 0.031 0.088 0.025 0.026 0.023 0.054 0.016;0.264 0.094 0.093 0.02 0.018 0.092 0.095 0.061 0.031 0.088 0.025 0.026 0.054 0.023 0.016;0.264 0.093 0.092 0.031 0.026 0.094 0.02 0.018 0.095 0.088 0.054 0.061 0.023 0.025 0.016;
0.237 0.088 0.088 0.106 0.055 0.098 0.02 0.024 0.018 0.116 0.026 0.029 0.022 0.063 0.01;0.237 0.088 0.098 0.02 0.024 0.088 0.106 0.055 0.018 0.116 0.026 0.029 0.063 0.022 0.01;0.237 0.098 0.088 0.018 0.029 0.088 0.02 0.024 0.106 0.116 0.063 0.055 0.022 0.026 0.01;
0.254 0.088 0.087 0.111 0.063 0.096 0.014 0.02 0.013 0.091 0.029 0.029 0.019 0.063 0.023;0.254 0.088 0.096 0.014 0.02 0.087 0.111 0.063 0.013 0.091 0.029 0.029 0.063 0.019 0.023;0.254 0.096 0.087 0.013 0.029 0.088 0.014 0.02 0.111 0.091 0.063 0.063 0.019 0.029 0.023;
0.238 0.104 0.076 0.103 0.059 0.11 0.018 0.034 0.019 0.095 0.018 0.025 0.023 0.062 0.016;0.238 0.104 0.11 0.018 0.034 0.076 0.103 0.059 0.019 0.095 0.018 0.025 0.062 0.023 0.016;0.238 0.11 0.076 0.019 0.025 0.104 0.018 0.034 0.103 0.095 0.062 0.059 0.023 0.018 0.016;
0.256 0.099 0.091 0.098 0.047 0.096 0.018 0.028 0.022 0.089 0.026 0.021 0.037 0.061 0.011;0.256 0.099 0.096 0.018 0.028 0.091 0.098 0.047 0.022 0.089 0.026 0.021 0.061 0.037 0.011;0.256 0.096 0.091 0.022 0.021 0.099 0.018 0.028 0.098 0.089 0.061 0.047 0.037 0.026 0.011;
0.26 0.093 0.084 0.107 0.055 0.085 0.021 0.045 0.018 0.08 0.03 0.02 0.023 0.063 0.016;0.26 0.093 0.085 0.021 0.045 0.084 0.107 0.055 0.018 0.08 0.03 0.02 0.063 0.023 0.016;0.26 0.085 0.084 0.018 0.02 0.093 0.021 0.045 0.107 0.08 0.063 0.055 0.023 0.03 0.016;
0.262 0.084 0.09 0.102 0.061 0.085 0.022 0.035 0.025 0.091 0.031 0.018 0.034 0.046 0.014;0.262 0.084 0.085 0.022 0.035 0.09 0.102 0.061 0.025 0.091 0.031 0.018 0.046 0.034 0.014;0.262 0.085 0.09 0.025 0.018 0.084 0.022 0.035 0.102 0.091 0.046 0.061 0.034 0.031 0.014;
0.239 0.094 0.095 0.111 0.058 0.074 0.03 0.027 0.017 0.084 0.037 0.028 0.027 0.066 0.013;0.239 0.094 0.074 0.03 0.027 0.095 0.111 0.058 0.017 0.084 0.037 0.028 0.066 0.027 0.013;0.239 0.074 0.095 0.017 0.028 0.094 0.03 0.027 0.111 0.084 0.066 0.058 0.027 0.037 0.013;
0.272 0.11 0.077 0.105 0.049 0.082 0.02 0.027 0.024 0.095 0.026 0.024 0.019 0.054 0.016;0.272 0.11 0.082 0.02 0.027 0.077 0.105 0.049 0.024 0.095 0.026 0.024 0.054 0.019 0.016;0.272 0.082 0.077 0.024 0.024 0.11 0.02 0.027 0.105 0.095 0.054 0.049 0.019 0.026 0.016;
0.27 0.089 0.075 0.116 0.067 0.093 0.019 0.021 0.015 0.078 0.029 0.03 0.037 0.049 0.012;0.27 0.089 0.093 0.019 0.021 0.075 0.116 0.067 0.015 0.078 0.029 0.03 0.049 0.037 0.012;0.27 0.093 0.075 0.015 0.03 0.089 0.019 0.021 0.116 0.078 0.049 0.067 0.037 0.029 0.012;
0.258 0.078 0.095 0.114 0.056 0.113 0.014 0.029 0.01 0.088 0.033 0.018 0.028 0.053 0.013;0.258 0.078 0.113 0.014 0.029 0.095 0.114 0.056 0.01 0.088 0.033 0.018 0.053 0.028 0.013;0.258 0.113 0.095 0.01 0.018 0.078 0.014 0.029 0.114 0.088 0.053 0.056 0.028 0.033 0.013;
0.242 0.075 0.105 0.108 0.058 0.097 0.027 0.023 0.019 0.102 0.026 0.029 0.03 0.049 0.01;0.242 0.075 0.097 0.027 0.023 0.105 0.108 0.058 0.019 0.102 0.026 0.029 0.049 0.03 0.01;0.242 0.097 0.105 0.019 0.029 0.075 0.027 0.023 0.108 0.102 0.049 0.058 0.03 0.026 0.01;
0.28 0.093 0.078 0.094 0.069 0.069 0.013 0.023 0.02 0.094 0.032 0.029 0.036 0.05 0.02;0.28 0.093 0.069 0.013 0.023 0.078 0.094 0.069 0.02 0.094 0.032 0.029 0.05 0.036 0.02;0.28 0.069 0.078 0.02 0.029 0.093 0.013 0.023 0.094 0.094 0.05 0.069 0.036 0.032 0.02;
0.246 0.089 0.079 0.12 0.056 0.088 0.026 0.02 0.022 0.108 0.026 0.019 0.022 0.069 0.01;0.246 0.089 0.088 0.026 0.02 0.079 0.12 0.056 0.022 0.108 0.026 0.019 0.069 0.022 0.01;0.246 0.088 0.079 0.022 0.019 0.089 0.026 0.02 0.12 0.108 0.069 0.056 0.022 0.026 0.01;
0.237 0.091 0.111 0.105 0.049 0.091 0.009 0.036 0.021 0.102 0.021 0.027 0.032 0.055 0.013;0.237 0.091 0.091 0.009 0.036 0.111 0.105 0.049 0.021 0.102 0.021 0.027 0.055 0.032 0.013;0.237 0.091 0.111 0.021 0.027 0.091 0.009 0.036 0.105 0.102 0.055 0.049 0.032 0.021 0.013;
0.257 0.089 0.083 0.089 0.061 0.096 0.016 0.031 0.029 0.091 0.032 0.029 0.031 0.049 0.017;0.257 0.089 0.096 0.016 0.031 0.083 0.089 0.061 0.029 0.091 0.032 0.029 0.049 0.031 0.017;0.257 0.096 0.083 0.029 0.029 0.089 0.016 0.031 0.089 0.091 0.049 0.061 0.031 0.032 0.017;
0.231 0.1 0.09 0.112 0.054 0.099 0.023 0.028 0.022 0.086 0.026 0.029 0.02 0.064 0.016;0.231 0.1 0.099 0.023 0.028 0.09 0.112 0.054 0.022 0.086 0.026 0.029 0.064 0.02 0.016;0.231 0.099 0.09 0.022 0.029 0.1 0.023 0.028 0.112 0.086 0.064 0.054 0.02 0.026 0.016;
0.271 0.093 0.072 0.103 0.051 0.098 0.022 0.028 0.024 0.079 0.024 0.032 0.03 0.058 0.015;0.271 0.093 0.098 0.022 0.028 0.072 0.103 0.051 0.024 0.079 0.024 0.032 0.058 0.03 0.015;0.271 0.098 0.072 0.024 0.032 0.093 0.022 0.028 0.103 0.079 0.058 0.051 0.03 0.024 0.015;
0.263 0.103 0.076 0.103 0.072 0.078 0.019 0.03 0.02 0.08 0.031 0.025 0.025 0.058 0.017;0.263 0.103 0.078 0.019 0.03 0.076 0.103 0.072 0.02 0.08 0.031 0.025 0.058 0.025 0.017;0.263 0.078 0.076 0.02 0.025 0.103 0.019 0.03 0.103 0.08 0.058 0.072 0.025 0.031 0.017;
0.274 0.099 0.071 0.103 0.066 0.087 0.018 0.021 0.017 0.085 0.034 0.027 0.033 0.053 0.012;0.274 0.099 0.087 0.018 0.021 0.071 0.103 0.066 0.017 0.085 0.034 0.027 0.053 0.033 0.012;0.274 0.087 0.071 0.017 0.027 0.099 0.018 0.021 0.103 0.085 0.053 0.066 0.033 0.034 0.012;
0.265 0.109 0.094 0.091 0.066 0.086 0.017 0.024 0.019 0.103 0.029 0.017 0.023 0.043 0.014;0.265 0.109 0.086 0.017 0.024 0.094 0.091 0.066 0.019 0.103 0.029 0.017 0.043 0.023 0.014;0.265 0.086 0.094 0.019 0.017 0.109 0.017 0.024 0.091 0.103 0.043 0.066 0.023 0.029 0.014;
0.28 0.09 0.09 0.091 0.048 0.081 0.018 0.027 0.024 0.084 0.033 0.027 0.031 0.062 0.014;0.28 0.09 0.081 0.018 0.027 0.09 0.091 0.048 0.024 0.084 0.033 0.027 0.062 0.031 0.014;0.28 0.081 0.09 0.024 0.027 0.09 0.018 0.027 0.091 0.084 0.062 0.048 0.031 0.033 0.014;
0.263 0.082 0.089 0.089 0.043 0.102 0.013 0.021 0.013 0.112 0.032 0.031 0.029 0.069 0.012;0.263 0.082 0.102 0.013 0.021 0.089 0.089 0.043 0.013 0.112 0.032 0.031 0.069 0.029 0.012;0.263 0.102 0.089 0.013 0.031 0.082 0.013 0.021 0.089 0.112 0.069 0.043 0.029 0.032 0.012;
0.233 0.088 0.108 0.1 0.045 0.107 0.012 0.022 0.014 0.101 0.043 0.026 0.033 0.056 0.012;0.233 0.088 0.107 0.012 0.022 0.108 0.1 0.045 0.014 0.101 0.043 0.026 0.056 0.033 0.012;0.233 0.107 0.108 0.014 0.026 0.088 0.012 0.022 0.1 0.101 0.056 0.045 0.033 0.043 0.012;
0.284 0.094 0.086 0.079 0.061 0.08 0.021 0.029 0.025 0.096 0.021 0.028 0.037 0.05 0.009;0.284 0.094 0.08 0.021 0.029 0.086 0.079 0.061 0.025 0.096 0.021 0.028 0.05 0.037 0.009;0.284 0.08 0.086 0.025 0.028 0.094 0.021 0.029 0.079 0.096 0.05 0.061 0.037 0.021 0.009;
0.25 0.089 0.094 0.102 0.061 0.095 0.017 0.022 0.019 0.081 0.036 0.027 0.027 0.065 0.015;0.25 0.089 0.095 0.017 0.022 0.094 0.102 0.061 0.019 0.081 0.036 0.027 0.065 0.027 0.015;0.25 0.095 0.094 0.019 0.027 0.089 0.017 0.022 0.102 0.081 0.065 0.061 0.027 0.036 0.015;
0.251 0.087 0.09 0.103 0.065 0.095 0.017 0.033 0.018 0.095 0.027 0.016 0.024 0.06 0.019;0.251 0.087 0.095 0.017 0.033 0.09 0.103 0.065 0.018 0.095 0.027 0.016 0.06 0.024 0.019;0.251 0.095 0.09 0.018 0.016 0.087 0.017 0.033 0.103 0.095 0.06 0.065 0.024 0.027 0.019;
0.254 0.101 0.088 0.109 0.058 0.1 0.02 0.019 0.028 0.091 0.026 0.023 0.022 0.049 0.012;0.254 0.101 0.1 0.02 0.019 0.088 0.109 0.058 0.028 0.091 0.026 0.023 0.049 0.022 0.012;0.254 0.1 0.088 0.028 0.023 0.101 0.02 0.019 0.109 0.091 0.049 0.058 0.022 0.026 0.012;
0.235 0.089 0.108 0.096 0.05 0.098 0.028 0.033 0.022 0.082 0.03 0.028 0.025 0.057 0.019;0.235 0.089 0.098 0.028 0.033 0.108 0.096 0.05 0.022 0.082 0.03 0.028 0.057 0.025 0.019;0.235 0.098 0.108 0.022 0.028 0.089 0.028 0.033 0.096 0.082 0.057 0.05 0.025 0.03 0.019;
0.236 0.11 0.095 0.091 0.058 0.082 0.021 0.027 0.023 0.089 0.023 0.03 0.028 0.07 0.017;0.236 0.11 0.082 0.021 0.027 0.095 0.091 0.058 0.023 0.089 0.023 0.03 0.07 0.028 0.017;0.236 0.082 0.095 0.023 0.03 0.11 0.021 0.027 0.091 0.089 0.07 0.058 0.028 0.023 0.017;
0.253 0.091 0.078 0.103 0.053 0.103 0.028 0.027 0.025 0.098 0.026 0.021 0.025 0.051 0.018;0.253 0.091 0.103 0.028 0.027 0.078 0.103 0.053 0.025 0.098 0.026 0.021 0.051 0.025 0.018;0.253 0.103 0.078 0.025 0.021 0.091 0.028 0.027 0.103 0.098 0.051 0.053 0.025 0.026 0.018;
0.284 0.09 0.083 0.1 0.064 0.07 0.021 0.028 0.015 0.095 0.025 0.027 0.031 0.049 0.018;0.284 0.09 0.07 0.021 0.028 0.083 0.1 0.064 0.015 0.095 0.025 0.027 0.049 0.031 0.018;0.284 0.07 0.083 0.015 0.027 0.09 0.021 0.028 0.1 0.095 0.049 0.064 0.031 0.025 0.018;
0.265 0.098 0.072 0.103 0.06 0.095 0.013 0.023 0.014 0.089 0.035 0.032 0.03 0.055 0.016;0.265 0.098 0.095 0.013 0.023 0.072 0.103 0.06 0.014 0.089 0.035 0.032 0.055 0.03 0.016;0.265 0.095 0.072 0.014 0.032 0.098 0.013 0.023 0.103 0.089 0.055 0.06 0.03 0.035 0.016;
0.227 0.1 0.105 0.11 0.055 0.09 0.019 0.02 0.023 0.091 0.021 0.03 0.021 0.067 0.021;0.227 0.1 0.09 0.019 0.02 0.105 0.11 0.055 0.023 0.091 0.021 0.03 0.067 0.021 0.021;0.227 0.09 0.105 0.023 0.03 0.1 0.019 0.02 0.11 0.091 0.067 0.055 0.021 0.021 0.021;
0.263 0.095 0.098 0.106 0.055 0.104 0.014 0.028 0.021 0.087 0.026 0.016 0.024 0.052 0.011;0.263 0.095 0.104 0.014 0.028 0.098 0.106 0.055 0.021 0.087 0.026 0.016 0.052 0.024 0.011;0.263 0.104 0.098 0.021 0.016 0.095 0.014 0.028 0.106 0.087 0.052 0.055 0.024 0.026 0.011;
0.238 0.075 0.1 0.107 0.048 0.105 0.02 0.021 0.022 0.087 0.032 0.029 0.029 0.069 0.018;0.238 0.075 0.105 0.02 0.021 0.1 0.107 0.048 0.022 0.087 0.032 0.029 0.069 0.029 0.018;0.238 0.105 0.1 0.022 0.029 0.075 0.02 0.021 0.107 0.087 0.069 0.048 0.029 0.032 0.018;
0.264 0.102 0.103 0.088 0.064 0.086 0.021 0.025 0.015 0.07 0.028 0.03 0.027 0.063 0.014;0.264 0.102 0.086 0.021 0.025 0.103 0.088 0.064 0.015 0.07 0.028 0.03 0.063 0.027 0.014;0.264 0.086 0.103 0.015 0.03 0.102 0.021 0.025 0.088 0.07 0.063 0.064 0.027 0.028 0.014;
0.281 0.091 0.089 0.11 0.049 0.077 0.023 0.029 0.015 0.085 0.028 0.034 0.027 0.048 0.014;0.281 0.091 0.077 0.023 0.029 0.089 0.11 0.049 0.015 0.085 0.028 0.034 0.048 0.027 0.014;0.281 0.077 0.089 0.015 0.034 0.091 0.023 0.029 0.11 0.085 0.048 0.049 0.027 0.028 0.014;
0.275 0.074 0.107 0.092 0.055 0.094 0.016 0.028 0.018 0.091 0.021 0.032 0.025 0.061 0.011;0.275 0.074 0.094 0.016 0.028 0.107 0.092 0.055 0.018 0.091 0.021 0.032 0.061 0.025 0.011;0.275 0.094 0.107 0.018 0.032 0.074 0.016 0.028 0.092 0.091 0.061 0.055 0.025 0.021 0.011;
0.267 0.089 0.103 0.103 0.042 0.096 0.024 0.032 0.021 0.071 0.026 0.033 0.025 0.057 0.011;0.267 0.089 0.096 0.024 0.032 0.103 0.103 0.042 0.021 0.071 0.026 0.033 0.057 0.025 0.011;0.267 0.096 0.103 0.021 0.033 0.089 0.024 0.032 0.103 0.071 0.057 0.042 0.025 0.026 0.011;
0.245 0.1 0.088 0.115 0.051 0.092 0.015 0.018 0.022 0.092 0.031 0.025 0.032 0.066 0.008;0.245 0.1 0.092 0.015 0.018 0.088 0.115 0.051 0.022 0.092 0.031 0.025 0.066 0.032 0.008;0.245 0.092 0.088 0.022 0.025 0.1 0.015 0.018 0.115 0.092 0.066 0.051 0.032 0.031 0.008;
0.287 0.104 0.085 0.09 0.052 0.075 0.021 0.035 0.021 0.075 0.028 0.026 0.026 0.065 0.01;0.287 0.104 0.075 0.021 0.035 0.085 0.09 0.052 0.021 0.075 0.028 0.026 0.065 0.026 0.01;0.287 0.075 0.085 0.021 0.026 0.104 0.021 0.035 0.09 0.075 0.065 0.052 0.026 0.028 0.01;
0.254 0.087 0.088 0.123 0.05 0.083 0.018 0.034 0.021 0.096 0.029 0.034 0.019 0.052 0.012;0.254 0.087 0.083 0.018 0.034 0.088 0.123 0.05 0.021 0.096 0.029 0.034 0.052 0.019 0.012;0.254 0.083 0.088 0.021 0.034 0.087 0.018 0.034 0.123 0.096 0.052 0.05 0.019 0.029 0.012;
0.245 0.091 0.079 0.109 0.061 0.087 0.023 0.035 0.019 0.085 0.028 0.028 0.023 0.073 0.014;0.245 0.091 0.087 0.023 0.035 0.079 0.109 0.061 0.019 0.085 0.028 0.028 0.073 0.023 0.014;0.245 0.087 0.079 0.019 0.028 0.091 0.023 0.035 0.109 0.085 0.073 0.061 0.023 0.028 0.014;
0.238 0.099 0.083 0.095 0.066 0.092 0.01 0.029 0.021 0.102 0.035 0.034 0.025 0.061 0.01;0.238 0.099 0.092 0.01 0.029 0.083 0.095 0.066 0.021 0.102 0.035 0.034 0.061 0.025 0.01;0.238 0.092 0.083 0.021 0.034 0.099 0.01 0.029 0.095 0.102 0.061 0.066 0.025 0.035 0.01;
0.261 0.094 0.098 0.096 0.053 0.087 0.018 0.033 0.02 0.084 0.024 0.025 0.029 0.066 0.012;0.261 0.094 0.087 0.018 0.033 0.098 0.096 0.053 0.02 0.084 0.024 0.025 0.066 0.029 0.012;0.261 0.087 0.098 0.02 0.025 0.094 0.018 0.033 0.096 0.084 0.066 0.053 0.029 0.024 0.012;
0.279 0.078 0.097 0.091 0.06 0.093 0.024 0.029 0.018 0.075 0.027 0.019 0.027 0.067 0.016;0.279 0.078 0.093 0.024 0.029 0.097 0.091 0.06 0.018 0.075 0.027 0.019 0.067 0.027 0.016;0.279 0.093 0.097 0.018 0.019 0.078 0.024 0.029 0.091 0.075 0.067 0.06 0.027 0.027 0.016;
0.275 0.098 0.093 0.09 0.058 0.08 0.024 0.02 0.021 0.088 0.019 0.033 0.025 0.062 0.014;0.275 0.098 0.08 0.024 0.02 0.093 0.09 0.058 0.021 0.088 0.019 0.033 0.062 0.025 0.014;0.275 0.08 0.093 0.021 0.033 0.098 0.024 0.02 0.09 0.088 0.062 0.058 0.025 0.019 0.014;
0.265 0.088 0.089 0.091 0.053 0.108 0.026 0.031 0.023 0.075 0.015 0.03 0.024 0.064 0.018;0.265 0.088 0.108 0.026 0.031 0.089 0.091 0.053 0.023 0.075 0.015 0.03 0.064 0.024 0.018;0.265 0.108 0.089 0.023 0.03 0.088 0.026 0.031 0.091 0.075 0.064 0.053 0.024 0.015 0.018;
0.233 0.099 0.077 0.123 0.044 0.088 0.02 0.029 0.023 0.105 0.03 0.026 0.027 0.061 0.015;0.233 0.099 0.088 0.02 0.029 0.077 0.123 0.044 0.023 0.105 0.03 0.026 0.061 0.027 0.015;0.233 0.088 0.077 0.023 0.026 0.099 0.02 0.029 0.123 0.105 0.061 0.044 0.027 0.03 0.015;
0.264 0.083 0.084 0.106 0.046 0.082 0.015 0.037 0.019 0.082 0.037 0.046 0.021 0.057 0.021;0.264 0.083 0.082 0.015 0.037 0.084 0.106 0.046 0.019 0.082 0.037 0.046 0.057 0.021 0.021;0.264 0.082 0.084 0.019 0.046 0.083 0.015 0.037 0.106 0.082 0.057 0.046 0.021 0.037 0.021;
0.265 0.092 0.098 0.08 0.066 0.093 0.015 0.024 0.015 0.092 0.029 0.021 0.035 0.054 0.021;0.265 0.092 0.093 0.015 0.024 0.098 0.08 0.066 0.015 0.092 0.029 0.021 0.054 0.035 0.021;0.265 0.093 0.098 0.015 0.021 0.092 0.015 0.024 0.08 0.092 0.054 0.066 0.035 0.029 0.021;
0.246 0.109 0.091 0.099 0.057 0.091 0.019 0.022 0.014 0.102 0.02 0.032 0.029 0.055 0.014;0.246 0.109 0.091 0.019 0.022 0.091 0.099 0.057 0.014 0.102 0.02 0.032 0.055 0.029 0.014;0.246 0.091 0.091 0.014 0.032 0.109 0.019 0.022 0.099 0.102 0.055 0.057 0.029 0.02 0.014;
0.253 0.091 0.081 0.085 0.056 0.094 0.021 0.026 0.022 0.11 0.026 0.034 0.023 0.061 0.017;0.253 0.091 0.094 0.021 0.026 0.081 0.085 0.056 0.022 0.11 0.026 0.034 0.061 0.023 0.017;0.253 0.094 0.081 0.022 0.034 0.091 0.021 0.026 0.085 0.11 0.061 0.056 0.023 0.026 0.017;
0.253 0.089 0.107 0.087 0.05 0.089 0.015 0.029 0.028 0.097 0.023 0.03 0.033 0.057 0.013;0.253 0.089 0.089 0.015 0.029 0.107 0.087 0.05 0.028 0.097 0.023 0.03 0.057 0.033 0.013;0.253 0.089 0.107 0.028 0.03 0.089 0.015 0.029 0.087 0.097 0.057 0.05 0.033 0.023 0.013;
0.255 0.094 0.097 0.098 0.064 0.093 0.013 0.022 0.019 0.092 0.021 0.031 0.033 0.06 0.008;0.255 0.094 0.093 0.013 0.022 0.097 0.098 0.064 0.019 0.092 0.021 0.031 0.06 0.033 0.008;0.255 0.093 0.097 0.019 0.031 0.094 0.013 0.022 0.098 0.092 0.06 0.064 0.033 0.021 0.008;
0.26 0.106 0.084 0.095 0.04 0.094 0.017 0.033 0.02 0.109 0.026 0.021 0.036 0.049 0.01;0.26 0.106 0.094 0.017 0.033 0.084 0.095 0.04 0.02 0.109 0.026 0.021 0.049 0.036 0.01;0.26 0.094 0.084 0.02 0.021 0.106 0.017 0.033 0.095 0.109 0.049 0.04 0.036 0.026 0.01;
0.247 0.097 0.094 0.109 0.059 0.095 0.022 0.034 0.02 0.086 0.03 0.022 0.021 0.047 0.017;0.247 0.097 0.095 0.022 0.034 0.094 0.109 0.059 0.02 0.086 0.03 0.022 0.047 0.021 0.017;0.247 0.095 0.094 0.02 0.022 0.097 0.022 0.034 0.109 0.086 0.047 0.059 0.021 0.03 0.017;
0.26 0.087 0.1 0.097 0.062 0.098 0.021 0.03 0.023 0.079 0.026 0.027 0.024 0.051 0.015;0.26 0.087 0.098 0.021 0.03 0.1 0.097 0.062 0.023 0.079 0.026 0.027 0.051 0.024 0.015;0.26 0.098 0.1 0.023 0.027 0.087 0.021 0.03 0.097 0.079 0.051 0.062 0.024 0.026 0.015;
0.265 0.077 0.101 0.094 0.061 0.091 0.011 0.026 0.02 0.092 0.022 0.033 0.024 0.064 0.019;0.265 0.077 0.091 0.011 0.026 0.101 0.094 0.061 0.02 0.092 0.022 0.033 0.064 0.024 0.019;0.265 0.091 0.101 0.02 0.033 0.077 0.011 0.026 0.094 0.092 0.064 0.061 0.024 0.022 0.019;
0.256 0.092 0.084 0.11 0.052 0.092 0.022 0.04 0.018 0.085 0.024 0.027 0.025 0.06 0.013;0.256 0.092 0.092 0.022 0.04 0.084 0.11 0.052 0.018 0.085 0.024 0.027 0.06 0.025 0.013;0.256 0.092 0.084 0.018 0.027 0.092 0.022 0.04 0.11 0.085 0.06 0.052 0.025 0.024 0.013;
0.262 0.078 0.089 0.114 0.057 0.083 0.017 0.027 0.025 0.089 0.018 0.024 0.026 0.069 0.022;0.262 0.078 0.083 0.017 0.027 0.089 0.114 0.057 0.025 0.089 0.018 0.024 0.069 0.026 0.022;0.262 0.083 0.089 0.025 0.024 0.078 0.017 0.027 0.114 0.089 0.069 0.057 0.026 0.018 0.022;
0.246 0.082 0.098 0.11 0.065 0.082 0.036 0.034 0.011 0.093 0.032 0.016 0.02 0.057 0.018;0.246 0.082 0.082 0.036 0.034 0.098 0.11 0.065 0.011 0.093 0.032 0.016 0.057 0.02 0.018;0.246 0.082 0.098 0.011 0.016 0.082 0.036 0.034 0.11 0.093 0.057 0.065 0.02 0.032 0.018;
0.232 0.09 0.098 0.083 0.056 0.099 0.018 0.032 0.023 0.093 0.024 0.035 0.032 0.068 0.017;0.232 0.09 0.099 0.018 0.032 0.098 0.083 0.056 0.023 0.093 0.024 0.035 0.068 0.032 0.017;0.232 0.099 0.098 0.023 0.035 0.09 0.018 0.032 0.083 0.093 0.068 0.056 0.032 0.024 0.017;
0.266 0.085 0.104 0.097 0.056 0.094 0.016 0.026 0.018 0.079 0.032 0.021 0.04 0.054 0.012;0.266 0.085 0.094 0.016 0.026 0.104 0.097 0.056 0.018 0.079 0.032 0.021 0.054 0.04 0.012;0.266 0.094 0.104 0.018 0.021 0.085 0.016 0.026 0.097 0.079 0.054 0.056 0.04 0.032 0.012;
0.238 0.087 0.085 0.112 0.058 0.097 0.023 0.034 0.025 0.083 0.022 0.021 0.025 0.068 0.022;0.238 0.087 0.097 0.023 0.034 0.085 0.112 0.058 0.025 0.083 0.022 0.021 0.068 0.025 0.022;0.238 0.097 0.085 0.025 0.021 0.087 0.023 0.034 0.112 0.083 0.068 0.058 0.025 0.022 0.022];