pntP=[0.077 0.025 0.147 0.033 0.059 0.028 0.069 0.036 0.016 0.148 0.042 0.049 0.157 0.071 0.043;0.077 0.025 0.028 0.069 0.036 0.147 0.033 0.059 0.016 0.148 0.042 0.049 0.071 0.157 0.043;0.077 0.028 0.147 0.016 0.049 0.025 0.069 0.036 0.033 0.148 0.071 0.059 0.157 0.042 0.043;
0.085 0.036 0.131 0.045 0.053 0.034 0.097 0.038 0.034 0.13 0.047 0.039 0.15 0.048 0.033;0.085 0.036 0.034 0.097 0.038 0.131 0.045 0.053 0.034 0.13 0.047 0.039 0.048 0.15 0.033;0.085 0.034 0.131 0.034 0.039 0.036 0.097 0.038 0.045 0.13 0.048 0.053 0.15 0.047 0.033;
0.075 0.043 0.134 0.046 0.046 0.037 0.079 0.044 0.032 0.136 0.038 0.035 0.161 0.055 0.039;0.075 0.043 0.037 0.079 0.044 0.134 0.046 0.046 0.032 0.136 0.038 0.035 0.055 0.161 0.039;0.075 0.037 0.134 0.032 0.035 0.043 0.079 0.044 0.046 0.136 0.055 0.046 0.161 0.038 0.039;
0.071 0.025 0.155 0.04 0.054 0.029 0.085 0.051 0.02 0.12 0.05 0.045 0.158 0.049 0.048;0.071 0.025 0.029 0.085 0.051 0.155 0.04 0.054 0.02 0.12 0.05 0.045 0.049 0.158 0.048;0.071 0.029 0.155 0.02 0.045 0.025 0.085 0.051 0.04 0.12 0.049 0.054 0.158 0.05 0.048;
0.081 0.034 0.168 0.035 0.048 0.033 0.072 0.04 0.023 0.136 0.043 0.053 0.168 0.039 0.027;0.081 0.034 0.033 0.072 0.04 0.168 0.035 0.048 0.023 0.136 0.043 0.053 0.039 0.168 0.027;0.081 0.033 0.168 0.023 0.053 0.034 0.072 0.04 0.035 0.136 0.039 0.048 0.168 0.043 0.027;
0.099 0.029 0.12 0.038 0.048 0.038 0.085 0.036 0.024 0.126 0.044 0.048 0.176 0.058 0.031;0.099 0.029 0.038 0.085 0.036 0.12 0.038 0.048 0.024 0.126 0.044 0.048 0.058 0.176 0.031;0.099 0.038 0.12 0.024 0.048 0.029 0.085 0.036 0.038 0.126 0.058 0.048 0.176 0.044 0.031;
0.095 0.038 0.121 0.045 0.054 0.026 0.087 0.036 0.023 0.125 0.05 0.044 0.155 0.067 0.034;0.095 0.038 0.026 0.087 0.036 0.121 0.045 0.054 0.023 0.125 0.05 0.044 0.067 0.155 0.034;0.095 0.026 0.121 0.023 0.044 0.038 0.087 0.036 0.045 0.125 0.067 0.054 0.155 0.05 0.034;
0.072 0.033 0.148 0.034 0.059 0.028 0.074 0.038 0.033 0.149 0.047 0.04 0.156 0.043 0.046;0.072 0.033 0.028 0.074 0.038 0.148 0.034 0.059 0.033 0.149 0.047 0.04 0.043 0.156 0.046;0.072 0.028 0.148 0.033 0.04 0.033 0.074 0.038 0.034 0.149 0.043 0.059 0.156 0.047 0.046;
0.077 0.035 0.14 0.029 0.051 0.03 0.09 0.036 0.031 0.14 0.042 0.047 0.161 0.059 0.032;0.077 0.035 0.03 0.09 0.036 0.14 0.029 0.051 0.031 0.14 0.042 0.047 0.059 0.161 0.032;0.077 0.03 0.14 0.031 0.047 0.035 0.09 0.036 0.029 0.14 0.059 0.051 0.161 0.042 0.032;
0.083 0.026 0.127 0.033 0.055 0.036 0.092 0.045 0.025 0.138 0.036 0.042 0.173 0.045 0.044;0.083 0.026 0.036 0.092 0.045 0.127 0.033 0.055 0.025 0.138 0.036 0.042 0.045 0.173 0.044;0.083 0.036 0.127 0.025 0.042 0.026 0.092 0.045 0.033 0.138 0.045 0.055 0.173 0.036 0.044;
0.072 0.032 0.135 0.037 0.049 0.03 0.091 0.042 0.017 0.137 0.049 0.048 0.172 0.047 0.042;0.072 0.032 0.03 0.091 0.042 0.135 0.037 0.049 0.017 0.137 0.049 0.048 0.047 0.172 0.042;0.072 0.03 0.135 0.017 0.048 0.032 0.091 0.042 0.037 0.137 0.047 0.049 0.172 0.049 0.042;
0.087 0.031 0.143 0.055 0.06 0.028 0.068 0.034 0.022 0.132 0.043 0.046 0.163 0.059 0.029;0.087 0.031 0.028 0.068 0.034 0.143 0.055 0.06 0.022 0.132 0.043 0.046 0.059 0.163 0.029;0.087 0.028 0.143 0.022 0.046 0.031 0.068 0.034 0.055 0.132 0.059 0.06 0.163 0.043 0.029;
0.086 0.037 0.136 0.041 0.068 0.035 0.071 0.052 0.031 0.123 0.053 0.038 0.148 0.05 0.031;0.086 0.037 0.035 0.071 0.052 0.136 0.041 0.068 0.031 0.123 0.053 0.038 0.05 0.148 0.031;0.086 0.035 0.136 0.031 0.038 0.037 0.071 0.052 0.041 0.123 0.05 0.068 0.148 0.053 0.031;
0.089 0.03 0.113 0.035 0.052 0.03 0.09 0.043 0.024 0.148 0.044 0.044 0.173 0.046 0.039;0.089 0.03 0.03 0.09 0.043 0.113 0.035 0.052 0.024 0.148 0.044 0.044 0.046 0.173 0.039;0.089 0.03 0.113 0.024 0.044 0.03 0.09 0.043 0.035 0.148 0.046 0.052 0.173 0.044 0.039;
0.085 0.033 0.135 0.04 0.048 0.032 0.094 0.039 0.025 0.132 0.045 0.041 0.173 0.048 0.03;0.085 0.033 0.032 0.094 0.039 0.135 0.04 0.048 0.025 0.132 0.045 0.041 0.048 0.173 0.03;0.085 0.032 0.135 0.025 0.041 0.033 0.094 0.039 0.04 0.132 0.048 0.048 0.173 0.045 0.03;
0.062 0.031 0.134 0.043 0.051 0.028 0.098 0.037 0.028 0.154 0.045 0.044 0.155 0.054 0.036;0.062 0.031 0.028 0.098 0.037 0.134 0.043 0.051 0.028 0.154 0.045 0.044 0.054 0.155 0.036;0.062 0.028 0.134 0.028 0.044 0.031 0.098 0.037 0.043 0.154 0.054 0.051 0.155 0.045 0.036;
0.063 0.036 0.138 0.028 0.051 0.034 0.08 0.044 0.035 0.145 0.05 0.043 0.168 0.048 0.037;0.063 0.036 0.034 0.08 0.044 0.138 0.028 0.051 0.035 0.145 0.05 0.043 0.048 0.168 0.037;0.063 0.034 0.138 0.035 0.043 0.036 0.08 0.044 0.028 0.145 0.048 0.051 0.168 0.05 0.037;
0.075 0.034 0.157 0.04 0.045 0.019 0.092 0.044 0.027 0.14 0.039 0.04 0.149 0.059 0.04;0.075 0.034 0.019 0.092 0.044 0.157 0.04 0.045 0.027 0.14 0.039 0.04 0.059 0.149 0.04;0.075 0.019 0.157 0.027 0.04 0.034 0.092 0.044 0.04 0.14 0.059 0.045 0.149 0.039 0.04;
0.067 0.029 0.142 0.035 0.061 0.027 0.093 0.039 0.017 0.141 0.049 0.037 0.168 0.047 0.048;0.067 0.029 0.027 0.093 0.039 0.142 0.035 0.061 0.017 0.141 0.049 0.037 0.047 0.168 0.048;0.067 0.027 0.142 0.017 0.037 0.029 0.093 0.039 0.035 0.141 0.047 0.061 0.168 0.049 0.048;
0.08 0.041 0.123 0.026 0.047 0.035 0.077 0.04 0.034 0.145 0.042 0.043 0.162 0.059 0.046;0.08 0.041 0.035 0.077 0.04 0.123 0.026 0.047 0.034 0.145 0.042 0.043 0.059 0.162 0.046;0.08 0.035 0.123 0.034 0.043 0.041 0.077 0.04 0.026 0.145 0.059 0.047 0.162 0.042 0.046;
0.08 0.035 0.133 0.023 0.057 0.037 0.109 0.041 0.024 0.121 0.04 0.051 0.166 0.044 0.039;0.08 0.035 0.037 0.109 0.041 0.133 0.023 0.057 0.024 0.121 0.04 0.051 0.044 0.166 0.039;0.08 0.037 0.133 0.024 0.051 0.035 0.109 0.041 0.023 0.121 0.044 0.057 0.166 0.04 0.039;
0.096 0.041 0.138 0.038 0.043 0.029 0.072 0.045 0.03 0.124 0.044 0.042 0.171 0.045 0.042;0.096 0.041 0.029 0.072 0.045 0.138 0.038 0.043 0.03 0.124 0.044 0.042 0.045 0.171 0.042;0.096 0.029 0.138 0.03 0.042 0.041 0.072 0.045 0.038 0.124 0.045 0.043 0.171 0.044 0.042;
0.064 0.032 0.153 0.038 0.051 0.025 0.09 0.05 0.04 0.134 0.03 0.047 0.163 0.045 0.038;0.064 0.032 0.025 0.09 0.05 0.153 0.038 0.051 0.04 0.134 0.03 0.047 0.045 0.163 0.038;0.064 0.025 0.153 0.04 0.047 0.032 0.09 0.05 0.038 0.134 0.045 0.051 0.163 0.03 0.038;
0.081 0.029 0.137 0.043 0.058 0.034 0.082 0.044 0.023 0.133 0.053 0.044 0.169 0.044 0.026;0.081 0.029 0.034 0.082 0.044 0.137 0.043 0.058 0.023 0.133 0.053 0.044 0.044 0.169 0.026;0.081 0.034 0.137 0.023 0.044 0.029 0.082 0.044 0.043 0.133 0.044 0.058 0.169 0.053 0.026;
0.073 0.043 0.141 0.04 0.044 0.023 0.089 0.038 0.019 0.134 0.049 0.04 0.175 0.056 0.036;0.073 0.043 0.023 0.089 0.038 0.141 0.04 0.044 0.019 0.134 0.049 0.04 0.056 0.175 0.036;0.073 0.023 0.141 0.019 0.04 0.043 0.089 0.038 0.04 0.134 0.056 0.044 0.175 0.049 0.036;
0.07 0.029 0.127 0.032 0.05 0.037 0.1 0.046 0.017 0.145 0.042 0.042 0.171 0.055 0.037;0.07 0.029 0.037 0.1 0.046 0.127 0.032 0.05 0.017 0.145 0.042 0.042 0.055 0.171 0.037;0.07 0.037 0.127 0.017 0.042 0.029 0.1 0.046 0.032 0.145 0.055 0.05 0.171 0.042 0.037;
0.074 0.035 0.127 0.038 0.047 0.026 0.073 0.046 0.028 0.133 0.046 0.052 0.178 0.056 0.041;0.074 0.035 0.026 0.073 0.046 0.127 0.038 0.047 0.028 0.133 0.046 0.052 0.056 0.178 0.041;0.074 0.026 0.127 0.028 0.052 0.035 0.073 0.046 0.038 0.133 0.056 0.047 0.178 0.046 0.041;
0.089 0.043 0.135 0.044 0.053 0.033 0.073 0.046 0.023 0.128 0.05 0.033 0.156 0.055 0.039;0.089 0.043 0.033 0.073 0.046 0.135 0.044 0.053 0.023 0.128 0.05 0.033 0.055 0.156 0.039;0.089 0.033 0.135 0.023 0.033 0.043 0.073 0.046 0.044 0.128 0.055 0.053 0.156 0.05 0.039;
0.08 0.023 0.14 0.041 0.049 0.034 0.087 0.041 0.018 0.123 0.041 0.053 0.179 0.051 0.04;0.08 0.023 0.034 0.087 0.041 0.14 0.041 0.049 0.018 0.123 0.041 0.053 0.051 0.179 0.04;0.08 0.034 0.14 0.018 0.053 0.023 0.087 0.041 0.041 0.123 0.051 0.049 0.179 0.041 0.04;
0.075 0.028 0.142 0.047 0.055 0.036 0.103 0.032 0.026 0.136 0.043 0.043 0.142 0.049 0.043;0.075 0.028 0.036 0.103 0.032 0.142 0.047 0.055 0.026 0.136 0.043 0.043 0.049 0.142 0.043;0.075 0.036 0.142 0.026 0.043 0.028 0.103 0.032 0.047 0.136 0.049 0.055 0.142 0.043 0.043;
0.077 0.029 0.149 0.042 0.058 0.031 0.067 0.035 0.033 0.141 0.049 0.039 0.167 0.053 0.03;0.077 0.029 0.031 0.067 0.035 0.149 0.042 0.058 0.033 0.141 0.049 0.039 0.053 0.167 0.03;0.077 0.031 0.149 0.033 0.039 0.029 0.067 0.035 0.042 0.141 0.053 0.058 0.167 0.049 0.03;
0.076 0.03 0.125 0.037 0.045 0.034 0.102 0.034 0.038 0.136 0.053 0.036 0.176 0.043 0.035;0.076 0.03 0.034 0.102 0.034 0.125 0.037 0.045 0.038 0.136 0.053 0.036 0.043 0.176 0.035;0.076 0.034 0.125 0.038 0.036 0.03 0.102 0.034 0.037 0.136 0.043 0.045 0.176 0.053 0.035;
0.075 0.034 0.152 0.03 0.046 0.027 0.093 0.054 0.026 0.139 0.057 0.031 0.156 0.051 0.029;0.075 0.034 0.027 0.093 0.054 0.152 0.03 0.046 0.026 0.139 0.057 0.031 0.051 0.156 0.029;0.075 0.027 0.152 0.026 0.031 0.034 0.093 0.054 0.03 0.139 0.051 0.046 0.156 0.057 0.029;
0.084 0.033 0.132 0.041 0.063 0.036 0.072 0.043 0.027 0.12 0.044 0.042 0.182 0.046 0.035;0.084 0.033 0.036 0.072 0.043 0.132 0.041 0.063 0.027 0.12 0.044 0.042 0.046 0.182 0.035;0.084 0.036 0.132 0.027 0.042 0.033 0.072 0.043 0.041 0.12 0.046 0.063 0.182 0.044 0.035;
0.073 0.03 0.168 0.031 0.047 0.03 0.078 0.041 0.016 0.144 0.04 0.04 0.159 0.066 0.037;0.073 0.03 0.03 0.078 0.041 0.168 0.031 0.047 0.016 0.144 0.04 0.04 0.066 0.159 0.037;0.073 0.03 0.168 0.016 0.04 0.03 0.078 0.041 0.031 0.144 0.066 0.047 0.159 0.04 0.037;
0.07 0.026 0.16 0.032 0.058 0.028 0.083 0.027 0.024 0.149 0.049 0.048 0.16 0.041 0.045;0.07 0.026 0.028 0.083 0.027 0.16 0.032 0.058 0.024 0.149 0.049 0.048 0.041 0.16 0.045;0.07 0.028 0.16 0.024 0.048 0.026 0.083 0.027 0.032 0.149 0.041 0.058 0.16 0.049 0.045;
0.073 0.034 0.14 0.042 0.05 0.037 0.078 0.042 0.022 0.14 0.038 0.049 0.167 0.059 0.029;0.073 0.034 0.037 0.078 0.042 0.14 0.042 0.05 0.022 0.14 0.038 0.049 0.059 0.167 0.029;0.073 0.037 0.14 0.022 0.049 0.034 0.078 0.042 0.042 0.14 0.059 0.05 0.167 0.038 0.029;
0.07 0.033 0.144 0.043 0.052 0.031 0.085 0.033 0.027 0.152 0.045 0.044 0.16 0.051 0.03;0.07 0.033 0.031 0.085 0.033 0.144 0.043 0.052 0.027 0.152 0.045 0.044 0.051 0.16 0.03;0.07 0.031 0.144 0.027 0.044 0.033 0.085 0.033 0.043 0.152 0.051 0.052 0.16 0.045 0.03;
0.069 0.035 0.133 0.038 0.049 0.027 0.085 0.041 0.028 0.136 0.048 0.05 0.18 0.038 0.043;0.069 0.035 0.027 0.085 0.041 0.133 0.038 0.049 0.028 0.136 0.048 0.05 0.038 0.18 0.043;0.069 0.027 0.133 0.028 0.05 0.035 0.085 0.041 0.038 0.136 0.038 0.049 0.18 0.048 0.043;
0.068 0.034 0.16 0.038 0.05 0.026 0.08 0.031 0.031 0.149 0.044 0.036 0.164 0.053 0.036;0.068 0.034 0.026 0.08 0.031 0.16 0.038 0.05 0.031 0.149 0.044 0.036 0.053 0.164 0.036;0.068 0.026 0.16 0.031 0.036 0.034 0.08 0.031 0.038 0.149 0.053 0.05 0.164 0.044 0.036;
0.08 0.036 0.132 0.032 0.058 0.025 0.082 0.039 0.024 0.146 0.044 0.042 0.162 0.054 0.044;0.08 0.036 0.025 0.082 0.039 0.132 0.032 0.058 0.024 0.146 0.044 0.042 0.054 0.162 0.044;0.08 0.025 0.132 0.024 0.042 0.036 0.082 0.039 0.032 0.146 0.054 0.058 0.162 0.044 0.044;
0.068 0.037 0.134 0.036 0.047 0.025 0.082 0.048 0.023 0.132 0.057 0.056 0.164 0.057 0.034;0.068 0.037 0.025 0.082 0.048 0.134 0.036 0.047 0.023 0.132 0.057 0.056 0.057 0.164 0.034;0.068 0.025 0.134 0.023 0.056 0.037 0.082 0.048 0.036 0.132 0.057 0.047 0.164 0.057 0.034;
0.077 0.033 0.136 0.035 0.049 0.044 0.083 0.046 0.021 0.134 0.035 0.047 0.184 0.045 0.031;0.077 0.033 0.044 0.083 0.046 0.136 0.035 0.049 0.021 0.134 0.035 0.047 0.045 0.184 0.031;0.077 0.044 0.136 0.021 0.047 0.033 0.083 0.046 0.035 0.134 0.045 0.049 0.184 0.035 0.031;
0.068 0.031 0.123 0.034 0.058 0.028 0.09 0.039 0.034 0.133 0.052 0.054 0.16 0.058 0.038;0.068 0.031 0.028 0.09 0.039 0.123 0.034 0.058 0.034 0.133 0.052 0.054 0.058 0.16 0.038;0.068 0.028 0.123 0.034 0.054 0.031 0.09 0.039 0.034 0.133 0.058 0.058 0.16 0.052 0.038;
0.079 0.025 0.151 0.039 0.057 0.033 0.083 0.041 0.024 0.131 0.041 0.049 0.158 0.055 0.034;0.079 0.025 0.033 0.083 0.041 0.151 0.039 0.057 0.024 0.131 0.041 0.049 0.055 0.158 0.034;0.079 0.033 0.151 0.024 0.049 0.025 0.083 0.041 0.039 0.131 0.055 0.057 0.158 0.041 0.034;
0.078 0.028 0.129 0.034 0.044 0.033 0.099 0.026 0.025 0.135 0.05 0.058 0.172 0.054 0.035;0.078 0.028 0.033 0.099 0.026 0.129 0.034 0.044 0.025 0.135 0.05 0.058 0.054 0.172 0.035;0.078 0.033 0.129 0.025 0.058 0.028 0.099 0.026 0.034 0.135 0.054 0.044 0.172 0.05 0.035;
0.078 0.037 0.143 0.038 0.049 0.04 0.086 0.033 0.016 0.125 0.048 0.048 0.169 0.058 0.032;0.078 0.037 0.04 0.086 0.033 0.143 0.038 0.049 0.016 0.125 0.048 0.048 0.058 0.169 0.032;0.078 0.04 0.143 0.016 0.048 0.037 0.086 0.033 0.038 0.125 0.058 0.049 0.169 0.048 0.032;
0.083 0.032 0.149 0.04 0.049 0.036 0.078 0.046 0.024 0.136 0.054 0.039 0.138 0.057 0.039;0.083 0.032 0.036 0.078 0.046 0.149 0.04 0.049 0.024 0.136 0.054 0.039 0.057 0.138 0.039;0.083 0.036 0.149 0.024 0.039 0.032 0.078 0.046 0.04 0.136 0.057 0.049 0.138 0.054 0.039;
0.076 0.029 0.133 0.046 0.031 0.04 0.08 0.035 0.02 0.129 0.037 0.052 0.181 0.06 0.051;0.076 0.029 0.04 0.08 0.035 0.133 0.046 0.031 0.02 0.129 0.037 0.052 0.06 0.181 0.051;0.076 0.04 0.133 0.02 0.052 0.029 0.08 0.035 0.046 0.129 0.06 0.031 0.181 0.037 0.051;
0.077 0.03 0.135 0.031 0.055 0.033 0.086 0.037 0.027 0.154 0.04 0.051 0.141 0.062 0.041;0.077 0.03 0.033 0.086 0.037 0.135 0.031 0.055 0.027 0.154 0.04 0.051 0.062 0.141 0.041;0.077 0.033 0.135 0.027 0.051 0.03 0.086 0.037 0.031 0.154 0.062 0.055 0.141 0.04 0.041;
0.078 0.033 0.144 0.042 0.048 0.034 0.096 0.047 0.015 0.13 0.031 0.043 0.157 0.056 0.046;0.078 0.033 0.034 0.096 0.047 0.144 0.042 0.048 0.015 0.13 0.031 0.043 0.056 0.157 0.046;0.078 0.034 0.144 0.015 0.043 0.033 0.096 0.047 0.042 0.13 0.056 0.048 0.157 0.031 0.046;
0.078 0.035 0.139 0.036 0.046 0.028 0.086 0.045 0.02 0.129 0.05 0.04 0.174 0.054 0.04;0.078 0.035 0.028 0.086 0.045 0.139 0.036 0.046 0.02 0.129 0.05 0.04 0.054 0.174 0.04;0.078 0.028 0.139 0.02 0.04 0.035 0.086 0.045 0.036 0.129 0.054 0.046 0.174 0.05 0.04;
0.085 0.02 0.142 0.041 0.062 0.038 0.097 0.037 0.021 0.151 0.037 0.04 0.156 0.047 0.026;0.085 0.02 0.038 0.097 0.037 0.142 0.041 0.062 0.021 0.151 0.037 0.04 0.047 0.156 0.026;0.085 0.038 0.142 0.021 0.04 0.02 0.097 0.037 0.041 0.151 0.047 0.062 0.156 0.037 0.026;
0.093 0.032 0.13 0.029 0.053 0.032 0.102 0.037 0.027 0.139 0.046 0.039 0.158 0.049 0.034;0.093 0.032 0.032 0.102 0.037 0.13 0.029 0.053 0.027 0.139 0.046 0.039 0.049 0.158 0.034;0.093 0.032 0.13 0.027 0.039 0.032 0.102 0.037 0.029 0.139 0.049 0.053 0.158 0.046 0.034;
0.087 0.041 0.132 0.04 0.047 0.035 0.069 0.043 0.026 0.128 0.043 0.049 0.174 0.05 0.036;0.087 0.041 0.035 0.069 0.043 0.132 0.04 0.047 0.026 0.128 0.043 0.049 0.05 0.174 0.036;0.087 0.035 0.132 0.026 0.049 0.041 0.069 0.043 0.04 0.128 0.05 0.047 0.174 0.043 0.036;
0.07 0.024 0.142 0.044 0.049 0.045 0.074 0.026 0.021 0.129 0.058 0.044 0.176 0.051 0.047;0.07 0.024 0.045 0.074 0.026 0.142 0.044 0.049 0.021 0.129 0.058 0.044 0.051 0.176 0.047;0.07 0.045 0.142 0.021 0.044 0.024 0.074 0.026 0.044 0.129 0.051 0.049 0.176 0.058 0.047;
0.062 0.03 0.122 0.031 0.05 0.038 0.084 0.052 0.039 0.151 0.046 0.044 0.162 0.055 0.034;0.062 0.03 0.038 0.084 0.052 0.122 0.031 0.05 0.039 0.151 0.046 0.044 0.055 0.162 0.034;0.062 0.038 0.122 0.039 0.044 0.03 0.084 0.052 0.031 0.151 0.055 0.05 0.162 0.046 0.034;
0.063 0.035 0.158 0.051 0.063 0.036 0.069 0.05 0.032 0.123 0.039 0.041 0.151 0.051 0.038;0.063 0.035 0.036 0.069 0.05 0.158 0.051 0.063 0.032 0.123 0.039 0.041 0.051 0.151 0.038;0.063 0.036 0.158 0.032 0.041 0.035 0.069 0.05 0.051 0.123 0.051 0.063 0.151 0.039 0.038;
0.088 0.028 0.133 0.041 0.057 0.036 0.082 0.033 0.037 0.124 0.045 0.046 0.169 0.047 0.034;0.088 0.028 0.036 0.082 0.033 0.133 0.041 0.057 0.037 0.124 0.045 0.046 0.047 0.169 0.034;0.088 0.036 0.133 0.037 0.046 0.028 0.082 0.033 0.041 0.124 0.047 0.057 0.169 0.045 0.034;
0.086 0.03 0.128 0.054 0.052 0.027 0.078 0.034 0.024 0.133 0.05 0.046 0.173 0.057 0.028;0.086 0.03 0.027 0.078 0.034 0.128 0.054 0.052 0.024 0.133 0.05 0.046 0.057 0.173 0.028;0.086 0.027 0.128 0.024 0.046 0.03 0.078 0.034 0.054 0.133 0.057 0.052 0.173 0.05 0.028;
0.085 0.028 0.123 0.03 0.053 0.039 0.093 0.036 0.028 0.142 0.062 0.043 0.146 0.055 0.037;0.085 0.028 0.039 0.093 0.036 0.123 0.03 0.053 0.028 0.142 0.062 0.043 0.055 0.146 0.037;0.085 0.039 0.123 0.028 0.043 0.028 0.093 0.036 0.03 0.142 0.055 0.053 0.146 0.062 0.037;
0.07 0.028 0.144 0.034 0.054 0.038 0.085 0.03 0.024 0.145 0.052 0.05 0.151 0.058 0.037;0.07 0.028 0.038 0.085 0.03 0.144 0.034 0.054 0.024 0.145 0.052 0.05 0.058 0.151 0.037;0.07 0.038 0.144 0.024 0.05 0.028 0.085 0.03 0.034 0.145 0.058 0.054 0.151 0.052 0.037;
0.076 0.039 0.155 0.042 0.053 0.036 0.085 0.033 0.028 0.152 0.044 0.035 0.15 0.038 0.034;0.076 0.039 0.036 0.085 0.033 0.155 0.042 0.053 0.028 0.152 0.044 0.035 0.038 0.15 0.034;0.076 0.036 0.155 0.028 0.035 0.039 0.085 0.033 0.042 0.152 0.038 0.053 0.15 0.044 0.034;
0.077 0.024 0.126 0.033 0.056 0.03 0.081 0.045 0.025 0.159 0.04 0.051 0.156 0.057 0.04;0.077 0.024 0.03 0.081 0.045 0.126 0.033 0.056 0.025 0.159 0.04 0.051 0.057 0.156 0.04;0.077 0.03 0.126 0.025 0.051 0.024 0.081 0.045 0.033 0.159 0.057 0.056 0.156 0.04 0.04;
0.076 0.045 0.139 0.024 0.048 0.022 0.099 0.039 0.023 0.144 0.044 0.045 0.167 0.047 0.038;0.076 0.045 0.022 0.099 0.039 0.139 0.024 0.048 0.023 0.144 0.044 0.045 0.047 0.167 0.038;0.076 0.022 0.139 0.023 0.045 0.045 0.099 0.039 0.024 0.144 0.047 0.048 0.167 0.044 0.038;
0.089 0.029 0.142 0.041 0.042 0.028 0.079 0.036 0.021 0.132 0.039 0.04 0.193 0.051 0.038;0.089 0.029 0.028 0.079 0.036 0.142 0.041 0.042 0.021 0.132 0.039 0.04 0.051 0.193 0.038;0.089 0.028 0.142 0.021 0.04 0.029 0.079 0.036 0.041 0.132 0.051 0.042 0.193 0.039 0.038;
0.06 0.033 0.14 0.043 0.057 0.032 0.076 0.031 0.024 0.129 0.04 0.04 0.2 0.066 0.029;0.06 0.033 0.032 0.076 0.031 0.14 0.043 0.057 0.024 0.129 0.04 0.04 0.066 0.2 0.029;0.06 0.032 0.14 0.024 0.04 0.033 0.076 0.031 0.043 0.129 0.066 0.057 0.2 0.04 0.029;
0.071 0.034 0.146 0.043 0.046 0.023 0.07 0.045 0.029 0.136 0.045 0.04 0.164 0.06 0.048;0.071 0.034 0.023 0.07 0.045 0.146 0.043 0.046 0.029 0.136 0.045 0.04 0.06 0.164 0.048;0.071 0.023 0.146 0.029 0.04 0.034 0.07 0.045 0.043 0.136 0.06 0.046 0.164 0.045 0.048;
0.078 0.034 0.145 0.028 0.064 0.031 0.083 0.033 0.024 0.146 0.044 0.038 0.153 0.064 0.035;0.078 0.034 0.031 0.083 0.033 0.145 0.028 0.064 0.024 0.146 0.044 0.038 0.064 0.153 0.035;0.078 0.031 0.145 0.024 0.038 0.034 0.083 0.033 0.028 0.146 0.064 0.064 0.153 0.044 0.035;
0.069 0.034 0.148 0.036 0.066 0.028 0.083 0.037 0.025 0.139 0.043 0.039 0.17 0.049 0.034;0.069 0.034 0.028 0.083 0.037 0.148 0.036 0.066 0.025 0.139 0.043 0.039 0.049 0.17 0.034;0.069 0.028 0.148 0.025 0.039 0.034 0.083 0.037 0.036 0.139 0.049 0.066 0.17 0.043 0.034;
0.084 0.04 0.135 0.043 0.044 0.026 0.088 0.029 0.022 0.146 0.043 0.048 0.165 0.048 0.039;0.084 0.04 0.026 0.088 0.029 0.135 0.043 0.044 0.022 0.146 0.043 0.048 0.048 0.165 0.039;0.084 0.026 0.135 0.022 0.048 0.04 0.088 0.029 0.043 0.146 0.048 0.044 0.165 0.043 0.039;
0.075 0.029 0.143 0.032 0.043 0.022 0.08 0.048 0.023 0.144 0.049 0.036 0.166 0.065 0.045;0.075 0.029 0.022 0.08 0.048 0.143 0.032 0.043 0.023 0.144 0.049 0.036 0.065 0.166 0.045;0.075 0.022 0.143 0.023 0.036 0.029 0.08 0.048 0.032 0.144 0.065 0.043 0.166 0.049 0.045;
0.077 0.036 0.133 0.041 0.047 0.033 0.078 0.027 0.021 0.156 0.061 0.053 0.155 0.048 0.034;0.077 0.036 0.033 0.078 0.027 0.133 0.041 0.047 0.021 0.156 0.061 0.053 0.048 0.155 0.034;0.077 0.033 0.133 0.021 0.053 0.036 0.078 0.027 0.041 0.156 0.048 0.047 0.155 0.061 0.034;
0.083 0.037 0.118 0.033 0.052 0.035 0.069 0.042 0.031 0.138 0.042 0.035 0.164 0.069 0.052;0.083 0.037 0.035 0.069 0.042 0.118 0.033 0.052 0.031 0.138 0.042 0.035 0.069 0.164 0.052;0.083 0.035 0.118 0.031 0.035 0.037 0.069 0.042 0.033 0.138 0.069 0.052 0.164 0.042 0.052;
0.08 0.027 0.163 0.032 0.05 0.035 0.082 0.032 0.016 0.142 0.042 0.045 0.161 0.05 0.043;0.08 0.027 0.035 0.082 0.032 0.163 0.032 0.05 0.016 0.142 0.042 0.045 0.05 0.161 0.043;0.08 0.035 0.163 0.016 0.045 0.027 0.082 0.032 0.032 0.142 0.05 0.05 0.161 0.042 0.043;
0.076 0.03 0.129 0.044 0.054 0.032 0.086 0.03 0.024 0.116 0.05 0.056 0.159 0.071 0.043;0.076 0.03 0.032 0.086 0.03 0.129 0.044 0.054 0.024 0.116 0.05 0.056 0.071 0.159 0.043;0.076 0.032 0.129 0.024 0.056 0.03 0.086 0.03 0.044 0.116 0.071 0.054 0.159 0.05 0.043;
0.088 0.038 0.134 0.032 0.05 0.028 0.071 0.03 0.026 0.138 0.051 0.038 0.184 0.063 0.029;0.088 0.038 0.028 0.071 0.03 0.134 0.032 0.05 0.026 0.138 0.051 0.038 0.063 0.184 0.029;0.088 0.028 0.134 0.026 0.038 0.038 0.071 0.03 0.032 0.138 0.063 0.05 0.184 0.051 0.029;
0.089 0.04 0.145 0.037 0.053 0.031 0.075 0.036 0.02 0.132 0.038 0.044 0.165 0.056 0.039;0.089 0.04 0.031 0.075 0.036 0.145 0.037 0.053 0.02 0.132 0.038 0.044 0.056 0.165 0.039;0.089 0.031 0.145 0.02 0.044 0.04 0.075 0.036 0.037 0.132 0.056 0.053 0.165 0.038 0.039;
0.079 0.032 0.144 0.047 0.058 0.038 0.065 0.04 0.021 0.137 0.049 0.039 0.161 0.047 0.043;0.079 0.032 0.038 0.065 0.04 0.144 0.047 0.058 0.021 0.137 0.049 0.039 0.047 0.161 0.043;0.079 0.038 0.144 0.021 0.039 0.032 0.065 0.04 0.047 0.137 0.047 0.058 0.161 0.049 0.043;
0.069 0.035 0.157 0.038 0.047 0.031 0.083 0.046 0.025 0.151 0.044 0.028 0.154 0.051 0.041;0.069 0.035 0.031 0.083 0.046 0.157 0.038 0.047 0.025 0.151 0.044 0.028 0.051 0.154 0.041;0.069 0.031 0.157 0.025 0.028 0.035 0.083 0.046 0.038 0.151 0.051 0.047 0.154 0.044 0.041;
0.068 0.03 0.128 0.031 0.061 0.04 0.091 0.04 0.024 0.118 0.036 0.06 0.175 0.051 0.047;0.068 0.03 0.04 0.091 0.04 0.128 0.031 0.061 0.024 0.118 0.036 0.06 0.051 0.175 0.047;0.068 0.04 0.128 0.024 0.06 0.03 0.091 0.04 0.031 0.118 0.051 0.061 0.175 0.036 0.047;
0.075 0.035 0.146 0.027 0.042 0.022 0.088 0.036 0.03 0.152 0.051 0.043 0.163 0.041 0.049;0.075 0.035 0.022 0.088 0.036 0.146 0.027 0.042 0.03 0.152 0.051 0.043 0.041 0.163 0.049;0.075 0.022 0.146 0.03 0.043 0.035 0.088 0.036 0.027 0.152 0.041 0.042 0.163 0.051 0.049;
0.072 0.036 0.132 0.042 0.061 0.032 0.086 0.045 0.019 0.143 0.041 0.039 0.154 0.062 0.036;0.072 0.036 0.032 0.086 0.045 0.132 0.042 0.061 0.019 0.143 0.041 0.039 0.062 0.154 0.036;0.072 0.032 0.132 0.019 0.039 0.036 0.086 0.045 0.042 0.143 0.062 0.061 0.154 0.041 0.036;
0.057 0.033 0.141 0.036 0.053 0.041 0.083 0.03 0.029 0.153 0.066 0.042 0.146 0.048 0.042;0.057 0.033 0.041 0.083 0.03 0.141 0.036 0.053 0.029 0.153 0.066 0.042 0.048 0.146 0.042;0.057 0.041 0.141 0.029 0.042 0.033 0.083 0.03 0.036 0.153 0.048 0.053 0.146 0.066 0.042;
0.081 0.032 0.129 0.041 0.05 0.043 0.086 0.036 0.014 0.151 0.05 0.044 0.148 0.06 0.035;0.081 0.032 0.043 0.086 0.036 0.129 0.041 0.05 0.014 0.151 0.05 0.044 0.06 0.148 0.035;0.081 0.043 0.129 0.014 0.044 0.032 0.086 0.036 0.041 0.151 0.06 0.05 0.148 0.05 0.035;
0.074 0.02 0.131 0.044 0.051 0.033 0.086 0.034 0.028 0.136 0.056 0.054 0.164 0.052 0.037;0.074 0.02 0.033 0.086 0.034 0.131 0.044 0.051 0.028 0.136 0.056 0.054 0.052 0.164 0.037;0.074 0.033 0.131 0.028 0.054 0.02 0.086 0.034 0.044 0.136 0.052 0.051 0.164 0.056 0.037;
0.077 0.035 0.133 0.024 0.06 0.024 0.076 0.046 0.025 0.125 0.052 0.039 0.188 0.056 0.04;0.077 0.035 0.024 0.076 0.046 0.133 0.024 0.06 0.025 0.125 0.052 0.039 0.056 0.188 0.04;0.077 0.024 0.133 0.025 0.039 0.035 0.076 0.046 0.024 0.125 0.056 0.06 0.188 0.052 0.04;
0.09 0.035 0.134 0.029 0.059 0.028 0.086 0.039 0.026 0.149 0.047 0.037 0.15 0.055 0.036;0.09 0.035 0.028 0.086 0.039 0.134 0.029 0.059 0.026 0.149 0.047 0.037 0.055 0.15 0.036;0.09 0.028 0.134 0.026 0.037 0.035 0.086 0.039 0.029 0.149 0.055 0.059 0.15 0.047 0.036;
0.085 0.028 0.113 0.028 0.063 0.036 0.094 0.039 0.025 0.12 0.05 0.051 0.175 0.062 0.031;0.085 0.028 0.036 0.094 0.039 0.113 0.028 0.063 0.025 0.12 0.05 0.051 0.062 0.175 0.031;0.085 0.036 0.113 0.025 0.051 0.028 0.094 0.039 0.028 0.12 0.062 0.063 0.175 0.05 0.031;
0.081 0.037 0.131 0.028 0.048 0.032 0.074 0.032 0.02 0.146 0.045 0.044 0.17 0.065 0.047;0.081 0.037 0.032 0.074 0.032 0.131 0.028 0.048 0.02 0.146 0.045 0.044 0.065 0.17 0.047;0.081 0.032 0.131 0.02 0.044 0.037 0.074 0.032 0.028 0.146 0.065 0.048 0.17 0.045 0.047;
0.07 0.027 0.121 0.033 0.06 0.032 0.081 0.04 0.038 0.138 0.048 0.048 0.163 0.058 0.043;0.07 0.027 0.032 0.081 0.04 0.121 0.033 0.06 0.038 0.138 0.048 0.048 0.058 0.163 0.043;0.07 0.032 0.121 0.038 0.048 0.027 0.081 0.04 0.033 0.138 0.058 0.06 0.163 0.048 0.043;
0.081 0.032 0.133 0.035 0.05 0.034 0.094 0.033 0.024 0.142 0.047 0.044 0.167 0.045 0.039;0.081 0.032 0.034 0.094 0.033 0.133 0.035 0.05 0.024 0.142 0.047 0.044 0.045 0.167 0.039;0.081 0.034 0.133 0.024 0.044 0.032 0.094 0.033 0.035 0.142 0.045 0.05 0.167 0.047 0.039;
0.084 0.025 0.159 0.034 0.065 0.034 0.08 0.036 0.036 0.14 0.052 0.037 0.134 0.052 0.032;0.084 0.025 0.034 0.08 0.036 0.159 0.034 0.065 0.036 0.14 0.052 0.037 0.052 0.134 0.032;0.084 0.034 0.159 0.036 0.037 0.025 0.08 0.036 0.034 0.14 0.052 0.065 0.134 0.052 0.032;
0.078 0.04 0.137 0.03 0.043 0.029 0.087 0.027 0.019 0.153 0.051 0.046 0.157 0.066 0.037;0.078 0.04 0.029 0.087 0.027 0.137 0.03 0.043 0.019 0.153 0.051 0.046 0.066 0.157 0.037;0.078 0.029 0.137 0.019 0.046 0.04 0.087 0.027 0.03 0.153 0.066 0.043 0.157 0.051 0.037;
0.086 0.024 0.142 0.046 0.047 0.03 0.084 0.041 0.024 0.123 0.056 0.041 0.171 0.058 0.027;0.086 0.024 0.03 0.084 0.041 0.142 0.046 0.047 0.024 0.123 0.056 0.041 0.058 0.171 0.027;0.086 0.03 0.142 0.024 0.041 0.024 0.084 0.041 0.046 0.123 0.058 0.047 0.171 0.056 0.027;
0.074 0.029 0.11 0.036 0.053 0.032 0.103 0.042 0.021 0.156 0.04 0.045 0.155 0.066 0.038;0.074 0.029 0.032 0.103 0.042 0.11 0.036 0.053 0.021 0.156 0.04 0.045 0.066 0.155 0.038;0.074 0.032 0.11 0.021 0.045 0.029 0.103 0.042 0.036 0.156 0.066 0.053 0.155 0.04 0.038;
0.078 0.041 0.133 0.03 0.059 0.034 0.079 0.027 0.025 0.151 0.048 0.036 0.175 0.054 0.03;0.078 0.041 0.034 0.079 0.027 0.133 0.03 0.059 0.025 0.151 0.048 0.036 0.054 0.175 0.03;0.078 0.034 0.133 0.025 0.036 0.041 0.079 0.027 0.03 0.151 0.054 0.059 0.175 0.048 0.03;
0.083 0.031 0.136 0.036 0.058 0.037 0.082 0.034 0.025 0.128 0.042 0.056 0.159 0.049 0.044;0.083 0.031 0.037 0.082 0.034 0.136 0.036 0.058 0.025 0.128 0.042 0.056 0.049 0.159 0.044;0.083 0.037 0.136 0.025 0.056 0.031 0.082 0.034 0.036 0.128 0.049 0.058 0.159 0.042 0.044;
0.066 0.031 0.133 0.041 0.053 0.031 0.089 0.034 0.032 0.136 0.043 0.037 0.172 0.068 0.034;0.066 0.031 0.031 0.089 0.034 0.133 0.041 0.053 0.032 0.136 0.043 0.037 0.068 0.172 0.034;0.066 0.031 0.133 0.032 0.037 0.031 0.089 0.034 0.041 0.136 0.068 0.053 0.172 0.043 0.034;
0.073 0.036 0.148 0.027 0.048 0.032 0.072 0.038 0.018 0.16 0.043 0.042 0.172 0.051 0.04;0.073 0.036 0.032 0.072 0.038 0.148 0.027 0.048 0.018 0.16 0.043 0.042 0.051 0.172 0.04;0.073 0.032 0.148 0.018 0.042 0.036 0.072 0.038 0.027 0.16 0.051 0.048 0.172 0.043 0.04];