pntP=[0.032 0.063 0.058 0.074 0.104 0.079 0.04 0.064 0.042 0.055 0.081 0.068 0.075 0.083 0.082;0.032 0.063 0.079 0.04 0.064 0.058 0.074 0.104 0.042 0.055 0.081 0.068 0.083 0.075 0.082;0.032 0.079 0.058 0.042 0.068 0.063 0.04 0.064 0.074 0.055 0.083 0.104 0.075 0.081 0.082;
0.038 0.072 0.063 0.051 0.097 0.066 0.048 0.084 0.049 0.058 0.079 0.062 0.066 0.105 0.062;0.038 0.072 0.066 0.048 0.084 0.063 0.051 0.097 0.049 0.058 0.079 0.062 0.105 0.066 0.062;0.038 0.066 0.063 0.049 0.062 0.072 0.048 0.084 0.051 0.058 0.105 0.097 0.066 0.079 0.062;
0.033 0.066 0.06 0.066 0.083 0.058 0.039 0.086 0.043 0.047 0.077 0.081 0.077 0.104 0.08;0.033 0.066 0.058 0.039 0.086 0.06 0.066 0.083 0.043 0.047 0.077 0.081 0.104 0.077 0.08;0.033 0.058 0.06 0.043 0.081 0.066 0.039 0.086 0.066 0.047 0.104 0.083 0.077 0.077 0.08;
0.04 0.063 0.048 0.082 0.072 0.059 0.042 0.092 0.049 0.06 0.081 0.075 0.066 0.109 0.062;0.04 0.063 0.059 0.042 0.092 0.048 0.082 0.072 0.049 0.06 0.081 0.075 0.109 0.066 0.062;0.04 0.059 0.048 0.049 0.075 0.063 0.042 0.092 0.082 0.06 0.109 0.072 0.066 0.081 0.062;
0.032 0.06 0.052 0.062 0.088 0.073 0.048 0.085 0.032 0.072 0.065 0.068 0.073 0.108 0.082;0.032 0.06 0.073 0.048 0.085 0.052 0.062 0.088 0.032 0.072 0.065 0.068 0.108 0.073 0.082;0.032 0.073 0.052 0.032 0.068 0.06 0.048 0.085 0.062 0.072 0.108 0.088 0.073 0.065 0.082;
0.034 0.065 0.062 0.069 0.102 0.067 0.036 0.091 0.034 0.053 0.061 0.086 0.067 0.098 0.075;0.034 0.065 0.067 0.036 0.091 0.062 0.069 0.102 0.034 0.053 0.061 0.086 0.098 0.067 0.075;0.034 0.067 0.062 0.034 0.086 0.065 0.036 0.091 0.069 0.053 0.098 0.102 0.067 0.061 0.075;
0.027 0.067 0.048 0.068 0.099 0.07 0.044 0.084 0.044 0.05 0.078 0.08 0.064 0.096 0.081;0.027 0.067 0.07 0.044 0.084 0.048 0.068 0.099 0.044 0.05 0.078 0.08 0.096 0.064 0.081;0.027 0.07 0.048 0.044 0.08 0.067 0.044 0.084 0.068 0.05 0.096 0.099 0.064 0.078 0.081;
0.037 0.063 0.045 0.067 0.105 0.054 0.038 0.071 0.054 0.06 0.078 0.078 0.077 0.095 0.078;0.037 0.063 0.054 0.038 0.071 0.045 0.067 0.105 0.054 0.06 0.078 0.078 0.095 0.077 0.078;0.037 0.054 0.045 0.054 0.078 0.063 0.038 0.071 0.067 0.06 0.095 0.105 0.077 0.078 0.078;
0.033 0.056 0.054 0.077 0.096 0.052 0.044 0.086 0.044 0.04 0.074 0.079 0.077 0.128 0.06;0.033 0.056 0.052 0.044 0.086 0.054 0.077 0.096 0.044 0.04 0.074 0.079 0.128 0.077 0.06;0.033 0.052 0.054 0.044 0.079 0.056 0.044 0.086 0.077 0.04 0.128 0.096 0.077 0.074 0.06;
0.029 0.067 0.06 0.066 0.116 0.063 0.048 0.073 0.037 0.052 0.078 0.069 0.082 0.093 0.067;0.029 0.067 0.063 0.048 0.073 0.06 0.066 0.116 0.037 0.052 0.078 0.069 0.093 0.082 0.067;0.029 0.063 0.06 0.037 0.069 0.067 0.048 0.073 0.066 0.052 0.093 0.116 0.082 0.078 0.067;
0.029 0.053 0.066 0.07 0.086 0.068 0.047 0.082 0.037 0.042 0.09 0.083 0.084 0.094 0.069;0.029 0.053 0.068 0.047 0.082 0.066 0.07 0.086 0.037 0.042 0.09 0.083 0.094 0.084 0.069;0.029 0.068 0.066 0.037 0.083 0.053 0.047 0.082 0.07 0.042 0.094 0.086 0.084 0.09 0.069;
0.031 0.054 0.065 0.073 0.096 0.057 0.045 0.082 0.038 0.058 0.08 0.083 0.081 0.091 0.066;0.031 0.054 0.057 0.045 0.082 0.065 0.073 0.096 0.038 0.058 0.08 0.083 0.091 0.081 0.066;0.031 0.057 0.065 0.038 0.083 0.054 0.045 0.082 0.073 0.058 0.091 0.096 0.081 0.08 0.066;
0.035 0.048 0.037 0.077 0.094 0.082 0.049 0.082 0.037 0.052 0.071 0.076 0.066 0.103 0.091;0.035 0.048 0.082 0.049 0.082 0.037 0.077 0.094 0.037 0.052 0.071 0.076 0.103 0.066 0.091;0.035 0.082 0.037 0.037 0.076 0.048 0.049 0.082 0.077 0.052 0.103 0.094 0.066 0.071 0.091;
0.037 0.078 0.061 0.072 0.095 0.048 0.04 0.076 0.035 0.049 0.076 0.083 0.073 0.092 0.085;0.037 0.078 0.048 0.04 0.076 0.061 0.072 0.095 0.035 0.049 0.076 0.083 0.092 0.073 0.085;0.037 0.048 0.061 0.035 0.083 0.078 0.04 0.076 0.072 0.049 0.092 0.095 0.073 0.076 0.085;
0.04 0.071 0.056 0.088 0.086 0.065 0.045 0.078 0.022 0.065 0.074 0.083 0.059 0.099 0.069;0.04 0.071 0.065 0.045 0.078 0.056 0.088 0.086 0.022 0.065 0.074 0.083 0.099 0.059 0.069;0.04 0.065 0.056 0.022 0.083 0.071 0.045 0.078 0.088 0.065 0.099 0.086 0.059 0.074 0.069;
0.029 0.057 0.065 0.058 0.102 0.068 0.034 0.099 0.034 0.045 0.094 0.085 0.065 0.107 0.058;0.029 0.057 0.068 0.034 0.099 0.065 0.058 0.102 0.034 0.045 0.094 0.085 0.107 0.065 0.058;0.029 0.068 0.065 0.034 0.085 0.057 0.034 0.099 0.058 0.045 0.107 0.102 0.065 0.094 0.058;
0.044 0.075 0.058 0.065 0.084 0.059 0.042 0.076 0.04 0.06 0.068 0.075 0.078 0.099 0.077;0.044 0.075 0.059 0.042 0.076 0.058 0.065 0.084 0.04 0.06 0.068 0.075 0.099 0.078 0.077;0.044 0.059 0.058 0.04 0.075 0.075 0.042 0.076 0.065 0.06 0.099 0.084 0.078 0.068 0.077;
0.032 0.082 0.053 0.071 0.102 0.053 0.034 0.075 0.036 0.06 0.072 0.075 0.069 0.114 0.072;0.032 0.082 0.053 0.034 0.075 0.053 0.071 0.102 0.036 0.06 0.072 0.075 0.114 0.069 0.072;0.032 0.053 0.053 0.036 0.075 0.082 0.034 0.075 0.071 0.06 0.114 0.102 0.069 0.072 0.072;
0.034 0.07 0.053 0.076 0.109 0.071 0.041 0.083 0.036 0.055 0.07 0.07 0.069 0.091 0.072;0.034 0.07 0.071 0.041 0.083 0.053 0.076 0.109 0.036 0.055 0.07 0.07 0.091 0.069 0.072;0.034 0.071 0.053 0.036 0.07 0.07 0.041 0.083 0.076 0.055 0.091 0.109 0.069 0.07 0.072;
0.033 0.057 0.054 0.075 0.081 0.07 0.045 0.087 0.048 0.058 0.065 0.066 0.079 0.097 0.085;0.033 0.057 0.07 0.045 0.087 0.054 0.075 0.081 0.048 0.058 0.065 0.066 0.097 0.079 0.085;0.033 0.07 0.054 0.048 0.066 0.057 0.045 0.087 0.075 0.058 0.097 0.081 0.079 0.065 0.085;
0.028 0.07 0.052 0.067 0.115 0.058 0.036 0.102 0.037 0.058 0.077 0.068 0.067 0.1 0.065;0.028 0.07 0.058 0.036 0.102 0.052 0.067 0.115 0.037 0.058 0.077 0.068 0.1 0.067 0.065;0.028 0.058 0.052 0.037 0.068 0.07 0.036 0.102 0.067 0.058 0.1 0.115 0.067 0.077 0.065;
0.037 0.064 0.045 0.073 0.097 0.069 0.055 0.078 0.047 0.059 0.082 0.069 0.056 0.095 0.074;0.037 0.064 0.069 0.055 0.078 0.045 0.073 0.097 0.047 0.059 0.082 0.069 0.095 0.056 0.074;0.037 0.069 0.045 0.047 0.069 0.064 0.055 0.078 0.073 0.059 0.095 0.097 0.056 0.082 0.074;
0.028 0.065 0.046 0.066 0.116 0.065 0.039 0.078 0.042 0.058 0.085 0.077 0.078 0.102 0.055;0.028 0.065 0.065 0.039 0.078 0.046 0.066 0.116 0.042 0.058 0.085 0.077 0.102 0.078 0.055;0.028 0.065 0.046 0.042 0.077 0.065 0.039 0.078 0.066 0.058 0.102 0.116 0.078 0.085 0.055;
0.035 0.066 0.06 0.076 0.103 0.065 0.041 0.074 0.035 0.053 0.071 0.066 0.084 0.092 0.079;0.035 0.066 0.065 0.041 0.074 0.06 0.076 0.103 0.035 0.053 0.071 0.066 0.092 0.084 0.079;0.035 0.065 0.06 0.035 0.066 0.066 0.041 0.074 0.076 0.053 0.092 0.103 0.084 0.071 0.079;
0.026 0.057 0.05 0.072 0.094 0.059 0.038 0.1 0.036 0.068 0.073 0.085 0.084 0.086 0.072;0.026 0.057 0.059 0.038 0.1 0.05 0.072 0.094 0.036 0.068 0.073 0.085 0.086 0.084 0.072;0.026 0.059 0.05 0.036 0.085 0.057 0.038 0.1 0.072 0.068 0.086 0.094 0.084 0.073 0.072;
0.029 0.071 0.051 0.066 0.11 0.052 0.039 0.089 0.041 0.04 0.083 0.069 0.069 0.116 0.075;0.029 0.071 0.052 0.039 0.089 0.051 0.066 0.11 0.041 0.04 0.083 0.069 0.116 0.069 0.075;0.029 0.052 0.051 0.041 0.069 0.071 0.039 0.089 0.066 0.04 0.116 0.11 0.069 0.083 0.075;
0.042 0.088 0.049 0.068 0.09 0.072 0.04 0.068 0.029 0.07 0.079 0.067 0.062 0.106 0.07;0.042 0.088 0.072 0.04 0.068 0.049 0.068 0.09 0.029 0.07 0.079 0.067 0.106 0.062 0.07;0.042 0.072 0.049 0.029 0.067 0.088 0.04 0.068 0.068 0.07 0.106 0.09 0.062 0.079 0.07;
0.025 0.055 0.063 0.068 0.105 0.062 0.037 0.094 0.035 0.049 0.092 0.072 0.069 0.106 0.068;0.025 0.055 0.062 0.037 0.094 0.063 0.068 0.105 0.035 0.049 0.092 0.072 0.106 0.069 0.068;0.025 0.062 0.063 0.035 0.072 0.055 0.037 0.094 0.068 0.049 0.106 0.105 0.069 0.092 0.068;
0.036 0.07 0.058 0.073 0.102 0.053 0.035 0.065 0.04 0.062 0.077 0.083 0.066 0.113 0.067;0.036 0.07 0.053 0.035 0.065 0.058 0.073 0.102 0.04 0.062 0.077 0.083 0.113 0.066 0.067;0.036 0.053 0.058 0.04 0.083 0.07 0.035 0.065 0.073 0.062 0.113 0.102 0.066 0.077 0.067;
0.041 0.064 0.048 0.056 0.102 0.065 0.044 0.082 0.027 0.059 0.084 0.079 0.071 0.109 0.069;0.041 0.064 0.065 0.044 0.082 0.048 0.056 0.102 0.027 0.059 0.084 0.079 0.109 0.071 0.069;0.041 0.065 0.048 0.027 0.079 0.064 0.044 0.082 0.056 0.059 0.109 0.102 0.071 0.084 0.069;
0.031 0.068 0.053 0.069 0.093 0.072 0.05 0.085 0.047 0.071 0.066 0.068 0.061 0.097 0.069;0.031 0.068 0.072 0.05 0.085 0.053 0.069 0.093 0.047 0.071 0.066 0.068 0.097 0.061 0.069;0.031 0.072 0.053 0.047 0.068 0.068 0.05 0.085 0.069 0.071 0.097 0.093 0.061 0.066 0.069;
0.043 0.053 0.046 0.071 0.09 0.067 0.039 0.095 0.035 0.048 0.074 0.081 0.076 0.099 0.083;0.043 0.053 0.067 0.039 0.095 0.046 0.071 0.09 0.035 0.048 0.074 0.081 0.099 0.076 0.083;0.043 0.067 0.046 0.035 0.081 0.053 0.039 0.095 0.071 0.048 0.099 0.09 0.076 0.074 0.083;
0.023 0.07 0.053 0.076 0.105 0.062 0.032 0.095 0.036 0.054 0.074 0.08 0.065 0.107 0.068;0.023 0.07 0.062 0.032 0.095 0.053 0.076 0.105 0.036 0.054 0.074 0.08 0.107 0.065 0.068;0.023 0.062 0.053 0.036 0.08 0.07 0.032 0.095 0.076 0.054 0.107 0.105 0.065 0.074 0.068;
0.035 0.078 0.053 0.062 0.085 0.067 0.047 0.087 0.044 0.064 0.07 0.071 0.07 0.102 0.065;0.035 0.078 0.067 0.047 0.087 0.053 0.062 0.085 0.044 0.064 0.07 0.071 0.102 0.07 0.065;0.035 0.067 0.053 0.044 0.071 0.078 0.047 0.087 0.062 0.064 0.102 0.085 0.07 0.07 0.065;
0.033 0.07 0.059 0.085 0.091 0.053 0.038 0.079 0.042 0.061 0.073 0.084 0.076 0.081 0.075;0.033 0.07 0.053 0.038 0.079 0.059 0.085 0.091 0.042 0.061 0.073 0.084 0.081 0.076 0.075;0.033 0.053 0.059 0.042 0.084 0.07 0.038 0.079 0.085 0.061 0.081 0.091 0.076 0.073 0.075;
0.036 0.061 0.06 0.067 0.105 0.06 0.038 0.084 0.041 0.057 0.085 0.069 0.078 0.091 0.068;0.036 0.061 0.06 0.038 0.084 0.06 0.067 0.105 0.041 0.057 0.085 0.069 0.091 0.078 0.068;0.036 0.06 0.06 0.041 0.069 0.061 0.038 0.084 0.067 0.057 0.091 0.105 0.078 0.085 0.068;
0.037 0.068 0.048 0.066 0.084 0.065 0.03 0.093 0.043 0.059 0.057 0.082 0.085 0.102 0.081;0.037 0.068 0.065 0.03 0.093 0.048 0.066 0.084 0.043 0.059 0.057 0.082 0.102 0.085 0.081;0.037 0.065 0.048 0.043 0.082 0.068 0.03 0.093 0.066 0.059 0.102 0.084 0.085 0.057 0.081;
0.032 0.054 0.047 0.074 0.097 0.058 0.05 0.097 0.023 0.067 0.087 0.084 0.065 0.101 0.064;0.032 0.054 0.058 0.05 0.097 0.047 0.074 0.097 0.023 0.067 0.087 0.084 0.101 0.065 0.064;0.032 0.058 0.047 0.023 0.084 0.054 0.05 0.097 0.074 0.067 0.101 0.097 0.065 0.087 0.064;
0.038 0.062 0.045 0.074 0.118 0.062 0.036 0.081 0.046 0.058 0.07 0.067 0.072 0.106 0.065;0.038 0.062 0.062 0.036 0.081 0.045 0.074 0.118 0.046 0.058 0.07 0.067 0.106 0.072 0.065;0.038 0.062 0.045 0.046 0.067 0.062 0.036 0.081 0.074 0.058 0.106 0.118 0.072 0.07 0.065;
0.034 0.064 0.059 0.089 0.083 0.056 0.039 0.097 0.045 0.056 0.065 0.064 0.079 0.105 0.065;0.034 0.064 0.056 0.039 0.097 0.059 0.089 0.083 0.045 0.056 0.065 0.064 0.105 0.079 0.065;0.034 0.056 0.059 0.045 0.064 0.064 0.039 0.097 0.089 0.056 0.105 0.083 0.079 0.065 0.065;
0.041 0.065 0.05 0.063 0.109 0.06 0.05 0.076 0.038 0.056 0.069 0.078 0.071 0.105 0.069;0.041 0.065 0.06 0.05 0.076 0.05 0.063 0.109 0.038 0.056 0.069 0.078 0.105 0.071 0.069;0.041 0.06 0.05 0.038 0.078 0.065 0.05 0.076 0.063 0.056 0.105 0.109 0.071 0.069 0.069;
0.026 0.07 0.062 0.068 0.092 0.062 0.048 0.086 0.048 0.061 0.069 0.071 0.068 0.088 0.081;0.026 0.07 0.062 0.048 0.086 0.062 0.068 0.092 0.048 0.061 0.069 0.071 0.088 0.068 0.081;0.026 0.062 0.062 0.048 0.071 0.07 0.048 0.086 0.068 0.061 0.088 0.092 0.068 0.069 0.081;
0.023 0.053 0.052 0.074 0.101 0.062 0.035 0.094 0.039 0.058 0.075 0.076 0.079 0.1 0.079;0.023 0.053 0.062 0.035 0.094 0.052 0.074 0.101 0.039 0.058 0.075 0.076 0.1 0.079 0.079;0.023 0.062 0.052 0.039 0.076 0.053 0.035 0.094 0.074 0.058 0.1 0.101 0.079 0.075 0.079;
0.036 0.057 0.06 0.065 0.094 0.06 0.045 0.082 0.048 0.052 0.063 0.059 0.078 0.117 0.084;0.036 0.057 0.06 0.045 0.082 0.06 0.065 0.094 0.048 0.052 0.063 0.059 0.117 0.078 0.084;0.036 0.06 0.06 0.048 0.059 0.057 0.045 0.082 0.065 0.052 0.117 0.094 0.078 0.063 0.084;
0.031 0.082 0.052 0.067 0.109 0.065 0.035 0.064 0.034 0.07 0.083 0.067 0.081 0.097 0.063;0.031 0.082 0.065 0.035 0.064 0.052 0.067 0.109 0.034 0.07 0.083 0.067 0.097 0.081 0.063;0.031 0.065 0.052 0.034 0.067 0.082 0.035 0.064 0.067 0.07 0.097 0.109 0.081 0.083 0.063;
0.034 0.052 0.056 0.059 0.106 0.065 0.047 0.085 0.041 0.051 0.076 0.08 0.068 0.105 0.075;0.034 0.052 0.065 0.047 0.085 0.056 0.059 0.106 0.041 0.051 0.076 0.08 0.105 0.068 0.075;0.034 0.065 0.056 0.041 0.08 0.052 0.047 0.085 0.059 0.051 0.105 0.106 0.068 0.076 0.075;
0.021 0.058 0.063 0.073 0.105 0.061 0.04 0.057 0.04 0.055 0.084 0.071 0.069 0.123 0.08;0.021 0.058 0.061 0.04 0.057 0.063 0.073 0.105 0.04 0.055 0.084 0.071 0.123 0.069 0.08;0.021 0.061 0.063 0.04 0.071 0.058 0.04 0.057 0.073 0.055 0.123 0.105 0.069 0.084 0.08;
0.044 0.052 0.06 0.069 0.108 0.065 0.032 0.079 0.035 0.056 0.07 0.064 0.065 0.116 0.085;0.044 0.052 0.065 0.032 0.079 0.06 0.069 0.108 0.035 0.056 0.07 0.064 0.116 0.065 0.085;0.044 0.065 0.06 0.035 0.064 0.052 0.032 0.079 0.069 0.056 0.116 0.108 0.065 0.07 0.085;
0.022 0.058 0.058 0.071 0.098 0.055 0.034 0.092 0.045 0.061 0.073 0.076 0.071 0.104 0.082;0.022 0.058 0.055 0.034 0.092 0.058 0.071 0.098 0.045 0.061 0.073 0.076 0.104 0.071 0.082;0.022 0.055 0.058 0.045 0.076 0.058 0.034 0.092 0.071 0.061 0.104 0.098 0.071 0.073 0.082;
0.029 0.061 0.077 0.056 0.094 0.054 0.037 0.077 0.04 0.061 0.089 0.087 0.066 0.092 0.08;0.029 0.061 0.054 0.037 0.077 0.077 0.056 0.094 0.04 0.061 0.089 0.087 0.092 0.066 0.08;0.029 0.054 0.077 0.04 0.087 0.061 0.037 0.077 0.056 0.061 0.092 0.094 0.066 0.089 0.08;
0.034 0.058 0.053 0.08 0.114 0.054 0.041 0.082 0.035 0.061 0.069 0.071 0.077 0.119 0.052;0.034 0.058 0.054 0.041 0.082 0.053 0.08 0.114 0.035 0.061 0.069 0.071 0.119 0.077 0.052;0.034 0.054 0.053 0.035 0.071 0.058 0.041 0.082 0.08 0.061 0.119 0.114 0.077 0.069 0.052;
0.028 0.065 0.068 0.06 0.11 0.08 0.03 0.078 0.04 0.063 0.062 0.081 0.069 0.101 0.065;0.028 0.065 0.08 0.03 0.078 0.068 0.06 0.11 0.04 0.063 0.062 0.081 0.101 0.069 0.065;0.028 0.08 0.068 0.04 0.081 0.065 0.03 0.078 0.06 0.063 0.101 0.11 0.069 0.062 0.065;
0.045 0.062 0.056 0.069 0.1 0.056 0.035 0.083 0.039 0.046 0.086 0.073 0.062 0.103 0.085;0.045 0.062 0.056 0.035 0.083 0.056 0.069 0.1 0.039 0.046 0.086 0.073 0.103 0.062 0.085;0.045 0.056 0.056 0.039 0.073 0.062 0.035 0.083 0.069 0.046 0.103 0.1 0.062 0.086 0.085;
0.032 0.071 0.048 0.064 0.113 0.072 0.043 0.077 0.034 0.054 0.076 0.074 0.075 0.098 0.069;0.032 0.071 0.072 0.043 0.077 0.048 0.064 0.113 0.034 0.054 0.076 0.074 0.098 0.075 0.069;0.032 0.072 0.048 0.034 0.074 0.071 0.043 0.077 0.064 0.054 0.098 0.113 0.075 0.076 0.069;
0.035 0.061 0.059 0.066 0.107 0.074 0.033 0.091 0.041 0.056 0.082 0.067 0.055 0.113 0.06;0.035 0.061 0.074 0.033 0.091 0.059 0.066 0.107 0.041 0.056 0.082 0.067 0.113 0.055 0.06;0.035 0.074 0.059 0.041 0.067 0.061 0.033 0.091 0.066 0.056 0.113 0.107 0.055 0.082 0.06;
0.041 0.063 0.054 0.06 0.091 0.063 0.042 0.094 0.042 0.065 0.082 0.074 0.08 0.091 0.058;0.041 0.063 0.063 0.042 0.094 0.054 0.06 0.091 0.042 0.065 0.082 0.074 0.091 0.08 0.058;0.041 0.063 0.054 0.042 0.074 0.063 0.042 0.094 0.06 0.065 0.091 0.091 0.08 0.082 0.058;
0.027 0.071 0.051 0.069 0.086 0.077 0.046 0.076 0.041 0.054 0.079 0.072 0.069 0.097 0.085;0.027 0.071 0.077 0.046 0.076 0.051 0.069 0.086 0.041 0.054 0.079 0.072 0.097 0.069 0.085;0.027 0.077 0.051 0.041 0.072 0.071 0.046 0.076 0.069 0.054 0.097 0.086 0.069 0.079 0.085;
0.03 0.076 0.05 0.068 0.1 0.06 0.042 0.098 0.044 0.047 0.088 0.065 0.068 0.108 0.056;0.03 0.076 0.06 0.042 0.098 0.05 0.068 0.1 0.044 0.047 0.088 0.065 0.108 0.068 0.056;0.03 0.06 0.05 0.044 0.065 0.076 0.042 0.098 0.068 0.047 0.108 0.1 0.068 0.088 0.056;
0.033 0.051 0.052 0.071 0.094 0.07 0.041 0.082 0.04 0.05 0.085 0.07 0.077 0.114 0.07;0.033 0.051 0.07 0.041 0.082 0.052 0.071 0.094 0.04 0.05 0.085 0.07 0.114 0.077 0.07;0.033 0.07 0.052 0.04 0.07 0.051 0.041 0.082 0.071 0.05 0.114 0.094 0.077 0.085 0.07;
0.034 0.064 0.051 0.06 0.1 0.069 0.044 0.076 0.033 0.055 0.086 0.093 0.072 0.084 0.079;0.034 0.064 0.069 0.044 0.076 0.051 0.06 0.1 0.033 0.055 0.086 0.093 0.084 0.072 0.079;0.034 0.069 0.051 0.033 0.093 0.064 0.044 0.076 0.06 0.055 0.084 0.1 0.072 0.086 0.079;
0.03 0.066 0.046 0.075 0.093 0.067 0.041 0.096 0.033 0.057 0.07 0.082 0.068 0.096 0.08;0.03 0.066 0.067 0.041 0.096 0.046 0.075 0.093 0.033 0.057 0.07 0.082 0.096 0.068 0.08;0.03 0.067 0.046 0.033 0.082 0.066 0.041 0.096 0.075 0.057 0.096 0.093 0.068 0.07 0.08;
0.024 0.077 0.063 0.066 0.096 0.063 0.042 0.081 0.043 0.047 0.09 0.077 0.062 0.106 0.063;0.024 0.077 0.063 0.042 0.081 0.063 0.066 0.096 0.043 0.047 0.09 0.077 0.106 0.062 0.063;0.024 0.063 0.063 0.043 0.077 0.077 0.042 0.081 0.066 0.047 0.106 0.096 0.062 0.09 0.063;
0.039 0.059 0.053 0.072 0.104 0.057 0.041 0.072 0.04 0.061 0.068 0.076 0.084 0.099 0.075;0.039 0.059 0.057 0.041 0.072 0.053 0.072 0.104 0.04 0.061 0.068 0.076 0.099 0.084 0.075;0.039 0.057 0.053 0.04 0.076 0.059 0.041 0.072 0.072 0.061 0.099 0.104 0.084 0.068 0.075;
0.018 0.066 0.06 0.079 0.096 0.064 0.037 0.079 0.041 0.054 0.081 0.079 0.077 0.108 0.061;0.018 0.066 0.064 0.037 0.079 0.06 0.079 0.096 0.041 0.054 0.081 0.079 0.108 0.077 0.061;0.018 0.064 0.06 0.041 0.079 0.066 0.037 0.079 0.079 0.054 0.108 0.096 0.077 0.081 0.061;
0.039 0.059 0.065 0.072 0.102 0.067 0.037 0.067 0.036 0.06 0.089 0.062 0.086 0.108 0.051;0.039 0.059 0.067 0.037 0.067 0.065 0.072 0.102 0.036 0.06 0.089 0.062 0.108 0.086 0.051;0.039 0.067 0.065 0.036 0.062 0.059 0.037 0.067 0.072 0.06 0.108 0.102 0.086 0.089 0.051;
0.04 0.065 0.063 0.067 0.1 0.059 0.045 0.079 0.052 0.055 0.079 0.057 0.066 0.104 0.069;0.04 0.065 0.059 0.045 0.079 0.063 0.067 0.1 0.052 0.055 0.079 0.057 0.104 0.066 0.069;0.04 0.059 0.063 0.052 0.057 0.065 0.045 0.079 0.067 0.055 0.104 0.1 0.066 0.079 0.069;
0.037 0.069 0.053 0.051 0.106 0.057 0.043 0.094 0.028 0.057 0.073 0.05 0.074 0.14 0.068;0.037 0.069 0.057 0.043 0.094 0.053 0.051 0.106 0.028 0.057 0.073 0.05 0.14 0.074 0.068;0.037 0.057 0.053 0.028 0.05 0.069 0.043 0.094 0.051 0.057 0.14 0.106 0.074 0.073 0.068;
0.031 0.066 0.044 0.068 0.111 0.063 0.046 0.076 0.04 0.054 0.081 0.079 0.066 0.119 0.056;0.031 0.066 0.063 0.046 0.076 0.044 0.068 0.111 0.04 0.054 0.081 0.079 0.119 0.066 0.056;0.031 0.063 0.044 0.04 0.079 0.066 0.046 0.076 0.068 0.054 0.119 0.111 0.066 0.081 0.056;
0.03 0.075 0.057 0.07 0.096 0.071 0.045 0.073 0.034 0.052 0.065 0.081 0.071 0.109 0.071;0.03 0.075 0.071 0.045 0.073 0.057 0.07 0.096 0.034 0.052 0.065 0.081 0.109 0.071 0.071;0.03 0.071 0.057 0.034 0.081 0.075 0.045 0.073 0.07 0.052 0.109 0.096 0.071 0.065 0.071;
0.036 0.056 0.061 0.072 0.103 0.053 0.045 0.08 0.035 0.059 0.065 0.079 0.08 0.093 0.083;0.036 0.056 0.053 0.045 0.08 0.061 0.072 0.103 0.035 0.059 0.065 0.079 0.093 0.08 0.083;0.036 0.053 0.061 0.035 0.079 0.056 0.045 0.08 0.072 0.059 0.093 0.103 0.08 0.065 0.083;
0.04 0.057 0.05 0.073 0.1 0.085 0.047 0.073 0.054 0.046 0.069 0.077 0.074 0.093 0.062;0.04 0.057 0.085 0.047 0.073 0.05 0.073 0.1 0.054 0.046 0.069 0.077 0.093 0.074 0.062;0.04 0.085 0.05 0.054 0.077 0.057 0.047 0.073 0.073 0.046 0.093 0.1 0.074 0.069 0.062;
0.034 0.053 0.061 0.071 0.112 0.057 0.05 0.103 0.03 0.048 0.071 0.07 0.071 0.094 0.075;0.034 0.053 0.057 0.05 0.103 0.061 0.071 0.112 0.03 0.048 0.071 0.07 0.094 0.071 0.075;0.034 0.057 0.061 0.03 0.07 0.053 0.05 0.103 0.071 0.048 0.094 0.112 0.071 0.071 0.075;
0.034 0.06 0.061 0.069 0.092 0.076 0.038 0.087 0.043 0.041 0.073 0.076 0.069 0.111 0.07;0.034 0.06 0.076 0.038 0.087 0.061 0.069 0.092 0.043 0.041 0.073 0.076 0.111 0.069 0.07;0.034 0.076 0.061 0.043 0.076 0.06 0.038 0.087 0.069 0.041 0.111 0.092 0.069 0.073 0.07;
0.042 0.058 0.03 0.078 0.095 0.071 0.044 0.076 0.045 0.059 0.073 0.085 0.067 0.104 0.073;0.042 0.058 0.071 0.044 0.076 0.03 0.078 0.095 0.045 0.059 0.073 0.085 0.104 0.067 0.073;0.042 0.071 0.03 0.045 0.085 0.058 0.044 0.076 0.078 0.059 0.104 0.095 0.067 0.073 0.073;
0.029 0.058 0.051 0.077 0.096 0.07 0.055 0.073 0.055 0.05 0.064 0.075 0.074 0.096 0.077;0.029 0.058 0.07 0.055 0.073 0.051 0.077 0.096 0.055 0.05 0.064 0.075 0.096 0.074 0.077;0.029 0.07 0.051 0.055 0.075 0.058 0.055 0.073 0.077 0.05 0.096 0.096 0.074 0.064 0.077;
0.029 0.072 0.051 0.08 0.113 0.066 0.036 0.078 0.037 0.052 0.067 0.07 0.085 0.09 0.074;0.029 0.072 0.066 0.036 0.078 0.051 0.08 0.113 0.037 0.052 0.067 0.07 0.09 0.085 0.074;0.029 0.066 0.051 0.037 0.07 0.072 0.036 0.078 0.08 0.052 0.09 0.113 0.085 0.067 0.074;
0.033 0.068 0.055 0.072 0.113 0.055 0.039 0.073 0.038 0.059 0.076 0.078 0.069 0.107 0.065;0.033 0.068 0.055 0.039 0.073 0.055 0.072 0.113 0.038 0.059 0.076 0.078 0.107 0.069 0.065;0.033 0.055 0.055 0.038 0.078 0.068 0.039 0.073 0.072 0.059 0.107 0.113 0.069 0.076 0.065;
0.033 0.055 0.057 0.082 0.089 0.068 0.051 0.082 0.045 0.061 0.061 0.06 0.089 0.099 0.068;0.033 0.055 0.068 0.051 0.082 0.057 0.082 0.089 0.045 0.061 0.061 0.06 0.099 0.089 0.068;0.033 0.068 0.057 0.045 0.06 0.055 0.051 0.082 0.082 0.061 0.099 0.089 0.089 0.061 0.068;
0.034 0.065 0.055 0.074 0.101 0.063 0.038 0.083 0.048 0.056 0.082 0.069 0.074 0.088 0.07;0.034 0.065 0.063 0.038 0.083 0.055 0.074 0.101 0.048 0.056 0.082 0.069 0.088 0.074 0.07;0.034 0.063 0.055 0.048 0.069 0.065 0.038 0.083 0.074 0.056 0.088 0.101 0.074 0.082 0.07;
0.032 0.069 0.049 0.074 0.086 0.059 0.036 0.085 0.038 0.061 0.077 0.088 0.077 0.097 0.072;0.032 0.069 0.059 0.036 0.085 0.049 0.074 0.086 0.038 0.061 0.077 0.088 0.097 0.077 0.072;0.032 0.059 0.049 0.038 0.088 0.069 0.036 0.085 0.074 0.061 0.097 0.086 0.077 0.077 0.072;
0.029 0.07 0.066 0.081 0.09 0.051 0.045 0.072 0.039 0.061 0.073 0.089 0.073 0.096 0.065;0.029 0.07 0.051 0.045 0.072 0.066 0.081 0.09 0.039 0.061 0.073 0.089 0.096 0.073 0.065;0.029 0.051 0.066 0.039 0.089 0.07 0.045 0.072 0.081 0.061 0.096 0.09 0.073 0.073 0.065;
0.034 0.066 0.052 0.066 0.101 0.062 0.042 0.08 0.038 0.057 0.073 0.093 0.082 0.098 0.056;0.034 0.066 0.062 0.042 0.08 0.052 0.066 0.101 0.038 0.057 0.073 0.093 0.098 0.082 0.056;0.034 0.062 0.052 0.038 0.093 0.066 0.042 0.08 0.066 0.057 0.098 0.101 0.082 0.073 0.056;
0.024 0.082 0.069 0.071 0.079 0.056 0.041 0.089 0.039 0.057 0.07 0.091 0.063 0.11 0.059;0.024 0.082 0.056 0.041 0.089 0.069 0.071 0.079 0.039 0.057 0.07 0.091 0.11 0.063 0.059;0.024 0.056 0.069 0.039 0.091 0.082 0.041 0.089 0.071 0.057 0.11 0.079 0.063 0.07 0.059;
0.038 0.07 0.047 0.069 0.118 0.059 0.037 0.089 0.046 0.057 0.082 0.069 0.062 0.094 0.063;0.038 0.07 0.059 0.037 0.089 0.047 0.069 0.118 0.046 0.057 0.082 0.069 0.094 0.062 0.063;0.038 0.059 0.047 0.046 0.069 0.07 0.037 0.089 0.069 0.057 0.094 0.118 0.062 0.082 0.063;
0.038 0.061 0.052 0.069 0.087 0.072 0.042 0.085 0.044 0.056 0.075 0.078 0.073 0.098 0.07;0.038 0.061 0.072 0.042 0.085 0.052 0.069 0.087 0.044 0.056 0.075 0.078 0.098 0.073 0.07;0.038 0.072 0.052 0.044 0.078 0.061 0.042 0.085 0.069 0.056 0.098 0.087 0.073 0.075 0.07;
0.03 0.063 0.063 0.082 0.091 0.069 0.041 0.095 0.038 0.038 0.073 0.077 0.078 0.092 0.07;0.03 0.063 0.069 0.041 0.095 0.063 0.082 0.091 0.038 0.038 0.073 0.077 0.092 0.078 0.07;0.03 0.069 0.063 0.038 0.077 0.063 0.041 0.095 0.082 0.038 0.092 0.091 0.078 0.073 0.07;
0.03 0.057 0.045 0.071 0.107 0.067 0.039 0.085 0.042 0.059 0.073 0.085 0.066 0.105 0.069;0.03 0.057 0.067 0.039 0.085 0.045 0.071 0.107 0.042 0.059 0.073 0.085 0.105 0.066 0.069;0.03 0.067 0.045 0.042 0.085 0.057 0.039 0.085 0.071 0.059 0.105 0.107 0.066 0.073 0.069;
0.037 0.068 0.057 0.078 0.088 0.058 0.053 0.078 0.031 0.069 0.082 0.082 0.062 0.085 0.072;0.037 0.068 0.058 0.053 0.078 0.057 0.078 0.088 0.031 0.069 0.082 0.082 0.085 0.062 0.072;0.037 0.058 0.057 0.031 0.082 0.068 0.053 0.078 0.078 0.069 0.085 0.088 0.062 0.082 0.072;
0.037 0.072 0.049 0.067 0.101 0.058 0.039 0.083 0.034 0.048 0.09 0.07 0.075 0.102 0.075;0.037 0.072 0.058 0.039 0.083 0.049 0.067 0.101 0.034 0.048 0.09 0.07 0.102 0.075 0.075;0.037 0.058 0.049 0.034 0.07 0.072 0.039 0.083 0.067 0.048 0.102 0.101 0.075 0.09 0.075;
0.04 0.067 0.047 0.074 0.11 0.066 0.052 0.086 0.039 0.05 0.063 0.067 0.077 0.101 0.061;0.04 0.067 0.066 0.052 0.086 0.047 0.074 0.11 0.039 0.05 0.063 0.067 0.101 0.077 0.061;0.04 0.066 0.047 0.039 0.067 0.067 0.052 0.086 0.074 0.05 0.101 0.11 0.077 0.063 0.061;
0.039 0.057 0.066 0.067 0.118 0.05 0.03 0.07 0.036 0.05 0.083 0.079 0.078 0.09 0.087;0.039 0.057 0.05 0.03 0.07 0.066 0.067 0.118 0.036 0.05 0.083 0.079 0.09 0.078 0.087;0.039 0.05 0.066 0.036 0.079 0.057 0.03 0.07 0.067 0.05 0.09 0.118 0.078 0.083 0.087;
0.043 0.063 0.054 0.079 0.102 0.073 0.03 0.085 0.043 0.05 0.057 0.075 0.072 0.105 0.069;0.043 0.063 0.073 0.03 0.085 0.054 0.079 0.102 0.043 0.05 0.057 0.075 0.105 0.072 0.069;0.043 0.073 0.054 0.043 0.075 0.063 0.03 0.085 0.079 0.05 0.105 0.102 0.072 0.057 0.069;
0.044 0.059 0.055 0.064 0.104 0.068 0.027 0.08 0.03 0.044 0.067 0.087 0.092 0.095 0.084;0.044 0.059 0.068 0.027 0.08 0.055 0.064 0.104 0.03 0.044 0.067 0.087 0.095 0.092 0.084;0.044 0.068 0.055 0.03 0.087 0.059 0.027 0.08 0.064 0.044 0.095 0.104 0.092 0.067 0.084;
0.023 0.068 0.06 0.069 0.107 0.068 0.03 0.076 0.041 0.052 0.074 0.083 0.072 0.094 0.083;0.023 0.068 0.068 0.03 0.076 0.06 0.069 0.107 0.041 0.052 0.074 0.083 0.094 0.072 0.083;0.023 0.068 0.06 0.041 0.083 0.068 0.03 0.076 0.069 0.052 0.094 0.107 0.072 0.074 0.083;
0.03 0.068 0.053 0.075 0.095 0.061 0.033 0.083 0.043 0.072 0.064 0.086 0.065 0.109 0.063;0.03 0.068 0.061 0.033 0.083 0.053 0.075 0.095 0.043 0.072 0.064 0.086 0.109 0.065 0.063;0.03 0.061 0.053 0.043 0.086 0.068 0.033 0.083 0.075 0.072 0.109 0.095 0.065 0.064 0.063;
0.026 0.065 0.052 0.07 0.098 0.062 0.04 0.085 0.053 0.052 0.077 0.086 0.078 0.081 0.075;0.026 0.065 0.062 0.04 0.085 0.052 0.07 0.098 0.053 0.052 0.077 0.086 0.081 0.078 0.075;0.026 0.062 0.052 0.053 0.086 0.065 0.04 0.085 0.07 0.052 0.081 0.098 0.078 0.077 0.075;
0.03 0.061 0.061 0.069 0.087 0.075 0.029 0.082 0.041 0.045 0.079 0.087 0.067 0.103 0.084;0.03 0.061 0.075 0.029 0.082 0.061 0.069 0.087 0.041 0.045 0.079 0.087 0.103 0.067 0.084;0.03 0.075 0.061 0.041 0.087 0.061 0.029 0.082 0.069 0.045 0.103 0.087 0.067 0.079 0.084;
0.036 0.07 0.045 0.078 0.108 0.076 0.036 0.074 0.034 0.055 0.074 0.089 0.056 0.103 0.066;0.036 0.07 0.076 0.036 0.074 0.045 0.078 0.108 0.034 0.055 0.074 0.089 0.103 0.056 0.066;0.036 0.076 0.045 0.034 0.089 0.07 0.036 0.074 0.078 0.055 0.103 0.108 0.056 0.074 0.066;
0.043 0.071 0.053 0.072 0.087 0.055 0.04 0.077 0.042 0.055 0.079 0.079 0.082 0.091 0.074;0.043 0.071 0.055 0.04 0.077 0.053 0.072 0.087 0.042 0.055 0.079 0.079 0.091 0.082 0.074;0.043 0.055 0.053 0.042 0.079 0.071 0.04 0.077 0.072 0.055 0.091 0.087 0.082 0.079 0.074;
0.03 0.066 0.052 0.059 0.082 0.073 0.046 0.1 0.041 0.049 0.077 0.072 0.079 0.092 0.082;0.03 0.066 0.073 0.046 0.1 0.052 0.059 0.082 0.041 0.049 0.077 0.072 0.092 0.079 0.082;0.03 0.073 0.052 0.041 0.072 0.066 0.046 0.1 0.059 0.049 0.092 0.082 0.079 0.077 0.082];