pntP=[0.482 0.105 0.064 0.094 0.026 0.076 0.012 0.017 0.009 0.067 0.012 0.005 0.004 0.025 0.002;0.482 0.105 0.076 0.012 0.017 0.064 0.094 0.026 0.009 0.067 0.012 0.005 0.025 0.004 0.002;0.482 0.076 0.064 0.009 0.005 0.105 0.012 0.017 0.094 0.067 0.025 0.026 0.004 0.012 0.002;
0.485 0.086 0.064 0.086 0.027 0.096 0.008 0.012 0.01 0.064 0.006 0.011 0.012 0.032 0.001;0.485 0.086 0.096 0.008 0.012 0.064 0.086 0.027 0.01 0.064 0.006 0.011 0.032 0.012 0.001;0.485 0.096 0.064 0.01 0.011 0.086 0.008 0.012 0.086 0.064 0.032 0.027 0.012 0.006 0.001;
0.496 0.088 0.065 0.1 0.017 0.09 0.006 0.013 0.006 0.065 0.01 0.007 0.005 0.03 0.002;0.496 0.088 0.09 0.006 0.013 0.065 0.1 0.017 0.006 0.065 0.01 0.007 0.03 0.005 0.002;0.496 0.09 0.065 0.006 0.007 0.088 0.006 0.013 0.1 0.065 0.03 0.017 0.005 0.01 0.002;
0.501 0.095 0.057 0.097 0.018 0.108 0.007 0.009 0.005 0.051 0.007 0.009 0.007 0.024 0.005;0.501 0.095 0.108 0.007 0.009 0.057 0.097 0.018 0.005 0.051 0.007 0.009 0.024 0.007 0.005;0.501 0.108 0.057 0.005 0.009 0.095 0.007 0.009 0.097 0.051 0.024 0.018 0.007 0.007 0.005;
0.481 0.093 0.061 0.099 0.022 0.101 0.006 0.016 0.002 0.06 0.01 0.012 0.003 0.03 0.004;0.481 0.093 0.101 0.006 0.016 0.061 0.099 0.022 0.002 0.06 0.01 0.012 0.03 0.003 0.004;0.481 0.101 0.061 0.002 0.012 0.093 0.006 0.016 0.099 0.06 0.03 0.022 0.003 0.01 0.004;
0.491 0.092 0.072 0.088 0.031 0.088 0.005 0.017 0.007 0.065 0.013 0.006 0.008 0.015 0.002;0.491 0.092 0.088 0.005 0.017 0.072 0.088 0.031 0.007 0.065 0.013 0.006 0.015 0.008 0.002;0.491 0.088 0.072 0.007 0.006 0.092 0.005 0.017 0.088 0.065 0.015 0.031 0.008 0.013 0.002;
0.498 0.097 0.062 0.095 0.022 0.103 0.01 0.01 0.002 0.05 0.012 0.005 0.003 0.028 0.003;0.498 0.097 0.103 0.01 0.01 0.062 0.095 0.022 0.002 0.05 0.012 0.005 0.028 0.003 0.003;0.498 0.103 0.062 0.002 0.005 0.097 0.01 0.01 0.095 0.05 0.028 0.022 0.003 0.012 0.003;
0.512 0.083 0.051 0.096 0.023 0.094 0.009 0.008 0.011 0.061 0.009 0.009 0.004 0.028 0.002;0.512 0.083 0.094 0.009 0.008 0.051 0.096 0.023 0.011 0.061 0.009 0.009 0.028 0.004 0.002;0.512 0.094 0.051 0.011 0.009 0.083 0.009 0.008 0.096 0.061 0.028 0.023 0.004 0.009 0.002;
0.509 0.077 0.075 0.079 0.038 0.092 0.009 0.008 0.007 0.056 0.012 0.007 0.007 0.022 0.002;0.509 0.077 0.092 0.009 0.008 0.075 0.079 0.038 0.007 0.056 0.012 0.007 0.022 0.007 0.002;0.509 0.092 0.075 0.007 0.007 0.077 0.009 0.008 0.079 0.056 0.022 0.038 0.007 0.012 0.002;
0.492 0.083 0.061 0.085 0.022 0.111 0.01 0.008 0.008 0.068 0.005 0.012 0.008 0.024 0.003;0.492 0.083 0.111 0.01 0.008 0.061 0.085 0.022 0.008 0.068 0.005 0.012 0.024 0.008 0.003;0.492 0.111 0.061 0.008 0.012 0.083 0.01 0.008 0.085 0.068 0.024 0.022 0.008 0.005 0.003;
0.485 0.091 0.074 0.099 0.024 0.092 0.007 0.012 0.005 0.065 0.008 0.004 0.007 0.025 0.002;0.485 0.091 0.092 0.007 0.012 0.074 0.099 0.024 0.005 0.065 0.008 0.004 0.025 0.007 0.002;0.485 0.092 0.074 0.005 0.004 0.091 0.007 0.012 0.099 0.065 0.025 0.024 0.007 0.008 0.002;
0.494 0.093 0.068 0.094 0.026 0.088 0.008 0.012 0.009 0.058 0.009 0.007 0.009 0.024 0.001;0.494 0.093 0.088 0.008 0.012 0.068 0.094 0.026 0.009 0.058 0.009 0.007 0.024 0.009 0.001;0.494 0.088 0.068 0.009 0.007 0.093 0.008 0.012 0.094 0.058 0.024 0.026 0.009 0.009 0.001;
0.492 0.108 0.066 0.094 0.024 0.077 0.005 0.011 0.007 0.057 0.009 0.013 0.011 0.024 0.002;0.492 0.108 0.077 0.005 0.011 0.066 0.094 0.024 0.007 0.057 0.009 0.013 0.024 0.011 0.002;0.492 0.077 0.066 0.007 0.013 0.108 0.005 0.011 0.094 0.057 0.024 0.024 0.011 0.009 0.002;
0.473 0.101 0.07 0.094 0.02 0.1 0.006 0.016 0.006 0.054 0.014 0.01 0.009 0.023 0.004;0.473 0.101 0.1 0.006 0.016 0.07 0.094 0.02 0.006 0.054 0.014 0.01 0.023 0.009 0.004;0.473 0.1 0.07 0.006 0.01 0.101 0.006 0.016 0.094 0.054 0.023 0.02 0.009 0.014 0.004;
0.503 0.097 0.045 0.089 0.024 0.098 0.008 0.017 0.009 0.053 0.015 0.01 0.009 0.018 0.005;0.503 0.097 0.098 0.008 0.017 0.045 0.089 0.024 0.009 0.053 0.015 0.01 0.018 0.009 0.005;0.503 0.098 0.045 0.009 0.01 0.097 0.008 0.017 0.089 0.053 0.018 0.024 0.009 0.015 0.005;
0.484 0.074 0.058 0.101 0.025 0.103 0.013 0.013 0.013 0.066 0.011 0.006 0.004 0.027 0.002;0.484 0.074 0.103 0.013 0.013 0.058 0.101 0.025 0.013 0.066 0.011 0.006 0.027 0.004 0.002;0.484 0.103 0.058 0.013 0.006 0.074 0.013 0.013 0.101 0.066 0.027 0.025 0.004 0.011 0.002;
0.504 0.082 0.057 0.094 0.021 0.091 0.008 0.015 0.008 0.067 0.009 0.007 0.008 0.029 0;0.504 0.082 0.091 0.008 0.015 0.057 0.094 0.021 0.008 0.067 0.009 0.007 0.029 0.008 0;0.504 0.091 0.057 0.008 0.007 0.082 0.008 0.015 0.094 0.067 0.029 0.021 0.008 0.009 0;
0.499 0.092 0.065 0.105 0.033 0.075 0.009 0.011 0.006 0.063 0.006 0.012 0.005 0.016 0.003;0.499 0.092 0.075 0.009 0.011 0.065 0.105 0.033 0.006 0.063 0.006 0.012 0.016 0.005 0.003;0.499 0.075 0.065 0.006 0.012 0.092 0.009 0.011 0.105 0.063 0.016 0.033 0.005 0.006 0.003;
0.511 0.089 0.056 0.104 0.023 0.091 0.007 0.008 0.006 0.052 0.008 0.01 0.003 0.023 0.009;0.511 0.089 0.091 0.007 0.008 0.056 0.104 0.023 0.006 0.052 0.008 0.01 0.023 0.003 0.009;0.511 0.091 0.056 0.006 0.01 0.089 0.007 0.008 0.104 0.052 0.023 0.023 0.003 0.008 0.009;
0.481 0.092 0.066 0.092 0.025 0.091 0.005 0.018 0.006 0.067 0.005 0.012 0.004 0.034 0.002;0.481 0.092 0.091 0.005 0.018 0.066 0.092 0.025 0.006 0.067 0.005 0.012 0.034 0.004 0.002;0.481 0.091 0.066 0.006 0.012 0.092 0.005 0.018 0.092 0.067 0.034 0.025 0.004 0.005 0.002;
0.497 0.075 0.063 0.098 0.02 0.098 0.011 0.009 0.011 0.069 0.009 0.008 0.007 0.022 0.003;0.497 0.075 0.098 0.011 0.009 0.063 0.098 0.02 0.011 0.069 0.009 0.008 0.022 0.007 0.003;0.497 0.098 0.063 0.011 0.008 0.075 0.011 0.009 0.098 0.069 0.022 0.02 0.007 0.009 0.003;
0.487 0.101 0.058 0.08 0.022 0.105 0.006 0.01 0.007 0.066 0.005 0.011 0.009 0.031 0.002;0.487 0.101 0.105 0.006 0.01 0.058 0.08 0.022 0.007 0.066 0.005 0.011 0.031 0.009 0.002;0.487 0.105 0.058 0.007 0.011 0.101 0.006 0.01 0.08 0.066 0.031 0.022 0.009 0.005 0.002;
0.507 0.094 0.057 0.098 0.021 0.092 0.006 0.01 0.006 0.062 0.006 0.008 0.007 0.019 0.007;0.507 0.094 0.092 0.006 0.01 0.057 0.098 0.021 0.006 0.062 0.006 0.008 0.019 0.007 0.007;0.507 0.092 0.057 0.006 0.008 0.094 0.006 0.01 0.098 0.062 0.019 0.021 0.007 0.006 0.007;
0.482 0.098 0.051 0.095 0.021 0.102 0.007 0.013 0.006 0.063 0.012 0.012 0.008 0.024 0.006;0.482 0.098 0.102 0.007 0.013 0.051 0.095 0.021 0.006 0.063 0.012 0.012 0.024 0.008 0.006;0.482 0.102 0.051 0.006 0.012 0.098 0.007 0.013 0.095 0.063 0.024 0.021 0.008 0.012 0.006;
0.521 0.082 0.061 0.072 0.019 0.095 0.005 0.015 0.007 0.071 0.005 0.009 0.012 0.023 0.003;0.521 0.082 0.095 0.005 0.015 0.061 0.072 0.019 0.007 0.071 0.005 0.009 0.023 0.012 0.003;0.521 0.095 0.061 0.007 0.009 0.082 0.005 0.015 0.072 0.071 0.023 0.019 0.012 0.005 0.003;
0.479 0.099 0.059 0.105 0.019 0.097 0.015 0.008 0.008 0.056 0.005 0.011 0.009 0.026 0.004;0.479 0.099 0.097 0.015 0.008 0.059 0.105 0.019 0.008 0.056 0.005 0.011 0.026 0.009 0.004;0.479 0.097 0.059 0.008 0.011 0.099 0.015 0.008 0.105 0.056 0.026 0.019 0.009 0.005 0.004;
0.511 0.08 0.063 0.087 0.032 0.099 0.007 0.008 0.003 0.059 0.011 0.011 0.004 0.023 0.002;0.511 0.08 0.099 0.007 0.008 0.063 0.087 0.032 0.003 0.059 0.011 0.011 0.023 0.004 0.002;0.511 0.099 0.063 0.003 0.011 0.08 0.007 0.008 0.087 0.059 0.023 0.032 0.004 0.011 0.002;
0.509 0.093 0.06 0.096 0.026 0.093 0.006 0.011 0.005 0.06 0.004 0.005 0.003 0.027 0.002;0.509 0.093 0.093 0.006 0.011 0.06 0.096 0.026 0.005 0.06 0.004 0.005 0.027 0.003 0.002;0.509 0.093 0.06 0.005 0.005 0.093 0.006 0.011 0.096 0.06 0.027 0.026 0.003 0.004 0.002;
0.501 0.089 0.066 0.092 0.019 0.09 0.008 0.012 0.006 0.062 0.005 0.013 0.006 0.03 0.001;0.501 0.089 0.09 0.008 0.012 0.066 0.092 0.019 0.006 0.062 0.005 0.013 0.03 0.006 0.001;0.501 0.09 0.066 0.006 0.013 0.089 0.008 0.012 0.092 0.062 0.03 0.019 0.006 0.005 0.001;
0.503 0.088 0.061 0.095 0.028 0.089 0.008 0.018 0.007 0.057 0.008 0.009 0.004 0.022 0.003;0.503 0.088 0.089 0.008 0.018 0.061 0.095 0.028 0.007 0.057 0.008 0.009 0.022 0.004 0.003;0.503 0.089 0.061 0.007 0.009 0.088 0.008 0.018 0.095 0.057 0.022 0.028 0.004 0.008 0.003;
0.472 0.081 0.072 0.087 0.026 0.111 0.012 0.008 0.009 0.064 0.009 0.006 0.008 0.031 0.004;0.472 0.081 0.111 0.012 0.008 0.072 0.087 0.026 0.009 0.064 0.009 0.006 0.031 0.008 0.004;0.472 0.111 0.072 0.009 0.006 0.081 0.012 0.008 0.087 0.064 0.031 0.026 0.008 0.009 0.004;
0.499 0.071 0.063 0.082 0.024 0.107 0.012 0.008 0.006 0.07 0.012 0.013 0.007 0.025 0.001;0.499 0.071 0.107 0.012 0.008 0.063 0.082 0.024 0.006 0.07 0.012 0.013 0.025 0.007 0.001;0.499 0.107 0.063 0.006 0.013 0.071 0.012 0.008 0.082 0.07 0.025 0.024 0.007 0.012 0.001;
0.502 0.099 0.069 0.084 0.023 0.081 0.012 0.008 0.017 0.058 0.01 0.008 0.008 0.017 0.004;0.502 0.099 0.081 0.012 0.008 0.069 0.084 0.023 0.017 0.058 0.01 0.008 0.017 0.008 0.004;0.502 0.081 0.069 0.017 0.008 0.099 0.012 0.008 0.084 0.058 0.017 0.023 0.008 0.01 0.004;
0.482 0.091 0.072 0.095 0.021 0.1 0.013 0.009 0.007 0.063 0.008 0.006 0.007 0.023 0.003;0.482 0.091 0.1 0.013 0.009 0.072 0.095 0.021 0.007 0.063 0.008 0.006 0.023 0.007 0.003;0.482 0.1 0.072 0.007 0.006 0.091 0.013 0.009 0.095 0.063 0.023 0.021 0.007 0.008 0.003;
0.493 0.094 0.06 0.084 0.026 0.093 0.008 0.016 0.005 0.067 0.004 0.008 0.008 0.031 0.003;0.493 0.094 0.093 0.008 0.016 0.06 0.084 0.026 0.005 0.067 0.004 0.008 0.031 0.008 0.003;0.493 0.093 0.06 0.005 0.008 0.094 0.008 0.016 0.084 0.067 0.031 0.026 0.008 0.004 0.003;
0.502 0.08 0.068 0.079 0.023 0.106 0.012 0.016 0.005 0.061 0.005 0.005 0.01 0.025 0.003;0.502 0.08 0.106 0.012 0.016 0.068 0.079 0.023 0.005 0.061 0.005 0.005 0.025 0.01 0.003;0.502 0.106 0.068 0.005 0.005 0.08 0.012 0.016 0.079 0.061 0.025 0.023 0.01 0.005 0.003;
0.483 0.102 0.074 0.088 0.018 0.096 0.013 0.014 0.011 0.052 0.005 0.01 0.004 0.026 0.004;0.483 0.102 0.096 0.013 0.014 0.074 0.088 0.018 0.011 0.052 0.005 0.01 0.026 0.004 0.004;0.483 0.096 0.074 0.011 0.01 0.102 0.013 0.014 0.088 0.052 0.026 0.018 0.004 0.005 0.004;
0.498 0.099 0.062 0.1 0.021 0.094 0.009 0.012 0.005 0.051 0.011 0.01 0.008 0.019 0.001;0.498 0.099 0.094 0.009 0.012 0.062 0.1 0.021 0.005 0.051 0.011 0.01 0.019 0.008 0.001;0.498 0.094 0.062 0.005 0.01 0.099 0.009 0.012 0.1 0.051 0.019 0.021 0.008 0.011 0.001;
0.507 0.095 0.061 0.104 0.016 0.087 0.01 0.008 0.012 0.051 0.005 0.005 0.007 0.03 0.002;0.507 0.095 0.087 0.01 0.008 0.061 0.104 0.016 0.012 0.051 0.005 0.005 0.03 0.007 0.002;0.507 0.087 0.061 0.012 0.005 0.095 0.01 0.008 0.104 0.051 0.03 0.016 0.007 0.005 0.002;
0.482 0.078 0.072 0.09 0.029 0.091 0.011 0.013 0.004 0.068 0.011 0.006 0.011 0.032 0.002;0.482 0.078 0.091 0.011 0.013 0.072 0.09 0.029 0.004 0.068 0.011 0.006 0.032 0.011 0.002;0.482 0.091 0.072 0.004 0.006 0.078 0.011 0.013 0.09 0.068 0.032 0.029 0.011 0.011 0.002;
0.484 0.087 0.065 0.102 0.023 0.103 0.005 0.015 0.007 0.058 0.007 0.008 0.004 0.029 0.003;0.484 0.087 0.103 0.005 0.015 0.065 0.102 0.023 0.007 0.058 0.007 0.008 0.029 0.004 0.003;0.484 0.103 0.065 0.007 0.008 0.087 0.005 0.015 0.102 0.058 0.029 0.023 0.004 0.007 0.003;
0.495 0.089 0.062 0.089 0.026 0.102 0.009 0.015 0.009 0.062 0.009 0.006 0.003 0.02 0.004;0.495 0.089 0.102 0.009 0.015 0.062 0.089 0.026 0.009 0.062 0.009 0.006 0.02 0.003 0.004;0.495 0.102 0.062 0.009 0.006 0.089 0.009 0.015 0.089 0.062 0.02 0.026 0.003 0.009 0.004;
0.489 0.1 0.054 0.1 0.027 0.099 0.008 0.016 0.006 0.056 0.003 0.006 0.006 0.027 0.003;0.489 0.1 0.099 0.008 0.016 0.054 0.1 0.027 0.006 0.056 0.003 0.006 0.027 0.006 0.003;0.489 0.099 0.054 0.006 0.006 0.1 0.008 0.016 0.1 0.056 0.027 0.027 0.006 0.003 0.003;
0.459 0.111 0.054 0.109 0.027 0.102 0.005 0.014 0.007 0.053 0.01 0.008 0.004 0.033 0.004;0.459 0.111 0.102 0.005 0.014 0.054 0.109 0.027 0.007 0.053 0.01 0.008 0.033 0.004 0.004;0.459 0.102 0.054 0.007 0.008 0.111 0.005 0.014 0.109 0.053 0.033 0.027 0.004 0.01 0.004;
0.474 0.095 0.054 0.092 0.025 0.098 0.003 0.019 0.007 0.078 0.009 0.013 0.009 0.018 0.006;0.474 0.095 0.098 0.003 0.019 0.054 0.092 0.025 0.007 0.078 0.009 0.013 0.018 0.009 0.006;0.474 0.098 0.054 0.007 0.013 0.095 0.003 0.019 0.092 0.078 0.018 0.025 0.009 0.009 0.006;
0.48 0.12 0.058 0.094 0.025 0.07 0.01 0.018 0.009 0.052 0.008 0.013 0.007 0.031 0.005;0.48 0.12 0.07 0.01 0.018 0.058 0.094 0.025 0.009 0.052 0.008 0.013 0.031 0.007 0.005;0.48 0.07 0.058 0.009 0.013 0.12 0.01 0.018 0.094 0.052 0.031 0.025 0.007 0.008 0.005;
0.489 0.103 0.054 0.1 0.029 0.1 0.009 0.012 0.006 0.052 0.007 0.01 0.002 0.025 0.002;0.489 0.103 0.1 0.009 0.012 0.054 0.1 0.029 0.006 0.052 0.007 0.01 0.025 0.002 0.002;0.489 0.1 0.054 0.006 0.01 0.103 0.009 0.012 0.1 0.052 0.025 0.029 0.002 0.007 0.002;
0.43 0.108 0.083 0.102 0.038 0.096 0.008 0.011 0.011 0.06 0.008 0.007 0.012 0.023 0.003;0.43 0.108 0.096 0.008 0.011 0.083 0.102 0.038 0.011 0.06 0.008 0.007 0.023 0.012 0.003;0.43 0.096 0.083 0.011 0.007 0.108 0.008 0.011 0.102 0.06 0.023 0.038 0.012 0.008 0.003;
0.462 0.094 0.069 0.11 0.022 0.096 0.007 0.019 0.009 0.053 0.009 0.01 0.006 0.028 0.006;0.462 0.094 0.096 0.007 0.019 0.069 0.11 0.022 0.009 0.053 0.009 0.01 0.028 0.006 0.006;0.462 0.096 0.069 0.009 0.01 0.094 0.007 0.019 0.11 0.053 0.028 0.022 0.006 0.009 0.006;
0.474 0.112 0.055 0.104 0.024 0.088 0.01 0.01 0.008 0.059 0.008 0.008 0.007 0.028 0.005;0.474 0.112 0.088 0.01 0.01 0.055 0.104 0.024 0.008 0.059 0.008 0.008 0.028 0.007 0.005;0.474 0.088 0.055 0.008 0.008 0.112 0.01 0.01 0.104 0.059 0.028 0.024 0.007 0.008 0.005;
0.482 0.082 0.066 0.105 0.032 0.088 0.009 0.009 0.004 0.056 0.009 0.007 0.005 0.04 0.006;0.482 0.082 0.088 0.009 0.009 0.066 0.105 0.032 0.004 0.056 0.009 0.007 0.04 0.005 0.006;0.482 0.088 0.066 0.004 0.007 0.082 0.009 0.009 0.105 0.056 0.04 0.032 0.005 0.009 0.006;
0.511 0.09 0.055 0.099 0.021 0.082 0.005 0.013 0.004 0.065 0.011 0.008 0.011 0.022 0.003;0.511 0.09 0.082 0.005 0.013 0.055 0.099 0.021 0.004 0.065 0.011 0.008 0.022 0.011 0.003;0.511 0.082 0.055 0.004 0.008 0.09 0.005 0.013 0.099 0.065 0.022 0.021 0.011 0.011 0.003;
0.465 0.098 0.06 0.106 0.019 0.1 0.012 0.017 0.006 0.06 0.01 0.009 0.006 0.027 0.005;0.465 0.098 0.1 0.012 0.017 0.06 0.106 0.019 0.006 0.06 0.01 0.009 0.027 0.006 0.005;0.465 0.1 0.06 0.006 0.009 0.098 0.012 0.017 0.106 0.06 0.027 0.019 0.006 0.01 0.005;
0.475 0.105 0.052 0.103 0.022 0.1 0.005 0.011 0.007 0.078 0.004 0.006 0.008 0.018 0.006;0.475 0.105 0.1 0.005 0.011 0.052 0.103 0.022 0.007 0.078 0.004 0.006 0.018 0.008 0.006;0.475 0.1 0.052 0.007 0.006 0.105 0.005 0.011 0.103 0.078 0.018 0.022 0.008 0.004 0.006;
0.513 0.091 0.06 0.1 0.031 0.073 0.008 0.014 0.006 0.068 0.009 0.002 0.008 0.016 0.001;0.513 0.091 0.073 0.008 0.014 0.06 0.1 0.031 0.006 0.068 0.009 0.002 0.016 0.008 0.001;0.513 0.073 0.06 0.006 0.002 0.091 0.008 0.014 0.1 0.068 0.016 0.031 0.008 0.009 0.001;
0.503 0.094 0.058 0.103 0.027 0.084 0.007 0.013 0.003 0.063 0.006 0.014 0.005 0.017 0.003;0.503 0.094 0.084 0.007 0.013 0.058 0.103 0.027 0.003 0.063 0.006 0.014 0.017 0.005 0.003;0.503 0.084 0.058 0.003 0.014 0.094 0.007 0.013 0.103 0.063 0.017 0.027 0.005 0.006 0.003;
0.459 0.091 0.062 0.095 0.03 0.095 0.01 0.015 0.01 0.078 0.012 0.01 0.008 0.022 0.003;0.459 0.091 0.095 0.01 0.015 0.062 0.095 0.03 0.01 0.078 0.012 0.01 0.022 0.008 0.003;0.459 0.095 0.062 0.01 0.01 0.091 0.01 0.015 0.095 0.078 0.022 0.03 0.008 0.012 0.003;
0.514 0.101 0.052 0.102 0.024 0.073 0.007 0.019 0.009 0.054 0.007 0.005 0.006 0.023 0.004;0.514 0.101 0.073 0.007 0.019 0.052 0.102 0.024 0.009 0.054 0.007 0.005 0.023 0.006 0.004;0.514 0.073 0.052 0.009 0.005 0.101 0.007 0.019 0.102 0.054 0.023 0.024 0.006 0.007 0.004;
0.529 0.076 0.05 0.093 0.022 0.087 0.01 0.013 0.004 0.06 0.009 0.01 0.006 0.028 0.003;0.529 0.076 0.087 0.01 0.013 0.05 0.093 0.022 0.004 0.06 0.009 0.01 0.028 0.006 0.003;0.529 0.087 0.05 0.004 0.01 0.076 0.01 0.013 0.093 0.06 0.028 0.022 0.006 0.009 0.003;
0.492 0.098 0.063 0.081 0.022 0.099 0.006 0.015 0.005 0.059 0.012 0.006 0.007 0.034 0.001;0.492 0.098 0.099 0.006 0.015 0.063 0.081 0.022 0.005 0.059 0.012 0.006 0.034 0.007 0.001;0.492 0.099 0.063 0.005 0.006 0.098 0.006 0.015 0.081 0.059 0.034 0.022 0.007 0.012 0.001;
0.509 0.078 0.054 0.105 0.02 0.096 0.006 0.011 0.005 0.061 0.011 0.008 0.009 0.023 0.004;0.509 0.078 0.096 0.006 0.011 0.054 0.105 0.02 0.005 0.061 0.011 0.008 0.023 0.009 0.004;0.509 0.096 0.054 0.005 0.008 0.078 0.006 0.011 0.105 0.061 0.023 0.02 0.009 0.011 0.004;
0.488 0.09 0.063 0.076 0.035 0.09 0.009 0.013 0.008 0.08 0.006 0.007 0.008 0.024 0.003;0.488 0.09 0.09 0.009 0.013 0.063 0.076 0.035 0.008 0.08 0.006 0.007 0.024 0.008 0.003;0.488 0.09 0.063 0.008 0.007 0.09 0.009 0.013 0.076 0.08 0.024 0.035 0.008 0.006 0.003;
0.494 0.096 0.046 0.1 0.028 0.087 0.006 0.009 0.006 0.072 0.007 0.003 0.006 0.035 0.005;0.494 0.096 0.087 0.006 0.009 0.046 0.1 0.028 0.006 0.072 0.007 0.003 0.035 0.006 0.005;0.494 0.087 0.046 0.006 0.003 0.096 0.006 0.009 0.1 0.072 0.035 0.028 0.006 0.007 0.005;
0.504 0.087 0.052 0.087 0.026 0.085 0.008 0.016 0.005 0.058 0.01 0.015 0.005 0.035 0.007;0.504 0.087 0.085 0.008 0.016 0.052 0.087 0.026 0.005 0.058 0.01 0.015 0.035 0.005 0.007;0.504 0.085 0.052 0.005 0.015 0.087 0.008 0.016 0.087 0.058 0.035 0.026 0.005 0.01 0.007;
0.499 0.089 0.07 0.101 0.018 0.074 0.008 0.015 0.006 0.068 0.008 0.01 0.009 0.023 0.002;0.499 0.089 0.074 0.008 0.015 0.07 0.101 0.018 0.006 0.068 0.008 0.01 0.023 0.009 0.002;0.499 0.074 0.07 0.006 0.01 0.089 0.008 0.015 0.101 0.068 0.023 0.018 0.009 0.008 0.002;
0.479 0.108 0.068 0.086 0.021 0.079 0.006 0.015 0.01 0.063 0.013 0.009 0.011 0.025 0.007;0.479 0.108 0.079 0.006 0.015 0.068 0.086 0.021 0.01 0.063 0.013 0.009 0.025 0.011 0.007;0.479 0.079 0.068 0.01 0.009 0.108 0.006 0.015 0.086 0.063 0.025 0.021 0.011 0.013 0.007;
0.501 0.093 0.058 0.072 0.036 0.09 0.008 0.005 0.006 0.073 0.012 0.01 0.008 0.024 0.004;0.501 0.093 0.09 0.008 0.005 0.058 0.072 0.036 0.006 0.073 0.012 0.01 0.024 0.008 0.004;0.501 0.09 0.058 0.006 0.01 0.093 0.008 0.005 0.072 0.073 0.024 0.036 0.008 0.012 0.004;
0.474 0.112 0.056 0.094 0.037 0.089 0.004 0.014 0.003 0.063 0.009 0.011 0.005 0.027 0.002;0.474 0.112 0.089 0.004 0.014 0.056 0.094 0.037 0.003 0.063 0.009 0.011 0.027 0.005 0.002;0.474 0.089 0.056 0.003 0.011 0.112 0.004 0.014 0.094 0.063 0.027 0.037 0.005 0.009 0.002;
0.484 0.085 0.063 0.095 0.029 0.099 0.005 0.012 0.009 0.064 0.013 0.011 0.005 0.025 0.001;0.484 0.085 0.099 0.005 0.012 0.063 0.095 0.029 0.009 0.064 0.013 0.011 0.025 0.005 0.001;0.484 0.099 0.063 0.009 0.011 0.085 0.005 0.012 0.095 0.064 0.025 0.029 0.005 0.013 0.001;
0.528 0.082 0.059 0.09 0.023 0.074 0.008 0.007 0.006 0.068 0.009 0.014 0.008 0.016 0.008;0.528 0.082 0.074 0.008 0.007 0.059 0.09 0.023 0.006 0.068 0.009 0.014 0.016 0.008 0.008;0.528 0.074 0.059 0.006 0.014 0.082 0.008 0.007 0.09 0.068 0.016 0.023 0.008 0.009 0.008;
0.485 0.1 0.068 0.102 0.015 0.09 0.007 0.014 0.003 0.058 0.008 0.007 0.009 0.034 0;0.485 0.1 0.09 0.007 0.014 0.068 0.102 0.015 0.003 0.058 0.008 0.007 0.034 0.009 0;0.485 0.09 0.068 0.003 0.007 0.1 0.007 0.014 0.102 0.058 0.034 0.015 0.009 0.008 0;
0.478 0.094 0.044 0.1 0.032 0.091 0.007 0.013 0.008 0.082 0.012 0.011 0.004 0.021 0.003;0.478 0.094 0.091 0.007 0.013 0.044 0.1 0.032 0.008 0.082 0.012 0.011 0.021 0.004 0.003;0.478 0.091 0.044 0.008 0.011 0.094 0.007 0.013 0.1 0.082 0.021 0.032 0.004 0.012 0.003;
0.504 0.094 0.074 0.076 0.026 0.093 0.004 0.011 0.005 0.064 0.009 0.009 0.008 0.018 0.005;0.504 0.094 0.093 0.004 0.011 0.074 0.076 0.026 0.005 0.064 0.009 0.009 0.018 0.008 0.005;0.504 0.093 0.074 0.005 0.009 0.094 0.004 0.011 0.076 0.064 0.018 0.026 0.008 0.009 0.005;
0.5 0.084 0.059 0.09 0.017 0.097 0.007 0.014 0.006 0.075 0.008 0.008 0.009 0.024 0.002;0.5 0.084 0.097 0.007 0.014 0.059 0.09 0.017 0.006 0.075 0.008 0.008 0.024 0.009 0.002;0.5 0.097 0.059 0.006 0.008 0.084 0.007 0.014 0.09 0.075 0.024 0.017 0.009 0.008 0.002;
0.477 0.09 0.069 0.099 0.029 0.092 0.008 0.019 0.007 0.062 0.013 0.007 0.005 0.018 0.005;0.477 0.09 0.092 0.008 0.019 0.069 0.099 0.029 0.007 0.062 0.013 0.007 0.018 0.005 0.005;0.477 0.092 0.069 0.007 0.007 0.09 0.008 0.019 0.099 0.062 0.018 0.029 0.005 0.013 0.005;
0.472 0.083 0.066 0.104 0.037 0.093 0.011 0.01 0.008 0.062 0.006 0.006 0.008 0.031 0.003;0.472 0.083 0.093 0.011 0.01 0.066 0.104 0.037 0.008 0.062 0.006 0.006 0.031 0.008 0.003;0.472 0.093 0.066 0.008 0.006 0.083 0.011 0.01 0.104 0.062 0.031 0.037 0.008 0.006 0.003;
0.474 0.094 0.057 0.1 0.033 0.113 0.007 0.01 0.005 0.061 0.005 0.012 0.006 0.021 0.002;0.474 0.094 0.113 0.007 0.01 0.057 0.1 0.033 0.005 0.061 0.005 0.012 0.021 0.006 0.002;0.474 0.113 0.057 0.005 0.012 0.094 0.007 0.01 0.1 0.061 0.021 0.033 0.006 0.005 0.002;
0.48 0.095 0.065 0.09 0.027 0.096 0.008 0.008 0.014 0.07 0.011 0.006 0.007 0.021 0.002;0.48 0.095 0.096 0.008 0.008 0.065 0.09 0.027 0.014 0.07 0.011 0.006 0.021 0.007 0.002;0.48 0.096 0.065 0.014 0.006 0.095 0.008 0.008 0.09 0.07 0.021 0.027 0.007 0.011 0.002;
0.48 0.09 0.057 0.114 0.023 0.093 0.003 0.008 0.01 0.063 0.013 0.008 0.008 0.028 0.002;0.48 0.09 0.093 0.003 0.008 0.057 0.114 0.023 0.01 0.063 0.013 0.008 0.028 0.008 0.002;0.48 0.093 0.057 0.01 0.008 0.09 0.003 0.008 0.114 0.063 0.028 0.023 0.008 0.013 0.002;
0.448 0.086 0.077 0.108 0.031 0.098 0.008 0.015 0.008 0.06 0.007 0.016 0.006 0.029 0.003;0.448 0.086 0.098 0.008 0.015 0.077 0.108 0.031 0.008 0.06 0.007 0.016 0.029 0.006 0.003;0.448 0.098 0.077 0.008 0.016 0.086 0.008 0.015 0.108 0.06 0.029 0.031 0.006 0.007 0.003;
0.483 0.091 0.063 0.086 0.021 0.089 0.004 0.013 0.01 0.075 0.009 0.009 0.007 0.037 0.003;0.483 0.091 0.089 0.004 0.013 0.063 0.086 0.021 0.01 0.075 0.009 0.009 0.037 0.007 0.003;0.483 0.089 0.063 0.01 0.009 0.091 0.004 0.013 0.086 0.075 0.037 0.021 0.007 0.009 0.003;
0.496 0.089 0.058 0.099 0.036 0.08 0.003 0.008 0.009 0.067 0.011 0.004 0.008 0.03 0.002;0.496 0.089 0.08 0.003 0.008 0.058 0.099 0.036 0.009 0.067 0.011 0.004 0.03 0.008 0.002;0.496 0.08 0.058 0.009 0.004 0.089 0.003 0.008 0.099 0.067 0.03 0.036 0.008 0.011 0.002;
0.489 0.084 0.075 0.085 0.025 0.089 0.01 0.011 0.014 0.06 0.01 0.007 0.009 0.028 0.004;0.489 0.084 0.089 0.01 0.011 0.075 0.085 0.025 0.014 0.06 0.01 0.007 0.028 0.009 0.004;0.489 0.089 0.075 0.014 0.007 0.084 0.01 0.011 0.085 0.06 0.028 0.025 0.009 0.01 0.004;
0.484 0.093 0.053 0.117 0.026 0.096 0.008 0.015 0.006 0.053 0.006 0.013 0.005 0.021 0.004;0.484 0.093 0.096 0.008 0.015 0.053 0.117 0.026 0.006 0.053 0.006 0.013 0.021 0.005 0.004;0.484 0.096 0.053 0.006 0.013 0.093 0.008 0.015 0.117 0.053 0.021 0.026 0.005 0.006 0.004;
0.49 0.092 0.046 0.107 0.023 0.082 0.009 0.011 0.005 0.073 0.013 0.013 0.003 0.027 0.006;0.49 0.092 0.082 0.009 0.011 0.046 0.107 0.023 0.005 0.073 0.013 0.013 0.027 0.003 0.006;0.49 0.082 0.046 0.005 0.013 0.092 0.009 0.011 0.107 0.073 0.027 0.023 0.003 0.013 0.006;
0.499 0.094 0.064 0.096 0.024 0.091 0.006 0.011 0.003 0.071 0.006 0.007 0.004 0.018 0.006;0.499 0.094 0.091 0.006 0.011 0.064 0.096 0.024 0.003 0.071 0.006 0.007 0.018 0.004 0.006;0.499 0.091 0.064 0.003 0.007 0.094 0.006 0.011 0.096 0.071 0.018 0.024 0.004 0.006 0.006;
0.485 0.111 0.055 0.087 0.028 0.103 0.011 0.01 0.005 0.061 0.007 0.008 0.006 0.021 0.002;0.485 0.111 0.103 0.011 0.01 0.055 0.087 0.028 0.005 0.061 0.007 0.008 0.021 0.006 0.002;0.485 0.103 0.055 0.005 0.008 0.111 0.011 0.01 0.087 0.061 0.021 0.028 0.006 0.007 0.002;
0.49 0.084 0.054 0.113 0.026 0.093 0.013 0.009 0.006 0.059 0.01 0.009 0.004 0.025 0.005;0.49 0.084 0.093 0.013 0.009 0.054 0.113 0.026 0.006 0.059 0.01 0.009 0.025 0.004 0.005;0.49 0.093 0.054 0.006 0.009 0.084 0.013 0.009 0.113 0.059 0.025 0.026 0.004 0.01 0.005;
0.503 0.078 0.058 0.096 0.023 0.101 0.007 0.017 0.015 0.047 0.013 0.009 0.005 0.026 0.002;0.503 0.078 0.101 0.007 0.017 0.058 0.096 0.023 0.015 0.047 0.013 0.009 0.026 0.005 0.002;0.503 0.101 0.058 0.015 0.009 0.078 0.007 0.017 0.096 0.047 0.026 0.023 0.005 0.013 0.002;
0.487 0.103 0.065 0.1 0.032 0.082 0.009 0.014 0.008 0.052 0.01 0.01 0.005 0.018 0.005;0.487 0.103 0.082 0.009 0.014 0.065 0.1 0.032 0.008 0.052 0.01 0.01 0.018 0.005 0.005;0.487 0.082 0.065 0.008 0.01 0.103 0.009 0.014 0.1 0.052 0.018 0.032 0.005 0.01 0.005;
0.508 0.098 0.039 0.097 0.027 0.093 0.01 0.015 0.006 0.071 0.005 0.004 0.005 0.018 0.004;0.508 0.098 0.093 0.01 0.015 0.039 0.097 0.027 0.006 0.071 0.005 0.004 0.018 0.005 0.004;0.508 0.093 0.039 0.006 0.004 0.098 0.01 0.015 0.097 0.071 0.018 0.027 0.005 0.005 0.004;
0.5 0.101 0.063 0.099 0.024 0.088 0.008 0.009 0.006 0.055 0.01 0.006 0.005 0.022 0.004;0.5 0.101 0.088 0.008 0.009 0.063 0.099 0.024 0.006 0.055 0.01 0.006 0.022 0.005 0.004;0.5 0.088 0.063 0.006 0.006 0.101 0.008 0.009 0.099 0.055 0.022 0.024 0.005 0.01 0.004;
0.503 0.081 0.064 0.094 0.024 0.09 0.009 0.014 0.004 0.075 0.004 0.01 0.008 0.018 0.002;0.503 0.081 0.09 0.009 0.014 0.064 0.094 0.024 0.004 0.075 0.004 0.01 0.018 0.008 0.002;0.503 0.09 0.064 0.004 0.01 0.081 0.009 0.014 0.094 0.075 0.018 0.024 0.008 0.004 0.002;
0.506 0.089 0.065 0.083 0.031 0.089 0.008 0.013 0.008 0.059 0.007 0.01 0.008 0.021 0.003;0.506 0.089 0.089 0.008 0.013 0.065 0.083 0.031 0.008 0.059 0.007 0.01 0.021 0.008 0.003;0.506 0.089 0.065 0.008 0.01 0.089 0.008 0.013 0.083 0.059 0.021 0.031 0.008 0.007 0.003;
0.491 0.092 0.068 0.084 0.027 0.092 0.009 0.009 0.007 0.069 0.008 0.007 0.009 0.024 0.004;0.491 0.092 0.092 0.009 0.009 0.068 0.084 0.027 0.007 0.069 0.008 0.007 0.024 0.009 0.004;0.491 0.092 0.068 0.007 0.007 0.092 0.009 0.009 0.084 0.069 0.024 0.027 0.009 0.008 0.004;
0.506 0.088 0.065 0.092 0.031 0.078 0.013 0.011 0.01 0.057 0.007 0.012 0.006 0.022 0.002;0.506 0.088 0.078 0.013 0.011 0.065 0.092 0.031 0.01 0.057 0.007 0.012 0.022 0.006 0.002;0.506 0.078 0.065 0.01 0.012 0.088 0.013 0.011 0.092 0.057 0.022 0.031 0.006 0.007 0.002;
0.481 0.1 0.052 0.107 0.032 0.096 0.008 0.01 0.008 0.054 0.007 0.011 0.006 0.022 0.006;0.481 0.1 0.096 0.008 0.01 0.052 0.107 0.032 0.008 0.054 0.007 0.011 0.022 0.006 0.006;0.481 0.096 0.052 0.008 0.011 0.1 0.008 0.01 0.107 0.054 0.022 0.032 0.006 0.007 0.006;
0.509 0.073 0.069 0.099 0.022 0.091 0.006 0.011 0.008 0.055 0.012 0.01 0.005 0.026 0.004;0.509 0.073 0.091 0.006 0.011 0.069 0.099 0.022 0.008 0.055 0.012 0.01 0.026 0.005 0.004;0.509 0.091 0.069 0.008 0.01 0.073 0.006 0.011 0.099 0.055 0.026 0.022 0.005 0.012 0.004;
0.486 0.1 0.056 0.1 0.03 0.086 0.006 0.01 0.009 0.064 0.01 0.007 0.006 0.024 0.006;0.486 0.1 0.086 0.006 0.01 0.056 0.1 0.03 0.009 0.064 0.01 0.007 0.024 0.006 0.006;0.486 0.086 0.056 0.009 0.007 0.1 0.006 0.01 0.1 0.064 0.024 0.03 0.006 0.01 0.006;
0.497 0.095 0.065 0.104 0.022 0.073 0.008 0.006 0.007 0.066 0.009 0.011 0.012 0.023 0.002;0.497 0.095 0.073 0.008 0.006 0.065 0.104 0.022 0.007 0.066 0.009 0.011 0.023 0.012 0.002;0.497 0.073 0.065 0.007 0.011 0.095 0.008 0.006 0.104 0.066 0.023 0.022 0.012 0.009 0.002];