pntP=[0.094 0.035 0.161 0.038 0.052 0.028 0.076 0.032 0.032 0.158 0.042 0.032 0.138 0.05 0.032;0.094 0.035 0.028 0.076 0.032 0.161 0.038 0.052 0.032 0.158 0.042 0.032 0.05 0.138 0.032;0.094 0.028 0.161 0.032 0.032 0.035 0.076 0.032 0.038 0.158 0.05 0.052 0.138 0.042 0.032;
0.094 0.034 0.159 0.03 0.045 0.035 0.091 0.038 0.034 0.133 0.032 0.041 0.147 0.054 0.033;0.094 0.034 0.035 0.091 0.038 0.159 0.03 0.045 0.034 0.133 0.032 0.041 0.054 0.147 0.033;0.094 0.035 0.159 0.034 0.041 0.034 0.091 0.038 0.03 0.133 0.054 0.045 0.147 0.032 0.033;
0.077 0.038 0.166 0.03 0.039 0.044 0.057 0.033 0.031 0.152 0.05 0.041 0.174 0.043 0.025;0.077 0.038 0.044 0.057 0.033 0.166 0.03 0.039 0.031 0.152 0.05 0.041 0.043 0.174 0.025;0.077 0.044 0.166 0.031 0.041 0.038 0.057 0.033 0.03 0.152 0.043 0.039 0.174 0.05 0.025;
0.108 0.042 0.119 0.046 0.048 0.029 0.083 0.029 0.027 0.139 0.044 0.044 0.169 0.049 0.024;0.108 0.042 0.029 0.083 0.029 0.119 0.046 0.048 0.027 0.139 0.044 0.044 0.049 0.169 0.024;0.108 0.029 0.119 0.027 0.044 0.042 0.083 0.029 0.046 0.139 0.049 0.048 0.169 0.044 0.024;
0.102 0.037 0.14 0.042 0.051 0.039 0.078 0.032 0.029 0.151 0.035 0.04 0.14 0.051 0.033;0.102 0.037 0.039 0.078 0.032 0.14 0.042 0.051 0.029 0.151 0.035 0.04 0.051 0.14 0.033;0.102 0.039 0.14 0.029 0.04 0.037 0.078 0.032 0.042 0.151 0.051 0.051 0.14 0.035 0.033;
0.086 0.04 0.164 0.034 0.044 0.033 0.076 0.032 0.028 0.149 0.053 0.032 0.149 0.057 0.023;0.086 0.04 0.033 0.076 0.032 0.164 0.034 0.044 0.028 0.149 0.053 0.032 0.057 0.149 0.023;0.086 0.033 0.164 0.028 0.032 0.04 0.076 0.032 0.034 0.149 0.057 0.044 0.149 0.053 0.023;
0.1 0.032 0.15 0.036 0.063 0.033 0.093 0.023 0.014 0.154 0.03 0.04 0.157 0.049 0.026;0.1 0.032 0.033 0.093 0.023 0.15 0.036 0.063 0.014 0.154 0.03 0.04 0.049 0.157 0.026;0.1 0.033 0.15 0.014 0.04 0.032 0.093 0.023 0.036 0.154 0.049 0.063 0.157 0.03 0.026;
0.093 0.027 0.163 0.03 0.057 0.033 0.092 0.025 0.012 0.143 0.037 0.032 0.169 0.051 0.036;0.093 0.027 0.033 0.092 0.025 0.163 0.03 0.057 0.012 0.143 0.037 0.032 0.051 0.169 0.036;0.093 0.033 0.163 0.012 0.032 0.027 0.092 0.025 0.03 0.143 0.051 0.057 0.169 0.037 0.036;
0.098 0.034 0.129 0.037 0.056 0.025 0.072 0.038 0.02 0.155 0.05 0.03 0.178 0.049 0.029;0.098 0.034 0.025 0.072 0.038 0.129 0.037 0.056 0.02 0.155 0.05 0.03 0.049 0.178 0.029;0.098 0.025 0.129 0.02 0.03 0.034 0.072 0.038 0.037 0.155 0.049 0.056 0.178 0.05 0.029;
0.101 0.029 0.153 0.034 0.036 0.03 0.074 0.028 0.025 0.159 0.045 0.043 0.162 0.05 0.031;0.101 0.029 0.03 0.074 0.028 0.153 0.034 0.036 0.025 0.159 0.045 0.043 0.05 0.162 0.031;0.101 0.03 0.153 0.025 0.043 0.029 0.074 0.028 0.034 0.159 0.05 0.036 0.162 0.045 0.031;
0.098 0.029 0.153 0.045 0.052 0.038 0.065 0.038 0.028 0.129 0.046 0.042 0.15 0.052 0.035;0.098 0.029 0.038 0.065 0.038 0.153 0.045 0.052 0.028 0.129 0.046 0.042 0.052 0.15 0.035;0.098 0.038 0.153 0.028 0.042 0.029 0.065 0.038 0.045 0.129 0.052 0.052 0.15 0.046 0.035;
0.099 0.036 0.158 0.039 0.052 0.03 0.075 0.039 0.027 0.142 0.039 0.023 0.16 0.05 0.031;0.099 0.036 0.03 0.075 0.039 0.158 0.039 0.052 0.027 0.142 0.039 0.023 0.05 0.16 0.031;0.099 0.03 0.158 0.027 0.023 0.036 0.075 0.039 0.039 0.142 0.05 0.052 0.16 0.039 0.031;
0.106 0.031 0.157 0.037 0.05 0.037 0.073 0.025 0.02 0.148 0.041 0.044 0.143 0.062 0.026;0.106 0.031 0.037 0.073 0.025 0.157 0.037 0.05 0.02 0.148 0.041 0.044 0.062 0.143 0.026;0.106 0.037 0.157 0.02 0.044 0.031 0.073 0.025 0.037 0.148 0.062 0.05 0.143 0.041 0.026;
0.113 0.035 0.157 0.045 0.05 0.037 0.073 0.031 0.023 0.151 0.034 0.028 0.151 0.042 0.03;0.113 0.035 0.037 0.073 0.031 0.157 0.045 0.05 0.023 0.151 0.034 0.028 0.042 0.151 0.03;0.113 0.037 0.157 0.023 0.028 0.035 0.073 0.031 0.045 0.151 0.042 0.05 0.151 0.034 0.03;
0.081 0.032 0.127 0.038 0.052 0.046 0.089 0.024 0.032 0.149 0.044 0.049 0.152 0.056 0.029;0.081 0.032 0.046 0.089 0.024 0.127 0.038 0.052 0.032 0.149 0.044 0.049 0.056 0.152 0.029;0.081 0.046 0.127 0.032 0.049 0.032 0.089 0.024 0.038 0.149 0.056 0.052 0.152 0.044 0.029;
0.102 0.045 0.162 0.037 0.048 0.036 0.073 0.029 0.018 0.14 0.029 0.037 0.172 0.041 0.031;0.102 0.045 0.036 0.073 0.029 0.162 0.037 0.048 0.018 0.14 0.029 0.037 0.041 0.172 0.031;0.102 0.036 0.162 0.018 0.037 0.045 0.073 0.029 0.037 0.14 0.041 0.048 0.172 0.029 0.031;
0.091 0.036 0.146 0.039 0.06 0.038 0.094 0.03 0.015 0.135 0.027 0.04 0.148 0.06 0.041;0.091 0.036 0.038 0.094 0.03 0.146 0.039 0.06 0.015 0.135 0.027 0.04 0.06 0.148 0.041;0.091 0.038 0.146 0.015 0.04 0.036 0.094 0.03 0.039 0.135 0.06 0.06 0.148 0.027 0.041;
0.101 0.032 0.172 0.039 0.053 0.027 0.081 0.023 0.02 0.171 0.036 0.033 0.141 0.043 0.028;0.101 0.032 0.027 0.081 0.023 0.172 0.039 0.053 0.02 0.171 0.036 0.033 0.043 0.141 0.028;0.101 0.027 0.172 0.02 0.033 0.032 0.081 0.023 0.039 0.171 0.043 0.053 0.141 0.036 0.028;
0.088 0.027 0.154 0.036 0.06 0.033 0.085 0.034 0.032 0.152 0.037 0.036 0.157 0.045 0.024;0.088 0.027 0.033 0.085 0.034 0.154 0.036 0.06 0.032 0.152 0.037 0.036 0.045 0.157 0.024;0.088 0.033 0.154 0.032 0.036 0.027 0.085 0.034 0.036 0.152 0.045 0.06 0.157 0.037 0.024;
0.087 0.033 0.167 0.033 0.052 0.031 0.075 0.03 0.04 0.148 0.03 0.038 0.152 0.055 0.029;0.087 0.033 0.031 0.075 0.03 0.167 0.033 0.052 0.04 0.148 0.03 0.038 0.055 0.152 0.029;0.087 0.031 0.167 0.04 0.038 0.033 0.075 0.03 0.033 0.148 0.055 0.052 0.152 0.03 0.029;
0.093 0.031 0.157 0.034 0.052 0.031 0.079 0.039 0.027 0.14 0.048 0.041 0.162 0.043 0.023;0.093 0.031 0.031 0.079 0.039 0.157 0.034 0.052 0.027 0.14 0.048 0.041 0.043 0.162 0.023;0.093 0.031 0.157 0.027 0.041 0.031 0.079 0.039 0.034 0.14 0.043 0.052 0.162 0.048 0.023;
0.081 0.031 0.138 0.028 0.059 0.031 0.08 0.031 0.032 0.166 0.033 0.053 0.158 0.044 0.035;0.081 0.031 0.031 0.08 0.031 0.138 0.028 0.059 0.032 0.166 0.033 0.053 0.044 0.158 0.035;0.081 0.031 0.138 0.032 0.053 0.031 0.08 0.031 0.028 0.166 0.044 0.059 0.158 0.033 0.035;
0.088 0.027 0.147 0.045 0.067 0.036 0.069 0.036 0.026 0.144 0.044 0.036 0.148 0.047 0.04;0.088 0.027 0.036 0.069 0.036 0.147 0.045 0.067 0.026 0.144 0.044 0.036 0.047 0.148 0.04;0.088 0.036 0.147 0.026 0.036 0.027 0.069 0.036 0.045 0.144 0.047 0.067 0.148 0.044 0.04;
0.085 0.038 0.155 0.042 0.041 0.044 0.089 0.032 0.023 0.145 0.031 0.047 0.146 0.053 0.029;0.085 0.038 0.044 0.089 0.032 0.155 0.042 0.041 0.023 0.145 0.031 0.047 0.053 0.146 0.029;0.085 0.044 0.155 0.023 0.047 0.038 0.089 0.032 0.042 0.145 0.053 0.041 0.146 0.031 0.029;
0.099 0.027 0.126 0.032 0.045 0.04 0.056 0.028 0.027 0.167 0.039 0.044 0.173 0.066 0.031;0.099 0.027 0.04 0.056 0.028 0.126 0.032 0.045 0.027 0.167 0.039 0.044 0.066 0.173 0.031;0.099 0.04 0.126 0.027 0.044 0.027 0.056 0.028 0.032 0.167 0.066 0.045 0.173 0.039 0.031;
0.111 0.029 0.166 0.045 0.048 0.032 0.07 0.033 0.022 0.155 0.032 0.034 0.144 0.049 0.03;0.111 0.029 0.032 0.07 0.033 0.166 0.045 0.048 0.022 0.155 0.032 0.034 0.049 0.144 0.03;0.111 0.032 0.166 0.022 0.034 0.029 0.07 0.033 0.045 0.155 0.049 0.048 0.144 0.032 0.03;
0.106 0.026 0.146 0.041 0.043 0.031 0.082 0.025 0.021 0.16 0.042 0.028 0.159 0.062 0.028;0.106 0.026 0.031 0.082 0.025 0.146 0.041 0.043 0.021 0.16 0.042 0.028 0.062 0.159 0.028;0.106 0.031 0.146 0.021 0.028 0.026 0.082 0.025 0.041 0.16 0.062 0.043 0.159 0.042 0.028;
0.106 0.045 0.137 0.035 0.052 0.028 0.078 0.029 0.021 0.149 0.036 0.054 0.154 0.042 0.034;0.106 0.045 0.028 0.078 0.029 0.137 0.035 0.052 0.021 0.149 0.036 0.054 0.042 0.154 0.034;0.106 0.028 0.137 0.021 0.054 0.045 0.078 0.029 0.035 0.149 0.042 0.052 0.154 0.036 0.034;
0.085 0.03 0.15 0.037 0.059 0.037 0.072 0.021 0.026 0.149 0.038 0.052 0.156 0.053 0.035;0.085 0.03 0.037 0.072 0.021 0.15 0.037 0.059 0.026 0.149 0.038 0.052 0.053 0.156 0.035;0.085 0.037 0.15 0.026 0.052 0.03 0.072 0.021 0.037 0.149 0.053 0.059 0.156 0.038 0.035;
0.095 0.031 0.143 0.034 0.037 0.028 0.083 0.04 0.02 0.165 0.048 0.045 0.147 0.053 0.031;0.095 0.031 0.028 0.083 0.04 0.143 0.034 0.037 0.02 0.165 0.048 0.045 0.053 0.147 0.031;0.095 0.028 0.143 0.02 0.045 0.031 0.083 0.04 0.034 0.165 0.053 0.037 0.147 0.048 0.031;
0.098 0.028 0.161 0.034 0.048 0.043 0.091 0.033 0.022 0.149 0.035 0.037 0.153 0.036 0.032;0.098 0.028 0.043 0.091 0.033 0.161 0.034 0.048 0.022 0.149 0.035 0.037 0.036 0.153 0.032;0.098 0.043 0.161 0.022 0.037 0.028 0.091 0.033 0.034 0.149 0.036 0.048 0.153 0.035 0.032;
0.105 0.041 0.149 0.038 0.051 0.033 0.071 0.034 0.021 0.162 0.038 0.041 0.153 0.037 0.026;0.105 0.041 0.033 0.071 0.034 0.149 0.038 0.051 0.021 0.162 0.038 0.041 0.037 0.153 0.026;0.105 0.033 0.149 0.021 0.041 0.041 0.071 0.034 0.038 0.162 0.037 0.051 0.153 0.038 0.026;
0.091 0.033 0.159 0.03 0.061 0.028 0.09 0.027 0.019 0.156 0.044 0.038 0.142 0.05 0.032;0.091 0.033 0.028 0.09 0.027 0.159 0.03 0.061 0.019 0.156 0.044 0.038 0.05 0.142 0.032;0.091 0.028 0.159 0.019 0.038 0.033 0.09 0.027 0.03 0.156 0.05 0.061 0.142 0.044 0.032;
0.104 0.028 0.141 0.042 0.062 0.043 0.075 0.022 0.02 0.141 0.033 0.039 0.172 0.043 0.035;0.104 0.028 0.043 0.075 0.022 0.141 0.042 0.062 0.02 0.141 0.033 0.039 0.043 0.172 0.035;0.104 0.043 0.141 0.02 0.039 0.028 0.075 0.022 0.042 0.141 0.043 0.062 0.172 0.033 0.035;
0.087 0.043 0.138 0.042 0.049 0.032 0.075 0.034 0.02 0.156 0.05 0.043 0.145 0.051 0.035;0.087 0.043 0.032 0.075 0.034 0.138 0.042 0.049 0.02 0.156 0.05 0.043 0.051 0.145 0.035;0.087 0.032 0.138 0.02 0.043 0.043 0.075 0.034 0.042 0.156 0.051 0.049 0.145 0.05 0.035;
0.115 0.036 0.141 0.034 0.048 0.024 0.084 0.029 0.018 0.153 0.032 0.04 0.154 0.057 0.035;0.115 0.036 0.024 0.084 0.029 0.141 0.034 0.048 0.018 0.153 0.032 0.04 0.057 0.154 0.035;0.115 0.024 0.141 0.018 0.04 0.036 0.084 0.029 0.034 0.153 0.057 0.048 0.154 0.032 0.035;
0.108 0.03 0.143 0.033 0.054 0.031 0.088 0.042 0.031 0.131 0.04 0.041 0.149 0.043 0.036;0.108 0.03 0.031 0.088 0.042 0.143 0.033 0.054 0.031 0.131 0.04 0.041 0.043 0.149 0.036;0.108 0.031 0.143 0.031 0.041 0.03 0.088 0.042 0.033 0.131 0.043 0.054 0.149 0.04 0.036;
0.093 0.035 0.136 0.033 0.058 0.026 0.088 0.039 0.019 0.172 0.038 0.037 0.147 0.045 0.034;0.093 0.035 0.026 0.088 0.039 0.136 0.033 0.058 0.019 0.172 0.038 0.037 0.045 0.147 0.034;0.093 0.026 0.136 0.019 0.037 0.035 0.088 0.039 0.033 0.172 0.045 0.058 0.147 0.038 0.034;
0.102 0.028 0.14 0.042 0.05 0.037 0.074 0.036 0.026 0.147 0.025 0.052 0.159 0.059 0.023;0.102 0.028 0.037 0.074 0.036 0.14 0.042 0.05 0.026 0.147 0.025 0.052 0.059 0.159 0.023;0.102 0.037 0.14 0.026 0.052 0.028 0.074 0.036 0.042 0.147 0.059 0.05 0.159 0.025 0.023;
0.103 0.023 0.152 0.031 0.052 0.032 0.07 0.028 0.028 0.14 0.042 0.044 0.167 0.052 0.036;0.103 0.023 0.032 0.07 0.028 0.152 0.031 0.052 0.028 0.14 0.042 0.044 0.052 0.167 0.036;0.103 0.032 0.152 0.028 0.044 0.023 0.07 0.028 0.031 0.14 0.052 0.052 0.167 0.042 0.036;
0.091 0.025 0.143 0.039 0.054 0.03 0.08 0.034 0.021 0.155 0.05 0.043 0.15 0.051 0.034;0.091 0.025 0.03 0.08 0.034 0.143 0.039 0.054 0.021 0.155 0.05 0.043 0.051 0.15 0.034;0.091 0.03 0.143 0.021 0.043 0.025 0.08 0.034 0.039 0.155 0.051 0.054 0.15 0.05 0.034;
0.09 0.024 0.16 0.033 0.04 0.027 0.086 0.045 0.016 0.148 0.043 0.039 0.158 0.053 0.038;0.09 0.024 0.027 0.086 0.045 0.16 0.033 0.04 0.016 0.148 0.043 0.039 0.053 0.158 0.038;0.09 0.027 0.16 0.016 0.039 0.024 0.086 0.045 0.033 0.148 0.053 0.04 0.158 0.043 0.038;
0.101 0.027 0.138 0.033 0.046 0.033 0.09 0.031 0.015 0.167 0.044 0.047 0.153 0.04 0.035;0.101 0.027 0.033 0.09 0.031 0.138 0.033 0.046 0.015 0.167 0.044 0.047 0.04 0.153 0.035;0.101 0.033 0.138 0.015 0.047 0.027 0.09 0.031 0.033 0.167 0.04 0.046 0.153 0.044 0.035;
0.099 0.029 0.16 0.027 0.061 0.025 0.089 0.028 0.022 0.148 0.033 0.049 0.152 0.044 0.034;0.099 0.029 0.025 0.089 0.028 0.16 0.027 0.061 0.022 0.148 0.033 0.049 0.044 0.152 0.034;0.099 0.025 0.16 0.022 0.049 0.029 0.089 0.028 0.027 0.148 0.044 0.061 0.152 0.033 0.034;
0.104 0.042 0.148 0.049 0.049 0.034 0.061 0.029 0.028 0.147 0.045 0.031 0.145 0.057 0.031;0.104 0.042 0.034 0.061 0.029 0.148 0.049 0.049 0.028 0.147 0.045 0.031 0.057 0.145 0.031;0.104 0.034 0.148 0.028 0.031 0.042 0.061 0.029 0.049 0.147 0.057 0.049 0.145 0.045 0.031;
0.097 0.03 0.159 0.038 0.047 0.032 0.082 0.029 0.024 0.156 0.037 0.039 0.153 0.046 0.031;0.097 0.03 0.032 0.082 0.029 0.159 0.038 0.047 0.024 0.156 0.037 0.039 0.046 0.153 0.031;0.097 0.032 0.159 0.024 0.039 0.03 0.082 0.029 0.038 0.156 0.046 0.047 0.153 0.037 0.031;
0.126 0.047 0.142 0.039 0.038 0.035 0.074 0.031 0.02 0.152 0.039 0.035 0.149 0.051 0.022;0.126 0.047 0.035 0.074 0.031 0.142 0.039 0.038 0.02 0.152 0.039 0.035 0.051 0.149 0.022;0.126 0.035 0.142 0.02 0.035 0.047 0.074 0.031 0.039 0.152 0.051 0.038 0.149 0.039 0.022;
0.111 0.026 0.158 0.034 0.039 0.029 0.063 0.034 0.018 0.149 0.048 0.049 0.165 0.05 0.027;0.111 0.026 0.029 0.063 0.034 0.158 0.034 0.039 0.018 0.149 0.048 0.049 0.05 0.165 0.027;0.111 0.029 0.158 0.018 0.049 0.026 0.063 0.034 0.034 0.149 0.05 0.039 0.165 0.048 0.027;
0.09 0.044 0.152 0.045 0.066 0.018 0.071 0.032 0.025 0.138 0.047 0.033 0.162 0.041 0.036;0.09 0.044 0.018 0.071 0.032 0.152 0.045 0.066 0.025 0.138 0.047 0.033 0.041 0.162 0.036;0.09 0.018 0.152 0.025 0.033 0.044 0.071 0.032 0.045 0.138 0.041 0.066 0.162 0.047 0.036;
0.122 0.046 0.131 0.024 0.046 0.022 0.077 0.035 0.015 0.167 0.047 0.043 0.156 0.043 0.026;0.122 0.046 0.022 0.077 0.035 0.131 0.024 0.046 0.015 0.167 0.047 0.043 0.043 0.156 0.026;0.122 0.022 0.131 0.015 0.043 0.046 0.077 0.035 0.024 0.167 0.043 0.046 0.156 0.047 0.026;
0.094 0.036 0.156 0.032 0.049 0.036 0.058 0.032 0.02 0.156 0.044 0.038 0.16 0.061 0.028;0.094 0.036 0.036 0.058 0.032 0.156 0.032 0.049 0.02 0.156 0.044 0.038 0.061 0.16 0.028;0.094 0.036 0.156 0.02 0.038 0.036 0.058 0.032 0.032 0.156 0.061 0.049 0.16 0.044 0.028;
0.084 0.028 0.135 0.044 0.044 0.029 0.075 0.037 0.017 0.156 0.054 0.055 0.157 0.045 0.04;0.084 0.028 0.029 0.075 0.037 0.135 0.044 0.044 0.017 0.156 0.054 0.055 0.045 0.157 0.04;0.084 0.029 0.135 0.017 0.055 0.028 0.075 0.037 0.044 0.156 0.045 0.044 0.157 0.054 0.04;
0.105 0.026 0.15 0.021 0.046 0.041 0.081 0.031 0.016 0.151 0.043 0.042 0.16 0.051 0.036;0.105 0.026 0.041 0.081 0.031 0.15 0.021 0.046 0.016 0.151 0.043 0.042 0.051 0.16 0.036;0.105 0.041 0.15 0.016 0.042 0.026 0.081 0.031 0.021 0.151 0.051 0.046 0.16 0.043 0.036;
0.111 0.03 0.134 0.044 0.053 0.026 0.075 0.027 0.026 0.136 0.042 0.041 0.176 0.046 0.033;0.111 0.03 0.026 0.075 0.027 0.134 0.044 0.053 0.026 0.136 0.042 0.041 0.046 0.176 0.033;0.111 0.026 0.134 0.026 0.041 0.03 0.075 0.027 0.044 0.136 0.046 0.053 0.176 0.042 0.033;
0.101 0.033 0.144 0.046 0.044 0.019 0.071 0.039 0.019 0.148 0.041 0.033 0.179 0.052 0.031;0.101 0.033 0.019 0.071 0.039 0.144 0.046 0.044 0.019 0.148 0.041 0.033 0.052 0.179 0.031;0.101 0.019 0.144 0.019 0.033 0.033 0.071 0.039 0.046 0.148 0.052 0.044 0.179 0.041 0.031;
0.075 0.026 0.147 0.036 0.061 0.03 0.078 0.04 0.02 0.155 0.045 0.033 0.177 0.041 0.036;0.075 0.026 0.03 0.078 0.04 0.147 0.036 0.061 0.02 0.155 0.045 0.033 0.041 0.177 0.036;0.075 0.03 0.147 0.02 0.033 0.026 0.078 0.04 0.036 0.155 0.041 0.061 0.177 0.045 0.036;
0.093 0.032 0.146 0.042 0.052 0.029 0.085 0.047 0.023 0.139 0.038 0.034 0.148 0.057 0.035;0.093 0.032 0.029 0.085 0.047 0.146 0.042 0.052 0.023 0.139 0.038 0.034 0.057 0.148 0.035;0.093 0.029 0.146 0.023 0.034 0.032 0.085 0.047 0.042 0.139 0.057 0.052 0.148 0.038 0.035;
0.105 0.034 0.16 0.037 0.05 0.037 0.072 0.035 0.024 0.153 0.046 0.04 0.137 0.046 0.024;0.105 0.034 0.037 0.072 0.035 0.16 0.037 0.05 0.024 0.153 0.046 0.04 0.046 0.137 0.024;0.105 0.037 0.16 0.024 0.04 0.034 0.072 0.035 0.037 0.153 0.046 0.05 0.137 0.046 0.024;
0.103 0.03 0.174 0.039 0.042 0.034 0.063 0.044 0.018 0.141 0.047 0.032 0.164 0.043 0.026;0.103 0.03 0.034 0.063 0.044 0.174 0.039 0.042 0.018 0.141 0.047 0.032 0.043 0.164 0.026;0.103 0.034 0.174 0.018 0.032 0.03 0.063 0.044 0.039 0.141 0.043 0.042 0.164 0.047 0.026;
0.1 0.041 0.142 0.027 0.048 0.045 0.073 0.026 0.029 0.159 0.038 0.041 0.157 0.044 0.03;0.1 0.041 0.045 0.073 0.026 0.142 0.027 0.048 0.029 0.159 0.038 0.041 0.044 0.157 0.03;0.1 0.045 0.142 0.029 0.041 0.041 0.073 0.026 0.027 0.159 0.044 0.048 0.157 0.038 0.03;
0.089 0.034 0.159 0.028 0.057 0.04 0.075 0.031 0.023 0.162 0.03 0.03 0.159 0.051 0.032;0.089 0.034 0.04 0.075 0.031 0.159 0.028 0.057 0.023 0.162 0.03 0.03 0.051 0.159 0.032;0.089 0.04 0.159 0.023 0.03 0.034 0.075 0.031 0.028 0.162 0.051 0.057 0.159 0.03 0.032;
0.081 0.038 0.16 0.031 0.054 0.03 0.068 0.032 0.02 0.144 0.042 0.036 0.184 0.05 0.03;0.081 0.038 0.03 0.068 0.032 0.16 0.031 0.054 0.02 0.144 0.042 0.036 0.05 0.184 0.03;0.081 0.03 0.16 0.02 0.036 0.038 0.068 0.032 0.031 0.144 0.05 0.054 0.184 0.042 0.03;
0.078 0.034 0.157 0.038 0.059 0.025 0.097 0.029 0.028 0.142 0.032 0.039 0.162 0.042 0.038;0.078 0.034 0.025 0.097 0.029 0.157 0.038 0.059 0.028 0.142 0.032 0.039 0.042 0.162 0.038;0.078 0.025 0.157 0.028 0.039 0.034 0.097 0.029 0.038 0.142 0.042 0.059 0.162 0.032 0.038;
0.085 0.029 0.142 0.034 0.047 0.033 0.079 0.034 0.039 0.15 0.044 0.043 0.159 0.044 0.038;0.085 0.029 0.033 0.079 0.034 0.142 0.034 0.047 0.039 0.15 0.044 0.043 0.044 0.159 0.038;0.085 0.033 0.142 0.039 0.043 0.029 0.079 0.034 0.034 0.15 0.044 0.047 0.159 0.044 0.038;
0.088 0.033 0.145 0.041 0.042 0.033 0.086 0.034 0.022 0.151 0.04 0.042 0.159 0.05 0.034;0.088 0.033 0.033 0.086 0.034 0.145 0.041 0.042 0.022 0.151 0.04 0.042 0.05 0.159 0.034;0.088 0.033 0.145 0.022 0.042 0.033 0.086 0.034 0.041 0.151 0.05 0.042 0.159 0.04 0.034;
0.097 0.032 0.13 0.044 0.04 0.028 0.08 0.039 0.016 0.15 0.039 0.045 0.171 0.061 0.028;0.097 0.032 0.028 0.08 0.039 0.13 0.044 0.04 0.016 0.15 0.039 0.045 0.061 0.171 0.028;0.097 0.028 0.13 0.016 0.045 0.032 0.08 0.039 0.044 0.15 0.061 0.04 0.171 0.039 0.028;
0.094 0.032 0.146 0.031 0.046 0.033 0.079 0.035 0.02 0.147 0.039 0.034 0.184 0.047 0.033;0.094 0.032 0.033 0.079 0.035 0.146 0.031 0.046 0.02 0.147 0.039 0.034 0.047 0.184 0.033;0.094 0.033 0.146 0.02 0.034 0.032 0.079 0.035 0.031 0.147 0.047 0.046 0.184 0.039 0.033;
0.08 0.032 0.144 0.043 0.06 0.035 0.07 0.035 0.025 0.154 0.034 0.033 0.178 0.047 0.03;0.08 0.032 0.035 0.07 0.035 0.144 0.043 0.06 0.025 0.154 0.034 0.033 0.047 0.178 0.03;0.08 0.035 0.144 0.025 0.033 0.032 0.07 0.035 0.043 0.154 0.047 0.06 0.178 0.034 0.03;
0.1 0.031 0.157 0.042 0.052 0.039 0.08 0.047 0.015 0.149 0.044 0.023 0.162 0.033 0.026;0.1 0.031 0.039 0.08 0.047 0.157 0.042 0.052 0.015 0.149 0.044 0.023 0.033 0.162 0.026;0.1 0.039 0.157 0.015 0.023 0.031 0.08 0.047 0.042 0.149 0.033 0.052 0.162 0.044 0.026;
0.099 0.031 0.159 0.027 0.05 0.029 0.092 0.035 0.021 0.136 0.049 0.029 0.156 0.059 0.028;0.099 0.031 0.029 0.092 0.035 0.159 0.027 0.05 0.021 0.136 0.049 0.029 0.059 0.156 0.028;0.099 0.029 0.159 0.021 0.029 0.031 0.092 0.035 0.027 0.136 0.059 0.05 0.156 0.049 0.028;
0.099 0.035 0.167 0.032 0.049 0.036 0.074 0.028 0.021 0.15 0.051 0.05 0.137 0.045 0.026;0.099 0.035 0.036 0.074 0.028 0.167 0.032 0.049 0.021 0.15 0.051 0.05 0.045 0.137 0.026;0.099 0.036 0.167 0.021 0.05 0.035 0.074 0.028 0.032 0.15 0.045 0.049 0.137 0.051 0.026;
0.102 0.031 0.166 0.037 0.039 0.034 0.067 0.022 0.022 0.155 0.047 0.039 0.163 0.048 0.028;0.102 0.031 0.034 0.067 0.022 0.166 0.037 0.039 0.022 0.155 0.047 0.039 0.048 0.163 0.028;0.102 0.034 0.166 0.022 0.039 0.031 0.067 0.022 0.037 0.155 0.048 0.039 0.163 0.047 0.028;
0.123 0.029 0.155 0.029 0.054 0.032 0.092 0.034 0.02 0.154 0.047 0.026 0.144 0.038 0.023;0.123 0.029 0.032 0.092 0.034 0.155 0.029 0.054 0.02 0.154 0.047 0.026 0.038 0.144 0.023;0.123 0.032 0.155 0.02 0.026 0.029 0.092 0.034 0.029 0.154 0.038 0.054 0.144 0.047 0.023;
0.099 0.036 0.152 0.042 0.045 0.029 0.067 0.034 0.019 0.148 0.033 0.049 0.161 0.048 0.038;0.099 0.036 0.029 0.067 0.034 0.152 0.042 0.045 0.019 0.148 0.033 0.049 0.048 0.161 0.038;0.099 0.029 0.152 0.019 0.049 0.036 0.067 0.034 0.042 0.148 0.048 0.045 0.161 0.033 0.038;
0.104 0.03 0.129 0.047 0.059 0.036 0.092 0.036 0.019 0.133 0.042 0.031 0.159 0.051 0.032;0.104 0.03 0.036 0.092 0.036 0.129 0.047 0.059 0.019 0.133 0.042 0.031 0.051 0.159 0.032;0.104 0.036 0.129 0.019 0.031 0.03 0.092 0.036 0.047 0.133 0.051 0.059 0.159 0.042 0.032;
0.092 0.034 0.141 0.043 0.043 0.04 0.088 0.034 0.022 0.14 0.037 0.047 0.156 0.046 0.037;0.092 0.034 0.04 0.088 0.034 0.141 0.043 0.043 0.022 0.14 0.037 0.047 0.046 0.156 0.037;0.092 0.04 0.141 0.022 0.047 0.034 0.088 0.034 0.043 0.14 0.046 0.043 0.156 0.037 0.037;
0.102 0.028 0.152 0.048 0.058 0.028 0.08 0.051 0.014 0.147 0.051 0.033 0.157 0.027 0.024;0.102 0.028 0.028 0.08 0.051 0.152 0.048 0.058 0.014 0.147 0.051 0.033 0.027 0.157 0.024;0.102 0.028 0.152 0.014 0.033 0.028 0.08 0.051 0.048 0.147 0.027 0.058 0.157 0.051 0.024;
0.098 0.043 0.157 0.045 0.045 0.025 0.079 0.032 0.023 0.157 0.03 0.031 0.149 0.051 0.035;0.098 0.043 0.025 0.079 0.032 0.157 0.045 0.045 0.023 0.157 0.03 0.031 0.051 0.149 0.035;0.098 0.025 0.157 0.023 0.031 0.043 0.079 0.032 0.045 0.157 0.051 0.045 0.149 0.03 0.035;
0.109 0.033 0.141 0.044 0.046 0.032 0.073 0.023 0.023 0.136 0.049 0.038 0.154 0.057 0.042;0.109 0.033 0.032 0.073 0.023 0.141 0.044 0.046 0.023 0.136 0.049 0.038 0.057 0.154 0.042;0.109 0.032 0.141 0.023 0.038 0.033 0.073 0.023 0.044 0.136 0.057 0.046 0.154 0.049 0.042;
0.096 0.036 0.159 0.041 0.041 0.041 0.079 0.025 0.026 0.149 0.034 0.05 0.142 0.046 0.035;0.096 0.036 0.041 0.079 0.025 0.159 0.041 0.041 0.026 0.149 0.034 0.05 0.046 0.142 0.035;0.096 0.041 0.159 0.026 0.05 0.036 0.079 0.025 0.041 0.149 0.046 0.041 0.142 0.034 0.035;
0.112 0.029 0.169 0.049 0.046 0.026 0.078 0.026 0.021 0.142 0.034 0.031 0.153 0.047 0.037;0.112 0.029 0.026 0.078 0.026 0.169 0.049 0.046 0.021 0.142 0.034 0.031 0.047 0.153 0.037;0.112 0.026 0.169 0.021 0.031 0.029 0.078 0.026 0.049 0.142 0.047 0.046 0.153 0.034 0.037;
0.101 0.031 0.154 0.043 0.05 0.03 0.075 0.021 0.03 0.172 0.038 0.044 0.134 0.053 0.024;0.101 0.031 0.03 0.075 0.021 0.154 0.043 0.05 0.03 0.172 0.038 0.044 0.053 0.134 0.024;0.101 0.03 0.154 0.03 0.044 0.031 0.075 0.021 0.043 0.172 0.053 0.05 0.134 0.038 0.024;
0.093 0.039 0.151 0.032 0.054 0.029 0.082 0.037 0.025 0.159 0.038 0.035 0.15 0.043 0.033;0.093 0.039 0.029 0.082 0.037 0.151 0.032 0.054 0.025 0.159 0.038 0.035 0.043 0.15 0.033;0.093 0.029 0.151 0.025 0.035 0.039 0.082 0.037 0.032 0.159 0.043 0.054 0.15 0.038 0.033;
0.092 0.026 0.145 0.033 0.045 0.036 0.097 0.038 0.022 0.141 0.044 0.048 0.157 0.046 0.03;0.092 0.026 0.036 0.097 0.038 0.145 0.033 0.045 0.022 0.141 0.044 0.048 0.046 0.157 0.03;0.092 0.036 0.145 0.022 0.048 0.026 0.097 0.038 0.033 0.141 0.046 0.045 0.157 0.044 0.03;
0.103 0.03 0.14 0.03 0.069 0.036 0.083 0.035 0.032 0.134 0.034 0.043 0.158 0.047 0.026;0.103 0.03 0.036 0.083 0.035 0.14 0.03 0.069 0.032 0.134 0.034 0.043 0.047 0.158 0.026;0.103 0.036 0.14 0.032 0.043 0.03 0.083 0.035 0.03 0.134 0.047 0.069 0.158 0.034 0.026;
0.106 0.033 0.144 0.041 0.054 0.028 0.071 0.037 0.021 0.15 0.034 0.034 0.16 0.054 0.033;0.106 0.033 0.028 0.071 0.037 0.144 0.041 0.054 0.021 0.15 0.034 0.034 0.054 0.16 0.033;0.106 0.028 0.144 0.021 0.034 0.033 0.071 0.037 0.041 0.15 0.054 0.054 0.16 0.034 0.033;
0.094 0.036 0.155 0.044 0.055 0.037 0.086 0.039 0.029 0.136 0.043 0.03 0.133 0.061 0.022;0.094 0.036 0.037 0.086 0.039 0.155 0.044 0.055 0.029 0.136 0.043 0.03 0.061 0.133 0.022;0.094 0.037 0.155 0.029 0.03 0.036 0.086 0.039 0.044 0.136 0.061 0.055 0.133 0.043 0.022;
0.094 0.03 0.146 0.039 0.043 0.038 0.082 0.029 0.024 0.153 0.033 0.031 0.179 0.05 0.029;0.094 0.03 0.038 0.082 0.029 0.146 0.039 0.043 0.024 0.153 0.033 0.031 0.05 0.179 0.029;0.094 0.038 0.146 0.024 0.031 0.03 0.082 0.029 0.039 0.153 0.05 0.043 0.179 0.033 0.029;
0.104 0.029 0.145 0.039 0.048 0.036 0.069 0.041 0.036 0.143 0.038 0.035 0.147 0.06 0.03;0.104 0.029 0.036 0.069 0.041 0.145 0.039 0.048 0.036 0.143 0.038 0.035 0.06 0.147 0.03;0.104 0.036 0.145 0.036 0.035 0.029 0.069 0.041 0.039 0.143 0.06 0.048 0.147 0.038 0.03;
0.102 0.036 0.134 0.036 0.05 0.048 0.091 0.026 0.023 0.147 0.051 0.034 0.144 0.048 0.03;0.102 0.036 0.048 0.091 0.026 0.134 0.036 0.05 0.023 0.147 0.051 0.034 0.048 0.144 0.03;0.102 0.048 0.134 0.023 0.034 0.036 0.091 0.026 0.036 0.147 0.048 0.05 0.144 0.051 0.03;
0.093 0.026 0.151 0.029 0.042 0.034 0.075 0.038 0.03 0.139 0.043 0.05 0.161 0.059 0.03;0.093 0.026 0.034 0.075 0.038 0.151 0.029 0.042 0.03 0.139 0.043 0.05 0.059 0.161 0.03;0.093 0.034 0.151 0.03 0.05 0.026 0.075 0.038 0.029 0.139 0.059 0.042 0.161 0.043 0.03;
0.092 0.033 0.141 0.027 0.058 0.032 0.076 0.032 0.021 0.15 0.037 0.046 0.167 0.057 0.031;0.092 0.033 0.032 0.076 0.032 0.141 0.027 0.058 0.021 0.15 0.037 0.046 0.057 0.167 0.031;0.092 0.032 0.141 0.021 0.046 0.033 0.076 0.032 0.027 0.15 0.057 0.058 0.167 0.037 0.031;
0.107 0.029 0.145 0.033 0.045 0.043 0.074 0.033 0.026 0.129 0.049 0.035 0.158 0.058 0.036;0.107 0.029 0.043 0.074 0.033 0.145 0.033 0.045 0.026 0.129 0.049 0.035 0.058 0.158 0.036;0.107 0.043 0.145 0.026 0.035 0.029 0.074 0.033 0.033 0.129 0.058 0.045 0.158 0.049 0.036;
0.116 0.027 0.137 0.028 0.045 0.04 0.078 0.029 0.022 0.166 0.042 0.045 0.154 0.042 0.029;0.116 0.027 0.04 0.078 0.029 0.137 0.028 0.045 0.022 0.166 0.042 0.045 0.042 0.154 0.029;0.116 0.04 0.137 0.022 0.045 0.027 0.078 0.029 0.028 0.166 0.042 0.045 0.154 0.042 0.029;
0.094 0.033 0.16 0.029 0.059 0.029 0.072 0.027 0.031 0.146 0.043 0.03 0.15 0.057 0.04;0.094 0.033 0.029 0.072 0.027 0.16 0.029 0.059 0.031 0.146 0.043 0.03 0.057 0.15 0.04;0.094 0.029 0.16 0.031 0.03 0.033 0.072 0.027 0.029 0.146 0.057 0.059 0.15 0.043 0.04;
0.105 0.028 0.148 0.038 0.059 0.033 0.072 0.04 0.022 0.129 0.048 0.038 0.163 0.048 0.029;0.105 0.028 0.033 0.072 0.04 0.148 0.038 0.059 0.022 0.129 0.048 0.038 0.048 0.163 0.029;0.105 0.033 0.148 0.022 0.038 0.028 0.072 0.04 0.038 0.129 0.048 0.059 0.163 0.048 0.029;
0.096 0.026 0.138 0.038 0.054 0.03 0.075 0.026 0.028 0.145 0.046 0.037 0.182 0.052 0.027;0.096 0.026 0.03 0.075 0.026 0.138 0.038 0.054 0.028 0.145 0.046 0.037 0.052 0.182 0.027;0.096 0.03 0.138 0.028 0.037 0.026 0.075 0.026 0.038 0.145 0.052 0.054 0.182 0.046 0.027;
0.088 0.033 0.135 0.039 0.054 0.029 0.072 0.031 0.026 0.163 0.035 0.04 0.17 0.056 0.029;0.088 0.033 0.029 0.072 0.031 0.135 0.039 0.054 0.026 0.163 0.035 0.04 0.056 0.17 0.029;0.088 0.029 0.135 0.026 0.04 0.033 0.072 0.031 0.039 0.163 0.056 0.054 0.17 0.035 0.029;
0.097 0.031 0.134 0.049 0.04 0.03 0.077 0.021 0.022 0.162 0.036 0.049 0.162 0.057 0.033;0.097 0.031 0.03 0.077 0.021 0.134 0.049 0.04 0.022 0.162 0.036 0.049 0.057 0.162 0.033;0.097 0.03 0.134 0.022 0.049 0.031 0.077 0.021 0.049 0.162 0.057 0.04 0.162 0.036 0.033;
0.103 0.024 0.139 0.035 0.048 0.034 0.088 0.028 0.021 0.163 0.054 0.038 0.149 0.044 0.032;0.103 0.024 0.034 0.088 0.028 0.139 0.035 0.048 0.021 0.163 0.054 0.038 0.044 0.149 0.032;0.103 0.034 0.139 0.021 0.038 0.024 0.088 0.028 0.035 0.163 0.044 0.048 0.149 0.054 0.032];