pntP=[0.127 0.036 0.162 0.055 0.051 0.033 0.06 0.024 0.021 0.141 0.033 0.034 0.14 0.042 0.041;0.127 0.036 0.033 0.06 0.024 0.162 0.055 0.051 0.021 0.141 0.033 0.034 0.042 0.14 0.041;0.127 0.033 0.162 0.021 0.034 0.036 0.06 0.024 0.055 0.141 0.042 0.051 0.14 0.033 0.041;
0.14 0.041 0.156 0.046 0.045 0.034 0.059 0.031 0.021 0.14 0.035 0.028 0.133 0.061 0.03;0.14 0.041 0.034 0.059 0.031 0.156 0.046 0.045 0.021 0.14 0.035 0.028 0.061 0.133 0.03;0.14 0.034 0.156 0.021 0.028 0.041 0.059 0.031 0.046 0.14 0.061 0.045 0.133 0.035 0.03;
0.142 0.04 0.145 0.051 0.056 0.045 0.068 0.039 0.021 0.149 0.041 0.028 0.11 0.039 0.026;0.142 0.04 0.045 0.068 0.039 0.145 0.051 0.056 0.021 0.149 0.041 0.028 0.039 0.11 0.026;0.142 0.045 0.145 0.021 0.028 0.04 0.068 0.039 0.051 0.149 0.039 0.056 0.11 0.041 0.026;
0.131 0.042 0.169 0.065 0.045 0.038 0.083 0.024 0.02 0.127 0.034 0.045 0.108 0.046 0.023;0.131 0.042 0.038 0.083 0.024 0.169 0.065 0.045 0.02 0.127 0.034 0.045 0.046 0.108 0.023;0.131 0.038 0.169 0.02 0.045 0.042 0.083 0.024 0.065 0.127 0.046 0.045 0.108 0.034 0.023;
0.148 0.038 0.152 0.036 0.049 0.031 0.068 0.029 0.018 0.179 0.036 0.03 0.118 0.049 0.019;0.148 0.038 0.031 0.068 0.029 0.152 0.036 0.049 0.018 0.179 0.036 0.03 0.049 0.118 0.019;0.148 0.031 0.152 0.018 0.03 0.038 0.068 0.029 0.036 0.179 0.049 0.049 0.118 0.036 0.019;
0.133 0.03 0.156 0.044 0.049 0.031 0.058 0.026 0.02 0.185 0.033 0.042 0.129 0.044 0.02;0.133 0.03 0.031 0.058 0.026 0.156 0.044 0.049 0.02 0.185 0.033 0.042 0.044 0.129 0.02;0.133 0.031 0.156 0.02 0.042 0.03 0.058 0.026 0.044 0.185 0.044 0.049 0.129 0.033 0.02;
0.143 0.05 0.149 0.041 0.059 0.046 0.051 0.03 0.027 0.132 0.029 0.038 0.126 0.051 0.028;0.143 0.05 0.046 0.051 0.03 0.149 0.041 0.059 0.027 0.132 0.029 0.038 0.051 0.126 0.028;0.143 0.046 0.149 0.027 0.038 0.05 0.051 0.03 0.041 0.132 0.051 0.059 0.126 0.029 0.028;
0.127 0.038 0.174 0.047 0.035 0.042 0.063 0.027 0.02 0.157 0.033 0.035 0.125 0.054 0.023;0.127 0.038 0.042 0.063 0.027 0.174 0.047 0.035 0.02 0.157 0.033 0.035 0.054 0.125 0.023;0.127 0.042 0.174 0.02 0.035 0.038 0.063 0.027 0.047 0.157 0.054 0.035 0.125 0.033 0.023;
0.119 0.058 0.128 0.036 0.05 0.038 0.065 0.032 0.018 0.16 0.037 0.039 0.132 0.057 0.031;0.119 0.058 0.038 0.065 0.032 0.128 0.036 0.05 0.018 0.16 0.037 0.039 0.057 0.132 0.031;0.119 0.038 0.128 0.018 0.039 0.058 0.065 0.032 0.036 0.16 0.057 0.05 0.132 0.037 0.031;
0.131 0.04 0.156 0.049 0.043 0.033 0.073 0.028 0.026 0.166 0.034 0.019 0.127 0.052 0.023;0.131 0.04 0.033 0.073 0.028 0.156 0.049 0.043 0.026 0.166 0.034 0.019 0.052 0.127 0.023;0.131 0.033 0.156 0.026 0.019 0.04 0.073 0.028 0.049 0.166 0.052 0.043 0.127 0.034 0.023;
0.14 0.028 0.157 0.052 0.055 0.028 0.058 0.026 0.017 0.172 0.039 0.034 0.131 0.034 0.029;0.14 0.028 0.028 0.058 0.026 0.157 0.052 0.055 0.017 0.172 0.039 0.034 0.034 0.131 0.029;0.14 0.028 0.157 0.017 0.034 0.028 0.058 0.026 0.052 0.172 0.034 0.055 0.131 0.039 0.029;
0.147 0.033 0.159 0.055 0.056 0.04 0.064 0.036 0.023 0.148 0.032 0.03 0.112 0.049 0.016;0.147 0.033 0.04 0.064 0.036 0.159 0.055 0.056 0.023 0.148 0.032 0.03 0.049 0.112 0.016;0.147 0.04 0.159 0.023 0.03 0.033 0.064 0.036 0.055 0.148 0.049 0.056 0.112 0.032 0.016;
0.14 0.037 0.151 0.049 0.049 0.04 0.058 0.018 0.024 0.176 0.03 0.042 0.125 0.043 0.018;0.14 0.037 0.04 0.058 0.018 0.151 0.049 0.049 0.024 0.176 0.03 0.042 0.043 0.125 0.018;0.14 0.04 0.151 0.024 0.042 0.037 0.058 0.018 0.049 0.176 0.043 0.049 0.125 0.03 0.018;
0.148 0.045 0.152 0.039 0.05 0.046 0.05 0.026 0.023 0.142 0.034 0.044 0.123 0.049 0.029;0.148 0.045 0.046 0.05 0.026 0.152 0.039 0.05 0.023 0.142 0.034 0.044 0.049 0.123 0.029;0.148 0.046 0.152 0.023 0.044 0.045 0.05 0.026 0.039 0.142 0.049 0.05 0.123 0.034 0.029;
0.137 0.043 0.15 0.044 0.048 0.036 0.061 0.028 0.019 0.166 0.027 0.035 0.122 0.055 0.029;0.137 0.043 0.036 0.061 0.028 0.15 0.044 0.048 0.019 0.166 0.027 0.035 0.055 0.122 0.029;0.137 0.036 0.15 0.019 0.035 0.043 0.061 0.028 0.044 0.166 0.055 0.048 0.122 0.027 0.029;
0.133 0.032 0.163 0.043 0.043 0.031 0.067 0.021 0.02 0.164 0.034 0.042 0.145 0.041 0.021;0.133 0.032 0.031 0.067 0.021 0.163 0.043 0.043 0.02 0.164 0.034 0.042 0.041 0.145 0.021;0.133 0.031 0.163 0.02 0.042 0.032 0.067 0.021 0.043 0.164 0.041 0.043 0.145 0.034 0.021;
0.113 0.034 0.145 0.039 0.039 0.046 0.085 0.031 0.019 0.177 0.037 0.027 0.115 0.062 0.031;0.113 0.034 0.046 0.085 0.031 0.145 0.039 0.039 0.019 0.177 0.037 0.027 0.062 0.115 0.031;0.113 0.046 0.145 0.019 0.027 0.034 0.085 0.031 0.039 0.177 0.062 0.039 0.115 0.037 0.031;
0.142 0.037 0.16 0.042 0.042 0.04 0.066 0.026 0.022 0.151 0.042 0.031 0.124 0.051 0.024;0.142 0.037 0.04 0.066 0.026 0.16 0.042 0.042 0.022 0.151 0.042 0.031 0.051 0.124 0.024;0.142 0.04 0.16 0.022 0.031 0.037 0.066 0.026 0.042 0.151 0.051 0.042 0.124 0.042 0.024;
0.133 0.034 0.167 0.041 0.055 0.035 0.063 0.019 0.022 0.155 0.043 0.04 0.132 0.037 0.024;0.133 0.034 0.035 0.063 0.019 0.167 0.041 0.055 0.022 0.155 0.043 0.04 0.037 0.132 0.024;0.133 0.035 0.167 0.022 0.04 0.034 0.063 0.019 0.041 0.155 0.037 0.055 0.132 0.043 0.024;
0.135 0.044 0.158 0.03 0.057 0.05 0.06 0.028 0.019 0.158 0.04 0.028 0.124 0.045 0.024;0.135 0.044 0.05 0.06 0.028 0.158 0.03 0.057 0.019 0.158 0.04 0.028 0.045 0.124 0.024;0.135 0.05 0.158 0.019 0.028 0.044 0.06 0.028 0.03 0.158 0.045 0.057 0.124 0.04 0.024;
0.132 0.042 0.148 0.053 0.052 0.028 0.06 0.04 0.02 0.148 0.042 0.034 0.124 0.053 0.024;0.132 0.042 0.028 0.06 0.04 0.148 0.053 0.052 0.02 0.148 0.042 0.034 0.053 0.124 0.024;0.132 0.028 0.148 0.02 0.034 0.042 0.06 0.04 0.053 0.148 0.053 0.052 0.124 0.042 0.024;
0.135 0.052 0.156 0.044 0.045 0.044 0.058 0.019 0.022 0.149 0.036 0.045 0.124 0.046 0.025;0.135 0.052 0.044 0.058 0.019 0.156 0.044 0.045 0.022 0.149 0.036 0.045 0.046 0.124 0.025;0.135 0.044 0.156 0.022 0.045 0.052 0.058 0.019 0.044 0.149 0.046 0.045 0.124 0.036 0.025;
0.137 0.047 0.144 0.051 0.045 0.034 0.059 0.024 0.027 0.163 0.035 0.047 0.118 0.045 0.024;0.137 0.047 0.034 0.059 0.024 0.144 0.051 0.045 0.027 0.163 0.035 0.047 0.045 0.118 0.024;0.137 0.034 0.144 0.027 0.047 0.047 0.059 0.024 0.051 0.163 0.045 0.045 0.118 0.035 0.024;
0.141 0.035 0.154 0.057 0.052 0.037 0.062 0.028 0.027 0.15 0.04 0.036 0.111 0.048 0.022;0.141 0.035 0.037 0.062 0.028 0.154 0.057 0.052 0.027 0.15 0.04 0.036 0.048 0.111 0.022;0.141 0.037 0.154 0.027 0.036 0.035 0.062 0.028 0.057 0.15 0.048 0.052 0.111 0.04 0.022;
0.114 0.05 0.135 0.055 0.052 0.045 0.057 0.028 0.026 0.159 0.031 0.037 0.136 0.051 0.024;0.114 0.05 0.045 0.057 0.028 0.135 0.055 0.052 0.026 0.159 0.031 0.037 0.051 0.136 0.024;0.114 0.045 0.135 0.026 0.037 0.05 0.057 0.028 0.055 0.159 0.051 0.052 0.136 0.031 0.024;
0.13 0.039 0.161 0.065 0.057 0.029 0.045 0.035 0.012 0.144 0.036 0.032 0.128 0.055 0.032;0.13 0.039 0.029 0.045 0.035 0.161 0.065 0.057 0.012 0.144 0.036 0.032 0.055 0.128 0.032;0.13 0.029 0.161 0.012 0.032 0.039 0.045 0.035 0.065 0.144 0.055 0.057 0.128 0.036 0.032;
0.138 0.036 0.156 0.047 0.049 0.047 0.067 0.031 0.027 0.141 0.039 0.033 0.122 0.042 0.025;0.138 0.036 0.047 0.067 0.031 0.156 0.047 0.049 0.027 0.141 0.039 0.033 0.042 0.122 0.025;0.138 0.047 0.156 0.027 0.033 0.036 0.067 0.031 0.047 0.141 0.042 0.049 0.122 0.039 0.025;
0.144 0.034 0.147 0.06 0.051 0.048 0.053 0.023 0.027 0.158 0.028 0.036 0.114 0.052 0.025;0.144 0.034 0.048 0.053 0.023 0.147 0.06 0.051 0.027 0.158 0.028 0.036 0.052 0.114 0.025;0.144 0.048 0.147 0.027 0.036 0.034 0.053 0.023 0.06 0.158 0.052 0.051 0.114 0.028 0.025;
0.127 0.042 0.154 0.042 0.048 0.041 0.065 0.028 0.016 0.16 0.044 0.04 0.131 0.031 0.031;0.127 0.042 0.041 0.065 0.028 0.154 0.042 0.048 0.016 0.16 0.044 0.04 0.031 0.131 0.031;0.127 0.041 0.154 0.016 0.04 0.042 0.065 0.028 0.042 0.16 0.031 0.048 0.131 0.044 0.031;
0.14 0.032 0.151 0.051 0.044 0.042 0.062 0.025 0.026 0.146 0.046 0.027 0.133 0.049 0.026;0.14 0.032 0.042 0.062 0.025 0.151 0.051 0.044 0.026 0.146 0.046 0.027 0.049 0.133 0.026;0.14 0.042 0.151 0.026 0.027 0.032 0.062 0.025 0.051 0.146 0.049 0.044 0.133 0.046 0.026;
0.144 0.047 0.165 0.032 0.062 0.028 0.066 0.023 0.027 0.154 0.033 0.036 0.117 0.048 0.018;0.144 0.047 0.028 0.066 0.023 0.165 0.032 0.062 0.027 0.154 0.033 0.036 0.048 0.117 0.018;0.144 0.028 0.165 0.027 0.036 0.047 0.066 0.023 0.032 0.154 0.048 0.062 0.117 0.033 0.018;
0.151 0.031 0.143 0.039 0.054 0.035 0.068 0.031 0.02 0.158 0.039 0.043 0.109 0.049 0.03;0.151 0.031 0.035 0.068 0.031 0.143 0.039 0.054 0.02 0.158 0.039 0.043 0.049 0.109 0.03;0.151 0.035 0.143 0.02 0.043 0.031 0.068 0.031 0.039 0.158 0.049 0.054 0.109 0.039 0.03;
0.129 0.037 0.166 0.04 0.052 0.046 0.049 0.021 0.024 0.154 0.036 0.052 0.12 0.054 0.02;0.129 0.037 0.046 0.049 0.021 0.166 0.04 0.052 0.024 0.154 0.036 0.052 0.054 0.12 0.02;0.129 0.046 0.166 0.024 0.052 0.037 0.049 0.021 0.04 0.154 0.054 0.052 0.12 0.036 0.02;
0.14 0.031 0.156 0.054 0.06 0.034 0.065 0.029 0.022 0.149 0.035 0.034 0.124 0.054 0.013;0.14 0.031 0.034 0.065 0.029 0.156 0.054 0.06 0.022 0.149 0.035 0.034 0.054 0.124 0.013;0.14 0.034 0.156 0.022 0.034 0.031 0.065 0.029 0.054 0.149 0.054 0.06 0.124 0.035 0.013;
0.129 0.03 0.181 0.058 0.051 0.041 0.044 0.027 0.022 0.152 0.033 0.042 0.114 0.051 0.025;0.129 0.03 0.041 0.044 0.027 0.181 0.058 0.051 0.022 0.152 0.033 0.042 0.051 0.114 0.025;0.129 0.041 0.181 0.022 0.042 0.03 0.044 0.027 0.058 0.152 0.051 0.051 0.114 0.033 0.025;
0.143 0.042 0.143 0.04 0.051 0.024 0.067 0.025 0.028 0.171 0.029 0.025 0.131 0.043 0.038;0.143 0.042 0.024 0.067 0.025 0.143 0.04 0.051 0.028 0.171 0.029 0.025 0.043 0.131 0.038;0.143 0.024 0.143 0.028 0.025 0.042 0.067 0.025 0.04 0.171 0.043 0.051 0.131 0.029 0.038;
0.133 0.036 0.168 0.033 0.051 0.036 0.067 0.022 0.023 0.157 0.035 0.032 0.131 0.057 0.019;0.133 0.036 0.036 0.067 0.022 0.168 0.033 0.051 0.023 0.157 0.035 0.032 0.057 0.131 0.019;0.133 0.036 0.168 0.023 0.032 0.036 0.067 0.022 0.033 0.157 0.057 0.051 0.131 0.035 0.019;
0.13 0.052 0.148 0.053 0.062 0.036 0.053 0.03 0.022 0.136 0.032 0.046 0.129 0.049 0.022;0.13 0.052 0.036 0.053 0.03 0.148 0.053 0.062 0.022 0.136 0.032 0.046 0.049 0.129 0.022;0.13 0.036 0.148 0.022 0.046 0.052 0.053 0.03 0.053 0.136 0.049 0.062 0.129 0.032 0.022;
0.122 0.053 0.179 0.04 0.048 0.039 0.061 0.024 0.015 0.164 0.036 0.038 0.117 0.047 0.017;0.122 0.053 0.039 0.061 0.024 0.179 0.04 0.048 0.015 0.164 0.036 0.038 0.047 0.117 0.017;0.122 0.039 0.179 0.015 0.038 0.053 0.061 0.024 0.04 0.164 0.047 0.048 0.117 0.036 0.017;
0.134 0.05 0.167 0.035 0.042 0.041 0.067 0.023 0.031 0.161 0.026 0.033 0.118 0.045 0.027;0.134 0.05 0.041 0.067 0.023 0.167 0.035 0.042 0.031 0.161 0.026 0.033 0.045 0.118 0.027;0.134 0.041 0.167 0.031 0.033 0.05 0.067 0.023 0.035 0.161 0.045 0.042 0.118 0.026 0.027;
0.13 0.049 0.162 0.041 0.053 0.045 0.053 0.022 0.021 0.157 0.039 0.035 0.118 0.055 0.02;0.13 0.049 0.045 0.053 0.022 0.162 0.041 0.053 0.021 0.157 0.039 0.035 0.055 0.118 0.02;0.13 0.045 0.162 0.021 0.035 0.049 0.053 0.022 0.041 0.157 0.055 0.053 0.118 0.039 0.02;
0.137 0.054 0.152 0.033 0.049 0.038 0.067 0.027 0.023 0.161 0.04 0.039 0.114 0.045 0.021;0.137 0.054 0.038 0.067 0.027 0.152 0.033 0.049 0.023 0.161 0.04 0.039 0.045 0.114 0.021;0.137 0.038 0.152 0.023 0.039 0.054 0.067 0.027 0.033 0.161 0.045 0.049 0.114 0.04 0.021;
0.138 0.039 0.146 0.051 0.045 0.044 0.061 0.025 0.026 0.153 0.046 0.032 0.123 0.051 0.02;0.138 0.039 0.044 0.061 0.025 0.146 0.051 0.045 0.026 0.153 0.046 0.032 0.051 0.123 0.02;0.138 0.044 0.146 0.026 0.032 0.039 0.061 0.025 0.051 0.153 0.051 0.045 0.123 0.046 0.02;
0.143 0.046 0.154 0.043 0.052 0.038 0.066 0.026 0.014 0.162 0.038 0.03 0.112 0.056 0.02;0.143 0.046 0.038 0.066 0.026 0.154 0.043 0.052 0.014 0.162 0.038 0.03 0.056 0.112 0.02;0.143 0.038 0.154 0.014 0.03 0.046 0.066 0.026 0.043 0.162 0.056 0.052 0.112 0.038 0.02;
0.142 0.045 0.163 0.038 0.053 0.05 0.056 0.025 0.025 0.14 0.031 0.037 0.121 0.047 0.027;0.142 0.045 0.05 0.056 0.025 0.163 0.038 0.053 0.025 0.14 0.031 0.037 0.047 0.121 0.027;0.142 0.05 0.163 0.025 0.037 0.045 0.056 0.025 0.038 0.14 0.047 0.053 0.121 0.031 0.027;
0.127 0.034 0.161 0.059 0.037 0.04 0.063 0.035 0.026 0.169 0.025 0.042 0.107 0.05 0.025;0.127 0.034 0.04 0.063 0.035 0.161 0.059 0.037 0.026 0.169 0.025 0.042 0.05 0.107 0.025;0.127 0.04 0.161 0.026 0.042 0.034 0.063 0.035 0.059 0.169 0.05 0.037 0.107 0.025 0.025;
0.134 0.04 0.148 0.057 0.056 0.045 0.057 0.036 0.02 0.162 0.039 0.028 0.099 0.051 0.028;0.134 0.04 0.045 0.057 0.036 0.148 0.057 0.056 0.02 0.162 0.039 0.028 0.051 0.099 0.028;0.134 0.045 0.148 0.02 0.028 0.04 0.057 0.036 0.057 0.162 0.051 0.056 0.099 0.039 0.028;
0.136 0.033 0.169 0.05 0.051 0.04 0.059 0.02 0.028 0.148 0.033 0.036 0.118 0.049 0.03;0.136 0.033 0.04 0.059 0.02 0.169 0.05 0.051 0.028 0.148 0.033 0.036 0.049 0.118 0.03;0.136 0.04 0.169 0.028 0.036 0.033 0.059 0.02 0.05 0.148 0.049 0.051 0.118 0.033 0.03;
0.158 0.033 0.159 0.052 0.058 0.041 0.057 0.014 0.02 0.146 0.044 0.028 0.115 0.048 0.027;0.158 0.033 0.041 0.057 0.014 0.159 0.052 0.058 0.02 0.146 0.044 0.028 0.048 0.115 0.027;0.158 0.041 0.159 0.02 0.028 0.033 0.057 0.014 0.052 0.146 0.048 0.058 0.115 0.044 0.027;
0.133 0.043 0.131 0.049 0.056 0.035 0.054 0.036 0.021 0.162 0.034 0.035 0.122 0.059 0.03;0.133 0.043 0.035 0.054 0.036 0.131 0.049 0.056 0.021 0.162 0.034 0.035 0.059 0.122 0.03;0.133 0.035 0.131 0.021 0.035 0.043 0.054 0.036 0.049 0.162 0.059 0.056 0.122 0.034 0.03;
0.136 0.024 0.173 0.046 0.047 0.042 0.058 0.02 0.024 0.169 0.029 0.031 0.121 0.05 0.03;0.136 0.024 0.042 0.058 0.02 0.173 0.046 0.047 0.024 0.169 0.029 0.031 0.05 0.121 0.03;0.136 0.042 0.173 0.024 0.031 0.024 0.058 0.02 0.046 0.169 0.05 0.047 0.121 0.029 0.03;
0.146 0.038 0.173 0.041 0.045 0.038 0.064 0.029 0.022 0.153 0.039 0.035 0.104 0.047 0.026;0.146 0.038 0.038 0.064 0.029 0.173 0.041 0.045 0.022 0.153 0.039 0.035 0.047 0.104 0.026;0.146 0.038 0.173 0.022 0.035 0.038 0.064 0.029 0.041 0.153 0.047 0.045 0.104 0.039 0.026;
0.134 0.025 0.152 0.05 0.053 0.05 0.059 0.031 0.017 0.16 0.039 0.033 0.131 0.039 0.027;0.134 0.025 0.05 0.059 0.031 0.152 0.05 0.053 0.017 0.16 0.039 0.033 0.039 0.131 0.027;0.134 0.05 0.152 0.017 0.033 0.025 0.059 0.031 0.05 0.16 0.039 0.053 0.131 0.039 0.027;
0.123 0.034 0.153 0.055 0.052 0.044 0.054 0.033 0.033 0.144 0.049 0.038 0.119 0.05 0.019;0.123 0.034 0.044 0.054 0.033 0.153 0.055 0.052 0.033 0.144 0.049 0.038 0.05 0.119 0.019;0.123 0.044 0.153 0.033 0.038 0.034 0.054 0.033 0.055 0.144 0.05 0.052 0.119 0.049 0.019;
0.156 0.036 0.184 0.041 0.045 0.037 0.053 0.027 0.017 0.152 0.037 0.023 0.125 0.049 0.018;0.156 0.036 0.037 0.053 0.027 0.184 0.041 0.045 0.017 0.152 0.037 0.023 0.049 0.125 0.018;0.156 0.037 0.184 0.017 0.023 0.036 0.053 0.027 0.041 0.152 0.049 0.045 0.125 0.037 0.018;
0.142 0.024 0.174 0.042 0.051 0.036 0.056 0.017 0.032 0.138 0.045 0.039 0.135 0.043 0.026;0.142 0.024 0.036 0.056 0.017 0.174 0.042 0.051 0.032 0.138 0.045 0.039 0.043 0.135 0.026;0.142 0.036 0.174 0.032 0.039 0.024 0.056 0.017 0.042 0.138 0.043 0.051 0.135 0.045 0.026;
0.131 0.037 0.17 0.057 0.054 0.044 0.049 0.026 0.027 0.147 0.045 0.029 0.114 0.046 0.024;0.131 0.037 0.044 0.049 0.026 0.17 0.057 0.054 0.027 0.147 0.045 0.029 0.046 0.114 0.024;0.131 0.044 0.17 0.027 0.029 0.037 0.049 0.026 0.057 0.147 0.046 0.054 0.114 0.045 0.024;
0.161 0.045 0.156 0.043 0.049 0.03 0.055 0.029 0.018 0.16 0.037 0.03 0.115 0.054 0.018;0.161 0.045 0.03 0.055 0.029 0.156 0.043 0.049 0.018 0.16 0.037 0.03 0.054 0.115 0.018;0.161 0.03 0.156 0.018 0.03 0.045 0.055 0.029 0.043 0.16 0.054 0.049 0.115 0.037 0.018;
0.151 0.04 0.124 0.047 0.053 0.036 0.051 0.029 0.016 0.176 0.04 0.036 0.117 0.057 0.027;0.151 0.04 0.036 0.051 0.029 0.124 0.047 0.053 0.016 0.176 0.04 0.036 0.057 0.117 0.027;0.151 0.036 0.124 0.016 0.036 0.04 0.051 0.029 0.047 0.176 0.057 0.053 0.117 0.04 0.027;
0.154 0.033 0.166 0.051 0.045 0.036 0.068 0.021 0.023 0.154 0.031 0.027 0.117 0.048 0.026;0.154 0.033 0.036 0.068 0.021 0.166 0.051 0.045 0.023 0.154 0.031 0.027 0.048 0.117 0.026;0.154 0.036 0.166 0.023 0.027 0.033 0.068 0.021 0.051 0.154 0.048 0.045 0.117 0.031 0.026;
0.141 0.037 0.147 0.048 0.049 0.04 0.049 0.029 0.019 0.166 0.031 0.047 0.132 0.043 0.022;0.141 0.037 0.04 0.049 0.029 0.147 0.048 0.049 0.019 0.166 0.031 0.047 0.043 0.132 0.022;0.141 0.04 0.147 0.019 0.047 0.037 0.049 0.029 0.048 0.166 0.043 0.049 0.132 0.031 0.022;
0.144 0.041 0.149 0.053 0.048 0.036 0.057 0.024 0.023 0.152 0.035 0.04 0.118 0.05 0.03;0.144 0.041 0.036 0.057 0.024 0.149 0.053 0.048 0.023 0.152 0.035 0.04 0.05 0.118 0.03;0.144 0.036 0.149 0.023 0.04 0.041 0.057 0.024 0.053 0.152 0.05 0.048 0.118 0.035 0.03;
0.133 0.038 0.152 0.051 0.045 0.043 0.062 0.027 0.021 0.16 0.025 0.033 0.145 0.043 0.022;0.133 0.038 0.043 0.062 0.027 0.152 0.051 0.045 0.021 0.16 0.025 0.033 0.043 0.145 0.022;0.133 0.043 0.152 0.021 0.033 0.038 0.062 0.027 0.051 0.16 0.043 0.045 0.145 0.025 0.022;
0.154 0.041 0.136 0.04 0.053 0.039 0.05 0.025 0.023 0.159 0.038 0.041 0.119 0.05 0.032;0.154 0.041 0.039 0.05 0.025 0.136 0.04 0.053 0.023 0.159 0.038 0.041 0.05 0.119 0.032;0.154 0.039 0.136 0.023 0.041 0.041 0.05 0.025 0.04 0.159 0.05 0.053 0.119 0.038 0.032;
0.136 0.033 0.156 0.048 0.047 0.043 0.066 0.026 0.018 0.164 0.043 0.031 0.106 0.055 0.028;0.136 0.033 0.043 0.066 0.026 0.156 0.048 0.047 0.018 0.164 0.043 0.031 0.055 0.106 0.028;0.136 0.043 0.156 0.018 0.031 0.033 0.066 0.026 0.048 0.164 0.055 0.047 0.106 0.043 0.028;
0.142 0.034 0.171 0.038 0.056 0.039 0.047 0.025 0.034 0.162 0.033 0.036 0.097 0.056 0.03;0.142 0.034 0.039 0.047 0.025 0.171 0.038 0.056 0.034 0.162 0.033 0.036 0.056 0.097 0.03;0.142 0.039 0.171 0.034 0.036 0.034 0.047 0.025 0.038 0.162 0.056 0.056 0.097 0.033 0.03;
0.133 0.051 0.151 0.053 0.043 0.033 0.07 0.024 0.03 0.136 0.048 0.031 0.122 0.052 0.023;0.133 0.051 0.033 0.07 0.024 0.151 0.053 0.043 0.03 0.136 0.048 0.031 0.052 0.122 0.023;0.133 0.033 0.151 0.03 0.031 0.051 0.07 0.024 0.053 0.136 0.052 0.043 0.122 0.048 0.023;
0.146 0.035 0.157 0.057 0.049 0.042 0.063 0.022 0.015 0.147 0.031 0.032 0.13 0.05 0.024;0.146 0.035 0.042 0.063 0.022 0.157 0.057 0.049 0.015 0.147 0.031 0.032 0.05 0.13 0.024;0.146 0.042 0.157 0.015 0.032 0.035 0.063 0.022 0.057 0.147 0.05 0.049 0.13 0.031 0.024;
0.142 0.038 0.144 0.045 0.062 0.036 0.064 0.018 0.025 0.146 0.042 0.036 0.132 0.048 0.022;0.142 0.038 0.036 0.064 0.018 0.144 0.045 0.062 0.025 0.146 0.042 0.036 0.048 0.132 0.022;0.142 0.036 0.144 0.025 0.036 0.038 0.064 0.018 0.045 0.146 0.048 0.062 0.132 0.042 0.022;
0.13 0.039 0.165 0.046 0.046 0.043 0.063 0.02 0.022 0.154 0.035 0.035 0.119 0.048 0.035;0.13 0.039 0.043 0.063 0.02 0.165 0.046 0.046 0.022 0.154 0.035 0.035 0.048 0.119 0.035;0.13 0.043 0.165 0.022 0.035 0.039 0.063 0.02 0.046 0.154 0.048 0.046 0.119 0.035 0.035;
0.143 0.03 0.147 0.052 0.048 0.05 0.068 0.034 0.029 0.127 0.036 0.04 0.109 0.049 0.038;0.143 0.03 0.05 0.068 0.034 0.147 0.052 0.048 0.029 0.127 0.036 0.04 0.049 0.109 0.038;0.143 0.05 0.147 0.029 0.04 0.03 0.068 0.034 0.052 0.127 0.049 0.048 0.109 0.036 0.038;
0.157 0.031 0.157 0.037 0.048 0.033 0.07 0.036 0.018 0.137 0.028 0.038 0.123 0.051 0.036;0.157 0.031 0.033 0.07 0.036 0.157 0.037 0.048 0.018 0.137 0.028 0.038 0.051 0.123 0.036;0.157 0.033 0.157 0.018 0.038 0.031 0.07 0.036 0.037 0.137 0.051 0.048 0.123 0.028 0.036;
0.139 0.046 0.147 0.028 0.034 0.04 0.059 0.024 0.021 0.16 0.042 0.043 0.15 0.044 0.023;0.139 0.046 0.04 0.059 0.024 0.147 0.028 0.034 0.021 0.16 0.042 0.043 0.044 0.15 0.023;0.139 0.04 0.147 0.021 0.043 0.046 0.059 0.024 0.028 0.16 0.044 0.034 0.15 0.042 0.023;
0.143 0.047 0.146 0.033 0.051 0.032 0.057 0.029 0.022 0.158 0.038 0.04 0.133 0.044 0.027;0.143 0.047 0.032 0.057 0.029 0.146 0.033 0.051 0.022 0.158 0.038 0.04 0.044 0.133 0.027;0.143 0.032 0.146 0.022 0.04 0.047 0.057 0.029 0.033 0.158 0.044 0.051 0.133 0.038 0.027;
0.135 0.031 0.153 0.044 0.051 0.051 0.066 0.037 0.027 0.154 0.039 0.032 0.118 0.034 0.028;0.135 0.031 0.051 0.066 0.037 0.153 0.044 0.051 0.027 0.154 0.039 0.032 0.034 0.118 0.028;0.135 0.051 0.153 0.027 0.032 0.031 0.066 0.037 0.044 0.154 0.034 0.051 0.118 0.039 0.028;
0.127 0.035 0.167 0.038 0.054 0.036 0.064 0.03 0.021 0.152 0.034 0.04 0.127 0.047 0.028;0.127 0.035 0.036 0.064 0.03 0.167 0.038 0.054 0.021 0.152 0.034 0.04 0.047 0.127 0.028;0.127 0.036 0.167 0.021 0.04 0.035 0.064 0.03 0.038 0.152 0.047 0.054 0.127 0.034 0.028;
0.145 0.037 0.151 0.042 0.06 0.039 0.051 0.025 0.028 0.145 0.041 0.034 0.138 0.039 0.025;0.145 0.037 0.039 0.051 0.025 0.151 0.042 0.06 0.028 0.145 0.041 0.034 0.039 0.138 0.025;0.145 0.039 0.151 0.028 0.034 0.037 0.051 0.025 0.042 0.145 0.039 0.06 0.138 0.041 0.025;
0.148 0.041 0.15 0.056 0.05 0.053 0.057 0.035 0.015 0.157 0.033 0.033 0.107 0.038 0.027;0.148 0.041 0.053 0.057 0.035 0.15 0.056 0.05 0.015 0.157 0.033 0.033 0.038 0.107 0.027;0.148 0.053 0.15 0.015 0.033 0.041 0.057 0.035 0.056 0.157 0.038 0.05 0.107 0.033 0.027;
0.139 0.034 0.154 0.055 0.055 0.039 0.054 0.032 0.021 0.138 0.033 0.034 0.134 0.053 0.025;0.139 0.034 0.039 0.054 0.032 0.154 0.055 0.055 0.021 0.138 0.033 0.034 0.053 0.134 0.025;0.139 0.039 0.154 0.021 0.034 0.034 0.054 0.032 0.055 0.138 0.053 0.055 0.134 0.033 0.025;
0.135 0.053 0.147 0.044 0.049 0.036 0.066 0.03 0.024 0.165 0.039 0.037 0.104 0.045 0.026;0.135 0.053 0.036 0.066 0.03 0.147 0.044 0.049 0.024 0.165 0.039 0.037 0.045 0.104 0.026;0.135 0.036 0.147 0.024 0.037 0.053 0.066 0.03 0.044 0.165 0.045 0.049 0.104 0.039 0.026;
0.134 0.034 0.15 0.05 0.047 0.036 0.062 0.025 0.027 0.151 0.037 0.042 0.117 0.056 0.032;0.134 0.034 0.036 0.062 0.025 0.15 0.05 0.047 0.027 0.151 0.037 0.042 0.056 0.117 0.032;0.134 0.036 0.15 0.027 0.042 0.034 0.062 0.025 0.05 0.151 0.056 0.047 0.117 0.037 0.032;
0.155 0.03 0.16 0.052 0.045 0.037 0.048 0.026 0.027 0.157 0.035 0.039 0.114 0.056 0.019;0.155 0.03 0.037 0.048 0.026 0.16 0.052 0.045 0.027 0.157 0.035 0.039 0.056 0.114 0.019;0.155 0.037 0.16 0.027 0.039 0.03 0.048 0.026 0.052 0.157 0.056 0.045 0.114 0.035 0.019;
0.145 0.04 0.148 0.053 0.036 0.05 0.046 0.02 0.031 0.156 0.025 0.037 0.119 0.068 0.026;0.145 0.04 0.05 0.046 0.02 0.148 0.053 0.036 0.031 0.156 0.025 0.037 0.068 0.119 0.026;0.145 0.05 0.148 0.031 0.037 0.04 0.046 0.02 0.053 0.156 0.068 0.036 0.119 0.025 0.026;
0.147 0.022 0.15 0.051 0.058 0.047 0.046 0.018 0.022 0.167 0.03 0.035 0.12 0.058 0.029;0.147 0.022 0.047 0.046 0.018 0.15 0.051 0.058 0.022 0.167 0.03 0.035 0.058 0.12 0.029;0.147 0.047 0.15 0.022 0.035 0.022 0.046 0.018 0.051 0.167 0.058 0.058 0.12 0.03 0.029;
0.136 0.039 0.168 0.051 0.051 0.046 0.057 0.029 0.031 0.143 0.027 0.029 0.126 0.044 0.023;0.136 0.039 0.046 0.057 0.029 0.168 0.051 0.051 0.031 0.143 0.027 0.029 0.044 0.126 0.023;0.136 0.046 0.168 0.031 0.029 0.039 0.057 0.029 0.051 0.143 0.044 0.051 0.126 0.027 0.023;
0.153 0.033 0.157 0.038 0.055 0.038 0.062 0.037 0.02 0.145 0.037 0.039 0.105 0.06 0.021;0.153 0.033 0.038 0.062 0.037 0.157 0.038 0.055 0.02 0.145 0.037 0.039 0.06 0.105 0.021;0.153 0.038 0.157 0.02 0.039 0.033 0.062 0.037 0.038 0.145 0.06 0.055 0.105 0.037 0.021;
0.125 0.034 0.156 0.041 0.049 0.031 0.068 0.029 0.031 0.178 0.031 0.037 0.116 0.046 0.028;0.125 0.034 0.031 0.068 0.029 0.156 0.041 0.049 0.031 0.178 0.031 0.037 0.046 0.116 0.028;0.125 0.031 0.156 0.031 0.037 0.034 0.068 0.029 0.041 0.178 0.046 0.049 0.116 0.031 0.028;
0.151 0.032 0.146 0.044 0.043 0.053 0.062 0.022 0.021 0.144 0.044 0.041 0.125 0.053 0.019;0.151 0.032 0.053 0.062 0.022 0.146 0.044 0.043 0.021 0.144 0.044 0.041 0.053 0.125 0.019;0.151 0.053 0.146 0.021 0.041 0.032 0.062 0.022 0.044 0.144 0.053 0.043 0.125 0.044 0.019;
0.128 0.039 0.166 0.048 0.058 0.033 0.047 0.035 0.018 0.151 0.03 0.042 0.119 0.062 0.024;0.128 0.039 0.033 0.047 0.035 0.166 0.048 0.058 0.018 0.151 0.03 0.042 0.062 0.119 0.024;0.128 0.033 0.166 0.018 0.042 0.039 0.047 0.035 0.048 0.151 0.062 0.058 0.119 0.03 0.024;
0.159 0.035 0.17 0.045 0.046 0.036 0.047 0.03 0.024 0.128 0.037 0.038 0.12 0.059 0.026;0.159 0.035 0.036 0.047 0.03 0.17 0.045 0.046 0.024 0.128 0.037 0.038 0.059 0.12 0.026;0.159 0.036 0.17 0.024 0.038 0.035 0.047 0.03 0.045 0.128 0.059 0.046 0.12 0.037 0.026;
0.15 0.031 0.166 0.042 0.052 0.029 0.062 0.025 0.027 0.147 0.038 0.04 0.112 0.048 0.031;0.15 0.031 0.029 0.062 0.025 0.166 0.042 0.052 0.027 0.147 0.038 0.04 0.048 0.112 0.031;0.15 0.029 0.166 0.027 0.04 0.031 0.062 0.025 0.042 0.147 0.048 0.052 0.112 0.038 0.031;
0.134 0.042 0.141 0.04 0.053 0.041 0.069 0.023 0.016 0.172 0.029 0.045 0.116 0.048 0.031;0.134 0.042 0.041 0.069 0.023 0.141 0.04 0.053 0.016 0.172 0.029 0.045 0.048 0.116 0.031;0.134 0.041 0.141 0.016 0.045 0.042 0.069 0.023 0.04 0.172 0.048 0.053 0.116 0.029 0.031;
0.154 0.054 0.161 0.042 0.037 0.052 0.056 0.027 0.029 0.15 0.043 0.024 0.107 0.042 0.022;0.154 0.054 0.052 0.056 0.027 0.161 0.042 0.037 0.029 0.15 0.043 0.024 0.042 0.107 0.022;0.154 0.052 0.161 0.029 0.024 0.054 0.056 0.027 0.042 0.15 0.042 0.037 0.107 0.043 0.022;
0.145 0.037 0.166 0.049 0.06 0.034 0.061 0.025 0.024 0.135 0.03 0.043 0.13 0.036 0.025;0.145 0.037 0.034 0.061 0.025 0.166 0.049 0.06 0.024 0.135 0.03 0.043 0.036 0.13 0.025;0.145 0.034 0.166 0.024 0.043 0.037 0.061 0.025 0.049 0.135 0.036 0.06 0.13 0.03 0.025;
0.14 0.036 0.151 0.043 0.049 0.037 0.06 0.03 0.031 0.152 0.045 0.043 0.122 0.04 0.021;0.14 0.036 0.037 0.06 0.03 0.151 0.043 0.049 0.031 0.152 0.045 0.043 0.04 0.122 0.021;0.14 0.037 0.151 0.031 0.043 0.036 0.06 0.03 0.043 0.152 0.04 0.049 0.122 0.045 0.021;
0.12 0.035 0.16 0.047 0.044 0.04 0.054 0.026 0.019 0.189 0.032 0.035 0.114 0.06 0.025;0.12 0.035 0.04 0.054 0.026 0.16 0.047 0.044 0.019 0.189 0.032 0.035 0.06 0.114 0.025;0.12 0.04 0.16 0.019 0.035 0.035 0.054 0.026 0.047 0.189 0.06 0.044 0.114 0.032 0.025;
0.137 0.034 0.157 0.049 0.06 0.033 0.063 0.017 0.018 0.165 0.03 0.034 0.125 0.046 0.032;0.137 0.034 0.033 0.063 0.017 0.157 0.049 0.06 0.018 0.165 0.03 0.034 0.046 0.125 0.032;0.137 0.033 0.157 0.018 0.034 0.034 0.063 0.017 0.049 0.165 0.046 0.06 0.125 0.03 0.032;
0.126 0.03 0.189 0.04 0.052 0.039 0.057 0.025 0.02 0.169 0.048 0.031 0.116 0.033 0.025;0.126 0.03 0.039 0.057 0.025 0.189 0.04 0.052 0.02 0.169 0.048 0.031 0.033 0.116 0.025;0.126 0.039 0.189 0.02 0.031 0.03 0.057 0.025 0.04 0.169 0.033 0.052 0.116 0.048 0.025;
0.138 0.036 0.142 0.057 0.046 0.037 0.06 0.029 0.026 0.167 0.024 0.038 0.129 0.042 0.029;0.138 0.036 0.037 0.06 0.029 0.142 0.057 0.046 0.026 0.167 0.024 0.038 0.042 0.129 0.029;0.138 0.037 0.142 0.026 0.038 0.036 0.06 0.029 0.057 0.167 0.042 0.046 0.129 0.024 0.029;
0.122 0.042 0.154 0.052 0.048 0.026 0.061 0.031 0.018 0.158 0.044 0.044 0.131 0.046 0.023;0.122 0.042 0.026 0.061 0.031 0.154 0.052 0.048 0.018 0.158 0.044 0.044 0.046 0.131 0.023;0.122 0.026 0.154 0.018 0.044 0.042 0.061 0.031 0.052 0.158 0.046 0.048 0.131 0.044 0.023];