pntP=[0.024 0.052 0.069 0.058 0.095 0.065 0.049 0.087 0.037 0.061 0.075 0.075 0.095 0.094 0.064;0.024 0.052 0.065 0.049 0.087 0.069 0.058 0.095 0.037 0.061 0.075 0.075 0.094 0.095 0.064;0.024 0.065 0.069 0.037 0.075 0.052 0.049 0.087 0.058 0.061 0.094 0.095 0.095 0.075 0.064;
0.03 0.052 0.05 0.071 0.1 0.049 0.046 0.071 0.042 0.069 0.091 0.07 0.086 0.09 0.083;0.03 0.052 0.049 0.046 0.071 0.05 0.071 0.1 0.042 0.069 0.091 0.07 0.09 0.086 0.083;0.03 0.049 0.05 0.042 0.07 0.052 0.046 0.071 0.071 0.069 0.09 0.1 0.086 0.091 0.083;
0.024 0.046 0.051 0.066 0.101 0.059 0.039 0.076 0.045 0.053 0.097 0.078 0.08 0.1 0.085;0.024 0.046 0.059 0.039 0.076 0.051 0.066 0.101 0.045 0.053 0.097 0.078 0.1 0.08 0.085;0.024 0.059 0.051 0.045 0.078 0.046 0.039 0.076 0.066 0.053 0.1 0.101 0.08 0.097 0.085;
0.03 0.057 0.054 0.058 0.109 0.051 0.034 0.08 0.043 0.051 0.088 0.083 0.092 0.097 0.073;0.03 0.057 0.051 0.034 0.08 0.054 0.058 0.109 0.043 0.051 0.088 0.083 0.097 0.092 0.073;0.03 0.051 0.054 0.043 0.083 0.057 0.034 0.08 0.058 0.051 0.097 0.109 0.092 0.088 0.073;
0.019 0.044 0.061 0.073 0.085 0.049 0.041 0.096 0.039 0.065 0.074 0.088 0.092 0.1 0.074;0.019 0.044 0.049 0.041 0.096 0.061 0.073 0.085 0.039 0.065 0.074 0.088 0.1 0.092 0.074;0.019 0.049 0.061 0.039 0.088 0.044 0.041 0.096 0.073 0.065 0.1 0.085 0.092 0.074 0.074;
0.029 0.057 0.057 0.056 0.11 0.047 0.053 0.083 0.038 0.059 0.075 0.086 0.075 0.097 0.078;0.029 0.057 0.047 0.053 0.083 0.057 0.056 0.11 0.038 0.059 0.075 0.086 0.097 0.075 0.078;0.029 0.047 0.057 0.038 0.086 0.057 0.053 0.083 0.056 0.059 0.097 0.11 0.075 0.075 0.078;
0.027 0.039 0.07 0.061 0.082 0.057 0.046 0.076 0.045 0.062 0.079 0.091 0.084 0.097 0.084;0.027 0.039 0.057 0.046 0.076 0.07 0.061 0.082 0.045 0.062 0.079 0.091 0.097 0.084 0.084;0.027 0.057 0.07 0.045 0.091 0.039 0.046 0.076 0.061 0.062 0.097 0.082 0.084 0.079 0.084;
0.018 0.057 0.047 0.052 0.103 0.046 0.049 0.074 0.042 0.051 0.088 0.1 0.085 0.105 0.083;0.018 0.057 0.046 0.049 0.074 0.047 0.052 0.103 0.042 0.051 0.088 0.1 0.105 0.085 0.083;0.018 0.046 0.047 0.042 0.1 0.057 0.049 0.074 0.052 0.051 0.105 0.103 0.085 0.088 0.083;
0.03 0.071 0.064 0.066 0.087 0.055 0.045 0.088 0.038 0.051 0.09 0.063 0.084 0.097 0.071;0.03 0.071 0.055 0.045 0.088 0.064 0.066 0.087 0.038 0.051 0.09 0.063 0.097 0.084 0.071;0.03 0.055 0.064 0.038 0.063 0.071 0.045 0.088 0.066 0.051 0.097 0.087 0.084 0.09 0.071;
0.035 0.063 0.057 0.064 0.098 0.045 0.05 0.076 0.041 0.063 0.069 0.069 0.081 0.109 0.08;0.035 0.063 0.045 0.05 0.076 0.057 0.064 0.098 0.041 0.063 0.069 0.069 0.109 0.081 0.08;0.035 0.045 0.057 0.041 0.069 0.063 0.05 0.076 0.064 0.063 0.109 0.098 0.081 0.069 0.08;
0.031 0.046 0.053 0.073 0.078 0.049 0.04 0.09 0.051 0.046 0.083 0.087 0.076 0.113 0.084;0.031 0.046 0.049 0.04 0.09 0.053 0.073 0.078 0.051 0.046 0.083 0.087 0.113 0.076 0.084;0.031 0.049 0.053 0.051 0.087 0.046 0.04 0.09 0.073 0.046 0.113 0.078 0.076 0.083 0.084;
0.034 0.061 0.056 0.077 0.113 0.055 0.036 0.074 0.041 0.051 0.072 0.083 0.072 0.093 0.082;0.034 0.061 0.055 0.036 0.074 0.056 0.077 0.113 0.041 0.051 0.072 0.083 0.093 0.072 0.082;0.034 0.055 0.056 0.041 0.083 0.061 0.036 0.074 0.077 0.051 0.093 0.113 0.072 0.072 0.082;
0.033 0.043 0.064 0.067 0.093 0.052 0.058 0.067 0.037 0.062 0.081 0.085 0.077 0.098 0.083;0.033 0.043 0.052 0.058 0.067 0.064 0.067 0.093 0.037 0.062 0.081 0.085 0.098 0.077 0.083;0.033 0.052 0.064 0.037 0.085 0.043 0.058 0.067 0.067 0.062 0.098 0.093 0.077 0.081 0.083;
0.022 0.046 0.063 0.061 0.081 0.06 0.047 0.085 0.038 0.065 0.072 0.097 0.092 0.09 0.081;0.022 0.046 0.06 0.047 0.085 0.063 0.061 0.081 0.038 0.065 0.072 0.097 0.09 0.092 0.081;0.022 0.06 0.063 0.038 0.097 0.046 0.047 0.085 0.061 0.065 0.09 0.081 0.092 0.072 0.081;
0.026 0.052 0.056 0.069 0.095 0.057 0.055 0.053 0.044 0.06 0.086 0.069 0.089 0.105 0.084;0.026 0.052 0.057 0.055 0.053 0.056 0.069 0.095 0.044 0.06 0.086 0.069 0.105 0.089 0.084;0.026 0.057 0.056 0.044 0.069 0.052 0.055 0.053 0.069 0.06 0.105 0.095 0.089 0.086 0.084;
0.028 0.059 0.049 0.06 0.091 0.042 0.041 0.088 0.038 0.062 0.088 0.073 0.087 0.11 0.084;0.028 0.059 0.042 0.041 0.088 0.049 0.06 0.091 0.038 0.062 0.088 0.073 0.11 0.087 0.084;0.028 0.042 0.049 0.038 0.073 0.059 0.041 0.088 0.06 0.062 0.11 0.091 0.087 0.088 0.084;
0.036 0.055 0.054 0.053 0.095 0.055 0.039 0.093 0.035 0.071 0.083 0.083 0.074 0.087 0.087;0.036 0.055 0.055 0.039 0.093 0.054 0.053 0.095 0.035 0.071 0.083 0.083 0.087 0.074 0.087;0.036 0.055 0.054 0.035 0.083 0.055 0.039 0.093 0.053 0.071 0.087 0.095 0.074 0.083 0.087;
0.026 0.059 0.069 0.076 0.102 0.042 0.047 0.073 0.042 0.068 0.079 0.068 0.082 0.089 0.078;0.026 0.059 0.042 0.047 0.073 0.069 0.076 0.102 0.042 0.068 0.079 0.068 0.089 0.082 0.078;0.026 0.042 0.069 0.042 0.068 0.059 0.047 0.073 0.076 0.068 0.089 0.102 0.082 0.079 0.078;
0.024 0.051 0.063 0.056 0.1 0.047 0.045 0.083 0.041 0.048 0.089 0.095 0.073 0.113 0.072;0.024 0.051 0.047 0.045 0.083 0.063 0.056 0.1 0.041 0.048 0.089 0.095 0.113 0.073 0.072;0.024 0.047 0.063 0.041 0.095 0.051 0.045 0.083 0.056 0.048 0.113 0.1 0.073 0.089 0.072;
0.029 0.042 0.058 0.057 0.095 0.053 0.033 0.086 0.048 0.055 0.077 0.077 0.103 0.102 0.085;0.029 0.042 0.053 0.033 0.086 0.058 0.057 0.095 0.048 0.055 0.077 0.077 0.102 0.103 0.085;0.029 0.053 0.058 0.048 0.077 0.042 0.033 0.086 0.057 0.055 0.102 0.095 0.103 0.077 0.085;
0.033 0.047 0.042 0.053 0.117 0.049 0.042 0.07 0.047 0.066 0.093 0.077 0.095 0.082 0.087;0.033 0.047 0.049 0.042 0.07 0.042 0.053 0.117 0.047 0.066 0.093 0.077 0.082 0.095 0.087;0.033 0.049 0.042 0.047 0.077 0.047 0.042 0.07 0.053 0.066 0.082 0.117 0.095 0.093 0.087;
0.034 0.056 0.051 0.058 0.102 0.042 0.045 0.078 0.032 0.062 0.083 0.093 0.093 0.103 0.068;0.034 0.056 0.042 0.045 0.078 0.051 0.058 0.102 0.032 0.062 0.083 0.093 0.103 0.093 0.068;0.034 0.042 0.051 0.032 0.093 0.056 0.045 0.078 0.058 0.062 0.103 0.102 0.093 0.083 0.068;
0.02 0.046 0.058 0.064 0.103 0.05 0.046 0.082 0.04 0.063 0.072 0.086 0.088 0.102 0.08;0.02 0.046 0.05 0.046 0.082 0.058 0.064 0.103 0.04 0.063 0.072 0.086 0.102 0.088 0.08;0.02 0.05 0.058 0.04 0.086 0.046 0.046 0.082 0.064 0.063 0.102 0.103 0.088 0.072 0.08;
0.03 0.045 0.064 0.064 0.102 0.05 0.041 0.094 0.044 0.046 0.08 0.083 0.087 0.095 0.075;0.03 0.045 0.05 0.041 0.094 0.064 0.064 0.102 0.044 0.046 0.08 0.083 0.095 0.087 0.075;0.03 0.05 0.064 0.044 0.083 0.045 0.041 0.094 0.064 0.046 0.095 0.102 0.087 0.08 0.075;
0.025 0.064 0.065 0.057 0.098 0.053 0.035 0.072 0.04 0.055 0.077 0.078 0.095 0.099 0.087;0.025 0.064 0.053 0.035 0.072 0.065 0.057 0.098 0.04 0.055 0.077 0.078 0.099 0.095 0.087;0.025 0.053 0.065 0.04 0.078 0.064 0.035 0.072 0.057 0.055 0.099 0.098 0.095 0.077 0.087;
0.023 0.045 0.055 0.071 0.09 0.053 0.049 0.08 0.042 0.054 0.085 0.089 0.081 0.095 0.088;0.023 0.045 0.053 0.049 0.08 0.055 0.071 0.09 0.042 0.054 0.085 0.089 0.095 0.081 0.088;0.023 0.053 0.055 0.042 0.089 0.045 0.049 0.08 0.071 0.054 0.095 0.09 0.081 0.085 0.088;
0.026 0.045 0.055 0.049 0.096 0.058 0.046 0.083 0.035 0.07 0.081 0.087 0.087 0.097 0.085;0.026 0.045 0.058 0.046 0.083 0.055 0.049 0.096 0.035 0.07 0.081 0.087 0.097 0.087 0.085;0.026 0.058 0.055 0.035 0.087 0.045 0.046 0.083 0.049 0.07 0.097 0.096 0.087 0.081 0.085;
0.031 0.061 0.071 0.058 0.094 0.07 0.041 0.067 0.04 0.06 0.083 0.08 0.085 0.09 0.069;0.031 0.061 0.07 0.041 0.067 0.071 0.058 0.094 0.04 0.06 0.083 0.08 0.09 0.085 0.069;0.031 0.07 0.071 0.04 0.08 0.061 0.041 0.067 0.058 0.06 0.09 0.094 0.085 0.083 0.069;
0.024 0.047 0.06 0.067 0.101 0.049 0.039 0.1 0.045 0.066 0.099 0.075 0.072 0.089 0.067;0.024 0.047 0.049 0.039 0.1 0.06 0.067 0.101 0.045 0.066 0.099 0.075 0.089 0.072 0.067;0.024 0.049 0.06 0.045 0.075 0.047 0.039 0.1 0.067 0.066 0.089 0.101 0.072 0.099 0.067;
0.032 0.06 0.053 0.076 0.095 0.048 0.041 0.074 0.044 0.054 0.09 0.089 0.085 0.083 0.076;0.032 0.06 0.048 0.041 0.074 0.053 0.076 0.095 0.044 0.054 0.09 0.089 0.083 0.085 0.076;0.032 0.048 0.053 0.044 0.089 0.06 0.041 0.074 0.076 0.054 0.083 0.095 0.085 0.09 0.076;
0.031 0.047 0.064 0.063 0.099 0.051 0.051 0.092 0.036 0.053 0.071 0.081 0.082 0.113 0.066;0.031 0.047 0.051 0.051 0.092 0.064 0.063 0.099 0.036 0.053 0.071 0.081 0.113 0.082 0.066;0.031 0.051 0.064 0.036 0.081 0.047 0.051 0.092 0.063 0.053 0.113 0.099 0.082 0.071 0.066;
0.033 0.054 0.06 0.068 0.089 0.059 0.05 0.064 0.033 0.058 0.073 0.099 0.078 0.094 0.088;0.033 0.054 0.059 0.05 0.064 0.06 0.068 0.089 0.033 0.058 0.073 0.099 0.094 0.078 0.088;0.033 0.059 0.06 0.033 0.099 0.054 0.05 0.064 0.068 0.058 0.094 0.089 0.078 0.073 0.088;
0.024 0.049 0.066 0.062 0.096 0.055 0.043 0.072 0.039 0.06 0.086 0.074 0.09 0.091 0.093;0.024 0.049 0.055 0.043 0.072 0.066 0.062 0.096 0.039 0.06 0.086 0.074 0.091 0.09 0.093;0.024 0.055 0.066 0.039 0.074 0.049 0.043 0.072 0.062 0.06 0.091 0.096 0.09 0.086 0.093;
0.034 0.053 0.061 0.047 0.09 0.055 0.045 0.072 0.045 0.059 0.075 0.082 0.088 0.096 0.098;0.034 0.053 0.055 0.045 0.072 0.061 0.047 0.09 0.045 0.059 0.075 0.082 0.096 0.088 0.098;0.034 0.055 0.061 0.045 0.082 0.053 0.045 0.072 0.047 0.059 0.096 0.09 0.088 0.075 0.098;
0.027 0.049 0.056 0.061 0.119 0.057 0.047 0.072 0.041 0.061 0.086 0.067 0.076 0.113 0.068;0.027 0.049 0.057 0.047 0.072 0.056 0.061 0.119 0.041 0.061 0.086 0.067 0.113 0.076 0.068;0.027 0.057 0.056 0.041 0.067 0.049 0.047 0.072 0.061 0.061 0.113 0.119 0.076 0.086 0.068;
0.023 0.051 0.061 0.06 0.092 0.046 0.029 0.086 0.038 0.055 0.085 0.111 0.074 0.096 0.093;0.023 0.051 0.046 0.029 0.086 0.061 0.06 0.092 0.038 0.055 0.085 0.111 0.096 0.074 0.093;0.023 0.046 0.061 0.038 0.111 0.051 0.029 0.086 0.06 0.055 0.096 0.092 0.074 0.085 0.093;
0.03 0.058 0.051 0.066 0.092 0.053 0.051 0.083 0.036 0.058 0.085 0.085 0.082 0.097 0.073;0.03 0.058 0.053 0.051 0.083 0.051 0.066 0.092 0.036 0.058 0.085 0.085 0.097 0.082 0.073;0.03 0.053 0.051 0.036 0.085 0.058 0.051 0.083 0.066 0.058 0.097 0.092 0.082 0.085 0.073;
0.025 0.04 0.062 0.054 0.087 0.048 0.04 0.088 0.038 0.05 0.067 0.1 0.093 0.103 0.105;0.025 0.04 0.048 0.04 0.088 0.062 0.054 0.087 0.038 0.05 0.067 0.1 0.103 0.093 0.105;0.025 0.048 0.062 0.038 0.1 0.04 0.04 0.088 0.054 0.05 0.103 0.087 0.093 0.067 0.105;
0.028 0.058 0.057 0.051 0.114 0.053 0.037 0.084 0.049 0.039 0.08 0.086 0.1 0.086 0.078;0.028 0.058 0.053 0.037 0.084 0.057 0.051 0.114 0.049 0.039 0.08 0.086 0.086 0.1 0.078;0.028 0.053 0.057 0.049 0.086 0.058 0.037 0.084 0.051 0.039 0.086 0.114 0.1 0.08 0.078;
0.031 0.053 0.051 0.072 0.104 0.064 0.033 0.092 0.033 0.057 0.095 0.073 0.092 0.098 0.052;0.031 0.053 0.064 0.033 0.092 0.051 0.072 0.104 0.033 0.057 0.095 0.073 0.098 0.092 0.052;0.031 0.064 0.051 0.033 0.073 0.053 0.033 0.092 0.072 0.057 0.098 0.104 0.092 0.095 0.052;
0.033 0.061 0.055 0.06 0.09 0.062 0.039 0.086 0.05 0.055 0.075 0.085 0.084 0.11 0.055;0.033 0.061 0.062 0.039 0.086 0.055 0.06 0.09 0.05 0.055 0.075 0.085 0.11 0.084 0.055;0.033 0.062 0.055 0.05 0.085 0.061 0.039 0.086 0.06 0.055 0.11 0.09 0.084 0.075 0.055;
0.018 0.058 0.054 0.063 0.095 0.061 0.053 0.087 0.03 0.07 0.062 0.08 0.078 0.094 0.097;0.018 0.058 0.061 0.053 0.087 0.054 0.063 0.095 0.03 0.07 0.062 0.08 0.094 0.078 0.097;0.018 0.061 0.054 0.03 0.08 0.058 0.053 0.087 0.063 0.07 0.094 0.095 0.078 0.062 0.097;
0.028 0.042 0.052 0.063 0.1 0.059 0.06 0.081 0.034 0.048 0.086 0.079 0.081 0.101 0.086;0.028 0.042 0.059 0.06 0.081 0.052 0.063 0.1 0.034 0.048 0.086 0.079 0.101 0.081 0.086;0.028 0.059 0.052 0.034 0.079 0.042 0.06 0.081 0.063 0.048 0.101 0.1 0.081 0.086 0.086;
0.034 0.053 0.05 0.064 0.096 0.057 0.045 0.075 0.043 0.041 0.094 0.079 0.097 0.103 0.069;0.034 0.053 0.057 0.045 0.075 0.05 0.064 0.096 0.043 0.041 0.094 0.079 0.103 0.097 0.069;0.034 0.057 0.05 0.043 0.079 0.053 0.045 0.075 0.064 0.041 0.103 0.096 0.097 0.094 0.069;
0.036 0.048 0.043 0.067 0.1 0.057 0.035 0.088 0.036 0.063 0.078 0.098 0.091 0.086 0.074;0.036 0.048 0.057 0.035 0.088 0.043 0.067 0.1 0.036 0.063 0.078 0.098 0.086 0.091 0.074;0.036 0.057 0.043 0.036 0.098 0.048 0.035 0.088 0.067 0.063 0.086 0.1 0.091 0.078 0.074;
0.022 0.065 0.056 0.067 0.093 0.053 0.045 0.076 0.045 0.048 0.068 0.087 0.09 0.093 0.092;0.022 0.065 0.053 0.045 0.076 0.056 0.067 0.093 0.045 0.048 0.068 0.087 0.093 0.09 0.092;0.022 0.053 0.056 0.045 0.087 0.065 0.045 0.076 0.067 0.048 0.093 0.093 0.09 0.068 0.092;
0.031 0.056 0.048 0.063 0.115 0.051 0.04 0.061 0.035 0.062 0.086 0.086 0.083 0.108 0.075;0.031 0.056 0.051 0.04 0.061 0.048 0.063 0.115 0.035 0.062 0.086 0.086 0.108 0.083 0.075;0.031 0.051 0.048 0.035 0.086 0.056 0.04 0.061 0.063 0.062 0.108 0.115 0.083 0.086 0.075;
0.028 0.049 0.06 0.063 0.102 0.048 0.035 0.077 0.037 0.058 0.083 0.075 0.081 0.104 0.1;0.028 0.049 0.048 0.035 0.077 0.06 0.063 0.102 0.037 0.058 0.083 0.075 0.104 0.081 0.1;0.028 0.048 0.06 0.037 0.075 0.049 0.035 0.077 0.063 0.058 0.104 0.102 0.081 0.083 0.1;
0.027 0.049 0.074 0.05 0.11 0.049 0.051 0.073 0.047 0.063 0.089 0.076 0.085 0.091 0.066;0.027 0.049 0.049 0.051 0.073 0.074 0.05 0.11 0.047 0.063 0.089 0.076 0.091 0.085 0.066;0.027 0.049 0.074 0.047 0.076 0.049 0.051 0.073 0.05 0.063 0.091 0.11 0.085 0.089 0.066;
0.029 0.066 0.053 0.063 0.099 0.05 0.042 0.068 0.048 0.053 0.063 0.094 0.091 0.095 0.086;0.029 0.066 0.05 0.042 0.068 0.053 0.063 0.099 0.048 0.053 0.063 0.094 0.095 0.091 0.086;0.029 0.05 0.053 0.048 0.094 0.066 0.042 0.068 0.063 0.053 0.095 0.099 0.091 0.063 0.086;
0.022 0.057 0.055 0.071 0.092 0.045 0.049 0.071 0.034 0.06 0.083 0.087 0.084 0.113 0.077;0.022 0.057 0.045 0.049 0.071 0.055 0.071 0.092 0.034 0.06 0.083 0.087 0.113 0.084 0.077;0.022 0.045 0.055 0.034 0.087 0.057 0.049 0.071 0.071 0.06 0.113 0.092 0.084 0.083 0.077;
0.034 0.051 0.054 0.068 0.101 0.052 0.052 0.085 0.055 0.047 0.09 0.072 0.084 0.089 0.066;0.034 0.051 0.052 0.052 0.085 0.054 0.068 0.101 0.055 0.047 0.09 0.072 0.089 0.084 0.066;0.034 0.052 0.054 0.055 0.072 0.051 0.052 0.085 0.068 0.047 0.089 0.101 0.084 0.09 0.066;
0.023 0.051 0.052 0.059 0.094 0.06 0.047 0.083 0.039 0.057 0.098 0.077 0.076 0.098 0.086;0.023 0.051 0.06 0.047 0.083 0.052 0.059 0.094 0.039 0.057 0.098 0.077 0.098 0.076 0.086;0.023 0.06 0.052 0.039 0.077 0.051 0.047 0.083 0.059 0.057 0.098 0.094 0.076 0.098 0.086;
0.024 0.049 0.061 0.049 0.095 0.055 0.055 0.071 0.04 0.053 0.083 0.081 0.098 0.112 0.074;0.024 0.049 0.055 0.055 0.071 0.061 0.049 0.095 0.04 0.053 0.083 0.081 0.112 0.098 0.074;0.024 0.055 0.061 0.04 0.081 0.049 0.055 0.071 0.049 0.053 0.112 0.095 0.098 0.083 0.074;
0.024 0.047 0.058 0.052 0.113 0.044 0.046 0.084 0.042 0.059 0.078 0.074 0.101 0.099 0.079;0.024 0.047 0.044 0.046 0.084 0.058 0.052 0.113 0.042 0.059 0.078 0.074 0.099 0.101 0.079;0.024 0.044 0.058 0.042 0.074 0.047 0.046 0.084 0.052 0.059 0.099 0.113 0.101 0.078 0.079;
0.015 0.042 0.054 0.049 0.107 0.066 0.057 0.062 0.046 0.054 0.096 0.088 0.087 0.106 0.071;0.015 0.042 0.066 0.057 0.062 0.054 0.049 0.107 0.046 0.054 0.096 0.088 0.106 0.087 0.071;0.015 0.066 0.054 0.046 0.088 0.042 0.057 0.062 0.049 0.054 0.106 0.107 0.087 0.096 0.071;
0.035 0.034 0.052 0.057 0.113 0.056 0.037 0.073 0.04 0.047 0.091 0.071 0.11 0.102 0.082;0.035 0.034 0.056 0.037 0.073 0.052 0.057 0.113 0.04 0.047 0.091 0.071 0.102 0.11 0.082;0.035 0.056 0.052 0.04 0.071 0.034 0.037 0.073 0.057 0.047 0.102 0.113 0.11 0.091 0.082;
0.029 0.048 0.053 0.073 0.084 0.05 0.047 0.077 0.045 0.057 0.093 0.1 0.081 0.092 0.071;0.029 0.048 0.05 0.047 0.077 0.053 0.073 0.084 0.045 0.057 0.093 0.1 0.092 0.081 0.071;0.029 0.05 0.053 0.045 0.1 0.048 0.047 0.077 0.073 0.057 0.092 0.084 0.081 0.093 0.071;
0.022 0.047 0.05 0.061 0.088 0.054 0.046 0.071 0.041 0.065 0.095 0.086 0.097 0.096 0.081;0.022 0.047 0.054 0.046 0.071 0.05 0.061 0.088 0.041 0.065 0.095 0.086 0.096 0.097 0.081;0.022 0.054 0.05 0.041 0.086 0.047 0.046 0.071 0.061 0.065 0.096 0.088 0.097 0.095 0.081;
0.032 0.049 0.057 0.079 0.095 0.057 0.039 0.09 0.048 0.045 0.091 0.075 0.08 0.105 0.058;0.032 0.049 0.057 0.039 0.09 0.057 0.079 0.095 0.048 0.045 0.091 0.075 0.105 0.08 0.058;0.032 0.057 0.057 0.048 0.075 0.049 0.039 0.09 0.079 0.045 0.105 0.095 0.08 0.091 0.058;
0.033 0.062 0.062 0.061 0.098 0.049 0.041 0.092 0.051 0.063 0.083 0.084 0.069 0.08 0.072;0.033 0.062 0.049 0.041 0.092 0.062 0.061 0.098 0.051 0.063 0.083 0.084 0.08 0.069 0.072;0.033 0.049 0.062 0.051 0.084 0.062 0.041 0.092 0.061 0.063 0.08 0.098 0.069 0.083 0.072;
0.028 0.056 0.05 0.059 0.112 0.043 0.039 0.078 0.041 0.055 0.083 0.087 0.097 0.094 0.078;0.028 0.056 0.043 0.039 0.078 0.05 0.059 0.112 0.041 0.055 0.083 0.087 0.094 0.097 0.078;0.028 0.043 0.05 0.041 0.087 0.056 0.039 0.078 0.059 0.055 0.094 0.112 0.097 0.083 0.078;
0.027 0.058 0.053 0.062 0.109 0.054 0.033 0.078 0.037 0.05 0.096 0.073 0.093 0.105 0.072;0.027 0.058 0.054 0.033 0.078 0.053 0.062 0.109 0.037 0.05 0.096 0.073 0.105 0.093 0.072;0.027 0.054 0.053 0.037 0.073 0.058 0.033 0.078 0.062 0.05 0.105 0.109 0.093 0.096 0.072;
0.023 0.056 0.054 0.052 0.113 0.044 0.029 0.097 0.052 0.061 0.074 0.075 0.094 0.11 0.066;0.023 0.056 0.044 0.029 0.097 0.054 0.052 0.113 0.052 0.061 0.074 0.075 0.11 0.094 0.066;0.023 0.044 0.054 0.052 0.075 0.056 0.029 0.097 0.052 0.061 0.11 0.113 0.094 0.074 0.066;
0.021 0.056 0.068 0.055 0.096 0.066 0.031 0.088 0.027 0.073 0.083 0.084 0.08 0.103 0.069;0.021 0.056 0.066 0.031 0.088 0.068 0.055 0.096 0.027 0.073 0.083 0.084 0.103 0.08 0.069;0.021 0.066 0.068 0.027 0.084 0.056 0.031 0.088 0.055 0.073 0.103 0.096 0.08 0.083 0.069;
0.023 0.064 0.057 0.059 0.104 0.065 0.037 0.075 0.048 0.054 0.088 0.066 0.074 0.105 0.081;0.023 0.064 0.065 0.037 0.075 0.057 0.059 0.104 0.048 0.054 0.088 0.066 0.105 0.074 0.081;0.023 0.065 0.057 0.048 0.066 0.064 0.037 0.075 0.059 0.054 0.105 0.104 0.074 0.088 0.081;
0.023 0.045 0.051 0.06 0.104 0.036 0.043 0.088 0.039 0.071 0.078 0.076 0.103 0.119 0.064;0.023 0.045 0.036 0.043 0.088 0.051 0.06 0.104 0.039 0.071 0.078 0.076 0.119 0.103 0.064;0.023 0.036 0.051 0.039 0.076 0.045 0.043 0.088 0.06 0.071 0.119 0.104 0.103 0.078 0.064;
0.037 0.059 0.055 0.056 0.077 0.056 0.037 0.079 0.035 0.061 0.09 0.079 0.082 0.114 0.083;0.037 0.059 0.056 0.037 0.079 0.055 0.056 0.077 0.035 0.061 0.09 0.079 0.114 0.082 0.083;0.037 0.056 0.055 0.035 0.079 0.059 0.037 0.079 0.056 0.061 0.114 0.077 0.082 0.09 0.083;
0.038 0.047 0.068 0.055 0.118 0.053 0.051 0.073 0.038 0.054 0.078 0.08 0.102 0.08 0.065;0.038 0.047 0.053 0.051 0.073 0.068 0.055 0.118 0.038 0.054 0.078 0.08 0.08 0.102 0.065;0.038 0.053 0.068 0.038 0.08 0.047 0.051 0.073 0.055 0.054 0.08 0.118 0.102 0.078 0.065;
0.028 0.06 0.05 0.054 0.093 0.057 0.037 0.094 0.039 0.061 0.084 0.091 0.094 0.092 0.066;0.028 0.06 0.057 0.037 0.094 0.05 0.054 0.093 0.039 0.061 0.084 0.091 0.092 0.094 0.066;0.028 0.057 0.05 0.039 0.091 0.06 0.037 0.094 0.054 0.061 0.092 0.093 0.094 0.084 0.066;
0.028 0.05 0.069 0.059 0.098 0.056 0.038 0.089 0.032 0.051 0.078 0.087 0.075 0.109 0.081;0.028 0.05 0.056 0.038 0.089 0.069 0.059 0.098 0.032 0.051 0.078 0.087 0.109 0.075 0.081;0.028 0.056 0.069 0.032 0.087 0.05 0.038 0.089 0.059 0.051 0.109 0.098 0.075 0.078 0.081;
0.027 0.059 0.057 0.058 0.11 0.058 0.037 0.083 0.044 0.054 0.078 0.07 0.088 0.085 0.092;0.027 0.059 0.058 0.037 0.083 0.057 0.058 0.11 0.044 0.054 0.078 0.07 0.085 0.088 0.092;0.027 0.058 0.057 0.044 0.07 0.059 0.037 0.083 0.058 0.054 0.085 0.11 0.088 0.078 0.092;
0.028 0.066 0.056 0.05 0.095 0.055 0.044 0.075 0.038 0.052 0.094 0.082 0.094 0.088 0.083;0.028 0.066 0.055 0.044 0.075 0.056 0.05 0.095 0.038 0.052 0.094 0.082 0.088 0.094 0.083;0.028 0.055 0.056 0.038 0.082 0.066 0.044 0.075 0.05 0.052 0.088 0.095 0.094 0.094 0.083;
0.027 0.046 0.044 0.057 0.112 0.049 0.05 0.071 0.053 0.071 0.082 0.081 0.092 0.083 0.082;0.027 0.046 0.049 0.05 0.071 0.044 0.057 0.112 0.053 0.071 0.082 0.081 0.083 0.092 0.082;0.027 0.049 0.044 0.053 0.081 0.046 0.05 0.071 0.057 0.071 0.083 0.112 0.092 0.082 0.082;
0.034 0.055 0.049 0.063 0.103 0.051 0.053 0.075 0.04 0.054 0.079 0.075 0.094 0.088 0.087;0.034 0.055 0.051 0.053 0.075 0.049 0.063 0.103 0.04 0.054 0.079 0.075 0.088 0.094 0.087;0.034 0.051 0.049 0.04 0.075 0.055 0.053 0.075 0.063 0.054 0.088 0.103 0.094 0.079 0.087;
0.024 0.043 0.062 0.056 0.09 0.058 0.042 0.094 0.043 0.065 0.074 0.098 0.097 0.082 0.072;0.024 0.043 0.058 0.042 0.094 0.062 0.056 0.09 0.043 0.065 0.074 0.098 0.082 0.097 0.072;0.024 0.058 0.062 0.043 0.098 0.043 0.042 0.094 0.056 0.065 0.082 0.09 0.097 0.074 0.072;
0.02 0.063 0.045 0.053 0.112 0.06 0.033 0.09 0.05 0.052 0.075 0.089 0.076 0.105 0.077;0.02 0.063 0.06 0.033 0.09 0.045 0.053 0.112 0.05 0.052 0.075 0.089 0.105 0.076 0.077;0.02 0.06 0.045 0.05 0.089 0.063 0.033 0.09 0.053 0.052 0.105 0.112 0.076 0.075 0.077;
0.03 0.059 0.036 0.067 0.09 0.049 0.036 0.078 0.046 0.056 0.089 0.086 0.089 0.097 0.092;0.03 0.059 0.049 0.036 0.078 0.036 0.067 0.09 0.046 0.056 0.089 0.086 0.097 0.089 0.092;0.03 0.049 0.036 0.046 0.086 0.059 0.036 0.078 0.067 0.056 0.097 0.09 0.089 0.089 0.092;
0.021 0.065 0.05 0.059 0.107 0.048 0.048 0.06 0.052 0.057 0.074 0.088 0.097 0.105 0.069;0.021 0.065 0.048 0.048 0.06 0.05 0.059 0.107 0.052 0.057 0.074 0.088 0.105 0.097 0.069;0.021 0.048 0.05 0.052 0.088 0.065 0.048 0.06 0.059 0.057 0.105 0.107 0.097 0.074 0.069;
0.016 0.054 0.066 0.058 0.101 0.064 0.036 0.08 0.04 0.061 0.088 0.088 0.084 0.094 0.07;0.016 0.054 0.064 0.036 0.08 0.066 0.058 0.101 0.04 0.061 0.088 0.088 0.094 0.084 0.07;0.016 0.064 0.066 0.04 0.088 0.054 0.036 0.08 0.058 0.061 0.094 0.101 0.084 0.088 0.07;
0.027 0.049 0.054 0.051 0.104 0.053 0.045 0.077 0.04 0.056 0.085 0.094 0.114 0.089 0.062;0.027 0.049 0.053 0.045 0.077 0.054 0.051 0.104 0.04 0.056 0.085 0.094 0.089 0.114 0.062;0.027 0.053 0.054 0.04 0.094 0.049 0.045 0.077 0.051 0.056 0.089 0.104 0.114 0.085 0.062;
0.027 0.066 0.066 0.051 0.09 0.05 0.048 0.085 0.042 0.052 0.089 0.081 0.081 0.1 0.072;0.027 0.066 0.05 0.048 0.085 0.066 0.051 0.09 0.042 0.052 0.089 0.081 0.1 0.081 0.072;0.027 0.05 0.066 0.042 0.081 0.066 0.048 0.085 0.051 0.052 0.1 0.09 0.081 0.089 0.072;
0.03 0.061 0.064 0.052 0.098 0.045 0.043 0.087 0.042 0.053 0.094 0.08 0.079 0.099 0.073;0.03 0.061 0.045 0.043 0.087 0.064 0.052 0.098 0.042 0.053 0.094 0.08 0.099 0.079 0.073;0.03 0.045 0.064 0.042 0.08 0.061 0.043 0.087 0.052 0.053 0.099 0.098 0.079 0.094 0.073;
0.021 0.053 0.049 0.074 0.112 0.057 0.046 0.09 0.038 0.045 0.076 0.083 0.079 0.097 0.08;0.021 0.053 0.057 0.046 0.09 0.049 0.074 0.112 0.038 0.045 0.076 0.083 0.097 0.079 0.08;0.021 0.057 0.049 0.038 0.083 0.053 0.046 0.09 0.074 0.045 0.097 0.112 0.079 0.076 0.08;
0.036 0.047 0.05 0.06 0.104 0.065 0.048 0.071 0.048 0.054 0.077 0.076 0.086 0.096 0.082;0.036 0.047 0.065 0.048 0.071 0.05 0.06 0.104 0.048 0.054 0.077 0.076 0.096 0.086 0.082;0.036 0.065 0.05 0.048 0.076 0.047 0.048 0.071 0.06 0.054 0.096 0.104 0.086 0.077 0.082;
0.029 0.05 0.053 0.056 0.099 0.059 0.046 0.092 0.033 0.058 0.082 0.076 0.085 0.095 0.087;0.029 0.05 0.059 0.046 0.092 0.053 0.056 0.099 0.033 0.058 0.082 0.076 0.095 0.085 0.087;0.029 0.059 0.053 0.033 0.076 0.05 0.046 0.092 0.056 0.058 0.095 0.099 0.085 0.082 0.087;
0.025 0.058 0.054 0.053 0.088 0.046 0.051 0.079 0.03 0.056 0.079 0.078 0.084 0.122 0.097;0.025 0.058 0.046 0.051 0.079 0.054 0.053 0.088 0.03 0.056 0.079 0.078 0.122 0.084 0.097;0.025 0.046 0.054 0.03 0.078 0.058 0.051 0.079 0.053 0.056 0.122 0.088 0.084 0.079 0.097;
0.03 0.057 0.058 0.061 0.1 0.047 0.043 0.088 0.054 0.057 0.077 0.069 0.086 0.095 0.078;0.03 0.057 0.047 0.043 0.088 0.058 0.061 0.1 0.054 0.057 0.077 0.069 0.095 0.086 0.078;0.03 0.047 0.058 0.054 0.069 0.057 0.043 0.088 0.061 0.057 0.095 0.1 0.086 0.077 0.078;
0.026 0.072 0.051 0.057 0.088 0.058 0.047 0.084 0.037 0.056 0.092 0.086 0.089 0.095 0.062;0.026 0.072 0.058 0.047 0.084 0.051 0.057 0.088 0.037 0.056 0.092 0.086 0.095 0.089 0.062;0.026 0.058 0.051 0.037 0.086 0.072 0.047 0.084 0.057 0.056 0.095 0.088 0.089 0.092 0.062;
0.03 0.046 0.058 0.064 0.095 0.046 0.05 0.078 0.05 0.071 0.084 0.081 0.085 0.101 0.061;0.03 0.046 0.046 0.05 0.078 0.058 0.064 0.095 0.05 0.071 0.084 0.081 0.101 0.085 0.061;0.03 0.046 0.058 0.05 0.081 0.046 0.05 0.078 0.064 0.071 0.101 0.095 0.085 0.084 0.061;
0.027 0.042 0.053 0.065 0.104 0.045 0.043 0.11 0.047 0.043 0.079 0.079 0.08 0.107 0.076;0.027 0.042 0.045 0.043 0.11 0.053 0.065 0.104 0.047 0.043 0.079 0.079 0.107 0.08 0.076;0.027 0.045 0.053 0.047 0.079 0.042 0.043 0.11 0.065 0.043 0.107 0.104 0.08 0.079 0.076;
0.026 0.054 0.047 0.068 0.103 0.051 0.039 0.086 0.035 0.059 0.077 0.09 0.09 0.094 0.081;0.026 0.054 0.051 0.039 0.086 0.047 0.068 0.103 0.035 0.059 0.077 0.09 0.094 0.09 0.081;0.026 0.051 0.047 0.035 0.09 0.054 0.039 0.086 0.068 0.059 0.094 0.103 0.09 0.077 0.081;
0.027 0.073 0.057 0.049 0.104 0.067 0.05 0.079 0.037 0.066 0.083 0.086 0.075 0.09 0.057;0.027 0.073 0.067 0.05 0.079 0.057 0.049 0.104 0.037 0.066 0.083 0.086 0.09 0.075 0.057;0.027 0.067 0.057 0.037 0.086 0.073 0.05 0.079 0.049 0.066 0.09 0.104 0.075 0.083 0.057;
0.029 0.051 0.047 0.056 0.099 0.051 0.044 0.08 0.042 0.067 0.085 0.076 0.087 0.092 0.094;0.029 0.051 0.051 0.044 0.08 0.047 0.056 0.099 0.042 0.067 0.085 0.076 0.092 0.087 0.094;0.029 0.051 0.047 0.042 0.076 0.051 0.044 0.08 0.056 0.067 0.092 0.099 0.087 0.085 0.094;
0.035 0.056 0.043 0.061 0.104 0.058 0.041 0.075 0.046 0.056 0.084 0.074 0.084 0.105 0.078;0.035 0.056 0.058 0.041 0.075 0.043 0.061 0.104 0.046 0.056 0.084 0.074 0.105 0.084 0.078;0.035 0.058 0.043 0.046 0.074 0.056 0.041 0.075 0.061 0.056 0.105 0.104 0.084 0.084 0.078;
0.019 0.054 0.056 0.059 0.1 0.057 0.039 0.066 0.053 0.055 0.091 0.085 0.08 0.108 0.078;0.019 0.054 0.057 0.039 0.066 0.056 0.059 0.1 0.053 0.055 0.091 0.085 0.108 0.08 0.078;0.019 0.057 0.056 0.053 0.085 0.054 0.039 0.066 0.059 0.055 0.108 0.1 0.08 0.091 0.078;
0.031 0.061 0.041 0.057 0.112 0.059 0.031 0.087 0.039 0.068 0.068 0.089 0.072 0.088 0.097;0.031 0.061 0.059 0.031 0.087 0.041 0.057 0.112 0.039 0.068 0.068 0.089 0.088 0.072 0.097;0.031 0.059 0.041 0.039 0.089 0.061 0.031 0.087 0.057 0.068 0.088 0.112 0.072 0.068 0.097;
0.018 0.054 0.051 0.057 0.098 0.045 0.039 0.075 0.045 0.054 0.084 0.085 0.095 0.108 0.092;0.018 0.054 0.045 0.039 0.075 0.051 0.057 0.098 0.045 0.054 0.084 0.085 0.108 0.095 0.092;0.018 0.045 0.051 0.045 0.085 0.054 0.039 0.075 0.057 0.054 0.108 0.098 0.095 0.084 0.092;
0.028 0.047 0.052 0.062 0.112 0.056 0.053 0.084 0.043 0.052 0.079 0.088 0.075 0.087 0.082;0.028 0.047 0.056 0.053 0.084 0.052 0.062 0.112 0.043 0.052 0.079 0.088 0.087 0.075 0.082;0.028 0.056 0.052 0.043 0.088 0.047 0.053 0.084 0.062 0.052 0.087 0.112 0.075 0.079 0.082;
0.028 0.053 0.052 0.044 0.1 0.063 0.04 0.08 0.038 0.064 0.074 0.087 0.093 0.104 0.08;0.028 0.053 0.063 0.04 0.08 0.052 0.044 0.1 0.038 0.064 0.074 0.087 0.104 0.093 0.08;0.028 0.063 0.052 0.038 0.087 0.053 0.04 0.08 0.044 0.064 0.104 0.1 0.093 0.074 0.08];