pntP=[0.024 0.051 0.049 0.061 0.089 0.058 0.04 0.091 0.038 0.05 0.08 0.09 0.105 0.1 0.074;0.024 0.051 0.058 0.04 0.091 0.049 0.061 0.089 0.038 0.05 0.08 0.09 0.1 0.105 0.074;0.024 0.058 0.049 0.038 0.09 0.051 0.04 0.091 0.061 0.05 0.1 0.089 0.105 0.08 0.074;
0.023 0.038 0.06 0.066 0.096 0.042 0.037 0.092 0.045 0.054 0.103 0.069 0.078 0.104 0.093;0.023 0.038 0.042 0.037 0.092 0.06 0.066 0.096 0.045 0.054 0.103 0.069 0.104 0.078 0.093;0.023 0.042 0.06 0.045 0.069 0.038 0.037 0.092 0.066 0.054 0.104 0.096 0.078 0.103 0.093;
0.032 0.042 0.061 0.05 0.096 0.058 0.047 0.079 0.047 0.047 0.079 0.101 0.084 0.089 0.088;0.032 0.042 0.058 0.047 0.079 0.061 0.05 0.096 0.047 0.047 0.079 0.101 0.089 0.084 0.088;0.032 0.058 0.061 0.047 0.101 0.042 0.047 0.079 0.05 0.047 0.089 0.096 0.084 0.079 0.088;
0.028 0.057 0.064 0.054 0.104 0.057 0.041 0.082 0.045 0.048 0.073 0.087 0.096 0.088 0.076;0.028 0.057 0.057 0.041 0.082 0.064 0.054 0.104 0.045 0.048 0.073 0.087 0.088 0.096 0.076;0.028 0.057 0.064 0.045 0.087 0.057 0.041 0.082 0.054 0.048 0.088 0.104 0.096 0.073 0.076;
0.028 0.048 0.052 0.059 0.076 0.056 0.042 0.084 0.047 0.053 0.069 0.097 0.087 0.105 0.097;0.028 0.048 0.056 0.042 0.084 0.052 0.059 0.076 0.047 0.053 0.069 0.097 0.105 0.087 0.097;0.028 0.056 0.052 0.047 0.097 0.048 0.042 0.084 0.059 0.053 0.105 0.076 0.087 0.069 0.097;
0.033 0.05 0.057 0.053 0.099 0.046 0.05 0.083 0.043 0.058 0.069 0.094 0.101 0.087 0.077;0.033 0.05 0.046 0.05 0.083 0.057 0.053 0.099 0.043 0.058 0.069 0.094 0.087 0.101 0.077;0.033 0.046 0.057 0.043 0.094 0.05 0.05 0.083 0.053 0.058 0.087 0.099 0.101 0.069 0.077;
0.03 0.047 0.051 0.05 0.08 0.055 0.048 0.085 0.053 0.056 0.078 0.09 0.096 0.107 0.074;0.03 0.047 0.055 0.048 0.085 0.051 0.05 0.08 0.053 0.056 0.078 0.09 0.107 0.096 0.074;0.03 0.055 0.051 0.053 0.09 0.047 0.048 0.085 0.05 0.056 0.107 0.08 0.096 0.078 0.074;
0.028 0.053 0.047 0.055 0.099 0.041 0.04 0.081 0.042 0.064 0.075 0.088 0.105 0.094 0.088;0.028 0.053 0.041 0.04 0.081 0.047 0.055 0.099 0.042 0.064 0.075 0.088 0.094 0.105 0.088;0.028 0.041 0.047 0.042 0.088 0.053 0.04 0.081 0.055 0.064 0.094 0.099 0.105 0.075 0.088;
0.019 0.051 0.056 0.054 0.099 0.05 0.041 0.091 0.046 0.049 0.089 0.086 0.091 0.092 0.086;0.019 0.051 0.05 0.041 0.091 0.056 0.054 0.099 0.046 0.049 0.089 0.086 0.092 0.091 0.086;0.019 0.05 0.056 0.046 0.086 0.051 0.041 0.091 0.054 0.049 0.092 0.099 0.091 0.089 0.086;
0.019 0.041 0.051 0.067 0.081 0.057 0.047 0.095 0.047 0.055 0.092 0.091 0.101 0.09 0.066;0.019 0.041 0.057 0.047 0.095 0.051 0.067 0.081 0.047 0.055 0.092 0.091 0.09 0.101 0.066;0.019 0.057 0.051 0.047 0.091 0.041 0.047 0.095 0.067 0.055 0.09 0.081 0.101 0.092 0.066;
0.027 0.044 0.057 0.057 0.092 0.045 0.053 0.095 0.051 0.054 0.083 0.081 0.086 0.11 0.065;0.027 0.044 0.045 0.053 0.095 0.057 0.057 0.092 0.051 0.054 0.083 0.081 0.11 0.086 0.065;0.027 0.045 0.057 0.051 0.081 0.044 0.053 0.095 0.057 0.054 0.11 0.092 0.086 0.083 0.065;
0.022 0.048 0.049 0.042 0.103 0.055 0.044 0.078 0.048 0.062 0.093 0.095 0.092 0.094 0.075;0.022 0.048 0.055 0.044 0.078 0.049 0.042 0.103 0.048 0.062 0.093 0.095 0.094 0.092 0.075;0.022 0.055 0.049 0.048 0.095 0.048 0.044 0.078 0.042 0.062 0.094 0.103 0.092 0.093 0.075;
0.044 0.06 0.046 0.05 0.084 0.047 0.055 0.081 0.04 0.057 0.096 0.065 0.104 0.093 0.078;0.044 0.06 0.047 0.055 0.081 0.046 0.05 0.084 0.04 0.057 0.096 0.065 0.093 0.104 0.078;0.044 0.047 0.046 0.04 0.065 0.06 0.055 0.081 0.05 0.057 0.093 0.084 0.104 0.096 0.078;
0.033 0.044 0.048 0.072 0.088 0.055 0.041 0.084 0.039 0.046 0.098 0.081 0.09 0.104 0.077;0.033 0.044 0.055 0.041 0.084 0.048 0.072 0.088 0.039 0.046 0.098 0.081 0.104 0.09 0.077;0.033 0.055 0.048 0.039 0.081 0.044 0.041 0.084 0.072 0.046 0.104 0.088 0.09 0.098 0.077;
0.03 0.043 0.05 0.053 0.085 0.06 0.05 0.095 0.037 0.067 0.078 0.079 0.09 0.107 0.076;0.03 0.043 0.06 0.05 0.095 0.05 0.053 0.085 0.037 0.067 0.078 0.079 0.107 0.09 0.076;0.03 0.06 0.05 0.037 0.079 0.043 0.05 0.095 0.053 0.067 0.107 0.085 0.09 0.078 0.076;
0.035 0.055 0.068 0.066 0.087 0.047 0.054 0.071 0.048 0.039 0.078 0.083 0.078 0.098 0.093;0.035 0.055 0.047 0.054 0.071 0.068 0.066 0.087 0.048 0.039 0.078 0.083 0.098 0.078 0.093;0.035 0.047 0.068 0.048 0.083 0.055 0.054 0.071 0.066 0.039 0.098 0.087 0.078 0.078 0.093;
0.028 0.046 0.052 0.06 0.104 0.057 0.051 0.073 0.045 0.054 0.089 0.1 0.082 0.089 0.07;0.028 0.046 0.057 0.051 0.073 0.052 0.06 0.104 0.045 0.054 0.089 0.1 0.089 0.082 0.07;0.028 0.057 0.052 0.045 0.1 0.046 0.051 0.073 0.06 0.054 0.089 0.104 0.082 0.089 0.07;
0.033 0.046 0.053 0.061 0.101 0.043 0.049 0.094 0.054 0.043 0.081 0.077 0.106 0.087 0.072;0.033 0.046 0.043 0.049 0.094 0.053 0.061 0.101 0.054 0.043 0.081 0.077 0.087 0.106 0.072;0.033 0.043 0.053 0.054 0.077 0.046 0.049 0.094 0.061 0.043 0.087 0.101 0.106 0.081 0.072;
0.022 0.052 0.052 0.062 0.085 0.052 0.043 0.09 0.039 0.056 0.078 0.088 0.083 0.098 0.1;0.022 0.052 0.052 0.043 0.09 0.052 0.062 0.085 0.039 0.056 0.078 0.088 0.098 0.083 0.1;0.022 0.052 0.052 0.039 0.088 0.052 0.043 0.09 0.062 0.056 0.098 0.085 0.083 0.078 0.1;
0.022 0.059 0.052 0.062 0.095 0.053 0.042 0.093 0.049 0.052 0.078 0.075 0.08 0.099 0.089;0.022 0.059 0.053 0.042 0.093 0.052 0.062 0.095 0.049 0.052 0.078 0.075 0.099 0.08 0.089;0.022 0.053 0.052 0.049 0.075 0.059 0.042 0.093 0.062 0.052 0.099 0.095 0.08 0.078 0.089;
0.021 0.056 0.064 0.053 0.102 0.042 0.046 0.066 0.054 0.051 0.08 0.09 0.103 0.098 0.074;0.021 0.056 0.042 0.046 0.066 0.064 0.053 0.102 0.054 0.051 0.08 0.09 0.098 0.103 0.074;0.021 0.042 0.064 0.054 0.09 0.056 0.046 0.066 0.053 0.051 0.098 0.102 0.103 0.08 0.074;
0.016 0.06 0.067 0.045 0.079 0.039 0.044 0.093 0.044 0.045 0.088 0.084 0.098 0.118 0.08;0.016 0.06 0.039 0.044 0.093 0.067 0.045 0.079 0.044 0.045 0.088 0.084 0.118 0.098 0.08;0.016 0.039 0.067 0.044 0.084 0.06 0.044 0.093 0.045 0.045 0.118 0.079 0.098 0.088 0.08;
0.017 0.066 0.057 0.067 0.1 0.054 0.049 0.093 0.041 0.048 0.066 0.08 0.089 0.087 0.086;0.017 0.066 0.054 0.049 0.093 0.057 0.067 0.1 0.041 0.048 0.066 0.08 0.087 0.089 0.086;0.017 0.054 0.057 0.041 0.08 0.066 0.049 0.093 0.067 0.048 0.087 0.1 0.089 0.066 0.086;
0.031 0.064 0.047 0.051 0.108 0.054 0.049 0.091 0.035 0.062 0.085 0.079 0.087 0.083 0.074;0.031 0.064 0.054 0.049 0.091 0.047 0.051 0.108 0.035 0.062 0.085 0.079 0.083 0.087 0.074;0.031 0.054 0.047 0.035 0.079 0.064 0.049 0.091 0.051 0.062 0.083 0.108 0.087 0.085 0.074;
0.026 0.046 0.067 0.052 0.097 0.047 0.049 0.072 0.041 0.056 0.073 0.073 0.093 0.115 0.093;0.026 0.046 0.047 0.049 0.072 0.067 0.052 0.097 0.041 0.056 0.073 0.073 0.115 0.093 0.093;0.026 0.047 0.067 0.041 0.073 0.046 0.049 0.072 0.052 0.056 0.115 0.097 0.093 0.073 0.093;
0.031 0.048 0.062 0.055 0.1 0.044 0.055 0.088 0.052 0.047 0.101 0.066 0.097 0.079 0.075;0.031 0.048 0.044 0.055 0.088 0.062 0.055 0.1 0.052 0.047 0.101 0.066 0.079 0.097 0.075;0.031 0.044 0.062 0.052 0.066 0.048 0.055 0.088 0.055 0.047 0.079 0.1 0.097 0.101 0.075;
0.029 0.047 0.059 0.067 0.096 0.056 0.048 0.087 0.047 0.06 0.082 0.077 0.082 0.084 0.079;0.029 0.047 0.056 0.048 0.087 0.059 0.067 0.096 0.047 0.06 0.082 0.077 0.084 0.082 0.079;0.029 0.056 0.059 0.047 0.077 0.047 0.048 0.087 0.067 0.06 0.084 0.096 0.082 0.082 0.079;
0.033 0.038 0.065 0.062 0.09 0.056 0.052 0.094 0.038 0.038 0.092 0.076 0.077 0.1 0.089;0.033 0.038 0.056 0.052 0.094 0.065 0.062 0.09 0.038 0.038 0.092 0.076 0.1 0.077 0.089;0.033 0.056 0.065 0.038 0.076 0.038 0.052 0.094 0.062 0.038 0.1 0.09 0.077 0.092 0.089;
0.028 0.059 0.068 0.062 0.086 0.039 0.042 0.086 0.045 0.068 0.078 0.085 0.081 0.096 0.077;0.028 0.059 0.039 0.042 0.086 0.068 0.062 0.086 0.045 0.068 0.078 0.085 0.096 0.081 0.077;0.028 0.039 0.068 0.045 0.085 0.059 0.042 0.086 0.062 0.068 0.096 0.086 0.081 0.078 0.077;
0.022 0.054 0.04 0.051 0.075 0.064 0.043 0.098 0.032 0.053 0.112 0.096 0.094 0.097 0.069;0.022 0.054 0.064 0.043 0.098 0.04 0.051 0.075 0.032 0.053 0.112 0.096 0.097 0.094 0.069;0.022 0.064 0.04 0.032 0.096 0.054 0.043 0.098 0.051 0.053 0.097 0.075 0.094 0.112 0.069;
0.023 0.059 0.05 0.058 0.088 0.044 0.05 0.102 0.037 0.052 0.088 0.076 0.099 0.094 0.08;0.023 0.059 0.044 0.05 0.102 0.05 0.058 0.088 0.037 0.052 0.088 0.076 0.094 0.099 0.08;0.023 0.044 0.05 0.037 0.076 0.059 0.05 0.102 0.058 0.052 0.094 0.088 0.099 0.088 0.08;
0.026 0.041 0.048 0.061 0.091 0.054 0.045 0.102 0.05 0.048 0.077 0.082 0.096 0.094 0.085;0.026 0.041 0.054 0.045 0.102 0.048 0.061 0.091 0.05 0.048 0.077 0.082 0.094 0.096 0.085;0.026 0.054 0.048 0.05 0.082 0.041 0.045 0.102 0.061 0.048 0.094 0.091 0.096 0.077 0.085;
0.018 0.039 0.049 0.066 0.084 0.045 0.053 0.086 0.05 0.054 0.091 0.082 0.085 0.104 0.094;0.018 0.039 0.045 0.053 0.086 0.049 0.066 0.084 0.05 0.054 0.091 0.082 0.104 0.085 0.094;0.018 0.045 0.049 0.05 0.082 0.039 0.053 0.086 0.066 0.054 0.104 0.084 0.085 0.091 0.094;
0.031 0.047 0.063 0.056 0.111 0.054 0.045 0.088 0.04 0.056 0.077 0.083 0.075 0.091 0.083;0.031 0.047 0.054 0.045 0.088 0.063 0.056 0.111 0.04 0.056 0.077 0.083 0.091 0.075 0.083;0.031 0.054 0.063 0.04 0.083 0.047 0.045 0.088 0.056 0.056 0.091 0.111 0.075 0.077 0.083;
0.032 0.058 0.056 0.051 0.108 0.049 0.043 0.091 0.05 0.055 0.104 0.076 0.075 0.074 0.078;0.032 0.058 0.049 0.043 0.091 0.056 0.051 0.108 0.05 0.055 0.104 0.076 0.074 0.075 0.078;0.032 0.049 0.056 0.05 0.076 0.058 0.043 0.091 0.051 0.055 0.074 0.108 0.075 0.104 0.078;
0.022 0.051 0.062 0.054 0.088 0.058 0.044 0.085 0.025 0.069 0.072 0.092 0.092 0.096 0.09;0.022 0.051 0.058 0.044 0.085 0.062 0.054 0.088 0.025 0.069 0.072 0.092 0.096 0.092 0.09;0.022 0.058 0.062 0.025 0.092 0.051 0.044 0.085 0.054 0.069 0.096 0.088 0.092 0.072 0.09;
0.03 0.067 0.053 0.061 0.11 0.042 0.036 0.076 0.042 0.054 0.093 0.079 0.078 0.089 0.09;0.03 0.067 0.042 0.036 0.076 0.053 0.061 0.11 0.042 0.054 0.093 0.079 0.089 0.078 0.09;0.03 0.042 0.053 0.042 0.079 0.067 0.036 0.076 0.061 0.054 0.089 0.11 0.078 0.093 0.09;
0.034 0.06 0.053 0.059 0.088 0.059 0.038 0.088 0.052 0.06 0.067 0.076 0.091 0.085 0.09;0.034 0.06 0.059 0.038 0.088 0.053 0.059 0.088 0.052 0.06 0.067 0.076 0.085 0.091 0.09;0.034 0.059 0.053 0.052 0.076 0.06 0.038 0.088 0.059 0.06 0.085 0.088 0.091 0.067 0.09;
0.028 0.06 0.059 0.06 0.09 0.055 0.04 0.069 0.039 0.063 0.086 0.077 0.086 0.097 0.091;0.028 0.06 0.055 0.04 0.069 0.059 0.06 0.09 0.039 0.063 0.086 0.077 0.097 0.086 0.091;0.028 0.055 0.059 0.039 0.077 0.06 0.04 0.069 0.06 0.063 0.097 0.09 0.086 0.086 0.091;
0.024 0.042 0.053 0.055 0.09 0.042 0.048 0.092 0.052 0.047 0.099 0.074 0.087 0.106 0.089;0.024 0.042 0.042 0.048 0.092 0.053 0.055 0.09 0.052 0.047 0.099 0.074 0.106 0.087 0.089;0.024 0.042 0.053 0.052 0.074 0.042 0.048 0.092 0.055 0.047 0.106 0.09 0.087 0.099 0.089;
0.029 0.039 0.054 0.06 0.098 0.045 0.055 0.08 0.034 0.059 0.084 0.098 0.094 0.096 0.075;0.029 0.039 0.045 0.055 0.08 0.054 0.06 0.098 0.034 0.059 0.084 0.098 0.096 0.094 0.075;0.029 0.045 0.054 0.034 0.098 0.039 0.055 0.08 0.06 0.059 0.096 0.098 0.094 0.084 0.075;
0.028 0.055 0.059 0.053 0.078 0.04 0.034 0.089 0.049 0.058 0.106 0.086 0.089 0.093 0.083;0.028 0.055 0.04 0.034 0.089 0.059 0.053 0.078 0.049 0.058 0.106 0.086 0.093 0.089 0.083;0.028 0.04 0.059 0.049 0.086 0.055 0.034 0.089 0.053 0.058 0.093 0.078 0.089 0.106 0.083;
0.024 0.044 0.056 0.057 0.112 0.052 0.041 0.077 0.039 0.053 0.089 0.086 0.089 0.105 0.076;0.024 0.044 0.052 0.041 0.077 0.056 0.057 0.112 0.039 0.053 0.089 0.086 0.105 0.089 0.076;0.024 0.052 0.056 0.039 0.086 0.044 0.041 0.077 0.057 0.053 0.105 0.112 0.089 0.089 0.076;
0.019 0.046 0.06 0.06 0.088 0.048 0.038 0.068 0.06 0.055 0.09 0.08 0.104 0.105 0.079;0.019 0.046 0.048 0.038 0.068 0.06 0.06 0.088 0.06 0.055 0.09 0.08 0.105 0.104 0.079;0.019 0.048 0.06 0.06 0.08 0.046 0.038 0.068 0.06 0.055 0.105 0.088 0.104 0.09 0.079;
0.021 0.056 0.054 0.064 0.105 0.064 0.04 0.08 0.031 0.055 0.074 0.088 0.088 0.094 0.086;0.021 0.056 0.064 0.04 0.08 0.054 0.064 0.105 0.031 0.055 0.074 0.088 0.094 0.088 0.086;0.021 0.064 0.054 0.031 0.088 0.056 0.04 0.08 0.064 0.055 0.094 0.105 0.088 0.074 0.086;
0.028 0.045 0.045 0.054 0.096 0.048 0.048 0.09 0.04 0.065 0.079 0.092 0.092 0.099 0.079;0.028 0.045 0.048 0.048 0.09 0.045 0.054 0.096 0.04 0.065 0.079 0.092 0.099 0.092 0.079;0.028 0.048 0.045 0.04 0.092 0.045 0.048 0.09 0.054 0.065 0.099 0.096 0.092 0.079 0.079;
0.03 0.044 0.059 0.046 0.102 0.045 0.056 0.078 0.045 0.069 0.082 0.079 0.092 0.098 0.075;0.03 0.044 0.045 0.056 0.078 0.059 0.046 0.102 0.045 0.069 0.082 0.079 0.098 0.092 0.075;0.03 0.045 0.059 0.045 0.079 0.044 0.056 0.078 0.046 0.069 0.098 0.102 0.092 0.082 0.075;
0.025 0.049 0.055 0.05 0.111 0.062 0.036 0.091 0.04 0.053 0.081 0.096 0.078 0.094 0.079;0.025 0.049 0.062 0.036 0.091 0.055 0.05 0.111 0.04 0.053 0.081 0.096 0.094 0.078 0.079;0.025 0.062 0.055 0.04 0.096 0.049 0.036 0.091 0.05 0.053 0.094 0.111 0.078 0.081 0.079;
0.034 0.044 0.054 0.052 0.113 0.052 0.044 0.085 0.045 0.057 0.101 0.088 0.078 0.084 0.069;0.034 0.044 0.052 0.044 0.085 0.054 0.052 0.113 0.045 0.057 0.101 0.088 0.084 0.078 0.069;0.034 0.052 0.054 0.045 0.088 0.044 0.044 0.085 0.052 0.057 0.084 0.113 0.078 0.101 0.069;
0.02 0.06 0.057 0.047 0.088 0.053 0.053 0.086 0.037 0.045 0.088 0.073 0.088 0.107 0.098;0.02 0.06 0.053 0.053 0.086 0.057 0.047 0.088 0.037 0.045 0.088 0.073 0.107 0.088 0.098;0.02 0.053 0.057 0.037 0.073 0.06 0.053 0.086 0.047 0.045 0.107 0.088 0.088 0.088 0.098;
0.02 0.041 0.047 0.059 0.097 0.066 0.039 0.096 0.042 0.058 0.075 0.079 0.085 0.105 0.091;0.02 0.041 0.066 0.039 0.096 0.047 0.059 0.097 0.042 0.058 0.075 0.079 0.105 0.085 0.091;0.02 0.066 0.047 0.042 0.079 0.041 0.039 0.096 0.059 0.058 0.105 0.097 0.085 0.075 0.091;
0.025 0.053 0.058 0.061 0.111 0.055 0.042 0.072 0.042 0.06 0.08 0.08 0.088 0.093 0.08;0.025 0.053 0.055 0.042 0.072 0.058 0.061 0.111 0.042 0.06 0.08 0.08 0.093 0.088 0.08;0.025 0.055 0.058 0.042 0.08 0.053 0.042 0.072 0.061 0.06 0.093 0.111 0.088 0.08 0.08;
0.025 0.052 0.065 0.061 0.102 0.047 0.044 0.073 0.041 0.048 0.092 0.082 0.092 0.096 0.08;0.025 0.052 0.047 0.044 0.073 0.065 0.061 0.102 0.041 0.048 0.092 0.082 0.096 0.092 0.08;0.025 0.047 0.065 0.041 0.082 0.052 0.044 0.073 0.061 0.048 0.096 0.102 0.092 0.092 0.08;
0.025 0.062 0.056 0.066 0.095 0.035 0.041 0.084 0.043 0.056 0.078 0.092 0.085 0.097 0.085;0.025 0.062 0.035 0.041 0.084 0.056 0.066 0.095 0.043 0.056 0.078 0.092 0.097 0.085 0.085;0.025 0.035 0.056 0.043 0.092 0.062 0.041 0.084 0.066 0.056 0.097 0.095 0.085 0.078 0.085;
0.024 0.043 0.058 0.072 0.084 0.044 0.045 0.102 0.046 0.043 0.081 0.085 0.111 0.083 0.079;0.024 0.043 0.044 0.045 0.102 0.058 0.072 0.084 0.046 0.043 0.081 0.085 0.083 0.111 0.079;0.024 0.044 0.058 0.046 0.085 0.043 0.045 0.102 0.072 0.043 0.083 0.084 0.111 0.081 0.079;
0.024 0.041 0.051 0.058 0.093 0.053 0.048 0.084 0.034 0.058 0.082 0.068 0.099 0.11 0.097;0.024 0.041 0.053 0.048 0.084 0.051 0.058 0.093 0.034 0.058 0.082 0.068 0.11 0.099 0.097;0.024 0.053 0.051 0.034 0.068 0.041 0.048 0.084 0.058 0.058 0.11 0.093 0.099 0.082 0.097;
0.018 0.051 0.057 0.057 0.094 0.054 0.043 0.083 0.054 0.061 0.085 0.086 0.093 0.083 0.081;0.018 0.051 0.054 0.043 0.083 0.057 0.057 0.094 0.054 0.061 0.085 0.086 0.083 0.093 0.081;0.018 0.054 0.057 0.054 0.086 0.051 0.043 0.083 0.057 0.061 0.083 0.094 0.093 0.085 0.081;
0.028 0.052 0.063 0.056 0.079 0.053 0.042 0.101 0.041 0.056 0.084 0.079 0.089 0.101 0.076;0.028 0.052 0.053 0.042 0.101 0.063 0.056 0.079 0.041 0.056 0.084 0.079 0.101 0.089 0.076;0.028 0.053 0.063 0.041 0.079 0.052 0.042 0.101 0.056 0.056 0.101 0.079 0.089 0.084 0.076;
0.028 0.049 0.058 0.047 0.119 0.036 0.045 0.078 0.048 0.052 0.095 0.081 0.089 0.099 0.076;0.028 0.049 0.036 0.045 0.078 0.058 0.047 0.119 0.048 0.052 0.095 0.081 0.099 0.089 0.076;0.028 0.036 0.058 0.048 0.081 0.049 0.045 0.078 0.047 0.052 0.099 0.119 0.089 0.095 0.076;
0.035 0.041 0.07 0.059 0.092 0.05 0.041 0.077 0.041 0.068 0.085 0.089 0.089 0.105 0.058;0.035 0.041 0.05 0.041 0.077 0.07 0.059 0.092 0.041 0.068 0.085 0.089 0.105 0.089 0.058;0.035 0.05 0.07 0.041 0.089 0.041 0.041 0.077 0.059 0.068 0.105 0.092 0.089 0.085 0.058;
0.016 0.053 0.065 0.042 0.092 0.036 0.051 0.085 0.038 0.053 0.076 0.085 0.109 0.119 0.08;0.016 0.053 0.036 0.051 0.085 0.065 0.042 0.092 0.038 0.053 0.076 0.085 0.119 0.109 0.08;0.016 0.036 0.065 0.038 0.085 0.053 0.051 0.085 0.042 0.053 0.119 0.092 0.109 0.076 0.08;
0.03 0.042 0.051 0.052 0.088 0.046 0.048 0.096 0.059 0.065 0.071 0.075 0.081 0.107 0.089;0.03 0.042 0.046 0.048 0.096 0.051 0.052 0.088 0.059 0.065 0.071 0.075 0.107 0.081 0.089;0.03 0.046 0.051 0.059 0.075 0.042 0.048 0.096 0.052 0.065 0.107 0.088 0.081 0.071 0.089;
0.021 0.046 0.051 0.05 0.097 0.051 0.037 0.092 0.048 0.057 0.096 0.078 0.087 0.104 0.085;0.021 0.046 0.051 0.037 0.092 0.051 0.05 0.097 0.048 0.057 0.096 0.078 0.104 0.087 0.085;0.021 0.051 0.051 0.048 0.078 0.046 0.037 0.092 0.05 0.057 0.104 0.097 0.087 0.096 0.085;
0.03 0.052 0.061 0.056 0.097 0.058 0.051 0.079 0.059 0.051 0.085 0.067 0.096 0.086 0.072;0.03 0.052 0.058 0.051 0.079 0.061 0.056 0.097 0.059 0.051 0.085 0.067 0.086 0.096 0.072;0.03 0.058 0.061 0.059 0.067 0.052 0.051 0.079 0.056 0.051 0.086 0.097 0.096 0.085 0.072;
0.019 0.045 0.049 0.059 0.106 0.049 0.034 0.087 0.043 0.049 0.077 0.091 0.111 0.102 0.079;0.019 0.045 0.049 0.034 0.087 0.049 0.059 0.106 0.043 0.049 0.077 0.091 0.102 0.111 0.079;0.019 0.049 0.049 0.043 0.091 0.045 0.034 0.087 0.059 0.049 0.102 0.106 0.111 0.077 0.079;
0.026 0.051 0.047 0.056 0.102 0.064 0.048 0.076 0.052 0.06 0.079 0.089 0.082 0.084 0.084;0.026 0.051 0.064 0.048 0.076 0.047 0.056 0.102 0.052 0.06 0.079 0.089 0.084 0.082 0.084;0.026 0.064 0.047 0.052 0.089 0.051 0.048 0.076 0.056 0.06 0.084 0.102 0.082 0.079 0.084;
0.028 0.052 0.069 0.045 0.103 0.055 0.054 0.088 0.047 0.043 0.083 0.09 0.087 0.081 0.075;0.028 0.052 0.055 0.054 0.088 0.069 0.045 0.103 0.047 0.043 0.083 0.09 0.081 0.087 0.075;0.028 0.055 0.069 0.047 0.09 0.052 0.054 0.088 0.045 0.043 0.081 0.103 0.087 0.083 0.075;
0.028 0.052 0.053 0.047 0.104 0.049 0.041 0.103 0.044 0.046 0.085 0.088 0.093 0.093 0.074;0.028 0.052 0.049 0.041 0.103 0.053 0.047 0.104 0.044 0.046 0.085 0.088 0.093 0.093 0.074;0.028 0.049 0.053 0.044 0.088 0.052 0.041 0.103 0.047 0.046 0.093 0.104 0.093 0.085 0.074;
0.022 0.052 0.051 0.052 0.109 0.057 0.046 0.084 0.043 0.052 0.094 0.069 0.082 0.103 0.084;0.022 0.052 0.057 0.046 0.084 0.051 0.052 0.109 0.043 0.052 0.094 0.069 0.103 0.082 0.084;0.022 0.057 0.051 0.043 0.069 0.052 0.046 0.084 0.052 0.052 0.103 0.109 0.082 0.094 0.084;
0.014 0.053 0.06 0.047 0.095 0.058 0.047 0.091 0.039 0.053 0.084 0.086 0.095 0.088 0.09;0.014 0.053 0.058 0.047 0.091 0.06 0.047 0.095 0.039 0.053 0.084 0.086 0.088 0.095 0.09;0.014 0.058 0.06 0.039 0.086 0.053 0.047 0.091 0.047 0.053 0.088 0.095 0.095 0.084 0.09;
0.03 0.048 0.053 0.062 0.114 0.053 0.041 0.069 0.046 0.065 0.077 0.081 0.073 0.102 0.086;0.03 0.048 0.053 0.041 0.069 0.053 0.062 0.114 0.046 0.065 0.077 0.081 0.102 0.073 0.086;0.03 0.053 0.053 0.046 0.081 0.048 0.041 0.069 0.062 0.065 0.102 0.114 0.073 0.077 0.086;
0.029 0.058 0.057 0.062 0.096 0.05 0.04 0.099 0.045 0.061 0.078 0.085 0.089 0.087 0.064;0.029 0.058 0.05 0.04 0.099 0.057 0.062 0.096 0.045 0.061 0.078 0.085 0.087 0.089 0.064;0.029 0.05 0.057 0.045 0.085 0.058 0.04 0.099 0.062 0.061 0.087 0.096 0.089 0.078 0.064;
0.03 0.061 0.056 0.065 0.098 0.042 0.042 0.081 0.039 0.059 0.075 0.088 0.08 0.099 0.085;0.03 0.061 0.042 0.042 0.081 0.056 0.065 0.098 0.039 0.059 0.075 0.088 0.099 0.08 0.085;0.03 0.042 0.056 0.039 0.088 0.061 0.042 0.081 0.065 0.059 0.099 0.098 0.08 0.075 0.085;
0.017 0.046 0.064 0.056 0.117 0.046 0.036 0.072 0.034 0.055 0.094 0.078 0.09 0.115 0.08;0.017 0.046 0.046 0.036 0.072 0.064 0.056 0.117 0.034 0.055 0.094 0.078 0.115 0.09 0.08;0.017 0.046 0.064 0.034 0.078 0.046 0.036 0.072 0.056 0.055 0.115 0.117 0.09 0.094 0.08;
0.034 0.039 0.059 0.064 0.112 0.044 0.05 0.086 0.04 0.046 0.085 0.078 0.093 0.097 0.073;0.034 0.039 0.044 0.05 0.086 0.059 0.064 0.112 0.04 0.046 0.085 0.078 0.097 0.093 0.073;0.034 0.044 0.059 0.04 0.078 0.039 0.05 0.086 0.064 0.046 0.097 0.112 0.093 0.085 0.073;
0.023 0.05 0.057 0.058 0.102 0.056 0.041 0.069 0.054 0.052 0.098 0.083 0.087 0.088 0.082;0.023 0.05 0.056 0.041 0.069 0.057 0.058 0.102 0.054 0.052 0.098 0.083 0.088 0.087 0.082;0.023 0.056 0.057 0.054 0.083 0.05 0.041 0.069 0.058 0.052 0.088 0.102 0.087 0.098 0.082;
0.025 0.059 0.061 0.046 0.092 0.05 0.052 0.07 0.048 0.049 0.09 0.08 0.089 0.106 0.083;0.025 0.059 0.05 0.052 0.07 0.061 0.046 0.092 0.048 0.049 0.09 0.08 0.106 0.089 0.083;0.025 0.05 0.061 0.048 0.08 0.059 0.052 0.07 0.046 0.049 0.106 0.092 0.089 0.09 0.083;
0.024 0.06 0.063 0.044 0.089 0.048 0.06 0.079 0.051 0.061 0.09 0.071 0.094 0.083 0.083;0.024 0.06 0.048 0.06 0.079 0.063 0.044 0.089 0.051 0.061 0.09 0.071 0.083 0.094 0.083;0.024 0.048 0.063 0.051 0.071 0.06 0.06 0.079 0.044 0.061 0.083 0.089 0.094 0.09 0.083;
0.027 0.054 0.048 0.052 0.095 0.052 0.051 0.094 0.044 0.065 0.074 0.087 0.079 0.096 0.082;0.027 0.054 0.052 0.051 0.094 0.048 0.052 0.095 0.044 0.065 0.074 0.087 0.096 0.079 0.082;0.027 0.052 0.048 0.044 0.087 0.054 0.051 0.094 0.052 0.065 0.096 0.095 0.079 0.074 0.082;
0.029 0.052 0.065 0.067 0.094 0.051 0.045 0.092 0.052 0.056 0.093 0.07 0.081 0.093 0.06;0.029 0.052 0.051 0.045 0.092 0.065 0.067 0.094 0.052 0.056 0.093 0.07 0.093 0.081 0.06;0.029 0.051 0.065 0.052 0.07 0.052 0.045 0.092 0.067 0.056 0.093 0.094 0.081 0.093 0.06;
0.014 0.051 0.065 0.046 0.1 0.058 0.037 0.078 0.049 0.065 0.082 0.072 0.118 0.081 0.084;0.014 0.051 0.058 0.037 0.078 0.065 0.046 0.1 0.049 0.065 0.082 0.072 0.081 0.118 0.084;0.014 0.058 0.065 0.049 0.072 0.051 0.037 0.078 0.046 0.065 0.081 0.1 0.118 0.082 0.084;
0.022 0.047 0.066 0.056 0.099 0.059 0.053 0.072 0.053 0.058 0.086 0.075 0.096 0.093 0.065;0.022 0.047 0.059 0.053 0.072 0.066 0.056 0.099 0.053 0.058 0.086 0.075 0.093 0.096 0.065;0.022 0.059 0.066 0.053 0.075 0.047 0.053 0.072 0.056 0.058 0.093 0.099 0.096 0.086 0.065;
0.021 0.04 0.067 0.056 0.107 0.06 0.052 0.078 0.033 0.065 0.082 0.084 0.075 0.103 0.077;0.021 0.04 0.06 0.052 0.078 0.067 0.056 0.107 0.033 0.065 0.082 0.084 0.103 0.075 0.077;0.021 0.06 0.067 0.033 0.084 0.04 0.052 0.078 0.056 0.065 0.103 0.107 0.075 0.082 0.077;
0.018 0.065 0.065 0.058 0.096 0.046 0.044 0.094 0.043 0.055 0.079 0.085 0.091 0.084 0.077;0.018 0.065 0.046 0.044 0.094 0.065 0.058 0.096 0.043 0.055 0.079 0.085 0.084 0.091 0.077;0.018 0.046 0.065 0.043 0.085 0.065 0.044 0.094 0.058 0.055 0.084 0.096 0.091 0.079 0.077;
0.02 0.055 0.063 0.044 0.1 0.053 0.038 0.082 0.043 0.048 0.099 0.094 0.084 0.096 0.081;0.02 0.055 0.053 0.038 0.082 0.063 0.044 0.1 0.043 0.048 0.099 0.094 0.096 0.084 0.081;0.02 0.053 0.063 0.043 0.094 0.055 0.038 0.082 0.044 0.048 0.096 0.1 0.084 0.099 0.081;
0.023 0.053 0.059 0.061 0.102 0.052 0.055 0.063 0.046 0.055 0.084 0.095 0.074 0.094 0.084;0.023 0.053 0.052 0.055 0.063 0.059 0.061 0.102 0.046 0.055 0.084 0.095 0.094 0.074 0.084;0.023 0.052 0.059 0.046 0.095 0.053 0.055 0.063 0.061 0.055 0.094 0.102 0.074 0.084 0.084;
0.022 0.051 0.071 0.058 0.106 0.053 0.061 0.07 0.043 0.053 0.082 0.077 0.086 0.085 0.082;0.022 0.051 0.053 0.061 0.07 0.071 0.058 0.106 0.043 0.053 0.082 0.077 0.085 0.086 0.082;0.022 0.053 0.071 0.043 0.077 0.051 0.061 0.07 0.058 0.053 0.085 0.106 0.086 0.082 0.082;
0.028 0.05 0.047 0.044 0.096 0.048 0.062 0.089 0.041 0.049 0.083 0.099 0.086 0.089 0.089;0.028 0.05 0.048 0.062 0.089 0.047 0.044 0.096 0.041 0.049 0.083 0.099 0.089 0.086 0.089;0.028 0.048 0.047 0.041 0.099 0.05 0.062 0.089 0.044 0.049 0.089 0.096 0.086 0.083 0.089;
0.019 0.048 0.049 0.053 0.1 0.052 0.049 0.075 0.051 0.063 0.1 0.086 0.092 0.074 0.089;0.019 0.048 0.052 0.049 0.075 0.049 0.053 0.1 0.051 0.063 0.1 0.086 0.074 0.092 0.089;0.019 0.052 0.049 0.051 0.086 0.048 0.049 0.075 0.053 0.063 0.074 0.1 0.092 0.1 0.089;
0.028 0.053 0.056 0.063 0.108 0.062 0.041 0.09 0.049 0.055 0.079 0.075 0.074 0.1 0.067;0.028 0.053 0.062 0.041 0.09 0.056 0.063 0.108 0.049 0.055 0.079 0.075 0.1 0.074 0.067;0.028 0.062 0.056 0.049 0.075 0.053 0.041 0.09 0.063 0.055 0.1 0.108 0.074 0.079 0.067;
0.02 0.054 0.047 0.053 0.092 0.054 0.044 0.084 0.055 0.053 0.079 0.105 0.085 0.094 0.081;0.02 0.054 0.054 0.044 0.084 0.047 0.053 0.092 0.055 0.053 0.079 0.105 0.094 0.085 0.081;0.02 0.054 0.047 0.055 0.105 0.054 0.044 0.084 0.053 0.053 0.094 0.092 0.085 0.079 0.081;
0.028 0.043 0.048 0.06 0.094 0.044 0.037 0.088 0.034 0.055 0.081 0.091 0.1 0.11 0.087;0.028 0.043 0.044 0.037 0.088 0.048 0.06 0.094 0.034 0.055 0.081 0.091 0.11 0.1 0.087;0.028 0.044 0.048 0.034 0.091 0.043 0.037 0.088 0.06 0.055 0.11 0.094 0.1 0.081 0.087;
0.023 0.046 0.066 0.064 0.102 0.061 0.036 0.082 0.045 0.039 0.071 0.086 0.112 0.086 0.081;0.023 0.046 0.061 0.036 0.082 0.066 0.064 0.102 0.045 0.039 0.071 0.086 0.086 0.112 0.081;0.023 0.061 0.066 0.045 0.086 0.046 0.036 0.082 0.064 0.039 0.086 0.102 0.112 0.071 0.081;
0.022 0.051 0.055 0.053 0.092 0.049 0.051 0.095 0.038 0.062 0.077 0.088 0.095 0.097 0.075;0.022 0.051 0.049 0.051 0.095 0.055 0.053 0.092 0.038 0.062 0.077 0.088 0.097 0.095 0.075;0.022 0.049 0.055 0.038 0.088 0.051 0.051 0.095 0.053 0.062 0.097 0.092 0.095 0.077 0.075;
0.011 0.047 0.063 0.065 0.095 0.055 0.038 0.087 0.039 0.058 0.076 0.093 0.09 0.117 0.066;0.011 0.047 0.055 0.038 0.087 0.063 0.065 0.095 0.039 0.058 0.076 0.093 0.117 0.09 0.066;0.011 0.055 0.063 0.039 0.093 0.047 0.038 0.087 0.065 0.058 0.117 0.095 0.09 0.076 0.066;
0.022 0.054 0.056 0.062 0.095 0.043 0.048 0.082 0.047 0.072 0.078 0.08 0.088 0.092 0.081;0.022 0.054 0.043 0.048 0.082 0.056 0.062 0.095 0.047 0.072 0.078 0.08 0.092 0.088 0.081;0.022 0.043 0.056 0.047 0.08 0.054 0.048 0.082 0.062 0.072 0.092 0.095 0.088 0.078 0.081;
0.026 0.038 0.049 0.06 0.096 0.055 0.052 0.088 0.032 0.069 0.079 0.079 0.084 0.1 0.093;0.026 0.038 0.055 0.052 0.088 0.049 0.06 0.096 0.032 0.069 0.079 0.079 0.1 0.084 0.093;0.026 0.055 0.049 0.032 0.079 0.038 0.052 0.088 0.06 0.069 0.1 0.096 0.084 0.079 0.093;
0.035 0.049 0.058 0.058 0.096 0.047 0.042 0.081 0.045 0.061 0.082 0.087 0.092 0.078 0.089;0.035 0.049 0.047 0.042 0.081 0.058 0.058 0.096 0.045 0.061 0.082 0.087 0.078 0.092 0.089;0.035 0.047 0.058 0.045 0.087 0.049 0.042 0.081 0.058 0.061 0.078 0.096 0.092 0.082 0.089;
0.022 0.052 0.064 0.048 0.092 0.053 0.045 0.08 0.048 0.049 0.08 0.089 0.089 0.111 0.078;0.022 0.052 0.053 0.045 0.08 0.064 0.048 0.092 0.048 0.049 0.08 0.089 0.111 0.089 0.078;0.022 0.053 0.064 0.048 0.089 0.052 0.045 0.08 0.048 0.049 0.111 0.092 0.089 0.08 0.078;
0.027 0.056 0.055 0.066 0.082 0.05 0.052 0.079 0.045 0.045 0.097 0.09 0.077 0.094 0.085;0.027 0.056 0.05 0.052 0.079 0.055 0.066 0.082 0.045 0.045 0.097 0.09 0.094 0.077 0.085;0.027 0.05 0.055 0.045 0.09 0.056 0.052 0.079 0.066 0.045 0.094 0.082 0.077 0.097 0.085];