pntP=[0.1 0.084 0.053 0.108 0.1 0.104 0.043 0.086 0.017 0.056 0.044 0.04 0.055 0.073 0.037;0.1 0.084 0.104 0.043 0.086 0.053 0.108 0.1 0.017 0.056 0.044 0.04 0.073 0.055 0.037;0.1 0.104 0.053 0.017 0.04 0.084 0.043 0.086 0.108 0.056 0.073 0.1 0.055 0.044 0.037;
0.07 0.129 0.045 0.094 0.099 0.109 0.032 0.078 0.024 0.055 0.051 0.035 0.045 0.097 0.037;0.07 0.129 0.109 0.032 0.078 0.045 0.094 0.099 0.024 0.055 0.051 0.035 0.097 0.045 0.037;0.07 0.109 0.045 0.024 0.035 0.129 0.032 0.078 0.094 0.055 0.097 0.099 0.045 0.051 0.037;
0.085 0.093 0.062 0.093 0.103 0.085 0.04 0.08 0.029 0.053 0.037 0.046 0.048 0.099 0.047;0.085 0.093 0.085 0.04 0.08 0.062 0.093 0.103 0.029 0.053 0.037 0.046 0.099 0.048 0.047;0.085 0.085 0.062 0.029 0.046 0.093 0.04 0.08 0.093 0.053 0.099 0.103 0.048 0.037 0.047;
0.091 0.102 0.059 0.11 0.08 0.112 0.038 0.066 0.018 0.063 0.044 0.046 0.045 0.085 0.041;0.091 0.102 0.112 0.038 0.066 0.059 0.11 0.08 0.018 0.063 0.044 0.046 0.085 0.045 0.041;0.091 0.112 0.059 0.018 0.046 0.102 0.038 0.066 0.11 0.063 0.085 0.08 0.045 0.044 0.041;
0.083 0.096 0.053 0.109 0.087 0.106 0.043 0.082 0.019 0.043 0.053 0.039 0.039 0.109 0.039;0.083 0.096 0.106 0.043 0.082 0.053 0.109 0.087 0.019 0.043 0.053 0.039 0.109 0.039 0.039;0.083 0.106 0.053 0.019 0.039 0.096 0.043 0.082 0.109 0.043 0.109 0.087 0.039 0.053 0.039;
0.066 0.098 0.052 0.098 0.087 0.095 0.041 0.1 0.027 0.049 0.051 0.057 0.042 0.092 0.045;0.066 0.098 0.095 0.041 0.1 0.052 0.098 0.087 0.027 0.049 0.051 0.057 0.092 0.042 0.045;0.066 0.095 0.052 0.027 0.057 0.098 0.041 0.1 0.098 0.049 0.092 0.087 0.042 0.051 0.045;
0.095 0.101 0.05 0.108 0.092 0.102 0.028 0.094 0.02 0.046 0.043 0.056 0.035 0.087 0.043;0.095 0.101 0.102 0.028 0.094 0.05 0.108 0.092 0.02 0.046 0.043 0.056 0.087 0.035 0.043;0.095 0.102 0.05 0.02 0.056 0.101 0.028 0.094 0.108 0.046 0.087 0.092 0.035 0.043 0.043;
0.083 0.099 0.046 0.124 0.089 0.119 0.031 0.078 0.037 0.046 0.044 0.037 0.045 0.087 0.035;0.083 0.099 0.119 0.031 0.078 0.046 0.124 0.089 0.037 0.046 0.044 0.037 0.087 0.045 0.035;0.083 0.119 0.046 0.037 0.037 0.099 0.031 0.078 0.124 0.046 0.087 0.089 0.045 0.044 0.035;
0.075 0.106 0.058 0.094 0.1 0.113 0.031 0.08 0.023 0.053 0.046 0.046 0.046 0.091 0.038;0.075 0.106 0.113 0.031 0.08 0.058 0.094 0.1 0.023 0.053 0.046 0.046 0.091 0.046 0.038;0.075 0.113 0.058 0.023 0.046 0.106 0.031 0.08 0.094 0.053 0.091 0.1 0.046 0.046 0.038;
0.091 0.079 0.056 0.125 0.073 0.113 0.046 0.072 0.021 0.055 0.037 0.037 0.058 0.099 0.038;0.091 0.079 0.113 0.046 0.072 0.056 0.125 0.073 0.021 0.055 0.037 0.037 0.099 0.058 0.038;0.091 0.113 0.056 0.021 0.037 0.079 0.046 0.072 0.125 0.055 0.099 0.073 0.058 0.037 0.038;
0.088 0.102 0.054 0.106 0.085 0.097 0.042 0.082 0.024 0.042 0.041 0.044 0.051 0.098 0.044;0.088 0.102 0.097 0.042 0.082 0.054 0.106 0.085 0.024 0.042 0.041 0.044 0.098 0.051 0.044;0.088 0.097 0.054 0.024 0.044 0.102 0.042 0.082 0.106 0.042 0.098 0.085 0.051 0.041 0.044;
0.082 0.094 0.047 0.098 0.106 0.107 0.041 0.085 0.029 0.057 0.043 0.043 0.034 0.102 0.032;0.082 0.094 0.107 0.041 0.085 0.047 0.098 0.106 0.029 0.057 0.043 0.043 0.102 0.034 0.032;0.082 0.107 0.047 0.029 0.043 0.094 0.041 0.085 0.098 0.057 0.102 0.106 0.034 0.043 0.032;
0.09 0.101 0.039 0.128 0.092 0.109 0.036 0.067 0.027 0.045 0.047 0.047 0.043 0.092 0.037;0.09 0.101 0.109 0.036 0.067 0.039 0.128 0.092 0.027 0.045 0.047 0.047 0.092 0.043 0.037;0.09 0.109 0.039 0.027 0.047 0.101 0.036 0.067 0.128 0.045 0.092 0.092 0.043 0.047 0.037;
0.092 0.072 0.07 0.092 0.098 0.077 0.041 0.089 0.026 0.064 0.052 0.04 0.041 0.096 0.05;0.092 0.072 0.077 0.041 0.089 0.07 0.092 0.098 0.026 0.064 0.052 0.04 0.096 0.041 0.05;0.092 0.077 0.07 0.026 0.04 0.072 0.041 0.089 0.092 0.064 0.096 0.098 0.041 0.052 0.05;
0.092 0.078 0.058 0.117 0.083 0.103 0.029 0.066 0.026 0.057 0.049 0.055 0.046 0.093 0.048;0.092 0.078 0.103 0.029 0.066 0.058 0.117 0.083 0.026 0.057 0.049 0.055 0.093 0.046 0.048;0.092 0.103 0.058 0.026 0.055 0.078 0.029 0.066 0.117 0.057 0.093 0.083 0.046 0.049 0.048;
0.087 0.118 0.065 0.117 0.082 0.102 0.038 0.093 0.018 0.052 0.037 0.04 0.035 0.074 0.042;0.087 0.118 0.102 0.038 0.093 0.065 0.117 0.082 0.018 0.052 0.037 0.04 0.074 0.035 0.042;0.087 0.102 0.065 0.018 0.04 0.118 0.038 0.093 0.117 0.052 0.074 0.082 0.035 0.037 0.042;
0.074 0.098 0.042 0.124 0.099 0.107 0.036 0.072 0.033 0.041 0.05 0.054 0.036 0.093 0.041;0.074 0.098 0.107 0.036 0.072 0.042 0.124 0.099 0.033 0.041 0.05 0.054 0.093 0.036 0.041;0.074 0.107 0.042 0.033 0.054 0.098 0.036 0.072 0.124 0.041 0.093 0.099 0.036 0.05 0.041;
0.086 0.107 0.041 0.114 0.098 0.107 0.036 0.066 0.026 0.041 0.048 0.046 0.05 0.097 0.037;0.086 0.107 0.107 0.036 0.066 0.041 0.114 0.098 0.026 0.041 0.048 0.046 0.097 0.05 0.037;0.086 0.107 0.041 0.026 0.046 0.107 0.036 0.066 0.114 0.041 0.097 0.098 0.05 0.048 0.037;
0.079 0.092 0.055 0.097 0.092 0.091 0.038 0.085 0.019 0.058 0.043 0.058 0.035 0.109 0.049;0.079 0.092 0.091 0.038 0.085 0.055 0.097 0.092 0.019 0.058 0.043 0.058 0.109 0.035 0.049;0.079 0.091 0.055 0.019 0.058 0.092 0.038 0.085 0.097 0.058 0.109 0.092 0.035 0.043 0.049;
0.086 0.098 0.052 0.094 0.084 0.118 0.033 0.079 0.028 0.049 0.048 0.057 0.035 0.091 0.048;0.086 0.098 0.118 0.033 0.079 0.052 0.094 0.084 0.028 0.049 0.048 0.057 0.091 0.035 0.048;0.086 0.118 0.052 0.028 0.057 0.098 0.033 0.079 0.094 0.049 0.091 0.084 0.035 0.048 0.048;
0.072 0.104 0.05 0.13 0.087 0.1 0.039 0.075 0.027 0.043 0.045 0.046 0.044 0.103 0.035;0.072 0.104 0.1 0.039 0.075 0.05 0.13 0.087 0.027 0.043 0.045 0.046 0.103 0.044 0.035;0.072 0.1 0.05 0.027 0.046 0.104 0.039 0.075 0.13 0.043 0.103 0.087 0.044 0.045 0.035;
0.091 0.099 0.048 0.111 0.094 0.094 0.043 0.092 0.019 0.057 0.039 0.05 0.036 0.093 0.034;0.091 0.099 0.094 0.043 0.092 0.048 0.111 0.094 0.019 0.057 0.039 0.05 0.093 0.036 0.034;0.091 0.094 0.048 0.019 0.05 0.099 0.043 0.092 0.111 0.057 0.093 0.094 0.036 0.039 0.034;
0.09 0.103 0.05 0.098 0.111 0.103 0.041 0.069 0.02 0.056 0.054 0.041 0.045 0.087 0.032;0.09 0.103 0.103 0.041 0.069 0.05 0.098 0.111 0.02 0.056 0.054 0.041 0.087 0.045 0.032;0.09 0.103 0.05 0.02 0.041 0.103 0.041 0.069 0.098 0.056 0.087 0.111 0.045 0.054 0.032;
0.096 0.109 0.056 0.101 0.078 0.107 0.039 0.098 0.022 0.044 0.038 0.046 0.042 0.085 0.039;0.096 0.109 0.107 0.039 0.098 0.056 0.101 0.078 0.022 0.044 0.038 0.046 0.085 0.042 0.039;0.096 0.107 0.056 0.022 0.046 0.109 0.039 0.098 0.101 0.044 0.085 0.078 0.042 0.038 0.039;
0.082 0.09 0.049 0.09 0.089 0.116 0.045 0.081 0.026 0.062 0.043 0.043 0.037 0.105 0.042;0.082 0.09 0.116 0.045 0.081 0.049 0.09 0.089 0.026 0.062 0.043 0.043 0.105 0.037 0.042;0.082 0.116 0.049 0.026 0.043 0.09 0.045 0.081 0.09 0.062 0.105 0.089 0.037 0.043 0.042;
0.088 0.108 0.056 0.106 0.082 0.107 0.041 0.069 0.021 0.052 0.032 0.056 0.054 0.088 0.04;0.088 0.108 0.107 0.041 0.069 0.056 0.106 0.082 0.021 0.052 0.032 0.056 0.088 0.054 0.04;0.088 0.107 0.056 0.021 0.056 0.108 0.041 0.069 0.106 0.052 0.088 0.082 0.054 0.032 0.04;
0.086 0.109 0.046 0.103 0.094 0.128 0.037 0.072 0.021 0.061 0.028 0.041 0.046 0.08 0.048;0.086 0.109 0.128 0.037 0.072 0.046 0.103 0.094 0.021 0.061 0.028 0.041 0.08 0.046 0.048;0.086 0.128 0.046 0.021 0.041 0.109 0.037 0.072 0.103 0.061 0.08 0.094 0.046 0.028 0.048;
0.086 0.098 0.06 0.098 0.084 0.102 0.05 0.079 0.02 0.052 0.041 0.05 0.047 0.091 0.042;0.086 0.098 0.102 0.05 0.079 0.06 0.098 0.084 0.02 0.052 0.041 0.05 0.091 0.047 0.042;0.086 0.102 0.06 0.02 0.05 0.098 0.05 0.079 0.098 0.052 0.091 0.084 0.047 0.041 0.042;
0.083 0.094 0.049 0.116 0.094 0.103 0.031 0.076 0.027 0.047 0.045 0.05 0.048 0.092 0.045;0.083 0.094 0.103 0.031 0.076 0.049 0.116 0.094 0.027 0.047 0.045 0.05 0.092 0.048 0.045;0.083 0.103 0.049 0.027 0.05 0.094 0.031 0.076 0.116 0.047 0.092 0.094 0.048 0.045 0.045;
0.083 0.089 0.049 0.098 0.092 0.113 0.05 0.071 0.034 0.053 0.052 0.044 0.038 0.093 0.041;0.083 0.089 0.113 0.05 0.071 0.049 0.098 0.092 0.034 0.053 0.052 0.044 0.093 0.038 0.041;0.083 0.113 0.049 0.034 0.044 0.089 0.05 0.071 0.098 0.053 0.093 0.092 0.038 0.052 0.041;
0.085 0.106 0.056 0.111 0.105 0.092 0.028 0.078 0.032 0.052 0.039 0.042 0.034 0.1 0.04;0.085 0.106 0.092 0.028 0.078 0.056 0.111 0.105 0.032 0.052 0.039 0.042 0.1 0.034 0.04;0.085 0.092 0.056 0.032 0.042 0.106 0.028 0.078 0.111 0.052 0.1 0.105 0.034 0.039 0.04;
0.096 0.098 0.041 0.105 0.096 0.103 0.035 0.08 0.027 0.06 0.054 0.046 0.034 0.087 0.038;0.096 0.098 0.103 0.035 0.08 0.041 0.105 0.096 0.027 0.06 0.054 0.046 0.087 0.034 0.038;0.096 0.103 0.041 0.027 0.046 0.098 0.035 0.08 0.105 0.06 0.087 0.096 0.034 0.054 0.038;
0.084 0.088 0.051 0.092 0.107 0.078 0.05 0.082 0.029 0.056 0.048 0.05 0.046 0.095 0.044;0.084 0.088 0.078 0.05 0.082 0.051 0.092 0.107 0.029 0.056 0.048 0.05 0.095 0.046 0.044;0.084 0.078 0.051 0.029 0.05 0.088 0.05 0.082 0.092 0.056 0.095 0.107 0.046 0.048 0.044;
0.094 0.088 0.05 0.104 0.111 0.082 0.035 0.076 0.028 0.06 0.05 0.048 0.04 0.085 0.049;0.094 0.088 0.082 0.035 0.076 0.05 0.104 0.111 0.028 0.06 0.05 0.048 0.085 0.04 0.049;0.094 0.082 0.05 0.028 0.048 0.088 0.035 0.076 0.104 0.06 0.085 0.111 0.04 0.05 0.049;
0.08 0.085 0.06 0.106 0.101 0.112 0.045 0.074 0.025 0.062 0.034 0.045 0.04 0.089 0.042;0.08 0.085 0.112 0.045 0.074 0.06 0.106 0.101 0.025 0.062 0.034 0.045 0.089 0.04 0.042;0.08 0.112 0.06 0.025 0.045 0.085 0.045 0.074 0.106 0.062 0.089 0.101 0.04 0.034 0.042;
0.094 0.11 0.044 0.107 0.092 0.097 0.035 0.067 0.021 0.052 0.043 0.053 0.04 0.103 0.042;0.094 0.11 0.097 0.035 0.067 0.044 0.107 0.092 0.021 0.052 0.043 0.053 0.103 0.04 0.042;0.094 0.097 0.044 0.021 0.053 0.11 0.035 0.067 0.107 0.052 0.103 0.092 0.04 0.043 0.042;
0.091 0.111 0.057 0.095 0.081 0.105 0.039 0.076 0.023 0.053 0.049 0.04 0.045 0.084 0.051;0.091 0.111 0.105 0.039 0.076 0.057 0.095 0.081 0.023 0.053 0.049 0.04 0.084 0.045 0.051;0.091 0.105 0.057 0.023 0.04 0.111 0.039 0.076 0.095 0.053 0.084 0.081 0.045 0.049 0.051;
0.082 0.103 0.054 0.107 0.105 0.087 0.026 0.076 0.022 0.058 0.047 0.05 0.037 0.109 0.037;0.082 0.103 0.087 0.026 0.076 0.054 0.107 0.105 0.022 0.058 0.047 0.05 0.109 0.037 0.037;0.082 0.087 0.054 0.022 0.05 0.103 0.026 0.076 0.107 0.058 0.109 0.105 0.037 0.047 0.037;
0.083 0.101 0.052 0.122 0.095 0.081 0.031 0.067 0.032 0.056 0.04 0.037 0.042 0.108 0.053;0.083 0.101 0.081 0.031 0.067 0.052 0.122 0.095 0.032 0.056 0.04 0.037 0.108 0.042 0.053;0.083 0.081 0.052 0.032 0.037 0.101 0.031 0.067 0.122 0.056 0.108 0.095 0.042 0.04 0.053;
0.087 0.091 0.052 0.092 0.101 0.11 0.043 0.09 0.026 0.043 0.046 0.047 0.042 0.088 0.042;0.087 0.091 0.11 0.043 0.09 0.052 0.092 0.101 0.026 0.043 0.046 0.047 0.088 0.042 0.042;0.087 0.11 0.052 0.026 0.047 0.091 0.043 0.09 0.092 0.043 0.088 0.101 0.042 0.046 0.042;
0.085 0.093 0.055 0.095 0.11 0.105 0.04 0.078 0.024 0.048 0.052 0.036 0.039 0.097 0.043;0.085 0.093 0.105 0.04 0.078 0.055 0.095 0.11 0.024 0.048 0.052 0.036 0.097 0.039 0.043;0.085 0.105 0.055 0.024 0.036 0.093 0.04 0.078 0.095 0.048 0.097 0.11 0.039 0.052 0.043;
0.075 0.1 0.047 0.112 0.1 0.105 0.031 0.091 0.019 0.049 0.042 0.05 0.047 0.091 0.041;0.075 0.1 0.105 0.031 0.091 0.047 0.112 0.1 0.019 0.049 0.042 0.05 0.091 0.047 0.041;0.075 0.105 0.047 0.019 0.05 0.1 0.031 0.091 0.112 0.049 0.091 0.1 0.047 0.042 0.041;
0.097 0.099 0.05 0.098 0.094 0.091 0.045 0.084 0.023 0.057 0.045 0.04 0.042 0.098 0.037;0.097 0.099 0.091 0.045 0.084 0.05 0.098 0.094 0.023 0.057 0.045 0.04 0.098 0.042 0.037;0.097 0.091 0.05 0.023 0.04 0.099 0.045 0.084 0.098 0.057 0.098 0.094 0.042 0.045 0.037;
0.081 0.104 0.045 0.116 0.089 0.105 0.032 0.084 0.02 0.055 0.039 0.054 0.049 0.095 0.032;0.081 0.104 0.105 0.032 0.084 0.045 0.116 0.089 0.02 0.055 0.039 0.054 0.095 0.049 0.032;0.081 0.105 0.045 0.02 0.054 0.104 0.032 0.084 0.116 0.055 0.095 0.089 0.049 0.039 0.032;
0.079 0.096 0.062 0.105 0.103 0.106 0.035 0.066 0.02 0.037 0.051 0.049 0.039 0.101 0.051;0.079 0.096 0.106 0.035 0.066 0.062 0.105 0.103 0.02 0.037 0.051 0.049 0.101 0.039 0.051;0.079 0.106 0.062 0.02 0.049 0.096 0.035 0.066 0.105 0.037 0.101 0.103 0.039 0.051 0.051;
0.09 0.099 0.054 0.112 0.101 0.093 0.041 0.083 0.025 0.05 0.04 0.053 0.035 0.093 0.031;0.09 0.099 0.093 0.041 0.083 0.054 0.112 0.101 0.025 0.05 0.04 0.053 0.093 0.035 0.031;0.09 0.093 0.054 0.025 0.053 0.099 0.041 0.083 0.112 0.05 0.093 0.101 0.035 0.04 0.031;
0.085 0.094 0.039 0.11 0.104 0.103 0.039 0.083 0.028 0.05 0.057 0.043 0.04 0.095 0.03;0.085 0.094 0.103 0.039 0.083 0.039 0.11 0.104 0.028 0.05 0.057 0.043 0.095 0.04 0.03;0.085 0.103 0.039 0.028 0.043 0.094 0.039 0.083 0.11 0.05 0.095 0.104 0.04 0.057 0.03;
0.089 0.1 0.06 0.094 0.108 0.088 0.035 0.085 0.026 0.051 0.043 0.055 0.04 0.086 0.04;0.089 0.1 0.088 0.035 0.085 0.06 0.094 0.108 0.026 0.051 0.043 0.055 0.086 0.04 0.04;0.089 0.088 0.06 0.026 0.055 0.1 0.035 0.085 0.094 0.051 0.086 0.108 0.04 0.043 0.04;
0.074 0.122 0.055 0.095 0.114 0.083 0.048 0.086 0.031 0.057 0.054 0.038 0.041 0.072 0.03;0.074 0.122 0.083 0.048 0.086 0.055 0.095 0.114 0.031 0.057 0.054 0.038 0.072 0.041 0.03;0.074 0.083 0.055 0.031 0.038 0.122 0.048 0.086 0.095 0.057 0.072 0.114 0.041 0.054 0.03;
0.094 0.096 0.053 0.088 0.1 0.095 0.041 0.073 0.029 0.052 0.057 0.044 0.039 0.089 0.05;0.094 0.096 0.095 0.041 0.073 0.053 0.088 0.1 0.029 0.052 0.057 0.044 0.089 0.039 0.05;0.094 0.095 0.053 0.029 0.044 0.096 0.041 0.073 0.088 0.052 0.089 0.1 0.039 0.057 0.05;
0.078 0.107 0.035 0.113 0.107 0.097 0.038 0.076 0.033 0.064 0.04 0.048 0.033 0.087 0.044;0.078 0.107 0.097 0.038 0.076 0.035 0.113 0.107 0.033 0.064 0.04 0.048 0.087 0.033 0.044;0.078 0.097 0.035 0.033 0.048 0.107 0.038 0.076 0.113 0.064 0.087 0.107 0.033 0.04 0.044;
0.081 0.104 0.048 0.111 0.085 0.095 0.038 0.076 0.018 0.051 0.046 0.05 0.047 0.108 0.042;0.081 0.104 0.095 0.038 0.076 0.048 0.111 0.085 0.018 0.051 0.046 0.05 0.108 0.047 0.042;0.081 0.095 0.048 0.018 0.05 0.104 0.038 0.076 0.111 0.051 0.108 0.085 0.047 0.046 0.042;
0.087 0.097 0.053 0.106 0.089 0.093 0.041 0.071 0.024 0.059 0.05 0.049 0.035 0.094 0.052;0.087 0.097 0.093 0.041 0.071 0.053 0.106 0.089 0.024 0.059 0.05 0.049 0.094 0.035 0.052;0.087 0.093 0.053 0.024 0.049 0.097 0.041 0.071 0.106 0.059 0.094 0.089 0.035 0.05 0.052;
0.074 0.1 0.048 0.118 0.096 0.117 0.039 0.075 0.023 0.049 0.04 0.05 0.049 0.089 0.033;0.074 0.1 0.117 0.039 0.075 0.048 0.118 0.096 0.023 0.049 0.04 0.05 0.089 0.049 0.033;0.074 0.117 0.048 0.023 0.05 0.1 0.039 0.075 0.118 0.049 0.089 0.096 0.049 0.04 0.033;
0.081 0.1 0.05 0.101 0.096 0.1 0.029 0.076 0.027 0.057 0.056 0.054 0.038 0.098 0.037;0.081 0.1 0.1 0.029 0.076 0.05 0.101 0.096 0.027 0.057 0.056 0.054 0.098 0.038 0.037;0.081 0.1 0.05 0.027 0.054 0.1 0.029 0.076 0.101 0.057 0.098 0.096 0.038 0.056 0.037;
0.072 0.101 0.043 0.111 0.1 0.105 0.032 0.08 0.022 0.054 0.057 0.04 0.042 0.102 0.039;0.072 0.101 0.105 0.032 0.08 0.043 0.111 0.1 0.022 0.054 0.057 0.04 0.102 0.042 0.039;0.072 0.105 0.043 0.022 0.04 0.101 0.032 0.08 0.111 0.054 0.102 0.1 0.042 0.057 0.039;
0.099 0.094 0.046 0.132 0.079 0.102 0.039 0.081 0.027 0.048 0.047 0.05 0.041 0.08 0.035;0.099 0.094 0.102 0.039 0.081 0.046 0.132 0.079 0.027 0.048 0.047 0.05 0.08 0.041 0.035;0.099 0.102 0.046 0.027 0.05 0.094 0.039 0.081 0.132 0.048 0.08 0.079 0.041 0.047 0.035;
0.073 0.093 0.047 0.099 0.1 0.102 0.036 0.096 0.023 0.053 0.044 0.047 0.047 0.103 0.037;0.073 0.093 0.102 0.036 0.096 0.047 0.099 0.1 0.023 0.053 0.044 0.047 0.103 0.047 0.037;0.073 0.102 0.047 0.023 0.047 0.093 0.036 0.096 0.099 0.053 0.103 0.1 0.047 0.044 0.037;
0.087 0.098 0.051 0.112 0.089 0.111 0.04 0.073 0.021 0.047 0.048 0.05 0.039 0.092 0.042;0.087 0.098 0.111 0.04 0.073 0.051 0.112 0.089 0.021 0.047 0.048 0.05 0.092 0.039 0.042;0.087 0.111 0.051 0.021 0.05 0.098 0.04 0.073 0.112 0.047 0.092 0.089 0.039 0.048 0.042;
0.091 0.099 0.062 0.107 0.096 0.095 0.043 0.075 0.032 0.056 0.046 0.036 0.033 0.097 0.032;0.091 0.099 0.095 0.043 0.075 0.062 0.107 0.096 0.032 0.056 0.046 0.036 0.097 0.033 0.032;0.091 0.095 0.062 0.032 0.036 0.099 0.043 0.075 0.107 0.056 0.097 0.096 0.033 0.046 0.032;
0.079 0.113 0.055 0.095 0.103 0.11 0.041 0.067 0.032 0.056 0.043 0.038 0.046 0.091 0.031;0.079 0.113 0.11 0.041 0.067 0.055 0.095 0.103 0.032 0.056 0.043 0.038 0.091 0.046 0.031;0.079 0.11 0.055 0.032 0.038 0.113 0.041 0.067 0.095 0.056 0.091 0.103 0.046 0.043 0.031;
0.103 0.111 0.056 0.107 0.085 0.102 0.043 0.059 0.021 0.049 0.048 0.048 0.036 0.081 0.051;0.103 0.111 0.102 0.043 0.059 0.056 0.107 0.085 0.021 0.049 0.048 0.048 0.081 0.036 0.051;0.103 0.102 0.056 0.021 0.048 0.111 0.043 0.059 0.107 0.049 0.081 0.085 0.036 0.048 0.051;
0.083 0.096 0.05 0.094 0.08 0.086 0.05 0.097 0.031 0.065 0.05 0.039 0.042 0.088 0.049;0.083 0.096 0.086 0.05 0.097 0.05 0.094 0.08 0.031 0.065 0.05 0.039 0.088 0.042 0.049;0.083 0.086 0.05 0.031 0.039 0.096 0.05 0.097 0.094 0.065 0.088 0.08 0.042 0.05 0.049;
0.079 0.104 0.055 0.096 0.103 0.093 0.044 0.072 0.032 0.051 0.035 0.045 0.038 0.113 0.04;0.079 0.104 0.093 0.044 0.072 0.055 0.096 0.103 0.032 0.051 0.035 0.045 0.113 0.038 0.04;0.079 0.093 0.055 0.032 0.045 0.104 0.044 0.072 0.096 0.051 0.113 0.103 0.038 0.035 0.04;
0.079 0.08 0.047 0.118 0.102 0.098 0.044 0.086 0.014 0.056 0.048 0.05 0.044 0.1 0.034;0.079 0.08 0.098 0.044 0.086 0.047 0.118 0.102 0.014 0.056 0.048 0.05 0.1 0.044 0.034;0.079 0.098 0.047 0.014 0.05 0.08 0.044 0.086 0.118 0.056 0.1 0.102 0.044 0.048 0.034;
0.104 0.092 0.047 0.093 0.085 0.093 0.038 0.076 0.023 0.06 0.066 0.053 0.045 0.086 0.039;0.104 0.092 0.093 0.038 0.076 0.047 0.093 0.085 0.023 0.06 0.066 0.053 0.086 0.045 0.039;0.104 0.093 0.047 0.023 0.053 0.092 0.038 0.076 0.093 0.06 0.086 0.085 0.045 0.066 0.039;
0.098 0.084 0.041 0.113 0.086 0.095 0.044 0.087 0.024 0.06 0.048 0.041 0.037 0.091 0.051;0.098 0.084 0.095 0.044 0.087 0.041 0.113 0.086 0.024 0.06 0.048 0.041 0.091 0.037 0.051;0.098 0.095 0.041 0.024 0.041 0.084 0.044 0.087 0.113 0.06 0.091 0.086 0.037 0.048 0.051;
0.086 0.091 0.055 0.115 0.105 0.089 0.037 0.078 0.033 0.047 0.042 0.042 0.037 0.102 0.041;0.086 0.091 0.089 0.037 0.078 0.055 0.115 0.105 0.033 0.047 0.042 0.042 0.102 0.037 0.041;0.086 0.089 0.055 0.033 0.042 0.091 0.037 0.078 0.115 0.047 0.102 0.105 0.037 0.042 0.041;
0.091 0.105 0.036 0.094 0.116 0.097 0.043 0.072 0.027 0.055 0.04 0.039 0.051 0.096 0.038;0.091 0.105 0.097 0.043 0.072 0.036 0.094 0.116 0.027 0.055 0.04 0.039 0.096 0.051 0.038;0.091 0.097 0.036 0.027 0.039 0.105 0.043 0.072 0.094 0.055 0.096 0.116 0.051 0.04 0.038;
0.079 0.1 0.059 0.101 0.091 0.092 0.046 0.08 0.02 0.045 0.06 0.042 0.04 0.095 0.05;0.079 0.1 0.092 0.046 0.08 0.059 0.101 0.091 0.02 0.045 0.06 0.042 0.095 0.04 0.05;0.079 0.092 0.059 0.02 0.042 0.1 0.046 0.08 0.101 0.045 0.095 0.091 0.04 0.06 0.05;
0.096 0.118 0.052 0.109 0.087 0.096 0.032 0.072 0.03 0.052 0.04 0.04 0.04 0.098 0.038;0.096 0.118 0.096 0.032 0.072 0.052 0.109 0.087 0.03 0.052 0.04 0.04 0.098 0.04 0.038;0.096 0.096 0.052 0.03 0.04 0.118 0.032 0.072 0.109 0.052 0.098 0.087 0.04 0.04 0.038;
0.095 0.103 0.053 0.094 0.108 0.107 0.038 0.063 0.019 0.054 0.037 0.039 0.043 0.106 0.041;0.095 0.103 0.107 0.038 0.063 0.053 0.094 0.108 0.019 0.054 0.037 0.039 0.106 0.043 0.041;0.095 0.107 0.053 0.019 0.039 0.103 0.038 0.063 0.094 0.054 0.106 0.108 0.043 0.037 0.041;
0.102 0.091 0.038 0.106 0.102 0.094 0.033 0.082 0.016 0.057 0.049 0.042 0.053 0.092 0.043;0.102 0.091 0.094 0.033 0.082 0.038 0.106 0.102 0.016 0.057 0.049 0.042 0.092 0.053 0.043;0.102 0.094 0.038 0.016 0.042 0.091 0.033 0.082 0.106 0.057 0.092 0.102 0.053 0.049 0.043;
0.089 0.075 0.054 0.1 0.105 0.092 0.037 0.081 0.029 0.056 0.051 0.062 0.045 0.088 0.036;0.089 0.075 0.092 0.037 0.081 0.054 0.1 0.105 0.029 0.056 0.051 0.062 0.088 0.045 0.036;0.089 0.092 0.054 0.029 0.062 0.075 0.037 0.081 0.1 0.056 0.088 0.105 0.045 0.051 0.036;
0.096 0.104 0.038 0.097 0.1 0.1 0.034 0.086 0.019 0.056 0.037 0.058 0.045 0.086 0.044;0.096 0.104 0.1 0.034 0.086 0.038 0.097 0.1 0.019 0.056 0.037 0.058 0.086 0.045 0.044;0.096 0.1 0.038 0.019 0.058 0.104 0.034 0.086 0.097 0.056 0.086 0.1 0.045 0.037 0.044;
0.083 0.103 0.048 0.107 0.097 0.102 0.041 0.076 0.027 0.062 0.053 0.044 0.036 0.08 0.041;0.083 0.103 0.102 0.041 0.076 0.048 0.107 0.097 0.027 0.062 0.053 0.044 0.08 0.036 0.041;0.083 0.102 0.048 0.027 0.044 0.103 0.041 0.076 0.107 0.062 0.08 0.097 0.036 0.053 0.041;
0.088 0.094 0.034 0.098 0.1 0.099 0.044 0.079 0.029 0.058 0.041 0.058 0.036 0.104 0.038;0.088 0.094 0.099 0.044 0.079 0.034 0.098 0.1 0.029 0.058 0.041 0.058 0.104 0.036 0.038;0.088 0.099 0.034 0.029 0.058 0.094 0.044 0.079 0.098 0.058 0.104 0.1 0.036 0.041 0.038;
0.092 0.098 0.052 0.103 0.095 0.105 0.037 0.071 0.021 0.045 0.033 0.06 0.04 0.097 0.051;0.092 0.098 0.105 0.037 0.071 0.052 0.103 0.095 0.021 0.045 0.033 0.06 0.097 0.04 0.051;0.092 0.105 0.052 0.021 0.06 0.098 0.037 0.071 0.103 0.045 0.097 0.095 0.04 0.033 0.051;
0.07 0.1 0.047 0.104 0.103 0.112 0.027 0.097 0.02 0.051 0.041 0.041 0.041 0.095 0.051;0.07 0.1 0.112 0.027 0.097 0.047 0.104 0.103 0.02 0.051 0.041 0.041 0.095 0.041 0.051;0.07 0.112 0.047 0.02 0.041 0.1 0.027 0.097 0.104 0.051 0.095 0.103 0.041 0.041 0.051;
0.101 0.11 0.05 0.093 0.087 0.089 0.051 0.082 0.031 0.044 0.039 0.048 0.041 0.092 0.042;0.101 0.11 0.089 0.051 0.082 0.05 0.093 0.087 0.031 0.044 0.039 0.048 0.092 0.041 0.042;0.101 0.089 0.05 0.031 0.048 0.11 0.051 0.082 0.093 0.044 0.092 0.087 0.041 0.039 0.042;
0.082 0.101 0.048 0.103 0.091 0.097 0.037 0.083 0.025 0.058 0.052 0.037 0.044 0.099 0.043;0.082 0.101 0.097 0.037 0.083 0.048 0.103 0.091 0.025 0.058 0.052 0.037 0.099 0.044 0.043;0.082 0.097 0.048 0.025 0.037 0.101 0.037 0.083 0.103 0.058 0.099 0.091 0.044 0.052 0.043;
0.098 0.115 0.045 0.109 0.103 0.098 0.037 0.075 0.024 0.048 0.058 0.043 0.044 0.071 0.032;0.098 0.115 0.098 0.037 0.075 0.045 0.109 0.103 0.024 0.048 0.058 0.043 0.071 0.044 0.032;0.098 0.098 0.045 0.024 0.043 0.115 0.037 0.075 0.109 0.048 0.071 0.103 0.044 0.058 0.032;
0.077 0.1 0.046 0.102 0.091 0.093 0.035 0.071 0.024 0.057 0.055 0.044 0.047 0.107 0.051;0.077 0.1 0.093 0.035 0.071 0.046 0.102 0.091 0.024 0.057 0.055 0.044 0.107 0.047 0.051;0.077 0.093 0.046 0.024 0.044 0.1 0.035 0.071 0.102 0.057 0.107 0.091 0.047 0.055 0.051;
0.084 0.1 0.049 0.113 0.092 0.122 0.033 0.064 0.028 0.053 0.044 0.041 0.046 0.095 0.036;0.084 0.1 0.122 0.033 0.064 0.049 0.113 0.092 0.028 0.053 0.044 0.041 0.095 0.046 0.036;0.084 0.122 0.049 0.028 0.041 0.1 0.033 0.064 0.113 0.053 0.095 0.092 0.046 0.044 0.036;
0.091 0.11 0.041 0.107 0.09 0.094 0.03 0.072 0.021 0.05 0.056 0.044 0.051 0.1 0.043;0.091 0.11 0.094 0.03 0.072 0.041 0.107 0.09 0.021 0.05 0.056 0.044 0.1 0.051 0.043;0.091 0.094 0.041 0.021 0.044 0.11 0.03 0.072 0.107 0.05 0.1 0.09 0.051 0.056 0.043;
0.085 0.101 0.057 0.123 0.093 0.102 0.035 0.066 0.02 0.051 0.039 0.04 0.04 0.1 0.048;0.085 0.101 0.102 0.035 0.066 0.057 0.123 0.093 0.02 0.051 0.039 0.04 0.1 0.04 0.048;0.085 0.102 0.057 0.02 0.04 0.101 0.035 0.066 0.123 0.051 0.1 0.093 0.04 0.039 0.048;
0.084 0.093 0.051 0.101 0.114 0.091 0.051 0.085 0.015 0.058 0.037 0.056 0.034 0.086 0.044;0.084 0.093 0.091 0.051 0.085 0.051 0.101 0.114 0.015 0.058 0.037 0.056 0.086 0.034 0.044;0.084 0.091 0.051 0.015 0.056 0.093 0.051 0.085 0.101 0.058 0.086 0.114 0.034 0.037 0.044;
0.097 0.096 0.058 0.107 0.088 0.103 0.048 0.076 0.022 0.061 0.048 0.038 0.034 0.086 0.038;0.097 0.096 0.103 0.048 0.076 0.058 0.107 0.088 0.022 0.061 0.048 0.038 0.086 0.034 0.038;0.097 0.103 0.058 0.022 0.038 0.096 0.048 0.076 0.107 0.061 0.086 0.088 0.034 0.048 0.038;
0.078 0.11 0.046 0.094 0.101 0.11 0.04 0.078 0.021 0.056 0.054 0.052 0.04 0.084 0.036;0.078 0.11 0.11 0.04 0.078 0.046 0.094 0.101 0.021 0.056 0.054 0.052 0.084 0.04 0.036;0.078 0.11 0.046 0.021 0.052 0.11 0.04 0.078 0.094 0.056 0.084 0.101 0.04 0.054 0.036;
0.081 0.093 0.054 0.135 0.096 0.098 0.042 0.064 0.026 0.058 0.039 0.043 0.042 0.076 0.053;0.081 0.093 0.098 0.042 0.064 0.054 0.135 0.096 0.026 0.058 0.039 0.043 0.076 0.042 0.053;0.081 0.098 0.054 0.026 0.043 0.093 0.042 0.064 0.135 0.058 0.076 0.096 0.042 0.039 0.053;
0.088 0.116 0.046 0.086 0.075 0.1 0.037 0.092 0.027 0.052 0.043 0.059 0.035 0.099 0.045;0.088 0.116 0.1 0.037 0.092 0.046 0.086 0.075 0.027 0.052 0.043 0.059 0.099 0.035 0.045;0.088 0.1 0.046 0.027 0.059 0.116 0.037 0.092 0.086 0.052 0.099 0.075 0.035 0.043 0.045;
0.101 0.085 0.045 0.088 0.11 0.109 0.042 0.069 0.027 0.053 0.041 0.056 0.047 0.099 0.028;0.101 0.085 0.109 0.042 0.069 0.045 0.088 0.11 0.027 0.053 0.041 0.056 0.099 0.047 0.028;0.101 0.109 0.045 0.027 0.056 0.085 0.042 0.069 0.088 0.053 0.099 0.11 0.047 0.041 0.028;
0.086 0.094 0.045 0.116 0.085 0.089 0.049 0.084 0.035 0.053 0.037 0.044 0.038 0.103 0.042;0.086 0.094 0.089 0.049 0.084 0.045 0.116 0.085 0.035 0.053 0.037 0.044 0.103 0.038 0.042;0.086 0.089 0.045 0.035 0.044 0.094 0.049 0.084 0.116 0.053 0.103 0.085 0.038 0.037 0.042;
0.083 0.096 0.044 0.106 0.096 0.11 0.049 0.085 0.021 0.043 0.039 0.047 0.033 0.102 0.046;0.083 0.096 0.11 0.049 0.085 0.044 0.106 0.096 0.021 0.043 0.039 0.047 0.102 0.033 0.046;0.083 0.11 0.044 0.021 0.047 0.096 0.049 0.085 0.106 0.043 0.102 0.096 0.033 0.039 0.046;
0.093 0.1 0.048 0.128 0.084 0.087 0.038 0.062 0.027 0.049 0.047 0.042 0.054 0.099 0.042;0.093 0.1 0.087 0.038 0.062 0.048 0.128 0.084 0.027 0.049 0.047 0.042 0.099 0.054 0.042;0.093 0.087 0.048 0.027 0.042 0.1 0.038 0.062 0.128 0.049 0.099 0.084 0.054 0.047 0.042;
0.083 0.104 0.057 0.121 0.073 0.098 0.03 0.082 0.026 0.05 0.058 0.043 0.036 0.095 0.044;0.083 0.104 0.098 0.03 0.082 0.057 0.121 0.073 0.026 0.05 0.058 0.043 0.095 0.036 0.044;0.083 0.098 0.057 0.026 0.043 0.104 0.03 0.082 0.121 0.05 0.095 0.073 0.036 0.058 0.044;
0.088 0.111 0.042 0.118 0.096 0.094 0.033 0.078 0.025 0.05 0.052 0.05 0.034 0.083 0.046;0.088 0.111 0.094 0.033 0.078 0.042 0.118 0.096 0.025 0.05 0.052 0.05 0.083 0.034 0.046;0.088 0.094 0.042 0.025 0.05 0.111 0.033 0.078 0.118 0.05 0.083 0.096 0.034 0.052 0.046;
0.086 0.098 0.05 0.112 0.085 0.098 0.039 0.077 0.022 0.059 0.041 0.033 0.048 0.11 0.042;0.086 0.098 0.098 0.039 0.077 0.05 0.112 0.085 0.022 0.059 0.041 0.033 0.11 0.048 0.042;0.086 0.098 0.05 0.022 0.033 0.098 0.039 0.077 0.112 0.059 0.11 0.085 0.048 0.041 0.042;
0.086 0.099 0.041 0.104 0.094 0.112 0.038 0.09 0.027 0.03 0.042 0.041 0.051 0.092 0.053;0.086 0.099 0.112 0.038 0.09 0.041 0.104 0.094 0.027 0.03 0.042 0.041 0.092 0.051 0.053;0.086 0.112 0.041 0.027 0.041 0.099 0.038 0.09 0.104 0.03 0.092 0.094 0.051 0.042 0.053;
0.089 0.101 0.054 0.101 0.088 0.117 0.04 0.057 0.03 0.053 0.045 0.051 0.033 0.093 0.048;0.089 0.101 0.117 0.04 0.057 0.054 0.101 0.088 0.03 0.053 0.045 0.051 0.093 0.033 0.048;0.089 0.117 0.054 0.03 0.051 0.101 0.04 0.057 0.101 0.053 0.093 0.088 0.033 0.045 0.048];