pntP=[0.16 0.102 0.059 0.112 0.072 0.108 0.033 0.053 0.026 0.057 0.032 0.038 0.025 0.094 0.029;0.16 0.102 0.108 0.033 0.053 0.059 0.112 0.072 0.026 0.057 0.032 0.038 0.094 0.025 0.029;0.16 0.108 0.059 0.026 0.038 0.102 0.033 0.053 0.112 0.057 0.094 0.072 0.025 0.032 0.029;
0.161 0.091 0.064 0.106 0.092 0.117 0.032 0.044 0.021 0.056 0.04 0.032 0.028 0.086 0.03;0.161 0.091 0.117 0.032 0.044 0.064 0.106 0.092 0.021 0.056 0.04 0.032 0.086 0.028 0.03;0.161 0.117 0.064 0.021 0.032 0.091 0.032 0.044 0.106 0.056 0.086 0.092 0.028 0.04 0.03;
0.168 0.109 0.051 0.126 0.088 0.099 0.021 0.053 0.017 0.073 0.033 0.03 0.023 0.078 0.031;0.168 0.109 0.099 0.021 0.053 0.051 0.126 0.088 0.017 0.073 0.033 0.03 0.078 0.023 0.031;0.168 0.099 0.051 0.017 0.03 0.109 0.021 0.053 0.126 0.073 0.078 0.088 0.023 0.033 0.031;
0.144 0.117 0.063 0.113 0.088 0.111 0.03 0.067 0.018 0.053 0.037 0.031 0.031 0.074 0.023;0.144 0.117 0.111 0.03 0.067 0.063 0.113 0.088 0.018 0.053 0.037 0.031 0.074 0.031 0.023;0.144 0.111 0.063 0.018 0.031 0.117 0.03 0.067 0.113 0.053 0.074 0.088 0.031 0.037 0.023;
0.166 0.108 0.053 0.101 0.074 0.104 0.028 0.05 0.027 0.069 0.038 0.033 0.03 0.092 0.027;0.166 0.108 0.104 0.028 0.05 0.053 0.101 0.074 0.027 0.069 0.038 0.033 0.092 0.03 0.027;0.166 0.104 0.053 0.027 0.033 0.108 0.028 0.05 0.101 0.069 0.092 0.074 0.03 0.038 0.027;
0.16 0.105 0.044 0.122 0.084 0.121 0.034 0.06 0.018 0.052 0.042 0.025 0.024 0.085 0.024;0.16 0.105 0.121 0.034 0.06 0.044 0.122 0.084 0.018 0.052 0.042 0.025 0.085 0.024 0.024;0.16 0.121 0.044 0.018 0.025 0.105 0.034 0.06 0.122 0.052 0.085 0.084 0.024 0.042 0.024;
0.142 0.104 0.063 0.13 0.077 0.119 0.039 0.036 0.02 0.064 0.037 0.021 0.028 0.089 0.031;0.142 0.104 0.119 0.039 0.036 0.063 0.13 0.077 0.02 0.064 0.037 0.021 0.089 0.028 0.031;0.142 0.119 0.063 0.02 0.021 0.104 0.039 0.036 0.13 0.064 0.089 0.077 0.028 0.037 0.031;
0.162 0.122 0.056 0.122 0.072 0.106 0.023 0.05 0.026 0.056 0.035 0.034 0.024 0.081 0.031;0.162 0.122 0.106 0.023 0.05 0.056 0.122 0.072 0.026 0.056 0.035 0.034 0.081 0.024 0.031;0.162 0.106 0.056 0.026 0.034 0.122 0.023 0.05 0.122 0.056 0.081 0.072 0.024 0.035 0.031;
0.153 0.106 0.065 0.126 0.075 0.106 0.03 0.05 0.026 0.06 0.036 0.031 0.035 0.074 0.027;0.153 0.106 0.106 0.03 0.05 0.065 0.126 0.075 0.026 0.06 0.036 0.031 0.074 0.035 0.027;0.153 0.106 0.065 0.026 0.031 0.106 0.03 0.05 0.126 0.06 0.074 0.075 0.035 0.036 0.027;
0.172 0.118 0.049 0.114 0.079 0.1 0.032 0.058 0.021 0.062 0.03 0.037 0.033 0.072 0.023;0.172 0.118 0.1 0.032 0.058 0.049 0.114 0.079 0.021 0.062 0.03 0.037 0.072 0.033 0.023;0.172 0.1 0.049 0.021 0.037 0.118 0.032 0.058 0.114 0.062 0.072 0.079 0.033 0.03 0.023;
0.161 0.112 0.052 0.139 0.085 0.105 0.021 0.039 0.02 0.062 0.04 0.029 0.015 0.096 0.024;0.161 0.112 0.105 0.021 0.039 0.052 0.139 0.085 0.02 0.062 0.04 0.029 0.096 0.015 0.024;0.161 0.105 0.052 0.02 0.029 0.112 0.021 0.039 0.139 0.062 0.096 0.085 0.015 0.04 0.024;
0.172 0.102 0.065 0.133 0.075 0.095 0.024 0.05 0.026 0.059 0.035 0.036 0.027 0.075 0.026;0.172 0.102 0.095 0.024 0.05 0.065 0.133 0.075 0.026 0.059 0.035 0.036 0.075 0.027 0.026;0.172 0.095 0.065 0.026 0.036 0.102 0.024 0.05 0.133 0.059 0.075 0.075 0.027 0.035 0.026;
0.176 0.106 0.07 0.109 0.079 0.094 0.028 0.059 0.018 0.064 0.032 0.039 0.027 0.074 0.025;0.176 0.106 0.094 0.028 0.059 0.07 0.109 0.079 0.018 0.064 0.032 0.039 0.074 0.027 0.025;0.176 0.094 0.07 0.018 0.039 0.106 0.028 0.059 0.109 0.064 0.074 0.079 0.027 0.032 0.025;
0.149 0.098 0.06 0.134 0.078 0.117 0.026 0.049 0.02 0.06 0.028 0.037 0.031 0.083 0.03;0.149 0.098 0.117 0.026 0.049 0.06 0.134 0.078 0.02 0.06 0.028 0.037 0.083 0.031 0.03;0.149 0.117 0.06 0.02 0.037 0.098 0.026 0.049 0.134 0.06 0.083 0.078 0.031 0.028 0.03;
0.173 0.11 0.06 0.098 0.068 0.122 0.03 0.051 0.025 0.065 0.028 0.036 0.028 0.075 0.031;0.173 0.11 0.122 0.03 0.051 0.06 0.098 0.068 0.025 0.065 0.028 0.036 0.075 0.028 0.031;0.173 0.122 0.06 0.025 0.036 0.11 0.03 0.051 0.098 0.065 0.075 0.068 0.028 0.028 0.031;
0.155 0.117 0.061 0.117 0.089 0.11 0.031 0.048 0.023 0.072 0.028 0.031 0.027 0.068 0.023;0.155 0.117 0.11 0.031 0.048 0.061 0.117 0.089 0.023 0.072 0.028 0.031 0.068 0.027 0.023;0.155 0.11 0.061 0.023 0.031 0.117 0.031 0.048 0.117 0.072 0.068 0.089 0.027 0.028 0.023;
0.155 0.1 0.061 0.119 0.077 0.13 0.026 0.056 0.014 0.07 0.04 0.037 0.028 0.061 0.026;0.155 0.1 0.13 0.026 0.056 0.061 0.119 0.077 0.014 0.07 0.04 0.037 0.061 0.028 0.026;0.155 0.13 0.061 0.014 0.037 0.1 0.026 0.056 0.119 0.07 0.061 0.077 0.028 0.04 0.026;
0.153 0.08 0.064 0.123 0.091 0.117 0.019 0.056 0.015 0.064 0.045 0.038 0.029 0.077 0.029;0.153 0.08 0.117 0.019 0.056 0.064 0.123 0.091 0.015 0.064 0.045 0.038 0.077 0.029 0.029;0.153 0.117 0.064 0.015 0.038 0.08 0.019 0.056 0.123 0.064 0.077 0.091 0.029 0.045 0.029;
0.166 0.124 0.062 0.114 0.085 0.102 0.027 0.039 0.017 0.065 0.036 0.044 0.024 0.075 0.02;0.166 0.124 0.102 0.027 0.039 0.062 0.114 0.085 0.017 0.065 0.036 0.044 0.075 0.024 0.02;0.166 0.102 0.062 0.017 0.044 0.124 0.027 0.039 0.114 0.065 0.075 0.085 0.024 0.036 0.02;
0.139 0.111 0.058 0.132 0.082 0.109 0.034 0.045 0.021 0.068 0.028 0.031 0.029 0.09 0.023;0.139 0.111 0.109 0.034 0.045 0.058 0.132 0.082 0.021 0.068 0.028 0.031 0.09 0.029 0.023;0.139 0.109 0.058 0.021 0.031 0.111 0.034 0.045 0.132 0.068 0.09 0.082 0.029 0.028 0.023;
0.168 0.097 0.07 0.126 0.065 0.111 0.026 0.052 0.026 0.059 0.03 0.036 0.031 0.077 0.026;0.168 0.097 0.111 0.026 0.052 0.07 0.126 0.065 0.026 0.059 0.03 0.036 0.077 0.031 0.026;0.168 0.111 0.07 0.026 0.036 0.097 0.026 0.052 0.126 0.059 0.077 0.065 0.031 0.03 0.026;
0.147 0.11 0.057 0.138 0.074 0.093 0.036 0.05 0.024 0.062 0.026 0.038 0.024 0.09 0.031;0.147 0.11 0.093 0.036 0.05 0.057 0.138 0.074 0.024 0.062 0.026 0.038 0.09 0.024 0.031;0.147 0.093 0.057 0.024 0.038 0.11 0.036 0.05 0.138 0.062 0.09 0.074 0.024 0.026 0.031;
0.169 0.094 0.076 0.115 0.064 0.109 0.028 0.048 0.017 0.066 0.033 0.039 0.033 0.083 0.026;0.169 0.094 0.109 0.028 0.048 0.076 0.115 0.064 0.017 0.066 0.033 0.039 0.083 0.033 0.026;0.169 0.109 0.076 0.017 0.039 0.094 0.028 0.048 0.115 0.066 0.083 0.064 0.033 0.033 0.026;
0.164 0.086 0.065 0.102 0.1 0.11 0.026 0.05 0.024 0.064 0.033 0.036 0.029 0.089 0.022;0.164 0.086 0.11 0.026 0.05 0.065 0.102 0.1 0.024 0.064 0.033 0.036 0.089 0.029 0.022;0.164 0.11 0.065 0.024 0.036 0.086 0.026 0.05 0.102 0.064 0.089 0.1 0.029 0.033 0.022;
0.184 0.099 0.067 0.128 0.069 0.102 0.025 0.052 0.021 0.056 0.031 0.031 0.037 0.08 0.018;0.184 0.099 0.102 0.025 0.052 0.067 0.128 0.069 0.021 0.056 0.031 0.031 0.08 0.037 0.018;0.184 0.102 0.067 0.021 0.031 0.099 0.025 0.052 0.128 0.056 0.08 0.069 0.037 0.031 0.018;
0.158 0.108 0.064 0.122 0.081 0.103 0.021 0.044 0.018 0.058 0.047 0.048 0.021 0.077 0.03;0.158 0.108 0.103 0.021 0.044 0.064 0.122 0.081 0.018 0.058 0.047 0.048 0.077 0.021 0.03;0.158 0.103 0.064 0.018 0.048 0.108 0.021 0.044 0.122 0.058 0.077 0.081 0.021 0.047 0.03;
0.173 0.098 0.063 0.136 0.076 0.111 0.027 0.056 0.026 0.057 0.023 0.037 0.022 0.066 0.029;0.173 0.098 0.111 0.027 0.056 0.063 0.136 0.076 0.026 0.057 0.023 0.037 0.066 0.022 0.029;0.173 0.111 0.063 0.026 0.037 0.098 0.027 0.056 0.136 0.057 0.066 0.076 0.022 0.023 0.029;
0.141 0.123 0.059 0.129 0.069 0.118 0.029 0.048 0.026 0.054 0.038 0.045 0.03 0.073 0.018;0.141 0.123 0.118 0.029 0.048 0.059 0.129 0.069 0.026 0.054 0.038 0.045 0.073 0.03 0.018;0.141 0.118 0.059 0.026 0.045 0.123 0.029 0.048 0.129 0.054 0.073 0.069 0.03 0.038 0.018;
0.175 0.12 0.061 0.121 0.079 0.088 0.025 0.05 0.024 0.045 0.04 0.029 0.036 0.073 0.034;0.175 0.12 0.088 0.025 0.05 0.061 0.121 0.079 0.024 0.045 0.04 0.029 0.073 0.036 0.034;0.175 0.088 0.061 0.024 0.029 0.12 0.025 0.05 0.121 0.045 0.073 0.079 0.036 0.04 0.034;
0.154 0.116 0.059 0.12 0.066 0.097 0.029 0.06 0.018 0.077 0.037 0.035 0.025 0.077 0.03;0.154 0.116 0.097 0.029 0.06 0.059 0.12 0.066 0.018 0.077 0.037 0.035 0.077 0.025 0.03;0.154 0.097 0.059 0.018 0.035 0.116 0.029 0.06 0.12 0.077 0.077 0.066 0.025 0.037 0.03;
0.137 0.122 0.061 0.121 0.087 0.111 0.03 0.053 0.015 0.055 0.034 0.038 0.025 0.088 0.023;0.137 0.122 0.111 0.03 0.053 0.061 0.121 0.087 0.015 0.055 0.034 0.038 0.088 0.025 0.023;0.137 0.111 0.061 0.015 0.038 0.122 0.03 0.053 0.121 0.055 0.088 0.087 0.025 0.034 0.023;
0.148 0.113 0.061 0.124 0.044 0.118 0.035 0.043 0.026 0.079 0.039 0.032 0.03 0.086 0.022;0.148 0.113 0.118 0.035 0.043 0.061 0.124 0.044 0.026 0.079 0.039 0.032 0.086 0.03 0.022;0.148 0.118 0.061 0.026 0.032 0.113 0.035 0.043 0.124 0.079 0.086 0.044 0.03 0.039 0.022;
0.171 0.091 0.055 0.124 0.078 0.104 0.031 0.047 0.026 0.066 0.039 0.031 0.027 0.085 0.025;0.171 0.091 0.104 0.031 0.047 0.055 0.124 0.078 0.026 0.066 0.039 0.031 0.085 0.027 0.025;0.171 0.104 0.055 0.026 0.031 0.091 0.031 0.047 0.124 0.066 0.085 0.078 0.027 0.039 0.025;
0.162 0.116 0.057 0.133 0.062 0.103 0.019 0.054 0.018 0.062 0.031 0.034 0.03 0.089 0.03;0.162 0.116 0.103 0.019 0.054 0.057 0.133 0.062 0.018 0.062 0.031 0.034 0.089 0.03 0.03;0.162 0.103 0.057 0.018 0.034 0.116 0.019 0.054 0.133 0.062 0.089 0.062 0.03 0.031 0.03;
0.173 0.113 0.076 0.114 0.081 0.092 0.031 0.062 0.017 0.048 0.044 0.029 0.027 0.07 0.023;0.173 0.113 0.092 0.031 0.062 0.076 0.114 0.081 0.017 0.048 0.044 0.029 0.07 0.027 0.023;0.173 0.092 0.076 0.017 0.029 0.113 0.031 0.062 0.114 0.048 0.07 0.081 0.027 0.044 0.023;
0.167 0.108 0.051 0.118 0.085 0.093 0.024 0.057 0.02 0.054 0.044 0.045 0.039 0.064 0.031;0.167 0.108 0.093 0.024 0.057 0.051 0.118 0.085 0.02 0.054 0.044 0.045 0.064 0.039 0.031;0.167 0.093 0.051 0.02 0.045 0.108 0.024 0.057 0.118 0.054 0.064 0.085 0.039 0.044 0.031;
0.168 0.11 0.051 0.131 0.086 0.11 0.02 0.057 0.023 0.061 0.032 0.035 0.02 0.067 0.029;0.168 0.11 0.11 0.02 0.057 0.051 0.131 0.086 0.023 0.061 0.032 0.035 0.067 0.02 0.029;0.168 0.11 0.051 0.023 0.035 0.11 0.02 0.057 0.131 0.061 0.067 0.086 0.02 0.032 0.029;
0.153 0.124 0.059 0.121 0.081 0.102 0.03 0.046 0.031 0.07 0.025 0.034 0.029 0.068 0.027;0.153 0.124 0.102 0.03 0.046 0.059 0.121 0.081 0.031 0.07 0.025 0.034 0.068 0.029 0.027;0.153 0.102 0.059 0.031 0.034 0.124 0.03 0.046 0.121 0.07 0.068 0.081 0.029 0.025 0.027;
0.158 0.126 0.068 0.138 0.065 0.127 0.025 0.042 0.02 0.063 0.028 0.048 0.018 0.06 0.014;0.158 0.126 0.127 0.025 0.042 0.068 0.138 0.065 0.02 0.063 0.028 0.048 0.06 0.018 0.014;0.158 0.127 0.068 0.02 0.048 0.126 0.025 0.042 0.138 0.063 0.06 0.065 0.018 0.028 0.014;
0.166 0.113 0.062 0.123 0.084 0.133 0.029 0.037 0.028 0.046 0.03 0.03 0.021 0.075 0.023;0.166 0.113 0.133 0.029 0.037 0.062 0.123 0.084 0.028 0.046 0.03 0.03 0.075 0.021 0.023;0.166 0.133 0.062 0.028 0.03 0.113 0.029 0.037 0.123 0.046 0.075 0.084 0.021 0.03 0.023;
0.174 0.105 0.056 0.112 0.083 0.107 0.019 0.049 0.024 0.065 0.042 0.039 0.036 0.064 0.025;0.174 0.105 0.107 0.019 0.049 0.056 0.112 0.083 0.024 0.065 0.042 0.039 0.064 0.036 0.025;0.174 0.107 0.056 0.024 0.039 0.105 0.019 0.049 0.112 0.065 0.064 0.083 0.036 0.042 0.025;
0.18 0.095 0.054 0.128 0.077 0.094 0.04 0.044 0.021 0.065 0.031 0.029 0.033 0.081 0.028;0.18 0.095 0.094 0.04 0.044 0.054 0.128 0.077 0.021 0.065 0.031 0.029 0.081 0.033 0.028;0.18 0.094 0.054 0.021 0.029 0.095 0.04 0.044 0.128 0.065 0.081 0.077 0.033 0.031 0.028;
0.159 0.109 0.056 0.115 0.072 0.116 0.03 0.055 0.029 0.074 0.029 0.033 0.027 0.074 0.022;0.159 0.109 0.116 0.03 0.055 0.056 0.115 0.072 0.029 0.074 0.029 0.033 0.074 0.027 0.022;0.159 0.116 0.056 0.029 0.033 0.109 0.03 0.055 0.115 0.074 0.074 0.072 0.027 0.029 0.022;
0.159 0.099 0.068 0.115 0.097 0.097 0.03 0.048 0.023 0.06 0.024 0.039 0.029 0.086 0.026;0.159 0.099 0.097 0.03 0.048 0.068 0.115 0.097 0.023 0.06 0.024 0.039 0.086 0.029 0.026;0.159 0.097 0.068 0.023 0.039 0.099 0.03 0.048 0.115 0.06 0.086 0.097 0.029 0.024 0.026;
0.161 0.112 0.058 0.131 0.07 0.107 0.028 0.053 0.031 0.057 0.034 0.042 0.029 0.065 0.022;0.161 0.112 0.107 0.028 0.053 0.058 0.131 0.07 0.031 0.057 0.034 0.042 0.065 0.029 0.022;0.161 0.107 0.058 0.031 0.042 0.112 0.028 0.053 0.131 0.057 0.065 0.07 0.029 0.034 0.022;
0.142 0.09 0.069 0.131 0.093 0.098 0.026 0.056 0.026 0.055 0.034 0.039 0.035 0.088 0.018;0.142 0.09 0.098 0.026 0.056 0.069 0.131 0.093 0.026 0.055 0.034 0.039 0.088 0.035 0.018;0.142 0.098 0.069 0.026 0.039 0.09 0.026 0.056 0.131 0.055 0.088 0.093 0.035 0.034 0.018;
0.19 0.101 0.065 0.114 0.086 0.103 0.014 0.046 0.015 0.049 0.032 0.045 0.031 0.083 0.026;0.19 0.101 0.103 0.014 0.046 0.065 0.114 0.086 0.015 0.049 0.032 0.045 0.083 0.031 0.026;0.19 0.103 0.065 0.015 0.045 0.101 0.014 0.046 0.114 0.049 0.083 0.086 0.031 0.032 0.026;
0.17 0.112 0.067 0.114 0.073 0.115 0.033 0.062 0.019 0.054 0.03 0.03 0.022 0.072 0.027;0.17 0.112 0.115 0.033 0.062 0.067 0.114 0.073 0.019 0.054 0.03 0.03 0.072 0.022 0.027;0.17 0.115 0.067 0.019 0.03 0.112 0.033 0.062 0.114 0.054 0.072 0.073 0.022 0.03 0.027;
0.161 0.116 0.056 0.107 0.084 0.108 0.028 0.064 0.018 0.062 0.034 0.033 0.029 0.07 0.03;0.161 0.116 0.108 0.028 0.064 0.056 0.107 0.084 0.018 0.062 0.034 0.033 0.07 0.029 0.03;0.161 0.108 0.056 0.018 0.033 0.116 0.028 0.064 0.107 0.062 0.07 0.084 0.029 0.034 0.03;
0.175 0.116 0.068 0.1 0.067 0.125 0.019 0.05 0.021 0.063 0.033 0.04 0.019 0.081 0.023;0.175 0.116 0.125 0.019 0.05 0.068 0.1 0.067 0.021 0.063 0.033 0.04 0.081 0.019 0.023;0.175 0.125 0.068 0.021 0.04 0.116 0.019 0.05 0.1 0.063 0.081 0.067 0.019 0.033 0.023;
0.194 0.121 0.067 0.107 0.071 0.101 0.028 0.042 0.022 0.063 0.038 0.035 0.028 0.059 0.024;0.194 0.121 0.101 0.028 0.042 0.067 0.107 0.071 0.022 0.063 0.038 0.035 0.059 0.028 0.024;0.194 0.101 0.067 0.022 0.035 0.121 0.028 0.042 0.107 0.063 0.059 0.071 0.028 0.038 0.024;
0.155 0.122 0.044 0.119 0.07 0.127 0.029 0.045 0.024 0.069 0.025 0.043 0.029 0.073 0.026;0.155 0.122 0.127 0.029 0.045 0.044 0.119 0.07 0.024 0.069 0.025 0.043 0.073 0.029 0.026;0.155 0.127 0.044 0.024 0.043 0.122 0.029 0.045 0.119 0.069 0.073 0.07 0.029 0.025 0.026;
0.164 0.081 0.054 0.115 0.099 0.107 0.025 0.059 0.024 0.073 0.04 0.029 0.026 0.082 0.022;0.164 0.081 0.107 0.025 0.059 0.054 0.115 0.099 0.024 0.073 0.04 0.029 0.082 0.026 0.022;0.164 0.107 0.054 0.024 0.029 0.081 0.025 0.059 0.115 0.073 0.082 0.099 0.026 0.04 0.022;
0.192 0.099 0.055 0.122 0.071 0.1 0.022 0.054 0.014 0.063 0.042 0.042 0.021 0.076 0.027;0.192 0.099 0.1 0.022 0.054 0.055 0.122 0.071 0.014 0.063 0.042 0.042 0.076 0.021 0.027;0.192 0.1 0.055 0.014 0.042 0.099 0.022 0.054 0.122 0.063 0.076 0.071 0.021 0.042 0.027;
0.145 0.117 0.061 0.115 0.08 0.112 0.026 0.058 0.021 0.08 0.04 0.032 0.023 0.072 0.018;0.145 0.117 0.112 0.026 0.058 0.061 0.115 0.08 0.021 0.08 0.04 0.032 0.072 0.023 0.018;0.145 0.112 0.061 0.021 0.032 0.117 0.026 0.058 0.115 0.08 0.072 0.08 0.023 0.04 0.018;
0.134 0.133 0.063 0.117 0.08 0.098 0.027 0.049 0.015 0.06 0.038 0.044 0.041 0.075 0.026;0.134 0.133 0.098 0.027 0.049 0.063 0.117 0.08 0.015 0.06 0.038 0.044 0.075 0.041 0.026;0.134 0.098 0.063 0.015 0.044 0.133 0.027 0.049 0.117 0.06 0.075 0.08 0.041 0.038 0.026;
0.17 0.133 0.051 0.114 0.082 0.114 0.022 0.061 0.022 0.052 0.02 0.03 0.03 0.074 0.025;0.17 0.133 0.114 0.022 0.061 0.051 0.114 0.082 0.022 0.052 0.02 0.03 0.074 0.03 0.025;0.17 0.114 0.051 0.022 0.03 0.133 0.022 0.061 0.114 0.052 0.074 0.082 0.03 0.02 0.025;
0.171 0.114 0.064 0.111 0.076 0.12 0.019 0.051 0.021 0.071 0.028 0.031 0.024 0.08 0.019;0.171 0.114 0.12 0.019 0.051 0.064 0.111 0.076 0.021 0.071 0.028 0.031 0.08 0.024 0.019;0.171 0.12 0.064 0.021 0.031 0.114 0.019 0.051 0.111 0.071 0.08 0.076 0.024 0.028 0.019;
0.156 0.101 0.063 0.115 0.077 0.11 0.035 0.042 0.019 0.065 0.036 0.037 0.036 0.074 0.034;0.156 0.101 0.11 0.035 0.042 0.063 0.115 0.077 0.019 0.065 0.036 0.037 0.074 0.036 0.034;0.156 0.11 0.063 0.019 0.037 0.101 0.035 0.042 0.115 0.065 0.074 0.077 0.036 0.036 0.034;
0.16 0.097 0.071 0.134 0.083 0.104 0.024 0.046 0.022 0.062 0.03 0.026 0.029 0.093 0.019;0.16 0.097 0.104 0.024 0.046 0.071 0.134 0.083 0.022 0.062 0.03 0.026 0.093 0.029 0.019;0.16 0.104 0.071 0.022 0.026 0.097 0.024 0.046 0.134 0.062 0.093 0.083 0.029 0.03 0.019;
0.171 0.109 0.056 0.112 0.08 0.125 0.03 0.051 0.015 0.055 0.04 0.028 0.026 0.079 0.023;0.171 0.109 0.125 0.03 0.051 0.056 0.112 0.08 0.015 0.055 0.04 0.028 0.079 0.026 0.023;0.171 0.125 0.056 0.015 0.028 0.109 0.03 0.051 0.112 0.055 0.079 0.08 0.026 0.04 0.023;
0.151 0.116 0.071 0.115 0.076 0.108 0.041 0.057 0.023 0.046 0.032 0.032 0.027 0.08 0.025;0.151 0.116 0.108 0.041 0.057 0.071 0.115 0.076 0.023 0.046 0.032 0.032 0.08 0.027 0.025;0.151 0.108 0.071 0.023 0.032 0.116 0.041 0.057 0.115 0.046 0.08 0.076 0.027 0.032 0.025;
0.16 0.119 0.058 0.135 0.075 0.093 0.026 0.047 0.029 0.07 0.036 0.031 0.023 0.071 0.027;0.16 0.119 0.093 0.026 0.047 0.058 0.135 0.075 0.029 0.07 0.036 0.031 0.071 0.023 0.027;0.16 0.093 0.058 0.029 0.031 0.119 0.026 0.047 0.135 0.07 0.071 0.075 0.023 0.036 0.027;
0.138 0.122 0.052 0.117 0.068 0.119 0.028 0.043 0.023 0.07 0.032 0.038 0.03 0.091 0.029;0.138 0.122 0.119 0.028 0.043 0.052 0.117 0.068 0.023 0.07 0.032 0.038 0.091 0.03 0.029;0.138 0.119 0.052 0.023 0.038 0.122 0.028 0.043 0.117 0.07 0.091 0.068 0.03 0.032 0.029;
0.173 0.103 0.055 0.126 0.078 0.114 0.017 0.055 0.021 0.068 0.037 0.041 0.025 0.058 0.029;0.173 0.103 0.114 0.017 0.055 0.055 0.126 0.078 0.021 0.068 0.037 0.041 0.058 0.025 0.029;0.173 0.114 0.055 0.021 0.041 0.103 0.017 0.055 0.126 0.068 0.058 0.078 0.025 0.037 0.029;
0.163 0.107 0.059 0.134 0.086 0.109 0.036 0.039 0.028 0.055 0.026 0.034 0.025 0.081 0.018;0.163 0.107 0.109 0.036 0.039 0.059 0.134 0.086 0.028 0.055 0.026 0.034 0.081 0.025 0.018;0.163 0.109 0.059 0.028 0.034 0.107 0.036 0.039 0.134 0.055 0.081 0.086 0.025 0.026 0.018;
0.164 0.119 0.059 0.116 0.077 0.12 0.026 0.048 0.024 0.064 0.034 0.02 0.021 0.082 0.026;0.164 0.119 0.12 0.026 0.048 0.059 0.116 0.077 0.024 0.064 0.034 0.02 0.082 0.021 0.026;0.164 0.12 0.059 0.024 0.02 0.119 0.026 0.048 0.116 0.064 0.082 0.077 0.021 0.034 0.026;
0.157 0.117 0.054 0.124 0.078 0.118 0.024 0.055 0.014 0.072 0.027 0.04 0.028 0.072 0.02;0.157 0.117 0.118 0.024 0.055 0.054 0.124 0.078 0.014 0.072 0.027 0.04 0.072 0.028 0.02;0.157 0.118 0.054 0.014 0.04 0.117 0.024 0.055 0.124 0.072 0.072 0.078 0.028 0.027 0.02;
0.149 0.107 0.052 0.117 0.084 0.117 0.032 0.041 0.024 0.073 0.039 0.036 0.033 0.068 0.028;0.149 0.107 0.117 0.032 0.041 0.052 0.117 0.084 0.024 0.073 0.039 0.036 0.068 0.033 0.028;0.149 0.117 0.052 0.024 0.036 0.107 0.032 0.041 0.117 0.073 0.068 0.084 0.033 0.039 0.028;
0.172 0.129 0.034 0.11 0.087 0.112 0.03 0.056 0.023 0.065 0.013 0.036 0.031 0.083 0.019;0.172 0.129 0.112 0.03 0.056 0.034 0.11 0.087 0.023 0.065 0.013 0.036 0.083 0.031 0.019;0.172 0.112 0.034 0.023 0.036 0.129 0.03 0.056 0.11 0.065 0.083 0.087 0.031 0.013 0.019;
0.171 0.107 0.072 0.103 0.071 0.124 0.03 0.054 0.031 0.059 0.029 0.032 0.022 0.067 0.028;0.171 0.107 0.124 0.03 0.054 0.072 0.103 0.071 0.031 0.059 0.029 0.032 0.067 0.022 0.028;0.171 0.124 0.072 0.031 0.032 0.107 0.03 0.054 0.103 0.059 0.067 0.071 0.022 0.029 0.028;
0.16 0.098 0.078 0.114 0.066 0.11 0.027 0.057 0.025 0.065 0.027 0.041 0.039 0.063 0.03;0.16 0.098 0.11 0.027 0.057 0.078 0.114 0.066 0.025 0.065 0.027 0.041 0.063 0.039 0.03;0.16 0.11 0.078 0.025 0.041 0.098 0.027 0.057 0.114 0.065 0.063 0.066 0.039 0.027 0.03;
0.163 0.12 0.056 0.107 0.077 0.096 0.027 0.055 0.03 0.069 0.028 0.022 0.026 0.1 0.024;0.163 0.12 0.096 0.027 0.055 0.056 0.107 0.077 0.03 0.069 0.028 0.022 0.1 0.026 0.024;0.163 0.096 0.056 0.03 0.022 0.12 0.027 0.055 0.107 0.069 0.1 0.077 0.026 0.028 0.024;
0.158 0.11 0.07 0.104 0.075 0.111 0.023 0.051 0.017 0.082 0.032 0.032 0.03 0.078 0.027;0.158 0.11 0.111 0.023 0.051 0.07 0.104 0.075 0.017 0.082 0.032 0.032 0.078 0.03 0.027;0.158 0.111 0.07 0.017 0.032 0.11 0.023 0.051 0.104 0.082 0.078 0.075 0.03 0.032 0.027;
0.157 0.098 0.06 0.118 0.082 0.117 0.032 0.041 0.019 0.066 0.026 0.037 0.032 0.084 0.031;0.157 0.098 0.117 0.032 0.041 0.06 0.118 0.082 0.019 0.066 0.026 0.037 0.084 0.032 0.031;0.157 0.117 0.06 0.019 0.037 0.098 0.032 0.041 0.118 0.066 0.084 0.082 0.032 0.026 0.031;
0.16 0.114 0.061 0.126 0.087 0.11 0.036 0.05 0.021 0.048 0.024 0.035 0.018 0.088 0.022;0.16 0.114 0.11 0.036 0.05 0.061 0.126 0.087 0.021 0.048 0.024 0.035 0.088 0.018 0.022;0.16 0.11 0.061 0.021 0.035 0.114 0.036 0.05 0.126 0.048 0.088 0.087 0.018 0.024 0.022;
0.18 0.105 0.056 0.136 0.076 0.101 0.025 0.048 0.016 0.06 0.029 0.035 0.023 0.077 0.033;0.18 0.105 0.101 0.025 0.048 0.056 0.136 0.076 0.016 0.06 0.029 0.035 0.077 0.023 0.033;0.18 0.101 0.056 0.016 0.035 0.105 0.025 0.048 0.136 0.06 0.077 0.076 0.023 0.029 0.033;
0.173 0.107 0.063 0.119 0.074 0.115 0.02 0.06 0.023 0.066 0.032 0.033 0.022 0.072 0.021;0.173 0.107 0.115 0.02 0.06 0.063 0.119 0.074 0.023 0.066 0.032 0.033 0.072 0.022 0.021;0.173 0.115 0.063 0.023 0.033 0.107 0.02 0.06 0.119 0.066 0.072 0.074 0.022 0.032 0.021;
0.167 0.109 0.06 0.097 0.065 0.119 0.03 0.049 0.026 0.073 0.035 0.032 0.028 0.092 0.018;0.167 0.109 0.119 0.03 0.049 0.06 0.097 0.065 0.026 0.073 0.035 0.032 0.092 0.028 0.018;0.167 0.119 0.06 0.026 0.032 0.109 0.03 0.049 0.097 0.073 0.092 0.065 0.028 0.035 0.018;
0.171 0.13 0.053 0.126 0.073 0.111 0.031 0.045 0.017 0.05 0.04 0.03 0.03 0.073 0.02;0.171 0.13 0.111 0.031 0.045 0.053 0.126 0.073 0.017 0.05 0.04 0.03 0.073 0.03 0.02;0.171 0.111 0.053 0.017 0.03 0.13 0.031 0.045 0.126 0.05 0.073 0.073 0.03 0.04 0.02;
0.17 0.122 0.053 0.099 0.084 0.112 0.032 0.054 0.024 0.056 0.025 0.038 0.025 0.074 0.032;0.17 0.122 0.112 0.032 0.054 0.053 0.099 0.084 0.024 0.056 0.025 0.038 0.074 0.025 0.032;0.17 0.112 0.053 0.024 0.038 0.122 0.032 0.054 0.099 0.056 0.074 0.084 0.025 0.025 0.032;
0.145 0.095 0.069 0.11 0.069 0.123 0.028 0.052 0.027 0.066 0.031 0.043 0.034 0.088 0.02;0.145 0.095 0.123 0.028 0.052 0.069 0.11 0.069 0.027 0.066 0.031 0.043 0.088 0.034 0.02;0.145 0.123 0.069 0.027 0.043 0.095 0.028 0.052 0.11 0.066 0.088 0.069 0.034 0.031 0.02;
0.162 0.109 0.065 0.121 0.08 0.111 0.032 0.061 0.02 0.059 0.032 0.029 0.02 0.075 0.024;0.162 0.109 0.111 0.032 0.061 0.065 0.121 0.08 0.02 0.059 0.032 0.029 0.075 0.02 0.024;0.162 0.111 0.065 0.02 0.029 0.109 0.032 0.061 0.121 0.059 0.075 0.08 0.02 0.032 0.024;
0.184 0.102 0.062 0.11 0.071 0.13 0.028 0.049 0.026 0.048 0.034 0.028 0.029 0.082 0.017;0.184 0.102 0.13 0.028 0.049 0.062 0.11 0.071 0.026 0.048 0.034 0.028 0.082 0.029 0.017;0.184 0.13 0.062 0.026 0.028 0.102 0.028 0.049 0.11 0.048 0.082 0.071 0.029 0.034 0.017;
0.164 0.113 0.044 0.117 0.076 0.104 0.031 0.053 0.03 0.053 0.04 0.029 0.029 0.088 0.029;0.164 0.113 0.104 0.031 0.053 0.044 0.117 0.076 0.03 0.053 0.04 0.029 0.088 0.029 0.029;0.164 0.104 0.044 0.03 0.029 0.113 0.031 0.053 0.117 0.053 0.088 0.076 0.029 0.04 0.029;
0.161 0.093 0.067 0.125 0.081 0.108 0.025 0.044 0.022 0.062 0.047 0.036 0.026 0.08 0.023;0.161 0.093 0.108 0.025 0.044 0.067 0.125 0.081 0.022 0.062 0.047 0.036 0.08 0.026 0.023;0.161 0.108 0.067 0.022 0.036 0.093 0.025 0.044 0.125 0.062 0.08 0.081 0.026 0.047 0.023;
0.167 0.104 0.071 0.114 0.07 0.105 0.03 0.051 0.019 0.07 0.037 0.022 0.026 0.086 0.028;0.167 0.104 0.105 0.03 0.051 0.071 0.114 0.07 0.019 0.07 0.037 0.022 0.086 0.026 0.028;0.167 0.105 0.071 0.019 0.022 0.104 0.03 0.051 0.114 0.07 0.086 0.07 0.026 0.037 0.028;
0.147 0.105 0.057 0.127 0.074 0.114 0.028 0.045 0.02 0.065 0.037 0.028 0.026 0.097 0.03;0.147 0.105 0.114 0.028 0.045 0.057 0.127 0.074 0.02 0.065 0.037 0.028 0.097 0.026 0.03;0.147 0.114 0.057 0.02 0.028 0.105 0.028 0.045 0.127 0.065 0.097 0.074 0.026 0.037 0.03;
0.167 0.095 0.057 0.128 0.083 0.096 0.031 0.046 0.02 0.054 0.026 0.041 0.029 0.1 0.027;0.167 0.095 0.096 0.031 0.046 0.057 0.128 0.083 0.02 0.054 0.026 0.041 0.1 0.029 0.027;0.167 0.096 0.057 0.02 0.041 0.095 0.031 0.046 0.128 0.054 0.1 0.083 0.029 0.026 0.027;
0.16 0.108 0.053 0.123 0.079 0.118 0.026 0.049 0.031 0.052 0.036 0.039 0.034 0.072 0.02;0.16 0.108 0.118 0.026 0.049 0.053 0.123 0.079 0.031 0.052 0.036 0.039 0.072 0.034 0.02;0.16 0.118 0.053 0.031 0.039 0.108 0.026 0.049 0.123 0.052 0.072 0.079 0.034 0.036 0.02;
0.161 0.099 0.048 0.115 0.086 0.122 0.031 0.059 0.022 0.075 0.03 0.032 0.033 0.069 0.018;0.161 0.099 0.122 0.031 0.059 0.048 0.115 0.086 0.022 0.075 0.03 0.032 0.069 0.033 0.018;0.161 0.122 0.048 0.022 0.032 0.099 0.031 0.059 0.115 0.075 0.069 0.086 0.033 0.03 0.018;
0.155 0.102 0.059 0.106 0.096 0.117 0.03 0.056 0.03 0.049 0.034 0.036 0.021 0.078 0.031;0.155 0.102 0.117 0.03 0.056 0.059 0.106 0.096 0.03 0.049 0.034 0.036 0.078 0.021 0.031;0.155 0.117 0.059 0.03 0.036 0.102 0.03 0.056 0.106 0.049 0.078 0.096 0.021 0.034 0.031;
0.16 0.103 0.067 0.121 0.08 0.119 0.028 0.049 0.018 0.06 0.036 0.031 0.026 0.082 0.02;0.16 0.103 0.119 0.028 0.049 0.067 0.121 0.08 0.018 0.06 0.036 0.031 0.082 0.026 0.02;0.16 0.119 0.067 0.018 0.031 0.103 0.028 0.049 0.121 0.06 0.082 0.08 0.026 0.036 0.02;
0.172 0.099 0.061 0.11 0.085 0.101 0.031 0.056 0.016 0.052 0.036 0.041 0.03 0.078 0.032;0.172 0.099 0.101 0.031 0.056 0.061 0.11 0.085 0.016 0.052 0.036 0.041 0.078 0.03 0.032;0.172 0.101 0.061 0.016 0.041 0.099 0.031 0.056 0.11 0.052 0.078 0.085 0.03 0.036 0.032;
0.161 0.119 0.056 0.126 0.082 0.105 0.029 0.045 0.018 0.054 0.035 0.03 0.032 0.082 0.026;0.161 0.119 0.105 0.029 0.045 0.056 0.126 0.082 0.018 0.054 0.035 0.03 0.082 0.032 0.026;0.161 0.105 0.056 0.018 0.03 0.119 0.029 0.045 0.126 0.054 0.082 0.082 0.032 0.035 0.026;
0.162 0.106 0.06 0.109 0.08 0.103 0.026 0.056 0.022 0.053 0.037 0.036 0.038 0.087 0.025;0.162 0.106 0.103 0.026 0.056 0.06 0.109 0.08 0.022 0.053 0.037 0.036 0.087 0.038 0.025;0.162 0.103 0.06 0.022 0.036 0.106 0.026 0.056 0.109 0.053 0.087 0.08 0.038 0.037 0.025;
0.159 0.112 0.07 0.103 0.081 0.108 0.03 0.054 0.029 0.052 0.034 0.035 0.021 0.083 0.029;0.159 0.112 0.108 0.03 0.054 0.07 0.103 0.081 0.029 0.052 0.034 0.035 0.083 0.021 0.029;0.159 0.108 0.07 0.029 0.035 0.112 0.03 0.054 0.103 0.052 0.083 0.081 0.021 0.034 0.029;
0.166 0.11 0.061 0.129 0.087 0.089 0.035 0.049 0.011 0.059 0.039 0.039 0.025 0.078 0.023;0.166 0.11 0.089 0.035 0.049 0.061 0.129 0.087 0.011 0.059 0.039 0.039 0.078 0.025 0.023;0.166 0.089 0.061 0.011 0.039 0.11 0.035 0.049 0.129 0.059 0.078 0.087 0.025 0.039 0.023;
0.159 0.09 0.057 0.133 0.084 0.109 0.021 0.045 0.015 0.076 0.05 0.03 0.026 0.079 0.026;0.159 0.09 0.109 0.021 0.045 0.057 0.133 0.084 0.015 0.076 0.05 0.03 0.079 0.026 0.026;0.159 0.109 0.057 0.015 0.03 0.09 0.021 0.045 0.133 0.076 0.079 0.084 0.026 0.05 0.026;
0.168 0.123 0.051 0.114 0.073 0.127 0.028 0.046 0.022 0.077 0.03 0.039 0.018 0.06 0.024;0.168 0.123 0.127 0.028 0.046 0.051 0.114 0.073 0.022 0.077 0.03 0.039 0.06 0.018 0.024;0.168 0.127 0.051 0.022 0.039 0.123 0.028 0.046 0.114 0.077 0.06 0.073 0.018 0.03 0.024];