pntP=[0.122 0.118 0.067 0.118 0.069 0.105 0.034 0.062 0.023 0.066 0.037 0.035 0.031 0.086 0.027;0.122 0.118 0.105 0.034 0.062 0.067 0.118 0.069 0.023 0.066 0.037 0.035 0.086 0.031 0.027;0.122 0.105 0.067 0.023 0.035 0.118 0.034 0.062 0.118 0.066 0.086 0.069 0.031 0.037 0.027;
0.136 0.117 0.06 0.105 0.083 0.096 0.039 0.053 0.021 0.075 0.034 0.04 0.037 0.081 0.023;0.136 0.117 0.096 0.039 0.053 0.06 0.105 0.083 0.021 0.075 0.034 0.04 0.081 0.037 0.023;0.136 0.096 0.06 0.021 0.04 0.117 0.039 0.053 0.105 0.075 0.081 0.083 0.037 0.034 0.023;
0.151 0.118 0.065 0.116 0.065 0.11 0.034 0.046 0.022 0.056 0.039 0.039 0.039 0.071 0.029;0.151 0.118 0.11 0.034 0.046 0.065 0.116 0.065 0.022 0.056 0.039 0.039 0.071 0.039 0.029;0.151 0.11 0.065 0.022 0.039 0.118 0.034 0.046 0.116 0.056 0.071 0.065 0.039 0.039 0.029;
0.159 0.103 0.073 0.133 0.082 0.086 0.029 0.066 0.026 0.066 0.036 0.023 0.026 0.061 0.031;0.159 0.103 0.086 0.029 0.066 0.073 0.133 0.082 0.026 0.066 0.036 0.023 0.061 0.026 0.031;0.159 0.086 0.073 0.026 0.023 0.103 0.029 0.066 0.133 0.066 0.061 0.082 0.026 0.036 0.031;
0.158 0.124 0.057 0.119 0.072 0.101 0.028 0.057 0.019 0.065 0.035 0.037 0.028 0.072 0.028;0.158 0.124 0.101 0.028 0.057 0.057 0.119 0.072 0.019 0.065 0.035 0.037 0.072 0.028 0.028;0.158 0.101 0.057 0.019 0.037 0.124 0.028 0.057 0.119 0.065 0.072 0.072 0.028 0.035 0.028;
0.155 0.111 0.048 0.11 0.091 0.114 0.019 0.05 0.027 0.057 0.04 0.044 0.022 0.084 0.028;0.155 0.111 0.114 0.019 0.05 0.048 0.11 0.091 0.027 0.057 0.04 0.044 0.084 0.022 0.028;0.155 0.114 0.048 0.027 0.044 0.111 0.019 0.05 0.11 0.057 0.084 0.091 0.022 0.04 0.028;
0.142 0.09 0.073 0.122 0.078 0.104 0.022 0.062 0.024 0.077 0.04 0.033 0.031 0.079 0.023;0.142 0.09 0.104 0.022 0.062 0.073 0.122 0.078 0.024 0.077 0.04 0.033 0.079 0.031 0.023;0.142 0.104 0.073 0.024 0.033 0.09 0.022 0.062 0.122 0.077 0.079 0.078 0.031 0.04 0.023;
0.165 0.094 0.063 0.126 0.082 0.132 0.025 0.048 0.021 0.043 0.04 0.035 0.022 0.074 0.03;0.165 0.094 0.132 0.025 0.048 0.063 0.126 0.082 0.021 0.043 0.04 0.035 0.074 0.022 0.03;0.165 0.132 0.063 0.021 0.035 0.094 0.025 0.048 0.126 0.043 0.074 0.082 0.022 0.04 0.03;
0.18 0.098 0.068 0.107 0.098 0.078 0.025 0.052 0.025 0.062 0.028 0.036 0.033 0.088 0.022;0.18 0.098 0.078 0.025 0.052 0.068 0.107 0.098 0.025 0.062 0.028 0.036 0.088 0.033 0.022;0.18 0.078 0.068 0.025 0.036 0.098 0.025 0.052 0.107 0.062 0.088 0.098 0.033 0.028 0.022;
0.141 0.105 0.048 0.106 0.087 0.128 0.036 0.062 0.027 0.058 0.028 0.041 0.032 0.069 0.032;0.141 0.105 0.128 0.036 0.062 0.048 0.106 0.087 0.027 0.058 0.028 0.041 0.069 0.032 0.032;0.141 0.128 0.048 0.027 0.041 0.105 0.036 0.062 0.106 0.058 0.069 0.087 0.032 0.028 0.032;
0.151 0.082 0.068 0.119 0.083 0.104 0.022 0.055 0.022 0.061 0.038 0.037 0.045 0.089 0.024;0.151 0.082 0.104 0.022 0.055 0.068 0.119 0.083 0.022 0.061 0.038 0.037 0.089 0.045 0.024;0.151 0.104 0.068 0.022 0.037 0.082 0.022 0.055 0.119 0.061 0.089 0.083 0.045 0.038 0.024;
0.159 0.099 0.046 0.113 0.084 0.112 0.024 0.06 0.021 0.063 0.033 0.042 0.031 0.084 0.029;0.159 0.099 0.112 0.024 0.06 0.046 0.113 0.084 0.021 0.063 0.033 0.042 0.084 0.031 0.029;0.159 0.112 0.046 0.021 0.042 0.099 0.024 0.06 0.113 0.063 0.084 0.084 0.031 0.033 0.029;
0.147 0.098 0.065 0.126 0.072 0.101 0.025 0.061 0.032 0.075 0.036 0.029 0.025 0.085 0.023;0.147 0.098 0.101 0.025 0.061 0.065 0.126 0.072 0.032 0.075 0.036 0.029 0.085 0.025 0.023;0.147 0.101 0.065 0.032 0.029 0.098 0.025 0.061 0.126 0.075 0.085 0.072 0.025 0.036 0.023;
0.163 0.119 0.063 0.117 0.079 0.103 0.023 0.055 0.028 0.056 0.037 0.037 0.027 0.071 0.022;0.163 0.119 0.103 0.023 0.055 0.063 0.117 0.079 0.028 0.056 0.037 0.037 0.071 0.027 0.022;0.163 0.103 0.063 0.028 0.037 0.119 0.023 0.055 0.117 0.056 0.071 0.079 0.027 0.037 0.022;
0.146 0.116 0.075 0.118 0.074 0.101 0.026 0.045 0.022 0.059 0.038 0.034 0.027 0.093 0.026;0.146 0.116 0.101 0.026 0.045 0.075 0.118 0.074 0.022 0.059 0.038 0.034 0.093 0.027 0.026;0.146 0.101 0.075 0.022 0.034 0.116 0.026 0.045 0.118 0.059 0.093 0.074 0.027 0.038 0.026;
0.156 0.112 0.071 0.123 0.077 0.11 0.02 0.042 0.02 0.058 0.033 0.041 0.025 0.088 0.024;0.156 0.112 0.11 0.02 0.042 0.071 0.123 0.077 0.02 0.058 0.033 0.041 0.088 0.025 0.024;0.156 0.11 0.071 0.02 0.041 0.112 0.02 0.042 0.123 0.058 0.088 0.077 0.025 0.033 0.024;
0.159 0.108 0.052 0.122 0.066 0.105 0.02 0.063 0.025 0.054 0.035 0.031 0.04 0.103 0.017;0.159 0.108 0.105 0.02 0.063 0.052 0.122 0.066 0.025 0.054 0.035 0.031 0.103 0.04 0.017;0.159 0.105 0.052 0.025 0.031 0.108 0.02 0.063 0.122 0.054 0.103 0.066 0.04 0.035 0.017;
0.138 0.097 0.083 0.097 0.081 0.1 0.018 0.063 0.02 0.084 0.043 0.046 0.039 0.069 0.022;0.138 0.097 0.1 0.018 0.063 0.083 0.097 0.081 0.02 0.084 0.043 0.046 0.069 0.039 0.022;0.138 0.1 0.083 0.02 0.046 0.097 0.018 0.063 0.097 0.084 0.069 0.081 0.039 0.043 0.022;
0.151 0.116 0.046 0.112 0.081 0.108 0.027 0.06 0.023 0.065 0.038 0.047 0.024 0.081 0.021;0.151 0.116 0.108 0.027 0.06 0.046 0.112 0.081 0.023 0.065 0.038 0.047 0.081 0.024 0.021;0.151 0.108 0.046 0.023 0.047 0.116 0.027 0.06 0.112 0.065 0.081 0.081 0.024 0.038 0.021;
0.152 0.103 0.056 0.116 0.078 0.107 0.033 0.053 0.023 0.064 0.032 0.041 0.036 0.07 0.036;0.152 0.103 0.107 0.033 0.053 0.056 0.116 0.078 0.023 0.064 0.032 0.041 0.07 0.036 0.036;0.152 0.107 0.056 0.023 0.041 0.103 0.033 0.053 0.116 0.064 0.07 0.078 0.036 0.032 0.036;
0.164 0.081 0.061 0.125 0.078 0.1 0.026 0.054 0.018 0.068 0.052 0.03 0.029 0.09 0.024;0.164 0.081 0.1 0.026 0.054 0.061 0.125 0.078 0.018 0.068 0.052 0.03 0.09 0.029 0.024;0.164 0.1 0.061 0.018 0.03 0.081 0.026 0.054 0.125 0.068 0.09 0.078 0.029 0.052 0.024;
0.171 0.116 0.064 0.128 0.067 0.099 0.03 0.044 0.023 0.065 0.033 0.03 0.021 0.083 0.026;0.171 0.116 0.099 0.03 0.044 0.064 0.128 0.067 0.023 0.065 0.033 0.03 0.083 0.021 0.026;0.171 0.099 0.064 0.023 0.03 0.116 0.03 0.044 0.128 0.065 0.083 0.067 0.021 0.033 0.026;
0.165 0.118 0.076 0.106 0.088 0.112 0.021 0.048 0.019 0.056 0.035 0.036 0.025 0.071 0.024;0.165 0.118 0.112 0.021 0.048 0.076 0.106 0.088 0.019 0.056 0.035 0.036 0.071 0.025 0.024;0.165 0.112 0.076 0.019 0.036 0.118 0.021 0.048 0.106 0.056 0.071 0.088 0.025 0.035 0.024;
0.161 0.088 0.079 0.11 0.08 0.107 0.027 0.058 0.016 0.063 0.02 0.046 0.024 0.091 0.03;0.161 0.088 0.107 0.027 0.058 0.079 0.11 0.08 0.016 0.063 0.02 0.046 0.091 0.024 0.03;0.161 0.107 0.079 0.016 0.046 0.088 0.027 0.058 0.11 0.063 0.091 0.08 0.024 0.02 0.03;
0.14 0.099 0.064 0.111 0.066 0.118 0.025 0.068 0.025 0.068 0.035 0.038 0.034 0.076 0.033;0.14 0.099 0.118 0.025 0.068 0.064 0.111 0.066 0.025 0.068 0.035 0.038 0.076 0.034 0.033;0.14 0.118 0.064 0.025 0.038 0.099 0.025 0.068 0.111 0.068 0.076 0.066 0.034 0.035 0.033;
0.149 0.111 0.076 0.109 0.065 0.114 0.022 0.065 0.016 0.06 0.03 0.046 0.029 0.075 0.033;0.149 0.111 0.114 0.022 0.065 0.076 0.109 0.065 0.016 0.06 0.03 0.046 0.075 0.029 0.033;0.149 0.114 0.076 0.016 0.046 0.111 0.022 0.065 0.109 0.06 0.075 0.065 0.029 0.03 0.033;
0.163 0.103 0.059 0.129 0.072 0.117 0.027 0.063 0.021 0.069 0.025 0.021 0.033 0.062 0.036;0.163 0.103 0.117 0.027 0.063 0.059 0.129 0.072 0.021 0.069 0.025 0.021 0.062 0.033 0.036;0.163 0.117 0.059 0.021 0.021 0.103 0.027 0.063 0.129 0.069 0.062 0.072 0.033 0.025 0.036;
0.16 0.134 0.059 0.103 0.085 0.095 0.023 0.067 0.021 0.041 0.029 0.044 0.026 0.083 0.03;0.16 0.134 0.095 0.023 0.067 0.059 0.103 0.085 0.021 0.041 0.029 0.044 0.083 0.026 0.03;0.16 0.095 0.059 0.021 0.044 0.134 0.023 0.067 0.103 0.041 0.083 0.085 0.026 0.029 0.03;
0.151 0.097 0.063 0.11 0.074 0.12 0.03 0.049 0.016 0.067 0.036 0.048 0.037 0.079 0.023;0.151 0.097 0.12 0.03 0.049 0.063 0.11 0.074 0.016 0.067 0.036 0.048 0.079 0.037 0.023;0.151 0.12 0.063 0.016 0.048 0.097 0.03 0.049 0.11 0.067 0.079 0.074 0.037 0.036 0.023;
0.141 0.114 0.064 0.101 0.088 0.12 0.029 0.039 0.021 0.059 0.036 0.034 0.036 0.083 0.035;0.141 0.114 0.12 0.029 0.039 0.064 0.101 0.088 0.021 0.059 0.036 0.034 0.083 0.036 0.035;0.141 0.12 0.064 0.021 0.034 0.114 0.029 0.039 0.101 0.059 0.083 0.088 0.036 0.036 0.035;
0.14 0.118 0.072 0.115 0.078 0.101 0.027 0.059 0.033 0.069 0.032 0.029 0.024 0.084 0.019;0.14 0.118 0.101 0.027 0.059 0.072 0.115 0.078 0.033 0.069 0.032 0.029 0.084 0.024 0.019;0.14 0.101 0.072 0.033 0.029 0.118 0.027 0.059 0.115 0.069 0.084 0.078 0.024 0.032 0.019;
0.139 0.095 0.053 0.141 0.083 0.124 0.031 0.049 0.028 0.049 0.031 0.035 0.032 0.088 0.022;0.139 0.095 0.124 0.031 0.049 0.053 0.141 0.083 0.028 0.049 0.031 0.035 0.088 0.032 0.022;0.139 0.124 0.053 0.028 0.035 0.095 0.031 0.049 0.141 0.049 0.088 0.083 0.032 0.031 0.022;
0.148 0.123 0.071 0.125 0.103 0.094 0.021 0.055 0.021 0.057 0.03 0.038 0.024 0.068 0.022;0.148 0.123 0.094 0.021 0.055 0.071 0.125 0.103 0.021 0.057 0.03 0.038 0.068 0.024 0.022;0.148 0.094 0.071 0.021 0.038 0.123 0.021 0.055 0.125 0.057 0.068 0.103 0.024 0.03 0.022;
0.166 0.116 0.06 0.135 0.078 0.102 0.025 0.052 0.021 0.058 0.03 0.03 0.024 0.072 0.031;0.166 0.116 0.102 0.025 0.052 0.06 0.135 0.078 0.021 0.058 0.03 0.03 0.072 0.024 0.031;0.166 0.102 0.06 0.021 0.03 0.116 0.025 0.052 0.135 0.058 0.072 0.078 0.024 0.03 0.031;
0.17 0.104 0.072 0.093 0.079 0.107 0.026 0.064 0.024 0.065 0.043 0.019 0.026 0.09 0.018;0.17 0.104 0.107 0.026 0.064 0.072 0.093 0.079 0.024 0.065 0.043 0.019 0.09 0.026 0.018;0.17 0.107 0.072 0.024 0.019 0.104 0.026 0.064 0.093 0.065 0.09 0.079 0.026 0.043 0.018;
0.142 0.112 0.065 0.116 0.082 0.126 0.032 0.05 0.02 0.064 0.037 0.025 0.028 0.078 0.023;0.142 0.112 0.126 0.032 0.05 0.065 0.116 0.082 0.02 0.064 0.037 0.025 0.078 0.028 0.023;0.142 0.126 0.065 0.02 0.025 0.112 0.032 0.05 0.116 0.064 0.078 0.082 0.028 0.037 0.023;
0.147 0.102 0.061 0.13 0.08 0.095 0.033 0.056 0.027 0.074 0.024 0.045 0.029 0.071 0.026;0.147 0.102 0.095 0.033 0.056 0.061 0.13 0.08 0.027 0.074 0.024 0.045 0.071 0.029 0.026;0.147 0.095 0.061 0.027 0.045 0.102 0.033 0.056 0.13 0.074 0.071 0.08 0.029 0.024 0.026;
0.141 0.115 0.073 0.12 0.062 0.117 0.036 0.044 0.021 0.07 0.037 0.03 0.025 0.073 0.036;0.141 0.115 0.117 0.036 0.044 0.073 0.12 0.062 0.021 0.07 0.037 0.03 0.073 0.025 0.036;0.141 0.117 0.073 0.021 0.03 0.115 0.036 0.044 0.12 0.07 0.073 0.062 0.025 0.037 0.036;
0.148 0.103 0.062 0.123 0.071 0.102 0.023 0.049 0.023 0.076 0.033 0.039 0.033 0.088 0.027;0.148 0.103 0.102 0.023 0.049 0.062 0.123 0.071 0.023 0.076 0.033 0.039 0.088 0.033 0.027;0.148 0.102 0.062 0.023 0.039 0.103 0.023 0.049 0.123 0.076 0.088 0.071 0.033 0.033 0.027;
0.149 0.09 0.049 0.108 0.088 0.117 0.031 0.055 0.031 0.06 0.04 0.043 0.025 0.085 0.029;0.149 0.09 0.117 0.031 0.055 0.049 0.108 0.088 0.031 0.06 0.04 0.043 0.085 0.025 0.029;0.149 0.117 0.049 0.031 0.043 0.09 0.031 0.055 0.108 0.06 0.085 0.088 0.025 0.04 0.029;
0.154 0.111 0.066 0.122 0.083 0.102 0.033 0.063 0.023 0.05 0.036 0.04 0.02 0.074 0.023;0.154 0.111 0.102 0.033 0.063 0.066 0.122 0.083 0.023 0.05 0.036 0.04 0.074 0.02 0.023;0.154 0.102 0.066 0.023 0.04 0.111 0.033 0.063 0.122 0.05 0.074 0.083 0.02 0.036 0.023;
0.165 0.116 0.071 0.114 0.065 0.111 0.023 0.048 0.014 0.06 0.036 0.038 0.025 0.093 0.021;0.165 0.116 0.111 0.023 0.048 0.071 0.114 0.065 0.014 0.06 0.036 0.038 0.093 0.025 0.021;0.165 0.111 0.071 0.014 0.038 0.116 0.023 0.048 0.114 0.06 0.093 0.065 0.025 0.036 0.021;
0.148 0.095 0.063 0.103 0.078 0.107 0.027 0.055 0.021 0.069 0.039 0.044 0.032 0.09 0.029;0.148 0.095 0.107 0.027 0.055 0.063 0.103 0.078 0.021 0.069 0.039 0.044 0.09 0.032 0.029;0.148 0.107 0.063 0.021 0.044 0.095 0.027 0.055 0.103 0.069 0.09 0.078 0.032 0.039 0.029;
0.15 0.117 0.054 0.128 0.084 0.103 0.026 0.049 0.025 0.057 0.037 0.034 0.03 0.081 0.025;0.15 0.117 0.103 0.026 0.049 0.054 0.128 0.084 0.025 0.057 0.037 0.034 0.081 0.03 0.025;0.15 0.103 0.054 0.025 0.034 0.117 0.026 0.049 0.128 0.057 0.081 0.084 0.03 0.037 0.025;
0.153 0.096 0.072 0.135 0.08 0.106 0.016 0.055 0.017 0.064 0.028 0.033 0.028 0.084 0.033;0.153 0.096 0.106 0.016 0.055 0.072 0.135 0.08 0.017 0.064 0.028 0.033 0.084 0.028 0.033;0.153 0.106 0.072 0.017 0.033 0.096 0.016 0.055 0.135 0.064 0.084 0.08 0.028 0.028 0.033;
0.154 0.098 0.075 0.111 0.078 0.1 0.04 0.057 0.029 0.064 0.027 0.036 0.027 0.074 0.03;0.154 0.098 0.1 0.04 0.057 0.075 0.111 0.078 0.029 0.064 0.027 0.036 0.074 0.027 0.03;0.154 0.1 0.075 0.029 0.036 0.098 0.04 0.057 0.111 0.064 0.074 0.078 0.027 0.027 0.03;
0.158 0.094 0.043 0.119 0.083 0.123 0.024 0.056 0.028 0.075 0.037 0.033 0.023 0.071 0.033;0.158 0.094 0.123 0.024 0.056 0.043 0.119 0.083 0.028 0.075 0.037 0.033 0.071 0.023 0.033;0.158 0.123 0.043 0.028 0.033 0.094 0.024 0.056 0.119 0.075 0.071 0.083 0.023 0.037 0.033;
0.157 0.09 0.064 0.109 0.071 0.131 0.036 0.049 0.015 0.057 0.034 0.037 0.035 0.085 0.03;0.157 0.09 0.131 0.036 0.049 0.064 0.109 0.071 0.015 0.057 0.034 0.037 0.085 0.035 0.03;0.157 0.131 0.064 0.015 0.037 0.09 0.036 0.049 0.109 0.057 0.085 0.071 0.035 0.034 0.03;
0.163 0.115 0.055 0.121 0.077 0.101 0.031 0.047 0.018 0.05 0.043 0.034 0.036 0.084 0.025;0.163 0.115 0.101 0.031 0.047 0.055 0.121 0.077 0.018 0.05 0.043 0.034 0.084 0.036 0.025;0.163 0.101 0.055 0.018 0.034 0.115 0.031 0.047 0.121 0.05 0.084 0.077 0.036 0.043 0.025;
0.159 0.104 0.062 0.126 0.074 0.109 0.03 0.056 0.028 0.058 0.034 0.031 0.029 0.078 0.022;0.159 0.104 0.109 0.03 0.056 0.062 0.126 0.074 0.028 0.058 0.034 0.031 0.078 0.029 0.022;0.159 0.109 0.062 0.028 0.031 0.104 0.03 0.056 0.126 0.058 0.078 0.074 0.029 0.034 0.022;
0.155 0.117 0.058 0.107 0.086 0.098 0.031 0.059 0.025 0.066 0.035 0.032 0.03 0.077 0.024;0.155 0.117 0.098 0.031 0.059 0.058 0.107 0.086 0.025 0.066 0.035 0.032 0.077 0.03 0.024;0.155 0.098 0.058 0.025 0.032 0.117 0.031 0.059 0.107 0.066 0.077 0.086 0.03 0.035 0.024;
0.149 0.113 0.076 0.119 0.076 0.108 0.031 0.051 0.023 0.043 0.037 0.03 0.029 0.085 0.03;0.149 0.113 0.108 0.031 0.051 0.076 0.119 0.076 0.023 0.043 0.037 0.03 0.085 0.029 0.03;0.149 0.108 0.076 0.023 0.03 0.113 0.031 0.051 0.119 0.043 0.085 0.076 0.029 0.037 0.03;
0.15 0.112 0.061 0.114 0.087 0.098 0.032 0.052 0.017 0.063 0.026 0.032 0.031 0.091 0.034;0.15 0.112 0.098 0.032 0.052 0.061 0.114 0.087 0.017 0.063 0.026 0.032 0.091 0.031 0.034;0.15 0.098 0.061 0.017 0.032 0.112 0.032 0.052 0.114 0.063 0.091 0.087 0.031 0.026 0.034;
0.146 0.111 0.064 0.136 0.078 0.112 0.024 0.044 0.017 0.073 0.025 0.042 0.034 0.073 0.021;0.146 0.111 0.112 0.024 0.044 0.064 0.136 0.078 0.017 0.073 0.025 0.042 0.073 0.034 0.021;0.146 0.112 0.064 0.017 0.042 0.111 0.024 0.044 0.136 0.073 0.073 0.078 0.034 0.025 0.021;
0.166 0.107 0.063 0.121 0.073 0.102 0.026 0.049 0.026 0.067 0.038 0.034 0.035 0.085 0.008;0.166 0.107 0.102 0.026 0.049 0.063 0.121 0.073 0.026 0.067 0.038 0.034 0.085 0.035 0.008;0.166 0.102 0.063 0.026 0.034 0.107 0.026 0.049 0.121 0.067 0.085 0.073 0.035 0.038 0.008;
0.147 0.121 0.051 0.115 0.09 0.108 0.027 0.067 0.017 0.061 0.032 0.039 0.027 0.074 0.024;0.147 0.121 0.108 0.027 0.067 0.051 0.115 0.09 0.017 0.061 0.032 0.039 0.074 0.027 0.024;0.147 0.108 0.051 0.017 0.039 0.121 0.027 0.067 0.115 0.061 0.074 0.09 0.027 0.032 0.024;
0.156 0.116 0.064 0.12 0.074 0.1 0.029 0.058 0.022 0.065 0.022 0.03 0.031 0.092 0.021;0.156 0.116 0.1 0.029 0.058 0.064 0.12 0.074 0.022 0.065 0.022 0.03 0.092 0.031 0.021;0.156 0.1 0.064 0.022 0.03 0.116 0.029 0.058 0.12 0.065 0.092 0.074 0.031 0.022 0.021;
0.142 0.097 0.059 0.116 0.078 0.124 0.024 0.056 0.014 0.072 0.041 0.041 0.029 0.075 0.032;0.142 0.097 0.124 0.024 0.056 0.059 0.116 0.078 0.014 0.072 0.041 0.041 0.075 0.029 0.032;0.142 0.124 0.059 0.014 0.041 0.097 0.024 0.056 0.116 0.072 0.075 0.078 0.029 0.041 0.032;
0.156 0.104 0.048 0.144 0.079 0.112 0.023 0.051 0.014 0.062 0.031 0.031 0.039 0.08 0.026;0.156 0.104 0.112 0.023 0.051 0.048 0.144 0.079 0.014 0.062 0.031 0.031 0.08 0.039 0.026;0.156 0.112 0.048 0.014 0.031 0.104 0.023 0.051 0.144 0.062 0.08 0.079 0.039 0.031 0.026;
0.157 0.112 0.072 0.121 0.08 0.099 0.021 0.054 0.015 0.054 0.047 0.039 0.042 0.069 0.018;0.157 0.112 0.099 0.021 0.054 0.072 0.121 0.08 0.015 0.054 0.047 0.039 0.069 0.042 0.018;0.157 0.099 0.072 0.015 0.039 0.112 0.021 0.054 0.121 0.054 0.069 0.08 0.042 0.047 0.018;
0.146 0.104 0.065 0.112 0.068 0.101 0.024 0.058 0.024 0.075 0.029 0.04 0.034 0.09 0.03;0.146 0.104 0.101 0.024 0.058 0.065 0.112 0.068 0.024 0.075 0.029 0.04 0.09 0.034 0.03;0.146 0.101 0.065 0.024 0.04 0.104 0.024 0.058 0.112 0.075 0.09 0.068 0.034 0.029 0.03;
0.149 0.118 0.055 0.119 0.091 0.111 0.019 0.051 0.026 0.053 0.033 0.033 0.023 0.093 0.026;0.149 0.118 0.111 0.019 0.051 0.055 0.119 0.091 0.026 0.053 0.033 0.033 0.093 0.023 0.026;0.149 0.111 0.055 0.026 0.033 0.118 0.019 0.051 0.119 0.053 0.093 0.091 0.023 0.033 0.026;
0.151 0.135 0.056 0.109 0.085 0.111 0.032 0.058 0.013 0.061 0.032 0.028 0.03 0.081 0.018;0.151 0.135 0.111 0.032 0.058 0.056 0.109 0.085 0.013 0.061 0.032 0.028 0.081 0.03 0.018;0.151 0.111 0.056 0.013 0.028 0.135 0.032 0.058 0.109 0.061 0.081 0.085 0.03 0.032 0.018;
0.168 0.1 0.064 0.114 0.082 0.119 0.02 0.048 0.028 0.062 0.037 0.029 0.033 0.061 0.035;0.168 0.1 0.119 0.02 0.048 0.064 0.114 0.082 0.028 0.062 0.037 0.029 0.061 0.033 0.035;0.168 0.119 0.064 0.028 0.029 0.1 0.02 0.048 0.114 0.062 0.061 0.082 0.033 0.037 0.035;
0.149 0.109 0.07 0.128 0.076 0.114 0.032 0.052 0.02 0.045 0.045 0.035 0.03 0.071 0.024;0.149 0.109 0.114 0.032 0.052 0.07 0.128 0.076 0.02 0.045 0.045 0.035 0.071 0.03 0.024;0.149 0.114 0.07 0.02 0.035 0.109 0.032 0.052 0.128 0.045 0.071 0.076 0.03 0.045 0.024;
0.136 0.096 0.059 0.113 0.07 0.113 0.03 0.055 0.024 0.054 0.035 0.038 0.029 0.112 0.036;0.136 0.096 0.113 0.03 0.055 0.059 0.113 0.07 0.024 0.054 0.035 0.038 0.112 0.029 0.036;0.136 0.113 0.059 0.024 0.038 0.096 0.03 0.055 0.113 0.054 0.112 0.07 0.029 0.035 0.036;
0.169 0.106 0.073 0.118 0.064 0.096 0.025 0.06 0.025 0.067 0.033 0.031 0.031 0.072 0.03;0.169 0.106 0.096 0.025 0.06 0.073 0.118 0.064 0.025 0.067 0.033 0.031 0.072 0.031 0.03;0.169 0.096 0.073 0.025 0.031 0.106 0.025 0.06 0.118 0.067 0.072 0.064 0.031 0.033 0.03;
0.159 0.125 0.062 0.096 0.065 0.11 0.029 0.057 0.021 0.056 0.033 0.035 0.031 0.096 0.025;0.159 0.125 0.11 0.029 0.057 0.062 0.096 0.065 0.021 0.056 0.033 0.035 0.096 0.031 0.025;0.159 0.11 0.062 0.021 0.035 0.125 0.029 0.057 0.096 0.056 0.096 0.065 0.031 0.033 0.025;
0.155 0.096 0.071 0.117 0.079 0.112 0.025 0.058 0.024 0.061 0.034 0.027 0.027 0.092 0.022;0.155 0.096 0.112 0.025 0.058 0.071 0.117 0.079 0.024 0.061 0.034 0.027 0.092 0.027 0.022;0.155 0.112 0.071 0.024 0.027 0.096 0.025 0.058 0.117 0.061 0.092 0.079 0.027 0.034 0.022;
0.172 0.104 0.065 0.106 0.088 0.103 0.031 0.055 0.019 0.053 0.035 0.04 0.033 0.063 0.033;0.172 0.104 0.103 0.031 0.055 0.065 0.106 0.088 0.019 0.053 0.035 0.04 0.063 0.033 0.033;0.172 0.103 0.065 0.019 0.04 0.104 0.031 0.055 0.106 0.053 0.063 0.088 0.033 0.035 0.033;
0.167 0.123 0.067 0.119 0.066 0.102 0.037 0.042 0.018 0.059 0.034 0.036 0.033 0.076 0.021;0.167 0.123 0.102 0.037 0.042 0.067 0.119 0.066 0.018 0.059 0.034 0.036 0.076 0.033 0.021;0.167 0.102 0.067 0.018 0.036 0.123 0.037 0.042 0.119 0.059 0.076 0.066 0.033 0.034 0.021;
0.137 0.12 0.074 0.125 0.075 0.105 0.039 0.057 0.022 0.066 0.026 0.031 0.033 0.069 0.021;0.137 0.12 0.105 0.039 0.057 0.074 0.125 0.075 0.022 0.066 0.026 0.031 0.069 0.033 0.021;0.137 0.105 0.074 0.022 0.031 0.12 0.039 0.057 0.125 0.066 0.069 0.075 0.033 0.026 0.021;
0.156 0.095 0.067 0.11 0.103 0.112 0.018 0.046 0.028 0.067 0.041 0.025 0.03 0.077 0.025;0.156 0.095 0.112 0.018 0.046 0.067 0.11 0.103 0.028 0.067 0.041 0.025 0.077 0.03 0.025;0.156 0.112 0.067 0.028 0.025 0.095 0.018 0.046 0.11 0.067 0.077 0.103 0.03 0.041 0.025;
0.146 0.11 0.066 0.091 0.075 0.108 0.023 0.062 0.027 0.062 0.031 0.048 0.029 0.084 0.038;0.146 0.11 0.108 0.023 0.062 0.066 0.091 0.075 0.027 0.062 0.031 0.048 0.084 0.029 0.038;0.146 0.108 0.066 0.027 0.048 0.11 0.023 0.062 0.091 0.062 0.084 0.075 0.029 0.031 0.038;
0.153 0.113 0.05 0.123 0.071 0.118 0.024 0.059 0.019 0.071 0.028 0.039 0.033 0.078 0.021;0.153 0.113 0.118 0.024 0.059 0.05 0.123 0.071 0.019 0.071 0.028 0.039 0.078 0.033 0.021;0.153 0.118 0.05 0.019 0.039 0.113 0.024 0.059 0.123 0.071 0.078 0.071 0.033 0.028 0.021;
0.149 0.095 0.071 0.123 0.077 0.109 0.043 0.055 0.022 0.062 0.027 0.039 0.021 0.081 0.026;0.149 0.095 0.109 0.043 0.055 0.071 0.123 0.077 0.022 0.062 0.027 0.039 0.081 0.021 0.026;0.149 0.109 0.071 0.022 0.039 0.095 0.043 0.055 0.123 0.062 0.081 0.077 0.021 0.027 0.026;
0.154 0.125 0.058 0.118 0.063 0.114 0.029 0.055 0.026 0.071 0.03 0.019 0.035 0.071 0.032;0.154 0.125 0.114 0.029 0.055 0.058 0.118 0.063 0.026 0.071 0.03 0.019 0.071 0.035 0.032;0.154 0.114 0.058 0.026 0.019 0.125 0.029 0.055 0.118 0.071 0.071 0.063 0.035 0.03 0.032;
0.163 0.097 0.064 0.099 0.083 0.112 0.02 0.059 0.021 0.064 0.035 0.042 0.041 0.075 0.025;0.163 0.097 0.112 0.02 0.059 0.064 0.099 0.083 0.021 0.064 0.035 0.042 0.075 0.041 0.025;0.163 0.112 0.064 0.021 0.042 0.097 0.02 0.059 0.099 0.064 0.075 0.083 0.041 0.035 0.025;
0.143 0.104 0.067 0.11 0.075 0.115 0.02 0.061 0.024 0.062 0.046 0.035 0.033 0.071 0.034;0.143 0.104 0.115 0.02 0.061 0.067 0.11 0.075 0.024 0.062 0.046 0.035 0.071 0.033 0.034;0.143 0.115 0.067 0.024 0.035 0.104 0.02 0.061 0.11 0.062 0.071 0.075 0.033 0.046 0.034;
0.156 0.117 0.057 0.103 0.072 0.104 0.034 0.054 0.03 0.059 0.032 0.03 0.037 0.094 0.021;0.156 0.117 0.104 0.034 0.054 0.057 0.103 0.072 0.03 0.059 0.032 0.03 0.094 0.037 0.021;0.156 0.104 0.057 0.03 0.03 0.117 0.034 0.054 0.103 0.059 0.094 0.072 0.037 0.032 0.021;
0.131 0.113 0.053 0.119 0.075 0.103 0.023 0.069 0.024 0.074 0.037 0.045 0.027 0.08 0.027;0.131 0.113 0.103 0.023 0.069 0.053 0.119 0.075 0.024 0.074 0.037 0.045 0.08 0.027 0.027;0.131 0.103 0.053 0.024 0.045 0.113 0.023 0.069 0.119 0.074 0.08 0.075 0.027 0.037 0.027;
0.164 0.097 0.056 0.12 0.075 0.115 0.031 0.05 0.015 0.072 0.031 0.039 0.029 0.085 0.021;0.164 0.097 0.115 0.031 0.05 0.056 0.12 0.075 0.015 0.072 0.031 0.039 0.085 0.029 0.021;0.164 0.115 0.056 0.015 0.039 0.097 0.031 0.05 0.12 0.072 0.085 0.075 0.029 0.031 0.021;
0.158 0.102 0.071 0.117 0.074 0.114 0.03 0.044 0.022 0.063 0.044 0.026 0.036 0.074 0.025;0.158 0.102 0.114 0.03 0.044 0.071 0.117 0.074 0.022 0.063 0.044 0.026 0.074 0.036 0.025;0.158 0.114 0.071 0.022 0.026 0.102 0.03 0.044 0.117 0.063 0.074 0.074 0.036 0.044 0.025;
0.193 0.126 0.05 0.114 0.067 0.11 0.022 0.055 0.016 0.056 0.036 0.033 0.03 0.068 0.024;0.193 0.126 0.11 0.022 0.055 0.05 0.114 0.067 0.016 0.056 0.036 0.033 0.068 0.03 0.024;0.193 0.11 0.05 0.016 0.033 0.126 0.022 0.055 0.114 0.056 0.068 0.067 0.03 0.036 0.024;
0.165 0.096 0.06 0.12 0.085 0.107 0.027 0.051 0.025 0.057 0.032 0.035 0.03 0.079 0.031;0.165 0.096 0.107 0.027 0.051 0.06 0.12 0.085 0.025 0.057 0.032 0.035 0.079 0.03 0.031;0.165 0.107 0.06 0.025 0.035 0.096 0.027 0.051 0.12 0.057 0.079 0.085 0.03 0.032 0.031;
0.158 0.104 0.068 0.111 0.093 0.123 0.019 0.047 0.031 0.055 0.037 0.019 0.031 0.073 0.031;0.158 0.104 0.123 0.019 0.047 0.068 0.111 0.093 0.031 0.055 0.037 0.019 0.073 0.031 0.031;0.158 0.123 0.068 0.031 0.019 0.104 0.019 0.047 0.111 0.055 0.073 0.093 0.031 0.037 0.031;
0.165 0.097 0.06 0.111 0.085 0.118 0.024 0.047 0.02 0.063 0.044 0.026 0.026 0.086 0.028;0.165 0.097 0.118 0.024 0.047 0.06 0.111 0.085 0.02 0.063 0.044 0.026 0.086 0.026 0.028;0.165 0.118 0.06 0.02 0.026 0.097 0.024 0.047 0.111 0.063 0.086 0.085 0.026 0.044 0.028;
0.169 0.101 0.065 0.121 0.074 0.108 0.032 0.046 0.026 0.062 0.03 0.03 0.038 0.067 0.031;0.169 0.101 0.108 0.032 0.046 0.065 0.121 0.074 0.026 0.062 0.03 0.03 0.067 0.038 0.031;0.169 0.108 0.065 0.026 0.03 0.101 0.032 0.046 0.121 0.062 0.067 0.074 0.038 0.03 0.031;
0.166 0.109 0.076 0.114 0.072 0.132 0.034 0.044 0.019 0.062 0.028 0.027 0.027 0.07 0.02;0.166 0.109 0.132 0.034 0.044 0.076 0.114 0.072 0.019 0.062 0.028 0.027 0.07 0.027 0.02;0.166 0.132 0.076 0.019 0.027 0.109 0.034 0.044 0.114 0.062 0.07 0.072 0.027 0.028 0.02;
0.141 0.098 0.072 0.129 0.077 0.116 0.026 0.043 0.022 0.068 0.039 0.04 0.037 0.072 0.02;0.141 0.098 0.116 0.026 0.043 0.072 0.129 0.077 0.022 0.068 0.039 0.04 0.072 0.037 0.02;0.141 0.116 0.072 0.022 0.04 0.098 0.026 0.043 0.129 0.068 0.072 0.077 0.037 0.039 0.02;
0.147 0.096 0.068 0.125 0.088 0.104 0.032 0.05 0.023 0.066 0.044 0.03 0.03 0.069 0.028;0.147 0.096 0.104 0.032 0.05 0.068 0.125 0.088 0.023 0.066 0.044 0.03 0.069 0.03 0.028;0.147 0.104 0.068 0.023 0.03 0.096 0.032 0.05 0.125 0.066 0.069 0.088 0.03 0.044 0.028;
0.192 0.117 0.049 0.124 0.074 0.1 0.024 0.056 0.02 0.057 0.036 0.036 0.025 0.066 0.024;0.192 0.117 0.1 0.024 0.056 0.049 0.124 0.074 0.02 0.057 0.036 0.036 0.066 0.025 0.024;0.192 0.1 0.049 0.02 0.036 0.117 0.024 0.056 0.124 0.057 0.066 0.074 0.025 0.036 0.024;
0.168 0.099 0.072 0.113 0.08 0.102 0.032 0.052 0.019 0.056 0.029 0.043 0.029 0.09 0.016;0.168 0.099 0.102 0.032 0.052 0.072 0.113 0.08 0.019 0.056 0.029 0.043 0.09 0.029 0.016;0.168 0.102 0.072 0.019 0.043 0.099 0.032 0.052 0.113 0.056 0.09 0.08 0.029 0.029 0.016;
0.153 0.109 0.066 0.105 0.08 0.12 0.032 0.046 0.023 0.064 0.03 0.029 0.031 0.082 0.03;0.153 0.109 0.12 0.032 0.046 0.066 0.105 0.08 0.023 0.064 0.03 0.029 0.082 0.031 0.03;0.153 0.12 0.066 0.023 0.029 0.109 0.032 0.046 0.105 0.064 0.082 0.08 0.031 0.03 0.03;
0.149 0.104 0.046 0.107 0.089 0.111 0.03 0.048 0.022 0.067 0.038 0.044 0.033 0.079 0.033;0.149 0.104 0.111 0.03 0.048 0.046 0.107 0.089 0.022 0.067 0.038 0.044 0.079 0.033 0.033;0.149 0.111 0.046 0.022 0.044 0.104 0.03 0.048 0.107 0.067 0.079 0.089 0.033 0.038 0.033;
0.145 0.111 0.065 0.107 0.081 0.115 0.029 0.054 0.013 0.071 0.044 0.035 0.027 0.077 0.026;0.145 0.111 0.115 0.029 0.054 0.065 0.107 0.081 0.013 0.071 0.044 0.035 0.077 0.027 0.026;0.145 0.115 0.065 0.013 0.035 0.111 0.029 0.054 0.107 0.071 0.077 0.081 0.027 0.044 0.026;
0.18 0.106 0.059 0.12 0.075 0.098 0.019 0.054 0.018 0.072 0.034 0.04 0.022 0.081 0.022;0.18 0.106 0.098 0.019 0.054 0.059 0.12 0.075 0.018 0.072 0.034 0.04 0.081 0.022 0.022;0.18 0.098 0.059 0.018 0.04 0.106 0.019 0.054 0.12 0.072 0.081 0.075 0.022 0.034 0.022;
0.158 0.116 0.059 0.117 0.081 0.113 0.029 0.046 0.019 0.065 0.033 0.033 0.029 0.073 0.029;0.158 0.116 0.113 0.029 0.046 0.059 0.117 0.081 0.019 0.065 0.033 0.033 0.073 0.029 0.029;0.158 0.113 0.059 0.019 0.033 0.116 0.029 0.046 0.117 0.065 0.073 0.081 0.029 0.033 0.029;
0.156 0.104 0.073 0.106 0.081 0.113 0.024 0.056 0.011 0.056 0.036 0.044 0.022 0.088 0.03;0.156 0.104 0.113 0.024 0.056 0.073 0.106 0.081 0.011 0.056 0.036 0.044 0.088 0.022 0.03;0.156 0.113 0.073 0.011 0.044 0.104 0.024 0.056 0.106 0.056 0.088 0.081 0.022 0.036 0.03;
0.164 0.096 0.057 0.113 0.07 0.102 0.02 0.057 0.027 0.078 0.048 0.038 0.033 0.084 0.013;0.164 0.096 0.102 0.02 0.057 0.057 0.113 0.07 0.027 0.078 0.048 0.038 0.084 0.033 0.013;0.164 0.102 0.057 0.027 0.038 0.096 0.02 0.057 0.113 0.078 0.084 0.07 0.033 0.048 0.013];