pntP=[0.022 0.055 0.062 0.073 0.107 0.059 0.033 0.088 0.041 0.055 0.086 0.069 0.062 0.099 0.089;0.022 0.055 0.059 0.033 0.088 0.062 0.073 0.107 0.041 0.055 0.086 0.069 0.099 0.062 0.089;0.022 0.059 0.062 0.041 0.069 0.055 0.033 0.088 0.073 0.055 0.099 0.107 0.062 0.086 0.089;
0.023 0.06 0.047 0.066 0.097 0.045 0.045 0.075 0.042 0.043 0.087 0.082 0.083 0.114 0.091;0.023 0.06 0.045 0.045 0.075 0.047 0.066 0.097 0.042 0.043 0.087 0.082 0.114 0.083 0.091;0.023 0.045 0.047 0.042 0.082 0.06 0.045 0.075 0.066 0.043 0.114 0.097 0.083 0.087 0.091;
0.025 0.05 0.06 0.064 0.112 0.06 0.045 0.067 0.043 0.056 0.091 0.092 0.07 0.088 0.077;0.025 0.05 0.06 0.045 0.067 0.06 0.064 0.112 0.043 0.056 0.091 0.092 0.088 0.07 0.077;0.025 0.06 0.06 0.043 0.092 0.05 0.045 0.067 0.064 0.056 0.088 0.112 0.07 0.091 0.077;
0.019 0.047 0.057 0.06 0.096 0.047 0.044 0.087 0.032 0.051 0.097 0.103 0.081 0.103 0.076;0.019 0.047 0.047 0.044 0.087 0.057 0.06 0.096 0.032 0.051 0.097 0.103 0.103 0.081 0.076;0.019 0.047 0.057 0.032 0.103 0.047 0.044 0.087 0.06 0.051 0.103 0.096 0.081 0.097 0.076;
0.025 0.049 0.055 0.067 0.1 0.055 0.043 0.079 0.046 0.068 0.075 0.077 0.08 0.101 0.08;0.025 0.049 0.055 0.043 0.079 0.055 0.067 0.1 0.046 0.068 0.075 0.077 0.101 0.08 0.08;0.025 0.055 0.055 0.046 0.077 0.049 0.043 0.079 0.067 0.068 0.101 0.1 0.08 0.075 0.08;
0.025 0.059 0.057 0.056 0.097 0.059 0.045 0.08 0.043 0.054 0.079 0.076 0.079 0.111 0.08;0.025 0.059 0.059 0.045 0.08 0.057 0.056 0.097 0.043 0.054 0.079 0.076 0.111 0.079 0.08;0.025 0.059 0.057 0.043 0.076 0.059 0.045 0.08 0.056 0.054 0.111 0.097 0.079 0.079 0.08;
0.023 0.052 0.048 0.059 0.106 0.053 0.045 0.093 0.047 0.055 0.088 0.076 0.071 0.095 0.089;0.023 0.052 0.053 0.045 0.093 0.048 0.059 0.106 0.047 0.055 0.088 0.076 0.095 0.071 0.089;0.023 0.053 0.048 0.047 0.076 0.052 0.045 0.093 0.059 0.055 0.095 0.106 0.071 0.088 0.089;
0.023 0.048 0.048 0.067 0.119 0.058 0.038 0.096 0.03 0.055 0.087 0.075 0.068 0.103 0.085;0.023 0.048 0.058 0.038 0.096 0.048 0.067 0.119 0.03 0.055 0.087 0.075 0.103 0.068 0.085;0.023 0.058 0.048 0.03 0.075 0.048 0.038 0.096 0.067 0.055 0.103 0.119 0.068 0.087 0.085;
0.026 0.057 0.044 0.071 0.092 0.064 0.045 0.091 0.048 0.056 0.075 0.08 0.081 0.088 0.082;0.026 0.057 0.064 0.045 0.091 0.044 0.071 0.092 0.048 0.056 0.075 0.08 0.088 0.081 0.082;0.026 0.064 0.044 0.048 0.08 0.057 0.045 0.091 0.071 0.056 0.088 0.092 0.081 0.075 0.082;
0.031 0.057 0.055 0.061 0.111 0.066 0.044 0.078 0.054 0.03 0.084 0.084 0.073 0.1 0.072;0.031 0.057 0.066 0.044 0.078 0.055 0.061 0.111 0.054 0.03 0.084 0.084 0.1 0.073 0.072;0.031 0.066 0.055 0.054 0.084 0.057 0.044 0.078 0.061 0.03 0.1 0.111 0.073 0.084 0.072;
0.024 0.042 0.05 0.047 0.108 0.06 0.047 0.104 0.054 0.055 0.086 0.077 0.082 0.091 0.073;0.024 0.042 0.06 0.047 0.104 0.05 0.047 0.108 0.054 0.055 0.086 0.077 0.091 0.082 0.073;0.024 0.06 0.05 0.054 0.077 0.042 0.047 0.104 0.047 0.055 0.091 0.108 0.082 0.086 0.073;
0.032 0.056 0.062 0.054 0.079 0.059 0.038 0.08 0.047 0.052 0.1 0.078 0.066 0.12 0.077;0.032 0.056 0.059 0.038 0.08 0.062 0.054 0.079 0.047 0.052 0.1 0.078 0.12 0.066 0.077;0.032 0.059 0.062 0.047 0.078 0.056 0.038 0.08 0.054 0.052 0.12 0.079 0.066 0.1 0.077;
0.026 0.051 0.054 0.076 0.089 0.047 0.037 0.088 0.046 0.065 0.073 0.087 0.091 0.099 0.071;0.026 0.051 0.047 0.037 0.088 0.054 0.076 0.089 0.046 0.065 0.073 0.087 0.099 0.091 0.071;0.026 0.047 0.054 0.046 0.087 0.051 0.037 0.088 0.076 0.065 0.099 0.089 0.091 0.073 0.071;
0.021 0.06 0.058 0.073 0.098 0.054 0.044 0.075 0.044 0.049 0.079 0.072 0.101 0.094 0.078;0.021 0.06 0.054 0.044 0.075 0.058 0.073 0.098 0.044 0.049 0.079 0.072 0.094 0.101 0.078;0.021 0.054 0.058 0.044 0.072 0.06 0.044 0.075 0.073 0.049 0.094 0.098 0.101 0.079 0.078;
0.025 0.057 0.058 0.052 0.106 0.06 0.041 0.08 0.045 0.06 0.071 0.08 0.081 0.109 0.075;0.025 0.057 0.06 0.041 0.08 0.058 0.052 0.106 0.045 0.06 0.071 0.08 0.109 0.081 0.075;0.025 0.06 0.058 0.045 0.08 0.057 0.041 0.08 0.052 0.06 0.109 0.106 0.081 0.071 0.075;
0.027 0.048 0.055 0.054 0.105 0.063 0.041 0.072 0.035 0.048 0.064 0.085 0.085 0.123 0.095;0.027 0.048 0.063 0.041 0.072 0.055 0.054 0.105 0.035 0.048 0.064 0.085 0.123 0.085 0.095;0.027 0.063 0.055 0.035 0.085 0.048 0.041 0.072 0.054 0.048 0.123 0.105 0.085 0.064 0.095;
0.03 0.053 0.05 0.063 0.087 0.053 0.059 0.069 0.039 0.057 0.082 0.086 0.086 0.101 0.085;0.03 0.053 0.053 0.059 0.069 0.05 0.063 0.087 0.039 0.057 0.082 0.086 0.101 0.086 0.085;0.03 0.053 0.05 0.039 0.086 0.053 0.059 0.069 0.063 0.057 0.101 0.087 0.086 0.082 0.085;
0.015 0.063 0.056 0.057 0.091 0.064 0.055 0.095 0.047 0.061 0.082 0.069 0.068 0.097 0.08;0.015 0.063 0.064 0.055 0.095 0.056 0.057 0.091 0.047 0.061 0.082 0.069 0.097 0.068 0.08;0.015 0.064 0.056 0.047 0.069 0.063 0.055 0.095 0.057 0.061 0.097 0.091 0.068 0.082 0.08;
0.026 0.049 0.061 0.062 0.106 0.053 0.042 0.077 0.046 0.049 0.075 0.078 0.084 0.107 0.085;0.026 0.049 0.053 0.042 0.077 0.061 0.062 0.106 0.046 0.049 0.075 0.078 0.107 0.084 0.085;0.026 0.053 0.061 0.046 0.078 0.049 0.042 0.077 0.062 0.049 0.107 0.106 0.084 0.075 0.085;
0.03 0.052 0.064 0.057 0.085 0.048 0.038 0.093 0.042 0.057 0.086 0.075 0.088 0.094 0.091;0.03 0.052 0.048 0.038 0.093 0.064 0.057 0.085 0.042 0.057 0.086 0.075 0.094 0.088 0.091;0.03 0.048 0.064 0.042 0.075 0.052 0.038 0.093 0.057 0.057 0.094 0.085 0.088 0.086 0.091;
0.025 0.052 0.055 0.058 0.105 0.055 0.044 0.075 0.059 0.053 0.096 0.063 0.082 0.09 0.088;0.025 0.052 0.055 0.044 0.075 0.055 0.058 0.105 0.059 0.053 0.096 0.063 0.09 0.082 0.088;0.025 0.055 0.055 0.059 0.063 0.052 0.044 0.075 0.058 0.053 0.09 0.105 0.082 0.096 0.088;
0.022 0.064 0.052 0.066 0.097 0.051 0.04 0.076 0.052 0.054 0.097 0.08 0.074 0.09 0.085;0.022 0.064 0.051 0.04 0.076 0.052 0.066 0.097 0.052 0.054 0.097 0.08 0.09 0.074 0.085;0.022 0.051 0.052 0.052 0.08 0.064 0.04 0.076 0.066 0.054 0.09 0.097 0.074 0.097 0.085;
0.032 0.052 0.063 0.048 0.098 0.047 0.038 0.092 0.04 0.051 0.098 0.086 0.08 0.095 0.08;0.032 0.052 0.047 0.038 0.092 0.063 0.048 0.098 0.04 0.051 0.098 0.086 0.095 0.08 0.08;0.032 0.047 0.063 0.04 0.086 0.052 0.038 0.092 0.048 0.051 0.095 0.098 0.08 0.098 0.08;
0.028 0.048 0.047 0.066 0.094 0.055 0.043 0.092 0.035 0.073 0.068 0.085 0.09 0.094 0.082;0.028 0.048 0.055 0.043 0.092 0.047 0.066 0.094 0.035 0.073 0.068 0.085 0.094 0.09 0.082;0.028 0.055 0.047 0.035 0.085 0.048 0.043 0.092 0.066 0.073 0.094 0.094 0.09 0.068 0.082;
0.017 0.047 0.057 0.067 0.085 0.059 0.049 0.076 0.04 0.051 0.089 0.089 0.079 0.113 0.082;0.017 0.047 0.059 0.049 0.076 0.057 0.067 0.085 0.04 0.051 0.089 0.089 0.113 0.079 0.082;0.017 0.059 0.057 0.04 0.089 0.047 0.049 0.076 0.067 0.051 0.113 0.085 0.079 0.089 0.082;
0.022 0.059 0.055 0.059 0.112 0.048 0.042 0.075 0.037 0.055 0.088 0.076 0.102 0.095 0.075;0.022 0.059 0.048 0.042 0.075 0.055 0.059 0.112 0.037 0.055 0.088 0.076 0.095 0.102 0.075;0.022 0.048 0.055 0.037 0.076 0.059 0.042 0.075 0.059 0.055 0.095 0.112 0.102 0.088 0.075;
0.028 0.059 0.047 0.076 0.093 0.051 0.046 0.085 0.044 0.034 0.085 0.085 0.077 0.113 0.077;0.028 0.059 0.051 0.046 0.085 0.047 0.076 0.093 0.044 0.034 0.085 0.085 0.113 0.077 0.077;0.028 0.051 0.047 0.044 0.085 0.059 0.046 0.085 0.076 0.034 0.113 0.093 0.077 0.085 0.077;
0.027 0.058 0.049 0.067 0.112 0.046 0.041 0.107 0.037 0.041 0.086 0.079 0.081 0.077 0.092;0.027 0.058 0.046 0.041 0.107 0.049 0.067 0.112 0.037 0.041 0.086 0.079 0.077 0.081 0.092;0.027 0.046 0.049 0.037 0.079 0.058 0.041 0.107 0.067 0.041 0.077 0.112 0.081 0.086 0.092;
0.028 0.058 0.057 0.061 0.108 0.053 0.041 0.075 0.052 0.058 0.074 0.092 0.083 0.08 0.08;0.028 0.058 0.053 0.041 0.075 0.057 0.061 0.108 0.052 0.058 0.074 0.092 0.08 0.083 0.08;0.028 0.053 0.057 0.052 0.092 0.058 0.041 0.075 0.061 0.058 0.08 0.108 0.083 0.074 0.08;
0.031 0.059 0.052 0.06 0.088 0.067 0.04 0.096 0.055 0.064 0.078 0.067 0.097 0.086 0.06;0.031 0.059 0.067 0.04 0.096 0.052 0.06 0.088 0.055 0.064 0.078 0.067 0.086 0.097 0.06;0.031 0.067 0.052 0.055 0.067 0.059 0.04 0.096 0.06 0.064 0.086 0.088 0.097 0.078 0.06;
0.026 0.055 0.058 0.074 0.09 0.046 0.037 0.079 0.041 0.058 0.092 0.08 0.075 0.111 0.078;0.026 0.055 0.046 0.037 0.079 0.058 0.074 0.09 0.041 0.058 0.092 0.08 0.111 0.075 0.078;0.026 0.046 0.058 0.041 0.08 0.055 0.037 0.079 0.074 0.058 0.111 0.09 0.075 0.092 0.078;
0.023 0.053 0.05 0.059 0.106 0.043 0.038 0.095 0.043 0.06 0.09 0.084 0.068 0.101 0.087;0.023 0.053 0.043 0.038 0.095 0.05 0.059 0.106 0.043 0.06 0.09 0.084 0.101 0.068 0.087;0.023 0.043 0.05 0.043 0.084 0.053 0.038 0.095 0.059 0.06 0.101 0.106 0.068 0.09 0.087;
0.021 0.045 0.054 0.066 0.096 0.053 0.053 0.086 0.037 0.049 0.087 0.09 0.081 0.101 0.081;0.021 0.045 0.053 0.053 0.086 0.054 0.066 0.096 0.037 0.049 0.087 0.09 0.101 0.081 0.081;0.021 0.053 0.054 0.037 0.09 0.045 0.053 0.086 0.066 0.049 0.101 0.096 0.081 0.087 0.081;
0.027 0.058 0.048 0.061 0.084 0.061 0.04 0.089 0.052 0.046 0.086 0.091 0.082 0.085 0.09;0.027 0.058 0.061 0.04 0.089 0.048 0.061 0.084 0.052 0.046 0.086 0.091 0.085 0.082 0.09;0.027 0.061 0.048 0.052 0.091 0.058 0.04 0.089 0.061 0.046 0.085 0.084 0.082 0.086 0.09;
0.024 0.059 0.052 0.055 0.117 0.036 0.044 0.083 0.042 0.062 0.073 0.087 0.078 0.102 0.086;0.024 0.059 0.036 0.044 0.083 0.052 0.055 0.117 0.042 0.062 0.073 0.087 0.102 0.078 0.086;0.024 0.036 0.052 0.042 0.087 0.059 0.044 0.083 0.055 0.062 0.102 0.117 0.078 0.073 0.086;
0.021 0.066 0.06 0.069 0.092 0.061 0.042 0.073 0.047 0.04 0.082 0.087 0.082 0.109 0.069;0.021 0.066 0.061 0.042 0.073 0.06 0.069 0.092 0.047 0.04 0.082 0.087 0.109 0.082 0.069;0.021 0.061 0.06 0.047 0.087 0.066 0.042 0.073 0.069 0.04 0.109 0.092 0.082 0.082 0.069;
0.032 0.066 0.052 0.045 0.091 0.059 0.05 0.075 0.051 0.059 0.08 0.085 0.085 0.086 0.084;0.032 0.066 0.059 0.05 0.075 0.052 0.045 0.091 0.051 0.059 0.08 0.085 0.086 0.085 0.084;0.032 0.059 0.052 0.051 0.085 0.066 0.05 0.075 0.045 0.059 0.086 0.091 0.085 0.08 0.084;
0.025 0.055 0.052 0.049 0.109 0.06 0.041 0.089 0.044 0.044 0.086 0.077 0.086 0.11 0.073;0.025 0.055 0.06 0.041 0.089 0.052 0.049 0.109 0.044 0.044 0.086 0.077 0.11 0.086 0.073;0.025 0.06 0.052 0.044 0.077 0.055 0.041 0.089 0.049 0.044 0.11 0.109 0.086 0.086 0.073;
0.025 0.053 0.058 0.055 0.103 0.066 0.037 0.067 0.051 0.056 0.075 0.093 0.068 0.103 0.09;0.025 0.053 0.066 0.037 0.067 0.058 0.055 0.103 0.051 0.056 0.075 0.093 0.103 0.068 0.09;0.025 0.066 0.058 0.051 0.093 0.053 0.037 0.067 0.055 0.056 0.103 0.103 0.068 0.075 0.09;
0.024 0.055 0.054 0.056 0.108 0.061 0.036 0.077 0.046 0.056 0.1 0.095 0.078 0.098 0.056;0.024 0.055 0.061 0.036 0.077 0.054 0.056 0.108 0.046 0.056 0.1 0.095 0.098 0.078 0.056;0.024 0.061 0.054 0.046 0.095 0.055 0.036 0.077 0.056 0.056 0.098 0.108 0.078 0.1 0.056;
0.021 0.056 0.05 0.045 0.091 0.051 0.047 0.079 0.042 0.069 0.067 0.09 0.096 0.099 0.097;0.021 0.056 0.051 0.047 0.079 0.05 0.045 0.091 0.042 0.069 0.067 0.09 0.099 0.096 0.097;0.021 0.051 0.05 0.042 0.09 0.056 0.047 0.079 0.045 0.069 0.099 0.091 0.096 0.067 0.097;
0.034 0.051 0.059 0.078 0.101 0.052 0.033 0.086 0.047 0.053 0.087 0.068 0.084 0.087 0.08;0.034 0.051 0.052 0.033 0.086 0.059 0.078 0.101 0.047 0.053 0.087 0.068 0.087 0.084 0.08;0.034 0.052 0.059 0.047 0.068 0.051 0.033 0.086 0.078 0.053 0.087 0.101 0.084 0.087 0.08;
0.034 0.055 0.042 0.079 0.103 0.044 0.044 0.074 0.035 0.054 0.088 0.073 0.089 0.111 0.075;0.034 0.055 0.044 0.044 0.074 0.042 0.079 0.103 0.035 0.054 0.088 0.073 0.111 0.089 0.075;0.034 0.044 0.042 0.035 0.073 0.055 0.044 0.074 0.079 0.054 0.111 0.103 0.089 0.088 0.075;
0.027 0.048 0.058 0.058 0.104 0.054 0.042 0.087 0.037 0.062 0.08 0.093 0.091 0.091 0.068;0.027 0.048 0.054 0.042 0.087 0.058 0.058 0.104 0.037 0.062 0.08 0.093 0.091 0.091 0.068;0.027 0.054 0.058 0.037 0.093 0.048 0.042 0.087 0.058 0.062 0.091 0.104 0.091 0.08 0.068;
0.029 0.063 0.035 0.066 0.1 0.041 0.048 0.087 0.035 0.068 0.084 0.087 0.082 0.086 0.089;0.029 0.063 0.041 0.048 0.087 0.035 0.066 0.1 0.035 0.068 0.084 0.087 0.086 0.082 0.089;0.029 0.041 0.035 0.035 0.087 0.063 0.048 0.087 0.066 0.068 0.086 0.1 0.082 0.084 0.089;
0.023 0.05 0.068 0.065 0.109 0.052 0.036 0.073 0.037 0.062 0.073 0.074 0.085 0.103 0.09;0.023 0.05 0.052 0.036 0.073 0.068 0.065 0.109 0.037 0.062 0.073 0.074 0.103 0.085 0.09;0.023 0.052 0.068 0.037 0.074 0.05 0.036 0.073 0.065 0.062 0.103 0.109 0.085 0.073 0.09;
0.024 0.059 0.062 0.067 0.109 0.053 0.027 0.069 0.054 0.043 0.086 0.099 0.078 0.086 0.084;0.024 0.059 0.053 0.027 0.069 0.062 0.067 0.109 0.054 0.043 0.086 0.099 0.086 0.078 0.084;0.024 0.053 0.062 0.054 0.099 0.059 0.027 0.069 0.067 0.043 0.086 0.109 0.078 0.086 0.084;
0.029 0.057 0.063 0.066 0.086 0.05 0.043 0.073 0.046 0.067 0.084 0.089 0.07 0.103 0.074;0.029 0.057 0.05 0.043 0.073 0.063 0.066 0.086 0.046 0.067 0.084 0.089 0.103 0.07 0.074;0.029 0.05 0.063 0.046 0.089 0.057 0.043 0.073 0.066 0.067 0.103 0.086 0.07 0.084 0.074;
0.02 0.05 0.061 0.056 0.097 0.057 0.038 0.083 0.042 0.054 0.087 0.08 0.076 0.116 0.083;0.02 0.05 0.057 0.038 0.083 0.061 0.056 0.097 0.042 0.054 0.087 0.08 0.116 0.076 0.083;0.02 0.057 0.061 0.042 0.08 0.05 0.038 0.083 0.056 0.054 0.116 0.097 0.076 0.087 0.083;
0.027 0.063 0.057 0.076 0.096 0.043 0.049 0.075 0.032 0.052 0.082 0.089 0.081 0.107 0.071;0.027 0.063 0.043 0.049 0.075 0.057 0.076 0.096 0.032 0.052 0.082 0.089 0.107 0.081 0.071;0.027 0.043 0.057 0.032 0.089 0.063 0.049 0.075 0.076 0.052 0.107 0.096 0.081 0.082 0.071;
0.023 0.05 0.047 0.059 0.111 0.051 0.042 0.089 0.044 0.059 0.099 0.071 0.089 0.091 0.075;0.023 0.05 0.051 0.042 0.089 0.047 0.059 0.111 0.044 0.059 0.099 0.071 0.091 0.089 0.075;0.023 0.051 0.047 0.044 0.071 0.05 0.042 0.089 0.059 0.059 0.091 0.111 0.089 0.099 0.075;
0.028 0.05 0.054 0.071 0.1 0.054 0.041 0.073 0.05 0.053 0.079 0.086 0.087 0.096 0.078;0.028 0.05 0.054 0.041 0.073 0.054 0.071 0.1 0.05 0.053 0.079 0.086 0.096 0.087 0.078;0.028 0.054 0.054 0.05 0.086 0.05 0.041 0.073 0.071 0.053 0.096 0.1 0.087 0.079 0.078;
0.016 0.057 0.062 0.057 0.117 0.055 0.041 0.085 0.04 0.061 0.073 0.084 0.077 0.088 0.087;0.016 0.057 0.055 0.041 0.085 0.062 0.057 0.117 0.04 0.061 0.073 0.084 0.088 0.077 0.087;0.016 0.055 0.062 0.04 0.084 0.057 0.041 0.085 0.057 0.061 0.088 0.117 0.077 0.073 0.087;
0.018 0.048 0.052 0.063 0.094 0.058 0.045 0.09 0.056 0.06 0.08 0.079 0.081 0.101 0.075;0.018 0.048 0.058 0.045 0.09 0.052 0.063 0.094 0.056 0.06 0.08 0.079 0.101 0.081 0.075;0.018 0.058 0.052 0.056 0.079 0.048 0.045 0.09 0.063 0.06 0.101 0.094 0.081 0.08 0.075;
0.027 0.054 0.058 0.05 0.091 0.046 0.048 0.086 0.045 0.055 0.09 0.089 0.096 0.103 0.062;0.027 0.054 0.046 0.048 0.086 0.058 0.05 0.091 0.045 0.055 0.09 0.089 0.103 0.096 0.062;0.027 0.046 0.058 0.045 0.089 0.054 0.048 0.086 0.05 0.055 0.103 0.091 0.096 0.09 0.062;
0.027 0.049 0.058 0.06 0.109 0.051 0.046 0.083 0.051 0.058 0.079 0.088 0.076 0.088 0.077;0.027 0.049 0.051 0.046 0.083 0.058 0.06 0.109 0.051 0.058 0.079 0.088 0.088 0.076 0.077;0.027 0.051 0.058 0.051 0.088 0.049 0.046 0.083 0.06 0.058 0.088 0.109 0.076 0.079 0.077;
0.027 0.054 0.054 0.072 0.096 0.057 0.05 0.095 0.051 0.052 0.079 0.077 0.076 0.092 0.068;0.027 0.054 0.057 0.05 0.095 0.054 0.072 0.096 0.051 0.052 0.079 0.077 0.092 0.076 0.068;0.027 0.057 0.054 0.051 0.077 0.054 0.05 0.095 0.072 0.052 0.092 0.096 0.076 0.079 0.068;
0.026 0.053 0.062 0.065 0.092 0.063 0.041 0.084 0.039 0.048 0.07 0.1 0.081 0.096 0.08;0.026 0.053 0.063 0.041 0.084 0.062 0.065 0.092 0.039 0.048 0.07 0.1 0.096 0.081 0.08;0.026 0.063 0.062 0.039 0.1 0.053 0.041 0.084 0.065 0.048 0.096 0.092 0.081 0.07 0.08;
0.022 0.052 0.047 0.071 0.092 0.056 0.044 0.095 0.035 0.042 0.086 0.084 0.077 0.109 0.088;0.022 0.052 0.056 0.044 0.095 0.047 0.071 0.092 0.035 0.042 0.086 0.084 0.109 0.077 0.088;0.022 0.056 0.047 0.035 0.084 0.052 0.044 0.095 0.071 0.042 0.109 0.092 0.077 0.086 0.088;
0.027 0.054 0.063 0.061 0.1 0.049 0.033 0.09 0.047 0.043 0.105 0.071 0.075 0.096 0.086;0.027 0.054 0.049 0.033 0.09 0.063 0.061 0.1 0.047 0.043 0.105 0.071 0.096 0.075 0.086;0.027 0.049 0.063 0.047 0.071 0.054 0.033 0.09 0.061 0.043 0.096 0.1 0.075 0.105 0.086;
0.023 0.057 0.052 0.055 0.091 0.046 0.041 0.108 0.04 0.057 0.09 0.097 0.072 0.095 0.076;0.023 0.057 0.046 0.041 0.108 0.052 0.055 0.091 0.04 0.057 0.09 0.097 0.095 0.072 0.076;0.023 0.046 0.052 0.04 0.097 0.057 0.041 0.108 0.055 0.057 0.095 0.091 0.072 0.09 0.076;
0.02 0.054 0.053 0.043 0.1 0.047 0.039 0.076 0.062 0.058 0.105 0.086 0.087 0.085 0.085;0.02 0.054 0.047 0.039 0.076 0.053 0.043 0.1 0.062 0.058 0.105 0.086 0.085 0.087 0.085;0.02 0.047 0.053 0.062 0.086 0.054 0.039 0.076 0.043 0.058 0.085 0.1 0.087 0.105 0.085;
0.024 0.049 0.056 0.057 0.099 0.047 0.045 0.082 0.045 0.068 0.086 0.083 0.071 0.105 0.083;0.024 0.049 0.047 0.045 0.082 0.056 0.057 0.099 0.045 0.068 0.086 0.083 0.105 0.071 0.083;0.024 0.047 0.056 0.045 0.083 0.049 0.045 0.082 0.057 0.068 0.105 0.099 0.071 0.086 0.083;
0.021 0.061 0.063 0.05 0.101 0.048 0.038 0.092 0.045 0.051 0.079 0.089 0.083 0.106 0.073;0.021 0.061 0.048 0.038 0.092 0.063 0.05 0.101 0.045 0.051 0.079 0.089 0.106 0.083 0.073;0.021 0.048 0.063 0.045 0.089 0.061 0.038 0.092 0.05 0.051 0.106 0.101 0.083 0.079 0.073;
0.018 0.068 0.054 0.055 0.092 0.07 0.032 0.088 0.047 0.061 0.082 0.101 0.079 0.091 0.062;0.018 0.068 0.07 0.032 0.088 0.054 0.055 0.092 0.047 0.061 0.082 0.101 0.091 0.079 0.062;0.018 0.07 0.054 0.047 0.101 0.068 0.032 0.088 0.055 0.061 0.091 0.092 0.079 0.082 0.062;
0.026 0.039 0.053 0.056 0.116 0.049 0.039 0.092 0.046 0.06 0.081 0.083 0.075 0.105 0.08;0.026 0.039 0.049 0.039 0.092 0.053 0.056 0.116 0.046 0.06 0.081 0.083 0.105 0.075 0.08;0.026 0.049 0.053 0.046 0.083 0.039 0.039 0.092 0.056 0.06 0.105 0.116 0.075 0.081 0.08;
0.027 0.049 0.057 0.059 0.099 0.049 0.043 0.086 0.028 0.046 0.083 0.073 0.081 0.126 0.094;0.027 0.049 0.049 0.043 0.086 0.057 0.059 0.099 0.028 0.046 0.083 0.073 0.126 0.081 0.094;0.027 0.049 0.057 0.028 0.073 0.049 0.043 0.086 0.059 0.046 0.126 0.099 0.081 0.083 0.094;
0.026 0.051 0.06 0.051 0.094 0.064 0.044 0.077 0.065 0.049 0.078 0.089 0.086 0.092 0.074;0.026 0.051 0.064 0.044 0.077 0.06 0.051 0.094 0.065 0.049 0.078 0.089 0.092 0.086 0.074;0.026 0.064 0.06 0.065 0.089 0.051 0.044 0.077 0.051 0.049 0.092 0.094 0.086 0.078 0.074;
0.024 0.056 0.045 0.059 0.115 0.053 0.026 0.092 0.044 0.058 0.08 0.077 0.09 0.094 0.087;0.024 0.056 0.053 0.026 0.092 0.045 0.059 0.115 0.044 0.058 0.08 0.077 0.094 0.09 0.087;0.024 0.053 0.045 0.044 0.077 0.056 0.026 0.092 0.059 0.058 0.094 0.115 0.09 0.08 0.087;
0.03 0.052 0.064 0.062 0.112 0.05 0.05 0.066 0.038 0.052 0.073 0.079 0.096 0.102 0.074;0.03 0.052 0.05 0.05 0.066 0.064 0.062 0.112 0.038 0.052 0.073 0.079 0.102 0.096 0.074;0.03 0.05 0.064 0.038 0.079 0.052 0.05 0.066 0.062 0.052 0.102 0.112 0.096 0.073 0.074;
0.031 0.05 0.054 0.072 0.097 0.05 0.041 0.064 0.057 0.054 0.088 0.091 0.074 0.095 0.082;0.031 0.05 0.05 0.041 0.064 0.054 0.072 0.097 0.057 0.054 0.088 0.091 0.095 0.074 0.082;0.031 0.05 0.054 0.057 0.091 0.05 0.041 0.064 0.072 0.054 0.095 0.097 0.074 0.088 0.082;
0.022 0.051 0.058 0.065 0.083 0.072 0.04 0.089 0.052 0.05 0.083 0.078 0.082 0.104 0.071;0.022 0.051 0.072 0.04 0.089 0.058 0.065 0.083 0.052 0.05 0.083 0.078 0.104 0.082 0.071;0.022 0.072 0.058 0.052 0.078 0.051 0.04 0.089 0.065 0.05 0.104 0.083 0.082 0.083 0.071;
0.02 0.06 0.055 0.078 0.091 0.058 0.046 0.084 0.053 0.039 0.082 0.082 0.085 0.101 0.066;0.02 0.06 0.058 0.046 0.084 0.055 0.078 0.091 0.053 0.039 0.082 0.082 0.101 0.085 0.066;0.02 0.058 0.055 0.053 0.082 0.06 0.046 0.084 0.078 0.039 0.101 0.091 0.085 0.082 0.066;
0.034 0.064 0.044 0.054 0.09 0.058 0.041 0.068 0.041 0.049 0.092 0.084 0.077 0.119 0.085;0.034 0.064 0.058 0.041 0.068 0.044 0.054 0.09 0.041 0.049 0.092 0.084 0.119 0.077 0.085;0.034 0.058 0.044 0.041 0.084 0.064 0.041 0.068 0.054 0.049 0.119 0.09 0.077 0.092 0.085;
0.03 0.06 0.06 0.064 0.102 0.056 0.05 0.077 0.039 0.048 0.087 0.07 0.09 0.089 0.078;0.03 0.06 0.056 0.05 0.077 0.06 0.064 0.102 0.039 0.048 0.087 0.07 0.089 0.09 0.078;0.03 0.056 0.06 0.039 0.07 0.06 0.05 0.077 0.064 0.048 0.089 0.102 0.09 0.087 0.078;
0.02 0.069 0.052 0.056 0.091 0.05 0.048 0.08 0.04 0.052 0.094 0.079 0.068 0.126 0.075;0.02 0.069 0.05 0.048 0.08 0.052 0.056 0.091 0.04 0.052 0.094 0.079 0.126 0.068 0.075;0.02 0.05 0.052 0.04 0.079 0.069 0.048 0.08 0.056 0.052 0.126 0.091 0.068 0.094 0.075;
0.025 0.05 0.036 0.051 0.099 0.041 0.042 0.093 0.042 0.07 0.099 0.087 0.087 0.083 0.095;0.025 0.05 0.041 0.042 0.093 0.036 0.051 0.099 0.042 0.07 0.099 0.087 0.083 0.087 0.095;0.025 0.041 0.036 0.042 0.087 0.05 0.042 0.093 0.051 0.07 0.083 0.099 0.087 0.099 0.095;
0.022 0.051 0.061 0.065 0.099 0.048 0.048 0.08 0.037 0.047 0.082 0.085 0.084 0.096 0.095;0.022 0.051 0.048 0.048 0.08 0.061 0.065 0.099 0.037 0.047 0.082 0.085 0.096 0.084 0.095;0.022 0.048 0.061 0.037 0.085 0.051 0.048 0.08 0.065 0.047 0.096 0.099 0.084 0.082 0.095;
0.026 0.04 0.064 0.06 0.098 0.067 0.035 0.084 0.038 0.049 0.082 0.087 0.09 0.102 0.078;0.026 0.04 0.067 0.035 0.084 0.064 0.06 0.098 0.038 0.049 0.082 0.087 0.102 0.09 0.078;0.026 0.067 0.064 0.038 0.087 0.04 0.035 0.084 0.06 0.049 0.102 0.098 0.09 0.082 0.078;
0.022 0.052 0.045 0.056 0.11 0.055 0.044 0.081 0.044 0.056 0.082 0.095 0.087 0.098 0.073;0.022 0.052 0.055 0.044 0.081 0.045 0.056 0.11 0.044 0.056 0.082 0.095 0.098 0.087 0.073;0.022 0.055 0.045 0.044 0.095 0.052 0.044 0.081 0.056 0.056 0.098 0.11 0.087 0.082 0.073;
0.031 0.05 0.05 0.054 0.099 0.055 0.035 0.096 0.02 0.052 0.086 0.098 0.086 0.109 0.079;0.031 0.05 0.055 0.035 0.096 0.05 0.054 0.099 0.02 0.052 0.086 0.098 0.109 0.086 0.079;0.031 0.055 0.05 0.02 0.098 0.05 0.035 0.096 0.054 0.052 0.109 0.099 0.086 0.086 0.079;
0.026 0.046 0.07 0.069 0.112 0.052 0.042 0.086 0.044 0.063 0.077 0.062 0.083 0.09 0.078;0.026 0.046 0.052 0.042 0.086 0.07 0.069 0.112 0.044 0.063 0.077 0.062 0.09 0.083 0.078;0.026 0.052 0.07 0.044 0.062 0.046 0.042 0.086 0.069 0.063 0.09 0.112 0.083 0.077 0.078;
0.03 0.05 0.055 0.065 0.106 0.055 0.044 0.085 0.039 0.053 0.077 0.086 0.101 0.088 0.066;0.03 0.05 0.055 0.044 0.085 0.055 0.065 0.106 0.039 0.053 0.077 0.086 0.088 0.101 0.066;0.03 0.055 0.055 0.039 0.086 0.05 0.044 0.085 0.065 0.053 0.088 0.106 0.101 0.077 0.066;
0.033 0.05 0.047 0.077 0.084 0.063 0.034 0.074 0.051 0.046 0.085 0.091 0.08 0.105 0.08;0.033 0.05 0.063 0.034 0.074 0.047 0.077 0.084 0.051 0.046 0.085 0.091 0.105 0.08 0.08;0.033 0.063 0.047 0.051 0.091 0.05 0.034 0.074 0.077 0.046 0.105 0.084 0.08 0.085 0.08;
0.021 0.057 0.053 0.065 0.093 0.042 0.045 0.093 0.048 0.048 0.082 0.071 0.076 0.103 0.103;0.021 0.057 0.042 0.045 0.093 0.053 0.065 0.093 0.048 0.048 0.082 0.071 0.103 0.076 0.103;0.021 0.042 0.053 0.048 0.071 0.057 0.045 0.093 0.065 0.048 0.103 0.093 0.076 0.082 0.103;
0.026 0.055 0.053 0.068 0.107 0.043 0.039 0.067 0.047 0.058 0.088 0.076 0.083 0.112 0.078;0.026 0.055 0.043 0.039 0.067 0.053 0.068 0.107 0.047 0.058 0.088 0.076 0.112 0.083 0.078;0.026 0.043 0.053 0.047 0.076 0.055 0.039 0.067 0.068 0.058 0.112 0.107 0.083 0.088 0.078;
0.024 0.058 0.069 0.07 0.092 0.068 0.048 0.079 0.039 0.056 0.073 0.087 0.068 0.088 0.081;0.024 0.058 0.068 0.048 0.079 0.069 0.07 0.092 0.039 0.056 0.073 0.087 0.088 0.068 0.081;0.024 0.068 0.069 0.039 0.087 0.058 0.048 0.079 0.07 0.056 0.088 0.092 0.068 0.073 0.081;
0.025 0.055 0.049 0.066 0.102 0.059 0.047 0.08 0.042 0.055 0.089 0.075 0.084 0.085 0.087;0.025 0.055 0.059 0.047 0.08 0.049 0.066 0.102 0.042 0.055 0.089 0.075 0.085 0.084 0.087;0.025 0.059 0.049 0.042 0.075 0.055 0.047 0.08 0.066 0.055 0.085 0.102 0.084 0.089 0.087;
0.029 0.053 0.045 0.061 0.108 0.048 0.031 0.081 0.047 0.054 0.105 0.083 0.07 0.101 0.084;0.029 0.053 0.048 0.031 0.081 0.045 0.061 0.108 0.047 0.054 0.105 0.083 0.101 0.07 0.084;0.029 0.048 0.045 0.047 0.083 0.053 0.031 0.081 0.061 0.054 0.101 0.108 0.07 0.105 0.084;
0.026 0.052 0.055 0.077 0.111 0.049 0.041 0.069 0.053 0.058 0.08 0.078 0.06 0.102 0.089;0.026 0.052 0.049 0.041 0.069 0.055 0.077 0.111 0.053 0.058 0.08 0.078 0.102 0.06 0.089;0.026 0.049 0.055 0.053 0.078 0.052 0.041 0.069 0.077 0.058 0.102 0.111 0.06 0.08 0.089;
0.03 0.048 0.05 0.068 0.116 0.046 0.036 0.067 0.043 0.057 0.102 0.085 0.085 0.089 0.078;0.03 0.048 0.046 0.036 0.067 0.05 0.068 0.116 0.043 0.057 0.102 0.085 0.089 0.085 0.078;0.03 0.046 0.05 0.043 0.085 0.048 0.036 0.067 0.068 0.057 0.089 0.116 0.085 0.102 0.078;
0.038 0.044 0.061 0.068 0.114 0.063 0.037 0.078 0.042 0.052 0.074 0.1 0.072 0.091 0.066;0.038 0.044 0.063 0.037 0.078 0.061 0.068 0.114 0.042 0.052 0.074 0.1 0.091 0.072 0.066;0.038 0.063 0.061 0.042 0.1 0.044 0.037 0.078 0.068 0.052 0.091 0.114 0.072 0.074 0.066;
0.031 0.054 0.047 0.066 0.095 0.046 0.039 0.093 0.038 0.063 0.079 0.082 0.074 0.104 0.089;0.031 0.054 0.046 0.039 0.093 0.047 0.066 0.095 0.038 0.063 0.079 0.082 0.104 0.074 0.089;0.031 0.046 0.047 0.038 0.082 0.054 0.039 0.093 0.066 0.063 0.104 0.095 0.074 0.079 0.089;
0.029 0.055 0.074 0.055 0.102 0.048 0.04 0.087 0.053 0.053 0.08 0.096 0.069 0.091 0.068;0.029 0.055 0.048 0.04 0.087 0.074 0.055 0.102 0.053 0.053 0.08 0.096 0.091 0.069 0.068;0.029 0.048 0.074 0.053 0.096 0.055 0.04 0.087 0.055 0.053 0.091 0.102 0.069 0.08 0.068;
0.026 0.064 0.058 0.057 0.09 0.053 0.049 0.082 0.049 0.055 0.076 0.09 0.06 0.103 0.088;0.026 0.064 0.053 0.049 0.082 0.058 0.057 0.09 0.049 0.055 0.076 0.09 0.103 0.06 0.088;0.026 0.053 0.058 0.049 0.09 0.064 0.049 0.082 0.057 0.055 0.103 0.09 0.06 0.076 0.088;
0.03 0.045 0.05 0.067 0.095 0.068 0.039 0.078 0.043 0.058 0.094 0.083 0.092 0.084 0.074;0.03 0.045 0.068 0.039 0.078 0.05 0.067 0.095 0.043 0.058 0.094 0.083 0.084 0.092 0.074;0.03 0.068 0.05 0.043 0.083 0.045 0.039 0.078 0.067 0.058 0.084 0.095 0.092 0.094 0.074;
0.027 0.058 0.058 0.061 0.115 0.052 0.042 0.077 0.044 0.052 0.078 0.073 0.088 0.075 0.1;0.027 0.058 0.052 0.042 0.077 0.058 0.061 0.115 0.044 0.052 0.078 0.073 0.075 0.088 0.1;0.027 0.052 0.058 0.044 0.073 0.058 0.042 0.077 0.061 0.052 0.075 0.115 0.088 0.078 0.1;
0.025 0.054 0.052 0.054 0.114 0.044 0.047 0.092 0.036 0.056 0.087 0.078 0.093 0.088 0.08;0.025 0.054 0.044 0.047 0.092 0.052 0.054 0.114 0.036 0.056 0.087 0.078 0.088 0.093 0.08;0.025 0.044 0.052 0.036 0.078 0.054 0.047 0.092 0.054 0.056 0.088 0.114 0.093 0.087 0.08;
0.031 0.052 0.051 0.052 0.088 0.043 0.058 0.091 0.047 0.048 0.082 0.075 0.081 0.113 0.088;0.031 0.052 0.043 0.058 0.091 0.051 0.052 0.088 0.047 0.048 0.082 0.075 0.113 0.081 0.088;0.031 0.043 0.051 0.047 0.075 0.052 0.058 0.091 0.052 0.048 0.113 0.088 0.081 0.082 0.088;
0.037 0.056 0.055 0.06 0.1 0.056 0.044 0.077 0.041 0.055 0.084 0.094 0.08 0.085 0.076;0.037 0.056 0.056 0.044 0.077 0.055 0.06 0.1 0.041 0.055 0.084 0.094 0.085 0.08 0.076;0.037 0.056 0.055 0.041 0.094 0.056 0.044 0.077 0.06 0.055 0.085 0.1 0.08 0.084 0.076];