pntP=[0.473333333333 0.123333333333 0.0333333333333 0.0933333333333 0.0266666666667 0.13 0.0166666666667 0.0366666666667 0.00333333333333 0.0266666666667 0.01 0.00333333333333 0 0.02 0.00333333333333;0.473333333333 0.123333333333 0.13 0.0166666666667 0.0366666666667 0.0333333333333 0.0933333333333 0.0266666666667 0.00333333333333 0.0266666666667 0.01 0.00333333333333 0.02 0 0.00333333333333;0.473333333333 0.13 0.0333333333333 0.00333333333333 0.00333333333333 0.123333333333 0.0166666666667 0.0366666666667 0.0933333333333 0.0266666666667 0.02 0.0266666666667 0 0.01 0.00333333333333;
0.376666666667 0.163333333333 0.04 0.103333333333 0.0266666666667 0.123333333333 0.0233333333333 0.0366666666667 0.00333333333333 0.0266666666667 0.01 0.00666666666667 0.00666666666667 0.0366666666667 0.0166666666667;0.376666666667 0.163333333333 0.123333333333 0.0233333333333 0.0366666666667 0.04 0.103333333333 0.0266666666667 0.00333333333333 0.0266666666667 0.01 0.00666666666667 0.0366666666667 0.00666666666667 0.0166666666667;0.376666666667 0.123333333333 0.04 0.00333333333333 0.00666666666667 0.163333333333 0.0233333333333 0.0366666666667 0.103333333333 0.0266666666667 0.0366666666667 0.0266666666667 0.00666666666667 0.01 0.0166666666667;
0.413333333333 0.12 0.0433333333333 0.143333333333 0.0333333333333 0.116666666667 0.01 0.0166666666667 0.00666666666667 0.0333333333333 0.01 0.01 0 0.0366666666667 0.00666666666667;0.413333333333 0.12 0.116666666667 0.01 0.0166666666667 0.0433333333333 0.143333333333 0.0333333333333 0.00666666666667 0.0333333333333 0.01 0.01 0.0366666666667 0 0.00666666666667;0.413333333333 0.116666666667 0.0433333333333 0.00666666666667 0.01 0.12 0.01 0.0166666666667 0.143333333333 0.0333333333333 0.0366666666667 0.0333333333333 0 0.01 0.00666666666667;
0.433333333333 0.126666666667 0.0333333333333 0.11 0.0533333333333 0.0966666666667 0.0133333333333 0.03 0.00666666666667 0.0333333333333 0.01 0.0133333333333 0.01 0.0266666666667 0.00333333333333;0.433333333333 0.126666666667 0.0966666666667 0.0133333333333 0.03 0.0333333333333 0.11 0.0533333333333 0.00666666666667 0.0333333333333 0.01 0.0133333333333 0.0266666666667 0.01 0.00333333333333;0.433333333333 0.0966666666667 0.0333333333333 0.00666666666667 0.0133333333333 0.126666666667 0.0133333333333 0.03 0.11 0.0333333333333 0.0266666666667 0.0533333333333 0.01 0.01 0.00333333333333;
0.406666666667 0.1 0.0333333333333 0.14 0.03 0.143333333333 0.0233333333333 0.0266666666667 0.0166666666667 0.0133333333333 0.00666666666667 0.00333333333333 0.00666666666667 0.0466666666667 0.00333333333333;0.406666666667 0.1 0.143333333333 0.0233333333333 0.0266666666667 0.0333333333333 0.14 0.03 0.0166666666667 0.0133333333333 0.00666666666667 0.00333333333333 0.0466666666667 0.00666666666667 0.00333333333333;0.406666666667 0.143333333333 0.0333333333333 0.0166666666667 0.00333333333333 0.1 0.0233333333333 0.0266666666667 0.14 0.0133333333333 0.0466666666667 0.03 0.00666666666667 0.00666666666667 0.00333333333333;
0.363333333333 0.146666666667 0.02 0.156666666667 0.03 0.126666666667 0.02 0.0333333333333 0.00666666666667 0.0266666666667 0.01 0.01 0.00666666666667 0.0366666666667 0.00666666666667;0.363333333333 0.146666666667 0.126666666667 0.02 0.0333333333333 0.02 0.156666666667 0.03 0.00666666666667 0.0266666666667 0.01 0.01 0.0366666666667 0.00666666666667 0.00666666666667;0.363333333333 0.126666666667 0.02 0.00666666666667 0.01 0.146666666667 0.02 0.0333333333333 0.156666666667 0.0266666666667 0.0366666666667 0.03 0.00666666666667 0.01 0.00666666666667;
0.386666666667 0.0933333333333 0.05 0.126666666667 0.0366666666667 0.153333333333 0.0266666666667 0.0166666666667 0.00666666666667 0.0433333333333 0.00666666666667 0.01 0.00333333333333 0.0366666666667 0.00333333333333;0.386666666667 0.0933333333333 0.153333333333 0.0266666666667 0.0166666666667 0.05 0.126666666667 0.0366666666667 0.00666666666667 0.0433333333333 0.00666666666667 0.01 0.0366666666667 0.00333333333333 0.00333333333333;0.386666666667 0.153333333333 0.05 0.00666666666667 0.01 0.0933333333333 0.0266666666667 0.0166666666667 0.126666666667 0.0433333333333 0.0366666666667 0.0366666666667 0.00333333333333 0.00666666666667 0.00333333333333;
0.38 0.14 0.0266666666667 0.11 0.0333333333333 0.143333333333 0.01 0.02 0.00666666666667 0.06 0.01 0.01 0 0.0433333333333 0.00666666666667;0.38 0.14 0.143333333333 0.01 0.02 0.0266666666667 0.11 0.0333333333333 0.00666666666667 0.06 0.01 0.01 0.0433333333333 0 0.00666666666667;0.38 0.143333333333 0.0266666666667 0.00666666666667 0.01 0.14 0.01 0.02 0.11 0.06 0.0433333333333 0.0333333333333 0 0.01 0.00666666666667;
0.423333333333 0.126666666667 0.03 0.133333333333 0.0333333333333 0.11 0.00666666666667 0.0366666666667 0 0.0233333333333 0.01 0.0166666666667 0.00666666666667 0.0266666666667 0.0166666666667;0.423333333333 0.126666666667 0.11 0.00666666666667 0.0366666666667 0.03 0.133333333333 0.0333333333333 0 0.0233333333333 0.01 0.0166666666667 0.0266666666667 0.00666666666667 0.0166666666667;0.423333333333 0.11 0.03 0 0.0166666666667 0.126666666667 0.00666666666667 0.0366666666667 0.133333333333 0.0233333333333 0.0266666666667 0.0333333333333 0.00666666666667 0.01 0.0166666666667;
0.413333333333 0.143333333333 0.03 0.13 0.0333333333333 0.116666666667 0.01 0.0233333333333 0.00333333333333 0.0166666666667 0.00333333333333 0.0133333333333 0.00333333333333 0.0566666666667 0.00333333333333;0.413333333333 0.143333333333 0.116666666667 0.01 0.0233333333333 0.03 0.13 0.0333333333333 0.00333333333333 0.0166666666667 0.00333333333333 0.0133333333333 0.0566666666667 0.00333333333333 0.00333333333333;0.413333333333 0.116666666667 0.03 0.00333333333333 0.0133333333333 0.143333333333 0.01 0.0233333333333 0.13 0.0166666666667 0.0566666666667 0.0333333333333 0.00333333333333 0.00333333333333 0.00333333333333;
0.43 0.126666666667 0.04 0.146666666667 0.02 0.103333333333 0.00333333333333 0.0333333333333 0.01 0.0166666666667 0.01 0.00333333333333 0.01 0.0433333333333 0.00333333333333;0.43 0.126666666667 0.103333333333 0.00333333333333 0.0333333333333 0.04 0.146666666667 0.02 0.01 0.0166666666667 0.01 0.00333333333333 0.0433333333333 0.01 0.00333333333333;0.43 0.103333333333 0.04 0.01 0.00333333333333 0.126666666667 0.00333333333333 0.0333333333333 0.146666666667 0.0166666666667 0.0433333333333 0.02 0.01 0.01 0.00333333333333;
0.433333333333 0.113333333333 0.0333333333333 0.126666666667 0.03 0.126666666667 0.0166666666667 0.0266666666667 0.00333333333333 0.0266666666667 0.01 0.00333333333333 0.00333333333333 0.0433333333333 0.00333333333333;0.433333333333 0.113333333333 0.126666666667 0.0166666666667 0.0266666666667 0.0333333333333 0.126666666667 0.03 0.00333333333333 0.0266666666667 0.01 0.00333333333333 0.0433333333333 0.00333333333333 0.00333333333333;0.433333333333 0.126666666667 0.0333333333333 0.00333333333333 0.00333333333333 0.113333333333 0.0166666666667 0.0266666666667 0.126666666667 0.0266666666667 0.0433333333333 0.03 0.00333333333333 0.01 0.00333333333333;
0.386666666667 0.0966666666667 0.03 0.11 0.0433333333333 0.143333333333 0.01 0.04 0.00333333333333 0.05 0.0133333333333 0.00666666666667 0.00666666666667 0.0533333333333 0.00666666666667;0.386666666667 0.0966666666667 0.143333333333 0.01 0.04 0.03 0.11 0.0433333333333 0.00333333333333 0.05 0.0133333333333 0.00666666666667 0.0533333333333 0.00666666666667 0.00666666666667;0.386666666667 0.143333333333 0.03 0.00333333333333 0.00666666666667 0.0966666666667 0.01 0.04 0.11 0.05 0.0533333333333 0.0433333333333 0.00666666666667 0.0133333333333 0.00666666666667;
0.403333333333 0.103333333333 0.0366666666667 0.136666666667 0.0233333333333 0.14 0.00666666666667 0.0466666666667 0.0166666666667 0.0166666666667 0.0133333333333 0.01 0.00333333333333 0.04 0.00333333333333;0.403333333333 0.103333333333 0.14 0.00666666666667 0.0466666666667 0.0366666666667 0.136666666667 0.0233333333333 0.0166666666667 0.0166666666667 0.0133333333333 0.01 0.04 0.00333333333333 0.00333333333333;0.403333333333 0.14 0.0366666666667 0.0166666666667 0.01 0.103333333333 0.00666666666667 0.0466666666667 0.136666666667 0.0166666666667 0.04 0.0233333333333 0.00333333333333 0.0133333333333 0.00333333333333;
0.413333333333 0.133333333333 0.0333333333333 0.14 0.0466666666667 0.113333333333 0.00666666666667 0.0233333333333 0.00666666666667 0.03 0.00666666666667 0.00666666666667 0.00333333333333 0.0333333333333 0.00333333333333;0.413333333333 0.133333333333 0.113333333333 0.00666666666667 0.0233333333333 0.0333333333333 0.14 0.0466666666667 0.00666666666667 0.03 0.00666666666667 0.00666666666667 0.0333333333333 0.00333333333333 0.00333333333333;0.413333333333 0.113333333333 0.0333333333333 0.00666666666667 0.00666666666667 0.133333333333 0.00666666666667 0.0233333333333 0.14 0.03 0.0333333333333 0.0466666666667 0.00333333333333 0.00666666666667 0.00333333333333;
0.416666666667 0.106666666667 0.0333333333333 0.13 0.04 0.12 0.02 0.0333333333333 0.00666666666667 0.03 0.00666666666667 0.01 0.00666666666667 0.0333333333333 0.00666666666667;0.416666666667 0.106666666667 0.12 0.02 0.0333333333333 0.0333333333333 0.13 0.04 0.00666666666667 0.03 0.00666666666667 0.01 0.0333333333333 0.00666666666667 0.00666666666667;0.416666666667 0.12 0.0333333333333 0.00666666666667 0.01 0.106666666667 0.02 0.0333333333333 0.13 0.03 0.0333333333333 0.04 0.00666666666667 0.00666666666667 0.00666666666667;
0.38 0.113333333333 0.0333333333333 0.16 0.0433333333333 0.116666666667 0.0233333333333 0.0333333333333 0.00333333333333 0.03 0.00666666666667 0.01 0.00666666666667 0.04 0;0.38 0.113333333333 0.116666666667 0.0233333333333 0.0333333333333 0.0333333333333 0.16 0.0433333333333 0.00333333333333 0.03 0.00666666666667 0.01 0.04 0.00666666666667 0;0.38 0.116666666667 0.0333333333333 0.00333333333333 0.01 0.113333333333 0.0233333333333 0.0333333333333 0.16 0.03 0.04 0.0433333333333 0.00666666666667 0.00666666666667 0;
0.43 0.126666666667 0.03 0.136666666667 0.0333333333333 0.116666666667 0.0166666666667 0.03 0.01 0.02 0.01 0.01 0 0.0266666666667 0.00333333333333;0.43 0.126666666667 0.116666666667 0.0166666666667 0.03 0.03 0.136666666667 0.0333333333333 0.01 0.02 0.01 0.01 0.0266666666667 0 0.00333333333333;0.43 0.116666666667 0.03 0.01 0.01 0.126666666667 0.0166666666667 0.03 0.136666666667 0.02 0.0266666666667 0.0333333333333 0 0.01 0.00333333333333;
0.376666666667 0.143333333333 0.0333333333333 0.15 0.0333333333333 0.15 0.0233333333333 0.01 0 0.0233333333333 0.00333333333333 0.01 0 0.03 0.0133333333333;0.376666666667 0.143333333333 0.15 0.0233333333333 0.01 0.0333333333333 0.15 0.0333333333333 0 0.0233333333333 0.00333333333333 0.01 0.03 0 0.0133333333333;0.376666666667 0.15 0.0333333333333 0 0.01 0.143333333333 0.0233333333333 0.01 0.15 0.0233333333333 0.03 0.0333333333333 0 0.00333333333333 0.0133333333333;
0.41 0.1 0.0366666666667 0.113333333333 0.0366666666667 0.11 0.0233333333333 0.0366666666667 0.00333333333333 0.0233333333333 0.0133333333333 0.0233333333333 0.01 0.0466666666667 0.0133333333333;0.41 0.1 0.11 0.0233333333333 0.0366666666667 0.0366666666667 0.113333333333 0.0366666666667 0.00333333333333 0.0233333333333 0.0133333333333 0.0233333333333 0.0466666666667 0.01 0.0133333333333;0.41 0.11 0.0366666666667 0.00333333333333 0.0233333333333 0.1 0.0233333333333 0.0366666666667 0.113333333333 0.0233333333333 0.0466666666667 0.0366666666667 0.01 0.0133333333333 0.0133333333333;
0.406666666667 0.103333333333 0.03 0.15 0.03 0.13 0.02 0.0266666666667 0.00666666666667 0.0166666666667 0.0166666666667 0.00666666666667 0.01 0.0433333333333 0.00333333333333;0.406666666667 0.103333333333 0.13 0.02 0.0266666666667 0.03 0.15 0.03 0.00666666666667 0.0166666666667 0.0166666666667 0.00666666666667 0.0433333333333 0.01 0.00333333333333;0.406666666667 0.13 0.03 0.00666666666667 0.00666666666667 0.103333333333 0.02 0.0266666666667 0.15 0.0166666666667 0.0433333333333 0.03 0.01 0.0166666666667 0.00333333333333;
0.42 0.103333333333 0.0166666666667 0.146666666667 0.04 0.103333333333 0.0233333333333 0.0266666666667 0.00333333333333 0.0166666666667 0.02 0.0166666666667 0.00333333333333 0.0566666666667 0.00333333333333;0.42 0.103333333333 0.103333333333 0.0233333333333 0.0266666666667 0.0166666666667 0.146666666667 0.04 0.00333333333333 0.0166666666667 0.02 0.0166666666667 0.0566666666667 0.00333333333333 0.00333333333333;0.42 0.103333333333 0.0166666666667 0.00333333333333 0.0166666666667 0.103333333333 0.0233333333333 0.0266666666667 0.146666666667 0.0166666666667 0.0566666666667 0.04 0.00333333333333 0.02 0.00333333333333;
0.376666666667 0.116666666667 0.0233333333333 0.13 0.04 0.17 0.0133333333333 0.03 0.00333333333333 0.0266666666667 0.00333333333333 0.0133333333333 0.00666666666667 0.0466666666667 0;0.376666666667 0.116666666667 0.17 0.0133333333333 0.03 0.0233333333333 0.13 0.04 0.00333333333333 0.0266666666667 0.00333333333333 0.0133333333333 0.0466666666667 0.00666666666667 0;0.376666666667 0.17 0.0233333333333 0.00333333333333 0.0133333333333 0.116666666667 0.0133333333333 0.03 0.13 0.0266666666667 0.0466666666667 0.04 0.00666666666667 0.00333333333333 0;
0.383333333333 0.126666666667 0.0433333333333 0.133333333333 0.0433333333333 0.126666666667 0.01 0.03 0 0.0333333333333 0.02 0.01 0 0.04 0;0.383333333333 0.126666666667 0.126666666667 0.01 0.03 0.0433333333333 0.133333333333 0.0433333333333 0 0.0333333333333 0.02 0.01 0.04 0 0;0.383333333333 0.126666666667 0.0433333333333 0 0.01 0.126666666667 0.01 0.03 0.133333333333 0.0333333333333 0.04 0.0433333333333 0 0.02 0;
0.38 0.146666666667 0.0433333333333 0.14 0.0233333333333 0.123333333333 0.0133333333333 0.0266666666667 0.01 0.0266666666667 0.00666666666667 0.0133333333333 0.00666666666667 0.04 0;0.38 0.146666666667 0.123333333333 0.0133333333333 0.0266666666667 0.0433333333333 0.14 0.0233333333333 0.01 0.0266666666667 0.00666666666667 0.0133333333333 0.04 0.00666666666667 0;0.38 0.123333333333 0.0433333333333 0.01 0.0133333333333 0.146666666667 0.0133333333333 0.0266666666667 0.14 0.0266666666667 0.04 0.0233333333333 0.00666666666667 0.00666666666667 0;
0.43 0.123333333333 0.0233333333333 0.14 0.0266666666667 0.113333333333 0.00333333333333 0.0266666666667 0.0233333333333 0.0333333333333 0.0133333333333 0.00333333333333 0.00333333333333 0.03 0.00666666666667;0.43 0.123333333333 0.113333333333 0.00333333333333 0.0266666666667 0.0233333333333 0.14 0.0266666666667 0.0233333333333 0.0333333333333 0.0133333333333 0.00333333333333 0.03 0.00333333333333 0.00666666666667;0.43 0.113333333333 0.0233333333333 0.0233333333333 0.00333333333333 0.123333333333 0.00333333333333 0.0266666666667 0.14 0.0333333333333 0.03 0.0266666666667 0.00333333333333 0.0133333333333 0.00666666666667;
0.423333333333 0.11 0.04 0.106666666667 0.0333333333333 0.126666666667 0.02 0.0366666666667 0.00666666666667 0.03 0.0166666666667 0.00666666666667 0.00333333333333 0.04 0;0.423333333333 0.11 0.126666666667 0.02 0.0366666666667 0.04 0.106666666667 0.0333333333333 0.00666666666667 0.03 0.0166666666667 0.00666666666667 0.04 0.00333333333333 0;0.423333333333 0.126666666667 0.04 0.00666666666667 0.00666666666667 0.11 0.02 0.0366666666667 0.106666666667 0.03 0.04 0.0333333333333 0.00333333333333 0.0166666666667 0;
0.383333333333 0.123333333333 0.0466666666667 0.143333333333 0.0533333333333 0.15 0.0166666666667 0.0233333333333 0 0.0233333333333 0 0.0133333333333 0.00666666666667 0.0166666666667 0;0.383333333333 0.123333333333 0.15 0.0166666666667 0.0233333333333 0.0466666666667 0.143333333333 0.0533333333333 0 0.0233333333333 0 0.0133333333333 0.0166666666667 0.00666666666667 0;0.383333333333 0.15 0.0466666666667 0 0.0133333333333 0.123333333333 0.0166666666667 0.0233333333333 0.143333333333 0.0233333333333 0.0166666666667 0.0533333333333 0.00666666666667 0 0;
0.363333333333 0.12 0.0333333333333 0.163333333333 0.04 0.143333333333 0.00666666666667 0.03 0.00333333333333 0.04 0.0133333333333 0.00333333333333 0.00666666666667 0.03 0.00333333333333;0.363333333333 0.12 0.143333333333 0.00666666666667 0.03 0.0333333333333 0.163333333333 0.04 0.00333333333333 0.04 0.0133333333333 0.00333333333333 0.03 0.00666666666667 0.00333333333333;0.363333333333 0.143333333333 0.0333333333333 0.00333333333333 0.00333333333333 0.12 0.00666666666667 0.03 0.163333333333 0.04 0.03 0.04 0.00666666666667 0.0133333333333 0.00333333333333;
0.42 0.106666666667 0.04 0.143333333333 0.0366666666667 0.103333333333 0.02 0.0233333333333 0.00333333333333 0.03 0.01 0.0133333333333 0.00333333333333 0.04 0.00666666666667;0.42 0.106666666667 0.103333333333 0.02 0.0233333333333 0.04 0.143333333333 0.0366666666667 0.00333333333333 0.03 0.01 0.0133333333333 0.04 0.00333333333333 0.00666666666667;0.42 0.103333333333 0.04 0.00333333333333 0.0133333333333 0.106666666667 0.02 0.0233333333333 0.143333333333 0.03 0.04 0.0366666666667 0.00333333333333 0.01 0.00666666666667;
0.386666666667 0.146666666667 0.0233333333333 0.09 0.0433333333333 0.15 0.0166666666667 0.0266666666667 0 0.0433333333333 0.01 0.0133333333333 0.00666666666667 0.04 0.00333333333333;0.386666666667 0.146666666667 0.15 0.0166666666667 0.0266666666667 0.0233333333333 0.09 0.0433333333333 0 0.0433333333333 0.01 0.0133333333333 0.04 0.00666666666667 0.00333333333333;0.386666666667 0.15 0.0233333333333 0 0.0133333333333 0.146666666667 0.0166666666667 0.0266666666667 0.09 0.0433333333333 0.04 0.0433333333333 0.00666666666667 0.01 0.00333333333333;
0.37 0.116666666667 0.0366666666667 0.17 0.0266666666667 0.13 0.0133333333333 0.0233333333333 0.00666666666667 0.0266666666667 0.00666666666667 0.0133333333333 0.00333333333333 0.0533333333333 0.00333333333333;0.37 0.116666666667 0.13 0.0133333333333 0.0233333333333 0.0366666666667 0.17 0.0266666666667 0.00666666666667 0.0266666666667 0.00666666666667 0.0133333333333 0.0533333333333 0.00333333333333 0.00333333333333;0.37 0.13 0.0366666666667 0.00666666666667 0.0133333333333 0.116666666667 0.0133333333333 0.0233333333333 0.17 0.0266666666667 0.0533333333333 0.0266666666667 0.00333333333333 0.00666666666667 0.00333333333333;
0.44 0.126666666667 0.0166666666667 0.133333333333 0.0166666666667 0.0966666666667 0.0233333333333 0.04 0.00333333333333 0.05 0.0133333333333 0.01 0.00333333333333 0.0233333333333 0.00333333333333;0.44 0.126666666667 0.0966666666667 0.0233333333333 0.04 0.0166666666667 0.133333333333 0.0166666666667 0.00333333333333 0.05 0.0133333333333 0.01 0.0233333333333 0.00333333333333 0.00333333333333;0.44 0.0966666666667 0.0166666666667 0.00333333333333 0.01 0.126666666667 0.0233333333333 0.04 0.133333333333 0.05 0.0233333333333 0.0166666666667 0.00333333333333 0.0133333333333 0.00333333333333;
0.373333333333 0.146666666667 0.01 0.156666666667 0.02 0.133333333333 0.00333333333333 0.0366666666667 0.00666666666667 0.04 0.01 0.00666666666667 0.00666666666667 0.0466666666667 0.00333333333333;0.373333333333 0.146666666667 0.133333333333 0.00333333333333 0.0366666666667 0.01 0.156666666667 0.02 0.00666666666667 0.04 0.01 0.00666666666667 0.0466666666667 0.00666666666667 0.00333333333333;0.373333333333 0.133333333333 0.01 0.00666666666667 0.00666666666667 0.146666666667 0.00333333333333 0.0366666666667 0.156666666667 0.04 0.0466666666667 0.02 0.00666666666667 0.01 0.00333333333333;
0.38 0.123333333333 0.03 0.14 0.0233333333333 0.153333333333 0.0266666666667 0.0133333333333 0.01 0.0366666666667 0.01 0.00666666666667 0.0133333333333 0.03 0.00333333333333;0.38 0.123333333333 0.153333333333 0.0266666666667 0.0133333333333 0.03 0.14 0.0233333333333 0.01 0.0366666666667 0.01 0.00666666666667 0.03 0.0133333333333 0.00333333333333;0.38 0.153333333333 0.03 0.01 0.00666666666667 0.123333333333 0.0266666666667 0.0133333333333 0.14 0.0366666666667 0.03 0.0233333333333 0.0133333333333 0.01 0.00333333333333;
0.36 0.16 0.06 0.13 0.0366666666667 0.123333333333 0.0133333333333 0.03 0.00666666666667 0.0266666666667 0.01 0.01 0 0.03 0.00333333333333;0.36 0.16 0.123333333333 0.0133333333333 0.03 0.06 0.13 0.0366666666667 0.00666666666667 0.0266666666667 0.01 0.01 0.03 0 0.00333333333333;0.36 0.123333333333 0.06 0.00666666666667 0.01 0.16 0.0133333333333 0.03 0.13 0.0266666666667 0.03 0.0366666666667 0 0.01 0.00333333333333;
0.38 0.15 0.0333333333333 0.11 0.0266666666667 0.14 0.00666666666667 0.0466666666667 0.00333333333333 0.0333333333333 0.00666666666667 0.00666666666667 0.0133333333333 0.0366666666667 0.00666666666667;0.38 0.15 0.14 0.00666666666667 0.0466666666667 0.0333333333333 0.11 0.0266666666667 0.00333333333333 0.0333333333333 0.00666666666667 0.00666666666667 0.0366666666667 0.0133333333333 0.00666666666667;0.38 0.14 0.0333333333333 0.00333333333333 0.00666666666667 0.15 0.00666666666667 0.0466666666667 0.11 0.0333333333333 0.0366666666667 0.0266666666667 0.0133333333333 0.00666666666667 0.00666666666667;
0.386666666667 0.166666666667 0.0666666666667 0.116666666667 0.03 0.0866666666667 0.01 0.0333333333333 0.00666666666667 0.0333333333333 0.0133333333333 0 0.00333333333333 0.0433333333333 0.00333333333333;0.386666666667 0.166666666667 0.0866666666667 0.01 0.0333333333333 0.0666666666667 0.116666666667 0.03 0.00666666666667 0.0333333333333 0.0133333333333 0 0.0433333333333 0.00333333333333 0.00333333333333;0.386666666667 0.0866666666667 0.0666666666667 0.00666666666667 0 0.166666666667 0.01 0.0333333333333 0.116666666667 0.0333333333333 0.0433333333333 0.03 0.00333333333333 0.0133333333333 0.00333333333333;
0.413333333333 0.16 0.02 0.09 0.0333333333333 0.123333333333 0.0166666666667 0.0233333333333 0.00333333333333 0.0433333333333 0.0133333333333 0.00666666666667 0.00333333333333 0.0433333333333 0.00666666666667;0.413333333333 0.16 0.123333333333 0.0166666666667 0.0233333333333 0.02 0.09 0.0333333333333 0.00333333333333 0.0433333333333 0.0133333333333 0.00666666666667 0.0433333333333 0.00333333333333 0.00666666666667;0.413333333333 0.123333333333 0.02 0.00333333333333 0.00666666666667 0.16 0.0166666666667 0.0233333333333 0.09 0.0433333333333 0.0433333333333 0.0333333333333 0.00333333333333 0.0133333333333 0.00666666666667;
0.413333333333 0.14 0.0566666666667 0.116666666667 0.0166666666667 0.123333333333 0 0.0233333333333 0.00333333333333 0.05 0.01 0.01 0.00666666666667 0.02 0.01;0.413333333333 0.14 0.123333333333 0 0.0233333333333 0.0566666666667 0.116666666667 0.0166666666667 0.00333333333333 0.05 0.01 0.01 0.02 0.00666666666667 0.01;0.413333333333 0.123333333333 0.0566666666667 0.00333333333333 0.01 0.14 0 0.0233333333333 0.116666666667 0.05 0.02 0.0166666666667 0.00666666666667 0.01 0.01;
0.43 0.0966666666667 0.0266666666667 0.12 0.0433333333333 0.136666666667 0.01 0.0366666666667 0.00666666666667 0.0333333333333 0.0133333333333 0.00666666666667 0.00666666666667 0.0233333333333 0.01;0.43 0.0966666666667 0.136666666667 0.01 0.0366666666667 0.0266666666667 0.12 0.0433333333333 0.00666666666667 0.0333333333333 0.0133333333333 0.00666666666667 0.0233333333333 0.00666666666667 0.01;0.43 0.136666666667 0.0266666666667 0.00666666666667 0.00666666666667 0.0966666666667 0.01 0.0366666666667 0.12 0.0333333333333 0.0233333333333 0.0433333333333 0.00666666666667 0.0133333333333 0.01;
0.383333333333 0.103333333333 0.0166666666667 0.163333333333 0.04 0.133333333333 0.0166666666667 0.0266666666667 0 0.0333333333333 0.00333333333333 0.02 0.00333333333333 0.0566666666667 0;0.383333333333 0.103333333333 0.133333333333 0.0166666666667 0.0266666666667 0.0166666666667 0.163333333333 0.04 0 0.0333333333333 0.00333333333333 0.02 0.0566666666667 0.00333333333333 0;0.383333333333 0.133333333333 0.0166666666667 0 0.02 0.103333333333 0.0166666666667 0.0266666666667 0.163333333333 0.0333333333333 0.0566666666667 0.04 0.00333333333333 0.00333333333333 0;
0.39 0.106666666667 0.0366666666667 0.143333333333 0.0466666666667 0.14 0.00333333333333 0.02 0.00666666666667 0.0366666666667 0.00666666666667 0.0133333333333 0.00666666666667 0.0366666666667 0.00666666666667;0.39 0.106666666667 0.14 0.00333333333333 0.02 0.0366666666667 0.143333333333 0.0466666666667 0.00666666666667 0.0366666666667 0.00666666666667 0.0133333333333 0.0366666666667 0.00666666666667 0.00666666666667;0.39 0.14 0.0366666666667 0.00666666666667 0.0133333333333 0.106666666667 0.00333333333333 0.02 0.143333333333 0.0366666666667 0.0366666666667 0.0466666666667 0.00666666666667 0.00666666666667 0.00666666666667;
0.423333333333 0.14 0.0366666666667 0.116666666667 0.0333333333333 0.0933333333333 0.03 0.03 0.01 0.03 0.00666666666667 0.0166666666667 0.00333333333333 0.03 0;0.423333333333 0.14 0.0933333333333 0.03 0.03 0.0366666666667 0.116666666667 0.0333333333333 0.01 0.03 0.00666666666667 0.0166666666667 0.03 0.00333333333333 0;0.423333333333 0.0933333333333 0.0366666666667 0.01 0.0166666666667 0.14 0.03 0.03 0.116666666667 0.03 0.03 0.0333333333333 0.00333333333333 0.00666666666667 0;
0.396666666667 0.15 0.0466666666667 0.11 0.03 0.14 0.00666666666667 0.0366666666667 0.00666666666667 0.0266666666667 0.01 0.00333333333333 0 0.0333333333333 0.00333333333333;0.396666666667 0.15 0.14 0.00666666666667 0.0366666666667 0.0466666666667 0.11 0.03 0.00666666666667 0.0266666666667 0.01 0.00333333333333 0.0333333333333 0 0.00333333333333;0.396666666667 0.14 0.0466666666667 0.00666666666667 0.00333333333333 0.15 0.00666666666667 0.0366666666667 0.11 0.0266666666667 0.0333333333333 0.03 0 0.01 0.00333333333333;
0.386666666667 0.183333333333 0.0266666666667 0.123333333333 0.0433333333333 0.11 0.0133333333333 0.0366666666667 0.00666666666667 0.0133333333333 0.00666666666667 0.01 0.01 0.03 0;0.386666666667 0.183333333333 0.11 0.0133333333333 0.0366666666667 0.0266666666667 0.123333333333 0.0433333333333 0.00666666666667 0.0133333333333 0.00666666666667 0.01 0.03 0.01 0;0.386666666667 0.11 0.0266666666667 0.00666666666667 0.01 0.183333333333 0.0133333333333 0.0366666666667 0.123333333333 0.0133333333333 0.03 0.0433333333333 0.01 0.00666666666667 0;
0.383333333333 0.136666666667 0.0466666666667 0.143333333333 0.0333333333333 0.0933333333333 0.0133333333333 0.03 0.01 0.0433333333333 0.00333333333333 0.0233333333333 0.01 0.0233333333333 0.00666666666667;0.383333333333 0.136666666667 0.0933333333333 0.0133333333333 0.03 0.0466666666667 0.143333333333 0.0333333333333 0.01 0.0433333333333 0.00333333333333 0.0233333333333 0.0233333333333 0.01 0.00666666666667;0.383333333333 0.0933333333333 0.0466666666667 0.01 0.0233333333333 0.136666666667 0.0133333333333 0.03 0.143333333333 0.0433333333333 0.0233333333333 0.0333333333333 0.01 0.00333333333333 0.00666666666667;
0.336666666667 0.163333333333 0.05 0.146666666667 0.04 0.11 0.0166666666667 0.02 0.00333333333333 0.0333333333333 0 0.0166666666667 0.01 0.0533333333333 0;0.336666666667 0.163333333333 0.11 0.0166666666667 0.02 0.05 0.146666666667 0.04 0.00333333333333 0.0333333333333 0 0.0166666666667 0.0533333333333 0.01 0;0.336666666667 0.11 0.05 0.00333333333333 0.0166666666667 0.163333333333 0.0166666666667 0.02 0.146666666667 0.0333333333333 0.0533333333333 0.04 0.01 0 0;
0.376666666667 0.123333333333 0.0366666666667 0.146666666667 0.0366666666667 0.146666666667 0.00333333333333 0.0266666666667 0.01 0.0333333333333 0.01 0.00666666666667 0.00666666666667 0.03 0.00666666666667;0.376666666667 0.123333333333 0.146666666667 0.00333333333333 0.0266666666667 0.0366666666667 0.146666666667 0.0366666666667 0.01 0.0333333333333 0.01 0.00666666666667 0.03 0.00666666666667 0.00666666666667;0.376666666667 0.146666666667 0.0366666666667 0.01 0.00666666666667 0.123333333333 0.00333333333333 0.0266666666667 0.146666666667 0.0333333333333 0.03 0.0366666666667 0.00666666666667 0.01 0.00666666666667;
0.436666666667 0.123333333333 0.0266666666667 0.126666666667 0.0333333333333 0.13 0.01 0.03 0.00333333333333 0.03 0.01 0.00666666666667 0 0.0333333333333 0;0.436666666667 0.123333333333 0.13 0.01 0.03 0.0266666666667 0.126666666667 0.0333333333333 0.00333333333333 0.03 0.01 0.00666666666667 0.0333333333333 0 0;0.436666666667 0.13 0.0266666666667 0.00333333333333 0.00666666666667 0.123333333333 0.01 0.03 0.126666666667 0.03 0.0333333333333 0.0333333333333 0 0.01 0;
0.41 0.116666666667 0.0233333333333 0.126666666667 0.0266666666667 0.133333333333 0.0166666666667 0.0466666666667 0 0.0333333333333 0.00666666666667 0.01 0.00333333333333 0.04 0.00666666666667;0.41 0.116666666667 0.133333333333 0.0166666666667 0.0466666666667 0.0233333333333 0.126666666667 0.0266666666667 0 0.0333333333333 0.00666666666667 0.01 0.04 0.00333333333333 0.00666666666667;0.41 0.133333333333 0.0233333333333 0 0.01 0.116666666667 0.0166666666667 0.0466666666667 0.126666666667 0.0333333333333 0.04 0.0266666666667 0.00333333333333 0.00666666666667 0.00666666666667;
0.416666666667 0.126666666667 0.0133333333333 0.126666666667 0.0433333333333 0.126666666667 0.01 0.04 0 0.0333333333333 0.00666666666667 0.00333333333333 0.01 0.04 0.00333333333333;0.416666666667 0.126666666667 0.126666666667 0.01 0.04 0.0133333333333 0.126666666667 0.0433333333333 0 0.0333333333333 0.00666666666667 0.00333333333333 0.04 0.01 0.00333333333333;0.416666666667 0.126666666667 0.0133333333333 0 0.00333333333333 0.126666666667 0.01 0.04 0.126666666667 0.0333333333333 0.04 0.0433333333333 0.01 0.00666666666667 0.00333333333333;
0.376666666667 0.123333333333 0.05 0.143333333333 0.0166666666667 0.126666666667 0.0133333333333 0.0466666666667 0.01 0.03 0.00333333333333 0.0166666666667 0.00333333333333 0.0366666666667 0.00333333333333;0.376666666667 0.123333333333 0.126666666667 0.0133333333333 0.0466666666667 0.05 0.143333333333 0.0166666666667 0.01 0.03 0.00333333333333 0.0166666666667 0.0366666666667 0.00333333333333 0.00333333333333;0.376666666667 0.126666666667 0.05 0.01 0.0166666666667 0.123333333333 0.0133333333333 0.0466666666667 0.143333333333 0.03 0.0366666666667 0.0166666666667 0.00333333333333 0.00333333333333 0.00333333333333;
0.406666666667 0.123333333333 0.0266666666667 0.143333333333 0.04 0.1 0.0233333333333 0.0166666666667 0.0166666666667 0.0333333333333 0.01 0.0166666666667 0.00666666666667 0.0333333333333 0.00333333333333;0.406666666667 0.123333333333 0.1 0.0233333333333 0.0166666666667 0.0266666666667 0.143333333333 0.04 0.0166666666667 0.0333333333333 0.01 0.0166666666667 0.0333333333333 0.00666666666667 0.00333333333333;0.406666666667 0.1 0.0266666666667 0.0166666666667 0.0166666666667 0.123333333333 0.0233333333333 0.0166666666667 0.143333333333 0.0333333333333 0.0333333333333 0.04 0.00666666666667 0.01 0.00333333333333;
0.4 0.0933333333333 0.0366666666667 0.14 0.03 0.133333333333 0.0166666666667 0.0266666666667 0 0.0466666666667 0.01 0.00666666666667 0 0.0533333333333 0.00666666666667;0.4 0.0933333333333 0.133333333333 0.0166666666667 0.0266666666667 0.0366666666667 0.14 0.03 0 0.0466666666667 0.01 0.00666666666667 0.0533333333333 0 0.00666666666667;0.4 0.133333333333 0.0366666666667 0 0.00666666666667 0.0933333333333 0.0166666666667 0.0266666666667 0.14 0.0466666666667 0.0533333333333 0.03 0 0.01 0.00666666666667;
0.396666666667 0.11 0.05 0.126666666667 0.0366666666667 0.12 0.02 0.0366666666667 0.00666666666667 0.0233333333333 0.0133333333333 0.01 0.00333333333333 0.0433333333333 0.00333333333333;0.396666666667 0.11 0.12 0.02 0.0366666666667 0.05 0.126666666667 0.0366666666667 0.00666666666667 0.0233333333333 0.0133333333333 0.01 0.0433333333333 0.00333333333333 0.00333333333333;0.396666666667 0.12 0.05 0.00666666666667 0.01 0.11 0.02 0.0366666666667 0.126666666667 0.0233333333333 0.0433333333333 0.0366666666667 0.00333333333333 0.0133333333333 0.00333333333333;
0.4 0.13 0.0533333333333 0.12 0.0266666666667 0.143333333333 0.02 0.0266666666667 0 0.0433333333333 0.00333333333333 0.00333333333333 0.00333333333333 0.0266666666667 0;0.4 0.13 0.143333333333 0.02 0.0266666666667 0.0533333333333 0.12 0.0266666666667 0 0.0433333333333 0.00333333333333 0.00333333333333 0.0266666666667 0.00333333333333 0;0.4 0.143333333333 0.0533333333333 0 0.00333333333333 0.13 0.02 0.0266666666667 0.12 0.0433333333333 0.0266666666667 0.0266666666667 0.00333333333333 0.00333333333333 0;
0.41 0.116666666667 0.04 0.106666666667 0.03 0.143333333333 0.00666666666667 0.04 0.0133333333333 0.03 0.01 0.01 0.00333333333333 0.0366666666667 0.00333333333333;0.41 0.116666666667 0.143333333333 0.00666666666667 0.04 0.04 0.106666666667 0.03 0.0133333333333 0.03 0.01 0.01 0.0366666666667 0.00333333333333 0.00333333333333;0.41 0.143333333333 0.04 0.0133333333333 0.01 0.116666666667 0.00666666666667 0.04 0.106666666667 0.03 0.0366666666667 0.03 0.00333333333333 0.01 0.00333333333333;
0.42 0.113333333333 0.0566666666667 0.123333333333 0.0433333333333 0.133333333333 0.0166666666667 0.00666666666667 0 0.0266666666667 0 0.00666666666667 0.00666666666667 0.0433333333333 0.00333333333333;0.42 0.113333333333 0.133333333333 0.0166666666667 0.00666666666667 0.0566666666667 0.123333333333 0.0433333333333 0 0.0266666666667 0 0.00666666666667 0.0433333333333 0.00666666666667 0.00333333333333;0.42 0.133333333333 0.0566666666667 0 0.00666666666667 0.113333333333 0.0166666666667 0.00666666666667 0.123333333333 0.0266666666667 0.0433333333333 0.0433333333333 0.00666666666667 0 0.00333333333333;
0.443333333333 0.106666666667 0.0533333333333 0.1 0.0333333333333 0.146666666667 0.0133333333333 0.02 0.00666666666667 0.03 0.00666666666667 0.00666666666667 0.00333333333333 0.0233333333333 0.00666666666667;0.443333333333 0.106666666667 0.146666666667 0.0133333333333 0.02 0.0533333333333 0.1 0.0333333333333 0.00666666666667 0.03 0.00666666666667 0.00666666666667 0.0233333333333 0.00333333333333 0.00666666666667;0.443333333333 0.146666666667 0.0533333333333 0.00666666666667 0.00666666666667 0.106666666667 0.0133333333333 0.02 0.1 0.03 0.0233333333333 0.0333333333333 0.00333333333333 0.00666666666667 0.00666666666667;
0.46 0.106666666667 0.0433333333333 0.0933333333333 0.0466666666667 0.103333333333 0.01 0.02 0.0133333333333 0.0433333333333 0.00333333333333 0.00666666666667 0.00666666666667 0.0366666666667 0.00666666666667;0.46 0.106666666667 0.103333333333 0.01 0.02 0.0433333333333 0.0933333333333 0.0466666666667 0.0133333333333 0.0433333333333 0.00333333333333 0.00666666666667 0.0366666666667 0.00666666666667 0.00666666666667;0.46 0.103333333333 0.0433333333333 0.0133333333333 0.00666666666667 0.106666666667 0.01 0.02 0.0933333333333 0.0433333333333 0.0366666666667 0.0466666666667 0.00666666666667 0.00333333333333 0.00666666666667;
0.383333333333 0.116666666667 0.0466666666667 0.126666666667 0.0433333333333 0.126666666667 0.01 0.0333333333333 0.00333333333333 0.0366666666667 0.00666666666667 0.01 0.0133333333333 0.0366666666667 0.00666666666667;0.383333333333 0.116666666667 0.126666666667 0.01 0.0333333333333 0.0466666666667 0.126666666667 0.0433333333333 0.00333333333333 0.0366666666667 0.00666666666667 0.01 0.0366666666667 0.0133333333333 0.00666666666667;0.383333333333 0.126666666667 0.0466666666667 0.00333333333333 0.01 0.116666666667 0.01 0.0333333333333 0.126666666667 0.0366666666667 0.0366666666667 0.0433333333333 0.0133333333333 0.00666666666667 0.00666666666667;
0.426666666667 0.1 0.0233333333333 0.123333333333 0.0266666666667 0.13 0.0233333333333 0.0233333333333 0.0133333333333 0.0333333333333 0.01 0.00666666666667 0.00666666666667 0.0466666666667 0.00666666666667;0.426666666667 0.1 0.13 0.0233333333333 0.0233333333333 0.0233333333333 0.123333333333 0.0266666666667 0.0133333333333 0.0333333333333 0.01 0.00666666666667 0.0466666666667 0.00666666666667 0.00666666666667;0.426666666667 0.13 0.0233333333333 0.0133333333333 0.00666666666667 0.1 0.0233333333333 0.0233333333333 0.123333333333 0.0333333333333 0.0466666666667 0.0266666666667 0.00666666666667 0.01 0.00666666666667;
0.353333333333 0.163333333333 0.0333333333333 0.13 0.02 0.133333333333 0.0166666666667 0.0266666666667 0.00333333333333 0.0333333333333 0 0.00333333333333 0.00333333333333 0.0733333333333 0.00666666666667;0.353333333333 0.163333333333 0.133333333333 0.0166666666667 0.0266666666667 0.0333333333333 0.13 0.02 0.00333333333333 0.0333333333333 0 0.00333333333333 0.0733333333333 0.00333333333333 0.00666666666667;0.353333333333 0.133333333333 0.0333333333333 0.00333333333333 0.00333333333333 0.163333333333 0.0166666666667 0.0266666666667 0.13 0.0333333333333 0.0733333333333 0.02 0.00333333333333 0 0.00666666666667;
0.393333333333 0.16 0.04 0.12 0.0333333333333 0.133333333333 0.01 0.03 0.01 0.0133333333333 0.01 0.00666666666667 0.00666666666667 0.0266666666667 0.00666666666667;0.393333333333 0.16 0.133333333333 0.01 0.03 0.04 0.12 0.0333333333333 0.01 0.0133333333333 0.01 0.00666666666667 0.0266666666667 0.00666666666667 0.00666666666667;0.393333333333 0.133333333333 0.04 0.01 0.00666666666667 0.16 0.01 0.03 0.12 0.0133333333333 0.0266666666667 0.0333333333333 0.00666666666667 0.01 0.00666666666667;
0.403333333333 0.133333333333 0.0266666666667 0.0966666666667 0.0233333333333 0.136666666667 0.0233333333333 0.04 0.00333333333333 0.0333333333333 0.00666666666667 0.0166666666667 0.00333333333333 0.05 0.00333333333333;0.403333333333 0.133333333333 0.136666666667 0.0233333333333 0.04 0.0266666666667 0.0966666666667 0.0233333333333 0.00333333333333 0.0333333333333 0.00666666666667 0.0166666666667 0.05 0.00333333333333 0.00333333333333;0.403333333333 0.136666666667 0.0266666666667 0.00333333333333 0.0166666666667 0.133333333333 0.0233333333333 0.04 0.0966666666667 0.0333333333333 0.05 0.0233333333333 0.00333333333333 0.00666666666667 0.00333333333333;
0.39 0.153333333333 0.04 0.146666666667 0.0266666666667 0.0933333333333 0.01 0.04 0.00333333333333 0.03 0 0.01 0.00333333333333 0.0433333333333 0.01;0.39 0.153333333333 0.0933333333333 0.01 0.04 0.04 0.146666666667 0.0266666666667 0.00333333333333 0.03 0 0.01 0.0433333333333 0.00333333333333 0.01;0.39 0.0933333333333 0.04 0.00333333333333 0.01 0.153333333333 0.01 0.04 0.146666666667 0.03 0.0433333333333 0.0266666666667 0.00333333333333 0 0.01;
0.356666666667 0.133333333333 0.0533333333333 0.126666666667 0.0166666666667 0.136666666667 0.00666666666667 0.04 0.00666666666667 0.04 0.00333333333333 0.00666666666667 0.00333333333333 0.0566666666667 0.0133333333333;0.356666666667 0.133333333333 0.136666666667 0.00666666666667 0.04 0.0533333333333 0.126666666667 0.0166666666667 0.00666666666667 0.04 0.00333333333333 0.00666666666667 0.0566666666667 0.00333333333333 0.0133333333333;0.356666666667 0.136666666667 0.0533333333333 0.00666666666667 0.00666666666667 0.133333333333 0.00666666666667 0.04 0.126666666667 0.04 0.0566666666667 0.0166666666667 0.00333333333333 0.00333333333333 0.0133333333333;
0.456666666667 0.113333333333 0.0266666666667 0.11 0.0266666666667 0.0866666666667 0.00666666666667 0.0466666666667 0.00333333333333 0.0333333333333 0.0166666666667 0.01 0.00333333333333 0.0533333333333 0.00666666666667;0.456666666667 0.113333333333 0.0866666666667 0.00666666666667 0.0466666666667 0.0266666666667 0.11 0.0266666666667 0.00333333333333 0.0333333333333 0.0166666666667 0.01 0.0533333333333 0.00333333333333 0.00666666666667;0.456666666667 0.0866666666667 0.0266666666667 0.00333333333333 0.01 0.113333333333 0.00666666666667 0.0466666666667 0.11 0.0333333333333 0.0533333333333 0.0266666666667 0.00333333333333 0.0166666666667 0.00666666666667;
0.426666666667 0.0933333333333 0.04 0.126666666667 0.04 0.116666666667 0.0266666666667 0.03 0.00333333333333 0.0366666666667 0.00333333333333 0.00666666666667 0.0133333333333 0.0366666666667 0;0.426666666667 0.0933333333333 0.116666666667 0.0266666666667 0.03 0.04 0.126666666667 0.04 0.00333333333333 0.0366666666667 0.00333333333333 0.00666666666667 0.0366666666667 0.0133333333333 0;0.426666666667 0.116666666667 0.04 0.00333333333333 0.00666666666667 0.0933333333333 0.0266666666667 0.03 0.126666666667 0.0366666666667 0.0366666666667 0.04 0.0133333333333 0.00333333333333 0;
0.413333333333 0.173333333333 0.03 0.11 0.0266666666667 0.12 0.0133333333333 0.0166666666667 0 0.0233333333333 0.00333333333333 0.00333333333333 0.00333333333333 0.0566666666667 0.00666666666667;0.413333333333 0.173333333333 0.12 0.0133333333333 0.0166666666667 0.03 0.11 0.0266666666667 0 0.0233333333333 0.00333333333333 0.00333333333333 0.0566666666667 0.00333333333333 0.00666666666667;0.413333333333 0.12 0.03 0 0.00333333333333 0.173333333333 0.0133333333333 0.0166666666667 0.11 0.0233333333333 0.0566666666667 0.0266666666667 0.00333333333333 0.00333333333333 0.00666666666667;
0.416666666667 0.136666666667 0.03 0.13 0.0266666666667 0.12 0.02 0.03 0.00666666666667 0.0333333333333 0.01 0 0 0.0366666666667 0.00333333333333;0.416666666667 0.136666666667 0.12 0.02 0.03 0.03 0.13 0.0266666666667 0.00666666666667 0.0333333333333 0.01 0 0.0366666666667 0 0.00333333333333;0.416666666667 0.12 0.03 0.00666666666667 0 0.136666666667 0.02 0.03 0.13 0.0333333333333 0.0366666666667 0.0266666666667 0 0.01 0.00333333333333;
0.333333333333 0.123333333333 0.0466666666667 0.17 0.06 0.13 0.0133333333333 0.03 0.00666666666667 0.0433333333333 0.0133333333333 0.00333333333333 0.00333333333333 0.0166666666667 0.00666666666667;0.333333333333 0.123333333333 0.13 0.0133333333333 0.03 0.0466666666667 0.17 0.06 0.00666666666667 0.0433333333333 0.0133333333333 0.00333333333333 0.0166666666667 0.00333333333333 0.00666666666667;0.333333333333 0.13 0.0466666666667 0.00666666666667 0.00333333333333 0.123333333333 0.0133333333333 0.03 0.17 0.0433333333333 0.0166666666667 0.06 0.00333333333333 0.0133333333333 0.00666666666667;
0.386666666667 0.143333333333 0.02 0.133333333333 0.0333333333333 0.13 0.0133333333333 0.03 0.00333333333333 0.0266666666667 0.02 0.02 0 0.0366666666667 0.00333333333333;0.386666666667 0.143333333333 0.13 0.0133333333333 0.03 0.02 0.133333333333 0.0333333333333 0.00333333333333 0.0266666666667 0.02 0.02 0.0366666666667 0 0.00333333333333;0.386666666667 0.13 0.02 0.00333333333333 0.02 0.143333333333 0.0133333333333 0.03 0.133333333333 0.0266666666667 0.0366666666667 0.0333333333333 0 0.02 0.00333333333333;
0.446666666667 0.136666666667 0.0433333333333 0.106666666667 0.05 0.106666666667 0.00333333333333 0.03 0.00333333333333 0.0333333333333 0.00333333333333 0.00333333333333 0 0.0266666666667 0.00666666666667;0.446666666667 0.136666666667 0.106666666667 0.00333333333333 0.03 0.0433333333333 0.106666666667 0.05 0.00333333333333 0.0333333333333 0.00333333333333 0.00333333333333 0.0266666666667 0 0.00666666666667;0.446666666667 0.106666666667 0.0433333333333 0.00333333333333 0.00333333333333 0.136666666667 0.00333333333333 0.03 0.106666666667 0.0333333333333 0.0266666666667 0.05 0 0.00333333333333 0.00666666666667;
0.433333333333 0.11 0.04 0.113333333333 0.05 0.116666666667 0.02 0.0233333333333 0 0.03 0.00666666666667 0.00333333333333 0.00333333333333 0.0433333333333 0.00666666666667;0.433333333333 0.11 0.116666666667 0.02 0.0233333333333 0.04 0.113333333333 0.05 0 0.03 0.00666666666667 0.00333333333333 0.0433333333333 0.00333333333333 0.00666666666667;0.433333333333 0.116666666667 0.04 0 0.00333333333333 0.11 0.02 0.0233333333333 0.113333333333 0.03 0.0433333333333 0.05 0.00333333333333 0.00666666666667 0.00666666666667;
0.453333333333 0.11 0.03 0.126666666667 0.0366666666667 0.13 0.01 0.0233333333333 0 0.0366666666667 0.00333333333333 0.00666666666667 0.00333333333333 0.0266666666667 0.00333333333333;0.453333333333 0.11 0.13 0.01 0.0233333333333 0.03 0.126666666667 0.0366666666667 0 0.0366666666667 0.00333333333333 0.00666666666667 0.0266666666667 0.00333333333333 0.00333333333333;0.453333333333 0.13 0.03 0 0.00666666666667 0.11 0.01 0.0233333333333 0.126666666667 0.0366666666667 0.0266666666667 0.0366666666667 0.00333333333333 0.00333333333333 0.00333333333333;
0.343333333333 0.176666666667 0.0466666666667 0.116666666667 0.0366666666667 0.11 0.02 0.0333333333333 0.00666666666667 0.0333333333333 0.0133333333333 0.0133333333333 0.00333333333333 0.0433333333333 0.00333333333333;0.343333333333 0.176666666667 0.11 0.02 0.0333333333333 0.0466666666667 0.116666666667 0.0366666666667 0.00666666666667 0.0333333333333 0.0133333333333 0.0133333333333 0.0433333333333 0.00333333333333 0.00333333333333;0.343333333333 0.11 0.0466666666667 0.00666666666667 0.0133333333333 0.176666666667 0.02 0.0333333333333 0.116666666667 0.0333333333333 0.0433333333333 0.0366666666667 0.00333333333333 0.0133333333333 0.00333333333333;
0.396666666667 0.12 0.0433333333333 0.106666666667 0.0433333333333 0.146666666667 0.0133333333333 0.02 0.01 0.04 0.0166666666667 0.01 0.00333333333333 0.0266666666667 0.00333333333333;0.396666666667 0.12 0.146666666667 0.0133333333333 0.02 0.0433333333333 0.106666666667 0.0433333333333 0.01 0.04 0.0166666666667 0.01 0.0266666666667 0.00333333333333 0.00333333333333;0.396666666667 0.146666666667 0.0433333333333 0.01 0.01 0.12 0.0133333333333 0.02 0.106666666667 0.04 0.0266666666667 0.0433333333333 0.00333333333333 0.0166666666667 0.00333333333333;
0.403333333333 0.106666666667 0.0266666666667 0.11 0.0333333333333 0.143333333333 0.00666666666667 0.03 0 0.0533333333333 0.0133333333333 0.0133333333333 0.01 0.04 0.01;0.403333333333 0.106666666667 0.143333333333 0.00666666666667 0.03 0.0266666666667 0.11 0.0333333333333 0 0.0533333333333 0.0133333333333 0.0133333333333 0.04 0.01 0.01;0.403333333333 0.143333333333 0.0266666666667 0 0.0133333333333 0.106666666667 0.00666666666667 0.03 0.11 0.0533333333333 0.04 0.0333333333333 0.01 0.0133333333333 0.01;
0.42 0.116666666667 0.0266666666667 0.113333333333 0.05 0.0933333333333 0.0266666666667 0.0433333333333 0.00666666666667 0.0333333333333 0.00666666666667 0.00666666666667 0.00666666666667 0.0433333333333 0.00666666666667;0.42 0.116666666667 0.0933333333333 0.0266666666667 0.0433333333333 0.0266666666667 0.113333333333 0.05 0.00666666666667 0.0333333333333 0.00666666666667 0.00666666666667 0.0433333333333 0.00666666666667 0.00666666666667;0.42 0.0933333333333 0.0266666666667 0.00666666666667 0.00666666666667 0.116666666667 0.0266666666667 0.0433333333333 0.113333333333 0.0333333333333 0.0433333333333 0.05 0.00666666666667 0.00666666666667 0.00666666666667;
0.376666666667 0.14 0.0466666666667 0.136666666667 0.0466666666667 0.136666666667 0.00666666666667 0.0166666666667 0 0.0266666666667 0.00666666666667 0.00333333333333 0.00666666666667 0.0466666666667 0.00333333333333;0.376666666667 0.14 0.136666666667 0.00666666666667 0.0166666666667 0.0466666666667 0.136666666667 0.0466666666667 0 0.0266666666667 0.00666666666667 0.00333333333333 0.0466666666667 0.00666666666667 0.00333333333333;0.376666666667 0.136666666667 0.0466666666667 0 0.00333333333333 0.14 0.00666666666667 0.0166666666667 0.136666666667 0.0266666666667 0.0466666666667 0.0466666666667 0.00666666666667 0.00666666666667 0.00333333333333;
0.37 0.136666666667 0.0366666666667 0.143333333333 0.0466666666667 0.113333333333 0.02 0.0233333333333 0.00666666666667 0.0366666666667 0.00333333333333 0.01 0 0.0533333333333 0;0.37 0.136666666667 0.113333333333 0.02 0.0233333333333 0.0366666666667 0.143333333333 0.0466666666667 0.00666666666667 0.0366666666667 0.00333333333333 0.01 0.0533333333333 0 0;0.37 0.113333333333 0.0366666666667 0.00666666666667 0.01 0.136666666667 0.02 0.0233333333333 0.143333333333 0.0366666666667 0.0533333333333 0.0466666666667 0 0.00333333333333 0;
0.396666666667 0.116666666667 0.04 0.113333333333 0.05 0.15 0.0133333333333 0.0233333333333 0 0.02 0.01 0.02 0.00666666666667 0.0333333333333 0.00666666666667;0.396666666667 0.116666666667 0.15 0.0133333333333 0.0233333333333 0.04 0.113333333333 0.05 0 0.02 0.01 0.02 0.0333333333333 0.00666666666667 0.00666666666667;0.396666666667 0.15 0.04 0 0.02 0.116666666667 0.0133333333333 0.0233333333333 0.113333333333 0.02 0.0333333333333 0.05 0.00666666666667 0.01 0.00666666666667;
0.36 0.193333333333 0.0333333333333 0.1 0.0433333333333 0.16 0.0233333333333 0.01 0.01 0.0266666666667 0.00333333333333 0 0.00333333333333 0.0333333333333 0;0.36 0.193333333333 0.16 0.0233333333333 0.01 0.0333333333333 0.1 0.0433333333333 0.01 0.0266666666667 0.00333333333333 0 0.0333333333333 0.00333333333333 0;0.36 0.16 0.0333333333333 0.01 0 0.193333333333 0.0233333333333 0.01 0.1 0.0266666666667 0.0333333333333 0.0433333333333 0.00333333333333 0.00333333333333 0;
0.393333333333 0.133333333333 0.03 0.126666666667 0.0433333333333 0.136666666667 0.01 0.02 0.01 0.0333333333333 0.00666666666667 0.01 0 0.03 0.0166666666667;0.393333333333 0.133333333333 0.136666666667 0.01 0.02 0.03 0.126666666667 0.0433333333333 0.01 0.0333333333333 0.00666666666667 0.01 0.03 0 0.0166666666667;0.393333333333 0.136666666667 0.03 0.01 0.01 0.133333333333 0.01 0.02 0.126666666667 0.0333333333333 0.03 0.0433333333333 0 0.00666666666667 0.0166666666667;
0.39 0.14 0.04 0.113333333333 0.06 0.12 0.0133333333333 0.03 0.00333333333333 0.0366666666667 0.01 0.01 0.00333333333333 0.02 0.01;0.39 0.14 0.12 0.0133333333333 0.03 0.04 0.113333333333 0.06 0.00333333333333 0.0366666666667 0.01 0.01 0.02 0.00333333333333 0.01;0.39 0.12 0.04 0.00333333333333 0.01 0.14 0.0133333333333 0.03 0.113333333333 0.0366666666667 0.02 0.06 0.00333333333333 0.01 0.01;
0.38 0.106666666667 0.0266666666667 0.14 0.0566666666667 0.13 0.0166666666667 0.0333333333333 0 0.0366666666667 0.00666666666667 0.0166666666667 0.01 0.0366666666667 0.00333333333333;0.38 0.106666666667 0.13 0.0166666666667 0.0333333333333 0.0266666666667 0.14 0.0566666666667 0 0.0366666666667 0.00666666666667 0.0166666666667 0.0366666666667 0.01 0.00333333333333;0.38 0.13 0.0266666666667 0 0.0166666666667 0.106666666667 0.0166666666667 0.0333333333333 0.14 0.0366666666667 0.0366666666667 0.0566666666667 0.01 0.00666666666667 0.00333333333333;
0.36 0.126666666667 0.0366666666667 0.126666666667 0.0466666666667 0.133333333333 0.0333333333333 0.0333333333333 0.00333333333333 0.03 0.01 0.00666666666667 0.00666666666667 0.0366666666667 0.01;0.36 0.126666666667 0.133333333333 0.0333333333333 0.0333333333333 0.0366666666667 0.126666666667 0.0466666666667 0.00333333333333 0.03 0.01 0.00666666666667 0.0366666666667 0.00666666666667 0.01;0.36 0.133333333333 0.0366666666667 0.00333333333333 0.00666666666667 0.126666666667 0.0333333333333 0.0333333333333 0.126666666667 0.03 0.0366666666667 0.0466666666667 0.00666666666667 0.01 0.01;
0.38 0.173333333333 0.0433333333333 0.133333333333 0.0433333333333 0.13 0.02 0.0133333333333 0.00333333333333 0.0133333333333 0.00333333333333 0.0133333333333 0.00666666666667 0.0233333333333 0;0.38 0.173333333333 0.13 0.02 0.0133333333333 0.0433333333333 0.133333333333 0.0433333333333 0.00333333333333 0.0133333333333 0.00333333333333 0.0133333333333 0.0233333333333 0.00666666666667 0;0.38 0.13 0.0433333333333 0.00333333333333 0.0133333333333 0.173333333333 0.02 0.0133333333333 0.133333333333 0.0133333333333 0.0233333333333 0.0433333333333 0.00666666666667 0.00333333333333 0;
0.416666666667 0.12 0.03 0.0966666666667 0.04 0.156666666667 0.0133333333333 0.0266666666667 0 0.04 0.00333333333333 0.00666666666667 0.00333333333333 0.04 0.00666666666667;0.416666666667 0.12 0.156666666667 0.0133333333333 0.0266666666667 0.03 0.0966666666667 0.04 0 0.04 0.00333333333333 0.00666666666667 0.04 0.00333333333333 0.00666666666667;0.416666666667 0.156666666667 0.03 0 0.00666666666667 0.12 0.0133333333333 0.0266666666667 0.0966666666667 0.04 0.04 0.04 0.00333333333333 0.00333333333333 0.00666666666667;
0.42 0.116666666667 0.0233333333333 0.13 0.0366666666667 0.133333333333 0.0166666666667 0.03 0.01 0.0233333333333 0.00333333333333 0.01 0.01 0.03 0.00666666666667;0.42 0.116666666667 0.133333333333 0.0166666666667 0.03 0.0233333333333 0.13 0.0366666666667 0.01 0.0233333333333 0.00333333333333 0.01 0.03 0.01 0.00666666666667;0.42 0.133333333333 0.0233333333333 0.01 0.01 0.116666666667 0.0166666666667 0.03 0.13 0.0233333333333 0.03 0.0366666666667 0.01 0.00333333333333 0.00666666666667;
0.416666666667 0.0833333333333 0.0233333333333 0.136666666667 0.03 0.136666666667 0.0133333333333 0.02 0 0.0433333333333 0.00666666666667 0.00666666666667 0.00333333333333 0.0766666666667 0.00333333333333;0.416666666667 0.0833333333333 0.136666666667 0.0133333333333 0.02 0.0233333333333 0.136666666667 0.03 0 0.0433333333333 0.00666666666667 0.00666666666667 0.0766666666667 0.00333333333333 0.00333333333333;0.416666666667 0.136666666667 0.0233333333333 0 0.00666666666667 0.0833333333333 0.0133333333333 0.02 0.136666666667 0.0433333333333 0.0766666666667 0.03 0.00333333333333 0.00666666666667 0.00333333333333;
0.4 0.166666666667 0.0366666666667 0.136666666667 0.03 0.126666666667 0.00333333333333 0.0133333333333 0.00666666666667 0.03 0 0.01 0.00666666666667 0.03 0.00333333333333;0.4 0.166666666667 0.126666666667 0.00333333333333 0.0133333333333 0.0366666666667 0.136666666667 0.03 0.00666666666667 0.03 0 0.01 0.03 0.00666666666667 0.00333333333333;0.4 0.126666666667 0.0366666666667 0.00666666666667 0.01 0.166666666667 0.00333333333333 0.0133333333333 0.136666666667 0.03 0.03 0.03 0.00666666666667 0 0.00333333333333;
0.38 0.11 0.03 0.166666666667 0.03 0.13 0.00333333333333 0.05 0.00666666666667 0.0466666666667 0.0133333333333 0.00333333333333 0 0.03 0;0.38 0.11 0.13 0.00333333333333 0.05 0.03 0.166666666667 0.03 0.00666666666667 0.0466666666667 0.0133333333333 0.00333333333333 0.03 0 0;0.38 0.13 0.03 0.00666666666667 0.00333333333333 0.11 0.00333333333333 0.05 0.166666666667 0.0466666666667 0.03 0.03 0 0.0133333333333 0;
0.456666666667 0.1 0.0233333333333 0.11 0.03 0.12 0.02 0.0166666666667 0.00333333333333 0.0233333333333 0.00666666666667 0.0133333333333 0.00333333333333 0.0633333333333 0.01;0.456666666667 0.1 0.12 0.02 0.0166666666667 0.0233333333333 0.11 0.03 0.00333333333333 0.0233333333333 0.00666666666667 0.0133333333333 0.0633333333333 0.00333333333333 0.01;0.456666666667 0.12 0.0233333333333 0.00333333333333 0.0133333333333 0.1 0.02 0.0166666666667 0.11 0.0233333333333 0.0633333333333 0.03 0.00333333333333 0.00666666666667 0.01;
0.426666666667 0.153333333333 0.0266666666667 0.13 0.02 0.106666666667 0.0233333333333 0.03 0.00666666666667 0.0266666666667 0 0.0133333333333 0.00666666666667 0.0266666666667 0.00333333333333;0.426666666667 0.153333333333 0.106666666667 0.0233333333333 0.03 0.0266666666667 0.13 0.02 0.00666666666667 0.0266666666667 0 0.0133333333333 0.0266666666667 0.00666666666667 0.00333333333333;0.426666666667 0.106666666667 0.0266666666667 0.00666666666667 0.0133333333333 0.153333333333 0.0233333333333 0.03 0.13 0.0266666666667 0.0266666666667 0.02 0.00666666666667 0 0.00333333333333;
0.336666666667 0.156666666667 0.0266666666667 0.153333333333 0.02 0.133333333333 0.00666666666667 0.0366666666667 0.00666666666667 0.0533333333333 0.00333333333333 0.02 0 0.0466666666667 0;0.336666666667 0.156666666667 0.133333333333 0.00666666666667 0.0366666666667 0.0266666666667 0.153333333333 0.02 0.00666666666667 0.0533333333333 0.00333333333333 0.02 0.0466666666667 0 0;0.336666666667 0.133333333333 0.0266666666667 0.00666666666667 0.02 0.156666666667 0.00666666666667 0.0366666666667 0.153333333333 0.0533333333333 0.0466666666667 0.02 0 0.00333333333333 0;
0.39 0.143333333333 0.0366666666667 0.11 0.0433333333333 0.113333333333 0.0133333333333 0.0466666666667 0.01 0.02 0.00666666666667 0.01 0.00666666666667 0.05 0;0.39 0.143333333333 0.113333333333 0.0133333333333 0.0466666666667 0.0366666666667 0.11 0.0433333333333 0.01 0.02 0.00666666666667 0.01 0.05 0.00666666666667 0;0.39 0.113333333333 0.0366666666667 0.01 0.01 0.143333333333 0.0133333333333 0.0466666666667 0.11 0.02 0.05 0.0433333333333 0.00666666666667 0.00666666666667 0;
0.386666666667 0.113333333333 0.0366666666667 0.126666666667 0.0333333333333 0.143333333333 0.02 0.0433333333333 0.01 0.0433333333333 0 0.00333333333333 0.00333333333333 0.0333333333333 0.00333333333333;0.386666666667 0.113333333333 0.143333333333 0.02 0.0433333333333 0.0366666666667 0.126666666667 0.0333333333333 0.01 0.0433333333333 0 0.00333333333333 0.0333333333333 0.00333333333333 0.00333333333333;0.386666666667 0.143333333333 0.0366666666667 0.01 0.00333333333333 0.113333333333 0.02 0.0433333333333 0.126666666667 0.0433333333333 0.0333333333333 0.0333333333333 0.00333333333333 0 0.00333333333333];