pntP=[0.481 0.002 0.014 0.122 0.005 0.006 0.005 0.055 0.004 0.009 0.004 0.003 0.001 0 0 0.005 0.002 0 0 0 0.004 0 0.002 0 0 0 0.009 0.001 0.029 0.006 0.005 0.054 0 0.006 0.002 0.164;0.481 0.002 0.014 0.004 0.003 0.001 0 0.009 0.001 0.029 0.122 0.005 0.006 0.005 0 0.005 0.002 0 0.006 0.005 0.054 0 0.002 0 0 0 0.055 0.004 0.009 0 0 0.004 0 0.006 0.002 0.164;0.481 0.004 0.009 0.122 0 0.006 0.002 0.055 0 0.006 0.002 0.003 0.001 0 0.005 0.005 0.005 0 0.004 0 0.002 0 0.005 0 0 0 0.014 0.001 0.029 0.006 0.002 0.054 0 0.009 0.004 0.164;
0.44 0.016 0.002 0.069 0.009 0.004 0.001 0.116 0.003 0.013 0.01 0.007 0.001 0 0.001 0.153 0.001 0 0.006 0.01 0.001 0 0.003 0.047 0.001 0.003 0.008 0.001 0.009 0 0.002 0.009 0.001 0 0.001 0.052;0.44 0.016 0.002 0.01 0.007 0.001 0 0.008 0.001 0.009 0.069 0.009 0.004 0.001 0.001 0.153 0.001 0 0 0.002 0.009 0.001 0.003 0.003 0.001 0.047 0.116 0.003 0.013 0.006 0.01 0.001 0 0 0.001 0.052;0.44 0.01 0.008 0.069 0.001 0 0.003 0.116 0.006 0 0.016 0.007 0.001 0 0.009 0.153 0.002 0.003 0.003 0.01 0.001 0 0.001 0.047 0.001 0 0.002 0.001 0.009 0.004 0.001 0.009 0.001 0.013 0.001 0.052;
0.453 0.01 0.015 0.177 0.01 0.003 0.002 0.015 0.002 0.007 0.001 0.019 0 0.001 0.001 0.1 0.002 0.001 0 0.025 0.002 0.001 0.003 0.004 0.001 0.001 0.014 0 0.002 0.009 0.001 0.037 0 0.001 0.001 0.079;0.453 0.01 0.015 0.001 0.019 0 0.001 0.014 0 0.002 0.177 0.01 0.003 0.002 0.001 0.1 0.002 0.001 0.009 0.001 0.037 0 0.003 0.001 0.001 0.004 0.015 0.002 0.007 0 0.025 0.002 0.001 0.001 0.001 0.079;0.453 0.001 0.014 0.177 0.001 0.009 0.003 0.015 0 0.001 0.01 0.019 0 0.001 0.01 0.1 0.001 0.001 0.002 0.025 0.001 0.001 0.002 0.004 0 0.001 0.015 0 0.002 0.003 0.002 0.037 0.001 0.007 0.002 0.079;
0.458 0.004 0.011 0.068 0.006 0.004 0.002 0.123 0 0.011 0.009 0.003 0 0 0 0.051 0 0 0.002 0.001 0.003 0 0.003 0.014 0 0.001 0.008 0 0.044 0.001 0.001 0.019 0 0.002 0.001 0.15;0.458 0.004 0.011 0.009 0.003 0 0 0.008 0 0.044 0.068 0.006 0.004 0.002 0 0.051 0 0 0.001 0.001 0.019 0 0.003 0.001 0 0.014 0.123 0 0.011 0.002 0.001 0.003 0 0.002 0.001 0.15;0.458 0.009 0.008 0.068 0 0.001 0.003 0.123 0.002 0.002 0.004 0.003 0 0 0.006 0.051 0.001 0.001 0 0.001 0.001 0 0.002 0.014 0 0 0.011 0 0.044 0.004 0 0.019 0 0.011 0.003 0.15;
0.463 0.013 0.005 0.14 0.007 0.003 0.003 0.034 0.002 0.008 0.01 0.025 0 0 0.001 0.178 0.002 0.001 0 0.026 0.001 0.001 0 0.014 0.001 0.012 0.01 0 0.003 0.005 0 0.007 0.001 0 0 0.024;0.463 0.013 0.005 0.01 0.025 0 0 0.01 0 0.003 0.14 0.007 0.003 0.003 0.001 0.178 0.002 0.001 0.005 0 0.007 0.001 0 0.012 0.001 0.014 0.034 0.002 0.008 0 0.026 0.001 0.001 0 0 0.024;0.463 0.01 0.01 0.14 0.001 0.005 0 0.034 0 0 0.013 0.025 0 0 0.007 0.178 0 0.012 0.002 0.026 0 0.001 0.003 0.014 0.001 0.001 0.005 0 0.003 0.003 0.002 0.007 0.001 0.008 0.001 0.024;
0.475 0.01 0.004 0.008 0.013 0 0.001 0.151 0.003 0.013 0.016 0.001 0.001 0 0.001 0.058 0.001 0.002 0.003 0 0.006 0.001 0 0.027 0.001 0.001 0.004 0.001 0.063 0 0 0.006 0.002 0 0.006 0.121;0.475 0.01 0.004 0.016 0.001 0.001 0 0.004 0.001 0.063 0.008 0.013 0 0.001 0.001 0.058 0.001 0.002 0 0 0.006 0.002 0 0.001 0.001 0.027 0.151 0.003 0.013 0.003 0 0.006 0.001 0 0.006 0.121;0.475 0.016 0.004 0.008 0.001 0 0 0.151 0.003 0 0.01 0.001 0.001 0 0.013 0.058 0 0.001 0.003 0 0.006 0.001 0.001 0.027 0.002 0.002 0.004 0.001 0.063 0 0.001 0.006 0.001 0.013 0.006 0.121;
0.445 0.006 0.012 0.133 0.006 0.006 0 0.05 0.002 0.015 0.002 0.027 0 0.001 0.002 0.158 0 0.005 0.002 0.021 0.001 0.002 0.001 0.024 0 0.007 0.011 0 0.001 0.005 0 0.013 0 0.003 0 0.039;0.445 0.006 0.012 0.002 0.027 0 0.001 0.011 0 0.001 0.133 0.006 0.006 0 0.002 0.158 0 0.005 0.005 0 0.013 0 0.001 0.007 0 0.024 0.05 0.002 0.015 0.002 0.021 0.001 0.002 0.003 0 0.039;0.445 0.002 0.011 0.133 0.002 0.005 0.001 0.05 0.002 0.003 0.006 0.027 0 0.001 0.006 0.158 0 0.007 0.002 0.021 0 0.002 0 0.024 0 0.005 0.012 0 0.001 0.006 0 0.013 0 0.015 0.001 0.039;
0.451 0.001 0.02 0.069 0.011 0.001 0.001 0.151 0 0.008 0.002 0 0 0 0 0.009 0 0.001 0.002 0 0 0 0 0.004 0 0 0.015 0 0.048 0.003 0.002 0.034 0.001 0.004 0.002 0.16;0.451 0.001 0.02 0.002 0 0 0 0.015 0 0.048 0.069 0.011 0.001 0.001 0 0.009 0 0.001 0.003 0.002 0.034 0.001 0 0 0 0.004 0.151 0 0.008 0.002 0 0 0 0.004 0.002 0.16;0.451 0.002 0.015 0.069 0 0.003 0 0.151 0.002 0.004 0.001 0 0 0 0.011 0.009 0.002 0 0 0 0.002 0 0.001 0.004 0.001 0.001 0.02 0 0.048 0.001 0 0.034 0 0.008 0 0.16;
0.463 0.006 0.009 0.093 0.008 0.004 0.003 0.104 0.001 0.013 0.001 0.015 0 0 0.004 0.132 0.001 0.004 0.001 0.019 0.004 0.001 0 0.034 0 0.004 0.007 0 0.012 0.001 0.003 0.008 0.001 0.003 0 0.041;0.463 0.006 0.009 0.001 0.015 0 0 0.007 0 0.012 0.093 0.008 0.004 0.003 0.004 0.132 0.001 0.004 0.001 0.003 0.008 0.001 0 0.004 0 0.034 0.104 0.001 0.013 0.001 0.019 0.004 0.001 0.003 0 0.041;0.463 0.001 0.007 0.093 0.004 0.001 0 0.104 0.001 0.003 0.006 0.015 0 0 0.008 0.132 0.003 0.004 0.001 0.019 0 0.001 0.003 0.034 0.001 0.004 0.009 0 0.012 0.004 0.001 0.008 0 0.013 0.004 0.041;
0.433 0.001 0.009 0.175 0.011 0.005 0.001 0.032 0.002 0.009 0.011 0.022 0.001 0 0.002 0.11 0.001 0 0 0.025 0.004 0.001 0.001 0.009 0 0.003 0.011 0.001 0.006 0.004 0.001 0.023 0 0.001 0 0.085;0.433 0.001 0.009 0.011 0.022 0.001 0 0.011 0.001 0.006 0.175 0.011 0.005 0.001 0.002 0.11 0.001 0 0.004 0.001 0.023 0 0.001 0.003 0 0.009 0.032 0.002 0.009 0 0.025 0.004 0.001 0.001 0 0.085;0.433 0.011 0.011 0.175 0.002 0.004 0.001 0.032 0 0.001 0.001 0.022 0.001 0 0.011 0.11 0.001 0.003 0.002 0.025 0 0.001 0.001 0.009 0 0 0.009 0.001 0.006 0.005 0.001 0.023 0 0.009 0.004 0.085;
0.464 0.006 0.009 0.037 0.013 0.001 0.007 0.162 0.004 0.007 0.008 0.008 0 0 0.003 0.175 0.002 0.006 0.002 0.004 0.004 0 0.001 0.058 0 0 0.01 0 0.001 0.001 0.002 0 0 0.002 0 0.003;0.464 0.006 0.009 0.008 0.008 0 0 0.01 0 0.001 0.037 0.013 0.001 0.007 0.003 0.175 0.002 0.006 0.001 0.002 0 0 0.001 0 0 0.058 0.162 0.004 0.007 0.002 0.004 0.004 0 0.002 0 0.003;0.464 0.008 0.01 0.037 0.003 0.001 0.001 0.162 0.002 0.002 0.006 0.008 0 0 0.013 0.175 0.002 0 0.004 0.004 0 0 0.007 0.058 0 0.006 0.009 0 0.001 0.001 0.002 0 0 0.007 0.004 0.003;
0.441 0.008 0.007 0.118 0.012 0.006 0.001 0.07 0.003 0.011 0.015 0.012 0.001 0.001 0.002 0.082 0 0.002 0.005 0.012 0.005 0.001 0 0.012 0 0.003 0.008 0.001 0.018 0.002 0 0.033 0 0.001 0.005 0.102;0.441 0.008 0.007 0.015 0.012 0.001 0.001 0.008 0.001 0.018 0.118 0.012 0.006 0.001 0.002 0.082 0 0.002 0.002 0 0.033 0 0 0.003 0 0.012 0.07 0.003 0.011 0.005 0.012 0.005 0.001 0.001 0.005 0.102;0.441 0.015 0.008 0.118 0.002 0.002 0 0.07 0.005 0.001 0.008 0.012 0.001 0.001 0.012 0.082 0 0.003 0.003 0.012 0.005 0.001 0.001 0.012 0 0.002 0.007 0.001 0.018 0.006 0 0.033 0 0.011 0.005 0.102;
0.45 0.003 0.007 0.189 0.007 0.009 0.001 0.014 0.002 0.009 0.008 0.028 0.002 0.001 0.004 0.189 0.001 0.002 0 0.033 0.003 0.002 0.002 0.002 0.001 0.004 0.001 0 0 0.002 0.003 0.004 0 0.001 0 0.016;0.45 0.003 0.007 0.008 0.028 0.002 0.001 0.001 0 0 0.189 0.007 0.009 0.001 0.004 0.189 0.001 0.002 0.002 0.003 0.004 0 0.002 0.004 0.001 0.002 0.014 0.002 0.009 0 0.033 0.003 0.002 0.001 0 0.016;0.45 0.008 0.001 0.189 0.004 0.002 0.002 0.014 0 0.001 0.003 0.028 0 0.001 0.007 0.189 0.003 0.004 0.002 0.033 0 0.002 0.001 0.002 0 0.002 0.007 0.002 0 0.009 0.001 0.004 0.001 0.009 0.003 0.016;
0.479 0.005 0.012 0.15 0.006 0.009 0.002 0.037 0.002 0.007 0.003 0.028 0 0 0.003 0.16 0.002 0.003 0.002 0.025 0.001 0 0.001 0.014 0.001 0.008 0.018 0 0.001 0.006 0.001 0.007 0 0 0 0.007;0.479 0.005 0.012 0.003 0.028 0 0 0.018 0 0.001 0.15 0.006 0.009 0.002 0.003 0.16 0.002 0.003 0.006 0.001 0.007 0 0.001 0.008 0.001 0.014 0.037 0.002 0.007 0.002 0.025 0.001 0 0 0 0.007;0.479 0.003 0.018 0.15 0.003 0.006 0.001 0.037 0.002 0 0.005 0.028 0 0 0.006 0.16 0.001 0.008 0.002 0.025 0 0 0.002 0.014 0 0.003 0.012 0 0.001 0.009 0.002 0.007 0.001 0.007 0.001 0.007;
0.459 0.002 0.006 0.105 0.012 0.003 0.004 0.104 0.002 0.008 0.008 0.024 0 0 0.001 0.166 0 0.006 0.006 0.008 0.004 0 0.004 0.03 0 0.005 0.003 0 0.004 0 0.002 0.005 0.001 0 0 0.018;0.459 0.002 0.006 0.008 0.024 0 0 0.003 0 0.004 0.105 0.012 0.003 0.004 0.001 0.166 0 0.006 0 0.002 0.005 0.001 0.004 0.005 0 0.03 0.104 0.002 0.008 0.006 0.008 0.004 0 0 0 0.018;0.459 0.008 0.003 0.105 0.001 0 0.004 0.104 0.006 0 0.002 0.024 0 0 0.012 0.166 0.002 0.005 0.002 0.008 0 0 0.004 0.03 0.001 0.006 0.006 0 0.004 0.003 0 0.005 0 0.008 0.004 0.018;
0.461 0.006 0.01 0.009 0.001 0 0.002 0.188 0.001 0.016 0.01 0 0.001 0 0 0.025 0 0.001 0.006 0 0.003 0 0 0.007 0 0.001 0.003 0.002 0.055 0.001 0 0.002 0.001 0.002 0.002 0.184;0.461 0.006 0.01 0.01 0 0.001 0 0.003 0.002 0.055 0.009 0.001 0 0.002 0 0.025 0 0.001 0.001 0 0.002 0.001 0 0.001 0 0.007 0.188 0.001 0.016 0.006 0 0.003 0 0.002 0.002 0.184;0.461 0.01 0.003 0.009 0 0.001 0 0.188 0.006 0.002 0.006 0 0.002 0 0.001 0.025 0 0.001 0.001 0 0.002 0 0.002 0.007 0.001 0.001 0.01 0.001 0.055 0 0 0.002 0 0.016 0.003 0.184;
0.425 0.007 0.014 0.118 0.012 0.004 0.004 0.067 0.004 0.015 0.007 0.02 0.001 0.001 0.001 0.182 0.002 0.005 0 0.024 0.002 0.001 0.001 0.028 0 0.01 0.007 0 0.006 0.007 0.001 0.004 0 0.002 0 0.018;0.425 0.007 0.014 0.007 0.02 0.001 0.001 0.007 0 0.006 0.118 0.012 0.004 0.004 0.001 0.182 0.002 0.005 0.007 0.001 0.004 0 0.001 0.01 0 0.028 0.067 0.004 0.015 0 0.024 0.002 0.001 0.002 0 0.018;0.425 0.007 0.007 0.118 0.001 0.007 0.001 0.067 0 0.002 0.007 0.02 0 0.001 0.012 0.182 0.001 0.01 0.004 0.024 0 0.001 0.004 0.028 0 0.005 0.014 0.001 0.006 0.004 0.002 0.004 0 0.015 0.002 0.018;
0.487 0.01 0.01 0.121 0.004 0.007 0.004 0.065 0.003 0.014 0.009 0.002 0 0 0.001 0.004 0.002 0 0 0.003 0.005 0 0.002 0.003 0.001 0 0.008 0.001 0.026 0.001 0.001 0.044 0 0.004 0.003 0.155;0.487 0.01 0.01 0.009 0.002 0 0 0.008 0.001 0.026 0.121 0.004 0.007 0.004 0.001 0.004 0.002 0 0.001 0.001 0.044 0 0.002 0 0.001 0.003 0.065 0.003 0.014 0 0.003 0.005 0 0.004 0.003 0.155;0.487 0.009 0.008 0.121 0.001 0.001 0.002 0.065 0 0.004 0.01 0.002 0.001 0 0.004 0.004 0.001 0 0.003 0.003 0.003 0 0.004 0.003 0 0 0.01 0 0.026 0.007 0.002 0.044 0.001 0.014 0.005 0.155;
0.438 0.012 0.008 0.08 0.014 0.001 0.002 0.096 0.005 0.014 0.002 0.014 0.001 0 0.001 0.179 0.002 0.003 0 0.012 0 0 0 0.042 0 0.005 0.012 0 0.01 0.001 0.002 0.007 0 0.005 0 0.032;0.438 0.012 0.008 0.002 0.014 0.001 0 0.012 0 0.01 0.08 0.014 0.001 0.002 0.001 0.179 0.002 0.003 0.001 0.002 0.007 0 0 0.005 0 0.042 0.096 0.005 0.014 0 0.012 0 0 0.005 0 0.032;0.438 0.002 0.012 0.08 0.001 0.001 0 0.096 0 0.005 0.012 0.014 0 0 0.014 0.179 0.002 0.005 0.005 0.012 0 0 0.002 0.042 0 0.003 0.008 0.001 0.01 0.001 0.002 0.007 0 0.014 0 0.032;
0.478 0.003 0.014 0.023 0.006 0.003 0.002 0.159 0.001 0.009 0.002 0.004 0.001 0 0 0.173 0 0.007 0 0.003 0.001 0 0 0.044 0 0.008 0.003 0.001 0.008 0.002 0.001 0 0.001 0.006 0 0.037;0.478 0.003 0.014 0.002 0.004 0.001 0 0.003 0.001 0.008 0.023 0.006 0.003 0.002 0 0.173 0 0.007 0.002 0.001 0 0.001 0 0.008 0 0.044 0.159 0.001 0.009 0 0.003 0.001 0 0.006 0 0.037;0.478 0.002 0.003 0.023 0 0.002 0 0.159 0 0.006 0.003 0.004 0.001 0 0.006 0.173 0.001 0.008 0.001 0.003 0 0 0.002 0.044 0.001 0.007 0.014 0.001 0.008 0.003 0 0 0 0.009 0.001 0.037;
0.436 0.004 0.011 0.173 0.005 0.007 0.002 0.02 0.001 0.012 0.007 0.034 0.001 0.002 0.001 0.125 0 0.001 0 0.02 0 0.001 0.003 0.004 0 0.004 0.011 0 0.005 0.003 0 0.026 0 0.004 0.002 0.075;0.436 0.004 0.011 0.007 0.034 0.001 0.002 0.011 0 0.005 0.173 0.005 0.007 0.002 0.001 0.125 0 0.001 0.003 0 0.026 0 0.003 0.004 0 0.004 0.02 0.001 0.012 0 0.02 0 0.001 0.004 0.002 0.075;0.436 0.007 0.011 0.173 0.001 0.003 0.003 0.02 0 0.004 0.004 0.034 0 0.002 0.005 0.125 0 0.004 0.001 0.02 0.002 0.001 0.002 0.004 0 0.001 0.011 0.001 0.005 0.007 0 0.026 0 0.012 0 0.075;
0.447 0.013 0.004 0.029 0.003 0 0.002 0.145 0.005 0.013 0.001 0.004 0.003 0 0.001 0.12 0.001 0.004 0.002 0.005 0.002 0 0 0.043 0 0.003 0.007 0 0.045 0.001 0.001 0.002 0.001 0.002 0 0.091;0.447 0.013 0.004 0.001 0.004 0.003 0 0.007 0 0.045 0.029 0.003 0 0.002 0.001 0.12 0.001 0.004 0.001 0.001 0.002 0.001 0 0.003 0 0.043 0.145 0.005 0.013 0.002 0.005 0.002 0 0.002 0 0.091;0.447 0.001 0.007 0.029 0.001 0.001 0 0.145 0.002 0.002 0.013 0.004 0 0 0.003 0.12 0.001 0.003 0.005 0.005 0 0 0.002 0.043 0.001 0.004 0.004 0.003 0.045 0 0.001 0.002 0 0.013 0.002 0.091;
0.472 0.007 0.007 0.114 0.007 0.003 0.003 0.074 0.001 0.007 0.009 0.018 0.001 0.001 0.002 0.087 0 0.001 0.002 0.012 0.002 0.001 0.004 0.017 0.002 0.001 0.002 0.002 0.013 0.001 0.005 0.024 0 0.006 0.002 0.09;0.472 0.007 0.007 0.009 0.018 0.001 0.001 0.002 0.002 0.013 0.114 0.007 0.003 0.003 0.002 0.087 0 0.001 0.001 0.005 0.024 0 0.004 0.001 0.002 0.017 0.074 0.001 0.007 0.002 0.012 0.002 0.001 0.006 0.002 0.09;0.472 0.009 0.002 0.114 0.002 0.001 0.004 0.074 0.002 0.006 0.007 0.018 0.002 0.001 0.007 0.087 0.005 0.001 0.001 0.012 0.002 0.001 0.003 0.017 0 0.001 0.007 0.001 0.013 0.003 0 0.024 0.002 0.007 0.002 0.09;
0.449 0.015 0.001 0.176 0.013 0.003 0 0.006 0.002 0.004 0.008 0.022 0 0.001 0.003 0.121 0.001 0 0 0.019 0.004 0 0.001 0 0.001 0.004 0.013 0.001 0.001 0.007 0.001 0.037 0 0.001 0.004 0.081;0.449 0.015 0.001 0.008 0.022 0 0.001 0.013 0.001 0.001 0.176 0.013 0.003 0 0.003 0.121 0.001 0 0.007 0.001 0.037 0 0.001 0.004 0.001 0 0.006 0.002 0.004 0 0.019 0.004 0 0.001 0.004 0.081;0.449 0.008 0.013 0.176 0.003 0.007 0.001 0.006 0 0.001 0.015 0.022 0.001 0.001 0.013 0.121 0.001 0.004 0.002 0.019 0.004 0 0 0 0 0 0.001 0 0.001 0.003 0.001 0.037 0.001 0.004 0.004 0.081;
0.441 0.002 0.011 0.044 0.014 0.001 0.002 0.129 0.003 0.011 0.016 0.005 0.002 0 0.001 0.179 0 0.004 0.006 0.006 0.004 0.001 0 0.043 0 0.006 0.004 0 0.012 0.001 0.005 0.003 0.001 0 0 0.043;0.441 0.002 0.011 0.016 0.005 0.002 0 0.004 0 0.012 0.044 0.014 0.001 0.002 0.001 0.179 0 0.004 0.001 0.005 0.003 0.001 0 0.006 0 0.043 0.129 0.003 0.011 0.006 0.006 0.004 0.001 0 0 0.043;0.441 0.016 0.004 0.044 0.001 0.001 0 0.129 0.006 0 0.002 0.005 0 0 0.014 0.179 0.005 0.006 0.003 0.006 0 0.001 0.002 0.043 0.001 0.004 0.011 0.002 0.012 0.001 0 0.003 0 0.011 0.004 0.043;
0.439 0.013 0.004 0.051 0.006 0.003 0.004 0.134 0.002 0.004 0.005 0.012 0.001 0 0.002 0.187 0.004 0.003 0.001 0.006 0.003 0 0.002 0.065 0 0.011 0.014 0 0.007 0 0.001 0.003 0 0.003 0 0.01;0.439 0.013 0.004 0.005 0.012 0.001 0 0.014 0 0.007 0.051 0.006 0.003 0.004 0.002 0.187 0.004 0.003 0 0.001 0.003 0 0.002 0.011 0 0.065 0.134 0.002 0.004 0.001 0.006 0.003 0 0.003 0 0.01;0.439 0.005 0.014 0.051 0.002 0 0.002 0.134 0.001 0.003 0.013 0.012 0 0 0.006 0.187 0.001 0.011 0.002 0.006 0 0 0.004 0.065 0 0.003 0.004 0.001 0.007 0.003 0.004 0.003 0 0.004 0.003 0.01;
0.439 0.002 0.011 0.129 0.007 0.01 0.002 0.055 0.002 0.013 0.017 0.018 0 0.003 0.005 0.149 0.001 0.001 0 0.016 0.001 0 0.001 0.01 0 0.002 0.006 0.002 0.005 0.001 0 0.02 0 0.002 0 0.07;0.439 0.002 0.011 0.017 0.018 0 0.003 0.006 0.002 0.005 0.129 0.007 0.01 0.002 0.005 0.149 0.001 0.001 0.001 0 0.02 0 0.001 0.002 0 0.01 0.055 0.002 0.013 0 0.016 0.001 0 0.002 0 0.07;0.439 0.017 0.006 0.129 0.005 0.001 0.001 0.055 0 0.002 0.002 0.018 0.002 0.003 0.007 0.149 0 0.002 0.002 0.016 0 0 0.002 0.01 0 0.001 0.011 0 0.005 0.01 0.001 0.02 0 0.013 0.001 0.07;
0.446 0.012 0.002 0.034 0.021 0 0.005 0.145 0.007 0.005 0.017 0.005 0.001 0.001 0.003 0.078 0.001 0.001 0.006 0.002 0.008 0 0 0.024 0.001 0 0.001 0.001 0.033 0 0.004 0.019 0.004 0 0.004 0.109;0.446 0.012 0.002 0.017 0.005 0.001 0.001 0.001 0.001 0.033 0.034 0.021 0 0.005 0.003 0.078 0.001 0.001 0 0.004 0.019 0.004 0 0 0.001 0.024 0.145 0.007 0.005 0.006 0.002 0.008 0 0 0.004 0.109;0.446 0.017 0.001 0.034 0.003 0 0 0.145 0.006 0 0.012 0.005 0.001 0.001 0.021 0.078 0.004 0 0.007 0.002 0.004 0 0.005 0.024 0.004 0.001 0.002 0.001 0.033 0 0.001 0.019 0.001 0.005 0.008 0.109;
0.46 0.009 0.009 0.017 0.011 0 0.002 0.158 0.005 0.018 0.005 0 0 0 0.001 0.088 0.002 0.003 0.004 0 0.002 0.001 0.001 0.04 0.001 0.005 0.021 0 0.036 0 0.001 0.001 0.001 0.006 0 0.092;0.46 0.009 0.009 0.005 0 0 0 0.021 0 0.036 0.017 0.011 0 0.002 0.001 0.088 0.002 0.003 0 0.001 0.001 0.001 0.001 0.005 0.001 0.04 0.158 0.005 0.018 0.004 0 0.002 0.001 0.006 0 0.092;0.46 0.005 0.021 0.017 0.001 0 0.001 0.158 0.004 0.006 0.009 0 0 0 0.011 0.088 0.001 0.005 0.005 0 0 0.001 0.002 0.04 0.001 0.003 0.009 0 0.036 0 0.002 0.001 0.001 0.018 0.002 0.092;
0.454 0.004 0.012 0.08 0.016 0.004 0.002 0.104 0.001 0.005 0.009 0.029 0 0.001 0.003 0.188 0.001 0.002 0.004 0.019 0.005 0 0 0.035 0 0.003 0.002 0 0.003 0.001 0.002 0.002 0.002 0.003 0 0.004;0.454 0.004 0.012 0.009 0.029 0 0.001 0.002 0 0.003 0.08 0.016 0.004 0.002 0.003 0.188 0.001 0.002 0.001 0.002 0.002 0.002 0 0.003 0 0.035 0.104 0.001 0.005 0.004 0.019 0.005 0 0.003 0 0.004;0.454 0.009 0.002 0.08 0.003 0.001 0 0.104 0.004 0.003 0.004 0.029 0 0.001 0.016 0.188 0.002 0.003 0.001 0.019 0 0 0.002 0.035 0.002 0.002 0.012 0 0.003 0.004 0.001 0.002 0 0.005 0.005 0.004;
0.453 0.013 0.003 0.149 0.016 0.001 0.005 0.048 0.001 0.005 0.014 0.014 0.001 0.001 0.006 0.126 0.001 0.001 0 0.022 0.004 0.002 0 0.019 0.001 0.002 0.001 0.001 0.009 0.001 0.005 0.021 0 0 0.002 0.052;0.453 0.013 0.003 0.014 0.014 0.001 0.001 0.001 0.001 0.009 0.149 0.016 0.001 0.005 0.006 0.126 0.001 0.001 0.001 0.005 0.021 0 0 0.002 0.001 0.019 0.048 0.001 0.005 0 0.022 0.004 0.002 0 0.002 0.052;0.453 0.014 0.001 0.149 0.006 0.001 0 0.048 0 0 0.013 0.014 0.001 0.001 0.016 0.126 0.005 0.002 0.001 0.022 0.002 0.002 0.005 0.019 0 0.001 0.003 0.001 0.009 0.001 0.001 0.021 0.001 0.005 0.004 0.052;
0.449 0.001 0.011 0.095 0.003 0.008 0 0.112 0 0.006 0.013 0.008 0.001 0 0.001 0.103 0 0.003 0.003 0.008 0.001 0.002 0 0.023 0 0.003 0.001 0 0.016 0.002 0.004 0.019 0 0.003 0.001 0.1;0.449 0.001 0.011 0.013 0.008 0.001 0 0.001 0 0.016 0.095 0.003 0.008 0 0.001 0.103 0 0.003 0.002 0.004 0.019 0 0 0.003 0 0.023 0.112 0 0.006 0.003 0.008 0.001 0.002 0.003 0.001 0.1;0.449 0.013 0.001 0.095 0.001 0.002 0 0.112 0.003 0.003 0.001 0.008 0 0 0.003 0.103 0.004 0.003 0 0.008 0.001 0.002 0 0.023 0 0.003 0.011 0.001 0.016 0.008 0 0.019 0 0.006 0.001 0.1;
0.414 0.012 0.008 0.135 0.008 0.008 0.002 0.085 0.001 0.007 0.008 0.031 0 0.001 0.001 0.17 0.001 0.003 0.002 0.022 0.003 0 0.002 0.031 0.001 0.006 0.009 0 0.001 0.001 0.002 0.004 0.001 0.002 0.001 0.017;0.414 0.012 0.008 0.008 0.031 0 0.001 0.009 0 0.001 0.135 0.008 0.008 0.002 0.001 0.17 0.001 0.003 0.001 0.002 0.004 0.001 0.002 0.006 0.001 0.031 0.085 0.001 0.007 0.002 0.022 0.003 0 0.002 0.001 0.017;0.414 0.008 0.009 0.135 0.001 0.001 0.002 0.085 0.002 0.002 0.012 0.031 0 0.001 0.008 0.17 0.002 0.006 0.001 0.022 0.001 0 0.002 0.031 0.001 0.003 0.008 0 0.001 0.008 0.001 0.004 0.001 0.007 0.003 0.017;
0.476 0.01 0.007 0.001 0.018 0.001 0 0.165 0.003 0.005 0.004 0.002 0 0 0.003 0.141 0 0.001 0.003 0.001 0.001 0 0.001 0.046 0.001 0.004 0.014 0.001 0.023 0 0.004 0 0 0.004 0.001 0.059;0.476 0.01 0.007 0.004 0.002 0 0 0.014 0.001 0.023 0.001 0.018 0.001 0 0.003 0.141 0 0.001 0 0.004 0 0 0.001 0.004 0.001 0.046 0.165 0.003 0.005 0.003 0.001 0.001 0 0.004 0.001 0.059;0.476 0.004 0.014 0.001 0.003 0 0.001 0.165 0.003 0.004 0.01 0.002 0.001 0 0.018 0.141 0.004 0.004 0.003 0.001 0.001 0 0 0.046 0 0.001 0.007 0 0.023 0.001 0 0 0.001 0.005 0.001 0.059;
0.434 0.005 0.008 0.104 0.002 0.01 0.001 0.079 0 0.008 0.002 0.014 0.001 0.001 0.001 0.16 0.001 0.007 0.001 0.014 0.001 0 0.001 0.037 0 0.006 0.012 0 0.014 0.001 0.001 0.008 0.001 0.006 0 0.059;0.434 0.005 0.008 0.002 0.014 0.001 0.001 0.012 0 0.014 0.104 0.002 0.01 0.001 0.001 0.16 0.001 0.007 0.001 0.001 0.008 0.001 0.001 0.006 0 0.037 0.079 0 0.008 0.001 0.014 0.001 0 0.006 0 0.059;0.434 0.002 0.012 0.104 0.001 0.001 0.001 0.079 0.001 0.006 0.005 0.014 0 0.001 0.002 0.16 0.001 0.006 0 0.014 0 0 0.001 0.037 0.001 0.007 0.008 0.001 0.014 0.01 0.001 0.008 0 0.008 0.001 0.059;
0.443 0.011 0.007 0.142 0.006 0.004 0.003 0.061 0.006 0.017 0.008 0.027 0 0.001 0.003 0.166 0 0.002 0.001 0.022 0.005 0 0 0.019 0 0.004 0.008 0 0.002 0.001 0.001 0.003 0.001 0.002 0 0.024;0.443 0.011 0.007 0.008 0.027 0 0.001 0.008 0 0.002 0.142 0.006 0.004 0.003 0.003 0.166 0 0.002 0.001 0.001 0.003 0.001 0 0.004 0 0.019 0.061 0.006 0.017 0.001 0.022 0.005 0 0.002 0 0.024;0.443 0.008 0.008 0.142 0.003 0.001 0 0.061 0.001 0.002 0.011 0.027 0 0.001 0.006 0.166 0.001 0.004 0.006 0.022 0 0 0.003 0.019 0.001 0.002 0.007 0 0.002 0.004 0 0.003 0 0.017 0.005 0.024;
0.408 0.004 0.009 0.151 0.013 0.004 0.002 0.069 0.003 0.001 0.018 0.017 0.002 0 0.002 0.083 0 0.003 0.002 0.011 0.004 0.001 0.005 0.01 0.001 0.001 0.001 0.001 0.022 0.001 0.004 0.037 0.001 0 0.001 0.108;0.408 0.004 0.009 0.018 0.017 0.002 0 0.001 0.001 0.022 0.151 0.013 0.004 0.002 0.002 0.083 0 0.003 0.001 0.004 0.037 0.001 0.005 0.001 0.001 0.01 0.069 0.003 0.001 0.002 0.011 0.004 0.001 0 0.001 0.108;0.408 0.018 0.001 0.151 0.002 0.001 0.005 0.069 0.002 0 0.004 0.017 0.001 0 0.013 0.083 0.004 0.001 0.003 0.011 0.001 0.001 0.002 0.01 0.001 0.003 0.009 0.002 0.022 0.004 0 0.037 0.001 0.001 0.004 0.108;
0.443 0.005 0.015 0.096 0.015 0.003 0.004 0.085 0.003 0.006 0.013 0.016 0.001 0.001 0.001 0.125 0.001 0.004 0 0.01 0.002 0 0.004 0.019 0 0.001 0.009 0.002 0.013 0 0.002 0.023 0.001 0.005 0 0.072;0.443 0.005 0.015 0.013 0.016 0.001 0.001 0.009 0.002 0.013 0.096 0.015 0.003 0.004 0.001 0.125 0.001 0.004 0 0.002 0.023 0.001 0.004 0.001 0 0.019 0.085 0.003 0.006 0 0.01 0.002 0 0.005 0 0.072;0.443 0.013 0.009 0.096 0.001 0 0.004 0.085 0 0.005 0.005 0.016 0.002 0.001 0.015 0.125 0.002 0.001 0.003 0.01 0 0 0.004 0.019 0.001 0.004 0.015 0.001 0.013 0.003 0.001 0.023 0 0.006 0.002 0.072;
0.449 0 0.011 0.19 0.003 0.009 0 0.008 0 0.008 0.003 0.01 0 0.001 0 0.068 0 0.001 0 0.017 0.001 0.001 0.001 0.002 0 0.004 0.019 0.001 0.004 0.005 0.003 0.042 0 0.008 0 0.131;0.449 0 0.011 0.003 0.01 0 0.001 0.019 0.001 0.004 0.19 0.003 0.009 0 0 0.068 0 0.001 0.005 0.003 0.042 0 0.001 0.004 0 0.002 0.008 0 0.008 0 0.017 0.001 0.001 0.008 0 0.131;0.449 0.003 0.019 0.19 0 0.005 0.001 0.008 0 0.008 0 0.01 0.001 0.001 0.003 0.068 0.003 0.004 0 0.017 0 0.001 0 0.002 0 0.001 0.011 0 0.004 0.009 0 0.042 0 0.008 0.001 0.131;
0.436 0.007 0.013 0.114 0.001 0.009 0.002 0.081 0.001 0.014 0.002 0.011 0 0 0 0.084 0 0.003 0 0.009 0.001 0.001 0.001 0.007 0.001 0.006 0.021 0 0.021 0.006 0 0.029 0.001 0.004 0.003 0.111;0.436 0.007 0.013 0.002 0.011 0 0 0.021 0 0.021 0.114 0.001 0.009 0.002 0 0.084 0 0.003 0.006 0 0.029 0.001 0.001 0.006 0.001 0.007 0.081 0.001 0.014 0 0.009 0.001 0.001 0.004 0.003 0.111;0.436 0.002 0.021 0.114 0 0.006 0.001 0.081 0 0.004 0.007 0.011 0 0 0.001 0.084 0 0.006 0.001 0.009 0.003 0.001 0.002 0.007 0.001 0.003 0.013 0 0.021 0.009 0 0.029 0.001 0.014 0.001 0.111;
0.469 0.01 0.007 0.166 0.005 0.004 0.001 0.002 0 0.012 0.002 0.015 0 0 0.001 0.104 0.001 0 0 0.014 0 0.002 0 0 0.001 0.003 0.012 0 0.001 0.012 0.001 0.048 0 0.003 0.003 0.101;0.469 0.01 0.007 0.002 0.015 0 0 0.012 0 0.001 0.166 0.005 0.004 0.001 0.001 0.104 0.001 0 0.012 0.001 0.048 0 0 0.003 0.001 0 0.002 0 0.012 0 0.014 0 0.002 0.003 0.003 0.101;0.469 0.002 0.012 0.166 0.001 0.012 0 0.002 0 0.003 0.01 0.015 0 0 0.005 0.104 0.001 0.003 0 0.014 0.003 0.002 0.001 0 0 0 0.007 0 0.001 0.004 0.001 0.048 0.001 0.012 0 0.101;
0.493 0.002 0.01 0.115 0.01 0.007 0.001 0.071 0 0.005 0.014 0.004 0.001 0 0.001 0.026 0 0.001 0.001 0.001 0.002 0 0 0.003 0 0 0.004 0 0.026 0.001 0.003 0.034 0 0.008 0 0.156;0.493 0.002 0.01 0.014 0.004 0.001 0 0.004 0 0.026 0.115 0.01 0.007 0.001 0.001 0.026 0 0.001 0.001 0.003 0.034 0 0 0 0 0.003 0.071 0 0.005 0.001 0.001 0.002 0 0.008 0 0.156;0.493 0.014 0.004 0.115 0.001 0.001 0 0.071 0.001 0.008 0.002 0.004 0 0 0.01 0.026 0.003 0 0 0.001 0 0 0.001 0.003 0 0.001 0.01 0.001 0.026 0.007 0 0.034 0 0.005 0.002 0.156;
0.455 0.014 0.008 0.156 0.007 0.009 0.001 0.016 0.002 0.012 0.011 0.02 0.001 0.002 0.003 0.155 0.003 0.005 0 0.024 0.004 0.002 0.001 0.011 0 0.008 0.007 0 0.003 0.004 0.002 0.015 0 0.001 0 0.038;0.455 0.014 0.008 0.011 0.02 0.001 0.002 0.007 0 0.003 0.156 0.007 0.009 0.001 0.003 0.155 0.003 0.005 0.004 0.002 0.015 0 0.001 0.008 0 0.011 0.016 0.002 0.012 0 0.024 0.004 0.002 0.001 0 0.038;0.455 0.011 0.007 0.156 0.003 0.004 0.001 0.016 0 0.001 0.014 0.02 0 0.002 0.007 0.155 0.002 0.008 0.002 0.024 0 0.002 0.001 0.011 0 0.005 0.008 0.001 0.003 0.009 0.003 0.015 0 0.012 0.004 0.038;
0.447 0.007 0.011 0.137 0.015 0.003 0 0.068 0.003 0 0.011 0.006 0 0.001 0.003 0.074 0 0.003 0.001 0.005 0.004 0.001 0.001 0.01 0.001 0.001 0.007 0 0.018 0.004 0.007 0.035 0.001 0.004 0.002 0.109;0.447 0.007 0.011 0.011 0.006 0 0.001 0.007 0 0.018 0.137 0.015 0.003 0 0.003 0.074 0 0.003 0.004 0.007 0.035 0.001 0.001 0.001 0.001 0.01 0.068 0.003 0 0.001 0.005 0.004 0.001 0.004 0.002 0.109;0.447 0.011 0.007 0.137 0.003 0.004 0.001 0.068 0.001 0.004 0.007 0.006 0 0.001 0.015 0.074 0.007 0.001 0.003 0.005 0.002 0.001 0 0.01 0.001 0.003 0.011 0 0.018 0.003 0 0.035 0.001 0 0.004 0.109;
0.451 0.012 0.001 0.158 0.008 0.001 0.006 0.03 0.003 0.01 0.009 0.023 0 0.001 0.003 0.171 0.003 0.001 0 0.029 0.002 0.003 0.002 0.013 0 0.006 0.01 0 0.004 0.005 0.002 0.008 0 0.002 0.001 0.022;0.451 0.012 0.001 0.009 0.023 0 0.001 0.01 0 0.004 0.158 0.008 0.001 0.006 0.003 0.171 0.003 0.001 0.005 0.002 0.008 0 0.002 0.006 0 0.013 0.03 0.003 0.01 0 0.029 0.002 0.003 0.002 0.001 0.022;0.451 0.009 0.01 0.158 0.003 0.005 0.002 0.03 0 0.002 0.012 0.023 0 0.001 0.008 0.171 0.002 0.006 0.003 0.029 0.001 0.003 0.006 0.013 0 0.001 0.001 0 0.004 0.001 0.003 0.008 0 0.01 0.002 0.022;
0.493 0.001 0.014 0.027 0.013 0.001 0.009 0.162 0 0.009 0.004 0 0 0 0 0.01 0 0 0.001 0 0.003 0 0 0.003 0 0 0.014 0 0.047 0.007 0.001 0.009 0.004 0.004 0 0.164;0.493 0.001 0.014 0.004 0 0 0 0.014 0 0.047 0.027 0.013 0.001 0.009 0 0.01 0 0 0.007 0.001 0.009 0.004 0 0 0 0.003 0.162 0 0.009 0.001 0 0.003 0 0.004 0 0.164;0.493 0.004 0.014 0.027 0 0.007 0 0.162 0.001 0.004 0.001 0 0 0 0.013 0.01 0.001 0 0 0 0 0 0.009 0.003 0.004 0 0.014 0 0.047 0.001 0 0.009 0 0.009 0.003 0.164;
0.46 0.007 0.005 0.172 0.004 0.007 0.001 0.016 0 0.009 0.002 0.031 0 0.003 0.002 0.117 0.002 0.001 0 0.031 0.001 0 0 0.005 0 0.009 0.014 0 0.002 0.005 0.003 0.022 0 0 0.002 0.067;0.46 0.007 0.005 0.002 0.031 0 0.003 0.014 0 0.002 0.172 0.004 0.007 0.001 0.002 0.117 0.002 0.001 0.005 0.003 0.022 0 0 0.009 0 0.005 0.016 0 0.009 0 0.031 0.001 0 0 0.002 0.067;0.46 0.002 0.014 0.172 0.002 0.005 0 0.016 0 0 0.007 0.031 0 0.003 0.004 0.117 0.003 0.009 0 0.031 0.002 0 0.001 0.005 0 0.001 0.005 0 0.002 0.007 0.002 0.022 0 0.009 0.001 0.067;
0.443 0.01 0.002 0.155 0.01 0.002 0.002 0.047 0.001 0.007 0.007 0.015 0 0.001 0.004 0.105 0.002 0.003 0.001 0.021 0.001 0.001 0.001 0.011 0 0.001 0.008 0.001 0.012 0.006 0.005 0.027 0 0 0.001 0.087;0.443 0.01 0.002 0.007 0.015 0 0.001 0.008 0.001 0.012 0.155 0.01 0.002 0.002 0.004 0.105 0.002 0.003 0.006 0.005 0.027 0 0.001 0.001 0 0.011 0.047 0.001 0.007 0.001 0.021 0.001 0.001 0 0.001 0.087;0.443 0.007 0.008 0.155 0.004 0.006 0.001 0.047 0.001 0 0.01 0.015 0.001 0.001 0.01 0.105 0.005 0.001 0.001 0.021 0.001 0.001 0.002 0.011 0 0.003 0.002 0 0.012 0.002 0.002 0.027 0 0.007 0.001 0.087;
0.456 0.01 0.008 0 0.018 0 0.005 0.165 0.006 0.01 0.02 0 0.002 0.001 0.003 0.195 0.003 0.003 0.004 0 0.001 0 0.001 0.068 0.002 0.004 0 0 0.002 0 0.005 0 0.001 0 0 0.007;0.456 0.01 0.008 0.02 0 0.002 0.001 0 0 0.002 0 0.018 0 0.005 0.003 0.195 0.003 0.003 0 0.005 0 0.001 0.001 0.004 0.002 0.068 0.165 0.006 0.01 0.004 0 0.001 0 0 0 0.007;0.456 0.02 0 0 0.003 0 0.001 0.165 0.004 0 0.01 0 0 0.001 0.018 0.195 0.005 0.004 0.006 0 0 0 0.005 0.068 0.001 0.003 0.008 0.002 0.002 0 0.003 0 0.002 0.01 0.001 0.007;
0.458 0.001 0.017 0.017 0.005 0 0.001 0.17 0 0.014 0.011 0.005 0 0 0.003 0.171 0 0.007 0.004 0.003 0.001 0 0.001 0.05 0 0.009 0.003 0 0.008 0.001 0.003 0.002 0.003 0.003 0 0.029;0.458 0.001 0.017 0.011 0.005 0 0 0.003 0 0.008 0.017 0.005 0 0.001 0.003 0.171 0 0.007 0.001 0.003 0.002 0.003 0.001 0.009 0 0.05 0.17 0 0.014 0.004 0.003 0.001 0 0.003 0 0.029;0.458 0.011 0.003 0.017 0.003 0.001 0.001 0.17 0.004 0.003 0.001 0.005 0 0 0.005 0.171 0.003 0.009 0 0.003 0 0 0.001 0.05 0.003 0.007 0.017 0 0.008 0 0 0.002 0 0.014 0.001 0.029;
0.457 0.004 0.009 0.016 0.012 0 0.001 0.177 0.002 0.011 0.013 0.002 0 0 0.001 0.188 0.001 0.008 0.004 0.006 0 0 0 0.069 0 0 0 0 0.002 0 0 0 0.003 0.001 0 0.013;0.457 0.004 0.009 0.013 0.002 0 0 0 0 0.002 0.016 0.012 0 0.001 0.001 0.188 0.001 0.008 0 0 0 0.003 0 0 0 0.069 0.177 0.002 0.011 0.004 0.006 0 0 0.001 0 0.013;0.457 0.013 0 0.016 0.001 0 0 0.177 0.004 0.001 0.004 0.002 0 0 0.012 0.188 0 0 0.002 0.006 0 0 0.001 0.069 0.003 0.008 0.009 0 0.002 0 0.001 0 0 0.011 0 0.013;
0.458 0.013 0.003 0.178 0.016 0.003 0 0.011 0.001 0.009 0.015 0.024 0.002 0.003 0.003 0.107 0 0.001 0 0.018 0.003 0 0.004 0.001 0 0.002 0.008 0.001 0.001 0 0.002 0.038 0.001 0 0.003 0.071;0.458 0.013 0.003 0.015 0.024 0.002 0.003 0.008 0.001 0.001 0.178 0.016 0.003 0 0.003 0.107 0 0.001 0 0.002 0.038 0.001 0.004 0.002 0 0.001 0.011 0.001 0.009 0 0.018 0.003 0 0 0.003 0.071;0.458 0.015 0.008 0.178 0.003 0 0.004 0.011 0 0 0.013 0.024 0.001 0.003 0.016 0.107 0.002 0.002 0.001 0.018 0.003 0 0 0.001 0.001 0.001 0.003 0.002 0.001 0.003 0 0.038 0 0.009 0.003 0.071;
0.458 0.006 0.008 0.116 0.002 0 0.001 0.095 0.003 0.013 0.007 0.006 0.003 0 0.001 0.02 0.002 0.002 0.003 0.003 0.001 0.001 0.002 0.008 0 0.003 0.007 0 0.037 0.002 0.003 0.031 0.001 0.002 0.002 0.151;0.458 0.006 0.008 0.007 0.006 0.003 0 0.007 0 0.037 0.116 0.002 0 0.001 0.001 0.02 0.002 0.002 0.002 0.003 0.031 0.001 0.002 0.003 0 0.008 0.095 0.003 0.013 0.003 0.003 0.001 0.001 0.002 0.002 0.151;0.458 0.007 0.007 0.116 0.001 0.002 0.002 0.095 0.003 0.002 0.006 0.006 0 0 0.002 0.02 0.003 0.003 0.003 0.003 0.002 0.001 0.001 0.008 0.001 0.002 0.008 0.003 0.037 0 0.002 0.031 0 0.013 0.001 0.151;
0.429 0.015 0.008 0.144 0.012 0.006 0.003 0.073 0.002 0.005 0.02 0.004 0 0 0.002 0.003 0 0 0.004 0 0.005 0 0.001 0 0 0 0.003 0.002 0.021 0.001 0.004 0.046 0.001 0.003 0.008 0.175;0.429 0.015 0.008 0.02 0.004 0 0 0.003 0.002 0.021 0.144 0.012 0.006 0.003 0.002 0.003 0 0 0.001 0.004 0.046 0.001 0.001 0 0 0 0.073 0.002 0.005 0.004 0 0.005 0 0.003 0.008 0.175;0.429 0.02 0.003 0.144 0.002 0.001 0.001 0.073 0.004 0.003 0.015 0.004 0.002 0 0.012 0.003 0.004 0 0.002 0 0.008 0 0.003 0 0.001 0 0.008 0 0.021 0.006 0 0.046 0 0.005 0.005 0.175;
0.481 0.001 0.017 0.026 0.005 0.001 0.003 0.15 0 0.015 0.004 0.004 0 0 0 0.099 0 0.004 0.001 0.004 0 0 0 0.037 0 0.002 0.009 0 0.032 0 0 0.006 0.001 0.011 0.001 0.086;0.481 0.001 0.017 0.004 0.004 0 0 0.009 0 0.032 0.026 0.005 0.001 0.003 0 0.099 0 0.004 0 0 0.006 0.001 0 0.002 0 0.037 0.15 0 0.015 0.001 0.004 0 0 0.011 0.001 0.086;0.481 0.004 0.009 0.026 0 0 0 0.15 0.001 0.011 0.001 0.004 0 0 0.005 0.099 0 0.002 0 0.004 0.001 0 0.003 0.037 0.001 0.004 0.017 0 0.032 0.001 0 0.006 0 0.015 0 0.086;
0.443 0.005 0.01 0.196 0.01 0.011 0.002 0.003 0.002 0.004 0.008 0.033 0.001 0.001 0.003 0.159 0.004 0.004 0 0.037 0.002 0.001 0.003 0 0 0.004 0.012 0 0 0.002 0.002 0.015 0 0 0.001 0.022;0.443 0.005 0.01 0.008 0.033 0.001 0.001 0.012 0 0 0.196 0.01 0.011 0.002 0.003 0.159 0.004 0.004 0.002 0.002 0.015 0 0.003 0.004 0 0 0.003 0.002 0.004 0 0.037 0.002 0.001 0 0.001 0.022;0.443 0.008 0.012 0.196 0.003 0.002 0.003 0.003 0 0 0.005 0.033 0 0.001 0.01 0.159 0.002 0.004 0.002 0.037 0.001 0.001 0.002 0 0 0.004 0.01 0.001 0 0.011 0.004 0.015 0 0.004 0.002 0.022;
0.457 0.019 0.002 0.166 0.006 0.003 0.001 0.018 0.001 0.009 0.001 0.023 0 0 0 0.123 0 0.001 0.001 0.011 0 0.001 0.002 0.012 0 0.004 0.011 0.002 0.003 0.002 0.003 0.026 0.001 0.002 0.004 0.085;0.457 0.019 0.002 0.001 0.023 0 0 0.011 0.002 0.003 0.166 0.006 0.003 0.001 0 0.123 0 0.001 0.002 0.003 0.026 0.001 0.002 0.004 0 0.012 0.018 0.001 0.009 0.001 0.011 0 0.001 0.002 0.004 0.085;0.457 0.001 0.011 0.166 0 0.002 0.002 0.018 0.001 0.002 0.019 0.023 0.002 0 0.006 0.123 0.003 0.004 0.001 0.011 0.004 0.001 0.001 0.012 0.001 0.001 0.002 0 0.003 0.003 0 0.026 0 0.009 0 0.085;
0.487 0.007 0.01 0.103 0.016 0.004 0.002 0.086 0.001 0.011 0.001 0.001 0 0 0.002 0.022 0 0 0.002 0.001 0.003 0.001 0 0.004 0 0.001 0.011 0 0.03 0.003 0.005 0.025 0 0.007 0.002 0.152;0.487 0.007 0.01 0.001 0.001 0 0 0.011 0 0.03 0.103 0.016 0.004 0.002 0.002 0.022 0 0 0.003 0.005 0.025 0 0 0.001 0 0.004 0.086 0.001 0.011 0.002 0.001 0.003 0.001 0.007 0.002 0.152;0.487 0.001 0.011 0.103 0.002 0.003 0 0.086 0.002 0.007 0.007 0.001 0 0 0.016 0.022 0.005 0.001 0.001 0.001 0.002 0.001 0.002 0.004 0 0 0.01 0 0.03 0.004 0 0.025 0 0.011 0.003 0.152;
0.451 0.006 0.016 0.08 0.005 0.007 0.001 0.117 0.001 0.011 0.019 0.009 0.002 0.001 0 0.046 0.001 0.001 0.004 0.002 0.006 0.001 0.001 0.007 0.001 0.001 0.002 0 0.025 0.001 0.002 0.031 0.002 0.005 0.001 0.134;0.451 0.006 0.016 0.019 0.009 0.002 0.001 0.002 0 0.025 0.08 0.005 0.007 0.001 0 0.046 0.001 0.001 0.001 0.002 0.031 0.002 0.001 0.001 0.001 0.007 0.117 0.001 0.011 0.004 0.002 0.006 0.001 0.005 0.001 0.134;0.451 0.019 0.002 0.08 0 0.001 0.001 0.117 0.004 0.005 0.006 0.009 0 0.001 0.005 0.046 0.002 0.001 0.001 0.002 0.001 0.001 0.001 0.007 0.002 0.001 0.016 0.002 0.025 0.007 0.001 0.031 0.001 0.011 0.006 0.134;
0.42 0.004 0.015 0.144 0.013 0.003 0.002 0.061 0.004 0.014 0.012 0.02 0.001 0.002 0.001 0.164 0.003 0.004 0.003 0.031 0.004 0.001 0.001 0.025 0 0.007 0.005 0 0.002 0 0.001 0.01 0.001 0 0 0.022;0.42 0.004 0.015 0.012 0.02 0.001 0.002 0.005 0 0.002 0.144 0.013 0.003 0.002 0.001 0.164 0.003 0.004 0 0.001 0.01 0.001 0.001 0.007 0 0.025 0.061 0.004 0.014 0.003 0.031 0.004 0.001 0 0 0.022;0.42 0.012 0.005 0.144 0.001 0 0.001 0.061 0.003 0 0.004 0.02 0 0.002 0.013 0.164 0.001 0.007 0.004 0.031 0 0.001 0.002 0.025 0.001 0.004 0.015 0.001 0.002 0.003 0.003 0.01 0 0.014 0.004 0.022;
0.435 0.006 0.002 0.197 0.016 0 0.001 0.005 0.004 0.005 0.013 0.03 0.001 0.001 0.005 0.119 0 0 0 0.02 0.002 0.001 0.002 0.004 0.001 0.002 0.005 0 0.001 0.003 0.001 0.036 0 0 0.004 0.078;0.435 0.006 0.002 0.013 0.03 0.001 0.001 0.005 0 0.001 0.197 0.016 0 0.001 0.005 0.119 0 0 0.003 0.001 0.036 0 0.002 0.002 0.001 0.004 0.005 0.004 0.005 0 0.02 0.002 0.001 0 0.004 0.078;0.435 0.013 0.005 0.197 0.005 0.003 0.002 0.005 0 0 0.006 0.03 0 0.001 0.016 0.119 0.001 0.002 0.004 0.02 0.004 0.001 0.001 0.004 0 0 0.002 0.001 0.001 0 0 0.036 0.001 0.005 0.002 0.078;
0.466 0.016 0.009 0.06 0.006 0.002 0.002 0.132 0.002 0.008 0.013 0.001 0.003 0 0.002 0.017 0 0 0.008 0 0.005 0 0.002 0.003 0 0 0.003 0.002 0.055 0.002 0.001 0.017 0.001 0.003 0.006 0.153;0.466 0.016 0.009 0.013 0.001 0.003 0 0.003 0.002 0.055 0.06 0.006 0.002 0.002 0.002 0.017 0 0 0.002 0.001 0.017 0.001 0.002 0 0 0.003 0.132 0.002 0.008 0.008 0 0.005 0 0.003 0.006 0.153;0.466 0.013 0.003 0.06 0.002 0.002 0.002 0.132 0.008 0.003 0.016 0.001 0.002 0 0.006 0.017 0.001 0 0.002 0 0.006 0 0.002 0.003 0.001 0 0.009 0.003 0.055 0.002 0 0.017 0 0.008 0.005 0.153;
0.437 0.009 0.006 0.162 0.008 0.006 0.005 0.027 0.001 0.01 0.008 0.02 0.001 0.001 0.004 0.074 0.001 0 0.001 0.012 0.007 0.001 0.001 0.006 0 0 0.005 0 0.009 0.007 0.002 0.044 0.001 0.002 0.005 0.117;0.437 0.009 0.006 0.008 0.02 0.001 0.001 0.005 0 0.009 0.162 0.008 0.006 0.005 0.004 0.074 0.001 0 0.007 0.002 0.044 0.001 0.001 0 0 0.006 0.027 0.001 0.01 0.001 0.012 0.007 0.001 0.002 0.005 0.117;0.437 0.008 0.005 0.162 0.004 0.007 0.001 0.027 0.001 0.002 0.009 0.02 0 0.001 0.008 0.074 0.002 0 0.001 0.012 0.005 0.001 0.005 0.006 0.001 0 0.006 0.001 0.009 0.006 0.001 0.044 0 0.01 0.007 0.117;
0.436 0.018 0.005 0.09 0.006 0 0.004 0.088 0.002 0.01 0.012 0.016 0.001 0 0.002 0.094 0.003 0.001 0.007 0.014 0.005 0.001 0 0.02 0.001 0.001 0.005 0.001 0.019 0.002 0 0.024 0.001 0 0.003 0.108;0.436 0.018 0.005 0.012 0.016 0.001 0 0.005 0.001 0.019 0.09 0.006 0 0.004 0.002 0.094 0.003 0.001 0.002 0 0.024 0.001 0 0.001 0.001 0.02 0.088 0.002 0.01 0.007 0.014 0.005 0.001 0 0.003 0.108;0.436 0.012 0.005 0.09 0.002 0.002 0 0.088 0.007 0 0.018 0.016 0.001 0 0.006 0.094 0 0.001 0.002 0.014 0.003 0.001 0.004 0.02 0.001 0.001 0.005 0.001 0.019 0 0.003 0.024 0.001 0.01 0.005 0.108;
0.447 0.002 0.013 0.116 0.012 0.005 0.004 0.087 0.002 0.006 0.002 0.008 0 0.002 0 0.066 0.001 0.002 0.002 0.003 0.001 0.001 0.002 0.01 0 0.01 0.015 0 0.019 0.003 0.003 0.027 0.001 0.006 0 0.122;0.447 0.002 0.013 0.002 0.008 0 0.002 0.015 0 0.019 0.116 0.012 0.005 0.004 0 0.066 0.001 0.002 0.003 0.003 0.027 0.001 0.002 0.01 0 0.01 0.087 0.002 0.006 0.002 0.003 0.001 0.001 0.006 0 0.122;0.447 0.002 0.015 0.116 0 0.003 0.002 0.087 0.002 0.006 0.002 0.008 0 0.002 0.012 0.066 0.003 0.01 0.002 0.003 0 0.001 0.004 0.01 0.001 0.002 0.013 0 0.019 0.005 0.001 0.027 0 0.006 0.001 0.122;
0.429 0.009 0.004 0.174 0.014 0.009 0.007 0.029 0.002 0.005 0.011 0.026 0 0 0.006 0.155 0.001 0.002 0 0.023 0.004 0 0.002 0.008 0.001 0.003 0.006 0.001 0.003 0.001 0.002 0.013 0 0.001 0.001 0.048;0.429 0.009 0.004 0.011 0.026 0 0 0.006 0.001 0.003 0.174 0.014 0.009 0.007 0.006 0.155 0.001 0.002 0.001 0.002 0.013 0 0.002 0.003 0.001 0.008 0.029 0.002 0.005 0 0.023 0.004 0 0.001 0.001 0.048;0.429 0.011 0.006 0.174 0.006 0.001 0.002 0.029 0 0.001 0.009 0.026 0.001 0 0.014 0.155 0.002 0.003 0.002 0.023 0.001 0 0.007 0.008 0 0.002 0.004 0 0.003 0.009 0.001 0.013 0.001 0.005 0.004 0.048;
0.458 0.012 0.008 0.028 0.018 0 0.004 0.139 0.002 0.006 0.017 0.005 0 0 0.002 0.068 0.001 0.002 0.005 0.003 0 0 0 0.021 0 0.002 0.003 0.001 0.042 0 0.005 0.006 0 0.006 0.003 0.133;0.458 0.012 0.008 0.017 0.005 0 0 0.003 0.001 0.042 0.028 0.018 0 0.004 0.002 0.068 0.001 0.002 0 0.005 0.006 0 0 0.002 0 0.021 0.139 0.002 0.006 0.005 0.003 0 0 0.006 0.003 0.133;0.458 0.017 0.003 0.028 0.002 0 0 0.139 0.005 0.006 0.012 0.005 0.001 0 0.018 0.068 0.005 0.002 0.002 0.003 0.003 0 0.004 0.021 0 0.002 0.008 0 0.042 0 0.001 0.006 0 0.006 0 0.133;
0.488 0.006 0.012 0.193 0.008 0.002 0 0.015 0.002 0.001 0.01 0.008 0.001 0 0.004 0.024 0.002 0.002 0.002 0.006 0.005 0.001 0.003 0 0.001 0.001 0 0.002 0.005 0.001 0.001 0.054 0 0 0.003 0.137;0.488 0.006 0.012 0.01 0.008 0.001 0 0 0.002 0.005 0.193 0.008 0.002 0 0.004 0.024 0.002 0.002 0.001 0.001 0.054 0 0.003 0.001 0.001 0 0.015 0.002 0.001 0.002 0.006 0.005 0.001 0 0.003 0.137;0.488 0.01 0 0.193 0.004 0.001 0.003 0.015 0.002 0 0.006 0.008 0.002 0 0.008 0.024 0.001 0.001 0.002 0.006 0.003 0.001 0 0 0 0.002 0.012 0.001 0.005 0.002 0.002 0.054 0.001 0.001 0.005 0.137;
0.465 0.012 0.002 0.121 0.01 0.003 0.004 0.063 0.001 0.01 0.002 0.01 0 0 0.001 0.078 0.001 0 0 0.01 0 0 0 0.015 0 0.002 0.015 0 0.017 0.003 0.005 0.029 0.001 0 0.007 0.113;0.465 0.012 0.002 0.002 0.01 0 0 0.015 0 0.017 0.121 0.01 0.003 0.004 0.001 0.078 0.001 0 0.003 0.005 0.029 0.001 0 0.002 0 0.015 0.063 0.001 0.01 0 0.01 0 0 0 0.007 0.113;0.465 0.002 0.015 0.121 0.001 0.003 0 0.063 0 0 0.012 0.01 0 0 0.01 0.078 0.005 0.002 0.001 0.01 0.007 0 0.004 0.015 0.001 0 0.002 0 0.017 0.003 0.001 0.029 0 0.01 0 0.113;
0.435 0.012 0.002 0.154 0.006 0.003 0.004 0.037 0.004 0.013 0.005 0.018 0.001 0.006 0.003 0.167 0.002 0.001 0.003 0.027 0.003 0.002 0.001 0.013 0 0.005 0.008 0.002 0.003 0.005 0.001 0.018 0 0.001 0 0.035;0.435 0.012 0.002 0.005 0.018 0.001 0.006 0.008 0.002 0.003 0.154 0.006 0.003 0.004 0.003 0.167 0.002 0.001 0.005 0.001 0.018 0 0.001 0.005 0 0.013 0.037 0.004 0.013 0.003 0.027 0.003 0.002 0.001 0 0.035;0.435 0.005 0.008 0.154 0.003 0.005 0.001 0.037 0.003 0.001 0.012 0.018 0.002 0.006 0.006 0.167 0.001 0.005 0.004 0.027 0 0.002 0.004 0.013 0 0.001 0.002 0.001 0.003 0.003 0.002 0.018 0 0.013 0.003 0.035;
0.47 0.005 0.011 0.06 0.012 0.001 0.002 0.119 0 0.007 0.004 0.005 0.001 0.001 0 0.156 0 0.006 0.001 0.015 0.002 0 0 0.046 0.001 0.005 0.007 0 0.012 0.003 0.003 0.006 0.001 0.001 0 0.037;0.47 0.005 0.011 0.004 0.005 0.001 0.001 0.007 0 0.012 0.06 0.012 0.001 0.002 0 0.156 0 0.006 0.003 0.003 0.006 0.001 0 0.005 0.001 0.046 0.119 0 0.007 0.001 0.015 0.002 0 0.001 0 0.037;0.47 0.004 0.007 0.06 0 0.003 0 0.119 0.001 0.001 0.005 0.005 0 0.001 0.012 0.156 0.003 0.005 0 0.015 0 0 0.002 0.046 0.001 0.006 0.011 0.001 0.012 0.001 0 0.006 0.001 0.007 0.002 0.037;
0.473 0.003 0.004 0.155 0.005 0.002 0.002 0.061 0.001 0.003 0.016 0 0 0 0.001 0.001 0.001 0 0.001 0 0.003 0 0.004 0 0.002 0 0.001 0 0.025 0.002 0.004 0.051 0.002 0.003 0.001 0.173;0.473 0.003 0.004 0.016 0 0 0 0.001 0 0.025 0.155 0.005 0.002 0.002 0.001 0.001 0.001 0 0.002 0.004 0.051 0.002 0.004 0 0.002 0 0.061 0.001 0.003 0.001 0 0.003 0 0.003 0.001 0.173;0.473 0.016 0.001 0.155 0.001 0.002 0.004 0.061 0.001 0.003 0.003 0 0 0 0.005 0.001 0.004 0 0.001 0 0.001 0 0.002 0 0.002 0 0.004 0 0.025 0.002 0.001 0.051 0.002 0.003 0.003 0.173;
0.453 0.008 0.006 0.112 0.011 0.006 0.005 0.077 0.003 0.013 0.011 0.013 0.001 0.001 0.001 0.136 0.002 0.002 0 0.02 0.002 0.001 0.002 0.022 0.001 0.006 0.006 0 0.008 0.004 0.005 0.008 0 0 0.001 0.053;0.453 0.008 0.006 0.011 0.013 0.001 0.001 0.006 0 0.008 0.112 0.011 0.006 0.005 0.001 0.136 0.002 0.002 0.004 0.005 0.008 0 0.002 0.006 0.001 0.022 0.077 0.003 0.013 0 0.02 0.002 0.001 0 0.001 0.053;0.453 0.011 0.006 0.112 0.001 0.004 0.002 0.077 0 0 0.008 0.013 0 0.001 0.011 0.136 0.005 0.006 0.003 0.02 0.001 0.001 0.005 0.022 0 0.002 0.006 0.001 0.008 0.006 0.002 0.008 0.001 0.013 0.002 0.053;
0.465 0.004 0.009 0.025 0.01 0.002 0.001 0.152 0.002 0.008 0.009 0.005 0.001 0 0.001 0.134 0 0.008 0.001 0.002 0.004 0 0.002 0.03 0.001 0.005 0.006 0 0.032 0 0.002 0.002 0.001 0.003 0.001 0.072;0.465 0.004 0.009 0.009 0.005 0.001 0 0.006 0 0.032 0.025 0.01 0.002 0.001 0.001 0.134 0 0.008 0 0.002 0.002 0.001 0.002 0.005 0.001 0.03 0.152 0.002 0.008 0.001 0.002 0.004 0 0.003 0.001 0.072;0.465 0.009 0.006 0.025 0.001 0 0.002 0.152 0.001 0.003 0.004 0.005 0 0 0.01 0.134 0.002 0.005 0.002 0.002 0.001 0 0.001 0.03 0.001 0.008 0.009 0.001 0.032 0.002 0 0.002 0.001 0.008 0.004 0.072;
0.446 0.02 0.002 0.119 0.007 0.003 0.002 0.066 0.004 0.008 0.002 0.014 0.002 0 0.004 0.08 0.002 0 0 0.003 0.001 0 0 0.014 0 0.003 0.017 0.001 0.01 0.004 0.001 0.03 0.003 0.005 0.004 0.123;0.446 0.02 0.002 0.002 0.014 0.002 0 0.017 0.001 0.01 0.119 0.007 0.003 0.002 0.004 0.08 0.002 0 0.004 0.001 0.03 0.003 0 0.003 0 0.014 0.066 0.004 0.008 0 0.003 0.001 0 0.005 0.004 0.123;0.446 0.002 0.017 0.119 0.004 0.004 0 0.066 0 0.005 0.02 0.014 0.001 0 0.007 0.08 0.001 0.003 0.004 0.003 0.004 0 0.002 0.014 0.003 0 0.002 0.002 0.01 0.003 0.002 0.03 0 0.008 0.001 0.123;
0.434 0.012 0.005 0.072 0.014 0.004 0.005 0.12 0.002 0.003 0.007 0.021 0 0 0.002 0.191 0.001 0.005 0 0.012 0.004 0 0 0.049 0 0.008 0.017 0 0 0.002 0.001 0 0 0.009 0 0;0.434 0.012 0.005 0.007 0.021 0 0 0.017 0 0 0.072 0.014 0.004 0.005 0.002 0.191 0.001 0.005 0.002 0.001 0 0 0 0.008 0 0.049 0.12 0.002 0.003 0 0.012 0.004 0 0.009 0 0;0.434 0.007 0.017 0.072 0.002 0.002 0 0.12 0 0.009 0.012 0.021 0 0 0.014 0.191 0.001 0.008 0.002 0.012 0 0 0.005 0.049 0 0.005 0.005 0 0 0.004 0.001 0 0 0.003 0.004 0;
0.446 0.016 0.001 0.119 0.007 0.002 0 0.093 0.003 0.011 0.002 0.013 0 0.001 0.003 0.088 0.002 0.002 0 0.015 0.001 0 0.001 0.013 0.001 0.006 0.013 0 0.02 0.009 0.001 0.029 0 0.001 0 0.081;0.446 0.016 0.001 0.002 0.013 0 0.001 0.013 0 0.02 0.119 0.007 0.002 0 0.003 0.088 0.002 0.002 0.009 0.001 0.029 0 0.001 0.006 0.001 0.013 0.093 0.003 0.011 0 0.015 0.001 0 0.001 0 0.081;0.446 0.002 0.013 0.119 0.003 0.009 0.001 0.093 0 0.001 0.016 0.013 0 0.001 0.007 0.088 0.001 0.006 0.003 0.015 0 0 0 0.013 0 0.002 0.001 0 0.02 0.002 0.002 0.029 0.001 0.011 0.001 0.081;
0.452 0.006 0.006 0.117 0.008 0.002 0.002 0.07 0.004 0.011 0.001 0.016 0.001 0 0.001 0.09 0.001 0.003 0 0.016 0 0.002 0.001 0.017 0.002 0.004 0.014 0.001 0.012 0.004 0.002 0.027 0 0.003 0.002 0.102;0.452 0.006 0.006 0.001 0.016 0.001 0 0.014 0.001 0.012 0.117 0.008 0.002 0.002 0.001 0.09 0.001 0.003 0.004 0.002 0.027 0 0.001 0.004 0.002 0.017 0.07 0.004 0.011 0 0.016 0 0.002 0.003 0.002 0.102;0.452 0.001 0.014 0.117 0.001 0.004 0.001 0.07 0 0.003 0.006 0.016 0.001 0 0.008 0.09 0.002 0.004 0.004 0.016 0.002 0.002 0.002 0.017 0 0.003 0.006 0.001 0.012 0.002 0.001 0.027 0.002 0.011 0 0.102;
0.459 0.008 0.006 0.178 0.011 0.006 0.003 0.017 0.005 0.006 0.008 0.014 0.001 0 0.002 0.035 0 0.001 0 0.008 0.002 0 0 0.001 0 0.004 0.013 0.001 0.009 0.004 0.003 0.047 0.001 0.002 0.002 0.143;0.459 0.008 0.006 0.008 0.014 0.001 0 0.013 0.001 0.009 0.178 0.011 0.006 0.003 0.002 0.035 0 0.001 0.004 0.003 0.047 0.001 0 0.004 0 0.001 0.017 0.005 0.006 0 0.008 0.002 0 0.002 0.002 0.143;0.459 0.008 0.013 0.178 0.002 0.004 0 0.017 0 0.002 0.008 0.014 0.001 0 0.011 0.035 0.003 0.004 0.005 0.008 0.002 0 0.003 0.001 0.001 0.001 0.006 0.001 0.009 0.006 0 0.047 0 0.006 0.002 0.143;
0.452 0.007 0.004 0.089 0.011 0.003 0.007 0.085 0 0.001 0.008 0.018 0.001 0 0.003 0.132 0.002 0.007 0.003 0.02 0.004 0.001 0.002 0.027 0.001 0.005 0.001 0.001 0.012 0 0.002 0.021 0 0.003 0.002 0.065;0.452 0.007 0.004 0.008 0.018 0.001 0 0.001 0.001 0.012 0.089 0.011 0.003 0.007 0.003 0.132 0.002 0.007 0 0.002 0.021 0 0.002 0.005 0.001 0.027 0.085 0 0.001 0.003 0.02 0.004 0.001 0.003 0.002 0.065;0.452 0.008 0.001 0.089 0.003 0 0.002 0.085 0.003 0.003 0.007 0.018 0.001 0 0.011 0.132 0.002 0.005 0 0.02 0.002 0.001 0.007 0.027 0 0.007 0.004 0.001 0.012 0.003 0.002 0.021 0.001 0.001 0.004 0.065;
0.473 0.012 0.003 0.082 0.01 0.002 0.006 0.102 0.004 0.013 0 0.009 0.001 0 0 0.064 0.001 0.001 0.001 0.007 0.002 0 0 0.011 0 0.001 0.017 0 0.023 0 0.001 0.025 0.001 0.004 0.002 0.122;0.473 0.012 0.003 0 0.009 0.001 0 0.017 0 0.023 0.082 0.01 0.002 0.006 0 0.064 0.001 0.001 0 0.001 0.025 0.001 0 0.001 0 0.011 0.102 0.004 0.013 0.001 0.007 0.002 0 0.004 0.002 0.122;0.473 0 0.017 0.082 0 0 0 0.102 0.001 0.004 0.012 0.009 0 0 0.01 0.064 0.001 0.001 0.004 0.007 0.002 0 0.006 0.011 0.001 0.001 0.003 0.001 0.023 0.002 0.001 0.025 0 0.013 0.002 0.122;
0.475 0.003 0.015 0.158 0.01 0.003 0.001 0.042 0.003 0.015 0.005 0.033 0 0.005 0.002 0.159 0.001 0.005 0 0.023 0.001 0.003 0.001 0.008 0 0.007 0.011 0 0 0.008 0 0.001 0.001 0.001 0 0;0.475 0.003 0.015 0.005 0.033 0 0.005 0.011 0 0 0.158 0.01 0.003 0.001 0.002 0.159 0.001 0.005 0.008 0 0.001 0.001 0.001 0.007 0 0.008 0.042 0.003 0.015 0 0.023 0.001 0.003 0.001 0 0;0.475 0.005 0.011 0.158 0.002 0.008 0.001 0.042 0 0.001 0.003 0.033 0 0.005 0.01 0.159 0 0.007 0.003 0.023 0 0.003 0.001 0.008 0.001 0.005 0.015 0 0 0.003 0.001 0.001 0 0.015 0.001 0;
0.473 0.006 0.013 0.162 0.004 0.009 0 0.027 0.002 0.015 0.009 0.004 0 0 0 0.012 0.002 0 0 0.004 0.003 0 0.002 0.001 0 0 0.011 0.001 0.008 0.006 0.002 0.058 0 0.004 0.002 0.16;0.473 0.006 0.013 0.009 0.004 0 0 0.011 0.001 0.008 0.162 0.004 0.009 0 0 0.012 0.002 0 0.006 0.002 0.058 0 0.002 0 0 0.001 0.027 0.002 0.015 0 0.004 0.003 0 0.004 0.002 0.16;0.473 0.009 0.011 0.162 0 0.006 0.002 0.027 0 0.004 0.006 0.004 0.001 0 0.004 0.012 0.002 0 0.002 0.004 0.002 0 0 0.001 0 0 0.013 0 0.008 0.009 0.002 0.058 0 0.015 0.003 0.16;
0.45 0.006 0.008 0.18 0.016 0.005 0 0.013 0.004 0 0.014 0.02 0 0.001 0.003 0.112 0 0.001 0.002 0.014 0.007 0 0.005 0.005 0.001 0.001 0.003 0 0.004 0.002 0.003 0.03 0.001 0.005 0.001 0.083;0.45 0.006 0.008 0.014 0.02 0 0.001 0.003 0 0.004 0.18 0.016 0.005 0 0.003 0.112 0 0.001 0.002 0.003 0.03 0.001 0.005 0.001 0.001 0.005 0.013 0.004 0 0.002 0.014 0.007 0 0.005 0.001 0.083;0.45 0.014 0.003 0.18 0.003 0.002 0.005 0.013 0.002 0.005 0.006 0.02 0 0.001 0.016 0.112 0.003 0.001 0.004 0.014 0.001 0 0 0.005 0.001 0.001 0.008 0 0.004 0.005 0 0.03 0.001 0 0.007 0.083;
0.471 0.014 0.006 0.138 0.006 0.002 0.002 0.059 0.001 0.011 0.002 0.019 0 0.001 0.004 0.116 0.002 0.001 0 0.02 0.001 0 0 0.008 0 0.006 0.012 0 0.009 0.005 0.002 0.015 0 0.004 0.001 0.062;0.471 0.014 0.006 0.002 0.019 0 0.001 0.012 0 0.009 0.138 0.006 0.002 0.002 0.004 0.116 0.002 0.001 0.005 0.002 0.015 0 0 0.006 0 0.008 0.059 0.001 0.011 0 0.02 0.001 0 0.004 0.001 0.062;0.471 0.002 0.012 0.138 0.004 0.005 0 0.059 0 0.004 0.014 0.019 0 0.001 0.006 0.116 0.002 0.006 0.001 0.02 0.001 0 0.002 0.008 0 0.001 0.006 0 0.009 0.002 0.002 0.015 0 0.011 0.001 0.062;
0.431 0.008 0.002 0.083 0.004 0.004 0.002 0.091 0.006 0.017 0.013 0.019 0 0 0.002 0.146 0.002 0.004 0.006 0.012 0.003 0 0.001 0.024 0 0.003 0.009 0.001 0.013 0 0.002 0.022 0.001 0.001 0.001 0.067;0.431 0.008 0.002 0.013 0.019 0 0 0.009 0.001 0.013 0.083 0.004 0.004 0.002 0.002 0.146 0.002 0.004 0 0.002 0.022 0.001 0.001 0.003 0 0.024 0.091 0.006 0.017 0.006 0.012 0.003 0 0.001 0.001 0.067;0.431 0.013 0.009 0.083 0.002 0 0.001 0.091 0.006 0.001 0.008 0.019 0.001 0 0.004 0.146 0.002 0.003 0.006 0.012 0.001 0 0.002 0.024 0.001 0.004 0.002 0 0.013 0.004 0.002 0.022 0 0.017 0.003 0.067;
0.455 0.008 0.006 0.066 0.004 0.005 0.002 0.112 0.006 0.017 0.008 0.014 0.002 0 0.002 0.114 0.001 0.003 0.001 0.016 0.001 0 0 0.025 0 0.003 0.005 0 0.025 0 0.001 0.007 0.002 0.002 0.003 0.084;0.455 0.008 0.006 0.008 0.014 0.002 0 0.005 0 0.025 0.066 0.004 0.005 0.002 0.002 0.114 0.001 0.003 0 0.001 0.007 0.002 0 0.003 0 0.025 0.112 0.006 0.017 0.001 0.016 0.001 0 0.002 0.003 0.084;0.455 0.008 0.005 0.066 0.002 0 0 0.112 0.001 0.002 0.008 0.014 0 0 0.004 0.114 0.001 0.003 0.006 0.016 0.003 0 0.002 0.025 0.002 0.003 0.006 0.002 0.025 0.005 0.001 0.007 0 0.017 0.001 0.084;
0.415 0.017 0.002 0.162 0.008 0.005 0.002 0.027 0.001 0.015 0.011 0.026 0 0.001 0.003 0.127 0.004 0.001 0.001 0.021 0.006 0.001 0.002 0.011 0.001 0.003 0.005 0.001 0.006 0.001 0.002 0.03 0.001 0.004 0.003 0.074;0.415 0.017 0.002 0.011 0.026 0 0.001 0.005 0.001 0.006 0.162 0.008 0.005 0.002 0.003 0.127 0.004 0.001 0.001 0.002 0.03 0.001 0.002 0.003 0.001 0.011 0.027 0.001 0.015 0.001 0.021 0.006 0.001 0.004 0.003 0.074;0.415 0.011 0.005 0.162 0.003 0.001 0.002 0.027 0.001 0.004 0.017 0.026 0.001 0.001 0.008 0.127 0.002 0.003 0.001 0.021 0.003 0.001 0.002 0.011 0.001 0.001 0.002 0 0.006 0.005 0.004 0.03 0.001 0.015 0.006 0.074;
0.451 0.009 0 0.142 0.007 0.005 0.003 0.031 0.002 0.012 0.008 0.016 0 0 0.003 0.104 0.002 0.001 0.001 0.021 0.001 0.001 0.001 0.013 0 0.007 0.016 0 0.012 0.002 0.004 0.023 0 0.001 0.004 0.097;0.451 0.009 0 0.008 0.016 0 0 0.016 0 0.012 0.142 0.007 0.005 0.003 0.003 0.104 0.002 0.001 0.002 0.004 0.023 0 0.001 0.007 0 0.013 0.031 0.002 0.012 0.001 0.021 0.001 0.001 0.001 0.004 0.097;0.451 0.008 0.016 0.142 0.003 0.002 0.001 0.031 0.001 0.001 0.009 0.016 0 0 0.007 0.104 0.004 0.007 0.002 0.021 0.004 0.001 0.003 0.013 0 0.001 0 0 0.012 0.005 0.002 0.023 0 0.012 0.001 0.097;
0.467 0.009 0.015 0.162 0.011 0.008 0.001 0.048 0.005 0.009 0.006 0.007 0 0.001 0.004 0.035 0.001 0 0 0.002 0.001 0 0.001 0.002 0 0.001 0.004 0.002 0.02 0.003 0.004 0.037 0.001 0.001 0.003 0.129;0.467 0.009 0.015 0.006 0.007 0 0.001 0.004 0.002 0.02 0.162 0.011 0.008 0.001 0.004 0.035 0.001 0 0.003 0.004 0.037 0.001 0.001 0.001 0 0.002 0.048 0.005 0.009 0 0.002 0.001 0 0.001 0.003 0.129;0.467 0.006 0.004 0.162 0.004 0.003 0.001 0.048 0 0.001 0.009 0.007 0.002 0.001 0.011 0.035 0.004 0.001 0.005 0.002 0.003 0 0.001 0.002 0.001 0 0.015 0 0.02 0.008 0.001 0.037 0 0.009 0.001 0.129;
0.44 0.011 0.002 0.049 0.015 0.001 0.008 0.135 0.002 0.001 0.009 0.015 0 0 0 0.185 0.005 0.005 0.005 0.013 0.005 0 0.002 0.039 0 0.006 0.011 0 0.007 0.002 0.001 0.002 0 0 0 0.024;0.44 0.011 0.002 0.009 0.015 0 0 0.011 0 0.007 0.049 0.015 0.001 0.008 0 0.185 0.005 0.005 0.002 0.001 0.002 0 0.002 0.006 0 0.039 0.135 0.002 0.001 0.005 0.013 0.005 0 0 0 0.024;0.44 0.009 0.011 0.049 0 0.002 0.002 0.135 0.005 0 0.011 0.015 0 0 0.015 0.185 0.001 0.006 0.002 0.013 0 0 0.008 0.039 0 0.005 0.002 0 0.007 0.001 0.005 0.002 0 0.001 0.005 0.024;
0.46 0.009 0.001 0.153 0.009 0.001 0.005 0.021 0.001 0.012 0.005 0.024 0 0.001 0.003 0.127 0.002 0 0.001 0.015 0.008 0 0.002 0.001 0.002 0.002 0.007 0.001 0.007 0.001 0.006 0.029 0 0 0.004 0.08;0.46 0.009 0.001 0.005 0.024 0 0.001 0.007 0.001 0.007 0.153 0.009 0.001 0.005 0.003 0.127 0.002 0 0.001 0.006 0.029 0 0.002 0.002 0.002 0.001 0.021 0.001 0.012 0.001 0.015 0.008 0 0 0.004 0.08;0.46 0.005 0.007 0.153 0.003 0.001 0.002 0.021 0.001 0 0.009 0.024 0.001 0.001 0.009 0.127 0.006 0.002 0.001 0.015 0.004 0 0.005 0.001 0 0 0.001 0 0.007 0.001 0.002 0.029 0.002 0.012 0.008 0.08;
0.421 0.011 0.007 0.117 0.013 0.001 0.004 0.1 0.001 0.003 0.012 0.01 0 0 0.003 0.105 0.001 0.002 0.002 0.009 0.001 0 0.003 0.02 0 0.001 0.002 0 0.02 0.002 0.004 0.025 0.002 0 0.005 0.093;0.421 0.011 0.007 0.012 0.01 0 0 0.002 0 0.02 0.117 0.013 0.001 0.004 0.003 0.105 0.001 0.002 0.002 0.004 0.025 0.002 0.003 0.001 0 0.02 0.1 0.001 0.003 0.002 0.009 0.001 0 0 0.005 0.093;0.421 0.012 0.002 0.117 0.003 0.002 0.003 0.1 0.002 0 0.011 0.01 0 0 0.013 0.105 0.004 0.001 0.001 0.009 0.005 0 0.004 0.02 0.002 0.002 0.007 0 0.02 0.001 0.001 0.025 0 0.003 0.001 0.093;
0.486 0.005 0.004 0.053 0.011 0 0.003 0.145 0.002 0.008 0.008 0.002 0 0 0 0.025 0 0.001 0.003 0.003 0.001 0 0 0.007 0 0.001 0.009 0.003 0.042 0.002 0.004 0.012 0.001 0.005 0.005 0.149;0.486 0.005 0.004 0.008 0.002 0 0 0.009 0.003 0.042 0.053 0.011 0 0.003 0 0.025 0 0.001 0.002 0.004 0.012 0.001 0 0.001 0 0.007 0.145 0.002 0.008 0.003 0.003 0.001 0 0.005 0.005 0.149;0.486 0.008 0.009 0.053 0 0.002 0 0.145 0.003 0.005 0.005 0.002 0.003 0 0.011 0.025 0.004 0.001 0.002 0.003 0.005 0 0.003 0.007 0.001 0.001 0.004 0 0.042 0 0 0.012 0 0.008 0.001 0.149;
0.463 0.014 0.008 0.002 0.007 0 0.003 0.17 0.003 0.006 0.006 0 0 0 0.002 0.173 0.003 0.004 0.002 0 0.001 0.001 0 0.071 0.002 0.014 0.005 0 0.007 0 0.001 0 0 0.007 0.001 0.024;0.463 0.014 0.008 0.006 0 0 0 0.005 0 0.007 0.002 0.007 0 0.003 0.002 0.173 0.003 0.004 0 0.001 0 0 0 0.014 0.002 0.071 0.17 0.003 0.006 0.002 0 0.001 0.001 0.007 0.001 0.024;0.463 0.006 0.005 0.002 0.002 0 0 0.17 0.002 0.007 0.014 0 0 0 0.007 0.173 0.001 0.014 0.003 0 0.001 0.001 0.003 0.071 0 0.004 0.008 0 0.007 0 0.003 0 0.002 0.006 0.001 0.024;
0.494 0.007 0.003 0.002 0.009 0 0.003 0.175 0.001 0.014 0.006 0 0.002 0 0.002 0.148 0 0.001 0.005 0 0.002 0 0.002 0.049 0.001 0.003 0.007 0 0.015 0 0.003 0 0 0 0.001 0.045;0.494 0.007 0.003 0.006 0 0.002 0 0.007 0 0.015 0.002 0.009 0 0.003 0.002 0.148 0 0.001 0 0.003 0 0 0.002 0.003 0.001 0.049 0.175 0.001 0.014 0.005 0 0.002 0 0 0.001 0.045;0.494 0.006 0.007 0.002 0.002 0 0.002 0.175 0.005 0 0.007 0 0 0 0.009 0.148 0.003 0.003 0.001 0 0.001 0 0.003 0.049 0 0.001 0.003 0.002 0.015 0 0 0 0.001 0.014 0.002 0.045;
0.44 0.015 0.002 0.02 0.016 0 0.006 0.188 0.003 0.003 0.016 0.004 0.001 0 0.001 0.087 0.002 0 0.007 0.003 0.004 0 0 0.041 0 0.001 0.005 0 0.026 0 0.004 0.005 0.001 0 0.003 0.096;0.44 0.015 0.002 0.016 0.004 0.001 0 0.005 0 0.026 0.02 0.016 0 0.006 0.001 0.087 0.002 0 0 0.004 0.005 0.001 0 0.001 0 0.041 0.188 0.003 0.003 0.007 0.003 0.004 0 0 0.003 0.096;0.44 0.016 0.005 0.02 0.001 0 0 0.188 0.007 0 0.015 0.004 0 0 0.016 0.087 0.004 0.001 0.003 0.003 0.003 0 0.006 0.041 0.001 0 0.002 0.001 0.026 0 0.002 0.005 0 0.003 0.004 0.096;
0.451 0.006 0.002 0.107 0.01 0.002 0.008 0.089 0.004 0.003 0.011 0.016 0 0.002 0.001 0.107 0.003 0 0.002 0.011 0.001 0 0.001 0.016 0.002 0.005 0.009 0.002 0.023 0 0.004 0.016 0.001 0.002 0.001 0.082;0.451 0.006 0.002 0.011 0.016 0 0.002 0.009 0.002 0.023 0.107 0.01 0.002 0.008 0.001 0.107 0.003 0 0 0.004 0.016 0.001 0.001 0.005 0.002 0.016 0.089 0.004 0.003 0.002 0.011 0.001 0 0.002 0.001 0.082;0.451 0.011 0.009 0.107 0.001 0 0.001 0.089 0.002 0.002 0.006 0.016 0.002 0.002 0.01 0.107 0.004 0.005 0.004 0.011 0.001 0 0.008 0.016 0.001 0 0.002 0 0.023 0.002 0.003 0.016 0.002 0.003 0.001 0.082;
0.415 0.003 0.006 0.135 0.018 0.005 0.005 0.074 0.004 0.009 0.016 0.021 0 0.001 0.004 0.179 0 0.004 0.001 0.033 0.007 0.001 0.002 0.03 0.001 0.002 0 0.001 0.002 0.001 0.002 0.006 0.001 0 0.002 0.009;0.415 0.003 0.006 0.016 0.021 0 0.001 0 0.001 0.002 0.135 0.018 0.005 0.005 0.004 0.179 0 0.004 0.001 0.002 0.006 0.001 0.002 0.002 0.001 0.03 0.074 0.004 0.009 0.001 0.033 0.007 0.001 0 0.002 0.009;0.415 0.016 0 0.135 0.004 0.001 0.002 0.074 0.001 0 0.003 0.021 0.001 0.001 0.018 0.179 0.002 0.002 0.004 0.033 0.002 0.001 0.005 0.03 0.001 0.004 0.006 0 0.002 0.005 0 0.006 0.001 0.009 0.007 0.009;
0.44 0.006 0.009 0.196 0.009 0.003 0.001 0.01 0.002 0.008 0.011 0.032 0.001 0.002 0.005 0.157 0.002 0.002 0.001 0.028 0.004 0 0.004 0.001 0 0.004 0.004 0.001 0.001 0.002 0.002 0.016 0 0.002 0 0.034;0.44 0.006 0.009 0.011 0.032 0.001 0.002 0.004 0.001 0.001 0.196 0.009 0.003 0.001 0.005 0.157 0.002 0.002 0.002 0.002 0.016 0 0.004 0.004 0 0.001 0.01 0.002 0.008 0.001 0.028 0.004 0 0.002 0 0.034;0.44 0.011 0.004 0.196 0.005 0.002 0.004 0.01 0.001 0.002 0.006 0.032 0.001 0.002 0.009 0.157 0.002 0.004 0.002 0.028 0 0 0.001 0.001 0 0.002 0.009 0.001 0.001 0.003 0.002 0.016 0 0.008 0.004 0.034];