pntP=[0.324 0.014 0.005 0.152 0.004 0.001 0.002 0.058 0.001 0.009 0.007 0.036 0.001 0.002 0.002 0.148 0.003 0.002 0 0.026 0.001 0.003 0.003 0.031 0 0.006 0.008 0 0.021 0.003 0.003 0.044 0 0.003 0 0.077;0.324 0.014 0.005 0.007 0.036 0.001 0.002 0.008 0 0.021 0.152 0.004 0.001 0.002 0.002 0.148 0.003 0.002 0.003 0.003 0.044 0 0.003 0.006 0 0.031 0.058 0.001 0.009 0 0.026 0.001 0.003 0.003 0 0.077;0.324 0.007 0.008 0.152 0.002 0.003 0.003 0.058 0 0.003 0.014 0.036 0 0.002 0.004 0.148 0.003 0.006 0.001 0.026 0 0.003 0.002 0.031 0 0.002 0.005 0.001 0.021 0.001 0.003 0.044 0 0.009 0.001 0.077;
0.355 0.007 0.007 0.048 0.018 0.001 0.003 0.17 0.001 0.008 0.01 0.005 0 0 0.001 0.087 0.002 0 0.004 0.003 0.002 0 0.001 0.025 0.001 0.005 0.008 0.001 0.058 0 0.003 0.012 0.002 0.004 0.002 0.146;0.355 0.007 0.007 0.01 0.005 0 0 0.008 0.001 0.058 0.048 0.018 0.001 0.003 0.001 0.087 0.002 0 0 0.003 0.012 0.002 0.001 0.005 0.001 0.025 0.17 0.001 0.008 0.004 0.003 0.002 0 0.004 0.002 0.146;0.355 0.01 0.008 0.048 0.001 0 0.001 0.17 0.004 0.004 0.007 0.005 0.001 0 0.018 0.087 0.003 0.005 0.001 0.003 0.002 0 0.003 0.025 0.002 0 0.007 0 0.058 0.001 0.002 0.012 0.001 0.008 0.002 0.146;
0.37 0.005 0.009 0.235 0.003 0.01 0 0.004 0.003 0.003 0.003 0.006 0 0 0.003 0.027 0 0 0 0.004 0.001 0.001 0.003 0 0.001 0.001 0.006 0.001 0 0.003 0.005 0.101 0 0.006 0.005 0.181;0.37 0.005 0.009 0.003 0.006 0 0 0.006 0.001 0 0.235 0.003 0.01 0 0.003 0.027 0 0 0.003 0.005 0.101 0 0.003 0.001 0.001 0 0.004 0.003 0.003 0 0.004 0.001 0.001 0.006 0.005 0.181;0.37 0.003 0.006 0.235 0.003 0.003 0.003 0.004 0 0.006 0.005 0.006 0.001 0 0.003 0.027 0.005 0.001 0.003 0.004 0.005 0.001 0 0 0 0 0.009 0 0 0.01 0 0.101 0.001 0.003 0.001 0.181;
0.363 0.005 0.007 0.002 0.002 0 0.002 0.188 0.008 0.012 0.003 0 0 0 0.003 0.169 0.002 0.009 0 0.001 0 0 0 0.078 0.001 0.005 0.011 0.001 0.037 0 0.007 0 0.001 0.005 0.004 0.074;0.363 0.005 0.007 0.003 0 0 0 0.011 0.001 0.037 0.002 0.002 0 0.002 0.003 0.169 0.002 0.009 0 0.007 0 0.001 0 0.005 0.001 0.078 0.188 0.008 0.012 0 0.001 0 0 0.005 0.004 0.074;0.363 0.003 0.011 0.002 0.003 0 0 0.188 0 0.005 0.005 0 0.001 0 0.002 0.169 0.007 0.005 0.008 0.001 0.004 0 0.002 0.078 0.001 0.009 0.007 0 0.037 0 0.002 0 0.001 0.012 0 0.074;
0.391 0.007 0.011 0.028 0.008 0.002 0.004 0.161 0.002 0.005 0.004 0.003 0.001 0 0 0.115 0.004 0.002 0 0.002 0.004 0 0 0.04 0 0.003 0.006 0.001 0.061 0 0.002 0.006 0.002 0.003 0.005 0.117;0.391 0.007 0.011 0.004 0.003 0.001 0 0.006 0.001 0.061 0.028 0.008 0.002 0.004 0 0.115 0.004 0.002 0 0.002 0.006 0.002 0 0.003 0 0.04 0.161 0.002 0.005 0 0.002 0.004 0 0.003 0.005 0.117;0.391 0.004 0.006 0.028 0 0 0 0.161 0 0.003 0.007 0.003 0.001 0 0.008 0.115 0.002 0.003 0.002 0.002 0.005 0 0.004 0.04 0.002 0.002 0.011 0.001 0.061 0.002 0.004 0.006 0 0.005 0.004 0.117;
0.383 0.01 0.006 0.167 0.013 0.007 0 0.03 0.004 0.002 0.013 0.042 0.001 0.002 0.011 0.154 0.004 0.002 0.001 0.048 0.005 0.001 0.003 0.017 0.001 0.003 0.002 0.001 0.005 0 0.006 0.017 0 0.002 0.002 0.035;0.383 0.01 0.006 0.013 0.042 0.001 0.002 0.002 0.001 0.005 0.167 0.013 0.007 0 0.011 0.154 0.004 0.002 0 0.006 0.017 0 0.003 0.003 0.001 0.017 0.03 0.004 0.002 0.001 0.048 0.005 0.001 0.002 0.002 0.035;0.383 0.013 0.002 0.167 0.011 0 0.003 0.03 0.001 0.002 0.01 0.042 0.001 0.002 0.013 0.154 0.006 0.003 0.004 0.048 0.002 0.001 0 0.017 0 0.002 0.006 0.001 0.005 0.007 0.004 0.017 0.001 0.002 0.005 0.035;
0.345 0.009 0.002 0.104 0.009 0 0.002 0.128 0.003 0.003 0.008 0.019 0.002 0 0.006 0.197 0.004 0 0.004 0.024 0.007 0.001 0 0.054 0 0.003 0.004 0 0.007 0.002 0.001 0.008 0.002 0 0.001 0.041;0.345 0.009 0.002 0.008 0.019 0.002 0 0.004 0 0.007 0.104 0.009 0 0.002 0.006 0.197 0.004 0 0.002 0.001 0.008 0.002 0 0.003 0 0.054 0.128 0.003 0.003 0.004 0.024 0.007 0.001 0 0.001 0.041;0.345 0.008 0.004 0.104 0.006 0.002 0 0.128 0.004 0 0.009 0.019 0 0 0.009 0.197 0.001 0.003 0.003 0.024 0.001 0.001 0.002 0.054 0.002 0 0.002 0.002 0.007 0 0.004 0.008 0 0.003 0.007 0.041;
0.353 0.005 0.013 0.123 0.007 0.007 0.004 0.108 0.001 0.007 0.018 0.036 0 0.001 0.004 0.191 0.002 0.004 0.001 0.032 0.001 0.001 0.004 0.058 0 0.004 0 0 0.001 0 0.007 0.002 0.002 0 0.001 0.002;0.353 0.005 0.013 0.018 0.036 0 0.001 0 0 0.001 0.123 0.007 0.007 0.004 0.004 0.191 0.002 0.004 0 0.007 0.002 0.002 0.004 0.004 0 0.058 0.108 0.001 0.007 0.001 0.032 0.001 0.001 0 0.001 0.002;0.353 0.018 0 0.123 0.004 0 0.004 0.108 0.001 0 0.005 0.036 0 0.001 0.007 0.191 0.007 0.004 0.001 0.032 0.001 0.001 0.004 0.058 0.002 0.004 0.013 0 0.001 0.007 0.002 0.002 0 0.007 0.001 0.002;
0.364 0.01 0 0.183 0.011 0.007 0.003 0.02 0.004 0.004 0.015 0.021 0.002 0.001 0.007 0.089 0.004 0 0.003 0.025 0.005 0.001 0.003 0.006 0.003 0.003 0.004 0.002 0.005 0.003 0.007 0.075 0 0 0.006 0.104;0.364 0.01 0 0.015 0.021 0.002 0.001 0.004 0.002 0.005 0.183 0.011 0.007 0.003 0.007 0.089 0.004 0 0.003 0.007 0.075 0 0.003 0.003 0.003 0.006 0.02 0.004 0.004 0.003 0.025 0.005 0.001 0 0.006 0.104;0.364 0.015 0.004 0.183 0.007 0.003 0.003 0.02 0.003 0 0.01 0.021 0.002 0.001 0.011 0.089 0.007 0.003 0.004 0.025 0.006 0.001 0.003 0.006 0 0 0 0.002 0.005 0.007 0.004 0.075 0.003 0.004 0.005 0.104;
0.343 0.011 0.001 0.077 0.004 0.002 0.002 0.141 0.007 0.002 0.007 0.017 0.001 0.001 0.006 0.117 0.001 0.001 0.002 0.017 0.005 0 0 0.037 0.001 0.004 0.009 0.002 0.046 0 0.003 0.026 0.003 0.003 0.001 0.1;0.343 0.011 0.001 0.007 0.017 0.001 0.001 0.009 0.002 0.046 0.077 0.004 0.002 0.002 0.006 0.117 0.001 0.001 0 0.003 0.026 0.003 0 0.004 0.001 0.037 0.141 0.007 0.002 0.002 0.017 0.005 0 0.003 0.001 0.1;0.343 0.007 0.009 0.077 0.006 0 0 0.141 0.002 0.003 0.011 0.017 0.002 0.001 0.004 0.117 0.003 0.004 0.007 0.017 0.001 0 0.002 0.037 0.003 0.001 0.001 0.001 0.046 0.002 0.001 0.026 0.001 0.002 0.005 0.1;
0.355 0.006 0.009 0.119 0.014 0.003 0.004 0.103 0.004 0.001 0.014 0.037 0.001 0.001 0.002 0.187 0.001 0.007 0.002 0.033 0.004 0.002 0.005 0.045 0 0 0.001 0 0.007 0 0.004 0.004 0.002 0.001 0.001 0.021;0.355 0.006 0.009 0.014 0.037 0.001 0.001 0.001 0 0.007 0.119 0.014 0.003 0.004 0.002 0.187 0.001 0.007 0 0.004 0.004 0.002 0.005 0 0 0.045 0.103 0.004 0.001 0.002 0.033 0.004 0.002 0.001 0.001 0.021;0.355 0.014 0.001 0.119 0.002 0 0.005 0.103 0.002 0.001 0.006 0.037 0 0.001 0.014 0.187 0.004 0 0.004 0.033 0.001 0.002 0.004 0.045 0.002 0.007 0.009 0.001 0.007 0.003 0.001 0.004 0 0.001 0.004 0.021;
0.326 0.005 0.005 0.154 0.008 0.005 0 0.049 0.003 0.007 0.008 0.043 0.001 0.004 0.002 0.149 0.002 0.006 0.001 0.04 0.002 0.001 0.002 0.018 0 0.004 0.005 0.002 0.011 0.002 0.002 0.049 0 0.002 0.003 0.079;0.326 0.005 0.005 0.008 0.043 0.001 0.004 0.005 0.002 0.011 0.154 0.008 0.005 0 0.002 0.149 0.002 0.006 0.002 0.002 0.049 0 0.002 0.004 0 0.018 0.049 0.003 0.007 0.001 0.04 0.002 0.001 0.002 0.003 0.079;0.326 0.008 0.005 0.154 0.002 0.002 0.002 0.049 0.001 0.002 0.005 0.043 0.002 0.004 0.008 0.149 0.002 0.004 0.003 0.04 0.003 0.001 0 0.018 0 0.006 0.005 0.001 0.011 0.005 0.002 0.049 0 0.007 0.002 0.079;
0.325 0.005 0.009 0.143 0.012 0.005 0.001 0.089 0.001 0.011 0.007 0.039 0.001 0 0.004 0.167 0.001 0.002 0 0.033 0.003 0.002 0.003 0.034 0 0.006 0.007 0.001 0.011 0.003 0.001 0.018 0 0.004 0 0.052;0.325 0.005 0.009 0.007 0.039 0.001 0 0.007 0.001 0.011 0.143 0.012 0.005 0.001 0.004 0.167 0.001 0.002 0.003 0.001 0.018 0 0.003 0.006 0 0.034 0.089 0.001 0.011 0 0.033 0.003 0.002 0.004 0 0.052;0.325 0.007 0.007 0.143 0.004 0.003 0.003 0.089 0 0.004 0.005 0.039 0.001 0 0.012 0.167 0.001 0.006 0.001 0.033 0 0.002 0.001 0.034 0 0.002 0.009 0.001 0.011 0.005 0.001 0.018 0 0.011 0.003 0.052;
0.368 0.004 0.008 0.193 0.008 0.004 0 0.038 0.003 0.003 0.009 0.042 0 0.005 0.001 0.161 0.001 0.006 0 0.05 0.004 0.001 0 0.012 0.001 0.005 0.007 0 0.004 0.005 0.001 0.018 0.001 0.002 0 0.035;0.368 0.004 0.008 0.009 0.042 0 0.005 0.007 0 0.004 0.193 0.008 0.004 0 0.001 0.161 0.001 0.006 0.005 0.001 0.018 0.001 0 0.005 0.001 0.012 0.038 0.003 0.003 0 0.05 0.004 0.001 0.002 0 0.035;0.368 0.009 0.007 0.193 0.001 0.005 0 0.038 0 0.002 0.004 0.042 0 0.005 0.008 0.161 0.001 0.005 0.003 0.05 0 0.001 0 0.012 0.001 0.006 0.008 0 0.004 0.004 0.001 0.018 0.001 0.003 0.004 0.035;
0.332 0.007 0.008 0.195 0.009 0.011 0.001 0.035 0.002 0.006 0 0.023 0 0.002 0.002 0.083 0 0.003 0.001 0.024 0.002 0.003 0.001 0.013 0.001 0.002 0.011 0.001 0.017 0.008 0.001 0.064 0 0.001 0.002 0.129;0.332 0.007 0.008 0 0.023 0 0.002 0.011 0.001 0.017 0.195 0.009 0.011 0.001 0.002 0.083 0 0.003 0.008 0.001 0.064 0 0.001 0.002 0.001 0.013 0.035 0.002 0.006 0.001 0.024 0.002 0.003 0.001 0.002 0.129;0.332 0 0.011 0.195 0.002 0.008 0.001 0.035 0.001 0.001 0.007 0.023 0.001 0.002 0.009 0.083 0.001 0.002 0.002 0.024 0.002 0.003 0.001 0.013 0 0.003 0.008 0 0.017 0.011 0 0.064 0.001 0.006 0.002 0.129;
0.37 0.012 0.01 0.133 0.006 0.004 0.001 0.089 0.003 0.01 0.002 0.01 0 0 0 0.038 0.002 0 0 0.01 0 0 0 0.01 0 0.003 0.013 0 0.043 0.008 0.009 0.059 0.001 0.004 0.003 0.147;0.37 0.012 0.01 0.002 0.01 0 0 0.013 0 0.043 0.133 0.006 0.004 0.001 0 0.038 0.002 0 0.008 0.009 0.059 0.001 0 0.003 0 0.01 0.089 0.003 0.01 0 0.01 0 0 0.004 0.003 0.147;0.37 0.002 0.013 0.133 0 0.008 0 0.089 0 0.004 0.012 0.01 0 0 0.006 0.038 0.009 0.003 0.003 0.01 0.003 0 0.001 0.01 0.001 0 0.01 0 0.043 0.004 0.002 0.059 0 0.01 0 0.147;
0.368 0.006 0.003 0.052 0.01 0 0.003 0.151 0.005 0.005 0.006 0.019 0 0 0.005 0.19 0.004 0.005 0.001 0.012 0.002 0 0.002 0.078 0 0.006 0.007 0 0.009 0.001 0.002 0.007 0.001 0.003 0.001 0.036;0.368 0.006 0.003 0.006 0.019 0 0 0.007 0 0.009 0.052 0.01 0 0.003 0.005 0.19 0.004 0.005 0.001 0.002 0.007 0.001 0.002 0.006 0 0.078 0.151 0.005 0.005 0.001 0.012 0.002 0 0.003 0.001 0.036;0.368 0.006 0.007 0.052 0.005 0.001 0.002 0.151 0.001 0.003 0.006 0.019 0 0 0.01 0.19 0.002 0.006 0.005 0.012 0.001 0 0.003 0.078 0.001 0.005 0.003 0 0.009 0 0.004 0.007 0 0.005 0.002 0.036;
0.361 0 0.017 0.056 0.007 0.003 0.001 0.143 0 0.013 0.002 0.01 0.001 0.001 0 0.121 0 0.004 0 0.019 0 0.001 0 0.059 0 0.007 0.013 0 0.042 0.002 0.001 0.016 0.001 0.007 0 0.092;0.361 0 0.017 0.002 0.01 0.001 0.001 0.013 0 0.042 0.056 0.007 0.003 0.001 0 0.121 0 0.004 0.002 0.001 0.016 0.001 0 0.007 0 0.059 0.143 0 0.013 0 0.019 0 0.001 0.007 0 0.092;0.361 0.002 0.013 0.056 0 0.002 0 0.143 0 0.007 0 0.01 0 0.001 0.007 0.121 0.001 0.007 0 0.019 0 0.001 0.001 0.059 0.001 0.004 0.017 0.001 0.042 0.003 0 0.016 0 0.013 0 0.092;
0.39 0.006 0.005 0.069 0.013 0.001 0.004 0.119 0.001 0.01 0.007 0.02 0.002 0 0.001 0.199 0.002 0.004 0.003 0.025 0.001 0.001 0.001 0.069 0.001 0.007 0.005 0 0.007 0.001 0 0.005 0.001 0.002 0.001 0.017;0.39 0.006 0.005 0.007 0.02 0.002 0 0.005 0 0.007 0.069 0.013 0.001 0.004 0.001 0.199 0.002 0.004 0.001 0 0.005 0.001 0.001 0.007 0.001 0.069 0.119 0.001 0.01 0.003 0.025 0.001 0.001 0.002 0.001 0.017;0.39 0.007 0.005 0.069 0.001 0.001 0.001 0.119 0.003 0.002 0.006 0.02 0 0 0.013 0.199 0 0.007 0.001 0.025 0.001 0.001 0.004 0.069 0.001 0.004 0.005 0.002 0.007 0.001 0.002 0.005 0.001 0.01 0.001 0.017;
0.355 0 0.016 0.129 0.002 0.005 0.001 0.09 0 0.012 0.004 0.015 0 0.003 0.001 0.104 0 0.003 0.001 0.026 0 0.001 0.001 0.029 0.002 0.004 0.007 0.001 0.027 0.008 0.001 0.032 0.002 0.007 0 0.111;0.355 0 0.016 0.004 0.015 0 0.003 0.007 0.001 0.027 0.129 0.002 0.005 0.001 0.001 0.104 0 0.003 0.008 0.001 0.032 0.002 0.001 0.004 0.002 0.029 0.09 0 0.012 0.001 0.026 0 0.001 0.007 0 0.111;0.355 0.004 0.007 0.129 0.001 0.008 0.001 0.09 0.001 0.007 0 0.015 0.001 0.003 0.002 0.104 0.001 0.004 0 0.026 0 0.001 0.001 0.029 0.002 0.003 0.016 0 0.027 0.005 0 0.032 0.002 0.012 0 0.111;
0.352 0.01 0.006 0.064 0.009 0.001 0.001 0.149 0.002 0.005 0.01 0.013 0.001 0 0.002 0.169 0.002 0.002 0.006 0.013 0.002 0.002 0.001 0.076 0 0.006 0 0.001 0.022 0 0.003 0.01 0.001 0 0.004 0.055;0.352 0.01 0.006 0.01 0.013 0.001 0 0 0.001 0.022 0.064 0.009 0.001 0.001 0.002 0.169 0.002 0.002 0 0.003 0.01 0.001 0.001 0.006 0 0.076 0.149 0.002 0.005 0.006 0.013 0.002 0.002 0 0.004 0.055;0.352 0.01 0 0.064 0.002 0 0.001 0.149 0.006 0 0.01 0.013 0.001 0 0.009 0.169 0.003 0.006 0.002 0.013 0.004 0.002 0.001 0.076 0.001 0.002 0.006 0.001 0.022 0.001 0.002 0.01 0 0.005 0.002 0.055;
0.361 0.017 0.003 0.184 0.006 0.007 0.002 0.014 0.003 0.003 0.005 0.033 0.002 0.002 0.003 0.137 0.001 0 0.001 0.032 0 0.001 0.001 0.007 0.001 0.008 0.011 0.001 0.003 0.01 0.003 0.057 0.002 0.001 0.003 0.075;0.361 0.017 0.003 0.005 0.033 0.002 0.002 0.011 0.001 0.003 0.184 0.006 0.007 0.002 0.003 0.137 0.001 0 0.01 0.003 0.057 0.002 0.001 0.008 0.001 0.007 0.014 0.003 0.003 0.001 0.032 0 0.001 0.001 0.003 0.075;0.361 0.005 0.011 0.184 0.003 0.01 0.001 0.014 0.001 0.001 0.017 0.033 0.001 0.002 0.006 0.137 0.003 0.008 0.003 0.032 0.003 0.001 0.002 0.007 0.002 0 0.003 0.002 0.003 0.007 0.001 0.057 0.001 0.003 0 0.075;
0.347 0.004 0.009 0.127 0.013 0.002 0.003 0.092 0.001 0.006 0.013 0.015 0.001 0.001 0.004 0.099 0.001 0.003 0.006 0.016 0.004 0.001 0.003 0.029 0 0.001 0.003 0 0.028 0.001 0.005 0.044 0.001 0.004 0 0.113;0.347 0.004 0.009 0.013 0.015 0.001 0.001 0.003 0 0.028 0.127 0.013 0.002 0.003 0.004 0.099 0.001 0.003 0.001 0.005 0.044 0.001 0.003 0.001 0 0.029 0.092 0.001 0.006 0.006 0.016 0.004 0.001 0.004 0 0.113;0.347 0.013 0.003 0.127 0.004 0.001 0.003 0.092 0.006 0.004 0.004 0.015 0 0.001 0.013 0.099 0.005 0.001 0.001 0.016 0 0.001 0.003 0.029 0.001 0.003 0.009 0.001 0.028 0.002 0.001 0.044 0 0.006 0.004 0.113;
0.347 0.013 0.003 0.069 0.01 0.001 0.004 0.134 0.007 0.002 0.018 0.021 0.003 0 0.007 0.181 0 0 0.006 0.016 0.005 0 0.004 0.076 0 0.001 0.001 0 0.012 0 0.006 0.007 0.001 0 0.003 0.042;0.347 0.013 0.003 0.018 0.021 0.003 0 0.001 0 0.012 0.069 0.01 0.001 0.004 0.007 0.181 0 0 0 0.006 0.007 0.001 0.004 0.001 0 0.076 0.134 0.007 0.002 0.006 0.016 0.005 0 0 0.003 0.042;0.347 0.018 0.001 0.069 0.007 0 0.004 0.134 0.006 0 0.013 0.021 0 0 0.01 0.181 0.006 0.001 0.007 0.016 0.003 0 0.004 0.076 0.001 0 0.003 0.003 0.012 0.001 0 0.007 0 0.002 0.005 0.042;
0.347 0.007 0.002 0.144 0.003 0.005 0.003 0.102 0.004 0.016 0.006 0.011 0 0 0.005 0.061 0.003 0 0.002 0.013 0.004 0 0.002 0.012 0.001 0.003 0.007 0.002 0.039 0 0.001 0.054 0.001 0.002 0.003 0.135;0.347 0.007 0.002 0.006 0.011 0 0 0.007 0.002 0.039 0.144 0.003 0.005 0.003 0.005 0.061 0.003 0 0 0.001 0.054 0.001 0.002 0.003 0.001 0.012 0.102 0.004 0.016 0.002 0.013 0.004 0 0.002 0.003 0.135;0.347 0.006 0.007 0.144 0.005 0 0.002 0.102 0.002 0.002 0.007 0.011 0.002 0 0.003 0.061 0.001 0.003 0.004 0.013 0.003 0 0.003 0.012 0.001 0 0.002 0 0.039 0.005 0.003 0.054 0.001 0.016 0.004 0.135;
0.374 0.005 0.005 0.19 0.005 0.016 0.005 0.016 0.002 0.009 0.003 0.017 0 0.002 0.004 0.082 0 0.003 0.001 0.022 0 0.001 0.001 0.005 0 0.004 0.013 0.001 0.012 0.008 0.002 0.059 0.001 0.001 0 0.131;0.374 0.005 0.005 0.003 0.017 0 0.002 0.013 0.001 0.012 0.19 0.005 0.016 0.005 0.004 0.082 0 0.003 0.008 0.002 0.059 0.001 0.001 0.004 0 0.005 0.016 0.002 0.009 0.001 0.022 0 0.001 0.001 0 0.131;0.374 0.003 0.013 0.19 0.004 0.008 0.001 0.016 0.001 0.001 0.005 0.017 0.001 0.002 0.005 0.082 0.002 0.004 0.002 0.022 0 0.001 0.005 0.005 0.001 0.003 0.005 0 0.012 0.016 0 0.059 0 0.009 0 0.131;
0.374 0.006 0.005 0.19 0.003 0.009 0 0.019 0.001 0.007 0.001 0.058 0 0.008 0.002 0.213 0.002 0.003 0.001 0.051 0 0.005 0 0.008 0 0.003 0.013 0 0 0.004 0.001 0.002 0 0.001 0.001 0.009;0.374 0.006 0.005 0.001 0.058 0 0.008 0.013 0 0 0.19 0.003 0.009 0 0.002 0.213 0.002 0.003 0.004 0.001 0.002 0 0 0.003 0 0.008 0.019 0.001 0.007 0.001 0.051 0 0.005 0.001 0.001 0.009;0.374 0.001 0.013 0.19 0.002 0.004 0 0.019 0.001 0.001 0.006 0.058 0 0.008 0.003 0.213 0.001 0.003 0.001 0.051 0.001 0.005 0 0.008 0 0.003 0.005 0 0 0.009 0.002 0.002 0 0.007 0 0.009;
0.358 0.003 0.009 0.051 0.006 0.002 0.004 0.157 0.003 0.011 0.01 0.01 0.003 0.001 0.002 0.156 0 0.003 0.002 0.01 0.004 0 0 0.063 0 0.002 0.009 0 0.036 0 0.006 0.009 0 0.004 0 0.066;0.358 0.003 0.009 0.01 0.01 0.003 0.001 0.009 0 0.036 0.051 0.006 0.002 0.004 0.002 0.156 0 0.003 0 0.006 0.009 0 0 0.002 0 0.063 0.157 0.003 0.011 0.002 0.01 0.004 0 0.004 0 0.066;0.358 0.01 0.009 0.051 0.002 0 0 0.157 0.002 0.004 0.003 0.01 0 0.001 0.006 0.156 0.006 0.002 0.003 0.01 0 0 0.004 0.063 0 0.003 0.009 0.003 0.036 0.002 0 0.009 0 0.011 0.004 0.066;
0.362 0.007 0.003 0.149 0.006 0.005 0.002 0.055 0.001 0.01 0.005 0.039 0.001 0.002 0.002 0.18 0.001 0.001 0 0.036 0.003 0.001 0.004 0.024 0.002 0.015 0.005 0 0.015 0.002 0.002 0.016 0 0.003 0.001 0.04;0.362 0.007 0.003 0.005 0.039 0.001 0.002 0.005 0 0.015 0.149 0.006 0.005 0.002 0.002 0.18 0.001 0.001 0.002 0.002 0.016 0 0.004 0.015 0.002 0.024 0.055 0.001 0.01 0 0.036 0.003 0.001 0.003 0.001 0.04;0.362 0.005 0.005 0.149 0.002 0.002 0.004 0.055 0 0.003 0.007 0.039 0 0.002 0.006 0.18 0.002 0.015 0.001 0.036 0.001 0.001 0.002 0.024 0 0.001 0.003 0.001 0.015 0.005 0.001 0.016 0.002 0.01 0.003 0.04;
0.355 0.011 0.002 0.149 0.01 0.002 0.004 0.068 0.005 0.005 0.008 0.036 0.003 0.001 0.006 0.158 0.006 0.001 0.001 0.025 0.003 0.001 0.002 0.034 0.001 0.004 0.006 0 0.006 0.001 0.003 0.029 0.001 0.002 0.002 0.049;0.355 0.011 0.002 0.008 0.036 0.003 0.001 0.006 0 0.006 0.149 0.01 0.002 0.004 0.006 0.158 0.006 0.001 0.001 0.003 0.029 0.001 0.002 0.004 0.001 0.034 0.068 0.005 0.005 0.001 0.025 0.003 0.001 0.002 0.002 0.049;0.355 0.008 0.006 0.149 0.006 0.001 0.002 0.068 0.001 0.002 0.011 0.036 0 0.001 0.01 0.158 0.003 0.004 0.005 0.025 0.002 0.001 0.004 0.034 0.001 0.001 0.002 0.003 0.006 0.002 0.006 0.029 0.001 0.005 0.003 0.049;
0.366 0.005 0.011 0.157 0.012 0.006 0.001 0.05 0.005 0.002 0.007 0.038 0.001 0.003 0.006 0.219 0.003 0.006 0.002 0.047 0.004 0.001 0.002 0.021 0 0.005 0 0 0 0 0.004 0.003 0 0.001 0.001 0.011;0.366 0.005 0.011 0.007 0.038 0.001 0.003 0 0 0 0.157 0.012 0.006 0.001 0.006 0.219 0.003 0.006 0 0.004 0.003 0 0.002 0.005 0 0.021 0.05 0.005 0.002 0.002 0.047 0.004 0.001 0.001 0.001 0.011;0.366 0.007 0 0.157 0.006 0 0.002 0.05 0.002 0.001 0.005 0.038 0 0.003 0.012 0.219 0.004 0.005 0.005 0.047 0.001 0.001 0.001 0.021 0 0.006 0.011 0.001 0 0.006 0.003 0.003 0 0.002 0.004 0.011;
0.36 0.013 0 0.184 0.015 0.001 0.003 0.015 0.005 0.002 0.011 0.049 0.001 0 0.004 0.146 0.005 0 0.001 0.039 0.005 0 0.005 0.01 0 0.001 0.005 0.002 0.004 0.002 0.003 0.036 0.001 0 0.001 0.071;0.36 0.013 0 0.011 0.049 0.001 0 0.005 0.002 0.004 0.184 0.015 0.001 0.003 0.004 0.146 0.005 0 0.002 0.003 0.036 0.001 0.005 0.001 0 0.01 0.015 0.005 0.002 0.001 0.039 0.005 0 0 0.001 0.071;0.36 0.011 0.005 0.184 0.004 0.002 0.005 0.015 0.001 0 0.013 0.049 0.002 0 0.015 0.146 0.003 0.001 0.005 0.039 0.001 0 0.003 0.01 0.001 0 0 0.001 0.004 0.001 0.005 0.036 0 0.002 0.005 0.071;
0.371 0.007 0.007 0.198 0.002 0.008 0.001 0.001 0 0.009 0.003 0.062 0 0.002 0.004 0.185 0.001 0.004 0.001 0.05 0 0.004 0 0 0 0.009 0.014 0 0 0.007 0.001 0.017 0 0 0.001 0.031;0.371 0.007 0.007 0.003 0.062 0 0.002 0.014 0 0 0.198 0.002 0.008 0.001 0.004 0.185 0.001 0.004 0.007 0.001 0.017 0 0 0.009 0 0 0.001 0 0.009 0.001 0.05 0 0.004 0 0.001 0.031;0.371 0.003 0.014 0.198 0.004 0.007 0 0.001 0.001 0 0.007 0.062 0 0.002 0.002 0.185 0.001 0.009 0 0.05 0.001 0.004 0.001 0 0 0.004 0.007 0 0 0.008 0.001 0.017 0 0.009 0 0.031;
0.353 0.008 0.007 0.186 0.008 0.003 0.001 0.033 0.003 0.006 0.014 0.05 0 0.002 0.002 0.143 0.001 0.002 0.002 0.041 0.002 0 0.003 0.01 0 0.002 0 0.001 0.005 0 0.002 0.037 0.002 0 0 0.071;0.353 0.008 0.007 0.014 0.05 0 0.002 0 0.001 0.005 0.186 0.008 0.003 0.001 0.002 0.143 0.001 0.002 0 0.002 0.037 0.002 0.003 0.002 0 0.01 0.033 0.003 0.006 0.002 0.041 0.002 0 0 0 0.071;0.353 0.014 0 0.186 0.002 0 0.003 0.033 0.002 0 0.008 0.05 0.001 0.002 0.008 0.143 0.002 0.002 0.003 0.041 0 0 0.001 0.01 0.002 0.002 0.007 0 0.005 0.003 0.001 0.037 0 0.006 0.002 0.071;
0.388 0.003 0.007 0.107 0.008 0 0.003 0.095 0.005 0.008 0.01 0.025 0 0 0.002 0.125 0.001 0.003 0.001 0.024 0.001 0.003 0.001 0.034 0 0.004 0.001 0.001 0.016 0.005 0.001 0.025 0.001 0 0.002 0.09;0.388 0.003 0.007 0.01 0.025 0 0 0.001 0.001 0.016 0.107 0.008 0 0.003 0.002 0.125 0.001 0.003 0.005 0.001 0.025 0.001 0.001 0.004 0 0.034 0.095 0.005 0.008 0.001 0.024 0.001 0.003 0 0.002 0.09;0.388 0.01 0.001 0.107 0.002 0.005 0.001 0.095 0.001 0 0.003 0.025 0.001 0 0.008 0.125 0.001 0.004 0.005 0.024 0.002 0.003 0.003 0.034 0.001 0.003 0.007 0 0.016 0 0.001 0.025 0 0.008 0.001 0.09;
0.348 0.003 0.009 0.118 0.006 0.008 0.002 0.092 0.003 0.003 0.001 0.024 0 0.002 0.002 0.154 0.001 0.002 0 0.03 0.003 0.004 0 0.038 0.001 0.009 0.011 0 0.023 0.004 0.003 0.025 0 0.003 0 0.068;0.348 0.003 0.009 0.001 0.024 0 0.002 0.011 0 0.023 0.118 0.006 0.008 0.002 0.002 0.154 0.001 0.002 0.004 0.003 0.025 0 0 0.009 0.001 0.038 0.092 0.003 0.003 0 0.03 0.003 0.004 0.003 0 0.068;0.348 0.001 0.011 0.118 0.002 0.004 0 0.092 0 0.003 0.003 0.024 0 0.002 0.006 0.154 0.003 0.009 0.003 0.03 0 0.004 0.002 0.038 0 0.002 0.009 0 0.023 0.008 0.001 0.025 0.001 0.003 0.003 0.068;
0.4 0.008 0.009 0.1 0.005 0.006 0.001 0.129 0.001 0.007 0.001 0.002 0 0.001 0.001 0.007 0 0 0.002 0 0.003 0 0 0.001 0.001 0.001 0.008 0 0.055 0.006 0.005 0.042 0 0.004 0.005 0.189;0.4 0.008 0.009 0.001 0.002 0 0.001 0.008 0 0.055 0.1 0.005 0.006 0.001 0.001 0.007 0 0 0.006 0.005 0.042 0 0 0.001 0.001 0.001 0.129 0.001 0.007 0.002 0 0.003 0 0.004 0.005 0.189;0.4 0.001 0.008 0.1 0.001 0.006 0 0.129 0.002 0.004 0.008 0.002 0 0.001 0.005 0.007 0.005 0.001 0.001 0 0.005 0 0.001 0.001 0 0 0.009 0 0.055 0.006 0 0.042 0.001 0.007 0.003 0.189;
0.357 0 0.01 0.118 0.006 0.005 0.004 0.088 0 0.015 0.004 0.024 0 0.002 0.001 0.178 0.001 0.006 0.001 0.03 0 0.003 0.001 0.053 0.001 0.007 0.004 0 0.012 0.004 0.004 0.018 0 0.003 0 0.04;0.357 0 0.01 0.004 0.024 0 0.002 0.004 0 0.012 0.118 0.006 0.005 0.004 0.001 0.178 0.001 0.006 0.004 0.004 0.018 0 0.001 0.007 0.001 0.053 0.088 0 0.015 0.001 0.03 0 0.003 0.003 0 0.04;0.357 0.004 0.004 0.118 0.001 0.004 0.001 0.088 0.001 0.003 0 0.024 0 0.002 0.006 0.178 0.004 0.007 0 0.03 0 0.003 0.004 0.053 0 0.006 0.01 0 0.012 0.005 0.001 0.018 0.001 0.015 0 0.04;
0.356 0.002 0.009 0.176 0.009 0.006 0 0.043 0.004 0.006 0.006 0.04 0 0.002 0.003 0.163 0 0.008 0 0.045 0.002 0.002 0.001 0.007 0 0.004 0.02 0 0.007 0.006 0.002 0.018 0.001 0.004 0.001 0.047;0.356 0.002 0.009 0.006 0.04 0 0.002 0.02 0 0.007 0.176 0.009 0.006 0 0.003 0.163 0 0.008 0.006 0.002 0.018 0.001 0.001 0.004 0 0.007 0.043 0.004 0.006 0 0.045 0.002 0.002 0.004 0.001 0.047;0.356 0.006 0.02 0.176 0.003 0.006 0.001 0.043 0 0.004 0.002 0.04 0 0.002 0.009 0.163 0.002 0.004 0.004 0.045 0.001 0.002 0 0.007 0.001 0.008 0.009 0 0.007 0.006 0 0.018 0 0.006 0.002 0.047;
0.354 0.001 0.009 0.159 0.012 0.006 0 0.032 0.002 0.011 0.011 0.046 0 0 0.005 0.142 0 0.004 0.001 0.049 0.005 0.001 0.002 0.012 0 0.003 0.004 0 0.007 0.003 0.004 0.037 0.001 0.006 0.001 0.07;0.354 0.001 0.009 0.011 0.046 0 0 0.004 0 0.007 0.159 0.012 0.006 0 0.005 0.142 0 0.004 0.003 0.004 0.037 0.001 0.002 0.003 0 0.012 0.032 0.002 0.011 0.001 0.049 0.005 0.001 0.006 0.001 0.07;0.354 0.011 0.004 0.159 0.005 0.003 0.002 0.032 0.001 0.006 0.001 0.046 0 0 0.012 0.142 0.004 0.003 0.002 0.049 0.001 0.001 0 0.012 0.001 0.004 0.009 0 0.007 0.006 0 0.037 0 0.011 0.005 0.07;
0.347 0.007 0.008 0.199 0.011 0.009 0.003 0.011 0.001 0.004 0.011 0.031 0.001 0 0.008 0.16 0.001 0.009 0 0.045 0.002 0.001 0.004 0.006 0.002 0.003 0.001 0.002 0.009 0 0.004 0.04 0.001 0.003 0 0.056;0.347 0.007 0.008 0.011 0.031 0.001 0 0.001 0.002 0.009 0.199 0.011 0.009 0.003 0.008 0.16 0.001 0.009 0 0.004 0.04 0.001 0.004 0.003 0.002 0.006 0.011 0.001 0.004 0 0.045 0.002 0.001 0.003 0 0.056;0.347 0.011 0.001 0.199 0.008 0 0.004 0.011 0 0.003 0.007 0.031 0.002 0 0.011 0.16 0.004 0.003 0.001 0.045 0 0.001 0.003 0.006 0.001 0.009 0.008 0.001 0.009 0.009 0.001 0.04 0.002 0.004 0.002 0.056;
0.379 0.009 0.003 0.073 0.009 0 0.004 0.142 0.003 0.005 0.014 0.003 0.005 0 0.002 0.031 0 0 0.007 0.002 0.008 0 0 0.014 0 0.002 0.003 0.002 0.071 0 0.007 0.032 0.001 0.003 0.001 0.165;0.379 0.009 0.003 0.014 0.003 0.005 0 0.003 0.002 0.071 0.073 0.009 0 0.004 0.002 0.031 0 0 0 0.007 0.032 0.001 0 0.002 0 0.014 0.142 0.003 0.005 0.007 0.002 0.008 0 0.003 0.001 0.165;0.379 0.014 0.003 0.073 0.002 0 0 0.142 0.007 0.003 0.009 0.003 0.002 0 0.009 0.031 0.007 0.002 0.003 0.002 0.001 0 0.004 0.014 0.001 0 0.003 0.005 0.071 0 0 0.032 0 0.005 0.008 0.165;
0.366 0.004 0.016 0.082 0.003 0.001 0.004 0.118 0.002 0.008 0.001 0.02 0 0.001 0 0.16 0 0.004 0.001 0.023 0.001 0.001 0.002 0.067 0 0.006 0.008 0 0.022 0.005 0.001 0.015 0 0.004 0 0.054;0.366 0.004 0.016 0.001 0.02 0 0.001 0.008 0 0.022 0.082 0.003 0.001 0.004 0 0.16 0 0.004 0.005 0.001 0.015 0 0.002 0.006 0 0.067 0.118 0.002 0.008 0.001 0.023 0.001 0.001 0.004 0 0.054;0.366 0.001 0.008 0.082 0 0.005 0.002 0.118 0.001 0.004 0.004 0.02 0 0.001 0.003 0.16 0.001 0.006 0.002 0.023 0 0.001 0.004 0.067 0 0.004 0.016 0 0.022 0.001 0 0.015 0 0.008 0.001 0.054;
0.369 0.004 0.003 0.137 0.01 0.001 0.004 0.069 0.001 0.003 0.008 0.042 0 0 0.005 0.176 0.001 0.007 0.002 0.045 0.002 0 0.002 0.043 0 0.012 0.003 0.001 0.009 0.002 0.001 0.016 0 0.001 0 0.021;0.369 0.004 0.003 0.008 0.042 0 0 0.003 0.001 0.009 0.137 0.01 0.001 0.004 0.005 0.176 0.001 0.007 0.002 0.001 0.016 0 0.002 0.012 0 0.043 0.069 0.001 0.003 0.002 0.045 0.002 0 0.001 0 0.021;0.369 0.008 0.003 0.137 0.005 0.002 0.002 0.069 0.002 0.001 0.004 0.042 0.001 0 0.01 0.176 0.001 0.012 0.001 0.045 0 0 0.004 0.043 0 0.007 0.003 0 0.009 0.001 0.001 0.016 0 0.003 0.002 0.021;
0.333 0.001 0.003 0.097 0.004 0.01 0.004 0.129 0.001 0.01 0.008 0.038 0.001 0.002 0 0.209 0.001 0.007 0.002 0.029 0.004 0 0.003 0.074 0 0.008 0.009 0 0.001 0.001 0.002 0 0.001 0.002 0 0.006;0.333 0.001 0.003 0.008 0.038 0.001 0.002 0.009 0 0.001 0.097 0.004 0.01 0.004 0 0.209 0.001 0.007 0.001 0.002 0 0.001 0.003 0.008 0 0.074 0.129 0.001 0.01 0.002 0.029 0.004 0 0.002 0 0.006;0.333 0.008 0.009 0.097 0 0.001 0.003 0.129 0.002 0.002 0.001 0.038 0 0.002 0.004 0.209 0.002 0.008 0.001 0.029 0 0 0.004 0.074 0.001 0.007 0.003 0.001 0.001 0.01 0.001 0 0 0.01 0.004 0.006;
0.325 0.008 0.003 0.142 0.012 0.002 0.002 0.093 0.003 0.008 0.005 0.033 0.002 0.003 0.009 0.2 0.001 0.003 0 0.042 0.001 0.002 0.003 0.042 0 0.005 0.01 0 0.006 0.001 0.002 0.009 0 0.002 0 0.021;0.325 0.008 0.003 0.005 0.033 0.002 0.003 0.01 0 0.006 0.142 0.012 0.002 0.002 0.009 0.2 0.001 0.003 0.001 0.002 0.009 0 0.003 0.005 0 0.042 0.093 0.003 0.008 0 0.042 0.001 0.002 0.002 0 0.021;0.325 0.005 0.01 0.142 0.009 0.001 0.003 0.093 0 0.002 0.008 0.033 0 0.003 0.012 0.2 0.002 0.005 0.003 0.042 0 0.002 0.002 0.042 0 0.003 0.003 0.002 0.006 0.002 0.001 0.009 0 0.008 0.001 0.021;
0.374 0.01 0.008 0.031 0.009 0 0.003 0.168 0.003 0.008 0.004 0.004 0.003 0.001 0.001 0.095 0 0.003 0.002 0.005 0.004 0.001 0 0.042 0 0.004 0.007 0 0.053 0 0.003 0.011 0.001 0.008 0.002 0.132;0.374 0.01 0.008 0.004 0.004 0.003 0.001 0.007 0 0.053 0.031 0.009 0 0.003 0.001 0.095 0 0.003 0 0.003 0.011 0.001 0 0.004 0 0.042 0.168 0.003 0.008 0.002 0.005 0.004 0.001 0.008 0.002 0.132;0.374 0.004 0.007 0.031 0.001 0 0 0.168 0.002 0.008 0.01 0.004 0 0.001 0.009 0.095 0.003 0.004 0.003 0.005 0.002 0.001 0.003 0.042 0.001 0.003 0.008 0.003 0.053 0 0 0.011 0 0.008 0.004 0.132;
0.34 0.01 0.004 0.149 0.004 0.005 0.003 0.062 0 0.008 0.012 0.041 0 0.001 0.004 0.174 0.003 0.005 0.001 0.034 0.004 0.002 0.001 0.018 0 0.003 0.004 0.001 0.008 0.001 0.006 0.025 0.001 0.003 0.004 0.059;0.34 0.01 0.004 0.012 0.041 0 0.001 0.004 0.001 0.008 0.149 0.004 0.005 0.003 0.004 0.174 0.003 0.005 0.001 0.006 0.025 0.001 0.001 0.003 0 0.018 0.062 0 0.008 0.001 0.034 0.004 0.002 0.003 0.004 0.059;0.34 0.012 0.004 0.149 0.004 0.001 0.001 0.062 0.001 0.003 0.01 0.041 0.001 0.001 0.004 0.174 0.006 0.003 0 0.034 0.004 0.002 0.003 0.018 0.001 0.005 0.004 0 0.008 0.005 0.003 0.025 0 0.008 0.004 0.059;
0.362 0.004 0.012 0.071 0.012 0.002 0.003 0.131 0.001 0.011 0.008 0.019 0.002 0 0.003 0.176 0 0.008 0.004 0.02 0.002 0 0 0.067 0.001 0.005 0.001 0 0.019 0.001 0.005 0.009 0.002 0.002 0.002 0.035;0.362 0.004 0.012 0.008 0.019 0.002 0 0.001 0 0.019 0.071 0.012 0.002 0.003 0.003 0.176 0 0.008 0.001 0.005 0.009 0.002 0 0.005 0.001 0.067 0.131 0.001 0.011 0.004 0.02 0.002 0 0.002 0.002 0.035;0.362 0.008 0.001 0.071 0.003 0.001 0 0.131 0.004 0.002 0.004 0.019 0 0 0.012 0.176 0.005 0.005 0.001 0.02 0.002 0 0.003 0.067 0.002 0.008 0.012 0.002 0.019 0.002 0 0.009 0.001 0.011 0.002 0.035;
0.385 0.012 0.002 0.091 0.01 0 0.005 0.109 0.002 0.001 0.008 0.013 0.002 0 0.002 0.154 0.002 0.004 0.003 0.015 0.001 0.001 0.002 0.059 0 0.002 0.005 0 0.018 0.001 0.002 0.022 0.001 0.002 0 0.064;0.385 0.012 0.002 0.008 0.013 0.002 0 0.005 0 0.018 0.091 0.01 0 0.005 0.002 0.154 0.002 0.004 0.001 0.002 0.022 0.001 0.002 0.002 0 0.059 0.109 0.002 0.001 0.003 0.015 0.001 0.001 0.002 0 0.064;0.385 0.008 0.005 0.091 0.002 0.001 0.002 0.109 0.003 0.002 0.012 0.013 0 0 0.01 0.154 0.002 0.002 0.002 0.015 0 0.001 0.005 0.059 0.001 0.004 0.002 0.002 0.018 0 0.002 0.022 0 0.001 0.001 0.064;
0.397 0.009 0.007 0.117 0.008 0.003 0.003 0.101 0.006 0.003 0.006 0.002 0.001 0 0.002 0.02 0 0 0 0.008 0.003 0 0.002 0.008 0.001 0.001 0.005 0.002 0.04 0.002 0.002 0.057 0.004 0.008 0.004 0.168;0.397 0.009 0.007 0.006 0.002 0.001 0 0.005 0.002 0.04 0.117 0.008 0.003 0.003 0.002 0.02 0 0 0.002 0.002 0.057 0.004 0.002 0.001 0.001 0.008 0.101 0.006 0.003 0 0.008 0.003 0 0.008 0.004 0.168;0.397 0.006 0.005 0.117 0.002 0.002 0.002 0.101 0 0.008 0.009 0.002 0.002 0 0.008 0.02 0.002 0.001 0.006 0.008 0.004 0 0.003 0.008 0.004 0 0.007 0.001 0.04 0.003 0 0.057 0.001 0.003 0.003 0.168;
0.362 0.009 0.003 0.128 0.003 0.001 0.001 0.094 0.007 0.006 0.004 0.021 0.002 0.001 0.002 0.105 0 0 0.001 0.024 0.002 0 0.002 0.021 0.001 0.001 0.007 0.003 0.026 0.008 0.002 0.047 0.001 0.004 0.002 0.099;0.362 0.009 0.003 0.004 0.021 0.002 0.001 0.007 0.003 0.026 0.128 0.003 0.001 0.001 0.002 0.105 0 0 0.008 0.002 0.047 0.001 0.002 0.001 0.001 0.021 0.094 0.007 0.006 0.001 0.024 0.002 0 0.004 0.002 0.099;0.362 0.004 0.007 0.128 0.002 0.008 0.002 0.094 0.001 0.004 0.009 0.021 0.003 0.001 0.003 0.105 0.002 0.001 0.007 0.024 0.002 0 0.001 0.021 0.001 0 0.003 0.002 0.026 0.001 0 0.047 0.001 0.006 0.002 0.099;
0.371 0.001 0.015 0.044 0.009 0.002 0.001 0.143 0 0.012 0.003 0.01 0.002 0.001 0.001 0.161 0 0.004 0.002 0.009 0 0.001 0 0.068 0 0.007 0.012 0 0.032 0.002 0.003 0.012 0.001 0.008 0 0.063;0.371 0.001 0.015 0.003 0.01 0.002 0.001 0.012 0 0.032 0.044 0.009 0.002 0.001 0.001 0.161 0 0.004 0.002 0.003 0.012 0.001 0 0.007 0 0.068 0.143 0 0.012 0.002 0.009 0 0.001 0.008 0 0.063;0.371 0.003 0.012 0.044 0.001 0.002 0 0.143 0.002 0.008 0.001 0.01 0 0.001 0.009 0.161 0.003 0.007 0 0.009 0 0.001 0.001 0.068 0.001 0.004 0.015 0.002 0.032 0.002 0 0.012 0 0.012 0 0.063;
0.407 0.007 0.009 0.076 0.01 0.001 0.002 0.134 0.003 0.009 0.002 0.013 0.001 0 0.002 0.188 0 0.006 0 0.02 0.002 0.002 0.001 0.058 0 0.007 0.024 0 0.003 0.001 0 0 0 0.007 0 0.005;0.407 0.007 0.009 0.002 0.013 0.001 0 0.024 0 0.003 0.076 0.01 0.001 0.002 0.002 0.188 0 0.006 0.001 0 0 0 0.001 0.007 0 0.058 0.134 0.003 0.009 0 0.02 0.002 0.002 0.007 0 0.005;0.407 0.002 0.024 0.076 0.002 0.001 0.001 0.134 0 0.007 0.007 0.013 0 0 0.01 0.188 0 0.007 0.003 0.02 0 0.002 0.002 0.058 0 0.006 0.009 0.001 0.003 0.001 0 0 0 0.009 0.002 0.005;
0.375 0.003 0.009 0.18 0.003 0.009 0.002 0.06 0.001 0.006 0.008 0.003 0.001 0 0 0.005 0 0 0 0 0.005 0.001 0 0 0 0 0.006 0 0.024 0.003 0.003 0.087 0.004 0.007 0.003 0.192;0.375 0.003 0.009 0.008 0.003 0.001 0 0.006 0 0.024 0.18 0.003 0.009 0.002 0 0.005 0 0 0.003 0.003 0.087 0.004 0 0 0 0 0.06 0.001 0.006 0 0 0.005 0.001 0.007 0.003 0.192;0.375 0.008 0.006 0.18 0 0.003 0 0.06 0 0.007 0.003 0.003 0 0 0.003 0.005 0.003 0 0.001 0 0.003 0.001 0.002 0 0.004 0 0.009 0.001 0.024 0.009 0 0.087 0 0.006 0.005 0.192;
0.341 0.012 0.002 0.199 0.013 0.001 0.001 0.024 0.004 0.006 0.007 0.037 0 0.001 0.004 0.147 0.001 0.002 0 0.037 0.002 0 0.002 0.013 0.004 0.002 0.008 0 0.005 0.008 0.005 0.036 0.001 0 0.001 0.074;0.341 0.012 0.002 0.007 0.037 0 0.001 0.008 0 0.005 0.199 0.013 0.001 0.001 0.004 0.147 0.001 0.002 0.008 0.005 0.036 0.001 0.002 0.002 0.004 0.013 0.024 0.004 0.006 0 0.037 0.002 0 0 0.001 0.074;0.341 0.007 0.008 0.199 0.004 0.008 0.002 0.024 0 0 0.012 0.037 0 0.001 0.013 0.147 0.005 0.002 0.004 0.037 0.001 0 0.001 0.013 0.001 0.002 0.002 0 0.005 0.001 0.001 0.036 0.004 0.006 0.002 0.074;
0.358 0.004 0.015 0.177 0.006 0.011 0.001 0.041 0.002 0.007 0.011 0.037 0 0.002 0.004 0.19 0 0.01 0.002 0.047 0.001 0.003 0.002 0.024 0 0.006 0.009 0.002 0.002 0.002 0.002 0.007 0 0 0.001 0.014;0.358 0.004 0.015 0.011 0.037 0 0.002 0.009 0.002 0.002 0.177 0.006 0.011 0.001 0.004 0.19 0 0.01 0.002 0.002 0.007 0 0.002 0.006 0 0.024 0.041 0.002 0.007 0.002 0.047 0.001 0.003 0 0.001 0.014;0.358 0.011 0.009 0.177 0.004 0.002 0.002 0.041 0.002 0 0.004 0.037 0.002 0.002 0.006 0.19 0.002 0.006 0.002 0.047 0.001 0.003 0.001 0.024 0 0.01 0.015 0 0.002 0.011 0 0.007 0 0.007 0.001 0.014;
0.352 0.006 0.007 0.181 0.008 0.005 0 0.035 0.003 0.017 0.008 0.023 0 0.002 0.003 0.135 0.001 0.002 0 0.028 0.004 0.002 0.002 0.019 0 0.003 0.005 0 0.011 0.003 0.003 0.049 0 0.002 0.001 0.08;0.352 0.006 0.007 0.008 0.023 0 0.002 0.005 0 0.011 0.181 0.008 0.005 0 0.003 0.135 0.001 0.002 0.003 0.003 0.049 0 0.002 0.003 0 0.019 0.035 0.003 0.017 0 0.028 0.004 0.002 0.002 0.001 0.08;0.352 0.008 0.005 0.181 0.003 0.003 0.002 0.035 0 0.002 0.006 0.023 0 0.002 0.008 0.135 0.003 0.003 0.003 0.028 0.001 0.002 0 0.019 0 0.002 0.007 0 0.011 0.005 0.001 0.049 0 0.017 0.004 0.08;
0.368 0 0.013 0.147 0.004 0.005 0.001 0.054 0.001 0.017 0.005 0.027 0 0.001 0.003 0.138 0.002 0.004 0 0.036 0 0.001 0.001 0.031 0 0.004 0.006 0.001 0.008 0.005 0.003 0.039 0.001 0 0.002 0.072;0.368 0 0.013 0.005 0.027 0 0.001 0.006 0.001 0.008 0.147 0.004 0.005 0.001 0.003 0.138 0.002 0.004 0.005 0.003 0.039 0.001 0.001 0.004 0 0.031 0.054 0.001 0.017 0 0.036 0 0.001 0 0.002 0.072;0.368 0.005 0.006 0.147 0.003 0.005 0.001 0.054 0 0 0 0.027 0.001 0.001 0.004 0.138 0.003 0.004 0.001 0.036 0.002 0.001 0.001 0.031 0.001 0.004 0.013 0 0.008 0.005 0.002 0.039 0 0.017 0 0.072;
0.358 0.01 0.004 0.087 0.012 0.002 0.002 0.107 0.002 0 0.01 0.016 0.001 0 0.003 0.15 0.005 0.002 0.001 0.009 0.005 0 0.002 0.044 0.001 0.002 0.001 0.001 0.026 0 0.006 0.028 0 0.001 0.005 0.097;0.358 0.01 0.004 0.01 0.016 0.001 0 0.001 0.001 0.026 0.087 0.012 0.002 0.002 0.003 0.15 0.005 0.002 0 0.006 0.028 0 0.002 0.002 0.001 0.044 0.107 0.002 0 0.001 0.009 0.005 0 0.001 0.005 0.097;0.358 0.01 0.001 0.087 0.003 0 0.002 0.107 0.001 0.001 0.01 0.016 0.001 0 0.012 0.15 0.006 0.002 0.002 0.009 0.005 0 0.002 0.044 0 0.002 0.004 0.001 0.026 0.002 0.005 0.028 0.001 0 0.005 0.097;
0.346 0.004 0.012 0.127 0.005 0.013 0.004 0.107 0.001 0.014 0.003 0.04 0 0 0.001 0.188 0.001 0.006 0.003 0.032 0.001 0.001 0.001 0.052 0 0.01 0.006 0 0.003 0.002 0.001 0.005 0 0.003 0 0.008;0.346 0.004 0.012 0.003 0.04 0 0 0.006 0 0.003 0.127 0.005 0.013 0.004 0.001 0.188 0.001 0.006 0.002 0.001 0.005 0 0.001 0.01 0 0.052 0.107 0.001 0.014 0.003 0.032 0.001 0.001 0.003 0 0.008;0.346 0.003 0.006 0.127 0.001 0.002 0.001 0.107 0.003 0.003 0.004 0.04 0 0 0.005 0.188 0.001 0.01 0.001 0.032 0 0.001 0.004 0.052 0 0.006 0.012 0 0.003 0.013 0.001 0.005 0 0.014 0.001 0.008;
0.354 0.006 0.005 0.189 0.007 0.004 0.001 0.033 0 0.01 0.007 0.061 0 0.005 0.004 0.188 0 0.004 0 0.059 0 0.004 0.001 0.014 0.002 0.011 0.005 0.001 0 0.004 0.002 0.006 0 0 0.001 0.012;0.354 0.006 0.005 0.007 0.061 0 0.005 0.005 0.001 0 0.189 0.007 0.004 0.001 0.004 0.188 0 0.004 0.004 0.002 0.006 0 0.001 0.011 0.002 0.014 0.033 0 0.01 0 0.059 0 0.004 0 0.001 0.012;0.354 0.007 0.005 0.189 0.004 0.004 0.001 0.033 0 0 0.006 0.061 0.001 0.005 0.007 0.188 0.002 0.011 0 0.059 0.001 0.004 0.001 0.014 0 0.004 0.005 0 0 0.004 0 0.006 0.002 0.01 0 0.012;
0.359 0.008 0.003 0.13 0.008 0.003 0.001 0.094 0 0.006 0.011 0.027 0.002 0 0.002 0.187 0.001 0.003 0.005 0.035 0.003 0 0.004 0.052 0 0.002 0.002 0.001 0.007 0.001 0.008 0.009 0.001 0 0.001 0.024;0.359 0.008 0.003 0.011 0.027 0.002 0 0.002 0.001 0.007 0.13 0.008 0.003 0.001 0.002 0.187 0.001 0.003 0.001 0.008 0.009 0.001 0.004 0.002 0 0.052 0.094 0 0.006 0.005 0.035 0.003 0 0 0.001 0.024;0.359 0.011 0.002 0.13 0.002 0.001 0.004 0.094 0.005 0 0.008 0.027 0.001 0 0.008 0.187 0.008 0.002 0 0.035 0.001 0 0.001 0.052 0.001 0.003 0.003 0.002 0.007 0.003 0.001 0.009 0 0.006 0.003 0.024;
0.354 0.002 0.015 0.165 0 0.007 0.001 0.045 0 0.013 0.008 0.02 0.001 0 0.001 0.094 0.003 0.005 0 0.018 0.003 0.001 0 0.007 0 0.005 0.015 0 0.022 0.002 0 0.065 0.001 0.004 0.001 0.122;0.354 0.002 0.015 0.008 0.02 0.001 0 0.015 0 0.022 0.165 0 0.007 0.001 0.001 0.094 0.003 0.005 0.002 0 0.065 0.001 0 0.005 0 0.007 0.045 0 0.013 0 0.018 0.003 0.001 0.004 0.001 0.122;0.354 0.008 0.015 0.165 0.001 0.002 0 0.045 0 0.004 0.002 0.02 0 0 0 0.094 0 0.005 0 0.018 0.001 0.001 0.001 0.007 0.001 0.005 0.015 0.001 0.022 0.007 0.003 0.065 0 0.013 0.003 0.122;
0.39 0.008 0.003 0.186 0.006 0.005 0.003 0.034 0.003 0.004 0.013 0.043 0.001 0.001 0.002 0.181 0.004 0.002 0.002 0.034 0.006 0.001 0.002 0.031 0 0.002 0.001 0 0.002 0.002 0.002 0.008 0.001 0 0.001 0.016;0.39 0.008 0.003 0.013 0.043 0.001 0.001 0.001 0 0.002 0.186 0.006 0.005 0.003 0.002 0.181 0.004 0.002 0.002 0.002 0.008 0.001 0.002 0.002 0 0.031 0.034 0.003 0.004 0.002 0.034 0.006 0.001 0 0.001 0.016;0.39 0.013 0.001 0.186 0.002 0.002 0.002 0.034 0.002 0 0.008 0.043 0 0.001 0.006 0.181 0.002 0.002 0.003 0.034 0.001 0.001 0.003 0.031 0.001 0.002 0.003 0.001 0.002 0.005 0.004 0.008 0 0.004 0.006 0.016;
0.373 0.009 0.012 0.105 0.011 0.004 0.001 0.106 0.001 0.008 0.003 0.016 0.001 0 0.001 0.1 0.001 0.005 0.001 0.02 0.003 0 0.003 0.024 0.001 0.006 0.006 0.002 0.026 0.007 0.006 0.026 0 0.006 0.002 0.104;0.373 0.009 0.012 0.003 0.016 0.001 0 0.006 0.002 0.026 0.105 0.011 0.004 0.001 0.001 0.1 0.001 0.005 0.007 0.006 0.026 0 0.003 0.006 0.001 0.024 0.106 0.001 0.008 0.001 0.02 0.003 0 0.006 0.002 0.104;0.373 0.003 0.006 0.105 0.001 0.007 0.003 0.106 0.001 0.006 0.009 0.016 0.002 0 0.011 0.1 0.006 0.006 0.001 0.02 0.002 0 0.001 0.024 0 0.005 0.012 0.001 0.026 0.004 0.001 0.026 0.001 0.008 0.003 0.104;
0.368 0.011 0.003 0.135 0.001 0.004 0.002 0.097 0.007 0.004 0.003 0.011 0 0 0 0.042 0.001 0.001 0.002 0.007 0.002 0.001 0 0.007 0 0 0.008 0 0.047 0.003 0.007 0.057 0.002 0.001 0.008 0.158;0.368 0.011 0.003 0.003 0.011 0 0 0.008 0 0.047 0.135 0.001 0.004 0.002 0 0.042 0.001 0.001 0.003 0.007 0.057 0.002 0 0 0 0.007 0.097 0.007 0.004 0.002 0.007 0.002 0.001 0.001 0.008 0.158;0.368 0.003 0.008 0.135 0 0.003 0 0.097 0.002 0.001 0.011 0.011 0 0 0.001 0.042 0.007 0 0.007 0.007 0.008 0.001 0.002 0.007 0.002 0.001 0.003 0 0.047 0.004 0.001 0.057 0 0.004 0.002 0.158;
0.376 0.008 0.006 0.208 0.012 0.003 0.002 0.005 0.001 0.011 0.005 0.035 0 0.006 0.005 0.146 0.003 0.004 0.001 0.031 0.005 0.002 0.006 0.001 0.002 0.001 0.004 0.001 0 0.004 0.001 0.042 0.002 0.001 0.003 0.057;0.376 0.008 0.006 0.005 0.035 0 0.006 0.004 0.001 0 0.208 0.012 0.003 0.002 0.005 0.146 0.003 0.004 0.004 0.001 0.042 0.002 0.006 0.001 0.002 0.001 0.005 0.001 0.011 0.001 0.031 0.005 0.002 0.001 0.003 0.057;0.376 0.005 0.004 0.208 0.005 0.004 0.006 0.005 0.001 0.001 0.008 0.035 0.001 0.006 0.012 0.146 0.001 0.001 0.001 0.031 0.003 0.002 0.002 0.001 0.002 0.004 0.006 0 0 0.003 0.003 0.042 0.002 0.011 0.005 0.057;
0.382 0.011 0.005 0.085 0.008 0.001 0.001 0.129 0.004 0.006 0.008 0.025 0.001 0.001 0.002 0.169 0.002 0.002 0.009 0.021 0.003 0 0.003 0.067 0 0.003 0.003 0.001 0.01 0.001 0.003 0.006 0 0 0.001 0.027;0.382 0.011 0.005 0.008 0.025 0.001 0.001 0.003 0.001 0.01 0.085 0.008 0.001 0.001 0.002 0.169 0.002 0.002 0.001 0.003 0.006 0 0.003 0.003 0 0.067 0.129 0.004 0.006 0.009 0.021 0.003 0 0 0.001 0.027;0.382 0.008 0.003 0.085 0.002 0.001 0.003 0.129 0.009 0 0.011 0.025 0.001 0.001 0.008 0.169 0.003 0.003 0.004 0.021 0.001 0 0.001 0.067 0 0.002 0.005 0.001 0.01 0.001 0.002 0.006 0 0.006 0.003 0.027;
0.355 0.005 0.001 0.096 0.007 0.003 0.005 0.103 0.003 0.011 0.004 0.029 0 0.001 0.001 0.129 0.002 0.003 0.002 0.025 0.001 0.001 0.002 0.031 0 0.009 0.016 0.001 0.022 0.005 0.001 0.03 0 0.003 0.002 0.091;0.355 0.005 0.001 0.004 0.029 0 0.001 0.016 0.001 0.022 0.096 0.007 0.003 0.005 0.001 0.129 0.002 0.003 0.005 0.001 0.03 0 0.002 0.009 0 0.031 0.103 0.003 0.011 0.002 0.025 0.001 0.001 0.003 0.002 0.091;0.355 0.004 0.016 0.096 0.001 0.005 0.002 0.103 0.002 0.003 0.005 0.029 0.001 0.001 0.007 0.129 0.001 0.009 0.003 0.025 0.002 0.001 0.005 0.031 0 0.003 0.001 0 0.022 0.003 0.002 0.03 0 0.011 0.001 0.091;
0.325 0.016 0.001 0.207 0.006 0.004 0.004 0.022 0.003 0.007 0.004 0.043 0.002 0.003 0.001 0.16 0 0.001 0.002 0.052 0.008 0.003 0.001 0.012 0.001 0.004 0.006 0.001 0.002 0.003 0.004 0.024 0.001 0 0.003 0.064;0.325 0.016 0.001 0.004 0.043 0.002 0.003 0.006 0.001 0.002 0.207 0.006 0.004 0.004 0.001 0.16 0 0.001 0.003 0.004 0.024 0.001 0.001 0.004 0.001 0.012 0.022 0.003 0.007 0.002 0.052 0.008 0.003 0 0.003 0.064;0.325 0.004 0.006 0.207 0.001 0.003 0.001 0.022 0.002 0 0.016 0.043 0.001 0.003 0.006 0.16 0.004 0.004 0.003 0.052 0.003 0.003 0.004 0.012 0.001 0.001 0.001 0.002 0.002 0.004 0 0.024 0.001 0.007 0.008 0.064;
0.333 0.016 0.002 0.176 0.01 0.003 0.006 0.05 0.001 0.004 0.012 0.044 0.001 0 0.005 0.169 0.001 0 0.001 0.034 0.002 0.001 0.006 0.027 0 0.007 0.007 0 0.005 0.003 0.003 0.016 0.002 0 0.002 0.051;0.333 0.016 0.002 0.012 0.044 0.001 0 0.007 0 0.005 0.176 0.01 0.003 0.006 0.005 0.169 0.001 0 0.003 0.003 0.016 0.002 0.006 0.007 0 0.027 0.05 0.001 0.004 0.001 0.034 0.002 0.001 0 0.002 0.051;0.333 0.012 0.007 0.176 0.005 0.003 0.006 0.05 0.001 0 0.016 0.044 0 0 0.01 0.169 0.003 0.007 0.001 0.034 0.002 0.001 0.006 0.027 0.002 0 0.002 0.001 0.005 0.003 0.001 0.016 0 0.004 0.002 0.051;
0.352 0.003 0.008 0.108 0.005 0.004 0.007 0.099 0.001 0.006 0.004 0.03 0.004 0.003 0 0.18 0 0.007 0.002 0.03 0.003 0.003 0.001 0.062 0 0.006 0.007 0.001 0.011 0.004 0.003 0.011 0 0.004 0.001 0.03;0.352 0.003 0.008 0.004 0.03 0.004 0.003 0.007 0.001 0.011 0.108 0.005 0.004 0.007 0 0.18 0 0.007 0.004 0.003 0.011 0 0.001 0.006 0 0.062 0.099 0.001 0.006 0.002 0.03 0.003 0.003 0.004 0.001 0.03;0.352 0.004 0.007 0.108 0 0.004 0.001 0.099 0.002 0.004 0.003 0.03 0.001 0.003 0.005 0.18 0.003 0.006 0.001 0.03 0.001 0.003 0.007 0.062 0 0.007 0.008 0.004 0.011 0.004 0 0.011 0 0.006 0.003 0.03;
0.354 0.006 0.006 0.1 0.011 0.003 0.003 0.098 0.005 0.011 0.009 0.027 0 0.003 0.005 0.201 0 0.007 0.005 0.035 0.001 0.001 0.004 0.061 0 0.004 0.002 0 0.008 0 0.003 0.003 0.001 0.002 0 0.021;0.354 0.006 0.006 0.009 0.027 0 0.003 0.002 0 0.008 0.1 0.011 0.003 0.003 0.005 0.201 0 0.007 0 0.003 0.003 0.001 0.004 0.004 0 0.061 0.098 0.005 0.011 0.005 0.035 0.001 0.001 0.002 0 0.021;0.354 0.009 0.002 0.1 0.005 0 0.004 0.098 0.005 0.002 0.006 0.027 0 0.003 0.011 0.201 0.003 0.004 0.005 0.035 0 0.001 0.003 0.061 0.001 0.007 0.006 0 0.008 0.003 0 0.003 0 0.011 0.001 0.021;
0.353 0.012 0.002 0.045 0.01 0.001 0.005 0.164 0.007 0.003 0.006 0.015 0 0 0.002 0.204 0.003 0.003 0.002 0.017 0 0 0.003 0.079 0.001 0.008 0.013 0 0.006 0.001 0 0.006 0 0.006 0 0.023;0.353 0.012 0.002 0.006 0.015 0 0 0.013 0 0.006 0.045 0.01 0.001 0.005 0.002 0.204 0.003 0.003 0.001 0 0.006 0 0.003 0.008 0.001 0.079 0.164 0.007 0.003 0.002 0.017 0 0 0.006 0 0.023;0.353 0.006 0.013 0.045 0.002 0.001 0.003 0.164 0.002 0.006 0.012 0.015 0 0 0.01 0.204 0 0.008 0.007 0.017 0 0 0.005 0.079 0 0.003 0.002 0 0.006 0.001 0.003 0.006 0.001 0.003 0 0.023;
0.365 0.013 0.009 0.077 0.012 0.003 0.004 0.122 0.005 0.003 0.003 0.026 0.002 0.001 0.002 0.194 0.002 0.007 0.006 0.026 0.003 0 0.001 0.077 0.001 0.005 0.006 0 0.002 0.003 0.001 0.001 0.001 0.001 0 0.016;0.365 0.013 0.009 0.003 0.026 0.002 0.001 0.006 0 0.002 0.077 0.012 0.003 0.004 0.002 0.194 0.002 0.007 0.003 0.001 0.001 0.001 0.001 0.005 0.001 0.077 0.122 0.005 0.003 0.006 0.026 0.003 0 0.001 0 0.016;0.365 0.003 0.006 0.077 0.002 0.003 0.001 0.122 0.006 0.001 0.013 0.026 0 0.001 0.012 0.194 0.001 0.005 0.005 0.026 0 0 0.004 0.077 0.001 0.007 0.009 0.002 0.002 0.003 0.002 0.001 0.001 0.003 0.003 0.016;
0.386 0.003 0.01 0.066 0.003 0.002 0.005 0.135 0.001 0.011 0.006 0.004 0 0 0 0.063 0.001 0.003 0.003 0.006 0.002 0 0.002 0.015 0 0 0.006 0 0.052 0.003 0.002 0.019 0.002 0.006 0.002 0.181;0.386 0.003 0.01 0.006 0.004 0 0 0.006 0 0.052 0.066 0.003 0.002 0.005 0 0.063 0.001 0.003 0.003 0.002 0.019 0.002 0.002 0 0 0.015 0.135 0.001 0.011 0.003 0.006 0.002 0 0.006 0.002 0.181;0.386 0.006 0.006 0.066 0 0.003 0.002 0.135 0.003 0.006 0.003 0.004 0 0 0.003 0.063 0.002 0 0.001 0.006 0.002 0 0.005 0.015 0.002 0.003 0.01 0 0.052 0.002 0.001 0.019 0 0.011 0.002 0.181;
0.364 0.009 0.002 0.161 0.011 0.003 0.002 0.067 0 0.008 0.013 0.039 0 0.001 0.005 0.204 0.004 0.002 0.003 0.041 0.001 0.002 0.001 0.025 0.001 0.008 0.006 0 0.003 0.004 0 0 0 0 0.001 0.009;0.364 0.009 0.002 0.013 0.039 0 0.001 0.006 0 0.003 0.161 0.011 0.003 0.002 0.005 0.204 0.004 0.002 0.004 0 0 0 0.001 0.008 0.001 0.025 0.067 0 0.008 0.003 0.041 0.001 0.002 0 0.001 0.009;0.364 0.013 0.006 0.161 0.005 0.004 0.001 0.067 0.003 0 0.009 0.039 0 0.001 0.011 0.204 0 0.008 0 0.041 0.001 0.002 0.002 0.025 0 0.002 0.002 0 0.003 0.003 0.004 0 0.001 0.008 0.001 0.009;
0.351 0.005 0.007 0.083 0.008 0.003 0.003 0.113 0.005 0.006 0.014 0.019 0.002 0 0.001 0.111 0.002 0 0.009 0.018 0.007 0.001 0.003 0.045 0 0.002 0.005 0.001 0.045 0.001 0.001 0.028 0 0.003 0.001 0.097;0.351 0.005 0.007 0.014 0.019 0.002 0 0.005 0.001 0.045 0.083 0.008 0.003 0.003 0.001 0.111 0.002 0 0.001 0.001 0.028 0 0.003 0.002 0 0.045 0.113 0.005 0.006 0.009 0.018 0.007 0.001 0.003 0.001 0.097;0.351 0.014 0.005 0.083 0.001 0.001 0.003 0.113 0.009 0.003 0.005 0.019 0.001 0 0.008 0.111 0.001 0.002 0.005 0.018 0.001 0.001 0.003 0.045 0 0 0.007 0.002 0.045 0.003 0.002 0.028 0 0.006 0.007 0.097;
0.362 0.001 0.011 0.181 0.003 0.004 0.001 0.003 0.001 0.002 0.01 0.038 0.002 0.002 0.003 0.175 0 0.004 0 0.048 0.004 0.003 0.002 0 0 0.002 0.002 0.002 0 0.001 0.004 0.041 0 0 0.001 0.087;0.362 0.001 0.011 0.01 0.038 0.002 0.002 0.002 0.002 0 0.181 0.003 0.004 0.001 0.003 0.175 0 0.004 0.001 0.004 0.041 0 0.002 0.002 0 0 0.003 0.001 0.002 0 0.048 0.004 0.003 0 0.001 0.087;0.362 0.01 0.002 0.181 0.003 0.001 0.002 0.003 0 0 0.001 0.038 0.002 0.002 0.003 0.175 0.004 0.002 0.001 0.048 0.001 0.003 0.001 0 0 0.004 0.011 0.002 0 0.004 0 0.041 0 0.002 0.004 0.087;
0.379 0.005 0.014 0.115 0.007 0.006 0 0.087 0 0.006 0.006 0.029 0 0.002 0 0.2 0 0.006 0.001 0.033 0 0.002 0 0.049 0 0.009 0.009 0.001 0.004 0.002 0.002 0.006 0 0.004 0.001 0.015;0.379 0.005 0.014 0.006 0.029 0 0.002 0.009 0.001 0.004 0.115 0.007 0.006 0 0 0.2 0 0.006 0.002 0.002 0.006 0 0 0.009 0 0.049 0.087 0 0.006 0.001 0.033 0 0.002 0.004 0.001 0.015;0.379 0.006 0.009 0.115 0 0.002 0 0.087 0.001 0.004 0.005 0.029 0.001 0.002 0.007 0.2 0.002 0.009 0 0.033 0.001 0.002 0 0.049 0 0.006 0.014 0 0.004 0.006 0 0.006 0 0.006 0 0.015;
0.404 0.011 0.005 0.166 0.005 0.004 0.002 0.027 0.003 0.01 0.008 0.014 0 0.001 0.002 0.031 0.002 0.001 0.003 0.005 0.004 0 0.001 0.002 0.001 0 0.007 0.002 0.012 0.002 0.004 0.089 0.001 0.003 0.004 0.164;0.404 0.011 0.005 0.008 0.014 0 0.001 0.007 0.002 0.012 0.166 0.005 0.004 0.002 0.002 0.031 0.002 0.001 0.002 0.004 0.089 0.001 0.001 0 0.001 0.002 0.027 0.003 0.01 0.003 0.005 0.004 0 0.003 0.004 0.164;0.404 0.008 0.007 0.166 0.002 0.002 0.001 0.027 0.003 0.003 0.011 0.014 0.002 0.001 0.005 0.031 0.004 0 0.003 0.005 0.004 0 0.002 0.002 0.001 0.001 0.005 0 0.012 0.004 0.002 0.089 0.001 0.01 0.004 0.164;
0.341 0.007 0.012 0.099 0.009 0.001 0.003 0.131 0.003 0.004 0.01 0.013 0 0.001 0.004 0.091 0 0.001 0.002 0.015 0.004 0 0.001 0.033 0 0.003 0.003 0 0.036 0 0.001 0.041 0 0.003 0 0.128;0.341 0.007 0.012 0.01 0.013 0 0.001 0.003 0 0.036 0.099 0.009 0.001 0.003 0.004 0.091 0 0.001 0 0.001 0.041 0 0.001 0.003 0 0.033 0.131 0.003 0.004 0.002 0.015 0.004 0 0.003 0 0.128;0.341 0.01 0.003 0.099 0.004 0 0.001 0.131 0.002 0.003 0.007 0.013 0 0.001 0.009 0.091 0.001 0.003 0.003 0.015 0 0 0.003 0.033 0 0.001 0.012 0 0.036 0.001 0 0.041 0 0.004 0.004 0.128;
0.369 0.014 0.003 0.194 0.013 0.004 0 0.004 0.002 0.005 0.003 0.05 0 0.001 0.002 0.224 0.001 0 0.001 0.073 0.002 0.004 0.001 0 0.002 0.006 0.008 0.003 0 0.005 0.002 0.002 0 0 0 0.002;0.369 0.014 0.003 0.003 0.05 0 0.001 0.008 0.003 0 0.194 0.013 0.004 0 0.002 0.224 0.001 0 0.005 0.002 0.002 0 0.001 0.006 0.002 0 0.004 0.002 0.005 0.001 0.073 0.002 0.004 0 0 0.002;0.369 0.003 0.008 0.194 0.002 0.005 0.001 0.004 0.001 0 0.014 0.05 0.003 0.001 0.013 0.224 0.002 0.006 0.002 0.073 0 0.004 0 0 0 0 0.003 0 0 0.004 0.001 0.002 0.002 0.005 0.002 0.002;
0.397 0.003 0.013 0.023 0.004 0.002 0 0.17 0.003 0.017 0.003 0.006 0.001 0 0.002 0.167 0 0.003 0.001 0.008 0 0 0.001 0.069 0.002 0.01 0.013 0 0.021 0.001 0.001 0.004 0 0.007 0 0.048;0.397 0.003 0.013 0.003 0.006 0.001 0 0.013 0 0.021 0.023 0.004 0.002 0 0.002 0.167 0 0.003 0.001 0.001 0.004 0 0.001 0.01 0.002 0.069 0.17 0.003 0.017 0.001 0.008 0 0 0.007 0 0.048;0.397 0.003 0.013 0.023 0.002 0.001 0.001 0.17 0.001 0.007 0.003 0.006 0 0 0.004 0.167 0.001 0.01 0.003 0.008 0 0 0 0.069 0 0.003 0.013 0.001 0.021 0.002 0 0.004 0.002 0.017 0 0.048;
0.366 0.015 0.004 0.139 0.006 0.003 0.002 0.084 0.006 0.007 0.008 0.003 0.001 0.001 0.002 0.011 0.001 0.001 0.002 0 0.002 0.001 0.002 0.003 0 0 0.01 0.003 0.046 0.005 0.002 0.067 0.003 0.003 0.005 0.186;0.366 0.015 0.004 0.008 0.003 0.001 0.001 0.01 0.003 0.046 0.139 0.006 0.003 0.002 0.002 0.011 0.001 0.001 0.005 0.002 0.067 0.003 0.002 0 0 0.003 0.084 0.006 0.007 0.002 0 0.002 0.001 0.003 0.005 0.186;0.366 0.008 0.01 0.139 0.002 0.005 0.002 0.084 0.002 0.003 0.015 0.003 0.003 0.001 0.006 0.011 0.002 0 0.006 0 0.005 0.001 0.002 0.003 0.003 0.001 0.004 0.001 0.046 0.003 0.001 0.067 0 0.007 0.002 0.186;
0.358 0.004 0.01 0.157 0.008 0.007 0.003 0.067 0.004 0.005 0.008 0.039 0 0.004 0.004 0.212 0.003 0.005 0.002 0.048 0 0.001 0.002 0.038 0 0.002 0.002 0 0 0 0.001 0.001 0 0 0.001 0.004;0.358 0.004 0.01 0.008 0.039 0 0.004 0.002 0 0 0.157 0.008 0.007 0.003 0.004 0.212 0.003 0.005 0 0.001 0.001 0 0.002 0.002 0 0.038 0.067 0.004 0.005 0.002 0.048 0 0.001 0 0.001 0.004;0.358 0.008 0.002 0.157 0.004 0 0.002 0.067 0.002 0 0.004 0.039 0 0.004 0.008 0.212 0.001 0.002 0.004 0.048 0.001 0.001 0.003 0.038 0 0.005 0.01 0 0 0.007 0.003 0.001 0 0.005 0 0.004;
0.34 0.013 0.004 0.171 0.008 0.001 0.004 0.066 0.004 0.004 0.009 0.036 0 0.003 0.004 0.2 0.002 0.002 0.005 0.049 0.003 0 0.003 0.034 0 0.003 0.001 0 0.005 0 0.003 0.008 0 0 0 0.015;0.34 0.013 0.004 0.009 0.036 0 0.003 0.001 0 0.005 0.171 0.008 0.001 0.004 0.004 0.2 0.002 0.002 0 0.003 0.008 0 0.003 0.003 0 0.034 0.066 0.004 0.004 0.005 0.049 0.003 0 0 0 0.015;0.34 0.009 0.001 0.171 0.004 0 0.003 0.066 0.005 0 0.013 0.036 0 0.003 0.008 0.2 0.003 0.003 0.004 0.049 0 0 0.004 0.034 0 0.002 0.004 0 0.005 0.001 0.002 0.008 0 0.004 0.003 0.015;
0.342 0.001 0.012 0.127 0.012 0.003 0.002 0.102 0.001 0.006 0.002 0.028 0.001 0.004 0 0.209 0.001 0.008 0.002 0.033 0.002 0.005 0 0.047 0 0.01 0.01 0 0.004 0.003 0 0.004 0.001 0.002 0 0.016;0.342 0.001 0.012 0.002 0.028 0.001 0.004 0.01 0 0.004 0.127 0.012 0.003 0.002 0 0.209 0.001 0.008 0.003 0 0.004 0.001 0 0.01 0 0.047 0.102 0.001 0.006 0.002 0.033 0.002 0.005 0.002 0 0.016;0.342 0.002 0.01 0.127 0 0.003 0 0.102 0.002 0.002 0.001 0.028 0 0.004 0.012 0.209 0 0.01 0.001 0.033 0 0.005 0.002 0.047 0.001 0.008 0.012 0.001 0.004 0.003 0.001 0.004 0 0.006 0.002 0.016;
0.376 0.004 0.005 0.174 0.013 0.006 0.001 0.031 0.001 0.006 0.009 0.046 0 0.001 0.003 0.151 0.002 0.002 0 0.033 0.004 0.002 0.004 0.018 0 0.005 0.003 0 0.004 0.003 0.002 0.024 0.001 0.004 0.003 0.059;0.376 0.004 0.005 0.009 0.046 0 0.001 0.003 0 0.004 0.174 0.013 0.006 0.001 0.003 0.151 0.002 0.002 0.003 0.002 0.024 0.001 0.004 0.005 0 0.018 0.031 0.001 0.006 0 0.033 0.004 0.002 0.004 0.003 0.059;0.376 0.009 0.003 0.174 0.003 0.003 0.004 0.031 0 0.004 0.004 0.046 0 0.001 0.013 0.151 0.002 0.005 0.001 0.033 0.003 0.002 0.001 0.018 0.001 0.002 0.005 0 0.004 0.006 0.002 0.024 0 0.006 0.004 0.059;
0.375 0.007 0.011 0.103 0.008 0.001 0.002 0.106 0.004 0.006 0.001 0.022 0 0.001 0.002 0.158 0.001 0.001 0.003 0.025 0.001 0.002 0.002 0.038 0.001 0.007 0.013 0.001 0.011 0.004 0 0.02 0 0.005 0 0.058;0.375 0.007 0.011 0.001 0.022 0 0.001 0.013 0.001 0.011 0.103 0.008 0.001 0.002 0.002 0.158 0.001 0.001 0.004 0 0.02 0 0.002 0.007 0.001 0.038 0.106 0.004 0.006 0.003 0.025 0.001 0.002 0.005 0 0.058;0.375 0.001 0.013 0.103 0.002 0.004 0.002 0.106 0.003 0.005 0.007 0.022 0.001 0.001 0.008 0.158 0 0.007 0.004 0.025 0 0.002 0.002 0.038 0 0.001 0.011 0 0.011 0.001 0.001 0.02 0.001 0.006 0.001 0.058;
0.36 0.003 0.01 0.18 0.006 0.008 0.001 0.04 0.001 0.004 0.009 0.057 0 0.004 0.003 0.17 0.001 0.003 0.001 0.04 0.003 0.004 0.003 0.011 0 0.006 0.007 0.001 0.003 0 0.004 0.023 0 0 0 0.034;0.36 0.003 0.01 0.009 0.057 0 0.004 0.007 0.001 0.003 0.18 0.006 0.008 0.001 0.003 0.17 0.001 0.003 0 0.004 0.023 0 0.003 0.006 0 0.011 0.04 0.001 0.004 0.001 0.04 0.003 0.004 0 0 0.034;0.36 0.009 0.007 0.18 0.003 0 0.003 0.04 0.001 0 0.003 0.057 0.001 0.004 0.006 0.17 0.004 0.006 0.001 0.04 0 0.004 0.001 0.011 0 0.003 0.01 0 0.003 0.008 0.001 0.023 0 0.004 0.003 0.034;
0.343 0.007 0.007 0.111 0.007 0.004 0.002 0.119 0 0.011 0.008 0.03 0.001 0.001 0.005 0.184 0.002 0.001 0.001 0.033 0.001 0 0 0.043 0.001 0.008 0.009 0 0.007 0.002 0 0.014 0.001 0 0.002 0.035;0.343 0.007 0.007 0.008 0.03 0.001 0.001 0.009 0 0.007 0.111 0.007 0.004 0.002 0.005 0.184 0.002 0.001 0.002 0 0.014 0.001 0 0.008 0.001 0.043 0.119 0 0.011 0.001 0.033 0.001 0 0 0.002 0.035;0.343 0.008 0.009 0.111 0.005 0.002 0 0.119 0.001 0 0.007 0.03 0 0.001 0.007 0.184 0 0.008 0 0.033 0.002 0 0.002 0.043 0.001 0.001 0.007 0.001 0.007 0.004 0.002 0.014 0.001 0.011 0.001 0.035;
0.37 0.004 0.006 0.112 0.001 0.004 0.004 0.125 0.003 0.011 0.013 0.017 0 0.001 0.003 0.188 0.005 0.01 0.002 0.029 0.002 0 0.002 0.047 0.001 0.004 0.004 0 0.004 0.001 0.001 0.006 0.002 0.002 0.001 0.015;0.37 0.004 0.006 0.013 0.017 0 0.001 0.004 0 0.004 0.112 0.001 0.004 0.004 0.003 0.188 0.005 0.01 0.001 0.001 0.006 0.002 0.002 0.004 0.001 0.047 0.125 0.003 0.011 0.002 0.029 0.002 0 0.002 0.001 0.015;0.37 0.013 0.004 0.112 0.003 0.001 0.002 0.125 0.002 0.002 0.004 0.017 0 0.001 0.001 0.188 0.001 0.004 0.003 0.029 0.001 0 0.004 0.047 0.002 0.01 0.006 0 0.004 0.004 0.005 0.006 0.001 0.011 0.002 0.015;
0.388 0.003 0.01 0.201 0.009 0.007 0 0.007 0.002 0.002 0.013 0.007 0.002 0 0.001 0.019 0.003 0 0.002 0.007 0.002 0 0.004 0.001 0 0 0.004 0.001 0.005 0.003 0.003 0.112 0.001 0.005 0.002 0.174;0.388 0.003 0.01 0.013 0.007 0.002 0 0.004 0.001 0.005 0.201 0.009 0.007 0 0.001 0.019 0.003 0 0.003 0.003 0.112 0.001 0.004 0 0 0.001 0.007 0.002 0.002 0.002 0.007 0.002 0 0.005 0.002 0.174;0.388 0.013 0.004 0.201 0.001 0.003 0.004 0.007 0.002 0.005 0.003 0.007 0.001 0 0.009 0.019 0.003 0 0.002 0.007 0.002 0 0 0.001 0.001 0 0.01 0.002 0.005 0.007 0.003 0.112 0 0.002 0.002 0.174;
0.369 0.007 0.01 0.148 0.007 0.009 0.003 0.044 0 0.008 0.009 0.04 0 0.001 0.003 0.188 0.003 0.002 0.001 0.029 0.002 0.001 0.003 0.028 0 0.006 0.002 0 0.008 0 0.005 0.022 0.001 0.001 0 0.04;0.369 0.007 0.01 0.009 0.04 0 0.001 0.002 0 0.008 0.148 0.007 0.009 0.003 0.003 0.188 0.003 0.002 0 0.005 0.022 0.001 0.003 0.006 0 0.028 0.044 0 0.008 0.001 0.029 0.002 0.001 0.001 0 0.04;0.369 0.009 0.002 0.148 0.003 0 0.003 0.044 0.001 0.001 0.007 0.04 0 0.001 0.007 0.188 0.005 0.006 0 0.029 0 0.001 0.003 0.028 0.001 0.002 0.01 0 0.008 0.009 0.003 0.022 0 0.008 0.002 0.04;
0.354 0.006 0.008 0.133 0.007 0.01 0.003 0.072 0.003 0.012 0.006 0.018 0.001 0.001 0.005 0.114 0.001 0.005 0 0.019 0.001 0.001 0.001 0.029 0.002 0.004 0.01 0 0.018 0.004 0.002 0.043 0 0.004 0 0.103;0.354 0.006 0.008 0.006 0.018 0.001 0.001 0.01 0 0.018 0.133 0.007 0.01 0.003 0.005 0.114 0.001 0.005 0.004 0.002 0.043 0 0.001 0.004 0.002 0.029 0.072 0.003 0.012 0 0.019 0.001 0.001 0.004 0 0.103;0.354 0.006 0.01 0.133 0.005 0.004 0.001 0.072 0 0.004 0.006 0.018 0 0.001 0.007 0.114 0.002 0.004 0.003 0.019 0 0.001 0.003 0.029 0 0.005 0.008 0.001 0.018 0.01 0.001 0.043 0.002 0.012 0.001 0.103;
0.363 0.003 0.005 0.108 0.008 0.002 0.002 0.122 0.002 0.01 0.005 0.011 0 0 0.001 0.119 0.001 0.004 0.002 0.01 0.001 0.001 0.001 0.047 0.001 0.007 0.014 0.001 0.027 0.001 0.001 0.023 0.001 0.004 0.001 0.091;0.363 0.003 0.005 0.005 0.011 0 0 0.014 0.001 0.027 0.108 0.008 0.002 0.002 0.001 0.119 0.001 0.004 0.001 0.001 0.023 0.001 0.001 0.007 0.001 0.047 0.122 0.002 0.01 0.002 0.01 0.001 0.001 0.004 0.001 0.091;0.363 0.005 0.014 0.108 0.001 0.001 0.001 0.122 0.002 0.004 0.003 0.011 0.001 0 0.008 0.119 0.001 0.007 0.002 0.01 0.001 0.001 0.002 0.047 0.001 0.004 0.005 0 0.027 0.002 0.001 0.023 0.001 0.01 0.001 0.091;
0.35 0.006 0.012 0.092 0.009 0.001 0.003 0.131 0.003 0.007 0.007 0.02 0.001 0.001 0.005 0.118 0.001 0.002 0.002 0.02 0.005 0 0.004 0.047 0.001 0.004 0.002 0 0.027 0.001 0.006 0.022 0.001 0.001 0.003 0.085;0.35 0.006 0.012 0.007 0.02 0.001 0.001 0.002 0 0.027 0.092 0.009 0.001 0.003 0.005 0.118 0.001 0.002 0.001 0.006 0.022 0.001 0.004 0.004 0.001 0.047 0.131 0.003 0.007 0.002 0.02 0.005 0 0.001 0.003 0.085;0.35 0.007 0.002 0.092 0.005 0.001 0.004 0.131 0.002 0.001 0.006 0.02 0 0.001 0.009 0.118 0.006 0.004 0.003 0.02 0.003 0 0.003 0.047 0.001 0.002 0.012 0.001 0.027 0.001 0.001 0.022 0.001 0.007 0.005 0.085;
0.372 0.005 0.005 0.093 0.005 0.002 0.001 0.126 0.005 0.01 0.005 0.035 0 0.002 0.002 0.198 0.001 0.004 0.001 0.023 0.002 0 0.001 0.065 0.001 0.009 0.009 0 0.001 0 0.001 0.003 0 0.003 0 0.01;0.372 0.005 0.005 0.005 0.035 0 0.002 0.009 0 0.001 0.093 0.005 0.002 0.001 0.002 0.198 0.001 0.004 0 0.001 0.003 0 0.001 0.009 0.001 0.065 0.126 0.005 0.01 0.001 0.023 0.002 0 0.003 0 0.01;0.372 0.005 0.009 0.093 0.002 0 0.001 0.126 0.001 0.003 0.005 0.035 0 0.002 0.005 0.198 0.001 0.009 0.005 0.023 0 0 0.001 0.065 0 0.004 0.005 0 0.001 0.002 0.001 0.003 0.001 0.01 0.002 0.01];