pntP=[0.114 0.123 0.07 0.114 0.076 0.086 0.039 0.057 0.025 0.06 0.044 0.044 0.043 0.082 0.023;0.114 0.123 0.086 0.039 0.057 0.07 0.114 0.076 0.025 0.06 0.044 0.044 0.082 0.043 0.023;0.114 0.086 0.07 0.025 0.044 0.123 0.039 0.057 0.114 0.06 0.082 0.076 0.043 0.044 0.023;
0.116 0.091 0.067 0.11 0.076 0.096 0.036 0.063 0.028 0.052 0.053 0.054 0.036 0.089 0.033;0.116 0.091 0.096 0.036 0.063 0.067 0.11 0.076 0.028 0.052 0.053 0.054 0.089 0.036 0.033;0.116 0.096 0.067 0.028 0.054 0.091 0.036 0.063 0.11 0.052 0.089 0.076 0.036 0.053 0.033;
0.148 0.108 0.054 0.1 0.088 0.104 0.021 0.057 0.019 0.056 0.032 0.041 0.04 0.1 0.032;0.148 0.108 0.104 0.021 0.057 0.054 0.1 0.088 0.019 0.056 0.032 0.041 0.1 0.04 0.032;0.148 0.104 0.054 0.019 0.041 0.108 0.021 0.057 0.1 0.056 0.1 0.088 0.04 0.032 0.032;
0.124 0.116 0.074 0.095 0.092 0.097 0.032 0.069 0.019 0.054 0.045 0.028 0.042 0.084 0.029;0.124 0.116 0.097 0.032 0.069 0.074 0.095 0.092 0.019 0.054 0.045 0.028 0.084 0.042 0.029;0.124 0.097 0.074 0.019 0.028 0.116 0.032 0.069 0.095 0.054 0.084 0.092 0.042 0.045 0.029;
0.116 0.109 0.055 0.12 0.083 0.101 0.027 0.058 0.022 0.068 0.04 0.05 0.04 0.083 0.028;0.116 0.109 0.101 0.027 0.058 0.055 0.12 0.083 0.022 0.068 0.04 0.05 0.083 0.04 0.028;0.116 0.101 0.055 0.022 0.05 0.109 0.027 0.058 0.12 0.068 0.083 0.083 0.04 0.04 0.028;
0.135 0.101 0.043 0.086 0.088 0.094 0.029 0.07 0.029 0.069 0.039 0.048 0.044 0.08 0.045;0.135 0.101 0.094 0.029 0.07 0.043 0.086 0.088 0.029 0.069 0.039 0.048 0.08 0.044 0.045;0.135 0.094 0.043 0.029 0.048 0.101 0.029 0.07 0.086 0.069 0.08 0.088 0.044 0.039 0.045;
0.122 0.122 0.054 0.111 0.075 0.105 0.025 0.066 0.021 0.066 0.042 0.038 0.038 0.085 0.03;0.122 0.122 0.105 0.025 0.066 0.054 0.111 0.075 0.021 0.066 0.042 0.038 0.085 0.038 0.03;0.122 0.105 0.054 0.021 0.038 0.122 0.025 0.066 0.111 0.066 0.085 0.075 0.038 0.042 0.03;
0.118 0.099 0.049 0.125 0.108 0.093 0.033 0.058 0.033 0.061 0.037 0.05 0.032 0.077 0.027;0.118 0.099 0.093 0.033 0.058 0.049 0.125 0.108 0.033 0.061 0.037 0.05 0.077 0.032 0.027;0.118 0.093 0.049 0.033 0.05 0.099 0.033 0.058 0.125 0.061 0.077 0.108 0.032 0.037 0.027;
0.103 0.11 0.065 0.133 0.074 0.079 0.036 0.047 0.03 0.07 0.037 0.043 0.046 0.085 0.042;0.103 0.11 0.079 0.036 0.047 0.065 0.133 0.074 0.03 0.07 0.037 0.043 0.085 0.046 0.042;0.103 0.079 0.065 0.03 0.043 0.11 0.036 0.047 0.133 0.07 0.085 0.074 0.046 0.037 0.042;
0.126 0.089 0.082 0.093 0.085 0.094 0.028 0.056 0.023 0.069 0.044 0.048 0.04 0.091 0.032;0.126 0.089 0.094 0.028 0.056 0.082 0.093 0.085 0.023 0.069 0.044 0.048 0.091 0.04 0.032;0.126 0.094 0.082 0.023 0.048 0.089 0.028 0.056 0.093 0.069 0.091 0.085 0.04 0.044 0.032;
0.105 0.104 0.051 0.118 0.091 0.106 0.019 0.063 0.028 0.07 0.044 0.048 0.037 0.089 0.027;0.105 0.104 0.106 0.019 0.063 0.051 0.118 0.091 0.028 0.07 0.044 0.048 0.089 0.037 0.027;0.105 0.106 0.051 0.028 0.048 0.104 0.019 0.063 0.118 0.07 0.089 0.091 0.037 0.044 0.027;
0.138 0.104 0.062 0.116 0.085 0.087 0.031 0.054 0.02 0.06 0.048 0.035 0.037 0.088 0.035;0.138 0.104 0.087 0.031 0.054 0.062 0.116 0.085 0.02 0.06 0.048 0.035 0.088 0.037 0.035;0.138 0.087 0.062 0.02 0.035 0.104 0.031 0.054 0.116 0.06 0.088 0.085 0.037 0.048 0.035;
0.1 0.108 0.071 0.123 0.099 0.1 0.032 0.063 0.018 0.054 0.036 0.041 0.039 0.078 0.038;0.1 0.108 0.1 0.032 0.063 0.071 0.123 0.099 0.018 0.054 0.036 0.041 0.078 0.039 0.038;0.1 0.1 0.071 0.018 0.041 0.108 0.032 0.063 0.123 0.054 0.078 0.099 0.039 0.036 0.038;
0.111 0.099 0.063 0.118 0.089 0.099 0.026 0.068 0.03 0.056 0.05 0.042 0.038 0.078 0.033;0.111 0.099 0.099 0.026 0.068 0.063 0.118 0.089 0.03 0.056 0.05 0.042 0.078 0.038 0.033;0.111 0.099 0.063 0.03 0.042 0.099 0.026 0.068 0.118 0.056 0.078 0.089 0.038 0.05 0.033;
0.123 0.105 0.069 0.106 0.096 0.108 0.033 0.062 0.022 0.049 0.038 0.035 0.043 0.089 0.022;0.123 0.105 0.108 0.033 0.062 0.069 0.106 0.096 0.022 0.049 0.038 0.035 0.089 0.043 0.022;0.123 0.108 0.069 0.022 0.035 0.105 0.033 0.062 0.106 0.049 0.089 0.096 0.043 0.038 0.022;
0.11 0.093 0.072 0.088 0.085 0.1 0.039 0.067 0.018 0.075 0.057 0.037 0.029 0.095 0.035;0.11 0.093 0.1 0.039 0.067 0.072 0.088 0.085 0.018 0.075 0.057 0.037 0.095 0.029 0.035;0.11 0.1 0.072 0.018 0.037 0.093 0.039 0.067 0.088 0.075 0.095 0.085 0.029 0.057 0.035;
0.109 0.093 0.069 0.113 0.088 0.102 0.037 0.054 0.025 0.062 0.044 0.041 0.043 0.091 0.029;0.109 0.093 0.102 0.037 0.054 0.069 0.113 0.088 0.025 0.062 0.044 0.041 0.091 0.043 0.029;0.109 0.102 0.069 0.025 0.041 0.093 0.037 0.054 0.113 0.062 0.091 0.088 0.043 0.044 0.029;
0.117 0.108 0.055 0.115 0.093 0.101 0.033 0.06 0.023 0.066 0.039 0.042 0.043 0.076 0.029;0.117 0.108 0.101 0.033 0.06 0.055 0.115 0.093 0.023 0.066 0.039 0.042 0.076 0.043 0.029;0.117 0.101 0.055 0.023 0.042 0.108 0.033 0.06 0.115 0.066 0.076 0.093 0.043 0.039 0.029;
0.118 0.119 0.065 0.106 0.105 0.095 0.025 0.059 0.028 0.065 0.042 0.029 0.033 0.084 0.027;0.118 0.119 0.095 0.025 0.059 0.065 0.106 0.105 0.028 0.065 0.042 0.029 0.084 0.033 0.027;0.118 0.095 0.065 0.028 0.029 0.119 0.025 0.059 0.106 0.065 0.084 0.105 0.033 0.042 0.027;
0.117 0.106 0.058 0.106 0.071 0.11 0.033 0.053 0.024 0.068 0.045 0.04 0.035 0.1 0.034;0.117 0.106 0.11 0.033 0.053 0.058 0.106 0.071 0.024 0.068 0.045 0.04 0.1 0.035 0.034;0.117 0.11 0.058 0.024 0.04 0.106 0.033 0.053 0.106 0.068 0.1 0.071 0.035 0.045 0.034;
0.136 0.096 0.069 0.119 0.095 0.105 0.035 0.045 0.02 0.048 0.053 0.046 0.035 0.062 0.036;0.136 0.096 0.105 0.035 0.045 0.069 0.119 0.095 0.02 0.048 0.053 0.046 0.062 0.035 0.036;0.136 0.105 0.069 0.02 0.046 0.096 0.035 0.045 0.119 0.048 0.062 0.095 0.035 0.053 0.036;
0.131 0.085 0.056 0.1 0.106 0.099 0.029 0.054 0.029 0.068 0.042 0.043 0.039 0.089 0.03;0.131 0.085 0.099 0.029 0.054 0.056 0.1 0.106 0.029 0.068 0.042 0.043 0.089 0.039 0.03;0.131 0.099 0.056 0.029 0.043 0.085 0.029 0.054 0.1 0.068 0.089 0.106 0.039 0.042 0.03;
0.102 0.114 0.067 0.112 0.096 0.104 0.029 0.06 0.019 0.058 0.041 0.032 0.039 0.091 0.036;0.102 0.114 0.104 0.029 0.06 0.067 0.112 0.096 0.019 0.058 0.041 0.032 0.091 0.039 0.036;0.102 0.104 0.067 0.019 0.032 0.114 0.029 0.06 0.112 0.058 0.091 0.096 0.039 0.041 0.036;
0.133 0.093 0.054 0.113 0.095 0.115 0.028 0.059 0.027 0.064 0.04 0.036 0.035 0.077 0.031;0.133 0.093 0.115 0.028 0.059 0.054 0.113 0.095 0.027 0.064 0.04 0.036 0.077 0.035 0.031;0.133 0.115 0.054 0.027 0.036 0.093 0.028 0.059 0.113 0.064 0.077 0.095 0.035 0.04 0.031;
0.139 0.088 0.049 0.105 0.091 0.086 0.036 0.062 0.025 0.056 0.043 0.047 0.046 0.088 0.039;0.139 0.088 0.086 0.036 0.062 0.049 0.105 0.091 0.025 0.056 0.043 0.047 0.088 0.046 0.039;0.139 0.086 0.049 0.025 0.047 0.088 0.036 0.062 0.105 0.056 0.088 0.091 0.046 0.043 0.039;
0.134 0.081 0.058 0.105 0.08 0.105 0.031 0.062 0.015 0.074 0.054 0.042 0.03 0.084 0.045;0.134 0.081 0.105 0.031 0.062 0.058 0.105 0.08 0.015 0.074 0.054 0.042 0.084 0.03 0.045;0.134 0.105 0.058 0.015 0.042 0.081 0.031 0.062 0.105 0.074 0.084 0.08 0.03 0.054 0.045;
0.115 0.092 0.064 0.112 0.086 0.111 0.033 0.048 0.028 0.069 0.033 0.04 0.027 0.107 0.035;0.115 0.092 0.111 0.033 0.048 0.064 0.112 0.086 0.028 0.069 0.033 0.04 0.107 0.027 0.035;0.115 0.111 0.064 0.028 0.04 0.092 0.033 0.048 0.112 0.069 0.107 0.086 0.027 0.033 0.035;
0.128 0.11 0.061 0.119 0.077 0.113 0.025 0.063 0.027 0.061 0.026 0.044 0.038 0.081 0.027;0.128 0.11 0.113 0.025 0.063 0.061 0.119 0.077 0.027 0.061 0.026 0.044 0.081 0.038 0.027;0.128 0.113 0.061 0.027 0.044 0.11 0.025 0.063 0.119 0.061 0.081 0.077 0.038 0.026 0.027;
0.104 0.101 0.066 0.103 0.095 0.1 0.021 0.062 0.026 0.05 0.05 0.047 0.043 0.098 0.034;0.104 0.101 0.1 0.021 0.062 0.066 0.103 0.095 0.026 0.05 0.05 0.047 0.098 0.043 0.034;0.104 0.1 0.066 0.026 0.047 0.101 0.021 0.062 0.103 0.05 0.098 0.095 0.043 0.05 0.034;
0.131 0.125 0.061 0.115 0.084 0.096 0.027 0.061 0.019 0.04 0.044 0.043 0.025 0.096 0.033;0.131 0.125 0.096 0.027 0.061 0.061 0.115 0.084 0.019 0.04 0.044 0.043 0.096 0.025 0.033;0.131 0.096 0.061 0.019 0.043 0.125 0.027 0.061 0.115 0.04 0.096 0.084 0.025 0.044 0.033;
0.122 0.094 0.056 0.128 0.086 0.111 0.031 0.06 0.022 0.049 0.043 0.033 0.036 0.098 0.031;0.122 0.094 0.111 0.031 0.06 0.056 0.128 0.086 0.022 0.049 0.043 0.033 0.098 0.036 0.031;0.122 0.111 0.056 0.022 0.033 0.094 0.031 0.06 0.128 0.049 0.098 0.086 0.036 0.043 0.031;
0.117 0.095 0.062 0.097 0.088 0.09 0.018 0.067 0.036 0.068 0.044 0.048 0.047 0.092 0.031;0.117 0.095 0.09 0.018 0.067 0.062 0.097 0.088 0.036 0.068 0.044 0.048 0.092 0.047 0.031;0.117 0.09 0.062 0.036 0.048 0.095 0.018 0.067 0.097 0.068 0.092 0.088 0.047 0.044 0.031;
0.106 0.099 0.062 0.106 0.084 0.117 0.026 0.056 0.026 0.065 0.033 0.042 0.044 0.102 0.032;0.106 0.099 0.117 0.026 0.056 0.062 0.106 0.084 0.026 0.065 0.033 0.042 0.102 0.044 0.032;0.106 0.117 0.062 0.026 0.042 0.099 0.026 0.056 0.106 0.065 0.102 0.084 0.044 0.033 0.032;
0.118 0.096 0.064 0.096 0.09 0.12 0.031 0.061 0.022 0.062 0.037 0.041 0.03 0.099 0.033;0.118 0.096 0.12 0.031 0.061 0.064 0.096 0.09 0.022 0.062 0.037 0.041 0.099 0.03 0.033;0.118 0.12 0.064 0.022 0.041 0.096 0.031 0.061 0.096 0.062 0.099 0.09 0.03 0.037 0.033;
0.117 0.087 0.078 0.124 0.072 0.102 0.029 0.069 0.03 0.072 0.044 0.037 0.034 0.077 0.028;0.117 0.087 0.102 0.029 0.069 0.078 0.124 0.072 0.03 0.072 0.044 0.037 0.077 0.034 0.028;0.117 0.102 0.078 0.03 0.037 0.087 0.029 0.069 0.124 0.072 0.077 0.072 0.034 0.044 0.028;
0.132 0.088 0.064 0.115 0.087 0.114 0.028 0.059 0.022 0.071 0.045 0.048 0.029 0.067 0.031;0.132 0.088 0.114 0.028 0.059 0.064 0.115 0.087 0.022 0.071 0.045 0.048 0.067 0.029 0.031;0.132 0.114 0.064 0.022 0.048 0.088 0.028 0.059 0.115 0.071 0.067 0.087 0.029 0.045 0.031;
0.124 0.108 0.065 0.1 0.107 0.102 0.028 0.051 0.02 0.066 0.043 0.038 0.039 0.08 0.029;0.124 0.108 0.102 0.028 0.051 0.065 0.1 0.107 0.02 0.066 0.043 0.038 0.08 0.039 0.029;0.124 0.102 0.065 0.02 0.038 0.108 0.028 0.051 0.1 0.066 0.08 0.107 0.039 0.043 0.029;
0.132 0.109 0.063 0.119 0.093 0.082 0.03 0.056 0.025 0.06 0.041 0.039 0.034 0.087 0.03;0.132 0.109 0.082 0.03 0.056 0.063 0.119 0.093 0.025 0.06 0.041 0.039 0.087 0.034 0.03;0.132 0.082 0.063 0.025 0.039 0.109 0.03 0.056 0.119 0.06 0.087 0.093 0.034 0.041 0.03;
0.118 0.112 0.054 0.105 0.087 0.102 0.022 0.061 0.033 0.059 0.047 0.044 0.035 0.1 0.021;0.118 0.112 0.102 0.022 0.061 0.054 0.105 0.087 0.033 0.059 0.047 0.044 0.1 0.035 0.021;0.118 0.102 0.054 0.033 0.044 0.112 0.022 0.061 0.105 0.059 0.1 0.087 0.035 0.047 0.021;
0.112 0.093 0.066 0.104 0.085 0.124 0.027 0.057 0.024 0.063 0.056 0.033 0.038 0.082 0.036;0.112 0.093 0.124 0.027 0.057 0.066 0.104 0.085 0.024 0.063 0.056 0.033 0.082 0.038 0.036;0.112 0.124 0.066 0.024 0.033 0.093 0.027 0.057 0.104 0.063 0.082 0.085 0.038 0.056 0.036;
0.122 0.097 0.071 0.117 0.079 0.091 0.031 0.067 0.031 0.065 0.046 0.051 0.029 0.07 0.033;0.122 0.097 0.091 0.031 0.067 0.071 0.117 0.079 0.031 0.065 0.046 0.051 0.07 0.029 0.033;0.122 0.091 0.071 0.031 0.051 0.097 0.031 0.067 0.117 0.065 0.07 0.079 0.029 0.046 0.033;
0.128 0.097 0.064 0.126 0.099 0.084 0.035 0.066 0.018 0.049 0.061 0.035 0.031 0.07 0.037;0.128 0.097 0.084 0.035 0.066 0.064 0.126 0.099 0.018 0.049 0.061 0.035 0.07 0.031 0.037;0.128 0.084 0.064 0.018 0.035 0.097 0.035 0.066 0.126 0.049 0.07 0.099 0.031 0.061 0.037;
0.124 0.104 0.076 0.091 0.087 0.094 0.031 0.055 0.032 0.067 0.03 0.045 0.028 0.096 0.04;0.124 0.104 0.094 0.031 0.055 0.076 0.091 0.087 0.032 0.067 0.03 0.045 0.096 0.028 0.04;0.124 0.094 0.076 0.032 0.045 0.104 0.031 0.055 0.091 0.067 0.096 0.087 0.028 0.03 0.04;
0.124 0.103 0.077 0.085 0.093 0.122 0.036 0.061 0.018 0.047 0.029 0.047 0.036 0.086 0.036;0.124 0.103 0.122 0.036 0.061 0.077 0.085 0.093 0.018 0.047 0.029 0.047 0.086 0.036 0.036;0.124 0.122 0.077 0.018 0.047 0.103 0.036 0.061 0.085 0.047 0.086 0.093 0.036 0.029 0.036;
0.116 0.105 0.077 0.112 0.082 0.095 0.03 0.073 0.015 0.06 0.037 0.048 0.032 0.088 0.03;0.116 0.105 0.095 0.03 0.073 0.077 0.112 0.082 0.015 0.06 0.037 0.048 0.088 0.032 0.03;0.116 0.095 0.077 0.015 0.048 0.105 0.03 0.073 0.112 0.06 0.088 0.082 0.032 0.037 0.03;
0.114 0.103 0.059 0.1 0.077 0.11 0.035 0.069 0.02 0.071 0.04 0.047 0.038 0.085 0.032;0.114 0.103 0.11 0.035 0.069 0.059 0.1 0.077 0.02 0.071 0.04 0.047 0.085 0.038 0.032;0.114 0.11 0.059 0.02 0.047 0.103 0.035 0.069 0.1 0.071 0.085 0.077 0.038 0.04 0.032;
0.121 0.089 0.059 0.131 0.086 0.086 0.021 0.061 0.024 0.073 0.039 0.045 0.034 0.094 0.037;0.121 0.089 0.086 0.021 0.061 0.059 0.131 0.086 0.024 0.073 0.039 0.045 0.094 0.034 0.037;0.121 0.086 0.059 0.024 0.045 0.089 0.021 0.061 0.131 0.073 0.094 0.086 0.034 0.039 0.037;
0.133 0.094 0.054 0.102 0.105 0.089 0.029 0.053 0.023 0.063 0.039 0.049 0.039 0.091 0.037;0.133 0.094 0.089 0.029 0.053 0.054 0.102 0.105 0.023 0.063 0.039 0.049 0.091 0.039 0.037;0.133 0.089 0.054 0.023 0.049 0.094 0.029 0.053 0.102 0.063 0.091 0.105 0.039 0.039 0.037;
0.127 0.105 0.062 0.114 0.088 0.083 0.026 0.052 0.02 0.072 0.046 0.041 0.045 0.082 0.037;0.127 0.105 0.083 0.026 0.052 0.062 0.114 0.088 0.02 0.072 0.046 0.041 0.082 0.045 0.037;0.127 0.083 0.062 0.02 0.041 0.105 0.026 0.052 0.114 0.072 0.082 0.088 0.045 0.046 0.037;
0.15 0.091 0.053 0.113 0.094 0.109 0.031 0.052 0.025 0.059 0.048 0.026 0.029 0.085 0.035;0.15 0.091 0.109 0.031 0.052 0.053 0.113 0.094 0.025 0.059 0.048 0.026 0.085 0.029 0.035;0.15 0.109 0.053 0.025 0.026 0.091 0.031 0.052 0.113 0.059 0.085 0.094 0.029 0.048 0.035;
0.117 0.113 0.067 0.128 0.07 0.092 0.029 0.055 0.027 0.06 0.053 0.038 0.037 0.085 0.029;0.117 0.113 0.092 0.029 0.055 0.067 0.128 0.07 0.027 0.06 0.053 0.038 0.085 0.037 0.029;0.117 0.092 0.067 0.027 0.038 0.113 0.029 0.055 0.128 0.06 0.085 0.07 0.037 0.053 0.029;
0.121 0.109 0.065 0.103 0.084 0.102 0.035 0.058 0.02 0.06 0.052 0.044 0.033 0.078 0.036;0.121 0.109 0.102 0.035 0.058 0.065 0.103 0.084 0.02 0.06 0.052 0.044 0.078 0.033 0.036;0.121 0.102 0.065 0.02 0.044 0.109 0.035 0.058 0.103 0.06 0.078 0.084 0.033 0.052 0.036;
0.123 0.089 0.061 0.112 0.089 0.114 0.024 0.053 0.032 0.061 0.033 0.045 0.028 0.096 0.04;0.123 0.089 0.114 0.024 0.053 0.061 0.112 0.089 0.032 0.061 0.033 0.045 0.096 0.028 0.04;0.123 0.114 0.061 0.032 0.045 0.089 0.024 0.053 0.112 0.061 0.096 0.089 0.028 0.033 0.04;
0.14 0.085 0.073 0.125 0.064 0.088 0.03 0.057 0.028 0.059 0.043 0.049 0.044 0.084 0.031;0.14 0.085 0.088 0.03 0.057 0.073 0.125 0.064 0.028 0.059 0.043 0.049 0.084 0.044 0.031;0.14 0.088 0.073 0.028 0.049 0.085 0.03 0.057 0.125 0.059 0.084 0.064 0.044 0.043 0.031;
0.129 0.081 0.061 0.124 0.09 0.112 0.023 0.058 0.026 0.063 0.042 0.043 0.028 0.094 0.026;0.129 0.081 0.112 0.023 0.058 0.061 0.124 0.09 0.026 0.063 0.042 0.043 0.094 0.028 0.026;0.129 0.112 0.061 0.026 0.043 0.081 0.023 0.058 0.124 0.063 0.094 0.09 0.028 0.042 0.026;
0.132 0.085 0.071 0.112 0.08 0.098 0.033 0.051 0.028 0.053 0.051 0.047 0.042 0.075 0.042;0.132 0.085 0.098 0.033 0.051 0.071 0.112 0.08 0.028 0.053 0.051 0.047 0.075 0.042 0.042;0.132 0.098 0.071 0.028 0.047 0.085 0.033 0.051 0.112 0.053 0.075 0.08 0.042 0.051 0.042;
0.127 0.099 0.065 0.101 0.094 0.098 0.031 0.059 0.025 0.062 0.045 0.029 0.037 0.087 0.041;0.127 0.099 0.098 0.031 0.059 0.065 0.101 0.094 0.025 0.062 0.045 0.029 0.087 0.037 0.041;0.127 0.098 0.065 0.025 0.029 0.099 0.031 0.059 0.101 0.062 0.087 0.094 0.037 0.045 0.041;
0.12 0.089 0.065 0.133 0.082 0.093 0.032 0.053 0.024 0.062 0.048 0.045 0.039 0.085 0.03;0.12 0.089 0.093 0.032 0.053 0.065 0.133 0.082 0.024 0.062 0.048 0.045 0.085 0.039 0.03;0.12 0.093 0.065 0.024 0.045 0.089 0.032 0.053 0.133 0.062 0.085 0.082 0.039 0.048 0.03;
0.113 0.094 0.073 0.105 0.082 0.112 0.032 0.055 0.017 0.066 0.042 0.046 0.042 0.087 0.034;0.113 0.094 0.112 0.032 0.055 0.073 0.105 0.082 0.017 0.066 0.042 0.046 0.087 0.042 0.034;0.113 0.112 0.073 0.017 0.046 0.094 0.032 0.055 0.105 0.066 0.087 0.082 0.042 0.042 0.034;
0.129 0.102 0.053 0.12 0.077 0.104 0.03 0.045 0.026 0.074 0.039 0.055 0.025 0.083 0.038;0.129 0.102 0.104 0.03 0.045 0.053 0.12 0.077 0.026 0.074 0.039 0.055 0.083 0.025 0.038;0.129 0.104 0.053 0.026 0.055 0.102 0.03 0.045 0.12 0.074 0.083 0.077 0.025 0.039 0.038;
0.125 0.097 0.059 0.111 0.1 0.097 0.021 0.067 0.023 0.052 0.047 0.041 0.034 0.091 0.035;0.125 0.097 0.097 0.021 0.067 0.059 0.111 0.1 0.023 0.052 0.047 0.041 0.091 0.034 0.035;0.125 0.097 0.059 0.023 0.041 0.097 0.021 0.067 0.111 0.052 0.091 0.1 0.034 0.047 0.035;
0.131 0.106 0.056 0.105 0.089 0.103 0.028 0.073 0.02 0.067 0.043 0.037 0.033 0.087 0.022;0.131 0.106 0.103 0.028 0.073 0.056 0.105 0.089 0.02 0.067 0.043 0.037 0.087 0.033 0.022;0.131 0.103 0.056 0.02 0.037 0.106 0.028 0.073 0.105 0.067 0.087 0.089 0.033 0.043 0.022;
0.136 0.091 0.049 0.099 0.081 0.117 0.035 0.045 0.035 0.054 0.034 0.053 0.038 0.101 0.032;0.136 0.091 0.117 0.035 0.045 0.049 0.099 0.081 0.035 0.054 0.034 0.053 0.101 0.038 0.032;0.136 0.117 0.049 0.035 0.053 0.091 0.035 0.045 0.099 0.054 0.101 0.081 0.038 0.034 0.032;
0.123 0.09 0.062 0.116 0.087 0.109 0.036 0.048 0.019 0.061 0.041 0.044 0.046 0.085 0.033;0.123 0.09 0.109 0.036 0.048 0.062 0.116 0.087 0.019 0.061 0.041 0.044 0.085 0.046 0.033;0.123 0.109 0.062 0.019 0.044 0.09 0.036 0.048 0.116 0.061 0.085 0.087 0.046 0.041 0.033;
0.108 0.11 0.062 0.1 0.09 0.11 0.034 0.051 0.014 0.065 0.049 0.046 0.034 0.086 0.041;0.108 0.11 0.11 0.034 0.051 0.062 0.1 0.09 0.014 0.065 0.049 0.046 0.086 0.034 0.041;0.108 0.11 0.062 0.014 0.046 0.11 0.034 0.051 0.1 0.065 0.086 0.09 0.034 0.049 0.041;
0.13 0.111 0.057 0.106 0.079 0.119 0.024 0.065 0.029 0.053 0.043 0.03 0.048 0.075 0.031;0.13 0.111 0.119 0.024 0.065 0.057 0.106 0.079 0.029 0.053 0.043 0.03 0.075 0.048 0.031;0.13 0.119 0.057 0.029 0.03 0.111 0.024 0.065 0.106 0.053 0.075 0.079 0.048 0.043 0.031;
0.132 0.11 0.049 0.097 0.085 0.098 0.029 0.052 0.02 0.071 0.041 0.046 0.047 0.093 0.03;0.132 0.11 0.098 0.029 0.052 0.049 0.097 0.085 0.02 0.071 0.041 0.046 0.093 0.047 0.03;0.132 0.098 0.049 0.02 0.046 0.11 0.029 0.052 0.097 0.071 0.093 0.085 0.047 0.041 0.03;
0.122 0.095 0.062 0.124 0.091 0.104 0.04 0.052 0.025 0.065 0.03 0.029 0.034 0.1 0.027;0.122 0.095 0.104 0.04 0.052 0.062 0.124 0.091 0.025 0.065 0.03 0.029 0.1 0.034 0.027;0.122 0.104 0.062 0.025 0.029 0.095 0.04 0.052 0.124 0.065 0.1 0.091 0.034 0.03 0.027;
0.127 0.101 0.058 0.12 0.084 0.097 0.033 0.06 0.029 0.059 0.047 0.041 0.026 0.079 0.039;0.127 0.101 0.097 0.033 0.06 0.058 0.12 0.084 0.029 0.059 0.047 0.041 0.079 0.026 0.039;0.127 0.097 0.058 0.029 0.041 0.101 0.033 0.06 0.12 0.059 0.079 0.084 0.026 0.047 0.039;
0.126 0.108 0.074 0.099 0.078 0.099 0.034 0.046 0.022 0.067 0.048 0.045 0.03 0.086 0.038;0.126 0.108 0.099 0.034 0.046 0.074 0.099 0.078 0.022 0.067 0.048 0.045 0.086 0.03 0.038;0.126 0.099 0.074 0.022 0.045 0.108 0.034 0.046 0.099 0.067 0.086 0.078 0.03 0.048 0.038;
0.131 0.116 0.072 0.094 0.085 0.108 0.027 0.053 0.028 0.059 0.042 0.04 0.028 0.092 0.025;0.131 0.116 0.108 0.027 0.053 0.072 0.094 0.085 0.028 0.059 0.042 0.04 0.092 0.028 0.025;0.131 0.108 0.072 0.028 0.04 0.116 0.027 0.053 0.094 0.059 0.092 0.085 0.028 0.042 0.025;
0.117 0.117 0.066 0.094 0.092 0.101 0.023 0.066 0.022 0.053 0.049 0.043 0.033 0.096 0.028;0.117 0.117 0.101 0.023 0.066 0.066 0.094 0.092 0.022 0.053 0.049 0.043 0.096 0.033 0.028;0.117 0.101 0.066 0.022 0.043 0.117 0.023 0.066 0.094 0.053 0.096 0.092 0.033 0.049 0.028;
0.12 0.117 0.062 0.088 0.092 0.096 0.029 0.05 0.024 0.061 0.051 0.048 0.037 0.086 0.039;0.12 0.117 0.096 0.029 0.05 0.062 0.088 0.092 0.024 0.061 0.051 0.048 0.086 0.037 0.039;0.12 0.096 0.062 0.024 0.048 0.117 0.029 0.05 0.088 0.061 0.086 0.092 0.037 0.051 0.039;
0.113 0.112 0.056 0.099 0.084 0.099 0.04 0.048 0.027 0.064 0.05 0.034 0.039 0.094 0.041;0.113 0.112 0.099 0.04 0.048 0.056 0.099 0.084 0.027 0.064 0.05 0.034 0.094 0.039 0.041;0.113 0.099 0.056 0.027 0.034 0.112 0.04 0.048 0.099 0.064 0.094 0.084 0.039 0.05 0.041;
0.113 0.099 0.057 0.119 0.078 0.102 0.031 0.052 0.034 0.067 0.04 0.04 0.034 0.105 0.029;0.113 0.099 0.102 0.031 0.052 0.057 0.119 0.078 0.034 0.067 0.04 0.04 0.105 0.034 0.029;0.113 0.102 0.057 0.034 0.04 0.099 0.031 0.052 0.119 0.067 0.105 0.078 0.034 0.04 0.029;
0.133 0.104 0.057 0.126 0.085 0.111 0.028 0.058 0.019 0.07 0.038 0.033 0.028 0.084 0.026;0.133 0.104 0.111 0.028 0.058 0.057 0.126 0.085 0.019 0.07 0.038 0.033 0.084 0.028 0.026;0.133 0.111 0.057 0.019 0.033 0.104 0.028 0.058 0.126 0.07 0.084 0.085 0.028 0.038 0.026;
0.107 0.104 0.066 0.113 0.095 0.098 0.018 0.08 0.023 0.058 0.037 0.04 0.033 0.086 0.042;0.107 0.104 0.098 0.018 0.08 0.066 0.113 0.095 0.023 0.058 0.037 0.04 0.086 0.033 0.042;0.107 0.098 0.066 0.023 0.04 0.104 0.018 0.08 0.113 0.058 0.086 0.095 0.033 0.037 0.042;
0.123 0.103 0.073 0.101 0.079 0.106 0.028 0.046 0.022 0.064 0.046 0.04 0.037 0.089 0.043;0.123 0.103 0.106 0.028 0.046 0.073 0.101 0.079 0.022 0.064 0.046 0.04 0.089 0.037 0.043;0.123 0.106 0.073 0.022 0.04 0.103 0.028 0.046 0.101 0.064 0.089 0.079 0.037 0.046 0.043;
0.123 0.106 0.059 0.105 0.092 0.097 0.033 0.057 0.018 0.06 0.05 0.026 0.035 0.102 0.037;0.123 0.106 0.097 0.033 0.057 0.059 0.105 0.092 0.018 0.06 0.05 0.026 0.102 0.035 0.037;0.123 0.097 0.059 0.018 0.026 0.106 0.033 0.057 0.105 0.06 0.102 0.092 0.035 0.05 0.037;
0.111 0.089 0.064 0.116 0.088 0.098 0.038 0.064 0.023 0.065 0.045 0.039 0.034 0.094 0.032;0.111 0.089 0.098 0.038 0.064 0.064 0.116 0.088 0.023 0.065 0.045 0.039 0.094 0.034 0.032;0.111 0.098 0.064 0.023 0.039 0.089 0.038 0.064 0.116 0.065 0.094 0.088 0.034 0.045 0.032;
0.118 0.096 0.061 0.117 0.092 0.087 0.041 0.045 0.018 0.071 0.035 0.054 0.031 0.093 0.041;0.118 0.096 0.087 0.041 0.045 0.061 0.117 0.092 0.018 0.071 0.035 0.054 0.093 0.031 0.041;0.118 0.087 0.061 0.018 0.054 0.096 0.041 0.045 0.117 0.071 0.093 0.092 0.031 0.035 0.041;
0.108 0.103 0.052 0.104 0.081 0.088 0.037 0.065 0.03 0.066 0.051 0.047 0.036 0.091 0.041;0.108 0.103 0.088 0.037 0.065 0.052 0.104 0.081 0.03 0.066 0.051 0.047 0.091 0.036 0.041;0.108 0.088 0.052 0.03 0.047 0.103 0.037 0.065 0.104 0.066 0.091 0.081 0.036 0.051 0.041;
0.119 0.088 0.06 0.113 0.085 0.099 0.024 0.06 0.029 0.074 0.056 0.036 0.032 0.086 0.039;0.119 0.088 0.099 0.024 0.06 0.06 0.113 0.085 0.029 0.074 0.056 0.036 0.086 0.032 0.039;0.119 0.099 0.06 0.029 0.036 0.088 0.024 0.06 0.113 0.074 0.086 0.085 0.032 0.056 0.039;
0.119 0.112 0.07 0.113 0.076 0.101 0.029 0.059 0.023 0.064 0.04 0.044 0.042 0.078 0.03;0.119 0.112 0.101 0.029 0.059 0.07 0.113 0.076 0.023 0.064 0.04 0.044 0.078 0.042 0.03;0.119 0.101 0.07 0.023 0.044 0.112 0.029 0.059 0.113 0.064 0.078 0.076 0.042 0.04 0.03;
0.118 0.095 0.072 0.113 0.083 0.105 0.037 0.038 0.024 0.07 0.043 0.047 0.032 0.096 0.027;0.118 0.095 0.105 0.037 0.038 0.072 0.113 0.083 0.024 0.07 0.043 0.047 0.096 0.032 0.027;0.118 0.105 0.072 0.024 0.047 0.095 0.037 0.038 0.113 0.07 0.096 0.083 0.032 0.043 0.027;
0.111 0.094 0.069 0.107 0.1 0.103 0.038 0.07 0.024 0.073 0.029 0.038 0.039 0.073 0.032;0.111 0.094 0.103 0.038 0.07 0.069 0.107 0.1 0.024 0.073 0.029 0.038 0.073 0.039 0.032;0.111 0.103 0.069 0.024 0.038 0.094 0.038 0.07 0.107 0.073 0.073 0.1 0.039 0.029 0.032;
0.105 0.095 0.058 0.106 0.086 0.097 0.028 0.065 0.031 0.069 0.064 0.035 0.039 0.091 0.031;0.105 0.095 0.097 0.028 0.065 0.058 0.106 0.086 0.031 0.069 0.064 0.035 0.091 0.039 0.031;0.105 0.097 0.058 0.031 0.035 0.095 0.028 0.065 0.106 0.069 0.091 0.086 0.039 0.064 0.031;
0.134 0.1 0.047 0.101 0.089 0.092 0.037 0.044 0.031 0.072 0.043 0.053 0.04 0.088 0.029;0.134 0.1 0.092 0.037 0.044 0.047 0.101 0.089 0.031 0.072 0.043 0.053 0.088 0.04 0.029;0.134 0.092 0.047 0.031 0.053 0.1 0.037 0.044 0.101 0.072 0.088 0.089 0.04 0.043 0.029;
0.122 0.11 0.064 0.115 0.093 0.089 0.021 0.06 0.024 0.052 0.03 0.049 0.05 0.085 0.036;0.122 0.11 0.089 0.021 0.06 0.064 0.115 0.093 0.024 0.052 0.03 0.049 0.085 0.05 0.036;0.122 0.089 0.064 0.024 0.049 0.11 0.021 0.06 0.115 0.052 0.085 0.093 0.05 0.03 0.036;
0.142 0.111 0.07 0.099 0.088 0.084 0.021 0.053 0.03 0.057 0.046 0.048 0.041 0.073 0.037;0.142 0.111 0.084 0.021 0.053 0.07 0.099 0.088 0.03 0.057 0.046 0.048 0.073 0.041 0.037;0.142 0.084 0.07 0.03 0.048 0.111 0.021 0.053 0.099 0.057 0.073 0.088 0.041 0.046 0.037;
0.134 0.097 0.055 0.11 0.084 0.116 0.032 0.049 0.029 0.069 0.044 0.04 0.033 0.078 0.03;0.134 0.097 0.116 0.032 0.049 0.055 0.11 0.084 0.029 0.069 0.044 0.04 0.078 0.033 0.03;0.134 0.116 0.055 0.029 0.04 0.097 0.032 0.049 0.11 0.069 0.078 0.084 0.033 0.044 0.03;
0.102 0.101 0.056 0.1 0.096 0.117 0.026 0.06 0.028 0.058 0.043 0.053 0.033 0.088 0.039;0.102 0.101 0.117 0.026 0.06 0.056 0.1 0.096 0.028 0.058 0.043 0.053 0.088 0.033 0.039;0.102 0.117 0.056 0.028 0.053 0.101 0.026 0.06 0.1 0.058 0.088 0.096 0.033 0.043 0.039;
0.124 0.094 0.058 0.125 0.099 0.113 0.023 0.053 0.021 0.048 0.041 0.047 0.043 0.077 0.034;0.124 0.094 0.113 0.023 0.053 0.058 0.125 0.099 0.021 0.048 0.041 0.047 0.077 0.043 0.034;0.124 0.113 0.058 0.021 0.047 0.094 0.023 0.053 0.125 0.048 0.077 0.099 0.043 0.041 0.034;
0.115 0.102 0.068 0.114 0.089 0.107 0.021 0.055 0.024 0.056 0.045 0.05 0.048 0.076 0.03;0.115 0.102 0.107 0.021 0.055 0.068 0.114 0.089 0.024 0.056 0.045 0.05 0.076 0.048 0.03;0.115 0.107 0.068 0.024 0.05 0.102 0.021 0.055 0.114 0.056 0.076 0.089 0.048 0.045 0.03;
0.133 0.089 0.067 0.113 0.088 0.103 0.025 0.06 0.031 0.053 0.043 0.046 0.038 0.074 0.037;0.133 0.089 0.103 0.025 0.06 0.067 0.113 0.088 0.031 0.053 0.043 0.046 0.074 0.038 0.037;0.133 0.103 0.067 0.031 0.046 0.089 0.025 0.06 0.113 0.053 0.074 0.088 0.038 0.043 0.037;
0.129 0.092 0.063 0.114 0.09 0.113 0.03 0.045 0.023 0.047 0.047 0.045 0.04 0.089 0.033;0.129 0.092 0.113 0.03 0.045 0.063 0.114 0.09 0.023 0.047 0.047 0.045 0.089 0.04 0.033;0.129 0.113 0.063 0.023 0.045 0.092 0.03 0.045 0.114 0.047 0.089 0.09 0.04 0.047 0.033;
0.116 0.105 0.07 0.116 0.082 0.105 0.034 0.047 0.028 0.07 0.035 0.033 0.029 0.094 0.036;0.116 0.105 0.105 0.034 0.047 0.07 0.116 0.082 0.028 0.07 0.035 0.033 0.094 0.029 0.036;0.116 0.105 0.07 0.028 0.033 0.105 0.034 0.047 0.116 0.07 0.094 0.082 0.029 0.035 0.036;
0.123 0.099 0.073 0.085 0.099 0.098 0.035 0.05 0.027 0.069 0.046 0.039 0.033 0.092 0.032;0.123 0.099 0.098 0.035 0.05 0.073 0.085 0.099 0.027 0.069 0.046 0.039 0.092 0.033 0.032;0.123 0.098 0.073 0.027 0.039 0.099 0.035 0.05 0.085 0.069 0.092 0.099 0.033 0.046 0.032;
0.117 0.118 0.062 0.1 0.092 0.119 0.028 0.046 0.028 0.066 0.046 0.043 0.035 0.073 0.027;0.117 0.118 0.119 0.028 0.046 0.062 0.1 0.092 0.028 0.066 0.046 0.043 0.073 0.035 0.027;0.117 0.119 0.062 0.028 0.043 0.118 0.028 0.046 0.1 0.066 0.073 0.092 0.035 0.046 0.027;
0.097 0.106 0.066 0.12 0.084 0.083 0.023 0.062 0.034 0.051 0.041 0.051 0.048 0.096 0.038;0.097 0.106 0.083 0.023 0.062 0.066 0.12 0.084 0.034 0.051 0.041 0.051 0.096 0.048 0.038;0.097 0.083 0.066 0.034 0.051 0.106 0.023 0.062 0.12 0.051 0.096 0.084 0.048 0.041 0.038];