pntP=[0.045 0.066 0.047 0.086 0.094 0.084 0.044 0.084 0.032 0.058 0.064 0.058 0.054 0.106 0.078;0.045 0.066 0.084 0.044 0.084 0.047 0.086 0.094 0.032 0.058 0.064 0.058 0.106 0.054 0.078;0.045 0.084 0.047 0.032 0.058 0.066 0.044 0.084 0.086 0.058 0.106 0.094 0.054 0.064 0.078;
0.037 0.067 0.054 0.071 0.116 0.077 0.044 0.083 0.036 0.063 0.068 0.077 0.057 0.089 0.061;0.037 0.067 0.077 0.044 0.083 0.054 0.071 0.116 0.036 0.063 0.068 0.077 0.089 0.057 0.061;0.037 0.077 0.054 0.036 0.077 0.067 0.044 0.083 0.071 0.063 0.089 0.116 0.057 0.068 0.061;
0.048 0.064 0.058 0.098 0.106 0.08 0.04 0.081 0.026 0.064 0.066 0.07 0.053 0.085 0.061;0.048 0.064 0.08 0.04 0.081 0.058 0.098 0.106 0.026 0.064 0.066 0.07 0.085 0.053 0.061;0.048 0.08 0.058 0.026 0.07 0.064 0.04 0.081 0.098 0.064 0.085 0.106 0.053 0.066 0.061;
0.033 0.087 0.055 0.074 0.107 0.071 0.05 0.072 0.043 0.05 0.058 0.072 0.066 0.104 0.058;0.033 0.087 0.071 0.05 0.072 0.055 0.074 0.107 0.043 0.05 0.058 0.072 0.104 0.066 0.058;0.033 0.071 0.055 0.043 0.072 0.087 0.05 0.072 0.074 0.05 0.104 0.107 0.066 0.058 0.058;
0.037 0.068 0.041 0.079 0.112 0.08 0.042 0.086 0.042 0.057 0.072 0.068 0.063 0.1 0.053;0.037 0.068 0.08 0.042 0.086 0.041 0.079 0.112 0.042 0.057 0.072 0.068 0.1 0.063 0.053;0.037 0.08 0.041 0.042 0.068 0.068 0.042 0.086 0.079 0.057 0.1 0.112 0.063 0.072 0.053;
0.042 0.077 0.061 0.092 0.096 0.067 0.043 0.081 0.035 0.051 0.059 0.064 0.057 0.096 0.079;0.042 0.077 0.067 0.043 0.081 0.061 0.092 0.096 0.035 0.051 0.059 0.064 0.096 0.057 0.079;0.042 0.067 0.061 0.035 0.064 0.077 0.043 0.081 0.092 0.051 0.096 0.096 0.057 0.059 0.079;
0.052 0.077 0.055 0.066 0.111 0.059 0.041 0.083 0.039 0.053 0.071 0.069 0.066 0.105 0.053;0.052 0.077 0.059 0.041 0.083 0.055 0.066 0.111 0.039 0.053 0.071 0.069 0.105 0.066 0.053;0.052 0.059 0.055 0.039 0.069 0.077 0.041 0.083 0.066 0.053 0.105 0.111 0.066 0.071 0.053;
0.043 0.07 0.058 0.092 0.106 0.078 0.034 0.085 0.024 0.055 0.077 0.052 0.069 0.088 0.069;0.043 0.07 0.078 0.034 0.085 0.058 0.092 0.106 0.024 0.055 0.077 0.052 0.088 0.069 0.069;0.043 0.078 0.058 0.024 0.052 0.07 0.034 0.085 0.092 0.055 0.088 0.106 0.069 0.077 0.069;
0.035 0.065 0.037 0.092 0.105 0.068 0.035 0.086 0.033 0.054 0.078 0.069 0.069 0.106 0.068;0.035 0.065 0.068 0.035 0.086 0.037 0.092 0.105 0.033 0.054 0.078 0.069 0.106 0.069 0.068;0.035 0.068 0.037 0.033 0.069 0.065 0.035 0.086 0.092 0.054 0.106 0.105 0.069 0.078 0.068;
0.048 0.068 0.042 0.079 0.11 0.071 0.04 0.074 0.033 0.051 0.07 0.062 0.068 0.118 0.066;0.048 0.068 0.071 0.04 0.074 0.042 0.079 0.11 0.033 0.051 0.07 0.062 0.118 0.068 0.066;0.048 0.071 0.042 0.033 0.062 0.068 0.04 0.074 0.079 0.051 0.118 0.11 0.068 0.07 0.066;
0.044 0.077 0.061 0.08 0.111 0.092 0.044 0.067 0.018 0.054 0.066 0.056 0.073 0.097 0.06;0.044 0.077 0.092 0.044 0.067 0.061 0.08 0.111 0.018 0.054 0.066 0.056 0.097 0.073 0.06;0.044 0.092 0.061 0.018 0.056 0.077 0.044 0.067 0.08 0.054 0.097 0.111 0.073 0.066 0.06;
0.04 0.081 0.061 0.073 0.109 0.067 0.047 0.082 0.025 0.048 0.066 0.064 0.063 0.093 0.081;0.04 0.081 0.067 0.047 0.082 0.061 0.073 0.109 0.025 0.048 0.066 0.064 0.093 0.063 0.081;0.04 0.067 0.061 0.025 0.064 0.081 0.047 0.082 0.073 0.048 0.093 0.109 0.063 0.066 0.081;
0.059 0.068 0.058 0.085 0.096 0.075 0.046 0.083 0.034 0.046 0.073 0.069 0.06 0.091 0.057;0.059 0.068 0.075 0.046 0.083 0.058 0.085 0.096 0.034 0.046 0.073 0.069 0.091 0.06 0.057;0.059 0.075 0.058 0.034 0.069 0.068 0.046 0.083 0.085 0.046 0.091 0.096 0.06 0.073 0.057;
0.046 0.084 0.046 0.075 0.098 0.064 0.047 0.079 0.035 0.054 0.062 0.077 0.057 0.102 0.074;0.046 0.084 0.064 0.047 0.079 0.046 0.075 0.098 0.035 0.054 0.062 0.077 0.102 0.057 0.074;0.046 0.064 0.046 0.035 0.077 0.084 0.047 0.079 0.075 0.054 0.102 0.098 0.057 0.062 0.074;
0.045 0.075 0.057 0.083 0.091 0.064 0.052 0.073 0.04 0.055 0.069 0.054 0.076 0.111 0.055;0.045 0.075 0.064 0.052 0.073 0.057 0.083 0.091 0.04 0.055 0.069 0.054 0.111 0.076 0.055;0.045 0.064 0.057 0.04 0.054 0.075 0.052 0.073 0.083 0.055 0.111 0.091 0.076 0.069 0.055;
0.044 0.08 0.062 0.085 0.091 0.048 0.042 0.079 0.043 0.062 0.066 0.067 0.066 0.092 0.073;0.044 0.08 0.048 0.042 0.079 0.062 0.085 0.091 0.043 0.062 0.066 0.067 0.092 0.066 0.073;0.044 0.048 0.062 0.043 0.067 0.08 0.042 0.079 0.085 0.062 0.092 0.091 0.066 0.066 0.073;
0.056 0.068 0.049 0.084 0.103 0.069 0.042 0.072 0.023 0.057 0.07 0.075 0.069 0.093 0.07;0.056 0.068 0.069 0.042 0.072 0.049 0.084 0.103 0.023 0.057 0.07 0.075 0.093 0.069 0.07;0.056 0.069 0.049 0.023 0.075 0.068 0.042 0.072 0.084 0.057 0.093 0.103 0.069 0.07 0.07;
0.033 0.095 0.052 0.091 0.106 0.068 0.038 0.095 0.029 0.054 0.057 0.074 0.058 0.086 0.064;0.033 0.095 0.068 0.038 0.095 0.052 0.091 0.106 0.029 0.054 0.057 0.074 0.086 0.058 0.064;0.033 0.068 0.052 0.029 0.074 0.095 0.038 0.095 0.091 0.054 0.086 0.106 0.058 0.057 0.064;
0.041 0.071 0.053 0.078 0.082 0.082 0.04 0.091 0.031 0.052 0.082 0.061 0.061 0.109 0.066;0.041 0.071 0.082 0.04 0.091 0.053 0.078 0.082 0.031 0.052 0.082 0.061 0.109 0.061 0.066;0.041 0.082 0.053 0.031 0.061 0.071 0.04 0.091 0.078 0.052 0.109 0.082 0.061 0.082 0.066;
0.048 0.064 0.049 0.083 0.09 0.089 0.049 0.083 0.048 0.051 0.077 0.068 0.06 0.082 0.059;0.048 0.064 0.089 0.049 0.083 0.049 0.083 0.09 0.048 0.051 0.077 0.068 0.082 0.06 0.059;0.048 0.089 0.049 0.048 0.068 0.064 0.049 0.083 0.083 0.051 0.082 0.09 0.06 0.077 0.059;
0.035 0.099 0.053 0.085 0.101 0.066 0.027 0.082 0.026 0.057 0.077 0.085 0.059 0.094 0.054;0.035 0.099 0.066 0.027 0.082 0.053 0.085 0.101 0.026 0.057 0.077 0.085 0.094 0.059 0.054;0.035 0.066 0.053 0.026 0.085 0.099 0.027 0.082 0.085 0.057 0.094 0.101 0.059 0.077 0.054;
0.035 0.085 0.052 0.102 0.104 0.069 0.035 0.067 0.031 0.053 0.069 0.06 0.079 0.097 0.062;0.035 0.085 0.069 0.035 0.067 0.052 0.102 0.104 0.031 0.053 0.069 0.06 0.097 0.079 0.062;0.035 0.069 0.052 0.031 0.06 0.085 0.035 0.067 0.102 0.053 0.097 0.104 0.079 0.069 0.062;
0.033 0.076 0.049 0.065 0.128 0.085 0.044 0.076 0.037 0.043 0.067 0.063 0.078 0.082 0.074;0.033 0.076 0.085 0.044 0.076 0.049 0.065 0.128 0.037 0.043 0.067 0.063 0.082 0.078 0.074;0.033 0.085 0.049 0.037 0.063 0.076 0.044 0.076 0.065 0.043 0.082 0.128 0.078 0.067 0.074;
0.033 0.083 0.053 0.087 0.09 0.078 0.055 0.099 0.038 0.059 0.057 0.059 0.059 0.097 0.053;0.033 0.083 0.078 0.055 0.099 0.053 0.087 0.09 0.038 0.059 0.057 0.059 0.097 0.059 0.053;0.033 0.078 0.053 0.038 0.059 0.083 0.055 0.099 0.087 0.059 0.097 0.09 0.059 0.057 0.053;
0.043 0.072 0.042 0.08 0.103 0.079 0.037 0.08 0.036 0.058 0.064 0.06 0.073 0.109 0.064;0.043 0.072 0.079 0.037 0.08 0.042 0.08 0.103 0.036 0.058 0.064 0.06 0.109 0.073 0.064;0.043 0.079 0.042 0.036 0.06 0.072 0.037 0.08 0.08 0.058 0.109 0.103 0.073 0.064 0.064;
0.034 0.075 0.052 0.073 0.091 0.072 0.052 0.081 0.036 0.055 0.065 0.066 0.064 0.105 0.079;0.034 0.075 0.072 0.052 0.081 0.052 0.073 0.091 0.036 0.055 0.065 0.066 0.105 0.064 0.079;0.034 0.072 0.052 0.036 0.066 0.075 0.052 0.081 0.073 0.055 0.105 0.091 0.064 0.065 0.079;
0.063 0.059 0.055 0.085 0.103 0.075 0.043 0.064 0.034 0.049 0.066 0.062 0.075 0.107 0.06;0.063 0.059 0.075 0.043 0.064 0.055 0.085 0.103 0.034 0.049 0.066 0.062 0.107 0.075 0.06;0.063 0.075 0.055 0.034 0.062 0.059 0.043 0.064 0.085 0.049 0.107 0.103 0.075 0.066 0.06;
0.048 0.082 0.051 0.079 0.09 0.078 0.044 0.089 0.031 0.059 0.056 0.062 0.064 0.109 0.058;0.048 0.082 0.078 0.044 0.089 0.051 0.079 0.09 0.031 0.059 0.056 0.062 0.109 0.064 0.058;0.048 0.078 0.051 0.031 0.062 0.082 0.044 0.089 0.079 0.059 0.109 0.09 0.064 0.056 0.058;
0.042 0.086 0.055 0.081 0.1 0.082 0.032 0.088 0.03 0.052 0.069 0.047 0.065 0.103 0.068;0.042 0.086 0.082 0.032 0.088 0.055 0.081 0.1 0.03 0.052 0.069 0.047 0.103 0.065 0.068;0.042 0.082 0.055 0.03 0.047 0.086 0.032 0.088 0.081 0.052 0.103 0.1 0.065 0.069 0.068;
0.041 0.069 0.051 0.084 0.098 0.064 0.04 0.091 0.031 0.052 0.064 0.073 0.072 0.091 0.079;0.041 0.069 0.064 0.04 0.091 0.051 0.084 0.098 0.031 0.052 0.064 0.073 0.091 0.072 0.079;0.041 0.064 0.051 0.031 0.073 0.069 0.04 0.091 0.084 0.052 0.091 0.098 0.072 0.064 0.079;
0.031 0.083 0.05 0.075 0.13 0.076 0.036 0.064 0.038 0.051 0.074 0.061 0.068 0.097 0.066;0.031 0.083 0.076 0.036 0.064 0.05 0.075 0.13 0.038 0.051 0.074 0.061 0.097 0.068 0.066;0.031 0.076 0.05 0.038 0.061 0.083 0.036 0.064 0.075 0.051 0.097 0.13 0.068 0.074 0.066;
0.041 0.079 0.048 0.072 0.099 0.072 0.048 0.084 0.027 0.053 0.073 0.062 0.069 0.103 0.07;0.041 0.079 0.072 0.048 0.084 0.048 0.072 0.099 0.027 0.053 0.073 0.062 0.103 0.069 0.07;0.041 0.072 0.048 0.027 0.062 0.079 0.048 0.084 0.072 0.053 0.103 0.099 0.069 0.073 0.07;
0.049 0.077 0.056 0.08 0.1 0.066 0.04 0.092 0.034 0.048 0.072 0.062 0.059 0.099 0.066;0.049 0.077 0.066 0.04 0.092 0.056 0.08 0.1 0.034 0.048 0.072 0.062 0.099 0.059 0.066;0.049 0.066 0.056 0.034 0.062 0.077 0.04 0.092 0.08 0.048 0.099 0.1 0.059 0.072 0.066;
0.051 0.073 0.064 0.082 0.109 0.077 0.038 0.084 0.03 0.05 0.055 0.051 0.072 0.098 0.066;0.051 0.073 0.077 0.038 0.084 0.064 0.082 0.109 0.03 0.05 0.055 0.051 0.098 0.072 0.066;0.051 0.077 0.064 0.03 0.051 0.073 0.038 0.084 0.082 0.05 0.098 0.109 0.072 0.055 0.066;
0.048 0.06 0.046 0.071 0.103 0.081 0.044 0.084 0.049 0.047 0.084 0.065 0.06 0.094 0.064;0.048 0.06 0.081 0.044 0.084 0.046 0.071 0.103 0.049 0.047 0.084 0.065 0.094 0.06 0.064;0.048 0.081 0.046 0.049 0.065 0.06 0.044 0.084 0.071 0.047 0.094 0.103 0.06 0.084 0.064;
0.046 0.066 0.063 0.081 0.095 0.081 0.042 0.087 0.038 0.047 0.052 0.073 0.068 0.101 0.06;0.046 0.066 0.081 0.042 0.087 0.063 0.081 0.095 0.038 0.047 0.052 0.073 0.101 0.068 0.06;0.046 0.081 0.063 0.038 0.073 0.066 0.042 0.087 0.081 0.047 0.101 0.095 0.068 0.052 0.06;
0.054 0.077 0.052 0.08 0.09 0.076 0.034 0.071 0.031 0.047 0.071 0.063 0.065 0.108 0.081;0.054 0.077 0.076 0.034 0.071 0.052 0.08 0.09 0.031 0.047 0.071 0.063 0.108 0.065 0.081;0.054 0.076 0.052 0.031 0.063 0.077 0.034 0.071 0.08 0.047 0.108 0.09 0.065 0.071 0.081;
0.044 0.086 0.043 0.069 0.09 0.063 0.046 0.089 0.038 0.063 0.067 0.061 0.063 0.1 0.078;0.044 0.086 0.063 0.046 0.089 0.043 0.069 0.09 0.038 0.063 0.067 0.061 0.1 0.063 0.078;0.044 0.063 0.043 0.038 0.061 0.086 0.046 0.089 0.069 0.063 0.1 0.09 0.063 0.067 0.078;
0.035 0.071 0.048 0.09 0.114 0.068 0.043 0.087 0.033 0.05 0.071 0.055 0.069 0.098 0.068;0.035 0.071 0.068 0.043 0.087 0.048 0.09 0.114 0.033 0.05 0.071 0.055 0.098 0.069 0.068;0.035 0.068 0.048 0.033 0.055 0.071 0.043 0.087 0.09 0.05 0.098 0.114 0.069 0.071 0.068;
0.044 0.071 0.063 0.076 0.103 0.092 0.04 0.096 0.022 0.048 0.074 0.065 0.059 0.094 0.053;0.044 0.071 0.092 0.04 0.096 0.063 0.076 0.103 0.022 0.048 0.074 0.065 0.094 0.059 0.053;0.044 0.092 0.063 0.022 0.065 0.071 0.04 0.096 0.076 0.048 0.094 0.103 0.059 0.074 0.053;
0.045 0.065 0.043 0.087 0.094 0.076 0.047 0.082 0.036 0.061 0.067 0.066 0.063 0.101 0.067;0.045 0.065 0.076 0.047 0.082 0.043 0.087 0.094 0.036 0.061 0.067 0.066 0.101 0.063 0.067;0.045 0.076 0.043 0.036 0.066 0.065 0.047 0.082 0.087 0.061 0.101 0.094 0.063 0.067 0.067;
0.036 0.095 0.043 0.084 0.097 0.074 0.038 0.091 0.045 0.052 0.065 0.06 0.074 0.092 0.054;0.036 0.095 0.074 0.038 0.091 0.043 0.084 0.097 0.045 0.052 0.065 0.06 0.092 0.074 0.054;0.036 0.074 0.043 0.045 0.06 0.095 0.038 0.091 0.084 0.052 0.092 0.097 0.074 0.065 0.054;
0.04 0.068 0.053 0.081 0.113 0.086 0.032 0.093 0.037 0.059 0.056 0.056 0.064 0.095 0.067;0.04 0.068 0.086 0.032 0.093 0.053 0.081 0.113 0.037 0.059 0.056 0.056 0.095 0.064 0.067;0.04 0.086 0.053 0.037 0.056 0.068 0.032 0.093 0.081 0.059 0.095 0.113 0.064 0.056 0.067;
0.038 0.065 0.058 0.07 0.105 0.083 0.051 0.093 0.027 0.043 0.072 0.078 0.062 0.109 0.046;0.038 0.065 0.083 0.051 0.093 0.058 0.07 0.105 0.027 0.043 0.072 0.078 0.109 0.062 0.046;0.038 0.083 0.058 0.027 0.078 0.065 0.051 0.093 0.07 0.043 0.109 0.105 0.062 0.072 0.046;
0.044 0.068 0.071 0.095 0.088 0.072 0.043 0.091 0.026 0.056 0.054 0.072 0.057 0.102 0.061;0.044 0.068 0.072 0.043 0.091 0.071 0.095 0.088 0.026 0.056 0.054 0.072 0.102 0.057 0.061;0.044 0.072 0.071 0.026 0.072 0.068 0.043 0.091 0.095 0.056 0.102 0.088 0.057 0.054 0.061;
0.05 0.07 0.045 0.066 0.128 0.074 0.044 0.076 0.03 0.044 0.064 0.065 0.067 0.104 0.073;0.05 0.07 0.074 0.044 0.076 0.045 0.066 0.128 0.03 0.044 0.064 0.065 0.104 0.067 0.073;0.05 0.074 0.045 0.03 0.065 0.07 0.044 0.076 0.066 0.044 0.104 0.128 0.067 0.064 0.073;
0.049 0.082 0.055 0.072 0.08 0.073 0.035 0.097 0.029 0.045 0.055 0.073 0.061 0.115 0.079;0.049 0.082 0.073 0.035 0.097 0.055 0.072 0.08 0.029 0.045 0.055 0.073 0.115 0.061 0.079;0.049 0.073 0.055 0.029 0.073 0.082 0.035 0.097 0.072 0.045 0.115 0.08 0.061 0.055 0.079;
0.042 0.068 0.045 0.081 0.097 0.067 0.051 0.086 0.034 0.052 0.083 0.053 0.057 0.114 0.07;0.042 0.068 0.067 0.051 0.086 0.045 0.081 0.097 0.034 0.052 0.083 0.053 0.114 0.057 0.07;0.042 0.067 0.045 0.034 0.053 0.068 0.051 0.086 0.081 0.052 0.114 0.097 0.057 0.083 0.07;
0.042 0.082 0.055 0.095 0.092 0.079 0.048 0.068 0.043 0.051 0.064 0.066 0.064 0.088 0.063;0.042 0.082 0.079 0.048 0.068 0.055 0.095 0.092 0.043 0.051 0.064 0.066 0.088 0.064 0.063;0.042 0.079 0.055 0.043 0.066 0.082 0.048 0.068 0.095 0.051 0.088 0.092 0.064 0.064 0.063;
0.042 0.076 0.042 0.099 0.088 0.075 0.04 0.095 0.035 0.045 0.059 0.072 0.069 0.103 0.06;0.042 0.076 0.075 0.04 0.095 0.042 0.099 0.088 0.035 0.045 0.059 0.072 0.103 0.069 0.06;0.042 0.075 0.042 0.035 0.072 0.076 0.04 0.095 0.099 0.045 0.103 0.088 0.069 0.059 0.06;
0.05 0.066 0.043 0.08 0.108 0.081 0.038 0.088 0.027 0.055 0.055 0.061 0.054 0.112 0.082;0.05 0.066 0.081 0.038 0.088 0.043 0.08 0.108 0.027 0.055 0.055 0.061 0.112 0.054 0.082;0.05 0.081 0.043 0.027 0.061 0.066 0.038 0.088 0.08 0.055 0.112 0.108 0.054 0.055 0.082;
0.042 0.072 0.061 0.087 0.106 0.079 0.052 0.087 0.037 0.046 0.059 0.063 0.059 0.103 0.047;0.042 0.072 0.079 0.052 0.087 0.061 0.087 0.106 0.037 0.046 0.059 0.063 0.103 0.059 0.047;0.042 0.079 0.061 0.037 0.063 0.072 0.052 0.087 0.087 0.046 0.103 0.106 0.059 0.059 0.047;
0.034 0.076 0.057 0.085 0.114 0.076 0.033 0.092 0.028 0.049 0.071 0.066 0.071 0.084 0.064;0.034 0.076 0.076 0.033 0.092 0.057 0.085 0.114 0.028 0.049 0.071 0.066 0.084 0.071 0.064;0.034 0.076 0.057 0.028 0.066 0.076 0.033 0.092 0.085 0.049 0.084 0.114 0.071 0.071 0.064;
0.044 0.07 0.056 0.086 0.101 0.068 0.045 0.088 0.032 0.057 0.068 0.063 0.061 0.102 0.059;0.044 0.07 0.068 0.045 0.088 0.056 0.086 0.101 0.032 0.057 0.068 0.063 0.102 0.061 0.059;0.044 0.068 0.056 0.032 0.063 0.07 0.045 0.088 0.086 0.057 0.102 0.101 0.061 0.068 0.059;
0.045 0.091 0.057 0.075 0.107 0.077 0.049 0.102 0.033 0.047 0.063 0.056 0.058 0.089 0.051;0.045 0.091 0.077 0.049 0.102 0.057 0.075 0.107 0.033 0.047 0.063 0.056 0.089 0.058 0.051;0.045 0.077 0.057 0.033 0.056 0.091 0.049 0.102 0.075 0.047 0.089 0.107 0.058 0.063 0.051;
0.056 0.058 0.056 0.093 0.096 0.074 0.039 0.091 0.035 0.045 0.064 0.069 0.056 0.099 0.069;0.056 0.058 0.074 0.039 0.091 0.056 0.093 0.096 0.035 0.045 0.064 0.069 0.099 0.056 0.069;0.056 0.074 0.056 0.035 0.069 0.058 0.039 0.091 0.093 0.045 0.099 0.096 0.056 0.064 0.069;
0.044 0.077 0.05 0.077 0.088 0.089 0.044 0.091 0.022 0.045 0.085 0.069 0.066 0.091 0.062;0.044 0.077 0.089 0.044 0.091 0.05 0.077 0.088 0.022 0.045 0.085 0.069 0.091 0.066 0.062;0.044 0.089 0.05 0.022 0.069 0.077 0.044 0.091 0.077 0.045 0.091 0.088 0.066 0.085 0.062;
0.041 0.072 0.059 0.078 0.104 0.065 0.046 0.091 0.044 0.036 0.061 0.068 0.063 0.103 0.069;0.041 0.072 0.065 0.046 0.091 0.059 0.078 0.104 0.044 0.036 0.061 0.068 0.103 0.063 0.069;0.041 0.065 0.059 0.044 0.068 0.072 0.046 0.091 0.078 0.036 0.103 0.104 0.063 0.061 0.069;
0.043 0.079 0.049 0.094 0.111 0.076 0.038 0.078 0.038 0.059 0.053 0.059 0.062 0.088 0.073;0.043 0.079 0.076 0.038 0.078 0.049 0.094 0.111 0.038 0.059 0.053 0.059 0.088 0.062 0.073;0.043 0.076 0.049 0.038 0.059 0.079 0.038 0.078 0.094 0.059 0.088 0.111 0.062 0.053 0.073;
0.038 0.071 0.067 0.089 0.095 0.074 0.036 0.071 0.034 0.049 0.076 0.067 0.066 0.095 0.072;0.038 0.071 0.074 0.036 0.071 0.067 0.089 0.095 0.034 0.049 0.076 0.067 0.095 0.066 0.072;0.038 0.074 0.067 0.034 0.067 0.071 0.036 0.071 0.089 0.049 0.095 0.095 0.066 0.076 0.072;
0.024 0.063 0.047 0.073 0.105 0.075 0.052 0.089 0.041 0.05 0.066 0.06 0.063 0.107 0.085;0.024 0.063 0.075 0.052 0.089 0.047 0.073 0.105 0.041 0.05 0.066 0.06 0.107 0.063 0.085;0.024 0.075 0.047 0.041 0.06 0.063 0.052 0.089 0.073 0.05 0.107 0.105 0.063 0.066 0.085;
0.044 0.08 0.058 0.072 0.101 0.076 0.049 0.096 0.034 0.052 0.065 0.066 0.05 0.102 0.055;0.044 0.08 0.076 0.049 0.096 0.058 0.072 0.101 0.034 0.052 0.065 0.066 0.102 0.05 0.055;0.044 0.076 0.058 0.034 0.066 0.08 0.049 0.096 0.072 0.052 0.102 0.101 0.05 0.065 0.055;
0.043 0.07 0.06 0.083 0.105 0.064 0.047 0.073 0.029 0.048 0.078 0.056 0.06 0.109 0.075;0.043 0.07 0.064 0.047 0.073 0.06 0.083 0.105 0.029 0.048 0.078 0.056 0.109 0.06 0.075;0.043 0.064 0.06 0.029 0.056 0.07 0.047 0.073 0.083 0.048 0.109 0.105 0.06 0.078 0.075;
0.046 0.072 0.05 0.065 0.093 0.072 0.042 0.082 0.038 0.048 0.078 0.071 0.076 0.094 0.073;0.046 0.072 0.072 0.042 0.082 0.05 0.065 0.093 0.038 0.048 0.078 0.071 0.094 0.076 0.073;0.046 0.072 0.05 0.038 0.071 0.072 0.042 0.082 0.065 0.048 0.094 0.093 0.076 0.078 0.073;
0.054 0.064 0.053 0.086 0.104 0.068 0.04 0.076 0.039 0.056 0.065 0.058 0.06 0.099 0.078;0.054 0.064 0.068 0.04 0.076 0.053 0.086 0.104 0.039 0.056 0.065 0.058 0.099 0.06 0.078;0.054 0.068 0.053 0.039 0.058 0.064 0.04 0.076 0.086 0.056 0.099 0.104 0.06 0.065 0.078;
0.056 0.056 0.047 0.083 0.091 0.073 0.039 0.105 0.041 0.059 0.07 0.068 0.057 0.09 0.065;0.056 0.056 0.073 0.039 0.105 0.047 0.083 0.091 0.041 0.059 0.07 0.068 0.09 0.057 0.065;0.056 0.073 0.047 0.041 0.068 0.056 0.039 0.105 0.083 0.059 0.09 0.091 0.057 0.07 0.065;
0.031 0.089 0.053 0.056 0.101 0.059 0.055 0.083 0.034 0.052 0.083 0.061 0.067 0.115 0.061;0.031 0.089 0.059 0.055 0.083 0.053 0.056 0.101 0.034 0.052 0.083 0.061 0.115 0.067 0.061;0.031 0.059 0.053 0.034 0.061 0.089 0.055 0.083 0.056 0.052 0.115 0.101 0.067 0.083 0.061;
0.045 0.072 0.037 0.097 0.105 0.074 0.04 0.086 0.039 0.062 0.059 0.067 0.067 0.09 0.06;0.045 0.072 0.074 0.04 0.086 0.037 0.097 0.105 0.039 0.062 0.059 0.067 0.09 0.067 0.06;0.045 0.074 0.037 0.039 0.067 0.072 0.04 0.086 0.097 0.062 0.09 0.105 0.067 0.059 0.06;
0.041 0.066 0.062 0.093 0.09 0.086 0.031 0.073 0.043 0.041 0.054 0.079 0.061 0.114 0.066;0.041 0.066 0.086 0.031 0.073 0.062 0.093 0.09 0.043 0.041 0.054 0.079 0.114 0.061 0.066;0.041 0.086 0.062 0.043 0.079 0.066 0.031 0.073 0.093 0.041 0.114 0.09 0.061 0.054 0.066;
0.042 0.086 0.055 0.084 0.101 0.076 0.032 0.083 0.017 0.07 0.061 0.068 0.061 0.105 0.059;0.042 0.086 0.076 0.032 0.083 0.055 0.084 0.101 0.017 0.07 0.061 0.068 0.105 0.061 0.059;0.042 0.076 0.055 0.017 0.068 0.086 0.032 0.083 0.084 0.07 0.105 0.101 0.061 0.061 0.059;
0.044 0.076 0.05 0.08 0.1 0.058 0.053 0.087 0.031 0.059 0.078 0.07 0.072 0.086 0.056;0.044 0.076 0.058 0.053 0.087 0.05 0.08 0.1 0.031 0.059 0.078 0.07 0.086 0.072 0.056;0.044 0.058 0.05 0.031 0.07 0.076 0.053 0.087 0.08 0.059 0.086 0.1 0.072 0.078 0.056;
0.041 0.061 0.059 0.076 0.096 0.074 0.039 0.076 0.037 0.055 0.069 0.076 0.082 0.096 0.063;0.041 0.061 0.074 0.039 0.076 0.059 0.076 0.096 0.037 0.055 0.069 0.076 0.096 0.082 0.063;0.041 0.074 0.059 0.037 0.076 0.061 0.039 0.076 0.076 0.055 0.096 0.096 0.082 0.069 0.063;
0.045 0.068 0.057 0.07 0.113 0.065 0.032 0.078 0.037 0.05 0.071 0.074 0.06 0.108 0.072;0.045 0.068 0.065 0.032 0.078 0.057 0.07 0.113 0.037 0.05 0.071 0.074 0.108 0.06 0.072;0.045 0.065 0.057 0.037 0.074 0.068 0.032 0.078 0.07 0.05 0.108 0.113 0.06 0.071 0.072;
0.038 0.066 0.04 0.076 0.114 0.08 0.042 0.084 0.041 0.049 0.076 0.07 0.063 0.094 0.067;0.038 0.066 0.08 0.042 0.084 0.04 0.076 0.114 0.041 0.049 0.076 0.07 0.094 0.063 0.067;0.038 0.08 0.04 0.041 0.07 0.066 0.042 0.084 0.076 0.049 0.094 0.114 0.063 0.076 0.067;
0.045 0.082 0.062 0.068 0.104 0.068 0.041 0.081 0.028 0.061 0.081 0.063 0.052 0.105 0.059;0.045 0.082 0.068 0.041 0.081 0.062 0.068 0.104 0.028 0.061 0.081 0.063 0.105 0.052 0.059;0.045 0.068 0.062 0.028 0.063 0.082 0.041 0.081 0.068 0.061 0.105 0.104 0.052 0.081 0.059;
0.042 0.075 0.043 0.088 0.083 0.072 0.061 0.082 0.031 0.064 0.073 0.063 0.065 0.1 0.058;0.042 0.075 0.072 0.061 0.082 0.043 0.088 0.083 0.031 0.064 0.073 0.063 0.1 0.065 0.058;0.042 0.072 0.043 0.031 0.063 0.075 0.061 0.082 0.088 0.064 0.1 0.083 0.065 0.073 0.058;
0.035 0.085 0.061 0.074 0.109 0.064 0.04 0.094 0.026 0.052 0.064 0.086 0.063 0.084 0.063;0.035 0.085 0.064 0.04 0.094 0.061 0.074 0.109 0.026 0.052 0.064 0.086 0.084 0.063 0.063;0.035 0.064 0.061 0.026 0.086 0.085 0.04 0.094 0.074 0.052 0.084 0.109 0.063 0.064 0.063;
0.04 0.066 0.039 0.076 0.101 0.082 0.037 0.102 0.036 0.038 0.064 0.086 0.082 0.099 0.052;0.04 0.066 0.082 0.037 0.102 0.039 0.076 0.101 0.036 0.038 0.064 0.086 0.099 0.082 0.052;0.04 0.082 0.039 0.036 0.086 0.066 0.037 0.102 0.076 0.038 0.099 0.101 0.082 0.064 0.052;
0.047 0.08 0.052 0.067 0.103 0.082 0.046 0.081 0.032 0.05 0.057 0.068 0.061 0.106 0.068;0.047 0.08 0.082 0.046 0.081 0.052 0.067 0.103 0.032 0.05 0.057 0.068 0.106 0.061 0.068;0.047 0.082 0.052 0.032 0.068 0.08 0.046 0.081 0.067 0.05 0.106 0.103 0.061 0.057 0.068;
0.036 0.068 0.044 0.076 0.095 0.076 0.041 0.089 0.028 0.061 0.078 0.073 0.069 0.093 0.073;0.036 0.068 0.076 0.041 0.089 0.044 0.076 0.095 0.028 0.061 0.078 0.073 0.093 0.069 0.073;0.036 0.076 0.044 0.028 0.073 0.068 0.041 0.089 0.076 0.061 0.093 0.095 0.069 0.078 0.073;
0.043 0.071 0.058 0.077 0.114 0.076 0.058 0.078 0.03 0.05 0.058 0.064 0.068 0.105 0.05;0.043 0.071 0.076 0.058 0.078 0.058 0.077 0.114 0.03 0.05 0.058 0.064 0.105 0.068 0.05;0.043 0.076 0.058 0.03 0.064 0.071 0.058 0.078 0.077 0.05 0.105 0.114 0.068 0.058 0.05;
0.035 0.077 0.06 0.095 0.1 0.061 0.041 0.094 0.041 0.049 0.073 0.05 0.055 0.107 0.062;0.035 0.077 0.061 0.041 0.094 0.06 0.095 0.1 0.041 0.049 0.073 0.05 0.107 0.055 0.062;0.035 0.061 0.06 0.041 0.05 0.077 0.041 0.094 0.095 0.049 0.107 0.1 0.055 0.073 0.062;
0.043 0.083 0.062 0.078 0.104 0.068 0.044 0.085 0.03 0.046 0.071 0.061 0.064 0.102 0.059;0.043 0.083 0.068 0.044 0.085 0.062 0.078 0.104 0.03 0.046 0.071 0.061 0.102 0.064 0.059;0.043 0.068 0.062 0.03 0.061 0.083 0.044 0.085 0.078 0.046 0.102 0.104 0.064 0.071 0.059;
0.046 0.061 0.062 0.072 0.105 0.076 0.045 0.087 0.031 0.048 0.065 0.066 0.063 0.105 0.068;0.046 0.061 0.076 0.045 0.087 0.062 0.072 0.105 0.031 0.048 0.065 0.066 0.105 0.063 0.068;0.046 0.076 0.062 0.031 0.066 0.061 0.045 0.087 0.072 0.048 0.105 0.105 0.063 0.065 0.068;
0.05 0.074 0.058 0.078 0.1 0.048 0.047 0.083 0.029 0.049 0.065 0.069 0.065 0.11 0.075;0.05 0.074 0.048 0.047 0.083 0.058 0.078 0.1 0.029 0.049 0.065 0.069 0.11 0.065 0.075;0.05 0.048 0.058 0.029 0.069 0.074 0.047 0.083 0.078 0.049 0.11 0.1 0.065 0.065 0.075;
0.039 0.069 0.056 0.081 0.106 0.062 0.049 0.088 0.033 0.053 0.055 0.062 0.066 0.116 0.065;0.039 0.069 0.062 0.049 0.088 0.056 0.081 0.106 0.033 0.053 0.055 0.062 0.116 0.066 0.065;0.039 0.062 0.056 0.033 0.062 0.069 0.049 0.088 0.081 0.053 0.116 0.106 0.066 0.055 0.065;
0.041 0.079 0.048 0.088 0.095 0.074 0.042 0.103 0.03 0.054 0.062 0.058 0.057 0.104 0.065;0.041 0.079 0.074 0.042 0.103 0.048 0.088 0.095 0.03 0.054 0.062 0.058 0.104 0.057 0.065;0.041 0.074 0.048 0.03 0.058 0.079 0.042 0.103 0.088 0.054 0.104 0.095 0.057 0.062 0.065;
0.04 0.073 0.049 0.076 0.099 0.092 0.035 0.08 0.039 0.048 0.069 0.061 0.072 0.093 0.074;0.04 0.073 0.092 0.035 0.08 0.049 0.076 0.099 0.039 0.048 0.069 0.061 0.093 0.072 0.074;0.04 0.092 0.049 0.039 0.061 0.073 0.035 0.08 0.076 0.048 0.093 0.099 0.072 0.069 0.074;
0.042 0.069 0.045 0.082 0.101 0.07 0.051 0.082 0.036 0.058 0.071 0.055 0.058 0.106 0.074;0.042 0.069 0.07 0.051 0.082 0.045 0.082 0.101 0.036 0.058 0.071 0.055 0.106 0.058 0.074;0.042 0.07 0.045 0.036 0.055 0.069 0.051 0.082 0.082 0.058 0.106 0.101 0.058 0.071 0.074;
0.044 0.076 0.068 0.083 0.11 0.075 0.047 0.079 0.025 0.046 0.052 0.067 0.069 0.099 0.06;0.044 0.076 0.075 0.047 0.079 0.068 0.083 0.11 0.025 0.046 0.052 0.067 0.099 0.069 0.06;0.044 0.075 0.068 0.025 0.067 0.076 0.047 0.079 0.083 0.046 0.099 0.11 0.069 0.052 0.06;
0.039 0.081 0.043 0.097 0.099 0.082 0.038 0.082 0.036 0.067 0.072 0.06 0.069 0.088 0.047;0.039 0.081 0.082 0.038 0.082 0.043 0.097 0.099 0.036 0.067 0.072 0.06 0.088 0.069 0.047;0.039 0.082 0.043 0.036 0.06 0.081 0.038 0.082 0.097 0.067 0.088 0.099 0.069 0.072 0.047;
0.049 0.07 0.051 0.078 0.115 0.063 0.034 0.091 0.031 0.048 0.063 0.056 0.08 0.098 0.073;0.049 0.07 0.063 0.034 0.091 0.051 0.078 0.115 0.031 0.048 0.063 0.056 0.098 0.08 0.073;0.049 0.063 0.051 0.031 0.056 0.07 0.034 0.091 0.078 0.048 0.098 0.115 0.08 0.063 0.073;
0.045 0.101 0.052 0.077 0.096 0.075 0.036 0.076 0.026 0.048 0.071 0.075 0.067 0.095 0.06;0.045 0.101 0.075 0.036 0.076 0.052 0.077 0.096 0.026 0.048 0.071 0.075 0.095 0.067 0.06;0.045 0.075 0.052 0.026 0.075 0.101 0.036 0.076 0.077 0.048 0.095 0.096 0.067 0.071 0.06;
0.05 0.066 0.057 0.091 0.11 0.062 0.045 0.08 0.027 0.051 0.066 0.072 0.052 0.11 0.061;0.05 0.066 0.062 0.045 0.08 0.057 0.091 0.11 0.027 0.051 0.066 0.072 0.11 0.052 0.061;0.05 0.062 0.057 0.027 0.072 0.066 0.045 0.08 0.091 0.051 0.11 0.11 0.052 0.066 0.061;
0.054 0.058 0.061 0.079 0.115 0.079 0.034 0.074 0.02 0.053 0.072 0.066 0.072 0.108 0.055;0.054 0.058 0.079 0.034 0.074 0.061 0.079 0.115 0.02 0.053 0.072 0.066 0.108 0.072 0.055;0.054 0.079 0.061 0.02 0.066 0.058 0.034 0.074 0.079 0.053 0.108 0.115 0.072 0.072 0.055;
0.052 0.09 0.049 0.077 0.091 0.073 0.036 0.072 0.024 0.046 0.072 0.066 0.064 0.115 0.073;0.052 0.09 0.073 0.036 0.072 0.049 0.077 0.091 0.024 0.046 0.072 0.066 0.115 0.064 0.073;0.052 0.073 0.049 0.024 0.066 0.09 0.036 0.072 0.077 0.046 0.115 0.091 0.064 0.072 0.073;
0.04 0.066 0.049 0.104 0.096 0.091 0.04 0.079 0.036 0.049 0.062 0.063 0.077 0.079 0.069;0.04 0.066 0.091 0.04 0.079 0.049 0.104 0.096 0.036 0.049 0.062 0.063 0.079 0.077 0.069;0.04 0.091 0.049 0.036 0.063 0.066 0.04 0.079 0.104 0.049 0.079 0.096 0.077 0.062 0.069;
0.049 0.076 0.05 0.084 0.093 0.079 0.053 0.084 0.03 0.052 0.058 0.075 0.059 0.096 0.062;0.049 0.076 0.079 0.053 0.084 0.05 0.084 0.093 0.03 0.052 0.058 0.075 0.096 0.059 0.062;0.049 0.079 0.05 0.03 0.075 0.076 0.053 0.084 0.084 0.052 0.096 0.093 0.059 0.058 0.062;
0.05 0.066 0.058 0.062 0.113 0.069 0.042 0.093 0.031 0.056 0.058 0.065 0.072 0.091 0.074;0.05 0.066 0.069 0.042 0.093 0.058 0.062 0.113 0.031 0.056 0.058 0.065 0.091 0.072 0.074;0.05 0.069 0.058 0.031 0.065 0.066 0.042 0.093 0.062 0.056 0.091 0.113 0.072 0.058 0.074;
0.048 0.068 0.05 0.083 0.114 0.079 0.042 0.081 0.027 0.056 0.068 0.069 0.058 0.098 0.059;0.048 0.068 0.079 0.042 0.081 0.05 0.083 0.114 0.027 0.056 0.068 0.069 0.098 0.058 0.059;0.048 0.079 0.05 0.027 0.069 0.068 0.042 0.081 0.083 0.056 0.098 0.114 0.058 0.068 0.059];