pntP=[0.027 0.057 0.053 0.051 0.105 0.055 0.044 0.084 0.043 0.067 0.086 0.07 0.075 0.089 0.094;0.027 0.057 0.055 0.044 0.084 0.053 0.051 0.105 0.043 0.067 0.086 0.07 0.089 0.075 0.094;0.027 0.055 0.053 0.043 0.07 0.057 0.044 0.084 0.051 0.067 0.089 0.105 0.075 0.086 0.094;
0.017 0.054 0.053 0.043 0.117 0.063 0.055 0.089 0.052 0.054 0.068 0.09 0.089 0.087 0.069;0.017 0.054 0.063 0.055 0.089 0.053 0.043 0.117 0.052 0.054 0.068 0.09 0.087 0.089 0.069;0.017 0.063 0.053 0.052 0.09 0.054 0.055 0.089 0.043 0.054 0.087 0.117 0.089 0.068 0.069;
0.015 0.044 0.048 0.068 0.111 0.049 0.03 0.088 0.059 0.06 0.076 0.086 0.091 0.093 0.082;0.015 0.044 0.049 0.03 0.088 0.048 0.068 0.111 0.059 0.06 0.076 0.086 0.093 0.091 0.082;0.015 0.049 0.048 0.059 0.086 0.044 0.03 0.088 0.068 0.06 0.093 0.111 0.091 0.076 0.082;
0.02 0.066 0.05 0.051 0.102 0.053 0.045 0.101 0.04 0.049 0.07 0.084 0.098 0.093 0.078;0.02 0.066 0.053 0.045 0.101 0.05 0.051 0.102 0.04 0.049 0.07 0.084 0.093 0.098 0.078;0.02 0.053 0.05 0.04 0.084 0.066 0.045 0.101 0.051 0.049 0.093 0.102 0.098 0.07 0.078;
0.027 0.049 0.045 0.059 0.077 0.052 0.037 0.1 0.045 0.058 0.101 0.069 0.097 0.11 0.074;0.027 0.049 0.052 0.037 0.1 0.045 0.059 0.077 0.045 0.058 0.101 0.069 0.11 0.097 0.074;0.027 0.052 0.045 0.045 0.069 0.049 0.037 0.1 0.059 0.058 0.11 0.077 0.097 0.101 0.074;
0.024 0.065 0.045 0.054 0.095 0.052 0.038 0.084 0.044 0.048 0.081 0.096 0.095 0.1 0.079;0.024 0.065 0.052 0.038 0.084 0.045 0.054 0.095 0.044 0.048 0.081 0.096 0.1 0.095 0.079;0.024 0.052 0.045 0.044 0.096 0.065 0.038 0.084 0.054 0.048 0.1 0.095 0.095 0.081 0.079;
0.02 0.053 0.063 0.052 0.09 0.063 0.05 0.08 0.055 0.05 0.085 0.091 0.074 0.1 0.074;0.02 0.053 0.063 0.05 0.08 0.063 0.052 0.09 0.055 0.05 0.085 0.091 0.1 0.074 0.074;0.02 0.063 0.063 0.055 0.091 0.053 0.05 0.08 0.052 0.05 0.1 0.09 0.074 0.085 0.074;
0.029 0.044 0.05 0.075 0.084 0.048 0.042 0.1 0.041 0.05 0.081 0.095 0.088 0.092 0.081;0.029 0.044 0.048 0.042 0.1 0.05 0.075 0.084 0.041 0.05 0.081 0.095 0.092 0.088 0.081;0.029 0.048 0.05 0.041 0.095 0.044 0.042 0.1 0.075 0.05 0.092 0.084 0.088 0.081 0.081;
0.031 0.054 0.051 0.059 0.093 0.046 0.049 0.097 0.043 0.051 0.087 0.084 0.086 0.095 0.074;0.031 0.054 0.046 0.049 0.097 0.051 0.059 0.093 0.043 0.051 0.087 0.084 0.095 0.086 0.074;0.031 0.046 0.051 0.043 0.084 0.054 0.049 0.097 0.059 0.051 0.095 0.093 0.086 0.087 0.074;
0.018 0.049 0.056 0.052 0.099 0.051 0.05 0.085 0.046 0.048 0.082 0.091 0.085 0.115 0.073;0.018 0.049 0.051 0.05 0.085 0.056 0.052 0.099 0.046 0.048 0.082 0.091 0.115 0.085 0.073;0.018 0.051 0.056 0.046 0.091 0.049 0.05 0.085 0.052 0.048 0.115 0.099 0.085 0.082 0.073;
0.032 0.056 0.05 0.057 0.094 0.052 0.04 0.08 0.051 0.051 0.089 0.082 0.076 0.106 0.084;0.032 0.056 0.052 0.04 0.08 0.05 0.057 0.094 0.051 0.051 0.089 0.082 0.106 0.076 0.084;0.032 0.052 0.05 0.051 0.082 0.056 0.04 0.08 0.057 0.051 0.106 0.094 0.076 0.089 0.084;
0.025 0.064 0.052 0.052 0.098 0.058 0.053 0.084 0.054 0.042 0.096 0.086 0.075 0.091 0.07;0.025 0.064 0.058 0.053 0.084 0.052 0.052 0.098 0.054 0.042 0.096 0.086 0.091 0.075 0.07;0.025 0.058 0.052 0.054 0.086 0.064 0.053 0.084 0.052 0.042 0.091 0.098 0.075 0.096 0.07;
0.016 0.049 0.042 0.064 0.105 0.052 0.044 0.076 0.04 0.037 0.095 0.096 0.102 0.095 0.087;0.016 0.049 0.052 0.044 0.076 0.042 0.064 0.105 0.04 0.037 0.095 0.096 0.095 0.102 0.087;0.016 0.052 0.042 0.04 0.096 0.049 0.044 0.076 0.064 0.037 0.095 0.105 0.102 0.095 0.087;
0.024 0.06 0.058 0.065 0.086 0.047 0.038 0.096 0.032 0.058 0.084 0.094 0.082 0.101 0.075;0.024 0.06 0.047 0.038 0.096 0.058 0.065 0.086 0.032 0.058 0.084 0.094 0.101 0.082 0.075;0.024 0.047 0.058 0.032 0.094 0.06 0.038 0.096 0.065 0.058 0.101 0.086 0.082 0.084 0.075;
0.021 0.043 0.049 0.055 0.116 0.052 0.046 0.097 0.04 0.041 0.104 0.088 0.077 0.1 0.071;0.021 0.043 0.052 0.046 0.097 0.049 0.055 0.116 0.04 0.041 0.104 0.088 0.1 0.077 0.071;0.021 0.052 0.049 0.04 0.088 0.043 0.046 0.097 0.055 0.041 0.1 0.116 0.077 0.104 0.071;
0.019 0.053 0.043 0.057 0.09 0.052 0.047 0.101 0.041 0.059 0.083 0.083 0.101 0.099 0.072;0.019 0.053 0.052 0.047 0.101 0.043 0.057 0.09 0.041 0.059 0.083 0.083 0.099 0.101 0.072;0.019 0.052 0.043 0.041 0.083 0.053 0.047 0.101 0.057 0.059 0.099 0.09 0.101 0.083 0.072;
0.023 0.058 0.051 0.056 0.079 0.047 0.049 0.09 0.047 0.048 0.099 0.084 0.078 0.096 0.095;0.023 0.058 0.047 0.049 0.09 0.051 0.056 0.079 0.047 0.048 0.099 0.084 0.096 0.078 0.095;0.023 0.047 0.051 0.047 0.084 0.058 0.049 0.09 0.056 0.048 0.096 0.079 0.078 0.099 0.095;
0.021 0.048 0.053 0.062 0.095 0.058 0.047 0.08 0.058 0.054 0.078 0.093 0.08 0.1 0.073;0.021 0.048 0.058 0.047 0.08 0.053 0.062 0.095 0.058 0.054 0.078 0.093 0.1 0.08 0.073;0.021 0.058 0.053 0.058 0.093 0.048 0.047 0.08 0.062 0.054 0.1 0.095 0.08 0.078 0.073;
0.024 0.056 0.06 0.049 0.098 0.044 0.045 0.083 0.052 0.058 0.09 0.087 0.078 0.098 0.078;0.024 0.056 0.044 0.045 0.083 0.06 0.049 0.098 0.052 0.058 0.09 0.087 0.098 0.078 0.078;0.024 0.044 0.06 0.052 0.087 0.056 0.045 0.083 0.049 0.058 0.098 0.098 0.078 0.09 0.078;
0.029 0.059 0.052 0.05 0.092 0.042 0.053 0.077 0.047 0.044 0.089 0.074 0.078 0.119 0.095;0.029 0.059 0.042 0.053 0.077 0.052 0.05 0.092 0.047 0.044 0.089 0.074 0.119 0.078 0.095;0.029 0.042 0.052 0.047 0.074 0.059 0.053 0.077 0.05 0.044 0.119 0.092 0.078 0.089 0.095;
0.027 0.068 0.055 0.054 0.1 0.052 0.033 0.088 0.047 0.048 0.079 0.081 0.082 0.095 0.091;0.027 0.068 0.052 0.033 0.088 0.055 0.054 0.1 0.047 0.048 0.079 0.081 0.095 0.082 0.091;0.027 0.052 0.055 0.047 0.081 0.068 0.033 0.088 0.054 0.048 0.095 0.1 0.082 0.079 0.091;
0.026 0.048 0.054 0.057 0.11 0.049 0.039 0.083 0.048 0.052 0.078 0.078 0.087 0.109 0.082;0.026 0.048 0.049 0.039 0.083 0.054 0.057 0.11 0.048 0.052 0.078 0.078 0.109 0.087 0.082;0.026 0.049 0.054 0.048 0.078 0.048 0.039 0.083 0.057 0.052 0.109 0.11 0.087 0.078 0.082;
0.024 0.048 0.051 0.057 0.101 0.052 0.031 0.093 0.054 0.052 0.072 0.094 0.085 0.096 0.09;0.024 0.048 0.052 0.031 0.093 0.051 0.057 0.101 0.054 0.052 0.072 0.094 0.096 0.085 0.09;0.024 0.052 0.051 0.054 0.094 0.048 0.031 0.093 0.057 0.052 0.096 0.101 0.085 0.072 0.09;
0.024 0.055 0.054 0.057 0.093 0.044 0.046 0.093 0.044 0.046 0.083 0.08 0.086 0.109 0.086;0.024 0.055 0.044 0.046 0.093 0.054 0.057 0.093 0.044 0.046 0.083 0.08 0.109 0.086 0.086;0.024 0.044 0.054 0.044 0.08 0.055 0.046 0.093 0.057 0.046 0.109 0.093 0.086 0.083 0.086;
0.019 0.049 0.05 0.06 0.089 0.049 0.035 0.09 0.054 0.05 0.089 0.098 0.087 0.104 0.077;0.019 0.049 0.049 0.035 0.09 0.05 0.06 0.089 0.054 0.05 0.089 0.098 0.104 0.087 0.077;0.019 0.049 0.05 0.054 0.098 0.049 0.035 0.09 0.06 0.05 0.104 0.089 0.087 0.089 0.077;
0.021 0.058 0.043 0.063 0.085 0.066 0.04 0.083 0.045 0.047 0.097 0.079 0.087 0.103 0.083;0.021 0.058 0.066 0.04 0.083 0.043 0.063 0.085 0.045 0.047 0.097 0.079 0.103 0.087 0.083;0.021 0.066 0.043 0.045 0.079 0.058 0.04 0.083 0.063 0.047 0.103 0.085 0.087 0.097 0.083;
0.02 0.055 0.047 0.059 0.114 0.052 0.038 0.103 0.032 0.057 0.083 0.092 0.08 0.091 0.077;0.02 0.055 0.052 0.038 0.103 0.047 0.059 0.114 0.032 0.057 0.083 0.092 0.091 0.08 0.077;0.02 0.052 0.047 0.032 0.092 0.055 0.038 0.103 0.059 0.057 0.091 0.114 0.08 0.083 0.077;
0.015 0.044 0.063 0.067 0.102 0.051 0.042 0.091 0.039 0.058 0.085 0.079 0.09 0.092 0.082;0.015 0.044 0.051 0.042 0.091 0.063 0.067 0.102 0.039 0.058 0.085 0.079 0.092 0.09 0.082;0.015 0.051 0.063 0.039 0.079 0.044 0.042 0.091 0.067 0.058 0.092 0.102 0.09 0.085 0.082;
0.032 0.045 0.052 0.061 0.086 0.051 0.049 0.1 0.05 0.05 0.068 0.082 0.085 0.103 0.086;0.032 0.045 0.051 0.049 0.1 0.052 0.061 0.086 0.05 0.05 0.068 0.082 0.103 0.085 0.086;0.032 0.051 0.052 0.05 0.082 0.045 0.049 0.1 0.061 0.05 0.103 0.086 0.085 0.068 0.086;
0.026 0.056 0.051 0.046 0.107 0.049 0.041 0.095 0.046 0.059 0.086 0.084 0.082 0.102 0.07;0.026 0.056 0.049 0.041 0.095 0.051 0.046 0.107 0.046 0.059 0.086 0.084 0.102 0.082 0.07;0.026 0.049 0.051 0.046 0.084 0.056 0.041 0.095 0.046 0.059 0.102 0.107 0.082 0.086 0.07;
0.027 0.054 0.056 0.047 0.123 0.04 0.045 0.09 0.049 0.056 0.077 0.091 0.079 0.089 0.077;0.027 0.054 0.04 0.045 0.09 0.056 0.047 0.123 0.049 0.056 0.077 0.091 0.089 0.079 0.077;0.027 0.04 0.056 0.049 0.091 0.054 0.045 0.09 0.047 0.056 0.089 0.123 0.079 0.077 0.077;
0.017 0.055 0.049 0.065 0.094 0.056 0.047 0.084 0.043 0.06 0.076 0.078 0.087 0.098 0.091;0.017 0.055 0.056 0.047 0.084 0.049 0.065 0.094 0.043 0.06 0.076 0.078 0.098 0.087 0.091;0.017 0.056 0.049 0.043 0.078 0.055 0.047 0.084 0.065 0.06 0.098 0.094 0.087 0.076 0.091;
0.016 0.067 0.052 0.051 0.088 0.041 0.044 0.105 0.039 0.058 0.075 0.084 0.099 0.105 0.076;0.016 0.067 0.041 0.044 0.105 0.052 0.051 0.088 0.039 0.058 0.075 0.084 0.105 0.099 0.076;0.016 0.041 0.052 0.039 0.084 0.067 0.044 0.105 0.051 0.058 0.105 0.088 0.099 0.075 0.076;
0.021 0.054 0.045 0.051 0.086 0.056 0.05 0.091 0.039 0.058 0.095 0.102 0.086 0.09 0.076;0.021 0.054 0.056 0.05 0.091 0.045 0.051 0.086 0.039 0.058 0.095 0.102 0.09 0.086 0.076;0.021 0.056 0.045 0.039 0.102 0.054 0.05 0.091 0.051 0.058 0.09 0.086 0.086 0.095 0.076;
0.019 0.052 0.06 0.056 0.107 0.051 0.038 0.086 0.051 0.061 0.077 0.079 0.088 0.095 0.08;0.019 0.052 0.051 0.038 0.086 0.06 0.056 0.107 0.051 0.061 0.077 0.079 0.095 0.088 0.08;0.019 0.051 0.06 0.051 0.079 0.052 0.038 0.086 0.056 0.061 0.095 0.107 0.088 0.077 0.08;
0.023 0.056 0.046 0.061 0.101 0.057 0.039 0.072 0.039 0.073 0.094 0.075 0.085 0.092 0.087;0.023 0.056 0.057 0.039 0.072 0.046 0.061 0.101 0.039 0.073 0.094 0.075 0.092 0.085 0.087;0.023 0.057 0.046 0.039 0.075 0.056 0.039 0.072 0.061 0.073 0.092 0.101 0.085 0.094 0.087;
0.016 0.045 0.052 0.074 0.1 0.054 0.029 0.09 0.04 0.045 0.093 0.094 0.095 0.09 0.083;0.016 0.045 0.054 0.029 0.09 0.052 0.074 0.1 0.04 0.045 0.093 0.094 0.09 0.095 0.083;0.016 0.054 0.052 0.04 0.094 0.045 0.029 0.09 0.074 0.045 0.09 0.1 0.095 0.093 0.083;
0.022 0.047 0.043 0.057 0.09 0.053 0.05 0.083 0.056 0.044 0.077 0.091 0.085 0.108 0.094;0.022 0.047 0.053 0.05 0.083 0.043 0.057 0.09 0.056 0.044 0.077 0.091 0.108 0.085 0.094;0.022 0.053 0.043 0.056 0.091 0.047 0.05 0.083 0.057 0.044 0.108 0.09 0.085 0.077 0.094;
0.019 0.058 0.046 0.071 0.106 0.053 0.031 0.083 0.045 0.06 0.08 0.074 0.101 0.094 0.079;0.019 0.058 0.053 0.031 0.083 0.046 0.071 0.106 0.045 0.06 0.08 0.074 0.094 0.101 0.079;0.019 0.053 0.046 0.045 0.074 0.058 0.031 0.083 0.071 0.06 0.094 0.106 0.101 0.08 0.079;
0.016 0.059 0.05 0.072 0.094 0.059 0.038 0.081 0.042 0.049 0.096 0.078 0.079 0.101 0.086;0.016 0.059 0.059 0.038 0.081 0.05 0.072 0.094 0.042 0.049 0.096 0.078 0.101 0.079 0.086;0.016 0.059 0.05 0.042 0.078 0.059 0.038 0.081 0.072 0.049 0.101 0.094 0.079 0.096 0.086;
0.018 0.052 0.05 0.074 0.074 0.06 0.038 0.079 0.053 0.045 0.082 0.087 0.094 0.114 0.08;0.018 0.052 0.06 0.038 0.079 0.05 0.074 0.074 0.053 0.045 0.082 0.087 0.114 0.094 0.08;0.018 0.06 0.05 0.053 0.087 0.052 0.038 0.079 0.074 0.045 0.114 0.074 0.094 0.082 0.08;
0.032 0.05 0.044 0.057 0.096 0.048 0.048 0.086 0.045 0.055 0.073 0.09 0.083 0.108 0.085;0.032 0.05 0.048 0.048 0.086 0.044 0.057 0.096 0.045 0.055 0.073 0.09 0.108 0.083 0.085;0.032 0.048 0.044 0.045 0.09 0.05 0.048 0.086 0.057 0.055 0.108 0.096 0.083 0.073 0.085;
0.017 0.059 0.057 0.053 0.105 0.045 0.044 0.096 0.034 0.051 0.091 0.083 0.088 0.093 0.084;0.017 0.059 0.045 0.044 0.096 0.057 0.053 0.105 0.034 0.051 0.091 0.083 0.093 0.088 0.084;0.017 0.045 0.057 0.034 0.083 0.059 0.044 0.096 0.053 0.051 0.093 0.105 0.088 0.091 0.084;
0.026 0.058 0.069 0.058 0.102 0.056 0.052 0.072 0.034 0.045 0.084 0.084 0.085 0.096 0.079;0.026 0.058 0.056 0.052 0.072 0.069 0.058 0.102 0.034 0.045 0.084 0.084 0.096 0.085 0.079;0.026 0.056 0.069 0.034 0.084 0.058 0.052 0.072 0.058 0.045 0.096 0.102 0.085 0.084 0.079;
0.024 0.047 0.054 0.05 0.101 0.059 0.062 0.078 0.033 0.05 0.093 0.082 0.106 0.088 0.073;0.024 0.047 0.059 0.062 0.078 0.054 0.05 0.101 0.033 0.05 0.093 0.082 0.088 0.106 0.073;0.024 0.059 0.054 0.033 0.082 0.047 0.062 0.078 0.05 0.05 0.088 0.101 0.106 0.093 0.073;
0.025 0.063 0.057 0.066 0.106 0.058 0.035 0.081 0.038 0.045 0.082 0.093 0.069 0.113 0.069;0.025 0.063 0.058 0.035 0.081 0.057 0.066 0.106 0.038 0.045 0.082 0.093 0.113 0.069 0.069;0.025 0.058 0.057 0.038 0.093 0.063 0.035 0.081 0.066 0.045 0.113 0.106 0.069 0.082 0.069;
0.019 0.05 0.05 0.059 0.095 0.038 0.044 0.08 0.058 0.048 0.081 0.077 0.093 0.1 0.108;0.019 0.05 0.038 0.044 0.08 0.05 0.059 0.095 0.058 0.048 0.081 0.077 0.1 0.093 0.108;0.019 0.038 0.05 0.058 0.077 0.05 0.044 0.08 0.059 0.048 0.1 0.095 0.093 0.081 0.108;
0.026 0.062 0.053 0.053 0.102 0.054 0.052 0.074 0.053 0.052 0.076 0.091 0.078 0.073 0.101;0.026 0.062 0.054 0.052 0.074 0.053 0.053 0.102 0.053 0.052 0.076 0.091 0.073 0.078 0.101;0.026 0.054 0.053 0.053 0.091 0.062 0.052 0.074 0.053 0.052 0.073 0.102 0.078 0.076 0.101;
0.018 0.044 0.061 0.058 0.095 0.057 0.04 0.084 0.033 0.041 0.094 0.088 0.094 0.11 0.083;0.018 0.044 0.057 0.04 0.084 0.061 0.058 0.095 0.033 0.041 0.094 0.088 0.11 0.094 0.083;0.018 0.057 0.061 0.033 0.088 0.044 0.04 0.084 0.058 0.041 0.11 0.095 0.094 0.094 0.083;
0.028 0.062 0.056 0.056 0.094 0.066 0.048 0.082 0.049 0.048 0.075 0.069 0.089 0.1 0.078;0.028 0.062 0.066 0.048 0.082 0.056 0.056 0.094 0.049 0.048 0.075 0.069 0.1 0.089 0.078;0.028 0.066 0.056 0.049 0.069 0.062 0.048 0.082 0.056 0.048 0.1 0.094 0.089 0.075 0.078;
0.021 0.064 0.055 0.06 0.105 0.048 0.035 0.083 0.038 0.039 0.101 0.077 0.104 0.089 0.081;0.021 0.064 0.048 0.035 0.083 0.055 0.06 0.105 0.038 0.039 0.101 0.077 0.089 0.104 0.081;0.021 0.048 0.055 0.038 0.077 0.064 0.035 0.083 0.06 0.039 0.089 0.105 0.104 0.101 0.081;
0.021 0.046 0.067 0.066 0.082 0.069 0.045 0.08 0.054 0.056 0.065 0.089 0.077 0.097 0.086;0.021 0.046 0.069 0.045 0.08 0.067 0.066 0.082 0.054 0.056 0.065 0.089 0.097 0.077 0.086;0.021 0.069 0.067 0.054 0.089 0.046 0.045 0.08 0.066 0.056 0.097 0.082 0.077 0.065 0.086;
0.026 0.047 0.05 0.055 0.117 0.054 0.044 0.079 0.04 0.057 0.082 0.104 0.067 0.091 0.087;0.026 0.047 0.054 0.044 0.079 0.05 0.055 0.117 0.04 0.057 0.082 0.104 0.091 0.067 0.087;0.026 0.054 0.05 0.04 0.104 0.047 0.044 0.079 0.055 0.057 0.091 0.117 0.067 0.082 0.087;
0.022 0.052 0.035 0.068 0.114 0.054 0.051 0.097 0.04 0.051 0.07 0.069 0.086 0.099 0.092;0.022 0.052 0.054 0.051 0.097 0.035 0.068 0.114 0.04 0.051 0.07 0.069 0.099 0.086 0.092;0.022 0.054 0.035 0.04 0.069 0.052 0.051 0.097 0.068 0.051 0.099 0.114 0.086 0.07 0.092;
0.019 0.057 0.066 0.076 0.104 0.046 0.043 0.087 0.037 0.051 0.089 0.083 0.075 0.079 0.088;0.019 0.057 0.046 0.043 0.087 0.066 0.076 0.104 0.037 0.051 0.089 0.083 0.079 0.075 0.088;0.019 0.046 0.066 0.037 0.083 0.057 0.043 0.087 0.076 0.051 0.079 0.104 0.075 0.089 0.088;
0.022 0.059 0.048 0.065 0.099 0.052 0.044 0.076 0.046 0.066 0.091 0.081 0.091 0.089 0.071;0.022 0.059 0.052 0.044 0.076 0.048 0.065 0.099 0.046 0.066 0.091 0.081 0.089 0.091 0.071;0.022 0.052 0.048 0.046 0.081 0.059 0.044 0.076 0.065 0.066 0.089 0.099 0.091 0.091 0.071;
0.031 0.056 0.053 0.051 0.115 0.062 0.044 0.087 0.044 0.047 0.078 0.082 0.083 0.087 0.08;0.031 0.056 0.062 0.044 0.087 0.053 0.051 0.115 0.044 0.047 0.078 0.082 0.087 0.083 0.08;0.031 0.062 0.053 0.044 0.082 0.056 0.044 0.087 0.051 0.047 0.087 0.115 0.083 0.078 0.08;
0.021 0.043 0.047 0.053 0.095 0.056 0.047 0.105 0.037 0.037 0.089 0.097 0.088 0.109 0.076;0.021 0.043 0.056 0.047 0.105 0.047 0.053 0.095 0.037 0.037 0.089 0.097 0.109 0.088 0.076;0.021 0.056 0.047 0.037 0.097 0.043 0.047 0.105 0.053 0.037 0.109 0.095 0.088 0.089 0.076;
0.02 0.045 0.067 0.044 0.102 0.056 0.04 0.085 0.043 0.046 0.093 0.082 0.084 0.095 0.098;0.02 0.045 0.056 0.04 0.085 0.067 0.044 0.102 0.043 0.046 0.093 0.082 0.095 0.084 0.098;0.02 0.056 0.067 0.043 0.082 0.045 0.04 0.085 0.044 0.046 0.095 0.102 0.084 0.093 0.098;
0.019 0.042 0.059 0.05 0.097 0.058 0.05 0.073 0.046 0.065 0.089 0.09 0.075 0.105 0.082;0.019 0.042 0.058 0.05 0.073 0.059 0.05 0.097 0.046 0.065 0.089 0.09 0.105 0.075 0.082;0.019 0.058 0.059 0.046 0.09 0.042 0.05 0.073 0.05 0.065 0.105 0.097 0.075 0.089 0.082;
0.024 0.05 0.056 0.074 0.091 0.043 0.047 0.103 0.05 0.055 0.094 0.071 0.072 0.086 0.084;0.024 0.05 0.043 0.047 0.103 0.056 0.074 0.091 0.05 0.055 0.094 0.071 0.086 0.072 0.084;0.024 0.043 0.056 0.05 0.071 0.05 0.047 0.103 0.074 0.055 0.086 0.091 0.072 0.094 0.084;
0.021 0.05 0.038 0.063 0.098 0.061 0.046 0.086 0.034 0.057 0.089 0.088 0.082 0.092 0.095;0.021 0.05 0.061 0.046 0.086 0.038 0.063 0.098 0.034 0.057 0.089 0.088 0.092 0.082 0.095;0.021 0.061 0.038 0.034 0.088 0.05 0.046 0.086 0.063 0.057 0.092 0.098 0.082 0.089 0.095;
0.018 0.051 0.054 0.055 0.088 0.05 0.047 0.081 0.038 0.044 0.088 0.077 0.107 0.1 0.102;0.018 0.051 0.05 0.047 0.081 0.054 0.055 0.088 0.038 0.044 0.088 0.077 0.1 0.107 0.102;0.018 0.05 0.054 0.038 0.077 0.051 0.047 0.081 0.055 0.044 0.1 0.088 0.107 0.088 0.102;
0.015 0.048 0.056 0.052 0.104 0.068 0.044 0.084 0.051 0.047 0.099 0.082 0.079 0.103 0.068;0.015 0.048 0.068 0.044 0.084 0.056 0.052 0.104 0.051 0.047 0.099 0.082 0.103 0.079 0.068;0.015 0.068 0.056 0.051 0.082 0.048 0.044 0.084 0.052 0.047 0.103 0.104 0.079 0.099 0.068;
0.024 0.058 0.037 0.067 0.102 0.053 0.036 0.091 0.059 0.044 0.09 0.091 0.085 0.089 0.074;0.024 0.058 0.053 0.036 0.091 0.037 0.067 0.102 0.059 0.044 0.09 0.091 0.089 0.085 0.074;0.024 0.053 0.037 0.059 0.091 0.058 0.036 0.091 0.067 0.044 0.089 0.102 0.085 0.09 0.074;
0.025 0.047 0.053 0.056 0.106 0.041 0.046 0.087 0.04 0.046 0.081 0.104 0.081 0.105 0.082;0.025 0.047 0.041 0.046 0.087 0.053 0.056 0.106 0.04 0.046 0.081 0.104 0.105 0.081 0.082;0.025 0.041 0.053 0.04 0.104 0.047 0.046 0.087 0.056 0.046 0.105 0.106 0.081 0.081 0.082;
0.013 0.06 0.058 0.055 0.091 0.053 0.045 0.085 0.048 0.053 0.088 0.091 0.084 0.1 0.076;0.013 0.06 0.053 0.045 0.085 0.058 0.055 0.091 0.048 0.053 0.088 0.091 0.1 0.084 0.076;0.013 0.053 0.058 0.048 0.091 0.06 0.045 0.085 0.055 0.053 0.1 0.091 0.084 0.088 0.076;
0.022 0.057 0.057 0.056 0.098 0.056 0.039 0.095 0.043 0.047 0.091 0.073 0.09 0.096 0.08;0.022 0.057 0.056 0.039 0.095 0.057 0.056 0.098 0.043 0.047 0.091 0.073 0.096 0.09 0.08;0.022 0.056 0.057 0.043 0.073 0.057 0.039 0.095 0.056 0.047 0.096 0.098 0.09 0.091 0.08;
0.022 0.067 0.056 0.059 0.097 0.044 0.043 0.074 0.048 0.051 0.095 0.076 0.077 0.108 0.083;0.022 0.067 0.044 0.043 0.074 0.056 0.059 0.097 0.048 0.051 0.095 0.076 0.108 0.077 0.083;0.022 0.044 0.056 0.048 0.076 0.067 0.043 0.074 0.059 0.051 0.108 0.097 0.077 0.095 0.083;
0.013 0.055 0.046 0.048 0.099 0.052 0.036 0.086 0.037 0.056 0.079 0.101 0.081 0.115 0.096;0.013 0.055 0.052 0.036 0.086 0.046 0.048 0.099 0.037 0.056 0.079 0.101 0.115 0.081 0.096;0.013 0.052 0.046 0.037 0.101 0.055 0.036 0.086 0.048 0.056 0.115 0.099 0.081 0.079 0.096;
0.019 0.049 0.053 0.056 0.106 0.036 0.041 0.094 0.045 0.057 0.09 0.073 0.094 0.098 0.089;0.019 0.049 0.036 0.041 0.094 0.053 0.056 0.106 0.045 0.057 0.09 0.073 0.098 0.094 0.089;0.019 0.036 0.053 0.045 0.073 0.049 0.041 0.094 0.056 0.057 0.098 0.106 0.094 0.09 0.089;
0.027 0.04 0.057 0.056 0.09 0.047 0.059 0.102 0.046 0.058 0.094 0.075 0.076 0.089 0.084;0.027 0.04 0.047 0.059 0.102 0.057 0.056 0.09 0.046 0.058 0.094 0.075 0.089 0.076 0.084;0.027 0.047 0.057 0.046 0.075 0.04 0.059 0.102 0.056 0.058 0.089 0.09 0.076 0.094 0.084;
0.025 0.053 0.046 0.058 0.106 0.046 0.05 0.082 0.051 0.046 0.076 0.085 0.101 0.092 0.083;0.025 0.053 0.046 0.05 0.082 0.046 0.058 0.106 0.051 0.046 0.076 0.085 0.092 0.101 0.083;0.025 0.046 0.046 0.051 0.085 0.053 0.05 0.082 0.058 0.046 0.092 0.106 0.101 0.076 0.083;
0.019 0.055 0.059 0.054 0.088 0.057 0.04 0.093 0.052 0.052 0.095 0.085 0.085 0.089 0.077;0.019 0.055 0.057 0.04 0.093 0.059 0.054 0.088 0.052 0.052 0.095 0.085 0.089 0.085 0.077;0.019 0.057 0.059 0.052 0.085 0.055 0.04 0.093 0.054 0.052 0.089 0.088 0.085 0.095 0.077;
0.026 0.056 0.038 0.055 0.113 0.046 0.047 0.074 0.048 0.047 0.077 0.081 0.096 0.095 0.101;0.026 0.056 0.046 0.047 0.074 0.038 0.055 0.113 0.048 0.047 0.077 0.081 0.095 0.096 0.101;0.026 0.046 0.038 0.048 0.081 0.056 0.047 0.074 0.055 0.047 0.095 0.113 0.096 0.077 0.101;
0.022 0.049 0.056 0.057 0.104 0.056 0.046 0.081 0.041 0.054 0.091 0.077 0.095 0.092 0.079;0.022 0.049 0.056 0.046 0.081 0.056 0.057 0.104 0.041 0.054 0.091 0.077 0.092 0.095 0.079;0.022 0.056 0.056 0.041 0.077 0.049 0.046 0.081 0.057 0.054 0.092 0.104 0.095 0.091 0.079;
0.019 0.051 0.047 0.052 0.082 0.072 0.039 0.086 0.047 0.06 0.094 0.076 0.091 0.082 0.102;0.019 0.051 0.072 0.039 0.086 0.047 0.052 0.082 0.047 0.06 0.094 0.076 0.082 0.091 0.102;0.019 0.072 0.047 0.047 0.076 0.051 0.039 0.086 0.052 0.06 0.082 0.082 0.091 0.094 0.102;
0.018 0.048 0.067 0.065 0.095 0.045 0.054 0.065 0.05 0.045 0.08 0.089 0.091 0.102 0.086;0.018 0.048 0.045 0.054 0.065 0.067 0.065 0.095 0.05 0.045 0.08 0.089 0.102 0.091 0.086;0.018 0.045 0.067 0.05 0.089 0.048 0.054 0.065 0.065 0.045 0.102 0.095 0.091 0.08 0.086;
0.024 0.061 0.062 0.057 0.103 0.046 0.036 0.081 0.045 0.046 0.078 0.086 0.096 0.1 0.079;0.024 0.061 0.046 0.036 0.081 0.062 0.057 0.103 0.045 0.046 0.078 0.086 0.1 0.096 0.079;0.024 0.046 0.062 0.045 0.086 0.061 0.036 0.081 0.057 0.046 0.1 0.103 0.096 0.078 0.079;
0.023 0.035 0.049 0.06 0.107 0.05 0.049 0.094 0.041 0.05 0.077 0.071 0.092 0.115 0.087;0.023 0.035 0.05 0.049 0.094 0.049 0.06 0.107 0.041 0.05 0.077 0.071 0.115 0.092 0.087;0.023 0.05 0.049 0.041 0.071 0.035 0.049 0.094 0.06 0.05 0.115 0.107 0.092 0.077 0.087;
0.016 0.047 0.057 0.047 0.112 0.058 0.053 0.101 0.045 0.048 0.076 0.079 0.087 0.096 0.078;0.016 0.047 0.058 0.053 0.101 0.057 0.047 0.112 0.045 0.048 0.076 0.079 0.096 0.087 0.078;0.016 0.058 0.057 0.045 0.079 0.047 0.053 0.101 0.047 0.048 0.096 0.112 0.087 0.076 0.078;
0.019 0.049 0.049 0.069 0.091 0.046 0.041 0.096 0.051 0.063 0.084 0.075 0.09 0.093 0.084;0.019 0.049 0.046 0.041 0.096 0.049 0.069 0.091 0.051 0.063 0.084 0.075 0.093 0.09 0.084;0.019 0.046 0.049 0.051 0.075 0.049 0.041 0.096 0.069 0.063 0.093 0.091 0.09 0.084 0.084;
0.03 0.056 0.044 0.048 0.09 0.047 0.045 0.096 0.05 0.055 0.081 0.093 0.08 0.079 0.106;0.03 0.056 0.047 0.045 0.096 0.044 0.048 0.09 0.05 0.055 0.081 0.093 0.079 0.08 0.106;0.03 0.047 0.044 0.05 0.093 0.056 0.045 0.096 0.048 0.055 0.079 0.09 0.08 0.081 0.106;
0.023 0.054 0.049 0.056 0.104 0.047 0.03 0.095 0.042 0.051 0.079 0.093 0.111 0.096 0.07;0.023 0.054 0.047 0.03 0.095 0.049 0.056 0.104 0.042 0.051 0.079 0.093 0.096 0.111 0.07;0.023 0.047 0.049 0.042 0.093 0.054 0.03 0.095 0.056 0.051 0.096 0.104 0.111 0.079 0.07;
0.026 0.054 0.045 0.055 0.104 0.053 0.033 0.098 0.035 0.063 0.088 0.072 0.092 0.101 0.081;0.026 0.054 0.053 0.033 0.098 0.045 0.055 0.104 0.035 0.063 0.088 0.072 0.101 0.092 0.081;0.026 0.053 0.045 0.035 0.072 0.054 0.033 0.098 0.055 0.063 0.101 0.104 0.092 0.088 0.081;
0.024 0.057 0.047 0.057 0.113 0.035 0.036 0.092 0.043 0.053 0.08 0.084 0.092 0.112 0.075;0.024 0.057 0.035 0.036 0.092 0.047 0.057 0.113 0.043 0.053 0.08 0.084 0.112 0.092 0.075;0.024 0.035 0.047 0.043 0.084 0.057 0.036 0.092 0.057 0.053 0.112 0.113 0.092 0.08 0.075;
0.028 0.049 0.063 0.063 0.098 0.058 0.05 0.084 0.047 0.04 0.082 0.078 0.078 0.1 0.082;0.028 0.049 0.058 0.05 0.084 0.063 0.063 0.098 0.047 0.04 0.082 0.078 0.1 0.078 0.082;0.028 0.058 0.063 0.047 0.078 0.049 0.05 0.084 0.063 0.04 0.1 0.098 0.078 0.082 0.082;
0.032 0.051 0.053 0.062 0.094 0.054 0.045 0.078 0.033 0.045 0.092 0.087 0.082 0.097 0.095;0.032 0.051 0.054 0.045 0.078 0.053 0.062 0.094 0.033 0.045 0.092 0.087 0.097 0.082 0.095;0.032 0.054 0.053 0.033 0.087 0.051 0.045 0.078 0.062 0.045 0.097 0.094 0.082 0.092 0.095;
0.023 0.046 0.039 0.062 0.101 0.053 0.038 0.097 0.049 0.051 0.093 0.084 0.091 0.107 0.066;0.023 0.046 0.053 0.038 0.097 0.039 0.062 0.101 0.049 0.051 0.093 0.084 0.107 0.091 0.066;0.023 0.053 0.039 0.049 0.084 0.046 0.038 0.097 0.062 0.051 0.107 0.101 0.091 0.093 0.066;
0.017 0.052 0.048 0.058 0.096 0.053 0.055 0.094 0.04 0.06 0.088 0.073 0.069 0.115 0.082;0.017 0.052 0.053 0.055 0.094 0.048 0.058 0.096 0.04 0.06 0.088 0.073 0.115 0.069 0.082;0.017 0.053 0.048 0.04 0.073 0.052 0.055 0.094 0.058 0.06 0.115 0.096 0.069 0.088 0.082;
0.02 0.039 0.045 0.057 0.103 0.048 0.055 0.098 0.037 0.053 0.084 0.078 0.08 0.116 0.087;0.02 0.039 0.048 0.055 0.098 0.045 0.057 0.103 0.037 0.053 0.084 0.078 0.116 0.08 0.087;0.02 0.048 0.045 0.037 0.078 0.039 0.055 0.098 0.057 0.053 0.116 0.103 0.08 0.084 0.087;
0.023 0.051 0.047 0.059 0.085 0.058 0.044 0.089 0.037 0.056 0.084 0.074 0.092 0.101 0.1;0.023 0.051 0.058 0.044 0.089 0.047 0.059 0.085 0.037 0.056 0.084 0.074 0.101 0.092 0.1;0.023 0.058 0.047 0.037 0.074 0.051 0.044 0.089 0.059 0.056 0.101 0.085 0.092 0.084 0.1;
0.014 0.051 0.052 0.059 0.11 0.063 0.053 0.071 0.045 0.053 0.09 0.087 0.082 0.086 0.084;0.014 0.051 0.063 0.053 0.071 0.052 0.059 0.11 0.045 0.053 0.09 0.087 0.086 0.082 0.084;0.014 0.063 0.052 0.045 0.087 0.051 0.053 0.071 0.059 0.053 0.086 0.11 0.082 0.09 0.084;
0.025 0.047 0.057 0.054 0.086 0.051 0.043 0.107 0.033 0.058 0.07 0.087 0.091 0.111 0.08;0.025 0.047 0.051 0.043 0.107 0.057 0.054 0.086 0.033 0.058 0.07 0.087 0.111 0.091 0.08;0.025 0.051 0.057 0.033 0.087 0.047 0.043 0.107 0.054 0.058 0.111 0.086 0.091 0.07 0.08;
0.029 0.027 0.051 0.077 0.102 0.035 0.038 0.101 0.045 0.05 0.083 0.096 0.091 0.093 0.082;0.029 0.027 0.035 0.038 0.101 0.051 0.077 0.102 0.045 0.05 0.083 0.096 0.093 0.091 0.082;0.029 0.035 0.051 0.045 0.096 0.027 0.038 0.101 0.077 0.05 0.093 0.102 0.091 0.083 0.082;
0.015 0.051 0.047 0.061 0.096 0.051 0.041 0.097 0.054 0.053 0.068 0.091 0.089 0.111 0.075;0.015 0.051 0.051 0.041 0.097 0.047 0.061 0.096 0.054 0.053 0.068 0.091 0.111 0.089 0.075;0.015 0.051 0.047 0.054 0.091 0.051 0.041 0.097 0.061 0.053 0.111 0.096 0.089 0.068 0.075;
0.031 0.045 0.055 0.051 0.101 0.046 0.046 0.077 0.038 0.054 0.079 0.092 0.084 0.107 0.094;0.031 0.045 0.046 0.046 0.077 0.055 0.051 0.101 0.038 0.054 0.079 0.092 0.107 0.084 0.094;0.031 0.046 0.055 0.038 0.092 0.045 0.046 0.077 0.051 0.054 0.107 0.101 0.084 0.079 0.094;
0.017 0.063 0.038 0.068 0.092 0.043 0.05 0.091 0.035 0.043 0.087 0.101 0.086 0.106 0.08;0.017 0.063 0.043 0.05 0.091 0.038 0.068 0.092 0.035 0.043 0.087 0.101 0.106 0.086 0.08;0.017 0.043 0.038 0.035 0.101 0.063 0.05 0.091 0.068 0.043 0.106 0.092 0.086 0.087 0.08;
0.025 0.039 0.056 0.054 0.092 0.06 0.035 0.076 0.051 0.055 0.088 0.086 0.092 0.106 0.085;0.025 0.039 0.06 0.035 0.076 0.056 0.054 0.092 0.051 0.055 0.088 0.086 0.106 0.092 0.085;0.025 0.06 0.056 0.051 0.086 0.039 0.035 0.076 0.054 0.055 0.106 0.092 0.092 0.088 0.085;
0.029 0.044 0.046 0.057 0.097 0.054 0.047 0.086 0.043 0.061 0.086 0.094 0.089 0.082 0.085;0.029 0.044 0.054 0.047 0.086 0.046 0.057 0.097 0.043 0.061 0.086 0.094 0.082 0.089 0.085;0.029 0.054 0.046 0.043 0.094 0.044 0.047 0.086 0.057 0.061 0.082 0.097 0.089 0.086 0.085];