pntP=[0.028 0.072 0.053 0.062 0.122 0.064 0.038 0.074 0.044 0.056 0.074 0.075 0.065 0.111 0.062;0.028 0.072 0.064 0.038 0.074 0.053 0.062 0.122 0.044 0.056 0.074 0.075 0.111 0.065 0.062;0.028 0.064 0.053 0.044 0.075 0.072 0.038 0.074 0.062 0.056 0.111 0.122 0.065 0.074 0.062;
0.04 0.058 0.049 0.085 0.105 0.056 0.031 0.099 0.041 0.062 0.078 0.07 0.069 0.09 0.067;0.04 0.058 0.056 0.031 0.099 0.049 0.085 0.105 0.041 0.062 0.078 0.07 0.09 0.069 0.067;0.04 0.056 0.049 0.041 0.07 0.058 0.031 0.099 0.085 0.062 0.09 0.105 0.069 0.078 0.067;
0.036 0.061 0.058 0.073 0.109 0.055 0.045 0.084 0.028 0.054 0.082 0.081 0.064 0.104 0.066;0.036 0.061 0.055 0.045 0.084 0.058 0.073 0.109 0.028 0.054 0.082 0.081 0.104 0.064 0.066;0.036 0.055 0.058 0.028 0.081 0.061 0.045 0.084 0.073 0.054 0.104 0.109 0.064 0.082 0.066;
0.034 0.072 0.057 0.064 0.092 0.052 0.045 0.088 0.033 0.049 0.081 0.077 0.077 0.114 0.065;0.034 0.072 0.052 0.045 0.088 0.057 0.064 0.092 0.033 0.049 0.081 0.077 0.114 0.077 0.065;0.034 0.052 0.057 0.033 0.077 0.072 0.045 0.088 0.064 0.049 0.114 0.092 0.077 0.081 0.065;
0.034 0.062 0.043 0.072 0.115 0.059 0.046 0.082 0.045 0.058 0.085 0.058 0.075 0.096 0.07;0.034 0.062 0.059 0.046 0.082 0.043 0.072 0.115 0.045 0.058 0.085 0.058 0.096 0.075 0.07;0.034 0.059 0.043 0.045 0.058 0.062 0.046 0.082 0.072 0.058 0.096 0.115 0.075 0.085 0.07;
0.043 0.048 0.06 0.074 0.089 0.071 0.039 0.076 0.046 0.064 0.076 0.067 0.085 0.102 0.06;0.043 0.048 0.071 0.039 0.076 0.06 0.074 0.089 0.046 0.064 0.076 0.067 0.102 0.085 0.06;0.043 0.071 0.06 0.046 0.067 0.048 0.039 0.076 0.074 0.064 0.102 0.089 0.085 0.076 0.06;
0.024 0.07 0.053 0.064 0.115 0.045 0.051 0.082 0.04 0.057 0.084 0.079 0.072 0.1 0.064;0.024 0.07 0.045 0.051 0.082 0.053 0.064 0.115 0.04 0.057 0.084 0.079 0.1 0.072 0.064;0.024 0.045 0.053 0.04 0.079 0.07 0.051 0.082 0.064 0.057 0.1 0.115 0.072 0.084 0.064;
0.039 0.068 0.048 0.071 0.104 0.063 0.051 0.091 0.034 0.041 0.073 0.06 0.078 0.102 0.077;0.039 0.068 0.063 0.051 0.091 0.048 0.071 0.104 0.034 0.041 0.073 0.06 0.102 0.078 0.077;0.039 0.063 0.048 0.034 0.06 0.068 0.051 0.091 0.071 0.041 0.102 0.104 0.078 0.073 0.077;
0.025 0.063 0.053 0.089 0.11 0.066 0.045 0.087 0.032 0.053 0.083 0.063 0.073 0.081 0.077;0.025 0.063 0.066 0.045 0.087 0.053 0.089 0.11 0.032 0.053 0.083 0.063 0.081 0.073 0.077;0.025 0.066 0.053 0.032 0.063 0.063 0.045 0.087 0.089 0.053 0.081 0.11 0.073 0.083 0.077;
0.036 0.056 0.047 0.071 0.118 0.052 0.044 0.091 0.037 0.057 0.069 0.061 0.07 0.115 0.076;0.036 0.056 0.052 0.044 0.091 0.047 0.071 0.118 0.037 0.057 0.069 0.061 0.115 0.07 0.076;0.036 0.052 0.047 0.037 0.061 0.056 0.044 0.091 0.071 0.057 0.115 0.118 0.07 0.069 0.076;
0.036 0.048 0.063 0.069 0.108 0.068 0.044 0.088 0.039 0.067 0.076 0.066 0.068 0.102 0.058;0.036 0.048 0.068 0.044 0.088 0.063 0.069 0.108 0.039 0.067 0.076 0.066 0.102 0.068 0.058;0.036 0.068 0.063 0.039 0.066 0.048 0.044 0.088 0.069 0.067 0.102 0.108 0.068 0.076 0.058;
0.032 0.072 0.051 0.063 0.107 0.048 0.041 0.075 0.036 0.061 0.085 0.075 0.065 0.111 0.078;0.032 0.072 0.048 0.041 0.075 0.051 0.063 0.107 0.036 0.061 0.085 0.075 0.111 0.065 0.078;0.032 0.048 0.051 0.036 0.075 0.072 0.041 0.075 0.063 0.061 0.111 0.107 0.065 0.085 0.078;
0.03 0.066 0.069 0.071 0.1 0.057 0.047 0.073 0.037 0.051 0.076 0.068 0.069 0.112 0.074;0.03 0.066 0.057 0.047 0.073 0.069 0.071 0.1 0.037 0.051 0.076 0.068 0.112 0.069 0.074;0.03 0.057 0.069 0.037 0.068 0.066 0.047 0.073 0.071 0.051 0.112 0.1 0.069 0.076 0.074;
0.031 0.065 0.058 0.071 0.101 0.065 0.046 0.076 0.043 0.05 0.077 0.079 0.059 0.111 0.068;0.031 0.065 0.065 0.046 0.076 0.058 0.071 0.101 0.043 0.05 0.077 0.079 0.111 0.059 0.068;0.031 0.065 0.058 0.043 0.079 0.065 0.046 0.076 0.071 0.05 0.111 0.101 0.059 0.077 0.068;
0.038 0.061 0.051 0.066 0.076 0.077 0.032 0.076 0.044 0.06 0.078 0.071 0.103 0.092 0.075;0.038 0.061 0.077 0.032 0.076 0.051 0.066 0.076 0.044 0.06 0.078 0.071 0.092 0.103 0.075;0.038 0.077 0.051 0.044 0.071 0.061 0.032 0.076 0.066 0.06 0.092 0.076 0.103 0.078 0.075;
0.038 0.064 0.043 0.068 0.096 0.055 0.048 0.072 0.039 0.054 0.082 0.079 0.094 0.09 0.078;0.038 0.064 0.055 0.048 0.072 0.043 0.068 0.096 0.039 0.054 0.082 0.079 0.09 0.094 0.078;0.038 0.055 0.043 0.039 0.079 0.064 0.048 0.072 0.068 0.054 0.09 0.096 0.094 0.082 0.078;
0.027 0.061 0.054 0.063 0.113 0.06 0.034 0.086 0.04 0.062 0.075 0.059 0.072 0.119 0.075;0.027 0.061 0.06 0.034 0.086 0.054 0.063 0.113 0.04 0.062 0.075 0.059 0.119 0.072 0.075;0.027 0.06 0.054 0.04 0.059 0.061 0.034 0.086 0.063 0.062 0.119 0.113 0.072 0.075 0.075;
0.042 0.053 0.055 0.077 0.098 0.061 0.04 0.077 0.038 0.059 0.072 0.077 0.075 0.094 0.082;0.042 0.053 0.061 0.04 0.077 0.055 0.077 0.098 0.038 0.059 0.072 0.077 0.094 0.075 0.082;0.042 0.061 0.055 0.038 0.077 0.053 0.04 0.077 0.077 0.059 0.094 0.098 0.075 0.072 0.082;
0.039 0.056 0.058 0.065 0.103 0.075 0.041 0.094 0.031 0.051 0.08 0.066 0.071 0.112 0.058;0.039 0.056 0.075 0.041 0.094 0.058 0.065 0.103 0.031 0.051 0.08 0.066 0.112 0.071 0.058;0.039 0.075 0.058 0.031 0.066 0.056 0.041 0.094 0.065 0.051 0.112 0.103 0.071 0.08 0.058;
0.024 0.057 0.051 0.066 0.108 0.07 0.04 0.102 0.035 0.049 0.078 0.072 0.061 0.119 0.068;0.024 0.057 0.07 0.04 0.102 0.051 0.066 0.108 0.035 0.049 0.078 0.072 0.119 0.061 0.068;0.024 0.07 0.051 0.035 0.072 0.057 0.04 0.102 0.066 0.049 0.119 0.108 0.061 0.078 0.068;
0.035 0.06 0.049 0.066 0.085 0.074 0.036 0.098 0.038 0.048 0.082 0.076 0.066 0.096 0.091;0.035 0.06 0.074 0.036 0.098 0.049 0.066 0.085 0.038 0.048 0.082 0.076 0.096 0.066 0.091;0.035 0.074 0.049 0.038 0.076 0.06 0.036 0.098 0.066 0.048 0.096 0.085 0.066 0.082 0.091;
0.02 0.062 0.047 0.067 0.101 0.069 0.038 0.085 0.042 0.05 0.095 0.062 0.08 0.107 0.075;0.02 0.062 0.069 0.038 0.085 0.047 0.067 0.101 0.042 0.05 0.095 0.062 0.107 0.08 0.075;0.02 0.069 0.047 0.042 0.062 0.062 0.038 0.085 0.067 0.05 0.107 0.101 0.08 0.095 0.075;
0.033 0.066 0.059 0.062 0.124 0.051 0.048 0.089 0.04 0.054 0.076 0.073 0.069 0.094 0.062;0.033 0.066 0.051 0.048 0.089 0.059 0.062 0.124 0.04 0.054 0.076 0.073 0.094 0.069 0.062;0.033 0.051 0.059 0.04 0.073 0.066 0.048 0.089 0.062 0.054 0.094 0.124 0.069 0.076 0.062;
0.035 0.05 0.056 0.068 0.107 0.059 0.042 0.08 0.047 0.048 0.08 0.071 0.085 0.106 0.066;0.035 0.05 0.059 0.042 0.08 0.056 0.068 0.107 0.047 0.048 0.08 0.071 0.106 0.085 0.066;0.035 0.059 0.056 0.047 0.071 0.05 0.042 0.08 0.068 0.048 0.106 0.107 0.085 0.08 0.066;
0.025 0.054 0.05 0.066 0.103 0.063 0.044 0.066 0.03 0.063 0.083 0.087 0.079 0.12 0.067;0.025 0.054 0.063 0.044 0.066 0.05 0.066 0.103 0.03 0.063 0.083 0.087 0.12 0.079 0.067;0.025 0.063 0.05 0.03 0.087 0.054 0.044 0.066 0.066 0.063 0.12 0.103 0.079 0.083 0.067;
0.039 0.052 0.055 0.063 0.098 0.072 0.056 0.081 0.042 0.055 0.073 0.068 0.069 0.107 0.07;0.039 0.052 0.072 0.056 0.081 0.055 0.063 0.098 0.042 0.055 0.073 0.068 0.107 0.069 0.07;0.039 0.072 0.055 0.042 0.068 0.052 0.056 0.081 0.063 0.055 0.107 0.098 0.069 0.073 0.07;
0.033 0.049 0.051 0.058 0.089 0.067 0.042 0.094 0.044 0.059 0.081 0.078 0.077 0.096 0.082;0.033 0.049 0.067 0.042 0.094 0.051 0.058 0.089 0.044 0.059 0.081 0.078 0.096 0.077 0.082;0.033 0.067 0.051 0.044 0.078 0.049 0.042 0.094 0.058 0.059 0.096 0.089 0.077 0.081 0.082;
0.03 0.049 0.058 0.073 0.084 0.072 0.04 0.07 0.03 0.063 0.072 0.095 0.076 0.109 0.079;0.03 0.049 0.072 0.04 0.07 0.058 0.073 0.084 0.03 0.063 0.072 0.095 0.109 0.076 0.079;0.03 0.072 0.058 0.03 0.095 0.049 0.04 0.07 0.073 0.063 0.109 0.084 0.076 0.072 0.079;
0.027 0.059 0.049 0.086 0.109 0.058 0.045 0.07 0.04 0.065 0.074 0.079 0.062 0.096 0.081;0.027 0.059 0.058 0.045 0.07 0.049 0.086 0.109 0.04 0.065 0.074 0.079 0.096 0.062 0.081;0.027 0.058 0.049 0.04 0.079 0.059 0.045 0.07 0.086 0.065 0.096 0.109 0.062 0.074 0.081;
0.037 0.074 0.063 0.059 0.098 0.06 0.035 0.082 0.033 0.056 0.079 0.073 0.078 0.1 0.073;0.037 0.074 0.06 0.035 0.082 0.063 0.059 0.098 0.033 0.056 0.079 0.073 0.1 0.078 0.073;0.037 0.06 0.063 0.033 0.073 0.074 0.035 0.082 0.059 0.056 0.1 0.098 0.078 0.079 0.073;
0.029 0.057 0.05 0.079 0.105 0.054 0.03 0.083 0.042 0.053 0.089 0.074 0.085 0.105 0.065;0.029 0.057 0.054 0.03 0.083 0.05 0.079 0.105 0.042 0.053 0.089 0.074 0.105 0.085 0.065;0.029 0.054 0.05 0.042 0.074 0.057 0.03 0.083 0.079 0.053 0.105 0.105 0.085 0.089 0.065;
0.036 0.074 0.054 0.065 0.121 0.072 0.039 0.073 0.033 0.054 0.058 0.078 0.071 0.101 0.071;0.036 0.074 0.072 0.039 0.073 0.054 0.065 0.121 0.033 0.054 0.058 0.078 0.101 0.071 0.071;0.036 0.072 0.054 0.033 0.078 0.074 0.039 0.073 0.065 0.054 0.101 0.121 0.071 0.058 0.071;
0.04 0.057 0.051 0.06 0.101 0.058 0.046 0.077 0.047 0.05 0.074 0.079 0.072 0.11 0.078;0.04 0.057 0.058 0.046 0.077 0.051 0.06 0.101 0.047 0.05 0.074 0.079 0.11 0.072 0.078;0.04 0.058 0.051 0.047 0.079 0.057 0.046 0.077 0.06 0.05 0.11 0.101 0.072 0.074 0.078;
0.03 0.06 0.063 0.059 0.095 0.054 0.048 0.083 0.037 0.056 0.07 0.073 0.083 0.111 0.078;0.03 0.06 0.054 0.048 0.083 0.063 0.059 0.095 0.037 0.056 0.07 0.073 0.111 0.083 0.078;0.03 0.054 0.063 0.037 0.073 0.06 0.048 0.083 0.059 0.056 0.111 0.095 0.083 0.07 0.078;
0.026 0.058 0.055 0.063 0.099 0.064 0.03 0.075 0.041 0.052 0.085 0.085 0.075 0.107 0.085;0.026 0.058 0.064 0.03 0.075 0.055 0.063 0.099 0.041 0.052 0.085 0.085 0.107 0.075 0.085;0.026 0.064 0.055 0.041 0.085 0.058 0.03 0.075 0.063 0.052 0.107 0.099 0.075 0.085 0.085;
0.032 0.054 0.049 0.063 0.11 0.074 0.033 0.104 0.045 0.045 0.081 0.082 0.069 0.09 0.069;0.032 0.054 0.074 0.033 0.104 0.049 0.063 0.11 0.045 0.045 0.081 0.082 0.09 0.069 0.069;0.032 0.074 0.049 0.045 0.082 0.054 0.033 0.104 0.063 0.045 0.09 0.11 0.069 0.081 0.069;
0.039 0.064 0.044 0.071 0.089 0.077 0.033 0.093 0.039 0.046 0.06 0.071 0.083 0.12 0.071;0.039 0.064 0.077 0.033 0.093 0.044 0.071 0.089 0.039 0.046 0.06 0.071 0.12 0.083 0.071;0.039 0.077 0.044 0.039 0.071 0.064 0.033 0.093 0.071 0.046 0.12 0.089 0.083 0.06 0.071;
0.03 0.068 0.046 0.062 0.084 0.063 0.042 0.08 0.039 0.06 0.073 0.082 0.077 0.112 0.082;0.03 0.068 0.063 0.042 0.08 0.046 0.062 0.084 0.039 0.06 0.073 0.082 0.112 0.077 0.082;0.03 0.063 0.046 0.039 0.082 0.068 0.042 0.08 0.062 0.06 0.112 0.084 0.077 0.073 0.082;
0.024 0.075 0.046 0.077 0.122 0.088 0.037 0.093 0.029 0.046 0.077 0.074 0.064 0.083 0.065;0.024 0.075 0.088 0.037 0.093 0.046 0.077 0.122 0.029 0.046 0.077 0.074 0.083 0.064 0.065;0.024 0.088 0.046 0.029 0.074 0.075 0.037 0.093 0.077 0.046 0.083 0.122 0.064 0.077 0.065;
0.033 0.058 0.048 0.074 0.111 0.071 0.047 0.088 0.038 0.061 0.069 0.065 0.058 0.099 0.08;0.033 0.058 0.071 0.047 0.088 0.048 0.074 0.111 0.038 0.061 0.069 0.065 0.099 0.058 0.08;0.033 0.071 0.048 0.038 0.065 0.058 0.047 0.088 0.074 0.061 0.099 0.111 0.058 0.069 0.08;
0.03 0.063 0.044 0.082 0.093 0.056 0.047 0.08 0.046 0.061 0.076 0.089 0.074 0.095 0.064;0.03 0.063 0.056 0.047 0.08 0.044 0.082 0.093 0.046 0.061 0.076 0.089 0.095 0.074 0.064;0.03 0.056 0.044 0.046 0.089 0.063 0.047 0.08 0.082 0.061 0.095 0.093 0.074 0.076 0.064;
0.032 0.069 0.055 0.063 0.1 0.067 0.039 0.082 0.049 0.056 0.089 0.068 0.078 0.095 0.058;0.032 0.069 0.067 0.039 0.082 0.055 0.063 0.1 0.049 0.056 0.089 0.068 0.095 0.078 0.058;0.032 0.067 0.055 0.049 0.068 0.069 0.039 0.082 0.063 0.056 0.095 0.1 0.078 0.089 0.058;
0.035 0.073 0.051 0.073 0.098 0.067 0.041 0.08 0.044 0.045 0.084 0.081 0.074 0.104 0.05;0.035 0.073 0.067 0.041 0.08 0.051 0.073 0.098 0.044 0.045 0.084 0.081 0.104 0.074 0.05;0.035 0.067 0.051 0.044 0.081 0.073 0.041 0.08 0.073 0.045 0.104 0.098 0.074 0.084 0.05;
0.034 0.054 0.065 0.069 0.122 0.052 0.043 0.075 0.036 0.058 0.084 0.08 0.061 0.105 0.062;0.034 0.054 0.052 0.043 0.075 0.065 0.069 0.122 0.036 0.058 0.084 0.08 0.105 0.061 0.062;0.034 0.052 0.065 0.036 0.08 0.054 0.043 0.075 0.069 0.058 0.105 0.122 0.061 0.084 0.062;
0.032 0.068 0.053 0.069 0.107 0.066 0.037 0.078 0.042 0.06 0.069 0.088 0.068 0.094 0.069;0.032 0.068 0.066 0.037 0.078 0.053 0.069 0.107 0.042 0.06 0.069 0.088 0.094 0.068 0.069;0.032 0.066 0.053 0.042 0.088 0.068 0.037 0.078 0.069 0.06 0.094 0.107 0.068 0.069 0.069;
0.024 0.059 0.054 0.075 0.097 0.07 0.048 0.101 0.042 0.058 0.072 0.074 0.077 0.093 0.056;0.024 0.059 0.07 0.048 0.101 0.054 0.075 0.097 0.042 0.058 0.072 0.074 0.093 0.077 0.056;0.024 0.07 0.054 0.042 0.074 0.059 0.048 0.101 0.075 0.058 0.093 0.097 0.077 0.072 0.056;
0.026 0.067 0.042 0.072 0.096 0.066 0.04 0.102 0.044 0.057 0.064 0.081 0.067 0.105 0.071;0.026 0.067 0.066 0.04 0.102 0.042 0.072 0.096 0.044 0.057 0.064 0.081 0.105 0.067 0.071;0.026 0.066 0.042 0.044 0.081 0.067 0.04 0.102 0.072 0.057 0.105 0.096 0.067 0.064 0.071;
0.03 0.059 0.055 0.077 0.111 0.068 0.044 0.067 0.036 0.063 0.069 0.087 0.068 0.103 0.063;0.03 0.059 0.068 0.044 0.067 0.055 0.077 0.111 0.036 0.063 0.069 0.087 0.103 0.068 0.063;0.03 0.068 0.055 0.036 0.087 0.059 0.044 0.067 0.077 0.063 0.103 0.111 0.068 0.069 0.063;
0.019 0.078 0.056 0.062 0.111 0.06 0.044 0.077 0.041 0.051 0.065 0.082 0.079 0.103 0.072;0.019 0.078 0.06 0.044 0.077 0.056 0.062 0.111 0.041 0.051 0.065 0.082 0.103 0.079 0.072;0.019 0.06 0.056 0.041 0.082 0.078 0.044 0.077 0.062 0.051 0.103 0.111 0.079 0.065 0.072;
0.032 0.057 0.071 0.088 0.096 0.062 0.034 0.087 0.043 0.046 0.078 0.069 0.059 0.112 0.066;0.032 0.057 0.062 0.034 0.087 0.071 0.088 0.096 0.043 0.046 0.078 0.069 0.112 0.059 0.066;0.032 0.062 0.071 0.043 0.069 0.057 0.034 0.087 0.088 0.046 0.112 0.096 0.059 0.078 0.066;
0.031 0.062 0.061 0.064 0.111 0.067 0.039 0.085 0.035 0.048 0.055 0.074 0.079 0.107 0.082;0.031 0.062 0.067 0.039 0.085 0.061 0.064 0.111 0.035 0.048 0.055 0.074 0.107 0.079 0.082;0.031 0.067 0.061 0.035 0.074 0.062 0.039 0.085 0.064 0.048 0.107 0.111 0.079 0.055 0.082;
0.043 0.067 0.044 0.064 0.117 0.066 0.038 0.078 0.039 0.057 0.075 0.076 0.071 0.111 0.054;0.043 0.067 0.066 0.038 0.078 0.044 0.064 0.117 0.039 0.057 0.075 0.076 0.111 0.071 0.054;0.043 0.066 0.044 0.039 0.076 0.067 0.038 0.078 0.064 0.057 0.111 0.117 0.071 0.075 0.054;
0.03 0.06 0.05 0.065 0.113 0.057 0.04 0.083 0.039 0.047 0.073 0.101 0.079 0.1 0.063;0.03 0.06 0.057 0.04 0.083 0.05 0.065 0.113 0.039 0.047 0.073 0.101 0.1 0.079 0.063;0.03 0.057 0.05 0.039 0.101 0.06 0.04 0.083 0.065 0.047 0.1 0.113 0.079 0.073 0.063;
0.029 0.06 0.055 0.069 0.092 0.076 0.042 0.081 0.045 0.042 0.079 0.087 0.077 0.099 0.067;0.029 0.06 0.076 0.042 0.081 0.055 0.069 0.092 0.045 0.042 0.079 0.087 0.099 0.077 0.067;0.029 0.076 0.055 0.045 0.087 0.06 0.042 0.081 0.069 0.042 0.099 0.092 0.077 0.079 0.067;
0.029 0.048 0.052 0.078 0.114 0.062 0.039 0.086 0.035 0.058 0.076 0.065 0.07 0.118 0.07;0.029 0.048 0.062 0.039 0.086 0.052 0.078 0.114 0.035 0.058 0.076 0.065 0.118 0.07 0.07;0.029 0.062 0.052 0.035 0.065 0.048 0.039 0.086 0.078 0.058 0.118 0.114 0.07 0.076 0.07;
0.026 0.071 0.05 0.063 0.09 0.059 0.061 0.061 0.036 0.065 0.081 0.076 0.08 0.109 0.072;0.026 0.071 0.059 0.061 0.061 0.05 0.063 0.09 0.036 0.065 0.081 0.076 0.109 0.08 0.072;0.026 0.059 0.05 0.036 0.076 0.071 0.061 0.061 0.063 0.065 0.109 0.09 0.08 0.081 0.072;
0.037 0.069 0.056 0.065 0.11 0.068 0.033 0.081 0.041 0.052 0.078 0.07 0.068 0.094 0.078;0.037 0.069 0.068 0.033 0.081 0.056 0.065 0.11 0.041 0.052 0.078 0.07 0.094 0.068 0.078;0.037 0.068 0.056 0.041 0.07 0.069 0.033 0.081 0.065 0.052 0.094 0.11 0.068 0.078 0.078;
0.026 0.064 0.061 0.079 0.095 0.064 0.034 0.084 0.028 0.051 0.086 0.083 0.073 0.1 0.072;0.026 0.064 0.064 0.034 0.084 0.061 0.079 0.095 0.028 0.051 0.086 0.083 0.1 0.073 0.072;0.026 0.064 0.061 0.028 0.083 0.064 0.034 0.084 0.079 0.051 0.1 0.095 0.073 0.086 0.072;
0.025 0.066 0.042 0.072 0.089 0.069 0.038 0.08 0.038 0.054 0.073 0.075 0.09 0.096 0.093;0.025 0.066 0.069 0.038 0.08 0.042 0.072 0.089 0.038 0.054 0.073 0.075 0.096 0.09 0.093;0.025 0.069 0.042 0.038 0.075 0.066 0.038 0.08 0.072 0.054 0.096 0.089 0.09 0.073 0.093;
0.041 0.062 0.045 0.069 0.101 0.059 0.047 0.095 0.032 0.053 0.075 0.076 0.068 0.1 0.077;0.041 0.062 0.059 0.047 0.095 0.045 0.069 0.101 0.032 0.053 0.075 0.076 0.1 0.068 0.077;0.041 0.059 0.045 0.032 0.076 0.062 0.047 0.095 0.069 0.053 0.1 0.101 0.068 0.075 0.077;
0.038 0.058 0.052 0.084 0.112 0.069 0.036 0.081 0.032 0.04 0.084 0.071 0.069 0.095 0.079;0.038 0.058 0.069 0.036 0.081 0.052 0.084 0.112 0.032 0.04 0.084 0.071 0.095 0.069 0.079;0.038 0.069 0.052 0.032 0.071 0.058 0.036 0.081 0.084 0.04 0.095 0.112 0.069 0.084 0.079;
0.037 0.067 0.051 0.082 0.082 0.054 0.029 0.084 0.04 0.064 0.083 0.069 0.085 0.103 0.07;0.037 0.067 0.054 0.029 0.084 0.051 0.082 0.082 0.04 0.064 0.083 0.069 0.103 0.085 0.07;0.037 0.054 0.051 0.04 0.069 0.067 0.029 0.084 0.082 0.064 0.103 0.082 0.085 0.083 0.07;
0.037 0.066 0.046 0.068 0.091 0.062 0.037 0.077 0.031 0.061 0.074 0.087 0.073 0.11 0.08;0.037 0.066 0.062 0.037 0.077 0.046 0.068 0.091 0.031 0.061 0.074 0.087 0.11 0.073 0.08;0.037 0.062 0.046 0.031 0.087 0.066 0.037 0.077 0.068 0.061 0.11 0.091 0.073 0.074 0.08;
0.031 0.067 0.04 0.082 0.085 0.067 0.051 0.092 0.041 0.069 0.084 0.073 0.062 0.089 0.067;0.031 0.067 0.067 0.051 0.092 0.04 0.082 0.085 0.041 0.069 0.084 0.073 0.089 0.062 0.067;0.031 0.067 0.04 0.041 0.073 0.067 0.051 0.092 0.082 0.069 0.089 0.085 0.062 0.084 0.067;
0.041 0.06 0.047 0.063 0.126 0.067 0.036 0.086 0.029 0.068 0.065 0.075 0.066 0.096 0.075;0.041 0.06 0.067 0.036 0.086 0.047 0.063 0.126 0.029 0.068 0.065 0.075 0.096 0.066 0.075;0.041 0.067 0.047 0.029 0.075 0.06 0.036 0.086 0.063 0.068 0.096 0.126 0.066 0.065 0.075;
0.034 0.074 0.05 0.066 0.096 0.069 0.056 0.075 0.033 0.044 0.079 0.079 0.075 0.095 0.075;0.034 0.074 0.069 0.056 0.075 0.05 0.066 0.096 0.033 0.044 0.079 0.079 0.095 0.075 0.075;0.034 0.069 0.05 0.033 0.079 0.074 0.056 0.075 0.066 0.044 0.095 0.096 0.075 0.079 0.075;
0.034 0.061 0.049 0.064 0.103 0.06 0.041 0.099 0.03 0.063 0.069 0.058 0.091 0.11 0.068;0.034 0.061 0.06 0.041 0.099 0.049 0.064 0.103 0.03 0.063 0.069 0.058 0.11 0.091 0.068;0.034 0.06 0.049 0.03 0.058 0.061 0.041 0.099 0.064 0.063 0.11 0.103 0.091 0.069 0.068;
0.031 0.075 0.056 0.069 0.098 0.065 0.039 0.083 0.037 0.051 0.085 0.087 0.069 0.082 0.073;0.031 0.075 0.065 0.039 0.083 0.056 0.069 0.098 0.037 0.051 0.085 0.087 0.082 0.069 0.073;0.031 0.065 0.056 0.037 0.087 0.075 0.039 0.083 0.069 0.051 0.082 0.098 0.069 0.085 0.073;
0.035 0.065 0.047 0.077 0.09 0.061 0.043 0.091 0.045 0.05 0.069 0.077 0.074 0.089 0.087;0.035 0.065 0.061 0.043 0.091 0.047 0.077 0.09 0.045 0.05 0.069 0.077 0.089 0.074 0.087;0.035 0.061 0.047 0.045 0.077 0.065 0.043 0.091 0.077 0.05 0.089 0.09 0.074 0.069 0.087;
0.029 0.06 0.064 0.066 0.098 0.058 0.037 0.075 0.037 0.054 0.081 0.073 0.077 0.109 0.082;0.029 0.06 0.058 0.037 0.075 0.064 0.066 0.098 0.037 0.054 0.081 0.073 0.109 0.077 0.082;0.029 0.058 0.064 0.037 0.073 0.06 0.037 0.075 0.066 0.054 0.109 0.098 0.077 0.081 0.082;
0.034 0.078 0.06 0.073 0.092 0.075 0.033 0.073 0.038 0.06 0.069 0.074 0.063 0.105 0.073;0.034 0.078 0.075 0.033 0.073 0.06 0.073 0.092 0.038 0.06 0.069 0.074 0.105 0.063 0.073;0.034 0.075 0.06 0.038 0.074 0.078 0.033 0.073 0.073 0.06 0.105 0.092 0.063 0.069 0.073;
0.036 0.054 0.056 0.077 0.102 0.064 0.045 0.106 0.036 0.039 0.075 0.068 0.08 0.104 0.058;0.036 0.054 0.064 0.045 0.106 0.056 0.077 0.102 0.036 0.039 0.075 0.068 0.104 0.08 0.058;0.036 0.064 0.056 0.036 0.068 0.054 0.045 0.106 0.077 0.039 0.104 0.102 0.08 0.075 0.058;
0.031 0.066 0.056 0.069 0.108 0.055 0.035 0.082 0.044 0.046 0.079 0.072 0.068 0.115 0.074;0.031 0.066 0.055 0.035 0.082 0.056 0.069 0.108 0.044 0.046 0.079 0.072 0.115 0.068 0.074;0.031 0.055 0.056 0.044 0.072 0.066 0.035 0.082 0.069 0.046 0.115 0.108 0.068 0.079 0.074;
0.028 0.067 0.055 0.092 0.099 0.058 0.032 0.081 0.038 0.045 0.068 0.072 0.089 0.11 0.066;0.028 0.067 0.058 0.032 0.081 0.055 0.092 0.099 0.038 0.045 0.068 0.072 0.11 0.089 0.066;0.028 0.058 0.055 0.038 0.072 0.067 0.032 0.081 0.092 0.045 0.11 0.099 0.089 0.068 0.066;
0.031 0.068 0.049 0.073 0.096 0.066 0.038 0.094 0.05 0.048 0.075 0.083 0.063 0.089 0.077;0.031 0.068 0.066 0.038 0.094 0.049 0.073 0.096 0.05 0.048 0.075 0.083 0.089 0.063 0.077;0.031 0.066 0.049 0.05 0.083 0.068 0.038 0.094 0.073 0.048 0.089 0.096 0.063 0.075 0.077;
0.036 0.068 0.048 0.053 0.096 0.073 0.041 0.087 0.035 0.039 0.071 0.084 0.08 0.124 0.065;0.036 0.068 0.073 0.041 0.087 0.048 0.053 0.096 0.035 0.039 0.071 0.084 0.124 0.08 0.065;0.036 0.073 0.048 0.035 0.084 0.068 0.041 0.087 0.053 0.039 0.124 0.096 0.08 0.071 0.065;
0.032 0.068 0.06 0.07 0.108 0.062 0.033 0.083 0.051 0.061 0.075 0.078 0.069 0.077 0.073;0.032 0.068 0.062 0.033 0.083 0.06 0.07 0.108 0.051 0.061 0.075 0.078 0.077 0.069 0.073;0.032 0.062 0.06 0.051 0.078 0.068 0.033 0.083 0.07 0.061 0.077 0.108 0.069 0.075 0.073;
0.04 0.06 0.056 0.074 0.094 0.064 0.037 0.084 0.04 0.064 0.065 0.075 0.082 0.088 0.077;0.04 0.06 0.064 0.037 0.084 0.056 0.074 0.094 0.04 0.064 0.065 0.075 0.088 0.082 0.077;0.04 0.064 0.056 0.04 0.075 0.06 0.037 0.084 0.074 0.064 0.088 0.094 0.082 0.065 0.077;
0.017 0.063 0.045 0.093 0.122 0.071 0.036 0.09 0.031 0.048 0.063 0.083 0.07 0.097 0.071;0.017 0.063 0.071 0.036 0.09 0.045 0.093 0.122 0.031 0.048 0.063 0.083 0.097 0.07 0.071;0.017 0.071 0.045 0.031 0.083 0.063 0.036 0.09 0.093 0.048 0.097 0.122 0.07 0.063 0.071;
0.029 0.062 0.057 0.079 0.118 0.055 0.039 0.084 0.034 0.063 0.071 0.07 0.063 0.093 0.083;0.029 0.062 0.055 0.039 0.084 0.057 0.079 0.118 0.034 0.063 0.071 0.07 0.093 0.063 0.083;0.029 0.055 0.057 0.034 0.07 0.062 0.039 0.084 0.079 0.063 0.093 0.118 0.063 0.071 0.083;
0.04 0.067 0.054 0.06 0.094 0.055 0.037 0.073 0.041 0.063 0.099 0.067 0.086 0.089 0.075;0.04 0.067 0.055 0.037 0.073 0.054 0.06 0.094 0.041 0.063 0.099 0.067 0.089 0.086 0.075;0.04 0.055 0.054 0.041 0.067 0.067 0.037 0.073 0.06 0.063 0.089 0.094 0.086 0.099 0.075;
0.03 0.062 0.057 0.071 0.106 0.059 0.033 0.074 0.028 0.071 0.07 0.093 0.074 0.098 0.074;0.03 0.062 0.059 0.033 0.074 0.057 0.071 0.106 0.028 0.071 0.07 0.093 0.098 0.074 0.074;0.03 0.059 0.057 0.028 0.093 0.062 0.033 0.074 0.071 0.071 0.098 0.106 0.074 0.07 0.074;
0.026 0.066 0.054 0.072 0.107 0.061 0.038 0.074 0.042 0.052 0.076 0.076 0.078 0.113 0.065;0.026 0.066 0.061 0.038 0.074 0.054 0.072 0.107 0.042 0.052 0.076 0.076 0.113 0.078 0.065;0.026 0.061 0.054 0.042 0.076 0.066 0.038 0.074 0.072 0.052 0.113 0.107 0.078 0.076 0.065;
0.037 0.062 0.047 0.058 0.108 0.061 0.04 0.093 0.047 0.055 0.065 0.073 0.076 0.097 0.081;0.037 0.062 0.061 0.04 0.093 0.047 0.058 0.108 0.047 0.055 0.065 0.073 0.097 0.076 0.081;0.037 0.061 0.047 0.047 0.073 0.062 0.04 0.093 0.058 0.055 0.097 0.108 0.076 0.065 0.081;
0.024 0.071 0.042 0.069 0.098 0.052 0.045 0.08 0.038 0.068 0.071 0.087 0.072 0.101 0.082;0.024 0.071 0.052 0.045 0.08 0.042 0.069 0.098 0.038 0.068 0.071 0.087 0.101 0.072 0.082;0.024 0.052 0.042 0.038 0.087 0.071 0.045 0.08 0.069 0.068 0.101 0.098 0.072 0.071 0.082;
0.033 0.06 0.051 0.07 0.083 0.066 0.035 0.094 0.046 0.06 0.068 0.078 0.067 0.108 0.081;0.033 0.06 0.066 0.035 0.094 0.051 0.07 0.083 0.046 0.06 0.068 0.078 0.108 0.067 0.081;0.033 0.066 0.051 0.046 0.078 0.06 0.035 0.094 0.07 0.06 0.108 0.083 0.067 0.068 0.081;
0.034 0.075 0.046 0.064 0.095 0.067 0.053 0.077 0.043 0.045 0.066 0.087 0.06 0.109 0.079;0.034 0.075 0.067 0.053 0.077 0.046 0.064 0.095 0.043 0.045 0.066 0.087 0.109 0.06 0.079;0.034 0.067 0.046 0.043 0.087 0.075 0.053 0.077 0.064 0.045 0.109 0.095 0.06 0.066 0.079;
0.028 0.063 0.055 0.075 0.093 0.062 0.042 0.083 0.033 0.068 0.082 0.068 0.07 0.105 0.073;0.028 0.063 0.062 0.042 0.083 0.055 0.075 0.093 0.033 0.068 0.082 0.068 0.105 0.07 0.073;0.028 0.062 0.055 0.033 0.068 0.063 0.042 0.083 0.075 0.068 0.105 0.093 0.07 0.082 0.073;
0.036 0.075 0.051 0.076 0.115 0.047 0.029 0.086 0.039 0.035 0.081 0.077 0.079 0.11 0.064;0.036 0.075 0.047 0.029 0.086 0.051 0.076 0.115 0.039 0.035 0.081 0.077 0.11 0.079 0.064;0.036 0.047 0.051 0.039 0.077 0.075 0.029 0.086 0.076 0.035 0.11 0.115 0.079 0.081 0.064;
0.047 0.071 0.046 0.068 0.082 0.057 0.048 0.085 0.049 0.054 0.092 0.069 0.059 0.103 0.07;0.047 0.071 0.057 0.048 0.085 0.046 0.068 0.082 0.049 0.054 0.092 0.069 0.103 0.059 0.07;0.047 0.057 0.046 0.049 0.069 0.071 0.048 0.085 0.068 0.054 0.103 0.082 0.059 0.092 0.07;
0.039 0.07 0.049 0.068 0.121 0.061 0.039 0.078 0.05 0.042 0.078 0.066 0.069 0.094 0.076;0.039 0.07 0.061 0.039 0.078 0.049 0.068 0.121 0.05 0.042 0.078 0.066 0.094 0.069 0.076;0.039 0.061 0.049 0.05 0.066 0.07 0.039 0.078 0.068 0.042 0.094 0.121 0.069 0.078 0.076;
0.028 0.057 0.053 0.075 0.105 0.052 0.045 0.087 0.027 0.047 0.082 0.075 0.089 0.11 0.068;0.028 0.057 0.052 0.045 0.087 0.053 0.075 0.105 0.027 0.047 0.082 0.075 0.11 0.089 0.068;0.028 0.052 0.053 0.027 0.075 0.057 0.045 0.087 0.075 0.047 0.11 0.105 0.089 0.082 0.068;
0.014 0.069 0.06 0.08 0.1 0.054 0.04 0.087 0.036 0.054 0.082 0.074 0.069 0.093 0.088;0.014 0.069 0.054 0.04 0.087 0.06 0.08 0.1 0.036 0.054 0.082 0.074 0.093 0.069 0.088;0.014 0.054 0.06 0.036 0.074 0.069 0.04 0.087 0.08 0.054 0.093 0.1 0.069 0.082 0.088;
0.034 0.076 0.051 0.067 0.095 0.059 0.052 0.101 0.04 0.047 0.079 0.063 0.081 0.078 0.077;0.034 0.076 0.059 0.052 0.101 0.051 0.067 0.095 0.04 0.047 0.079 0.063 0.078 0.081 0.077;0.034 0.059 0.051 0.04 0.063 0.076 0.052 0.101 0.067 0.047 0.078 0.095 0.081 0.079 0.077;
0.029 0.065 0.049 0.079 0.11 0.055 0.045 0.092 0.04 0.043 0.061 0.083 0.074 0.101 0.074;0.029 0.065 0.055 0.045 0.092 0.049 0.079 0.11 0.04 0.043 0.061 0.083 0.101 0.074 0.074;0.029 0.055 0.049 0.04 0.083 0.065 0.045 0.092 0.079 0.043 0.101 0.11 0.074 0.061 0.074;
0.025 0.063 0.06 0.061 0.097 0.064 0.045 0.076 0.038 0.056 0.077 0.082 0.074 0.102 0.08;0.025 0.063 0.064 0.045 0.076 0.06 0.061 0.097 0.038 0.056 0.077 0.082 0.102 0.074 0.08;0.025 0.064 0.06 0.038 0.082 0.063 0.045 0.076 0.061 0.056 0.102 0.097 0.074 0.077 0.08;
0.035 0.07 0.053 0.074 0.106 0.059 0.04 0.079 0.044 0.058 0.063 0.07 0.089 0.101 0.059;0.035 0.07 0.059 0.04 0.079 0.053 0.074 0.106 0.044 0.058 0.063 0.07 0.101 0.089 0.059;0.035 0.059 0.053 0.044 0.07 0.07 0.04 0.079 0.074 0.058 0.101 0.106 0.089 0.063 0.059;
0.035 0.056 0.054 0.061 0.111 0.059 0.044 0.077 0.037 0.056 0.076 0.088 0.076 0.103 0.067;0.035 0.056 0.059 0.044 0.077 0.054 0.061 0.111 0.037 0.056 0.076 0.088 0.103 0.076 0.067;0.035 0.059 0.054 0.037 0.088 0.056 0.044 0.077 0.061 0.056 0.103 0.111 0.076 0.076 0.067;
0.035 0.056 0.052 0.086 0.116 0.049 0.042 0.082 0.036 0.054 0.079 0.088 0.067 0.099 0.059;0.035 0.056 0.049 0.042 0.082 0.052 0.086 0.116 0.036 0.054 0.079 0.088 0.099 0.067 0.059;0.035 0.049 0.052 0.036 0.088 0.056 0.042 0.082 0.086 0.054 0.099 0.116 0.067 0.079 0.059;
0.036 0.062 0.052 0.056 0.105 0.064 0.053 0.075 0.043 0.039 0.064 0.083 0.077 0.099 0.092;0.036 0.062 0.064 0.053 0.075 0.052 0.056 0.105 0.043 0.039 0.064 0.083 0.099 0.077 0.092;0.036 0.064 0.052 0.043 0.083 0.062 0.053 0.075 0.056 0.039 0.099 0.105 0.077 0.064 0.092];