pntP=[0.036 0.064 0.059 0.074 0.086 0.071 0.043 0.082 0.042 0.059 0.08 0.072 0.063 0.113 0.056;0.036 0.064 0.071 0.043 0.082 0.059 0.074 0.086 0.042 0.059 0.08 0.072 0.113 0.063 0.056;0.036 0.071 0.059 0.042 0.072 0.064 0.043 0.082 0.074 0.059 0.113 0.086 0.063 0.08 0.056;
0.036 0.067 0.054 0.073 0.109 0.069 0.045 0.102 0.036 0.06 0.064 0.064 0.057 0.09 0.074;0.036 0.067 0.069 0.045 0.102 0.054 0.073 0.109 0.036 0.06 0.064 0.064 0.09 0.057 0.074;0.036 0.069 0.054 0.036 0.064 0.067 0.045 0.102 0.073 0.06 0.09 0.109 0.057 0.064 0.074;
0.028 0.066 0.055 0.094 0.112 0.07 0.036 0.074 0.032 0.043 0.059 0.077 0.069 0.107 0.078;0.028 0.066 0.07 0.036 0.074 0.055 0.094 0.112 0.032 0.043 0.059 0.077 0.107 0.069 0.078;0.028 0.07 0.055 0.032 0.077 0.066 0.036 0.074 0.094 0.043 0.107 0.112 0.069 0.059 0.078;
0.029 0.065 0.042 0.08 0.092 0.062 0.039 0.083 0.045 0.055 0.076 0.061 0.066 0.121 0.084;0.029 0.065 0.062 0.039 0.083 0.042 0.08 0.092 0.045 0.055 0.076 0.061 0.121 0.066 0.084;0.029 0.062 0.042 0.045 0.061 0.065 0.039 0.083 0.08 0.055 0.121 0.092 0.066 0.076 0.084;
0.046 0.054 0.043 0.08 0.092 0.063 0.045 0.074 0.036 0.06 0.067 0.074 0.075 0.113 0.078;0.046 0.054 0.063 0.045 0.074 0.043 0.08 0.092 0.036 0.06 0.067 0.074 0.113 0.075 0.078;0.046 0.063 0.043 0.036 0.074 0.054 0.045 0.074 0.08 0.06 0.113 0.092 0.075 0.067 0.078;
0.031 0.074 0.051 0.075 0.104 0.075 0.035 0.084 0.035 0.057 0.066 0.069 0.077 0.099 0.068;0.031 0.074 0.075 0.035 0.084 0.051 0.075 0.104 0.035 0.057 0.066 0.069 0.099 0.077 0.068;0.031 0.075 0.051 0.035 0.069 0.074 0.035 0.084 0.075 0.057 0.099 0.104 0.077 0.066 0.068;
0.038 0.074 0.052 0.064 0.102 0.066 0.03 0.086 0.038 0.061 0.072 0.075 0.072 0.103 0.067;0.038 0.074 0.066 0.03 0.086 0.052 0.064 0.102 0.038 0.061 0.072 0.075 0.103 0.072 0.067;0.038 0.066 0.052 0.038 0.075 0.074 0.03 0.086 0.064 0.061 0.103 0.102 0.072 0.072 0.067;
0.041 0.076 0.062 0.061 0.094 0.065 0.046 0.078 0.051 0.045 0.056 0.07 0.093 0.099 0.063;0.041 0.076 0.065 0.046 0.078 0.062 0.061 0.094 0.051 0.045 0.056 0.07 0.099 0.093 0.063;0.041 0.065 0.062 0.051 0.07 0.076 0.046 0.078 0.061 0.045 0.099 0.094 0.093 0.056 0.063;
0.036 0.067 0.056 0.073 0.107 0.054 0.04 0.085 0.04 0.042 0.067 0.076 0.071 0.102 0.084;0.036 0.067 0.054 0.04 0.085 0.056 0.073 0.107 0.04 0.042 0.067 0.076 0.102 0.071 0.084;0.036 0.054 0.056 0.04 0.076 0.067 0.04 0.085 0.073 0.042 0.102 0.107 0.071 0.067 0.084;
0.047 0.074 0.063 0.082 0.098 0.066 0.047 0.081 0.04 0.05 0.054 0.063 0.071 0.103 0.061;0.047 0.074 0.066 0.047 0.081 0.063 0.082 0.098 0.04 0.05 0.054 0.063 0.103 0.071 0.061;0.047 0.066 0.063 0.04 0.063 0.074 0.047 0.081 0.082 0.05 0.103 0.098 0.071 0.054 0.061;
0.038 0.059 0.057 0.074 0.097 0.074 0.044 0.068 0.031 0.062 0.078 0.08 0.067 0.099 0.072;0.038 0.059 0.074 0.044 0.068 0.057 0.074 0.097 0.031 0.062 0.078 0.08 0.099 0.067 0.072;0.038 0.074 0.057 0.031 0.08 0.059 0.044 0.068 0.074 0.062 0.099 0.097 0.067 0.078 0.072;
0.035 0.072 0.07 0.055 0.096 0.07 0.049 0.09 0.038 0.058 0.068 0.073 0.067 0.093 0.066;0.035 0.072 0.07 0.049 0.09 0.07 0.055 0.096 0.038 0.058 0.068 0.073 0.093 0.067 0.066;0.035 0.07 0.07 0.038 0.073 0.072 0.049 0.09 0.055 0.058 0.093 0.096 0.067 0.068 0.066;
0.037 0.072 0.05 0.068 0.105 0.073 0.048 0.089 0.036 0.054 0.081 0.052 0.078 0.08 0.077;0.037 0.072 0.073 0.048 0.089 0.05 0.068 0.105 0.036 0.054 0.081 0.052 0.08 0.078 0.077;0.037 0.073 0.05 0.036 0.052 0.072 0.048 0.089 0.068 0.054 0.08 0.105 0.078 0.081 0.077;
0.037 0.061 0.052 0.068 0.104 0.06 0.043 0.078 0.034 0.054 0.079 0.072 0.084 0.104 0.07;0.037 0.061 0.06 0.043 0.078 0.052 0.068 0.104 0.034 0.054 0.079 0.072 0.104 0.084 0.07;0.037 0.06 0.052 0.034 0.072 0.061 0.043 0.078 0.068 0.054 0.104 0.104 0.084 0.079 0.07;
0.035 0.068 0.061 0.075 0.108 0.072 0.044 0.085 0.033 0.054 0.064 0.071 0.069 0.101 0.06;0.035 0.068 0.072 0.044 0.085 0.061 0.075 0.108 0.033 0.054 0.064 0.071 0.101 0.069 0.06;0.035 0.072 0.061 0.033 0.071 0.068 0.044 0.085 0.075 0.054 0.101 0.108 0.069 0.064 0.06;
0.036 0.059 0.052 0.092 0.107 0.068 0.049 0.074 0.036 0.059 0.07 0.066 0.056 0.101 0.075;0.036 0.059 0.068 0.049 0.074 0.052 0.092 0.107 0.036 0.059 0.07 0.066 0.101 0.056 0.075;0.036 0.068 0.052 0.036 0.066 0.059 0.049 0.074 0.092 0.059 0.101 0.107 0.056 0.07 0.075;
0.04 0.073 0.06 0.07 0.094 0.073 0.031 0.081 0.037 0.051 0.058 0.084 0.075 0.111 0.062;0.04 0.073 0.073 0.031 0.081 0.06 0.07 0.094 0.037 0.051 0.058 0.084 0.111 0.075 0.062;0.04 0.073 0.06 0.037 0.084 0.073 0.031 0.081 0.07 0.051 0.111 0.094 0.075 0.058 0.062;
0.037 0.073 0.052 0.064 0.112 0.056 0.048 0.078 0.033 0.062 0.073 0.076 0.079 0.086 0.071;0.037 0.073 0.056 0.048 0.078 0.052 0.064 0.112 0.033 0.062 0.073 0.076 0.086 0.079 0.071;0.037 0.056 0.052 0.033 0.076 0.073 0.048 0.078 0.064 0.062 0.086 0.112 0.079 0.073 0.071;
0.028 0.045 0.061 0.073 0.106 0.077 0.048 0.074 0.041 0.067 0.066 0.07 0.076 0.1 0.068;0.028 0.045 0.077 0.048 0.074 0.061 0.073 0.106 0.041 0.067 0.066 0.07 0.1 0.076 0.068;0.028 0.077 0.061 0.041 0.07 0.045 0.048 0.074 0.073 0.067 0.1 0.106 0.076 0.066 0.068;
0.035 0.072 0.056 0.083 0.094 0.068 0.041 0.088 0.025 0.049 0.063 0.078 0.071 0.107 0.07;0.035 0.072 0.068 0.041 0.088 0.056 0.083 0.094 0.025 0.049 0.063 0.078 0.107 0.071 0.07;0.035 0.068 0.056 0.025 0.078 0.072 0.041 0.088 0.083 0.049 0.107 0.094 0.071 0.063 0.07;
0.031 0.066 0.053 0.064 0.091 0.073 0.054 0.084 0.036 0.052 0.068 0.073 0.067 0.118 0.07;0.031 0.066 0.073 0.054 0.084 0.053 0.064 0.091 0.036 0.052 0.068 0.073 0.118 0.067 0.07;0.031 0.073 0.053 0.036 0.073 0.066 0.054 0.084 0.064 0.052 0.118 0.091 0.067 0.068 0.07;
0.037 0.059 0.056 0.078 0.103 0.062 0.047 0.088 0.036 0.047 0.074 0.068 0.059 0.114 0.072;0.037 0.059 0.062 0.047 0.088 0.056 0.078 0.103 0.036 0.047 0.074 0.068 0.114 0.059 0.072;0.037 0.062 0.056 0.036 0.068 0.059 0.047 0.088 0.078 0.047 0.114 0.103 0.059 0.074 0.072;
0.034 0.071 0.042 0.071 0.096 0.064 0.044 0.086 0.051 0.052 0.086 0.077 0.069 0.074 0.083;0.034 0.071 0.064 0.044 0.086 0.042 0.071 0.096 0.051 0.052 0.086 0.077 0.074 0.069 0.083;0.034 0.064 0.042 0.051 0.077 0.071 0.044 0.086 0.071 0.052 0.074 0.096 0.069 0.086 0.083;
0.036 0.064 0.066 0.072 0.113 0.057 0.046 0.086 0.028 0.046 0.101 0.066 0.068 0.095 0.056;0.036 0.064 0.057 0.046 0.086 0.066 0.072 0.113 0.028 0.046 0.101 0.066 0.095 0.068 0.056;0.036 0.057 0.066 0.028 0.066 0.064 0.046 0.086 0.072 0.046 0.095 0.113 0.068 0.101 0.056;
0.042 0.059 0.052 0.078 0.1 0.072 0.041 0.077 0.041 0.064 0.079 0.069 0.052 0.102 0.072;0.042 0.059 0.072 0.041 0.077 0.052 0.078 0.1 0.041 0.064 0.079 0.069 0.102 0.052 0.072;0.042 0.072 0.052 0.041 0.069 0.059 0.041 0.077 0.078 0.064 0.102 0.1 0.052 0.079 0.072;
0.028 0.079 0.057 0.071 0.115 0.081 0.045 0.056 0.042 0.051 0.07 0.061 0.08 0.096 0.068;0.028 0.079 0.081 0.045 0.056 0.057 0.071 0.115 0.042 0.051 0.07 0.061 0.096 0.08 0.068;0.028 0.081 0.057 0.042 0.061 0.079 0.045 0.056 0.071 0.051 0.096 0.115 0.08 0.07 0.068;
0.037 0.062 0.056 0.08 0.103 0.065 0.051 0.07 0.039 0.057 0.066 0.056 0.075 0.115 0.068;0.037 0.062 0.065 0.051 0.07 0.056 0.08 0.103 0.039 0.057 0.066 0.056 0.115 0.075 0.068;0.037 0.065 0.056 0.039 0.056 0.062 0.051 0.07 0.08 0.057 0.115 0.103 0.075 0.066 0.068;
0.035 0.053 0.06 0.066 0.095 0.076 0.051 0.079 0.044 0.056 0.068 0.067 0.069 0.106 0.075;0.035 0.053 0.076 0.051 0.079 0.06 0.066 0.095 0.044 0.056 0.068 0.067 0.106 0.069 0.075;0.035 0.076 0.06 0.044 0.067 0.053 0.051 0.079 0.066 0.056 0.106 0.095 0.069 0.068 0.075;
0.034 0.07 0.041 0.087 0.095 0.067 0.043 0.08 0.036 0.055 0.089 0.065 0.066 0.103 0.069;0.034 0.07 0.067 0.043 0.08 0.041 0.087 0.095 0.036 0.055 0.089 0.065 0.103 0.066 0.069;0.034 0.067 0.041 0.036 0.065 0.07 0.043 0.08 0.087 0.055 0.103 0.095 0.066 0.089 0.069;
0.041 0.066 0.04 0.086 0.092 0.074 0.049 0.084 0.032 0.055 0.06 0.081 0.076 0.095 0.069;0.041 0.066 0.074 0.049 0.084 0.04 0.086 0.092 0.032 0.055 0.06 0.081 0.095 0.076 0.069;0.041 0.074 0.04 0.032 0.081 0.066 0.049 0.084 0.086 0.055 0.095 0.092 0.076 0.06 0.069;
0.04 0.074 0.045 0.067 0.1 0.063 0.044 0.099 0.04 0.056 0.074 0.071 0.079 0.078 0.07;0.04 0.074 0.063 0.044 0.099 0.045 0.067 0.1 0.04 0.056 0.074 0.071 0.078 0.079 0.07;0.04 0.063 0.045 0.04 0.071 0.074 0.044 0.099 0.067 0.056 0.078 0.1 0.079 0.074 0.07;
0.044 0.08 0.053 0.051 0.117 0.066 0.053 0.073 0.037 0.052 0.076 0.056 0.069 0.1 0.073;0.044 0.08 0.066 0.053 0.073 0.053 0.051 0.117 0.037 0.052 0.076 0.056 0.1 0.069 0.073;0.044 0.066 0.053 0.037 0.056 0.08 0.053 0.073 0.051 0.052 0.1 0.117 0.069 0.076 0.073;
0.034 0.069 0.07 0.066 0.102 0.06 0.046 0.081 0.051 0.053 0.071 0.067 0.066 0.102 0.062;0.034 0.069 0.06 0.046 0.081 0.07 0.066 0.102 0.051 0.053 0.071 0.067 0.102 0.066 0.062;0.034 0.06 0.07 0.051 0.067 0.069 0.046 0.081 0.066 0.053 0.102 0.102 0.066 0.071 0.062;
0.032 0.064 0.055 0.079 0.094 0.06 0.039 0.092 0.039 0.054 0.065 0.072 0.069 0.106 0.08;0.032 0.064 0.06 0.039 0.092 0.055 0.079 0.094 0.039 0.054 0.065 0.072 0.106 0.069 0.08;0.032 0.06 0.055 0.039 0.072 0.064 0.039 0.092 0.079 0.054 0.106 0.094 0.069 0.065 0.08;
0.026 0.069 0.045 0.069 0.106 0.063 0.039 0.096 0.034 0.045 0.075 0.064 0.075 0.112 0.082;0.026 0.069 0.063 0.039 0.096 0.045 0.069 0.106 0.034 0.045 0.075 0.064 0.112 0.075 0.082;0.026 0.063 0.045 0.034 0.064 0.069 0.039 0.096 0.069 0.045 0.112 0.106 0.075 0.075 0.082;
0.04 0.063 0.058 0.072 0.094 0.064 0.044 0.081 0.036 0.055 0.072 0.079 0.074 0.097 0.071;0.04 0.063 0.064 0.044 0.081 0.058 0.072 0.094 0.036 0.055 0.072 0.079 0.097 0.074 0.071;0.04 0.064 0.058 0.036 0.079 0.063 0.044 0.081 0.072 0.055 0.097 0.094 0.074 0.072 0.071;
0.039 0.068 0.064 0.069 0.102 0.061 0.041 0.08 0.028 0.051 0.076 0.077 0.071 0.106 0.067;0.039 0.068 0.061 0.041 0.08 0.064 0.069 0.102 0.028 0.051 0.076 0.077 0.106 0.071 0.067;0.039 0.061 0.064 0.028 0.077 0.068 0.041 0.08 0.069 0.051 0.106 0.102 0.071 0.076 0.067;
0.043 0.055 0.048 0.068 0.121 0.063 0.037 0.08 0.029 0.052 0.074 0.069 0.068 0.12 0.073;0.043 0.055 0.063 0.037 0.08 0.048 0.068 0.121 0.029 0.052 0.074 0.069 0.12 0.068 0.073;0.043 0.063 0.048 0.029 0.069 0.055 0.037 0.08 0.068 0.052 0.12 0.121 0.068 0.074 0.073;
0.037 0.065 0.058 0.083 0.125 0.08 0.044 0.073 0.027 0.043 0.08 0.046 0.074 0.088 0.077;0.037 0.065 0.08 0.044 0.073 0.058 0.083 0.125 0.027 0.043 0.08 0.046 0.088 0.074 0.077;0.037 0.08 0.058 0.027 0.046 0.065 0.044 0.073 0.083 0.043 0.088 0.125 0.074 0.08 0.077;
0.041 0.066 0.062 0.088 0.102 0.052 0.055 0.082 0.028 0.062 0.06 0.072 0.068 0.078 0.084;0.041 0.066 0.052 0.055 0.082 0.062 0.088 0.102 0.028 0.062 0.06 0.072 0.078 0.068 0.084;0.041 0.052 0.062 0.028 0.072 0.066 0.055 0.082 0.088 0.062 0.078 0.102 0.068 0.06 0.084;
0.043 0.066 0.048 0.067 0.092 0.075 0.042 0.095 0.045 0.046 0.079 0.068 0.076 0.091 0.067;0.043 0.066 0.075 0.042 0.095 0.048 0.067 0.092 0.045 0.046 0.079 0.068 0.091 0.076 0.067;0.043 0.075 0.048 0.045 0.068 0.066 0.042 0.095 0.067 0.046 0.091 0.092 0.076 0.079 0.067;
0.04 0.076 0.049 0.076 0.112 0.06 0.038 0.081 0.03 0.051 0.074 0.067 0.072 0.104 0.07;0.04 0.076 0.06 0.038 0.081 0.049 0.076 0.112 0.03 0.051 0.074 0.067 0.104 0.072 0.07;0.04 0.06 0.049 0.03 0.067 0.076 0.038 0.081 0.076 0.051 0.104 0.112 0.072 0.074 0.07;
0.046 0.066 0.052 0.081 0.09 0.063 0.045 0.086 0.034 0.049 0.056 0.076 0.072 0.099 0.085;0.046 0.066 0.063 0.045 0.086 0.052 0.081 0.09 0.034 0.049 0.056 0.076 0.099 0.072 0.085;0.046 0.063 0.052 0.034 0.076 0.066 0.045 0.086 0.081 0.049 0.099 0.09 0.072 0.056 0.085;
0.035 0.054 0.061 0.074 0.096 0.063 0.034 0.103 0.032 0.046 0.064 0.083 0.077 0.1 0.078;0.035 0.054 0.063 0.034 0.103 0.061 0.074 0.096 0.032 0.046 0.064 0.083 0.1 0.077 0.078;0.035 0.063 0.061 0.032 0.083 0.054 0.034 0.103 0.074 0.046 0.1 0.096 0.077 0.064 0.078;
0.031 0.06 0.058 0.084 0.1 0.069 0.041 0.088 0.034 0.067 0.069 0.065 0.069 0.094 0.071;0.031 0.06 0.069 0.041 0.088 0.058 0.084 0.1 0.034 0.067 0.069 0.065 0.094 0.069 0.071;0.031 0.069 0.058 0.034 0.065 0.06 0.041 0.088 0.084 0.067 0.094 0.1 0.069 0.069 0.071;
0.038 0.061 0.046 0.08 0.107 0.064 0.034 0.098 0.034 0.053 0.066 0.062 0.077 0.117 0.063;0.038 0.061 0.064 0.034 0.098 0.046 0.08 0.107 0.034 0.053 0.066 0.062 0.117 0.077 0.063;0.038 0.064 0.046 0.034 0.062 0.061 0.034 0.098 0.08 0.053 0.117 0.107 0.077 0.066 0.063;
0.032 0.072 0.049 0.077 0.092 0.065 0.048 0.068 0.033 0.065 0.067 0.057 0.085 0.105 0.085;0.032 0.072 0.065 0.048 0.068 0.049 0.077 0.092 0.033 0.065 0.067 0.057 0.105 0.085 0.085;0.032 0.065 0.049 0.033 0.057 0.072 0.048 0.068 0.077 0.065 0.105 0.092 0.085 0.067 0.085;
0.03 0.069 0.046 0.075 0.102 0.073 0.042 0.064 0.036 0.053 0.091 0.08 0.073 0.098 0.068;0.03 0.069 0.073 0.042 0.064 0.046 0.075 0.102 0.036 0.053 0.091 0.08 0.098 0.073 0.068;0.03 0.073 0.046 0.036 0.08 0.069 0.042 0.064 0.075 0.053 0.098 0.102 0.073 0.091 0.068;
0.035 0.076 0.049 0.075 0.103 0.068 0.047 0.102 0.04 0.042 0.066 0.076 0.074 0.082 0.065;0.035 0.076 0.068 0.047 0.102 0.049 0.075 0.103 0.04 0.042 0.066 0.076 0.082 0.074 0.065;0.035 0.068 0.049 0.04 0.076 0.076 0.047 0.102 0.075 0.042 0.082 0.103 0.074 0.066 0.065;
0.033 0.067 0.061 0.071 0.117 0.076 0.033 0.096 0.054 0.044 0.073 0.062 0.059 0.099 0.055;0.033 0.067 0.076 0.033 0.096 0.061 0.071 0.117 0.054 0.044 0.073 0.062 0.099 0.059 0.055;0.033 0.076 0.061 0.054 0.062 0.067 0.033 0.096 0.071 0.044 0.099 0.117 0.059 0.073 0.055;
0.031 0.061 0.053 0.072 0.103 0.061 0.036 0.099 0.036 0.053 0.08 0.062 0.077 0.101 0.075;0.031 0.061 0.061 0.036 0.099 0.053 0.072 0.103 0.036 0.053 0.08 0.062 0.101 0.077 0.075;0.031 0.061 0.053 0.036 0.062 0.061 0.036 0.099 0.072 0.053 0.101 0.103 0.077 0.08 0.075;
0.038 0.065 0.055 0.084 0.073 0.07 0.034 0.088 0.032 0.055 0.075 0.077 0.054 0.124 0.076;0.038 0.065 0.07 0.034 0.088 0.055 0.084 0.073 0.032 0.055 0.075 0.077 0.124 0.054 0.076;0.038 0.07 0.055 0.032 0.077 0.065 0.034 0.088 0.084 0.055 0.124 0.073 0.054 0.075 0.076;
0.031 0.062 0.047 0.078 0.094 0.069 0.043 0.088 0.04 0.061 0.082 0.076 0.065 0.111 0.053;0.031 0.062 0.069 0.043 0.088 0.047 0.078 0.094 0.04 0.061 0.082 0.076 0.111 0.065 0.053;0.031 0.069 0.047 0.04 0.076 0.062 0.043 0.088 0.078 0.061 0.111 0.094 0.065 0.082 0.053;
0.033 0.08 0.057 0.078 0.093 0.068 0.052 0.071 0.046 0.059 0.071 0.065 0.07 0.093 0.064;0.033 0.08 0.068 0.052 0.071 0.057 0.078 0.093 0.046 0.059 0.071 0.065 0.093 0.07 0.064;0.033 0.068 0.057 0.046 0.065 0.08 0.052 0.071 0.078 0.059 0.093 0.093 0.07 0.071 0.064;
0.041 0.063 0.047 0.064 0.104 0.069 0.038 0.081 0.042 0.061 0.06 0.076 0.078 0.111 0.065;0.041 0.063 0.069 0.038 0.081 0.047 0.064 0.104 0.042 0.061 0.06 0.076 0.111 0.078 0.065;0.041 0.069 0.047 0.042 0.076 0.063 0.038 0.081 0.064 0.061 0.111 0.104 0.078 0.06 0.065;
0.035 0.058 0.063 0.075 0.089 0.074 0.044 0.094 0.033 0.048 0.053 0.075 0.07 0.114 0.075;0.035 0.058 0.074 0.044 0.094 0.063 0.075 0.089 0.033 0.048 0.053 0.075 0.114 0.07 0.075;0.035 0.074 0.063 0.033 0.075 0.058 0.044 0.094 0.075 0.048 0.114 0.089 0.07 0.053 0.075;
0.024 0.068 0.049 0.074 0.095 0.081 0.037 0.087 0.039 0.054 0.073 0.071 0.078 0.097 0.073;0.024 0.068 0.081 0.037 0.087 0.049 0.074 0.095 0.039 0.054 0.073 0.071 0.097 0.078 0.073;0.024 0.081 0.049 0.039 0.071 0.068 0.037 0.087 0.074 0.054 0.097 0.095 0.078 0.073 0.073;
0.029 0.076 0.07 0.071 0.088 0.061 0.044 0.106 0.042 0.047 0.063 0.066 0.076 0.11 0.051;0.029 0.076 0.061 0.044 0.106 0.07 0.071 0.088 0.042 0.047 0.063 0.066 0.11 0.076 0.051;0.029 0.061 0.07 0.042 0.066 0.076 0.044 0.106 0.071 0.047 0.11 0.088 0.076 0.063 0.051;
0.039 0.054 0.047 0.078 0.113 0.06 0.046 0.077 0.043 0.053 0.085 0.06 0.069 0.109 0.067;0.039 0.054 0.06 0.046 0.077 0.047 0.078 0.113 0.043 0.053 0.085 0.06 0.109 0.069 0.067;0.039 0.06 0.047 0.043 0.06 0.054 0.046 0.077 0.078 0.053 0.109 0.113 0.069 0.085 0.067;
0.05 0.069 0.058 0.068 0.09 0.057 0.048 0.093 0.038 0.056 0.075 0.072 0.06 0.101 0.065;0.05 0.069 0.057 0.048 0.093 0.058 0.068 0.09 0.038 0.056 0.075 0.072 0.101 0.06 0.065;0.05 0.057 0.058 0.038 0.072 0.069 0.048 0.093 0.068 0.056 0.101 0.09 0.06 0.075 0.065;
0.04 0.065 0.059 0.067 0.106 0.06 0.043 0.098 0.032 0.056 0.069 0.062 0.066 0.105 0.072;0.04 0.065 0.06 0.043 0.098 0.059 0.067 0.106 0.032 0.056 0.069 0.062 0.105 0.066 0.072;0.04 0.06 0.059 0.032 0.062 0.065 0.043 0.098 0.067 0.056 0.105 0.106 0.066 0.069 0.072;
0.032 0.069 0.055 0.075 0.111 0.057 0.047 0.086 0.042 0.047 0.074 0.084 0.073 0.09 0.058;0.032 0.069 0.057 0.047 0.086 0.055 0.075 0.111 0.042 0.047 0.074 0.084 0.09 0.073 0.058;0.032 0.057 0.055 0.042 0.084 0.069 0.047 0.086 0.075 0.047 0.09 0.111 0.073 0.074 0.058;
0.036 0.06 0.063 0.085 0.11 0.044 0.037 0.088 0.036 0.056 0.079 0.066 0.069 0.103 0.068;0.036 0.06 0.044 0.037 0.088 0.063 0.085 0.11 0.036 0.056 0.079 0.066 0.103 0.069 0.068;0.036 0.044 0.063 0.036 0.066 0.06 0.037 0.088 0.085 0.056 0.103 0.11 0.069 0.079 0.068;
0.028 0.069 0.041 0.072 0.087 0.06 0.039 0.1 0.039 0.07 0.068 0.078 0.083 0.097 0.069;0.028 0.069 0.06 0.039 0.1 0.041 0.072 0.087 0.039 0.07 0.068 0.078 0.097 0.083 0.069;0.028 0.06 0.041 0.039 0.078 0.069 0.039 0.1 0.072 0.07 0.097 0.087 0.083 0.068 0.069;
0.04 0.065 0.047 0.074 0.092 0.072 0.03 0.097 0.04 0.053 0.083 0.076 0.07 0.102 0.059;0.04 0.065 0.072 0.03 0.097 0.047 0.074 0.092 0.04 0.053 0.083 0.076 0.102 0.07 0.059;0.04 0.072 0.047 0.04 0.076 0.065 0.03 0.097 0.074 0.053 0.102 0.092 0.07 0.083 0.059;
0.038 0.072 0.061 0.077 0.1 0.06 0.047 0.069 0.043 0.057 0.064 0.068 0.066 0.115 0.063;0.038 0.072 0.06 0.047 0.069 0.061 0.077 0.1 0.043 0.057 0.064 0.068 0.115 0.066 0.063;0.038 0.06 0.061 0.043 0.068 0.072 0.047 0.069 0.077 0.057 0.115 0.1 0.066 0.064 0.063;
0.033 0.071 0.058 0.075 0.106 0.086 0.036 0.093 0.033 0.048 0.062 0.062 0.074 0.097 0.066;0.033 0.071 0.086 0.036 0.093 0.058 0.075 0.106 0.033 0.048 0.062 0.062 0.097 0.074 0.066;0.033 0.086 0.058 0.033 0.062 0.071 0.036 0.093 0.075 0.048 0.097 0.106 0.074 0.062 0.066;
0.043 0.061 0.067 0.078 0.1 0.065 0.034 0.085 0.035 0.046 0.069 0.053 0.091 0.101 0.072;0.043 0.061 0.065 0.034 0.085 0.067 0.078 0.1 0.035 0.046 0.069 0.053 0.101 0.091 0.072;0.043 0.065 0.067 0.035 0.053 0.061 0.034 0.085 0.078 0.046 0.101 0.1 0.091 0.069 0.072;
0.044 0.059 0.063 0.078 0.093 0.068 0.035 0.083 0.04 0.051 0.07 0.069 0.068 0.111 0.068;0.044 0.059 0.068 0.035 0.083 0.063 0.078 0.093 0.04 0.051 0.07 0.069 0.111 0.068 0.068;0.044 0.068 0.063 0.04 0.069 0.059 0.035 0.083 0.078 0.051 0.111 0.093 0.068 0.07 0.068;
0.037 0.066 0.044 0.081 0.107 0.073 0.038 0.102 0.028 0.047 0.063 0.073 0.072 0.087 0.082;0.037 0.066 0.073 0.038 0.102 0.044 0.081 0.107 0.028 0.047 0.063 0.073 0.087 0.072 0.082;0.037 0.073 0.044 0.028 0.073 0.066 0.038 0.102 0.081 0.047 0.087 0.107 0.072 0.063 0.082;
0.039 0.061 0.048 0.076 0.094 0.069 0.037 0.085 0.043 0.056 0.077 0.07 0.076 0.091 0.078;0.039 0.061 0.069 0.037 0.085 0.048 0.076 0.094 0.043 0.056 0.077 0.07 0.091 0.076 0.078;0.039 0.069 0.048 0.043 0.07 0.061 0.037 0.085 0.076 0.056 0.091 0.094 0.076 0.077 0.078;
0.034 0.059 0.042 0.083 0.097 0.066 0.037 0.098 0.035 0.068 0.07 0.081 0.067 0.093 0.07;0.034 0.059 0.066 0.037 0.098 0.042 0.083 0.097 0.035 0.068 0.07 0.081 0.093 0.067 0.07;0.034 0.066 0.042 0.035 0.081 0.059 0.037 0.098 0.083 0.068 0.093 0.097 0.067 0.07 0.07;
0.041 0.069 0.052 0.072 0.08 0.065 0.054 0.086 0.041 0.05 0.078 0.083 0.083 0.089 0.057;0.041 0.069 0.065 0.054 0.086 0.052 0.072 0.08 0.041 0.05 0.078 0.083 0.089 0.083 0.057;0.041 0.065 0.052 0.041 0.083 0.069 0.054 0.086 0.072 0.05 0.089 0.08 0.083 0.078 0.057;
0.031 0.073 0.043 0.057 0.115 0.062 0.045 0.083 0.038 0.057 0.083 0.069 0.06 0.097 0.087;0.031 0.073 0.062 0.045 0.083 0.043 0.057 0.115 0.038 0.057 0.083 0.069 0.097 0.06 0.087;0.031 0.062 0.043 0.038 0.069 0.073 0.045 0.083 0.057 0.057 0.097 0.115 0.06 0.083 0.087;
0.031 0.062 0.058 0.072 0.111 0.061 0.04 0.091 0.041 0.047 0.076 0.061 0.072 0.107 0.07;0.031 0.062 0.061 0.04 0.091 0.058 0.072 0.111 0.041 0.047 0.076 0.061 0.107 0.072 0.07;0.031 0.061 0.058 0.041 0.061 0.062 0.04 0.091 0.072 0.047 0.107 0.111 0.072 0.076 0.07;
0.041 0.078 0.067 0.071 0.102 0.078 0.041 0.072 0.044 0.049 0.071 0.061 0.064 0.099 0.062;0.041 0.078 0.078 0.041 0.072 0.067 0.071 0.102 0.044 0.049 0.071 0.061 0.099 0.064 0.062;0.041 0.078 0.067 0.044 0.061 0.078 0.041 0.072 0.071 0.049 0.099 0.102 0.064 0.071 0.062;
0.035 0.059 0.055 0.073 0.094 0.071 0.043 0.086 0.042 0.064 0.077 0.079 0.061 0.079 0.082;0.035 0.059 0.071 0.043 0.086 0.055 0.073 0.094 0.042 0.064 0.077 0.079 0.079 0.061 0.082;0.035 0.071 0.055 0.042 0.079 0.059 0.043 0.086 0.073 0.064 0.079 0.094 0.061 0.077 0.082;
0.024 0.071 0.052 0.06 0.107 0.073 0.039 0.085 0.041 0.052 0.082 0.07 0.076 0.095 0.073;0.024 0.071 0.073 0.039 0.085 0.052 0.06 0.107 0.041 0.052 0.082 0.07 0.095 0.076 0.073;0.024 0.073 0.052 0.041 0.07 0.071 0.039 0.085 0.06 0.052 0.095 0.107 0.076 0.082 0.073;
0.042 0.066 0.062 0.08 0.101 0.062 0.036 0.074 0.04 0.052 0.074 0.071 0.081 0.092 0.067;0.042 0.066 0.062 0.036 0.074 0.062 0.08 0.101 0.04 0.052 0.074 0.071 0.092 0.081 0.067;0.042 0.062 0.062 0.04 0.071 0.066 0.036 0.074 0.08 0.052 0.092 0.101 0.081 0.074 0.067;
0.042 0.067 0.051 0.076 0.111 0.073 0.043 0.075 0.042 0.052 0.064 0.078 0.067 0.089 0.07;0.042 0.067 0.073 0.043 0.075 0.051 0.076 0.111 0.042 0.052 0.064 0.078 0.089 0.067 0.07;0.042 0.073 0.051 0.042 0.078 0.067 0.043 0.075 0.076 0.052 0.089 0.111 0.067 0.064 0.07;
0.044 0.057 0.057 0.07 0.119 0.061 0.046 0.09 0.026 0.058 0.071 0.065 0.069 0.103 0.064;0.044 0.057 0.061 0.046 0.09 0.057 0.07 0.119 0.026 0.058 0.071 0.065 0.103 0.069 0.064;0.044 0.061 0.057 0.026 0.065 0.057 0.046 0.09 0.07 0.058 0.103 0.119 0.069 0.071 0.064;
0.021 0.072 0.067 0.071 0.116 0.07 0.046 0.077 0.046 0.058 0.056 0.073 0.062 0.095 0.07;0.021 0.072 0.07 0.046 0.077 0.067 0.071 0.116 0.046 0.058 0.056 0.073 0.095 0.062 0.07;0.021 0.07 0.067 0.046 0.073 0.072 0.046 0.077 0.071 0.058 0.095 0.116 0.062 0.056 0.07;
0.033 0.065 0.06 0.086 0.103 0.07 0.041 0.1 0.024 0.046 0.065 0.071 0.057 0.119 0.06;0.033 0.065 0.07 0.041 0.1 0.06 0.086 0.103 0.024 0.046 0.065 0.071 0.119 0.057 0.06;0.033 0.07 0.06 0.024 0.071 0.065 0.041 0.1 0.086 0.046 0.119 0.103 0.057 0.065 0.06;
0.028 0.056 0.051 0.065 0.103 0.061 0.044 0.084 0.049 0.06 0.081 0.092 0.062 0.099 0.065;0.028 0.056 0.061 0.044 0.084 0.051 0.065 0.103 0.049 0.06 0.081 0.092 0.099 0.062 0.065;0.028 0.061 0.051 0.049 0.092 0.056 0.044 0.084 0.065 0.06 0.099 0.103 0.062 0.081 0.065;
0.04 0.069 0.055 0.072 0.097 0.067 0.039 0.096 0.035 0.054 0.078 0.071 0.07 0.097 0.06;0.04 0.069 0.067 0.039 0.096 0.055 0.072 0.097 0.035 0.054 0.078 0.071 0.097 0.07 0.06;0.04 0.067 0.055 0.035 0.071 0.069 0.039 0.096 0.072 0.054 0.097 0.097 0.07 0.078 0.06;
0.04 0.058 0.055 0.067 0.096 0.07 0.043 0.089 0.035 0.053 0.072 0.061 0.069 0.108 0.084;0.04 0.058 0.07 0.043 0.089 0.055 0.067 0.096 0.035 0.053 0.072 0.061 0.108 0.069 0.084;0.04 0.07 0.055 0.035 0.061 0.058 0.043 0.089 0.067 0.053 0.108 0.096 0.069 0.072 0.084;
0.038 0.057 0.05 0.076 0.108 0.088 0.044 0.076 0.038 0.052 0.059 0.069 0.082 0.089 0.074;0.038 0.057 0.088 0.044 0.076 0.05 0.076 0.108 0.038 0.052 0.059 0.069 0.089 0.082 0.074;0.038 0.088 0.05 0.038 0.069 0.057 0.044 0.076 0.076 0.052 0.089 0.108 0.082 0.059 0.074;
0.04 0.059 0.063 0.072 0.119 0.066 0.041 0.082 0.042 0.069 0.076 0.055 0.061 0.101 0.054;0.04 0.059 0.066 0.041 0.082 0.063 0.072 0.119 0.042 0.069 0.076 0.055 0.101 0.061 0.054;0.04 0.066 0.063 0.042 0.055 0.059 0.041 0.082 0.072 0.069 0.101 0.119 0.061 0.076 0.054;
0.035 0.053 0.058 0.065 0.085 0.076 0.044 0.079 0.044 0.054 0.074 0.065 0.087 0.102 0.079;0.035 0.053 0.076 0.044 0.079 0.058 0.065 0.085 0.044 0.054 0.074 0.065 0.102 0.087 0.079;0.035 0.076 0.058 0.044 0.065 0.053 0.044 0.079 0.065 0.054 0.102 0.085 0.087 0.074 0.079;
0.039 0.065 0.063 0.072 0.101 0.058 0.044 0.073 0.034 0.042 0.062 0.069 0.076 0.124 0.078;0.039 0.065 0.058 0.044 0.073 0.063 0.072 0.101 0.034 0.042 0.062 0.069 0.124 0.076 0.078;0.039 0.058 0.063 0.034 0.069 0.065 0.044 0.073 0.072 0.042 0.124 0.101 0.076 0.062 0.078;
0.038 0.064 0.048 0.07 0.1 0.054 0.047 0.094 0.046 0.055 0.072 0.064 0.073 0.099 0.076;0.038 0.064 0.054 0.047 0.094 0.048 0.07 0.1 0.046 0.055 0.072 0.064 0.099 0.073 0.076;0.038 0.054 0.048 0.046 0.064 0.064 0.047 0.094 0.07 0.055 0.099 0.1 0.073 0.072 0.076;
0.039 0.061 0.046 0.089 0.097 0.076 0.047 0.069 0.045 0.048 0.082 0.062 0.07 0.1 0.069;0.039 0.061 0.076 0.047 0.069 0.046 0.089 0.097 0.045 0.048 0.082 0.062 0.1 0.07 0.069;0.039 0.076 0.046 0.045 0.062 0.061 0.047 0.069 0.089 0.048 0.1 0.097 0.07 0.082 0.069;
0.031 0.068 0.055 0.075 0.107 0.049 0.033 0.099 0.038 0.051 0.074 0.083 0.067 0.105 0.065;0.031 0.068 0.049 0.033 0.099 0.055 0.075 0.107 0.038 0.051 0.074 0.083 0.105 0.067 0.065;0.031 0.049 0.055 0.038 0.083 0.068 0.033 0.099 0.075 0.051 0.105 0.107 0.067 0.074 0.065;
0.039 0.055 0.046 0.082 0.103 0.068 0.038 0.081 0.043 0.056 0.069 0.071 0.081 0.099 0.069;0.039 0.055 0.068 0.038 0.081 0.046 0.082 0.103 0.043 0.056 0.069 0.071 0.099 0.081 0.069;0.039 0.068 0.046 0.043 0.071 0.055 0.038 0.081 0.082 0.056 0.099 0.103 0.081 0.069 0.069;
0.037 0.063 0.06 0.059 0.081 0.058 0.052 0.086 0.039 0.055 0.073 0.088 0.074 0.109 0.066;0.037 0.063 0.058 0.052 0.086 0.06 0.059 0.081 0.039 0.055 0.073 0.088 0.109 0.074 0.066;0.037 0.058 0.06 0.039 0.088 0.063 0.052 0.086 0.059 0.055 0.109 0.081 0.074 0.073 0.066;
0.043 0.06 0.048 0.068 0.102 0.064 0.039 0.084 0.038 0.054 0.074 0.08 0.075 0.103 0.068;0.043 0.06 0.064 0.039 0.084 0.048 0.068 0.102 0.038 0.054 0.074 0.08 0.103 0.075 0.068;0.043 0.064 0.048 0.038 0.08 0.06 0.039 0.084 0.068 0.054 0.103 0.102 0.075 0.074 0.068;
0.028 0.065 0.055 0.087 0.092 0.062 0.04 0.091 0.038 0.057 0.075 0.057 0.072 0.097 0.084;0.028 0.065 0.062 0.04 0.091 0.055 0.087 0.092 0.038 0.057 0.075 0.057 0.097 0.072 0.084;0.028 0.062 0.055 0.038 0.057 0.065 0.04 0.091 0.087 0.057 0.097 0.092 0.072 0.075 0.084;
0.04 0.065 0.053 0.073 0.098 0.075 0.039 0.09 0.04 0.053 0.059 0.083 0.07 0.099 0.063;0.04 0.065 0.075 0.039 0.09 0.053 0.073 0.098 0.04 0.053 0.059 0.083 0.099 0.07 0.063;0.04 0.075 0.053 0.04 0.083 0.065 0.039 0.09 0.073 0.053 0.099 0.098 0.07 0.059 0.063;
0.033 0.075 0.045 0.081 0.102 0.07 0.037 0.088 0.028 0.044 0.072 0.074 0.07 0.098 0.083;0.033 0.075 0.07 0.037 0.088 0.045 0.081 0.102 0.028 0.044 0.072 0.074 0.098 0.07 0.083;0.033 0.07 0.045 0.028 0.074 0.075 0.037 0.088 0.081 0.044 0.098 0.102 0.07 0.072 0.083;
0.038 0.069 0.058 0.072 0.103 0.057 0.044 0.101 0.041 0.035 0.08 0.069 0.066 0.102 0.065;0.038 0.069 0.057 0.044 0.101 0.058 0.072 0.103 0.041 0.035 0.08 0.069 0.102 0.066 0.065;0.038 0.057 0.058 0.041 0.069 0.069 0.044 0.101 0.072 0.035 0.102 0.103 0.066 0.08 0.065];