pntP=[0.55 0.02 0.01 0.1 0.01 0 0 0.07 0 0.01 0 0.02 0 0 0 0.09 0 0 0 0 0 0 0 0.02 0 0 0 0 0 0 0 0.01 0 0 0 0.09;0.55 0.02 0.01 0 0.02 0 0 0 0 0 0.1 0.01 0 0 0 0.09 0 0 0 0 0.01 0 0 0 0 0.02 0.07 0 0.01 0 0 0 0 0 0 0.09;0.55 0 0 0.1 0 0 0 0.07 0 0 0.02 0.02 0 0 0.01 0.09 0 0 0 0 0 0 0 0.02 0 0 0.01 0 0 0 0 0.01 0 0.01 0 0.09;
0.52 0 0 0.16 0 0 0 0.03 0 0.01 0.01 0.03 0 0 0 0.19 0 0 0 0.04 0 0 0 0.01 0 0 0 0 0 0 0 0 0 0 0 0;0.52 0 0 0.01 0.03 0 0 0 0 0 0.16 0 0 0 0 0.19 0 0 0 0 0 0 0 0 0 0.01 0.03 0 0.01 0 0.04 0 0 0 0 0;0.52 0.01 0 0.16 0 0 0 0.03 0 0 0 0.03 0 0 0 0.19 0 0 0 0.04 0 0 0 0.01 0 0 0 0 0 0 0 0 0 0.01 0 0;
0.48 0 0 0.19 0.01 0 0 0 0 0.01 0 0.01 0 0 0.01 0.07 0 0 0 0.02 0 0 0 0 0 0 0.01 0 0 0.01 0 0.08 0 0 0 0.1;0.48 0 0 0 0.01 0 0 0.01 0 0 0.19 0.01 0 0 0.01 0.07 0 0 0.01 0 0.08 0 0 0 0 0 0 0 0.01 0 0.02 0 0 0 0 0.1;0.48 0 0.01 0.19 0.01 0.01 0 0 0 0 0 0.01 0 0 0.01 0.07 0 0 0 0.02 0 0 0 0 0 0 0 0 0 0 0 0.08 0 0.01 0 0.1;
0.46 0 0 0.09 0.02 0 0 0.1 0 0.01 0 0 0 0 0.01 0.2 0 0 0 0.02 0 0 0 0.05 0 0 0.01 0 0 0 0 0.01 0 0 0 0.02;0.46 0 0 0 0 0 0 0.01 0 0 0.09 0.02 0 0 0.01 0.2 0 0 0 0 0.01 0 0 0 0 0.05 0.1 0 0.01 0 0.02 0 0 0 0 0.02;0.46 0 0.01 0.09 0.01 0 0 0.1 0 0 0 0 0 0 0.02 0.2 0 0 0 0.02 0 0 0 0.05 0 0 0 0 0 0 0 0.01 0 0.01 0 0.02;
0.56 0 0.01 0.15 0 0 0 0.05 0 0 0 0 0 0 0 0.17 0 0 0 0.02 0 0 0 0 0 0 0.01 0 0 0 0 0.01 0 0 0 0.02;0.56 0 0.01 0 0 0 0 0.01 0 0 0.15 0 0 0 0 0.17 0 0 0 0 0.01 0 0 0 0 0 0.05 0 0 0 0.02 0 0 0 0 0.02;0.56 0 0.01 0.15 0 0 0 0.05 0 0 0 0 0 0 0 0.17 0 0 0 0.02 0 0 0 0 0 0 0.01 0 0 0 0 0.01 0 0 0 0.02;
0.52 0 0 0.04 0 0 0 0.13 0 0.01 0 0 0 0 0 0 0 0 0 0 0 0 0.01 0 0 0 0.01 0 0.07 0 0 0 0 0 0 0.21;0.52 0 0 0 0 0 0 0.01 0 0.07 0.04 0 0 0 0 0 0 0 0 0 0 0 0.01 0 0 0 0.13 0 0.01 0 0 0 0 0 0 0.21;0.52 0 0.01 0.04 0 0 0.01 0.13 0 0 0 0 0 0 0 0 0 0 0 0 0 0 0 0 0 0 0 0 0.07 0 0 0 0 0.01 0 0.21;
0.53 0.01 0 0 0 0 0 0.19 0 0 0.01 0 0 0 0 0.17 0 0.01 0 0 0 0 0 0.04 0 0 0.01 0 0 0 0 0 0 0 0 0.03;0.53 0.01 0 0.01 0 0 0 0.01 0 0 0 0 0 0 0 0.17 0 0.01 0 0 0 0 0 0 0 0.04 0.19 0 0 0 0 0 0 0 0 0.03;0.53 0.01 0.01 0 0 0 0 0.19 0 0 0.01 0 0 0 0 0.17 0 0 0 0 0 0 0 0.04 0 0.01 0 0 0 0 0 0 0 0 0 0.03;
0.52 0 0 0.11 0 0 0 0.06 0 0.02 0.01 0.01 0 0 0 0.21 0 0.01 0.01 0.03 0 0 0 0 0 0 0 0 0 0 0 0 0 0 0 0.01;0.52 0 0 0.01 0.01 0 0 0 0 0 0.11 0 0 0 0 0.21 0 0.01 0 0 0 0 0 0 0 0 0.06 0 0.02 0.01 0.03 0 0 0 0 0.01;0.52 0.01 0 0.11 0 0 0 0.06 0.01 0 0 0.01 0 0 0 0.21 0 0 0 0.03 0 0 0 0 0 0.01 0 0 0 0 0 0 0 0.02 0 0.01;
0.58 0 0 0.09 0 0 0 0.09 0 0 0 0.01 0 0 0 0.06 0 0 0 0 0 0 0 0.02 0 0 0 0 0.01 0 0 0 0 0 0 0.14;0.58 0 0 0 0.01 0 0 0 0 0.01 0.09 0 0 0 0 0.06 0 0 0 0 0 0 0 0 0 0.02 0.09 0 0 0 0 0 0 0 0 0.14;0.58 0 0 0.09 0 0 0 0.09 0 0 0 0.01 0 0 0 0.06 0 0 0 0 0 0 0 0.02 0 0 0 0 0.01 0 0 0 0 0 0 0.14;
0.53 0.01 0.02 0.16 0 0 0 0.06 0 0.01 0 0.02 0 0 0.01 0.09 0 0 0 0.01 0 0 0 0.01 0 0 0.01 0 0.02 0 0 0 0 0.01 0 0.03;0.53 0.01 0.02 0 0.02 0 0 0.01 0 0.02 0.16 0 0 0 0.01 0.09 0 0 0 0 0 0 0 0 0 0.01 0.06 0 0.01 0 0.01 0 0 0.01 0 0.03;0.53 0 0.01 0.16 0.01 0 0 0.06 0 0.01 0.01 0.02 0 0 0 0.09 0 0 0 0.01 0 0 0 0.01 0 0 0.02 0 0.02 0 0 0 0 0.01 0 0.03;
0.46 0 0 0.03 0.01 0 0 0.24 0 0.01 0 0 0 0 0 0.06 0 0 0 0 0 0 0 0.03 0 0 0 0 0.06 0 0 0.02 0.01 0 0 0.07;0.46 0 0 0 0 0 0 0 0 0.06 0.03 0.01 0 0 0 0.06 0 0 0 0 0.02 0.01 0 0 0 0.03 0.24 0 0.01 0 0 0 0 0 0 0.07;0.46 0 0 0.03 0 0 0 0.24 0 0 0 0 0 0 0.01 0.06 0 0 0 0 0 0 0 0.03 0.01 0 0 0 0.06 0 0 0.02 0 0.01 0 0.07;
0.56 0 0 0.14 0.01 0 0 0.03 0 0.02 0 0.02 0 0 0 0.16 0 0 0 0.02 0 0 0 0.01 0 0 0 0 0 0 0 0.02 0 0 0 0.01;0.56 0 0 0 0.02 0 0 0 0 0 0.14 0.01 0 0 0 0.16 0 0 0 0 0.02 0 0 0 0 0.01 0.03 0 0.02 0 0.02 0 0 0 0 0.01;0.56 0 0 0.14 0 0 0 0.03 0 0 0 0.02 0 0 0.01 0.16 0 0 0 0.02 0 0 0 0.01 0 0 0 0 0 0 0 0.02 0 0.02 0 0.01;
0.6 0 0 0.03 0 0 0 0.06 0 0 0 0 0 0 0 0.1 0 0 0 0.02 0 0 0 0.02 0 0 0.02 0 0.03 0 0.01 0 0 0 0 0.11;0.6 0 0 0 0 0 0 0.02 0 0.03 0.03 0 0 0 0 0.1 0 0 0 0.01 0 0 0 0 0 0.02 0.06 0 0 0 0.02 0 0 0 0 0.11;0.6 0 0.02 0.03 0 0 0 0.06 0 0 0 0 0 0 0 0.1 0.01 0 0 0.02 0 0 0 0.02 0 0 0 0 0.03 0 0 0 0 0 0 0.11;
0.47 0 0 0.06 0.01 0 0 0.15 0 0.01 0 0.01 0 0 0 0.14 0 0 0 0.01 0.01 0 0 0.02 0 0 0.01 0 0.03 0 0 0.01 0 0 0 0.06;0.47 0 0 0 0.01 0 0 0.01 0 0.03 0.06 0.01 0 0 0 0.14 0 0 0 0 0.01 0 0 0 0 0.02 0.15 0 0.01 0 0.01 0.01 0 0 0 0.06;0.47 0 0.01 0.06 0 0 0 0.15 0 0 0 0.01 0 0 0.01 0.14 0 0 0 0.01 0 0 0 0.02 0 0 0 0 0.03 0 0 0.01 0 0.01 0.01 0.06;
0.53 0.01 0 0.14 0 0 0 0.05 0 0 0.01 0.01 0 0 0.01 0.08 0 0 0 0.02 0.01 0 0 0 0 0 0.01 0 0.01 0 0 0.02 0 0 0 0.09;0.53 0.01 0 0.01 0.01 0 0 0.01 0 0.01 0.14 0 0 0 0.01 0.08 0 0 0 0 0.02 0 0 0 0 0 0.05 0 0 0 0.02 0.01 0 0 0 0.09;0.53 0.01 0.01 0.14 0.01 0 0 0.05 0 0 0.01 0.01 0 0 0 0.08 0 0 0 0.02 0 0 0 0 0 0 0 0 0.01 0 0 0.02 0 0 0.01 0.09;
0.54 0.01 0 0.19 0 0 0 0.02 0 0 0 0.02 0 0 0.01 0.11 0 0 0 0.01 0 0 0 0 0 0 0 0 0.01 0 0 0 0 0 0 0.08;0.54 0.01 0 0 0.02 0 0 0 0 0.01 0.19 0 0 0 0.01 0.11 0 0 0 0 0 0 0 0 0 0 0.02 0 0 0 0.01 0 0 0 0 0.08;0.54 0 0 0.19 0.01 0 0 0.02 0 0 0.01 0.02 0 0 0 0.11 0 0 0 0.01 0 0 0 0 0 0 0 0 0.01 0 0 0 0 0 0 0.08;
0.45 0 0 0.04 0 0.01 0 0.18 0.01 0 0 0 0 0 0 0.05 0 0 0 0.01 0 0 0 0.01 0 0 0 0 0.04 0 0 0.01 0 0 0 0.19;0.45 0 0 0 0 0 0 0 0 0.04 0.04 0 0.01 0 0 0.05 0 0 0 0 0.01 0 0 0 0 0.01 0.18 0.01 0 0 0.01 0 0 0 0 0.19;0.45 0 0 0.04 0 0 0 0.18 0 0 0 0 0 0 0 0.05 0 0 0.01 0.01 0 0 0 0.01 0 0 0 0 0.04 0.01 0 0.01 0 0 0 0.19;
0.49 0 0 0.09 0 0.01 0 0.14 0.01 0 0 0.01 0 0 0 0.04 0 0 0 0 0 0 0 0.02 0 0 0 0 0.01 0 0 0.02 0 0 0 0.16;0.49 0 0 0 0.01 0 0 0 0 0.01 0.09 0 0.01 0 0 0.04 0 0 0 0 0.02 0 0 0 0 0.02 0.14 0.01 0 0 0 0 0 0 0 0.16;0.49 0 0 0.09 0 0 0 0.14 0 0 0 0.01 0 0 0 0.04 0 0 0.01 0 0 0 0 0.02 0 0 0 0 0.01 0.01 0 0.02 0 0 0 0.16;
0.58 0 0 0.18 0.01 0 0 0 0 0 0 0 0 0 0 0.06 0 0 0 0.01 0 0 0 0 0 0 0 0 0 0 0 0.03 0 0 0 0.13;0.58 0 0 0 0 0 0 0 0 0 0.18 0.01 0 0 0 0.06 0 0 0 0 0.03 0 0 0 0 0 0 0 0 0 0.01 0 0 0 0 0.13;0.58 0 0 0.18 0 0 0 0 0 0 0 0 0 0 0.01 0.06 0 0 0 0.01 0 0 0 0 0 0 0 0 0 0 0 0.03 0 0 0 0.13;
0.56 0 0 0.17 0 0 0 0.05 0 0 0 0.04 0 0 0 0.13 0 0 0 0.04 0 0 0 0 0 0 0 0 0 0 0 0 0 0 0 0.01;0.56 0 0 0 0.04 0 0 0 0 0 0.17 0 0 0 0 0.13 0 0 0 0 0 0 0 0 0 0 0.05 0 0 0 0.04 0 0 0 0 0.01;0.56 0 0 0.17 0 0 0 0.05 0 0 0 0.04 0 0 0 0.13 0 0 0 0.04 0 0 0 0 0 0 0 0 0 0 0 0 0 0 0 0.01;
0.51 0 0.01 0.21 0.01 0 0 0.01 0 0.02 0 0 0 0 0 0.01 0 0 0 0.01 0 0 0 0 0 0 0 0 0 0 0 0.07 0 0 0 0.14;0.51 0 0.01 0 0 0 0 0 0 0 0.21 0.01 0 0 0 0.01 0 0 0 0 0.07 0 0 0 0 0 0.01 0 0.02 0 0.01 0 0 0 0 0.14;0.51 0 0 0.21 0 0 0 0.01 0 0 0 0 0 0 0.01 0.01 0 0 0 0.01 0 0 0 0 0 0 0.01 0 0 0 0 0.07 0 0.02 0 0.14;
0.52 0.01 0.01 0.08 0 0 0 0.06 0 0.01 0.03 0 0.01 0 0 0.07 0 0 0 0.01 0 0 0 0 0 0 0 0 0.04 0 0 0.04 0 0 0 0.11;0.52 0.01 0.01 0.03 0 0.01 0 0 0 0.04 0.08 0 0 0 0 0.07 0 0 0 0 0.04 0 0 0 0 0 0.06 0 0.01 0 0.01 0 0 0 0 0.11;0.52 0.03 0 0.08 0 0 0 0.06 0 0 0.01 0 0 0 0 0.07 0 0 0 0.01 0 0 0 0 0 0 0.01 0.01 0.04 0 0 0.04 0 0.01 0 0.11;
0.55 0 0.01 0.04 0 0 0 0.11 0 0 0 0.01 0 0 0 0.16 0.01 0 0 0 0 0 0 0.03 0 0 0.01 0 0.01 0 0 0.01 0 0 0 0.05;0.55 0 0.01 0 0.01 0 0 0.01 0 0.01 0.04 0 0 0 0 0.16 0.01 0 0 0 0.01 0 0 0 0 0.03 0.11 0 0 0 0 0 0 0 0 0.05;0.55 0 0.01 0.04 0 0 0 0.11 0 0 0 0.01 0 0 0 0.16 0 0 0 0 0 0 0 0.03 0 0 0.01 0 0.01 0 0.01 0.01 0 0 0 0.05;
0.56 0 0 0.14 0.01 0 0 0.06 0 0 0 0 0 0 0.01 0.07 0 0.01 0 0 0 0 0 0.01 0.01 0 0.01 0 0.01 0 0 0.01 0 0 0 0.09;0.56 0 0 0 0 0 0 0.01 0 0.01 0.14 0.01 0 0 0.01 0.07 0 0.01 0 0 0.01 0 0 0 0.01 0.01 0.06 0 0 0 0 0 0 0 0 0.09;0.56 0 0.01 0.14 0.01 0 0 0.06 0 0 0 0 0 0 0.01 0.07 0 0 0 0 0 0 0 0.01 0 0.01 0 0 0.01 0 0 0.01 0.01 0 0 0.09;
0.46 0.01 0.01 0.05 0.01 0 0 0.18 0 0 0.01 0 0 0 0 0.13 0 0 0 0.01 0 0.01 0 0.01 0 0 0 0 0 0 0 0.01 0 0 0 0.1;0.46 0.01 0.01 0.01 0 0 0 0 0 0 0.05 0.01 0 0 0 0.13 0 0 0 0 0.01 0 0 0 0 0.01 0.18 0 0 0 0.01 0 0.01 0 0 0.1;0.46 0.01 0 0.05 0 0 0 0.18 0 0 0.01 0 0 0 0.01 0.13 0 0 0 0.01 0 0.01 0 0.01 0 0 0.01 0 0 0 0 0.01 0 0 0 0.1;
0.46 0 0.01 0.13 0.03 0 0 0.11 0 0 0 0 0 0 0 0.06 0 0 0 0.01 0 0 0 0.02 0 0 0.01 0 0.03 0 0.01 0.03 0 0 0 0.09;0.46 0 0.01 0 0 0 0 0.01 0 0.03 0.13 0.03 0 0 0 0.06 0 0 0 0.01 0.03 0 0 0 0 0.02 0.11 0 0 0 0.01 0 0 0 0 0.09;0.46 0 0.01 0.13 0 0 0 0.11 0 0 0 0 0 0 0.03 0.06 0.01 0 0 0.01 0 0 0 0.02 0 0 0.01 0 0.03 0 0 0.03 0 0 0 0.09;
0.61 0.02 0 0 0 0 0 0.13 0 0 0 0 0 0 0 0.01 0 0 0 0 0 0 0 0.04 0 0 0 0 0.04 0 0 0 0 0 0.01 0.14;0.61 0.02 0 0 0 0 0 0 0 0.04 0 0 0 0 0 0.01 0 0 0 0 0 0 0 0 0 0.04 0.13 0 0 0 0 0 0 0 0.01 0.14;0.61 0 0 0 0 0 0 0.13 0 0 0.02 0 0 0 0 0.01 0 0 0 0 0.01 0 0 0.04 0 0 0 0 0.04 0 0 0 0 0 0 0.14;
0.55 0 0 0.06 0 0.01 0 0.09 0 0.02 0.01 0 0 0 0 0.08 0 0 0 0.01 0 0 0 0 0 0.01 0 0 0.02 0 0 0.02 0 0 0 0.12;0.55 0 0 0.01 0 0 0 0 0 0.02 0.06 0 0.01 0 0 0.08 0 0 0 0 0.02 0 0 0.01 0 0 0.09 0 0.02 0 0.01 0 0 0 0 0.12;0.55 0.01 0 0.06 0 0 0 0.09 0 0 0 0 0 0 0 0.08 0 0.01 0 0.01 0 0 0 0 0 0 0 0 0.02 0.01 0 0.02 0 0.02 0 0.12;
0.52 0 0.02 0.11 0 0 0 0.07 0 0.01 0.01 0.01 0 0 0 0.02 0 0 0 0 0 0 0 0 0 0 0 0 0.02 0 0 0.01 0 0 0 0.2;0.52 0 0.02 0.01 0.01 0 0 0 0 0.02 0.11 0 0 0 0 0.02 0 0 0 0 0.01 0 0 0 0 0 0.07 0 0.01 0 0 0 0 0 0 0.2;0.52 0.01 0 0.11 0 0 0 0.07 0 0 0 0.01 0 0 0 0.02 0 0 0 0 0 0 0 0 0 0 0.02 0 0.02 0 0 0.01 0 0.01 0 0.2;
0.58 0 0 0.15 0 0 0 0.02 0 0 0 0 0 0 0 0.02 0 0 0 0 0 0 0 0.01 0 0 0 0 0.02 0 0 0.02 0 0 0 0.18;0.58 0 0 0 0 0 0 0 0 0.02 0.15 0 0 0 0 0.02 0 0 0 0 0.02 0 0 0 0 0.01 0.02 0 0 0 0 0 0 0 0 0.18;0.58 0 0 0.15 0 0 0 0.02 0 0 0 0 0 0 0 0.02 0 0 0 0 0 0 0 0.01 0 0 0 0 0.02 0 0 0.02 0 0 0 0.18;
0.43 0 0.01 0.16 0 0 0 0.06 0 0 0.01 0.01 0 0 0 0.17 0 0 0 0.06 0 0 0 0.01 0 0 0 0.01 0 0.01 0 0.02 0 0 0 0.04;0.43 0 0.01 0.01 0.01 0 0 0 0.01 0 0.16 0 0 0 0 0.17 0 0 0.01 0 0.02 0 0 0 0 0.01 0.06 0 0 0 0.06 0 0 0 0 0.04;0.43 0.01 0 0.16 0 0.01 0 0.06 0 0 0 0.01 0.01 0 0 0.17 0 0 0 0.06 0 0 0 0.01 0 0 0.01 0 0 0 0 0.02 0 0 0 0.04;
0.47 0 0 0.09 0.01 0.01 0 0.1 0 0 0 0 0 0 0 0.15 0 0 0 0.05 0 0 0 0.04 0 0 0 0 0.03 0 0 0 0 0.01 0 0.04;0.47 0 0 0 0 0 0 0 0 0.03 0.09 0.01 0.01 0 0 0.15 0 0 0 0 0 0 0 0 0 0.04 0.1 0 0 0 0.05 0 0 0.01 0 0.04;0.47 0 0 0.09 0 0 0 0.1 0 0.01 0 0 0 0 0.01 0.15 0 0 0 0.05 0 0 0 0.04 0 0 0 0 0.03 0.01 0 0 0 0 0 0.04;
0.61 0.01 0 0.07 0 0 0 0.05 0.01 0 0 0.02 0 0 0 0.16 0 0 0 0.01 0 0 0.01 0.02 0 0 0 0 0 0 0 0.01 0 0.01 0 0.01;0.61 0.01 0 0 0.02 0 0 0 0 0 0.07 0 0 0 0 0.16 0 0 0 0 0.01 0 0.01 0 0 0.02 0.05 0.01 0 0 0.01 0 0 0.01 0 0.01;0.61 0 0 0.07 0 0 0.01 0.05 0 0.01 0.01 0.02 0 0 0 0.16 0 0 0.01 0.01 0 0 0 0.02 0 0 0 0 0 0 0 0.01 0 0 0 0.01;
0.52 0.02 0 0.17 0.01 0 0 0.01 0 0 0 0.06 0 0 0 0.14 0 0 0 0.03 0 0 0 0 0 0 0 0 0 0 0 0 0 0 0 0.04;0.52 0.02 0 0 0.06 0 0 0 0 0 0.17 0.01 0 0 0 0.14 0 0 0 0 0 0 0 0 0 0 0.01 0 0 0 0.03 0 0 0 0 0.04;0.52 0 0 0.17 0 0 0 0.01 0 0 0.02 0.06 0 0 0.01 0.14 0 0 0 0.03 0 0 0 0 0 0 0 0 0 0 0 0 0 0 0 0.04;
0.52 0 0 0 0 0 0 0.25 0 0 0 0 0 0 0 0.1 0 0 0 0 0 0 0 0.03 0 0 0 0 0.02 0 0 0 0 0 0 0.08;0.52 0 0 0 0 0 0 0 0 0.02 0 0 0 0 0 0.1 0 0 0 0 0 0 0 0 0 0.03 0.25 0 0 0 0 0 0 0 0 0.08;0.52 0 0 0 0 0 0 0.25 0 0 0 0 0 0 0 0.1 0 0 0 0 0 0 0 0.03 0 0 0 0 0.02 0 0 0 0 0 0 0.08;
0.65 0 0 0.04 0 0 0 0.14 0 0 0 0 0 0 0 0.01 0 0 0 0 0 0 0 0 0 0 0 0 0.03 0.01 0 0 0 0 0 0.12;0.65 0 0 0 0 0 0 0 0 0.03 0.04 0 0 0 0 0.01 0 0 0.01 0 0 0 0 0 0 0 0.14 0 0 0 0 0 0 0 0 0.12;0.65 0 0 0.04 0 0.01 0 0.14 0 0 0 0 0 0 0 0.01 0 0 0 0 0 0 0 0 0 0 0 0 0.03 0 0 0 0 0 0 0.12;
0.47 0 0 0.21 0 0 0 0.02 0 0.01 0 0.02 0 0 0 0.13 0 0 0 0.03 0 0 0 0 0 0 0 0 0 0 0 0.01 0 0 0 0.1;0.47 0 0 0 0.02 0 0 0 0 0 0.21 0 0 0 0 0.13 0 0 0 0 0.01 0 0 0 0 0 0.02 0 0.01 0 0.03 0 0 0 0 0.1;0.47 0 0 0.21 0 0 0 0.02 0 0 0 0.02 0 0 0 0.13 0 0 0 0.03 0 0 0 0 0 0 0 0 0 0 0 0.01 0 0.01 0 0.1;
0.56 0 0 0.03 0.01 0 0 0.1 0 0 0 0.01 0 0 0 0.23 0 0 0 0.02 0 0 0 0.03 0 0 0 0 0 0 0 0 0 0 0 0.01;0.56 0 0 0 0.01 0 0 0 0 0 0.03 0.01 0 0 0 0.23 0 0 0 0 0 0 0 0 0 0.03 0.1 0 0 0 0.02 0 0 0 0 0.01;0.56 0 0 0.03 0 0 0 0.1 0 0 0 0.01 0 0 0.01 0.23 0 0 0 0.02 0 0 0 0.03 0 0 0 0 0 0 0 0 0 0 0 0.01;
0.59 0 0 0.15 0 0 0 0.04 0 0 0 0.02 0 0 0 0.1 0 0 0 0.01 0 0 0 0.01 0 0 0 0 0.01 0 0 0.02 0 0 0 0.05;0.59 0 0 0 0.02 0 0 0 0 0.01 0.15 0 0 0 0 0.1 0 0 0 0 0.02 0 0 0 0 0.01 0.04 0 0 0 0.01 0 0 0 0 0.05;0.59 0 0 0.15 0 0 0 0.04 0 0 0 0.02 0 0 0 0.1 0 0 0 0.01 0 0 0 0.01 0 0 0 0 0.01 0 0 0.02 0 0 0 0.05;
0.59 0 0 0.07 0 0 0 0.13 0 0 0 0.02 0 0 0 0.1 0 0 0 0.01 0 0 0 0.06 0 0 0 0 0 0 0 0 0 0 0 0.02;0.59 0 0 0 0.02 0 0 0 0 0 0.07 0 0 0 0 0.1 0 0 0 0 0 0 0 0 0 0.06 0.13 0 0 0 0.01 0 0 0 0 0.02;0.59 0 0 0.07 0 0 0 0.13 0 0 0 0.02 0 0 0 0.1 0 0 0 0.01 0 0 0 0.06 0 0 0 0 0 0 0 0 0 0 0 0.02;
0.54 0 0 0.19 0.01 0 0 0.03 0.01 0 0 0.02 0 0 0 0.05 0 0 0 0.01 0.01 0 0 0 0 0 0 0 0 0 0 0.03 0 0 0 0.1;0.54 0 0 0 0.02 0 0 0 0 0 0.19 0.01 0 0 0 0.05 0 0 0 0 0.03 0 0 0 0 0 0.03 0.01 0 0 0.01 0.01 0 0 0 0.1;0.54 0 0 0.19 0 0 0 0.03 0 0 0 0.02 0 0 0.01 0.05 0 0 0.01 0.01 0 0 0 0 0 0 0 0 0 0 0 0.03 0 0 0.01 0.1;
0.53 0 0 0.01 0 0 0 0.12 0 0 0 0.01 0.01 0 0 0.14 0 0 0 0 0.01 0 0 0.05 0 0.01 0.02 0 0.01 0 0 0.02 0 0 0 0.06;0.53 0 0 0 0.01 0.01 0 0.02 0 0.01 0.01 0 0 0 0 0.14 0 0 0 0 0.02 0 0 0.01 0 0.05 0.12 0 0 0 0 0.01 0 0 0 0.06;0.53 0 0.02 0.01 0 0 0 0.12 0 0 0 0.01 0 0 0 0.14 0 0.01 0 0 0 0 0 0.05 0 0 0 0.01 0.01 0 0 0.02 0 0 0.01 0.06;
0.58 0 0 0.21 0 0 0 0 0 0 0.01 0.01 0 0 0 0.05 0 0 0 0.01 0 0 0 0 0 0 0 0 0 0 0 0.04 0 0 0 0.09;0.58 0 0 0.01 0.01 0 0 0 0 0 0.21 0 0 0 0 0.05 0 0 0 0 0.04 0 0 0 0 0 0 0 0 0 0.01 0 0 0 0 0.09;0.58 0.01 0 0.21 0 0 0 0 0 0 0 0.01 0 0 0 0.05 0 0 0 0.01 0 0 0 0 0 0 0 0 0 0 0 0.04 0 0 0 0.09;
0.55 0 0 0.1 0 0 0 0.1 0 0 0 0 0 0 0 0.02 0 0 0 0 0 0 0 0 0 0 0 0 0.03 0 0 0.07 0 0.01 0 0.12;0.55 0 0 0 0 0 0 0 0 0.03 0.1 0 0 0 0 0.02 0 0 0 0 0.07 0 0 0 0 0 0.1 0 0 0 0 0 0 0.01 0 0.12;0.55 0 0 0.1 0 0 0 0.1 0 0.01 0 0 0 0 0 0.02 0 0 0 0 0 0 0 0 0 0 0 0 0.03 0 0 0.07 0 0 0 0.12;
0.53 0 0 0.17 0 0 0 0 0 0 0.02 0 0 0 0 0.1 0 0 0 0.02 0 0 0 0 0 0 0 0 0 0 0 0.03 0 0 0 0.13;0.53 0 0 0.02 0 0 0 0 0 0 0.17 0 0 0 0 0.1 0 0 0 0 0.03 0 0 0 0 0 0 0 0 0 0.02 0 0 0 0 0.13;0.53 0.02 0 0.17 0 0 0 0 0 0 0 0 0 0 0 0.1 0 0 0 0.02 0 0 0 0 0 0 0 0 0 0 0 0.03 0 0 0 0.13;
0.42 0 0.01 0.16 0 0 0 0.05 0 0 0 0.03 0 0 0 0.22 0 0 0 0.01 0 0 0 0 0 0.01 0 0 0 0 0 0.02 0 0.01 0 0.06;0.42 0 0.01 0 0.03 0 0 0 0 0 0.16 0 0 0 0 0.22 0 0 0 0 0.02 0 0 0.01 0 0 0.05 0 0 0 0.01 0 0 0.01 0 0.06;0.42 0 0 0.16 0 0 0 0.05 0 0.01 0 0.03 0 0 0 0.22 0 0.01 0 0.01 0 0 0 0 0 0 0.01 0 0 0 0 0.02 0 0 0 0.06;
0.43 0 0 0.21 0 0.01 0 0.01 0.01 0 0.01 0.01 0 0.01 0.01 0.19 0 0 0 0.03 0 0 0 0 0 0 0 0 0 0 0 0.02 0 0 0 0.05;0.43 0 0 0.01 0.01 0 0.01 0 0 0 0.21 0 0.01 0 0.01 0.19 0 0 0 0 0.02 0 0 0 0 0 0.01 0.01 0 0 0.03 0 0 0 0 0.05;0.43 0.01 0 0.21 0.01 0 0 0.01 0 0 0 0.01 0 0.01 0 0.19 0 0 0.01 0.03 0 0 0 0 0 0 0 0 0 0.01 0 0.02 0 0 0 0.05;
0.52 0.01 0 0 0 0 0 0.13 0 0 0 0 0.01 0 0 0.01 0 0 0 0 0 0 0 0.02 0 0.01 0.01 0 0.04 0 0.01 0 0 0 0.01 0.22;0.52 0.01 0 0 0 0.01 0 0.01 0 0.04 0 0 0 0 0 0.01 0 0 0 0.01 0 0 0 0.01 0 0.02 0.13 0 0 0 0 0 0 0 0.01 0.22;0.52 0 0.01 0 0 0 0 0.13 0 0 0.01 0 0 0 0 0.01 0.01 0.01 0 0 0.01 0 0 0.02 0 0 0 0.01 0.04 0 0 0 0 0 0 0.22;
0.56 0 0 0.07 0.01 0 0 0.1 0 0 0 0.01 0 0 0 0.2 0 0 0 0.01 0 0 0 0.01 0 0 0 0 0.02 0 0 0.01 0 0 0 0;0.56 0 0 0 0.01 0 0 0 0 0.02 0.07 0.01 0 0 0 0.2 0 0 0 0 0.01 0 0 0 0 0.01 0.1 0 0 0 0.01 0 0 0 0 0;0.56 0 0 0.07 0 0 0 0.1 0 0 0 0.01 0 0 0.01 0.2 0 0 0 0.01 0 0 0 0.01 0 0 0 0 0.02 0 0 0.01 0 0 0 0;
0.47 0.01 0 0.17 0 0 0 0.04 0 0.01 0 0.02 0 0 0 0 0 0 0.01 0 0 0 0 0 0 0 0 0 0.01 0 0 0.06 0 0.01 0 0.19;0.47 0.01 0 0 0.02 0 0 0 0 0.01 0.17 0 0 0 0 0 0 0 0 0 0.06 0 0 0 0 0 0.04 0 0.01 0.01 0 0 0 0.01 0 0.19;0.47 0 0 0.17 0 0 0 0.04 0.01 0.01 0.01 0.02 0 0 0 0 0 0 0 0 0 0 0 0 0 0 0 0 0.01 0 0 0.06 0 0.01 0 0.19;
0.58 0 0 0.1 0.02 0 0 0.14 0 0 0.01 0 0 0 0 0.01 0 0 0 0 0 0 0 0 0 0 0.01 0 0.03 0 0 0.01 0 0 0 0.09;0.58 0 0 0.01 0 0 0 0.01 0 0.03 0.1 0.02 0 0 0 0.01 0 0 0 0 0.01 0 0 0 0 0 0.14 0 0 0 0 0 0 0 0 0.09;0.58 0.01 0.01 0.1 0 0 0 0.14 0 0 0 0 0 0 0.02 0.01 0 0 0 0 0 0 0 0 0 0 0 0 0.03 0 0 0.01 0 0 0 0.09;
0.52 0 0.01 0 0.02 0 0 0.14 0.01 0 0 0 0 0 0 0.09 0 0 0 0 0 0 0 0.03 0 0 0 0 0.01 0 0 0 0 0 0 0.17;0.52 0 0.01 0 0 0 0 0 0 0.01 0 0.02 0 0 0 0.09 0 0 0 0 0 0 0 0 0 0.03 0.14 0.01 0 0 0 0 0 0 0 0.17;0.52 0 0 0 0 0 0 0.14 0 0 0 0 0 0 0.02 0.09 0 0 0.01 0 0 0 0 0.03 0 0 0.01 0 0.01 0 0 0 0 0 0 0.17;
0.56 0.01 0.01 0.07 0 0 0 0.07 0 0.02 0 0 0 0 0 0.01 0 0 0 0 0 0 0 0.01 0 0 0.03 0 0.05 0 0 0.01 0 0 0 0.15;0.56 0.01 0.01 0 0 0 0 0.03 0 0.05 0.07 0 0 0 0 0.01 0 0 0 0 0.01 0 0 0 0 0.01 0.07 0 0.02 0 0 0 0 0 0 0.15;0.56 0 0.03 0.07 0 0 0 0.07 0 0 0.01 0 0 0 0 0.01 0 0 0 0 0 0 0 0.01 0 0 0.01 0 0.05 0 0 0.01 0 0.02 0 0.15;
0.63 0 0 0.06 0 0 0 0.05 0 0 0.01 0 0 0 0 0.14 0 0.01 0 0 0 0 0 0.05 0 0.02 0 0 0 0 0.01 0 0 0.01 0 0.01;0.63 0 0 0.01 0 0 0 0 0 0 0.06 0 0 0 0 0.14 0 0.01 0 0.01 0 0 0 0.02 0 0.05 0.05 0 0 0 0 0 0 0.01 0 0.01;0.63 0.01 0 0.06 0 0 0 0.05 0 0.01 0 0 0 0 0 0.14 0.01 0.02 0 0 0 0 0 0.05 0 0.01 0 0 0 0 0 0 0 0 0 0.01;
0.52 0 0.01 0.18 0 0 0 0.02 0.02 0 0.01 0.02 0 0 0 0.04 0 0 0 0 0 0 0 0 0 0 0 0 0 0 0 0.06 0 0 0 0.12;0.52 0 0.01 0.01 0.02 0 0 0 0 0 0.18 0 0 0 0 0.04 0 0 0 0 0.06 0 0 0 0 0 0.02 0.02 0 0 0 0 0 0 0 0.12;0.52 0.01 0 0.18 0 0 0 0.02 0 0 0 0.02 0 0 0 0.04 0 0 0.02 0 0 0 0 0 0 0 0.01 0 0 0 0 0.06 0 0 0 0.12;
0.5 0 0 0.19 0 0 0 0.01 0 0.01 0 0.01 0 0 0 0.16 0 0 0 0 0 0 0 0.01 0 0 0 0 0 0 0 0.02 0 0 0 0.09;0.5 0 0 0 0.01 0 0 0 0 0 0.19 0 0 0 0 0.16 0 0 0 0 0.02 0 0 0 0 0.01 0.01 0 0.01 0 0 0 0 0 0 0.09;0.5 0 0 0.19 0 0 0 0.01 0 0 0 0.01 0 0 0 0.16 0 0 0 0 0 0 0 0.01 0 0 0 0 0 0 0 0.02 0 0.01 0 0.09;
0.46 0 0.01 0.16 0.01 0 0 0.07 0 0.01 0 0 0 0 0 0.2 0 0.01 0 0.01 0 0 0 0.03 0 0 0 0 0.01 0 0 0.01 0 0 0 0.01;0.46 0 0.01 0 0 0 0 0 0 0.01 0.16 0.01 0 0 0 0.2 0 0.01 0 0 0.01 0 0 0 0 0.03 0.07 0 0.01 0 0.01 0 0 0 0 0.01;0.46 0 0 0.16 0 0 0 0.07 0 0 0 0 0 0 0.01 0.2 0 0 0 0.01 0 0 0 0.03 0 0.01 0.01 0 0.01 0 0 0.01 0 0.01 0 0.01;
0.61 0 0 0.1 0 0 0 0.09 0 0 0 0 0 0 0 0.16 0 0 0 0 0 0 0 0.01 0 0 0.01 0 0.01 0 0 0 0 0 0 0.01;0.61 0 0 0 0 0 0 0.01 0 0.01 0.1 0 0 0 0 0.16 0 0 0 0 0 0 0 0 0 0.01 0.09 0 0 0 0 0 0 0 0 0.01;0.61 0 0.01 0.1 0 0 0 0.09 0 0 0 0 0 0 0 0.16 0 0 0 0 0 0 0 0.01 0 0 0 0 0.01 0 0 0 0 0 0 0.01;
0.56 0.01 0 0.07 0 0 0 0.09 0 0 0 0.01 0 0 0 0.12 0 0 0 0.01 0.01 0 0 0.01 0 0 0 0 0 0 0 0 0.01 0 0 0.1;0.56 0.01 0 0 0.01 0 0 0 0 0 0.07 0 0 0 0 0.12 0 0 0 0 0 0.01 0 0 0 0.01 0.09 0 0 0 0.01 0.01 0 0 0 0.1;0.56 0 0 0.07 0 0 0 0.09 0 0 0.01 0.01 0 0 0 0.12 0 0 0 0.01 0 0 0 0.01 0.01 0 0 0 0 0 0 0 0 0 0.01 0.1;
0.47 0.01 0 0.23 0 0 0 0 0 0 0 0 0 0 0 0.04 0 0 0 0 0 0 0 0 0 0 0 0 0 0 0 0.07 0 0 0.01 0.17;0.47 0.01 0 0 0 0 0 0 0 0 0.23 0 0 0 0 0.04 0 0 0 0 0.07 0 0 0 0 0 0 0 0 0 0 0 0 0 0.01 0.17;0.47 0 0 0.23 0 0 0 0 0 0 0.01 0 0 0 0 0.04 0 0 0 0 0.01 0 0 0 0 0 0 0 0 0 0 0.07 0 0 0 0.17;
0.58 0 0.01 0.13 0 0 0 0.01 0 0.01 0.02 0.02 0 0 0 0.18 0 0 0 0.03 0 0 0 0 0 0 0 0 0 0 0.01 0 0 0 0 0;0.58 0 0.01 0.02 0.02 0 0 0 0 0 0.13 0 0 0 0 0.18 0 0 0 0.01 0 0 0 0 0 0 0.01 0 0.01 0 0.03 0 0 0 0 0;0.58 0.02 0 0.13 0 0 0 0.01 0 0 0 0.02 0 0 0 0.18 0.01 0 0 0.03 0 0 0 0 0 0 0.01 0 0 0 0 0 0 0.01 0 0;
0.53 0 0 0.04 0 0 0 0.14 0 0 0.02 0 0 0 0 0.2 0 0.01 0 0 0 0 0 0.05 0 0 0 0 0 0 0 0 0 0 0 0.01;0.53 0 0 0.02 0 0 0 0 0 0 0.04 0 0 0 0 0.2 0 0.01 0 0 0 0 0 0 0 0.05 0.14 0 0 0 0 0 0 0 0 0.01;0.53 0.02 0 0.04 0 0 0 0.14 0 0 0 0 0 0 0 0.2 0 0 0 0 0 0 0 0.05 0 0.01 0 0 0 0 0 0 0 0 0 0.01;
0.39 0 0 0.15 0 0 0.01 0.13 0 0.01 0 0.02 0 0 0 0.22 0 0 0 0.01 0 0 0 0 0 0.01 0 0 0.01 0 0 0 0 0 0 0.04;0.39 0 0 0 0.02 0 0 0 0 0.01 0.15 0 0 0.01 0 0.22 0 0 0 0 0 0 0 0.01 0 0 0.13 0 0.01 0 0.01 0 0 0 0 0.04;0.39 0 0 0.15 0 0 0 0.13 0 0 0 0.02 0 0 0 0.22 0 0.01 0 0.01 0 0 0.01 0 0 0 0 0 0.01 0 0 0 0 0.01 0 0.04;
0.48 0.01 0.01 0.03 0 0 0 0.14 0 0 0 0 0 0 0 0.24 0 0 0 0.01 0 0 0 0.06 0 0 0.01 0 0 0 0 0 0 0 0 0.01;0.48 0.01 0.01 0 0 0 0 0.01 0 0 0.03 0 0 0 0 0.24 0 0 0 0 0 0 0 0 0 0.06 0.14 0 0 0 0.01 0 0 0 0 0.01;0.48 0 0.01 0.03 0 0 0 0.14 0 0 0.01 0 0 0 0 0.24 0 0 0 0.01 0 0 0 0.06 0 0 0.01 0 0 0 0 0 0 0 0 0.01;
0.49 0 0.01 0.14 0 0.01 0 0.03 0 0.01 0.01 0 0 0 0 0.01 0 0 0 0 0 0 0 0.01 0 0 0 0 0.04 0 0 0.07 0 0 0 0.17;0.49 0 0.01 0.01 0 0 0 0 0 0.04 0.14 0 0.01 0 0 0.01 0 0 0 0 0.07 0 0 0 0 0.01 0.03 0 0.01 0 0 0 0 0 0 0.17;0.49 0.01 0 0.14 0 0 0 0.03 0 0 0 0 0 0 0 0.01 0 0 0 0 0 0 0 0.01 0 0 0.01 0 0.04 0.01 0 0.07 0 0.01 0 0.17;
0.52 0 0 0.07 0 0 0.01 0.06 0.01 0 0 0 0 0 0 0.06 0 0 0 0 0 0 0 0.03 0 0 0.03 0 0.01 0 0.01 0.01 0 0 0 0.18;0.52 0 0 0 0 0 0 0.03 0 0.01 0.07 0 0 0.01 0 0.06 0 0 0 0.01 0.01 0 0 0 0 0.03 0.06 0.01 0 0 0 0 0 0 0 0.18;0.52 0 0.03 0.07 0 0 0 0.06 0 0 0 0 0 0 0 0.06 0.01 0 0.01 0 0 0 0.01 0.03 0 0 0 0 0.01 0 0 0.01 0 0 0 0.18;
0.55 0 0.01 0.03 0 0 0 0.18 0 0 0 0.02 0 0 0 0.06 0 0 0 0.02 0 0 0 0.03 0 0 0 0 0.02 0 0 0 0 0 0 0.08;0.55 0 0.01 0 0.02 0 0 0 0 0.02 0.03 0 0 0 0 0.06 0 0 0 0 0 0 0 0 0 0.03 0.18 0 0 0 0.02 0 0 0 0 0.08;0.55 0 0 0.03 0 0 0 0.18 0 0 0 0.02 0 0 0 0.06 0 0 0 0.02 0 0 0 0.03 0 0 0.01 0 0.02 0 0 0 0 0 0 0.08;
0.51 0 0 0.16 0 0 0 0.02 0 0 0 0.05 0 0 0.01 0.15 0 0 0 0.02 0 0 0 0.01 0 0 0.01 0 0 0 0 0.02 0 0 0 0.04;0.51 0 0 0 0.05 0 0 0.01 0 0 0.16 0 0 0 0.01 0.15 0 0 0 0 0.02 0 0 0 0 0.01 0.02 0 0 0 0.02 0 0 0 0 0.04;0.51 0 0.01 0.16 0.01 0 0 0.02 0 0 0 0.05 0 0 0 0.15 0 0 0 0.02 0 0 0 0.01 0 0 0 0 0 0 0 0.02 0 0 0 0.04;
0.46 0.03 0 0.16 0.01 0 0 0.01 0 0 0.01 0.01 0 0 0 0.16 0 0 0 0 0 0 0 0.04 0 0 0 0 0.01 0 0 0.03 0 0 0 0.07;0.46 0.03 0 0.01 0.01 0 0 0 0 0.01 0.16 0.01 0 0 0 0.16 0 0 0 0 0.03 0 0 0 0 0.04 0.01 0 0 0 0 0 0 0 0 0.07;0.46 0.01 0 0.16 0 0 0 0.01 0 0 0.03 0.01 0 0 0.01 0.16 0 0 0 0 0 0 0 0.04 0 0 0 0 0.01 0 0 0.03 0 0 0 0.07;
0.57 0 0 0.02 0.01 0.01 0 0.12 0 0.01 0 0.01 0 0 0 0.16 0 0 0 0.01 0 0 0 0.04 0 0 0 0 0 0 0 0.01 0 0 0 0.03;0.57 0 0 0 0.01 0 0 0 0 0 0.02 0.01 0.01 0 0 0.16 0 0 0 0 0.01 0 0 0 0 0.04 0.12 0 0.01 0 0.01 0 0 0 0 0.03;0.57 0 0 0.02 0 0 0 0.12 0 0 0 0.01 0 0 0.01 0.16 0 0 0 0.01 0 0 0 0.04 0 0 0 0 0 0.01 0 0.01 0 0.01 0 0.03;
0.54 0 0 0.01 0.01 0 0 0.15 0 0.01 0 0.01 0 0 0 0.18 0 0 0 0 0 0 0 0.06 0 0 0 0 0.01 0 0 0 0 0.01 0 0.01;0.54 0 0 0 0.01 0 0 0 0 0.01 0.01 0.01 0 0 0 0.18 0 0 0 0 0 0 0 0 0 0.06 0.15 0 0.01 0 0 0 0 0.01 0 0.01;0.54 0 0 0.01 0 0 0 0.15 0 0.01 0 0.01 0 0 0.01 0.18 0 0 0 0 0 0 0 0.06 0 0 0 0 0.01 0 0 0 0 0.01 0 0.01;
0.48 0 0.01 0.22 0 0.02 0 0.03 0 0 0 0 0 0 0 0.02 0 0 0 0 0 0 0 0 0 0 0.02 0 0 0 0 0.05 0 0 0 0.15;0.48 0 0.01 0 0 0 0 0.02 0 0 0.22 0 0.02 0 0 0.02 0 0 0 0 0.05 0 0 0 0 0 0.03 0 0 0 0 0 0 0 0 0.15;0.48 0 0.02 0.22 0 0 0 0.03 0 0 0 0 0 0 0 0.02 0 0 0 0 0 0 0 0 0 0 0.01 0 0 0.02 0 0.05 0 0 0 0.15;
0.51 0 0 0.11 0 0 0 0.08 0 0.01 0 0 0 0 0 0.06 0 0 0 0 0 0 0 0.01 0 0 0 0 0.03 0 0 0.03 0 0 0 0.16;0.51 0 0 0 0 0 0 0 0 0.03 0.11 0 0 0 0 0.06 0 0 0 0 0.03 0 0 0 0 0.01 0.08 0 0.01 0 0 0 0 0 0 0.16;0.51 0 0 0.11 0 0 0 0.08 0 0 0 0 0 0 0 0.06 0 0 0 0 0 0 0 0.01 0 0 0 0 0.03 0 0 0.03 0 0.01 0 0.16;
0.61 0 0 0.08 0 0 0 0.03 0 0.01 0.01 0 0 0 0 0.19 0 0 0 0.03 0 0 0.01 0.02 0 0.01 0 0 0 0 0 0 0 0 0 0;0.61 0 0 0.01 0 0 0 0 0 0 0.08 0 0 0 0 0.19 0 0 0 0 0 0 0.01 0.01 0 0.02 0.03 0 0.01 0 0.03 0 0 0 0 0;0.61 0.01 0 0.08 0 0 0.01 0.03 0 0 0 0 0 0 0 0.19 0 0.01 0 0.03 0 0 0 0.02 0 0 0 0 0 0 0 0 0 0.01 0 0;
0.52 0 0.01 0 0 0 0 0.17 0.01 0 0 0.01 0 0 0 0.16 0 0.01 0 0 0 0 0 0.04 0 0 0.01 0 0.01 0 0 0 0 0 0 0.05;0.52 0 0.01 0 0.01 0 0 0.01 0 0.01 0 0 0 0 0 0.16 0 0.01 0 0 0 0 0 0 0 0.04 0.17 0.01 0 0 0 0 0 0 0 0.05;0.52 0 0.01 0 0 0 0 0.17 0 0 0 0.01 0 0 0 0.16 0 0 0.01 0 0 0 0 0.04 0 0.01 0.01 0 0.01 0 0 0 0 0 0 0.05;
0.58 0.01 0 0.18 0 0 0 0.01 0 0 0 0.02 0 0 0 0.12 0 0 0 0.03 0 0 0 0 0 0 0 0 0 0 0.01 0.01 0 0 0 0.03;0.58 0.01 0 0 0.02 0 0 0 0 0 0.18 0 0 0 0 0.12 0 0 0 0.01 0.01 0 0 0 0 0 0.01 0 0 0 0.03 0 0 0 0 0.03;0.58 0 0 0.18 0 0 0 0.01 0 0 0.01 0.02 0 0 0 0.12 0.01 0 0 0.03 0 0 0 0 0 0 0 0 0 0 0 0.01 0 0 0 0.03;
0.57 0 0 0.14 0.01 0 0 0.03 0 0 0.01 0.02 0 0 0 0.12 0 0 0 0.02 0 0 0 0 0 0 0 0 0 0 0 0.02 0 0 0 0.06;0.57 0 0 0.01 0.02 0 0 0 0 0 0.14 0.01 0 0 0 0.12 0 0 0 0 0.02 0 0 0 0 0 0.03 0 0 0 0.02 0 0 0 0 0.06;0.57 0.01 0 0.14 0 0 0 0.03 0 0 0 0.02 0 0 0.01 0.12 0 0 0 0.02 0 0 0 0 0 0 0 0 0 0 0 0.02 0 0 0 0.06;
0.41 0 0 0.2 0 0 0 0.01 0 0.01 0 0.02 0 0 0 0.07 0 0 0 0.01 0 0 0 0 0 0 0.01 0 0.01 0.02 0 0.08 0 0 0 0.15;0.41 0 0 0 0.02 0 0 0.01 0 0.01 0.2 0 0 0 0 0.07 0 0 0.02 0 0.08 0 0 0 0 0 0.01 0 0.01 0 0.01 0 0 0 0 0.15;0.41 0 0.01 0.2 0 0.02 0 0.01 0 0 0 0.02 0 0 0 0.07 0 0 0 0.01 0 0 0 0 0 0 0 0 0.01 0 0 0.08 0 0.01 0 0.15;
0.56 0 0 0.06 0 0 0 0.04 0 0.01 0.01 0 0 0 0 0.09 0 0 0 0 0.01 0 0 0.03 0 0.01 0 0 0.03 0 0 0.01 0 0 0 0.14;0.56 0 0 0.01 0 0 0 0 0 0.03 0.06 0 0 0 0 0.09 0 0 0 0 0.01 0 0 0.01 0 0.03 0.04 0 0.01 0 0 0.01 0 0 0 0.14;0.56 0.01 0 0.06 0 0 0 0.04 0 0 0 0 0 0 0 0.09 0 0.01 0 0 0 0 0 0.03 0 0 0 0 0.03 0 0 0.01 0 0.01 0.01 0.14;
0.55 0 0 0.11 0 0.01 0 0.09 0.01 0 0.01 0.02 0 0 0 0.06 0 0 0 0.03 0 0 0 0.01 0 0 0.01 0 0 0 0 0.03 0 0 0 0.06;0.55 0 0 0.01 0.02 0 0 0.01 0 0 0.11 0 0.01 0 0 0.06 0 0 0 0 0.03 0 0 0 0 0.01 0.09 0.01 0 0 0.03 0 0 0 0 0.06;0.55 0.01 0.01 0.11 0 0 0 0.09 0 0 0 0.02 0 0 0 0.06 0 0 0.01 0.03 0 0 0 0.01 0 0 0 0 0 0.01 0 0.03 0 0 0 0.06;
0.49 0 0 0.01 0.01 0 0 0.22 0 0 0 0.01 0 0 0 0.1 0 0 0 0 0 0 0 0.01 0 0 0 0 0.04 0 0 0 0 0 0 0.11;0.49 0 0 0 0.01 0 0 0 0 0.04 0.01 0.01 0 0 0 0.1 0 0 0 0 0 0 0 0 0 0.01 0.22 0 0 0 0 0 0 0 0 0.11;0.49 0 0 0.01 0 0 0 0.22 0 0 0 0.01 0 0 0.01 0.1 0 0 0 0 0 0 0 0.01 0 0 0 0 0.04 0 0 0 0 0 0 0.11;
0.52 0.01 0.01 0.14 0 0 0 0.06 0 0 0 0.01 0 0 0 0.12 0 0 0 0.03 0 0 0 0 0 0 0.02 0 0 0 0 0.02 0 0 0 0.06;0.52 0.01 0.01 0 0.01 0 0 0.02 0 0 0.14 0 0 0 0 0.12 0 0 0 0 0.02 0 0 0 0 0 0.06 0 0 0 0.03 0 0 0 0 0.06;0.52 0 0.02 0.14 0 0 0 0.06 0 0 0.01 0.01 0 0 0 0.12 0 0 0 0.03 0 0 0 0 0 0 0.01 0 0 0 0 0.02 0 0 0 0.06;
0.6 0 0 0.02 0 0 0.01 0.13 0 0.01 0 0 0 0 0 0.05 0 0 0 0 0 0 0 0 0 0 0 0 0.04 0 0 0 0 0 0 0.14;0.6 0 0 0 0 0 0 0 0 0.04 0.02 0 0 0.01 0 0.05 0 0 0 0 0 0 0 0 0 0 0.13 0 0.01 0 0 0 0 0 0 0.14;0.6 0 0 0.02 0 0 0 0.13 0 0 0 0 0 0 0 0.05 0 0 0 0 0 0 0.01 0 0 0 0 0 0.04 0 0 0 0 0.01 0 0.14;
0.53 0 0.01 0.16 0 0 0 0.02 0 0.01 0 0 0 0 0 0.05 0 0 0 0 0 0 0 0 0 0 0.01 0 0 0 0 0.06 0 0 0.01 0.14;0.53 0 0.01 0 0 0 0 0.01 0 0 0.16 0 0 0 0 0.05 0 0 0 0 0.06 0 0 0 0 0 0.02 0 0.01 0 0 0 0 0 0.01 0.14;0.53 0 0.01 0.16 0 0 0 0.02 0 0 0 0 0 0 0 0.05 0 0 0 0 0.01 0 0 0 0 0 0.01 0 0 0 0 0.06 0 0.01 0 0.14;
0.52 0 0 0.04 0 0 0 0.14 0 0 0 0 0 0 0 0.14 0 0 0 0.02 0 0 0 0.02 0 0 0 0 0.02 0 0 0 0 0 0 0.1;0.52 0 0 0 0 0 0 0 0 0.02 0.04 0 0 0 0 0.14 0 0 0 0 0 0 0 0 0 0.02 0.14 0 0 0 0.02 0 0 0 0 0.1;0.52 0 0 0.04 0 0 0 0.14 0 0 0 0 0 0 0 0.14 0 0 0 0.02 0 0 0 0.02 0 0 0 0 0.02 0 0 0 0 0 0 0.1;
0.49 0 0 0.13 0 0 0 0.1 0 0 0 0 0 0 0 0.19 0 0 0 0 0 0 0 0.03 0 0 0 0 0 0 0 0.01 0 0 0 0.05;0.49 0 0 0 0 0 0 0 0 0 0.13 0 0 0 0 0.19 0 0 0 0 0.01 0 0 0 0 0.03 0.1 0 0 0 0 0 0 0 0 0.05;0.49 0 0 0.13 0 0 0 0.1 0 0 0 0 0 0 0 0.19 0 0 0 0 0 0 0 0.03 0 0 0 0 0 0 0 0.01 0 0 0 0.05;
0.56 0 0 0.09 0 0 0 0.06 0 0 0.01 0 0 0 0 0.03 0 0 0 0 0 0 0 0 0 0 0 0 0.01 0 0 0.03 0 0 0 0.21;0.56 0 0 0.01 0 0 0 0 0 0.01 0.09 0 0 0 0 0.03 0 0 0 0 0.03 0 0 0 0 0 0.06 0 0 0 0 0 0 0 0 0.21;0.56 0.01 0 0.09 0 0 0 0.06 0 0 0 0 0 0 0 0.03 0 0 0 0 0 0 0 0 0 0 0 0 0.01 0 0 0.03 0 0 0 0.21;
0.58 0 0.01 0.17 0.01 0.01 0 0 0 0 0 0.01 0 0 0 0.14 0 0 0 0.02 0 0 0 0 0 0 0 0 0 0 0 0.01 0 0 0 0.04;0.58 0 0.01 0 0.01 0 0 0 0 0 0.17 0.01 0.01 0 0 0.14 0 0 0 0 0.01 0 0 0 0 0 0 0 0 0 0.02 0 0 0 0 0.04;0.58 0 0 0.17 0 0 0 0 0 0 0 0.01 0 0 0.01 0.14 0 0 0 0.02 0 0 0 0 0 0 0.01 0 0 0.01 0 0.01 0 0 0 0.04;
0.49 0 0 0.12 0.01 0 0 0.16 0 0.01 0.01 0.02 0 0 0 0.06 0 0 0 0 0 0 0 0.02 0 0 0 0.01 0.05 0 0 0.01 0 0 0 0.03;0.49 0 0 0.01 0.02 0 0 0 0.01 0.05 0.12 0.01 0 0 0 0.06 0 0 0 0 0.01 0 0 0 0 0.02 0.16 0 0.01 0 0 0 0 0 0 0.03;0.49 0.01 0 0.12 0 0 0 0.16 0 0 0 0.02 0.01 0 0.01 0.06 0 0 0 0 0 0 0 0.02 0 0 0 0 0.05 0 0 0.01 0 0.01 0 0.03;
0.57 0 0 0.08 0 0 0 0.06 0 0 0 0.01 0 0 0 0.09 0 0 0 0.02 0 0 0 0.04 0 0 0.01 0 0.02 0 0 0.02 0 0 0 0.08;0.57 0 0 0 0.01 0 0 0.01 0 0.02 0.08 0 0 0 0 0.09 0 0 0 0 0.02 0 0 0 0 0.04 0.06 0 0 0 0.02 0 0 0 0 0.08;0.57 0 0.01 0.08 0 0 0 0.06 0 0 0 0.01 0 0 0 0.09 0 0 0 0.02 0 0 0 0.04 0 0 0 0 0.02 0 0 0.02 0 0 0 0.08;
0.53 0 0.01 0.16 0 0 0 0.02 0 0 0 0.04 0 0 0 0.21 0 0 0 0.01 0 0 0 0.02 0 0 0 0 0 0 0 0 0 0 0 0;0.53 0 0.01 0 0.04 0 0 0 0 0 0.16 0 0 0 0 0.21 0 0 0 0 0 0 0 0 0 0.02 0.02 0 0 0 0.01 0 0 0 0 0;0.53 0 0 0.16 0 0 0 0.02 0 0 0 0.04 0 0 0 0.21 0 0 0 0.01 0 0 0 0.02 0 0 0.01 0 0 0 0 0 0 0 0 0;
0.53 0 0 0.02 0 0 0 0.15 0 0 0 0 0 0 0 0.18 0 0 0 0 0 0 0 0.03 0 0 0 0 0.01 0 0 0.01 0 0 0 0.07;0.53 0 0 0 0 0 0 0 0 0.01 0.02 0 0 0 0 0.18 0 0 0 0 0.01 0 0 0 0 0.03 0.15 0 0 0 0 0 0 0 0 0.07;0.53 0 0 0.02 0 0 0 0.15 0 0 0 0 0 0 0 0.18 0 0 0 0 0 0 0 0.03 0 0 0 0 0.01 0 0 0.01 0 0 0 0.07;
0.54 0 0 0.11 0.01 0 0 0.09 0.01 0 0.01 0.01 0 0 0 0.12 0 0 0 0.02 0 0 0 0.02 0 0 0 0 0 0 0 0 0 0 0 0.06;0.54 0 0 0.01 0.01 0 0 0 0 0 0.11 0.01 0 0 0 0.12 0 0 0 0 0 0 0 0 0 0.02 0.09 0.01 0 0 0.02 0 0 0 0 0.06;0.54 0.01 0 0.11 0 0 0 0.09 0 0 0 0.01 0 0 0.01 0.12 0 0 0.01 0.02 0 0 0 0.02 0 0 0 0 0 0 0 0 0 0 0 0.06;
0.57 0 0.01 0.06 0 0 0 0.12 0 0.02 0 0.01 0 0 0 0.09 0 0 0 0.01 0 0 0 0.02 0 0 0 0 0.01 0 0 0.02 0 0 0 0.06;0.57 0 0.01 0 0.01 0 0 0 0 0.01 0.06 0 0 0 0 0.09 0 0 0 0 0.02 0 0 0 0 0.02 0.12 0 0.02 0 0.01 0 0 0 0 0.06;0.57 0 0 0.06 0 0 0 0.12 0 0 0 0.01 0 0 0 0.09 0 0 0 0.01 0 0 0 0.02 0 0 0.01 0 0.01 0 0 0.02 0 0.02 0 0.06;
0.48 0 0 0.06 0 0 0 0.18 0 0 0.01 0 0 0 0 0.08 0 0 0 0.02 0 0 0 0.03 0.01 0 0 0 0.06 0 0 0 0 0 0 0.07;0.48 0 0 0.01 0 0 0 0 0 0.06 0.06 0 0 0 0 0.08 0 0 0 0 0 0 0 0 0.01 0.03 0.18 0 0 0 0.02 0 0 0 0 0.07;0.48 0.01 0 0.06 0 0 0 0.18 0 0 0 0 0 0 0 0.08 0 0 0 0.02 0 0 0 0.03 0 0 0 0 0.06 0 0 0 0.01 0 0 0.07;
0.68 0 0 0.06 0 0 0 0.1 0 0 0 0.01 0 0 0 0.07 0 0 0 0 0 0 0 0.01 0 0 0 0 0 0 0 0 0 0 0 0.07;0.68 0 0 0 0.01 0 0 0 0 0 0.06 0 0 0 0 0.07 0 0 0 0 0 0 0 0 0 0.01 0.1 0 0 0 0 0 0 0 0 0.07;0.68 0 0 0.06 0 0 0 0.1 0 0 0 0.01 0 0 0 0.07 0 0 0 0 0 0 0 0.01 0 0 0 0 0 0 0 0 0 0 0 0.07;
0.57 0.01 0 0.2 0 0 0 0.01 0 0 0 0.03 0 0 0 0.14 0 0 0 0.02 0 0 0 0.02 0 0 0 0 0 0 0 0 0 0 0 0;0.57 0.01 0 0 0.03 0 0 0 0 0 0.2 0 0 0 0 0.14 0 0 0 0 0 0 0 0 0 0.02 0.01 0 0 0 0.02 0 0 0 0 0;0.57 0 0 0.2 0 0 0 0.01 0 0 0.01 0.03 0 0 0 0.14 0 0 0 0.02 0 0 0 0.02 0 0 0 0 0 0 0 0 0 0 0 0;
0.53 0 0.01 0.03 0 0 0 0.15 0 0 0 0 0 0 0.01 0.02 0 0 0 0 0 0 0 0.01 0 0 0.01 0 0.03 0 0 0.04 0 0 0 0.16;0.53 0 0.01 0 0 0 0 0.01 0 0.03 0.03 0 0 0 0.01 0.02 0 0 0 0 0.04 0 0 0 0 0.01 0.15 0 0 0 0 0 0 0 0 0.16;0.53 0 0.01 0.03 0.01 0 0 0.15 0 0 0 0 0 0 0 0.02 0 0 0 0 0 0 0 0.01 0 0 0.01 0 0.03 0 0 0.04 0 0 0 0.16;
0.51 0.01 0 0.16 0 0 0 0.06 0 0 0 0.02 0 0 0.01 0.16 0 0 0 0.01 0 0 0 0.02 0 0 0.02 0 0 0 0 0 0 0 0 0.02;0.51 0.01 0 0 0.02 0 0 0.02 0 0 0.16 0 0 0 0.01 0.16 0 0 0 0 0 0 0 0 0 0.02 0.06 0 0 0 0.01 0 0 0 0 0.02;0.51 0 0.02 0.16 0.01 0 0 0.06 0 0 0.01 0.02 0 0 0 0.16 0 0 0 0.01 0 0 0 0.02 0 0 0 0 0 0 0 0 0 0 0 0.02;
0.46 0 0.01 0.22 0.01 0 0 0.04 0 0 0 0.01 0 0 0 0.14 0 0 0 0.01 0 0 0 0.02 0 0 0.01 0 0 0 0 0.02 0 0 0 0.05;0.46 0 0.01 0 0.01 0 0 0.01 0 0 0.22 0.01 0 0 0 0.14 0 0 0 0 0.02 0 0 0 0 0.02 0.04 0 0 0 0.01 0 0 0 0 0.05;0.46 0 0.01 0.22 0 0 0 0.04 0 0 0 0.01 0 0 0.01 0.14 0 0 0 0.01 0 0 0 0.02 0 0 0.01 0 0 0 0 0.02 0 0 0 0.05];