pntP=[0.037 0.082 0.052 0.077 0.073 0.084 0.05 0.084 0.023 0.06 0.069 0.07 0.056 0.115 0.068;0.037 0.082 0.084 0.05 0.084 0.052 0.077 0.073 0.023 0.06 0.069 0.07 0.115 0.056 0.068;0.037 0.084 0.052 0.023 0.07 0.082 0.05 0.084 0.077 0.06 0.115 0.073 0.056 0.069 0.068;
0.036 0.086 0.044 0.071 0.105 0.079 0.046 0.1 0.025 0.054 0.06 0.052 0.067 0.111 0.064;0.036 0.086 0.079 0.046 0.1 0.044 0.071 0.105 0.025 0.054 0.06 0.052 0.111 0.067 0.064;0.036 0.079 0.044 0.025 0.052 0.086 0.046 0.1 0.071 0.054 0.111 0.105 0.067 0.06 0.064;
0.044 0.074 0.062 0.078 0.106 0.067 0.041 0.105 0.027 0.046 0.061 0.054 0.053 0.102 0.08;0.044 0.074 0.067 0.041 0.105 0.062 0.078 0.106 0.027 0.046 0.061 0.054 0.102 0.053 0.08;0.044 0.067 0.062 0.027 0.054 0.074 0.041 0.105 0.078 0.046 0.102 0.106 0.053 0.061 0.08;
0.048 0.07 0.062 0.076 0.09 0.08 0.054 0.081 0.028 0.048 0.073 0.054 0.067 0.109 0.06;0.048 0.07 0.08 0.054 0.081 0.062 0.076 0.09 0.028 0.048 0.073 0.054 0.109 0.067 0.06;0.048 0.08 0.062 0.028 0.054 0.07 0.054 0.081 0.076 0.048 0.109 0.09 0.067 0.073 0.06;
0.05 0.071 0.047 0.08 0.099 0.075 0.053 0.1 0.032 0.047 0.064 0.06 0.061 0.088 0.073;0.05 0.071 0.075 0.053 0.1 0.047 0.08 0.099 0.032 0.047 0.064 0.06 0.088 0.061 0.073;0.05 0.075 0.047 0.032 0.06 0.071 0.053 0.1 0.08 0.047 0.088 0.099 0.061 0.064 0.073;
0.046 0.082 0.047 0.089 0.106 0.072 0.05 0.087 0.023 0.037 0.054 0.056 0.086 0.101 0.064;0.046 0.082 0.072 0.05 0.087 0.047 0.089 0.106 0.023 0.037 0.054 0.056 0.101 0.086 0.064;0.046 0.072 0.047 0.023 0.056 0.082 0.05 0.087 0.089 0.037 0.101 0.106 0.086 0.054 0.064;
0.039 0.088 0.051 0.076 0.08 0.073 0.048 0.111 0.03 0.057 0.06 0.069 0.07 0.097 0.051;0.039 0.088 0.073 0.048 0.111 0.051 0.076 0.08 0.03 0.057 0.06 0.069 0.097 0.07 0.051;0.039 0.073 0.051 0.03 0.069 0.088 0.048 0.111 0.076 0.057 0.097 0.08 0.07 0.06 0.051;
0.034 0.083 0.044 0.075 0.102 0.093 0.043 0.097 0.029 0.057 0.058 0.068 0.062 0.081 0.074;0.034 0.083 0.093 0.043 0.097 0.044 0.075 0.102 0.029 0.057 0.058 0.068 0.081 0.062 0.074;0.034 0.093 0.044 0.029 0.068 0.083 0.043 0.097 0.075 0.057 0.081 0.102 0.062 0.058 0.074;
0.052 0.067 0.055 0.088 0.112 0.084 0.054 0.082 0.031 0.045 0.055 0.084 0.052 0.092 0.047;0.052 0.067 0.084 0.054 0.082 0.055 0.088 0.112 0.031 0.045 0.055 0.084 0.092 0.052 0.047;0.052 0.084 0.055 0.031 0.084 0.067 0.054 0.082 0.088 0.045 0.092 0.112 0.052 0.055 0.047;
0.046 0.08 0.04 0.093 0.106 0.073 0.037 0.101 0.038 0.059 0.076 0.055 0.057 0.078 0.061;0.046 0.08 0.073 0.037 0.101 0.04 0.093 0.106 0.038 0.059 0.076 0.055 0.078 0.057 0.061;0.046 0.073 0.04 0.038 0.055 0.08 0.037 0.101 0.093 0.059 0.078 0.106 0.057 0.076 0.061;
0.049 0.076 0.045 0.062 0.1 0.083 0.047 0.102 0.04 0.048 0.071 0.055 0.056 0.103 0.063;0.049 0.076 0.083 0.047 0.102 0.045 0.062 0.1 0.04 0.048 0.071 0.055 0.103 0.056 0.063;0.049 0.083 0.045 0.04 0.055 0.076 0.047 0.102 0.062 0.048 0.103 0.1 0.056 0.071 0.063;
0.047 0.08 0.062 0.069 0.088 0.088 0.045 0.103 0.027 0.056 0.074 0.044 0.062 0.105 0.05;0.047 0.08 0.088 0.045 0.103 0.062 0.069 0.088 0.027 0.056 0.074 0.044 0.105 0.062 0.05;0.047 0.088 0.062 0.027 0.044 0.08 0.045 0.103 0.069 0.056 0.105 0.088 0.062 0.074 0.05;
0.036 0.079 0.054 0.088 0.1 0.082 0.047 0.108 0.024 0.039 0.061 0.057 0.06 0.098 0.067;0.036 0.079 0.082 0.047 0.108 0.054 0.088 0.1 0.024 0.039 0.061 0.057 0.098 0.06 0.067;0.036 0.082 0.054 0.024 0.057 0.079 0.047 0.108 0.088 0.039 0.098 0.1 0.06 0.061 0.067;
0.037 0.068 0.052 0.101 0.096 0.081 0.053 0.107 0.027 0.055 0.062 0.051 0.061 0.083 0.066;0.037 0.068 0.081 0.053 0.107 0.052 0.101 0.096 0.027 0.055 0.062 0.051 0.083 0.061 0.066;0.037 0.081 0.052 0.027 0.051 0.068 0.053 0.107 0.101 0.055 0.083 0.096 0.061 0.062 0.066;
0.041 0.076 0.043 0.083 0.103 0.094 0.039 0.089 0.035 0.055 0.069 0.054 0.059 0.099 0.061;0.041 0.076 0.094 0.039 0.089 0.043 0.083 0.103 0.035 0.055 0.069 0.054 0.099 0.059 0.061;0.041 0.094 0.043 0.035 0.054 0.076 0.039 0.089 0.083 0.055 0.099 0.103 0.059 0.069 0.061;
0.041 0.094 0.046 0.073 0.115 0.09 0.04 0.081 0.025 0.053 0.051 0.068 0.072 0.094 0.057;0.041 0.094 0.09 0.04 0.081 0.046 0.073 0.115 0.025 0.053 0.051 0.068 0.094 0.072 0.057;0.041 0.09 0.046 0.025 0.068 0.094 0.04 0.081 0.073 0.053 0.094 0.115 0.072 0.051 0.057;
0.036 0.078 0.053 0.093 0.093 0.074 0.039 0.107 0.029 0.041 0.079 0.052 0.061 0.111 0.054;0.036 0.078 0.074 0.039 0.107 0.053 0.093 0.093 0.029 0.041 0.079 0.052 0.111 0.061 0.054;0.036 0.074 0.053 0.029 0.052 0.078 0.039 0.107 0.093 0.041 0.111 0.093 0.061 0.079 0.054;
0.054 0.081 0.051 0.083 0.089 0.081 0.041 0.088 0.025 0.036 0.068 0.063 0.074 0.108 0.058;0.054 0.081 0.081 0.041 0.088 0.051 0.083 0.089 0.025 0.036 0.068 0.063 0.108 0.074 0.058;0.054 0.081 0.051 0.025 0.063 0.081 0.041 0.088 0.083 0.036 0.108 0.089 0.074 0.068 0.058;
0.051 0.08 0.046 0.084 0.098 0.074 0.044 0.117 0.027 0.032 0.061 0.064 0.061 0.097 0.064;0.051 0.08 0.074 0.044 0.117 0.046 0.084 0.098 0.027 0.032 0.061 0.064 0.097 0.061 0.064;0.051 0.074 0.046 0.027 0.064 0.08 0.044 0.117 0.084 0.032 0.097 0.098 0.061 0.061 0.064;
0.03 0.083 0.052 0.064 0.111 0.073 0.041 0.087 0.031 0.05 0.059 0.071 0.062 0.118 0.068;0.03 0.083 0.073 0.041 0.087 0.052 0.064 0.111 0.031 0.05 0.059 0.071 0.118 0.062 0.068;0.03 0.073 0.052 0.031 0.071 0.083 0.041 0.087 0.064 0.05 0.118 0.111 0.062 0.059 0.068;
0.046 0.08 0.046 0.08 0.094 0.092 0.038 0.081 0.038 0.051 0.067 0.06 0.068 0.093 0.066;0.046 0.08 0.092 0.038 0.081 0.046 0.08 0.094 0.038 0.051 0.067 0.06 0.093 0.068 0.066;0.046 0.092 0.046 0.038 0.06 0.08 0.038 0.081 0.08 0.051 0.093 0.094 0.068 0.067 0.066;
0.039 0.078 0.05 0.078 0.109 0.087 0.054 0.069 0.034 0.067 0.041 0.075 0.074 0.094 0.051;0.039 0.078 0.087 0.054 0.069 0.05 0.078 0.109 0.034 0.067 0.041 0.075 0.094 0.074 0.051;0.039 0.087 0.05 0.034 0.075 0.078 0.054 0.069 0.078 0.067 0.094 0.109 0.074 0.041 0.051;
0.038 0.073 0.063 0.095 0.109 0.066 0.037 0.095 0.032 0.053 0.059 0.058 0.071 0.096 0.055;0.038 0.073 0.066 0.037 0.095 0.063 0.095 0.109 0.032 0.053 0.059 0.058 0.096 0.071 0.055;0.038 0.066 0.063 0.032 0.058 0.073 0.037 0.095 0.095 0.053 0.096 0.109 0.071 0.059 0.055;
0.046 0.084 0.049 0.072 0.104 0.082 0.047 0.094 0.034 0.047 0.065 0.072 0.058 0.089 0.057;0.046 0.084 0.082 0.047 0.094 0.049 0.072 0.104 0.034 0.047 0.065 0.072 0.089 0.058 0.057;0.046 0.082 0.049 0.034 0.072 0.084 0.047 0.094 0.072 0.047 0.089 0.104 0.058 0.065 0.057;
0.05 0.078 0.054 0.075 0.108 0.084 0.042 0.099 0.028 0.043 0.062 0.057 0.057 0.095 0.068;0.05 0.078 0.084 0.042 0.099 0.054 0.075 0.108 0.028 0.043 0.062 0.057 0.095 0.057 0.068;0.05 0.084 0.054 0.028 0.057 0.078 0.042 0.099 0.075 0.043 0.095 0.108 0.057 0.062 0.068;
0.045 0.071 0.046 0.072 0.099 0.075 0.045 0.105 0.034 0.048 0.07 0.075 0.057 0.089 0.069;0.045 0.071 0.075 0.045 0.105 0.046 0.072 0.099 0.034 0.048 0.07 0.075 0.089 0.057 0.069;0.045 0.075 0.046 0.034 0.075 0.071 0.045 0.105 0.072 0.048 0.089 0.099 0.057 0.07 0.069;
0.049 0.08 0.044 0.098 0.095 0.073 0.037 0.095 0.029 0.054 0.071 0.046 0.06 0.115 0.054;0.049 0.08 0.073 0.037 0.095 0.044 0.098 0.095 0.029 0.054 0.071 0.046 0.115 0.06 0.054;0.049 0.073 0.044 0.029 0.046 0.08 0.037 0.095 0.098 0.054 0.115 0.095 0.06 0.071 0.054;
0.036 0.077 0.047 0.082 0.116 0.087 0.044 0.094 0.028 0.057 0.054 0.072 0.06 0.096 0.05;0.036 0.077 0.087 0.044 0.094 0.047 0.082 0.116 0.028 0.057 0.054 0.072 0.096 0.06 0.05;0.036 0.087 0.047 0.028 0.072 0.077 0.044 0.094 0.082 0.057 0.096 0.116 0.06 0.054 0.05;
0.042 0.075 0.049 0.081 0.101 0.082 0.051 0.089 0.029 0.06 0.051 0.061 0.071 0.101 0.057;0.042 0.075 0.082 0.051 0.089 0.049 0.081 0.101 0.029 0.06 0.051 0.061 0.101 0.071 0.057;0.042 0.082 0.049 0.029 0.061 0.075 0.051 0.089 0.081 0.06 0.101 0.101 0.071 0.051 0.057;
0.04 0.075 0.067 0.073 0.092 0.084 0.052 0.103 0.032 0.053 0.064 0.057 0.053 0.096 0.059;0.04 0.075 0.084 0.052 0.103 0.067 0.073 0.092 0.032 0.053 0.064 0.057 0.096 0.053 0.059;0.04 0.084 0.067 0.032 0.057 0.075 0.052 0.103 0.073 0.053 0.096 0.092 0.053 0.064 0.059;
0.037 0.096 0.052 0.08 0.086 0.085 0.047 0.094 0.028 0.048 0.07 0.061 0.056 0.1 0.06;0.037 0.096 0.085 0.047 0.094 0.052 0.08 0.086 0.028 0.048 0.07 0.061 0.1 0.056 0.06;0.037 0.085 0.052 0.028 0.061 0.096 0.047 0.094 0.08 0.048 0.1 0.086 0.056 0.07 0.06;
0.05 0.079 0.056 0.073 0.084 0.076 0.044 0.093 0.034 0.046 0.066 0.072 0.058 0.101 0.068;0.05 0.079 0.076 0.044 0.093 0.056 0.073 0.084 0.034 0.046 0.066 0.072 0.101 0.058 0.068;0.05 0.076 0.056 0.034 0.072 0.079 0.044 0.093 0.073 0.046 0.101 0.084 0.058 0.066 0.068;
0.031 0.079 0.058 0.084 0.096 0.078 0.046 0.096 0.029 0.056 0.072 0.054 0.07 0.093 0.058;0.031 0.079 0.078 0.046 0.096 0.058 0.084 0.096 0.029 0.056 0.072 0.054 0.093 0.07 0.058;0.031 0.078 0.058 0.029 0.054 0.079 0.046 0.096 0.084 0.056 0.093 0.096 0.07 0.072 0.058;
0.034 0.081 0.052 0.082 0.098 0.076 0.033 0.112 0.026 0.065 0.056 0.059 0.068 0.098 0.06;0.034 0.081 0.076 0.033 0.112 0.052 0.082 0.098 0.026 0.065 0.056 0.059 0.098 0.068 0.06;0.034 0.076 0.052 0.026 0.059 0.081 0.033 0.112 0.082 0.065 0.098 0.098 0.068 0.056 0.06;
0.049 0.079 0.042 0.085 0.107 0.071 0.056 0.095 0.025 0.036 0.059 0.07 0.059 0.105 0.062;0.049 0.079 0.071 0.056 0.095 0.042 0.085 0.107 0.025 0.036 0.059 0.07 0.105 0.059 0.062;0.049 0.071 0.042 0.025 0.07 0.079 0.056 0.095 0.085 0.036 0.105 0.107 0.059 0.059 0.062;
0.041 0.081 0.056 0.083 0.09 0.076 0.044 0.098 0.024 0.056 0.068 0.055 0.062 0.096 0.07;0.041 0.081 0.076 0.044 0.098 0.056 0.083 0.09 0.024 0.056 0.068 0.055 0.096 0.062 0.07;0.041 0.076 0.056 0.024 0.055 0.081 0.044 0.098 0.083 0.056 0.096 0.09 0.062 0.068 0.07;
0.039 0.082 0.05 0.085 0.1 0.077 0.054 0.079 0.025 0.057 0.054 0.064 0.071 0.1 0.063;0.039 0.082 0.077 0.054 0.079 0.05 0.085 0.1 0.025 0.057 0.054 0.064 0.1 0.071 0.063;0.039 0.077 0.05 0.025 0.064 0.082 0.054 0.079 0.085 0.057 0.1 0.1 0.071 0.054 0.063;
0.036 0.076 0.044 0.098 0.098 0.065 0.054 0.102 0.025 0.068 0.068 0.066 0.045 0.093 0.062;0.036 0.076 0.065 0.054 0.102 0.044 0.098 0.098 0.025 0.068 0.068 0.066 0.093 0.045 0.062;0.036 0.065 0.044 0.025 0.066 0.076 0.054 0.102 0.098 0.068 0.093 0.098 0.045 0.068 0.062;
0.042 0.085 0.047 0.071 0.096 0.065 0.055 0.097 0.031 0.055 0.057 0.066 0.054 0.109 0.07;0.042 0.085 0.065 0.055 0.097 0.047 0.071 0.096 0.031 0.055 0.057 0.066 0.109 0.054 0.07;0.042 0.065 0.047 0.031 0.066 0.085 0.055 0.097 0.071 0.055 0.109 0.096 0.054 0.057 0.07;
0.035 0.083 0.052 0.1 0.089 0.068 0.05 0.111 0.026 0.053 0.049 0.062 0.066 0.1 0.056;0.035 0.083 0.068 0.05 0.111 0.052 0.1 0.089 0.026 0.053 0.049 0.062 0.1 0.066 0.056;0.035 0.068 0.052 0.026 0.062 0.083 0.05 0.111 0.1 0.053 0.1 0.089 0.066 0.049 0.056;
0.061 0.071 0.047 0.076 0.093 0.077 0.043 0.093 0.029 0.062 0.07 0.056 0.066 0.097 0.059;0.061 0.071 0.077 0.043 0.093 0.047 0.076 0.093 0.029 0.062 0.07 0.056 0.097 0.066 0.059;0.061 0.077 0.047 0.029 0.056 0.071 0.043 0.093 0.076 0.062 0.097 0.093 0.066 0.07 0.059;
0.036 0.088 0.054 0.077 0.098 0.083 0.043 0.096 0.026 0.047 0.047 0.065 0.059 0.116 0.065;0.036 0.088 0.083 0.043 0.096 0.054 0.077 0.098 0.026 0.047 0.047 0.065 0.116 0.059 0.065;0.036 0.083 0.054 0.026 0.065 0.088 0.043 0.096 0.077 0.047 0.116 0.098 0.059 0.047 0.065;
0.035 0.085 0.066 0.061 0.098 0.082 0.049 0.087 0.04 0.048 0.073 0.052 0.063 0.08 0.081;0.035 0.085 0.082 0.049 0.087 0.066 0.061 0.098 0.04 0.048 0.073 0.052 0.08 0.063 0.081;0.035 0.082 0.066 0.04 0.052 0.085 0.049 0.087 0.061 0.048 0.08 0.098 0.063 0.073 0.081;
0.037 0.087 0.049 0.079 0.103 0.069 0.048 0.098 0.036 0.051 0.056 0.042 0.064 0.117 0.064;0.037 0.087 0.069 0.048 0.098 0.049 0.079 0.103 0.036 0.051 0.056 0.042 0.117 0.064 0.064;0.037 0.069 0.049 0.036 0.042 0.087 0.048 0.098 0.079 0.051 0.117 0.103 0.064 0.056 0.064;
0.047 0.071 0.048 0.081 0.1 0.079 0.041 0.09 0.031 0.053 0.075 0.069 0.065 0.096 0.054;0.047 0.071 0.079 0.041 0.09 0.048 0.081 0.1 0.031 0.053 0.075 0.069 0.096 0.065 0.054;0.047 0.079 0.048 0.031 0.069 0.071 0.041 0.09 0.081 0.053 0.096 0.1 0.065 0.075 0.054;
0.042 0.07 0.053 0.099 0.115 0.076 0.05 0.082 0.034 0.059 0.055 0.056 0.062 0.083 0.064;0.042 0.07 0.076 0.05 0.082 0.053 0.099 0.115 0.034 0.059 0.055 0.056 0.083 0.062 0.064;0.042 0.076 0.053 0.034 0.056 0.07 0.05 0.082 0.099 0.059 0.083 0.115 0.062 0.055 0.064;
0.04 0.085 0.064 0.064 0.098 0.076 0.048 0.09 0.032 0.049 0.071 0.061 0.064 0.101 0.057;0.04 0.085 0.076 0.048 0.09 0.064 0.064 0.098 0.032 0.049 0.071 0.061 0.101 0.064 0.057;0.04 0.076 0.064 0.032 0.061 0.085 0.048 0.09 0.064 0.049 0.101 0.098 0.064 0.071 0.057;
0.037 0.067 0.056 0.091 0.075 0.071 0.058 0.104 0.03 0.051 0.06 0.066 0.055 0.108 0.071;0.037 0.067 0.071 0.058 0.104 0.056 0.091 0.075 0.03 0.051 0.06 0.066 0.108 0.055 0.071;0.037 0.071 0.056 0.03 0.066 0.067 0.058 0.104 0.091 0.051 0.108 0.075 0.055 0.06 0.071;
0.042 0.069 0.048 0.07 0.107 0.079 0.046 0.07 0.037 0.06 0.052 0.071 0.073 0.114 0.062;0.042 0.069 0.079 0.046 0.07 0.048 0.07 0.107 0.037 0.06 0.052 0.071 0.114 0.073 0.062;0.042 0.079 0.048 0.037 0.071 0.069 0.046 0.07 0.07 0.06 0.114 0.107 0.073 0.052 0.062;
0.03 0.07 0.053 0.092 0.106 0.074 0.046 0.09 0.024 0.058 0.065 0.066 0.062 0.09 0.074;0.03 0.07 0.074 0.046 0.09 0.053 0.092 0.106 0.024 0.058 0.065 0.066 0.09 0.062 0.074;0.03 0.074 0.053 0.024 0.066 0.07 0.046 0.09 0.092 0.058 0.09 0.106 0.062 0.065 0.074;
0.045 0.068 0.036 0.076 0.11 0.084 0.053 0.093 0.037 0.051 0.066 0.063 0.048 0.096 0.074;0.045 0.068 0.084 0.053 0.093 0.036 0.076 0.11 0.037 0.051 0.066 0.063 0.096 0.048 0.074;0.045 0.084 0.036 0.037 0.063 0.068 0.053 0.093 0.076 0.051 0.096 0.11 0.048 0.066 0.074;
0.043 0.083 0.048 0.077 0.102 0.079 0.044 0.089 0.027 0.047 0.062 0.063 0.066 0.103 0.067;0.043 0.083 0.079 0.044 0.089 0.048 0.077 0.102 0.027 0.047 0.062 0.063 0.103 0.066 0.067;0.043 0.079 0.048 0.027 0.063 0.083 0.044 0.089 0.077 0.047 0.103 0.102 0.066 0.062 0.067;
0.039 0.089 0.05 0.073 0.1 0.068 0.057 0.098 0.035 0.047 0.073 0.061 0.056 0.104 0.05;0.039 0.089 0.068 0.057 0.098 0.05 0.073 0.1 0.035 0.047 0.073 0.061 0.104 0.056 0.05;0.039 0.068 0.05 0.035 0.061 0.089 0.057 0.098 0.073 0.047 0.104 0.1 0.056 0.073 0.05;
0.045 0.071 0.056 0.073 0.084 0.096 0.05 0.078 0.026 0.06 0.071 0.063 0.063 0.1 0.064;0.045 0.071 0.096 0.05 0.078 0.056 0.073 0.084 0.026 0.06 0.071 0.063 0.1 0.063 0.064;0.045 0.096 0.056 0.026 0.063 0.071 0.05 0.078 0.073 0.06 0.1 0.084 0.063 0.071 0.064;
0.031 0.083 0.041 0.08 0.114 0.087 0.042 0.105 0.032 0.047 0.07 0.059 0.04 0.105 0.064;0.031 0.083 0.087 0.042 0.105 0.041 0.08 0.114 0.032 0.047 0.07 0.059 0.105 0.04 0.064;0.031 0.087 0.041 0.032 0.059 0.083 0.042 0.105 0.08 0.047 0.105 0.114 0.04 0.07 0.064;
0.049 0.079 0.048 0.089 0.108 0.075 0.056 0.088 0.034 0.048 0.054 0.062 0.068 0.083 0.059;0.049 0.079 0.075 0.056 0.088 0.048 0.089 0.108 0.034 0.048 0.054 0.062 0.083 0.068 0.059;0.049 0.075 0.048 0.034 0.062 0.079 0.056 0.088 0.089 0.048 0.083 0.108 0.068 0.054 0.059;
0.037 0.087 0.041 0.086 0.091 0.07 0.048 0.102 0.027 0.046 0.059 0.073 0.066 0.105 0.062;0.037 0.087 0.07 0.048 0.102 0.041 0.086 0.091 0.027 0.046 0.059 0.073 0.105 0.066 0.062;0.037 0.07 0.041 0.027 0.073 0.087 0.048 0.102 0.086 0.046 0.105 0.091 0.066 0.059 0.062;
0.042 0.07 0.05 0.073 0.092 0.073 0.065 0.094 0.024 0.068 0.065 0.064 0.071 0.084 0.065;0.042 0.07 0.073 0.065 0.094 0.05 0.073 0.092 0.024 0.068 0.065 0.064 0.084 0.071 0.065;0.042 0.073 0.05 0.024 0.064 0.07 0.065 0.094 0.073 0.068 0.084 0.092 0.071 0.065 0.065;
0.038 0.094 0.059 0.078 0.105 0.071 0.048 0.104 0.028 0.05 0.069 0.046 0.065 0.09 0.055;0.038 0.094 0.071 0.048 0.104 0.059 0.078 0.105 0.028 0.05 0.069 0.046 0.09 0.065 0.055;0.038 0.071 0.059 0.028 0.046 0.094 0.048 0.104 0.078 0.05 0.09 0.105 0.065 0.069 0.055;
0.045 0.077 0.037 0.083 0.113 0.089 0.045 0.103 0.034 0.049 0.067 0.063 0.052 0.086 0.057;0.045 0.077 0.089 0.045 0.103 0.037 0.083 0.113 0.034 0.049 0.067 0.063 0.086 0.052 0.057;0.045 0.089 0.037 0.034 0.063 0.077 0.045 0.103 0.083 0.049 0.086 0.113 0.052 0.067 0.057;
0.04 0.089 0.049 0.088 0.098 0.084 0.051 0.095 0.026 0.042 0.059 0.065 0.058 0.103 0.053;0.04 0.089 0.084 0.051 0.095 0.049 0.088 0.098 0.026 0.042 0.059 0.065 0.103 0.058 0.053;0.04 0.084 0.049 0.026 0.065 0.089 0.051 0.095 0.088 0.042 0.103 0.098 0.058 0.059 0.053;
0.044 0.077 0.055 0.093 0.09 0.082 0.038 0.1 0.033 0.05 0.059 0.061 0.051 0.106 0.061;0.044 0.077 0.082 0.038 0.1 0.055 0.093 0.09 0.033 0.05 0.059 0.061 0.106 0.051 0.061;0.044 0.082 0.055 0.033 0.061 0.077 0.038 0.1 0.093 0.05 0.106 0.09 0.051 0.059 0.061;
0.047 0.069 0.068 0.086 0.088 0.088 0.044 0.091 0.034 0.043 0.062 0.068 0.053 0.089 0.07;0.047 0.069 0.088 0.044 0.091 0.068 0.086 0.088 0.034 0.043 0.062 0.068 0.089 0.053 0.07;0.047 0.088 0.068 0.034 0.068 0.069 0.044 0.091 0.086 0.043 0.089 0.088 0.053 0.062 0.07;
0.04 0.07 0.051 0.074 0.106 0.08 0.036 0.091 0.035 0.055 0.064 0.066 0.066 0.105 0.061;0.04 0.07 0.08 0.036 0.091 0.051 0.074 0.106 0.035 0.055 0.064 0.066 0.105 0.066 0.061;0.04 0.08 0.051 0.035 0.066 0.07 0.036 0.091 0.074 0.055 0.105 0.106 0.066 0.064 0.061;
0.057 0.063 0.043 0.075 0.116 0.078 0.059 0.082 0.024 0.046 0.061 0.064 0.061 0.105 0.066;0.057 0.063 0.078 0.059 0.082 0.043 0.075 0.116 0.024 0.046 0.061 0.064 0.105 0.061 0.066;0.057 0.078 0.043 0.024 0.064 0.063 0.059 0.082 0.075 0.046 0.105 0.116 0.061 0.061 0.066;
0.034 0.092 0.059 0.066 0.095 0.083 0.056 0.1 0.035 0.046 0.052 0.068 0.067 0.095 0.052;0.034 0.092 0.083 0.056 0.1 0.059 0.066 0.095 0.035 0.046 0.052 0.068 0.095 0.067 0.052;0.034 0.083 0.059 0.035 0.068 0.092 0.056 0.1 0.066 0.046 0.095 0.095 0.067 0.052 0.052;
0.034 0.062 0.051 0.084 0.108 0.08 0.042 0.092 0.026 0.055 0.077 0.051 0.066 0.111 0.061;0.034 0.062 0.08 0.042 0.092 0.051 0.084 0.108 0.026 0.055 0.077 0.051 0.111 0.066 0.061;0.034 0.08 0.051 0.026 0.051 0.062 0.042 0.092 0.084 0.055 0.111 0.108 0.066 0.077 0.061;
0.043 0.079 0.033 0.069 0.093 0.084 0.059 0.096 0.041 0.068 0.056 0.06 0.066 0.1 0.053;0.043 0.079 0.084 0.059 0.096 0.033 0.069 0.093 0.041 0.068 0.056 0.06 0.1 0.066 0.053;0.043 0.084 0.033 0.041 0.06 0.079 0.059 0.096 0.069 0.068 0.1 0.093 0.066 0.056 0.053;
0.039 0.076 0.055 0.091 0.089 0.075 0.054 0.101 0.023 0.054 0.056 0.077 0.059 0.091 0.06;0.039 0.076 0.075 0.054 0.101 0.055 0.091 0.089 0.023 0.054 0.056 0.077 0.091 0.059 0.06;0.039 0.075 0.055 0.023 0.077 0.076 0.054 0.101 0.091 0.054 0.091 0.089 0.059 0.056 0.06;
0.041 0.086 0.051 0.092 0.075 0.1 0.037 0.094 0.031 0.038 0.071 0.062 0.065 0.095 0.062;0.041 0.086 0.1 0.037 0.094 0.051 0.092 0.075 0.031 0.038 0.071 0.062 0.095 0.065 0.062;0.041 0.1 0.051 0.031 0.062 0.086 0.037 0.094 0.092 0.038 0.095 0.075 0.065 0.071 0.062;
0.046 0.074 0.044 0.086 0.104 0.085 0.054 0.096 0.03 0.046 0.055 0.064 0.061 0.095 0.06;0.046 0.074 0.085 0.054 0.096 0.044 0.086 0.104 0.03 0.046 0.055 0.064 0.095 0.061 0.06;0.046 0.085 0.044 0.03 0.064 0.074 0.054 0.096 0.086 0.046 0.095 0.104 0.061 0.055 0.06;
0.041 0.074 0.062 0.057 0.104 0.071 0.052 0.092 0.035 0.042 0.064 0.061 0.066 0.107 0.072;0.041 0.074 0.071 0.052 0.092 0.062 0.057 0.104 0.035 0.042 0.064 0.061 0.107 0.066 0.072;0.041 0.071 0.062 0.035 0.061 0.074 0.052 0.092 0.057 0.042 0.107 0.104 0.066 0.064 0.072;
0.039 0.081 0.042 0.069 0.102 0.091 0.057 0.107 0.03 0.055 0.057 0.055 0.072 0.096 0.047;0.039 0.081 0.091 0.057 0.107 0.042 0.069 0.102 0.03 0.055 0.057 0.055 0.096 0.072 0.047;0.039 0.091 0.042 0.03 0.055 0.081 0.057 0.107 0.069 0.055 0.096 0.102 0.072 0.057 0.047;
0.046 0.084 0.059 0.071 0.087 0.087 0.058 0.085 0.033 0.04 0.062 0.061 0.066 0.104 0.057;0.046 0.084 0.087 0.058 0.085 0.059 0.071 0.087 0.033 0.04 0.062 0.061 0.104 0.066 0.057;0.046 0.087 0.059 0.033 0.061 0.084 0.058 0.085 0.071 0.04 0.104 0.087 0.066 0.062 0.057;
0.041 0.069 0.037 0.062 0.103 0.09 0.051 0.096 0.044 0.058 0.058 0.078 0.055 0.099 0.059;0.041 0.069 0.09 0.051 0.096 0.037 0.062 0.103 0.044 0.058 0.058 0.078 0.099 0.055 0.059;0.041 0.09 0.037 0.044 0.078 0.069 0.051 0.096 0.062 0.058 0.099 0.103 0.055 0.058 0.059;
0.042 0.069 0.062 0.077 0.106 0.083 0.046 0.085 0.034 0.048 0.073 0.056 0.056 0.105 0.058;0.042 0.069 0.083 0.046 0.085 0.062 0.077 0.106 0.034 0.048 0.073 0.056 0.105 0.056 0.058;0.042 0.083 0.062 0.034 0.056 0.069 0.046 0.085 0.077 0.048 0.105 0.106 0.056 0.073 0.058;
0.035 0.074 0.07 0.08 0.098 0.064 0.042 0.083 0.049 0.044 0.058 0.072 0.058 0.109 0.064;0.035 0.074 0.064 0.042 0.083 0.07 0.08 0.098 0.049 0.044 0.058 0.072 0.109 0.058 0.064;0.035 0.064 0.07 0.049 0.072 0.074 0.042 0.083 0.08 0.044 0.109 0.098 0.058 0.058 0.064;
0.043 0.082 0.055 0.085 0.089 0.076 0.051 0.09 0.03 0.05 0.065 0.064 0.056 0.109 0.055;0.043 0.082 0.076 0.051 0.09 0.055 0.085 0.089 0.03 0.05 0.065 0.064 0.109 0.056 0.055;0.043 0.076 0.055 0.03 0.064 0.082 0.051 0.09 0.085 0.05 0.109 0.089 0.056 0.065 0.055;
0.035 0.078 0.061 0.078 0.098 0.09 0.049 0.098 0.037 0.047 0.064 0.063 0.06 0.089 0.053;0.035 0.078 0.09 0.049 0.098 0.061 0.078 0.098 0.037 0.047 0.064 0.063 0.089 0.06 0.053;0.035 0.09 0.061 0.037 0.063 0.078 0.049 0.098 0.078 0.047 0.089 0.098 0.06 0.064 0.053;
0.044 0.081 0.05 0.079 0.107 0.067 0.051 0.095 0.02 0.032 0.064 0.076 0.05 0.119 0.065;0.044 0.081 0.067 0.051 0.095 0.05 0.079 0.107 0.02 0.032 0.064 0.076 0.119 0.05 0.065;0.044 0.067 0.05 0.02 0.076 0.081 0.051 0.095 0.079 0.032 0.119 0.107 0.05 0.064 0.065;
0.042 0.079 0.052 0.077 0.12 0.091 0.044 0.081 0.038 0.04 0.064 0.059 0.061 0.095 0.057;0.042 0.079 0.091 0.044 0.081 0.052 0.077 0.12 0.038 0.04 0.064 0.059 0.095 0.061 0.057;0.042 0.091 0.052 0.038 0.059 0.079 0.044 0.081 0.077 0.04 0.095 0.12 0.061 0.064 0.057;
0.04 0.086 0.056 0.093 0.084 0.088 0.035 0.097 0.031 0.047 0.078 0.061 0.054 0.102 0.048;0.04 0.086 0.088 0.035 0.097 0.056 0.093 0.084 0.031 0.047 0.078 0.061 0.102 0.054 0.048;0.04 0.088 0.056 0.031 0.061 0.086 0.035 0.097 0.093 0.047 0.102 0.084 0.054 0.078 0.048;
0.042 0.069 0.063 0.075 0.104 0.077 0.052 0.097 0.035 0.053 0.068 0.052 0.059 0.092 0.062;0.042 0.069 0.077 0.052 0.097 0.063 0.075 0.104 0.035 0.053 0.068 0.052 0.092 0.059 0.062;0.042 0.077 0.063 0.035 0.052 0.069 0.052 0.097 0.075 0.053 0.092 0.104 0.059 0.068 0.062;
0.052 0.078 0.067 0.081 0.088 0.072 0.048 0.09 0.033 0.063 0.056 0.044 0.065 0.103 0.06;0.052 0.078 0.072 0.048 0.09 0.067 0.081 0.088 0.033 0.063 0.056 0.044 0.103 0.065 0.06;0.052 0.072 0.067 0.033 0.044 0.078 0.048 0.09 0.081 0.063 0.103 0.088 0.065 0.056 0.06;
0.042 0.079 0.048 0.092 0.088 0.078 0.052 0.08 0.022 0.051 0.067 0.065 0.06 0.096 0.08;0.042 0.079 0.078 0.052 0.08 0.048 0.092 0.088 0.022 0.051 0.067 0.065 0.096 0.06 0.08;0.042 0.078 0.048 0.022 0.065 0.079 0.052 0.08 0.092 0.051 0.096 0.088 0.06 0.067 0.08;
0.04 0.089 0.057 0.086 0.082 0.072 0.052 0.096 0.027 0.055 0.068 0.061 0.064 0.08 0.071;0.04 0.089 0.072 0.052 0.096 0.057 0.086 0.082 0.027 0.055 0.068 0.061 0.08 0.064 0.071;0.04 0.072 0.057 0.027 0.061 0.089 0.052 0.096 0.086 0.055 0.08 0.082 0.064 0.068 0.071;
0.046 0.086 0.049 0.064 0.1 0.089 0.06 0.097 0.032 0.055 0.06 0.058 0.057 0.077 0.07;0.046 0.086 0.089 0.06 0.097 0.049 0.064 0.1 0.032 0.055 0.06 0.058 0.077 0.057 0.07;0.046 0.089 0.049 0.032 0.058 0.086 0.06 0.097 0.064 0.055 0.077 0.1 0.057 0.06 0.07;
0.045 0.095 0.041 0.06 0.085 0.073 0.056 0.112 0.029 0.044 0.044 0.065 0.065 0.098 0.088;0.045 0.095 0.073 0.056 0.112 0.041 0.06 0.085 0.029 0.044 0.044 0.065 0.098 0.065 0.088;0.045 0.073 0.041 0.029 0.065 0.095 0.056 0.112 0.06 0.044 0.098 0.085 0.065 0.044 0.088;
0.038 0.086 0.053 0.062 0.102 0.069 0.051 0.094 0.045 0.053 0.073 0.074 0.058 0.095 0.047;0.038 0.086 0.069 0.051 0.094 0.053 0.062 0.102 0.045 0.053 0.073 0.074 0.095 0.058 0.047;0.038 0.069 0.053 0.045 0.074 0.086 0.051 0.094 0.062 0.053 0.095 0.102 0.058 0.073 0.047;
0.044 0.083 0.062 0.074 0.096 0.081 0.05 0.096 0.032 0.039 0.059 0.051 0.068 0.099 0.066;0.044 0.083 0.081 0.05 0.096 0.062 0.074 0.096 0.032 0.039 0.059 0.051 0.099 0.068 0.066;0.044 0.081 0.062 0.032 0.051 0.083 0.05 0.096 0.074 0.039 0.099 0.096 0.068 0.059 0.066;
0.042 0.081 0.051 0.072 0.096 0.072 0.049 0.105 0.029 0.05 0.064 0.056 0.062 0.116 0.055;0.042 0.081 0.072 0.049 0.105 0.051 0.072 0.096 0.029 0.05 0.064 0.056 0.116 0.062 0.055;0.042 0.072 0.051 0.029 0.056 0.081 0.049 0.105 0.072 0.05 0.116 0.096 0.062 0.064 0.055;
0.05 0.074 0.054 0.072 0.103 0.08 0.045 0.103 0.027 0.049 0.066 0.057 0.058 0.091 0.071;0.05 0.074 0.08 0.045 0.103 0.054 0.072 0.103 0.027 0.049 0.066 0.057 0.091 0.058 0.071;0.05 0.08 0.054 0.027 0.057 0.074 0.045 0.103 0.072 0.049 0.091 0.103 0.058 0.066 0.071;
0.046 0.099 0.048 0.097 0.088 0.071 0.034 0.103 0.028 0.037 0.051 0.078 0.067 0.097 0.056;0.046 0.099 0.071 0.034 0.103 0.048 0.097 0.088 0.028 0.037 0.051 0.078 0.097 0.067 0.056;0.046 0.071 0.048 0.028 0.078 0.099 0.034 0.103 0.097 0.037 0.097 0.088 0.067 0.051 0.056;
0.05 0.068 0.05 0.1 0.082 0.082 0.047 0.094 0.029 0.047 0.069 0.063 0.058 0.097 0.064;0.05 0.068 0.082 0.047 0.094 0.05 0.1 0.082 0.029 0.047 0.069 0.063 0.097 0.058 0.064;0.05 0.082 0.05 0.029 0.063 0.068 0.047 0.094 0.1 0.047 0.097 0.082 0.058 0.069 0.064;
0.041 0.076 0.051 0.083 0.103 0.081 0.044 0.086 0.036 0.059 0.063 0.063 0.057 0.091 0.066;0.041 0.076 0.081 0.044 0.086 0.051 0.083 0.103 0.036 0.059 0.063 0.063 0.091 0.057 0.066;0.041 0.081 0.051 0.036 0.063 0.076 0.044 0.086 0.083 0.059 0.091 0.103 0.057 0.063 0.066;
0.043 0.076 0.06 0.094 0.118 0.083 0.038 0.089 0.023 0.044 0.056 0.06 0.052 0.104 0.06;0.043 0.076 0.083 0.038 0.089 0.06 0.094 0.118 0.023 0.044 0.056 0.06 0.104 0.052 0.06;0.043 0.083 0.06 0.023 0.06 0.076 0.038 0.089 0.094 0.044 0.104 0.118 0.052 0.056 0.06;
0.04 0.091 0.045 0.074 0.101 0.079 0.04 0.088 0.032 0.057 0.059 0.075 0.066 0.084 0.069;0.04 0.091 0.079 0.04 0.088 0.045 0.074 0.101 0.032 0.057 0.059 0.075 0.084 0.066 0.069;0.04 0.079 0.045 0.032 0.075 0.091 0.04 0.088 0.074 0.057 0.084 0.101 0.066 0.059 0.069;
0.046 0.07 0.044 0.089 0.092 0.074 0.049 0.093 0.035 0.055 0.06 0.06 0.056 0.099 0.078;0.046 0.07 0.074 0.049 0.093 0.044 0.089 0.092 0.035 0.055 0.06 0.06 0.099 0.056 0.078;0.046 0.074 0.044 0.035 0.06 0.07 0.049 0.093 0.089 0.055 0.099 0.092 0.056 0.06 0.078;
0.042 0.078 0.049 0.067 0.105 0.102 0.045 0.104 0.021 0.052 0.063 0.043 0.059 0.113 0.057;0.042 0.078 0.102 0.045 0.104 0.049 0.067 0.105 0.021 0.052 0.063 0.043 0.113 0.059 0.057;0.042 0.102 0.049 0.021 0.043 0.078 0.045 0.104 0.067 0.052 0.113 0.105 0.059 0.063 0.057;
0.052 0.079 0.049 0.076 0.114 0.072 0.038 0.093 0.034 0.06 0.044 0.063 0.058 0.097 0.071;0.052 0.079 0.072 0.038 0.093 0.049 0.076 0.114 0.034 0.06 0.044 0.063 0.097 0.058 0.071;0.052 0.072 0.049 0.034 0.063 0.079 0.038 0.093 0.076 0.06 0.097 0.114 0.058 0.044 0.071];