pntP=[0.036 0.072 0.06 0.077 0.123 0.083 0.045 0.08 0.029 0.044 0.067 0.056 0.065 0.096 0.067;0.036 0.072 0.083 0.045 0.08 0.06 0.077 0.123 0.029 0.044 0.067 0.056 0.096 0.065 0.067;0.036 0.083 0.06 0.029 0.056 0.072 0.045 0.08 0.077 0.044 0.096 0.123 0.065 0.067 0.067;
0.037 0.081 0.048 0.075 0.109 0.073 0.045 0.087 0.034 0.044 0.06 0.077 0.058 0.103 0.069;0.037 0.081 0.073 0.045 0.087 0.048 0.075 0.109 0.034 0.044 0.06 0.077 0.103 0.058 0.069;0.037 0.073 0.048 0.034 0.077 0.081 0.045 0.087 0.075 0.044 0.103 0.109 0.058 0.06 0.069;
0.041 0.078 0.051 0.069 0.105 0.058 0.05 0.091 0.03 0.048 0.066 0.064 0.067 0.114 0.068;0.041 0.078 0.058 0.05 0.091 0.051 0.069 0.105 0.03 0.048 0.066 0.064 0.114 0.067 0.068;0.041 0.058 0.051 0.03 0.064 0.078 0.05 0.091 0.069 0.048 0.114 0.105 0.067 0.066 0.068;
0.033 0.092 0.052 0.086 0.11 0.053 0.039 0.095 0.033 0.054 0.061 0.065 0.064 0.096 0.067;0.033 0.092 0.053 0.039 0.095 0.052 0.086 0.11 0.033 0.054 0.061 0.065 0.096 0.064 0.067;0.033 0.053 0.052 0.033 0.065 0.092 0.039 0.095 0.086 0.054 0.096 0.11 0.064 0.061 0.067;
0.037 0.074 0.049 0.084 0.087 0.07 0.049 0.102 0.035 0.055 0.068 0.054 0.079 0.092 0.065;0.037 0.074 0.07 0.049 0.102 0.049 0.084 0.087 0.035 0.055 0.068 0.054 0.092 0.079 0.065;0.037 0.07 0.049 0.035 0.054 0.074 0.049 0.102 0.084 0.055 0.092 0.087 0.079 0.068 0.065;
0.039 0.06 0.061 0.082 0.109 0.076 0.039 0.096 0.034 0.058 0.057 0.07 0.059 0.096 0.064;0.039 0.06 0.076 0.039 0.096 0.061 0.082 0.109 0.034 0.058 0.057 0.07 0.096 0.059 0.064;0.039 0.076 0.061 0.034 0.07 0.06 0.039 0.096 0.082 0.058 0.096 0.109 0.059 0.057 0.064;
0.042 0.074 0.052 0.079 0.109 0.072 0.039 0.095 0.034 0.047 0.064 0.063 0.059 0.113 0.058;0.042 0.074 0.072 0.039 0.095 0.052 0.079 0.109 0.034 0.047 0.064 0.063 0.113 0.059 0.058;0.042 0.072 0.052 0.034 0.063 0.074 0.039 0.095 0.079 0.047 0.113 0.109 0.059 0.064 0.058;
0.044 0.068 0.044 0.077 0.089 0.076 0.047 0.098 0.038 0.053 0.075 0.071 0.069 0.093 0.058;0.044 0.068 0.076 0.047 0.098 0.044 0.077 0.089 0.038 0.053 0.075 0.071 0.093 0.069 0.058;0.044 0.076 0.044 0.038 0.071 0.068 0.047 0.098 0.077 0.053 0.093 0.089 0.069 0.075 0.058;
0.038 0.063 0.043 0.085 0.095 0.064 0.052 0.106 0.024 0.052 0.071 0.079 0.054 0.111 0.063;0.038 0.063 0.064 0.052 0.106 0.043 0.085 0.095 0.024 0.052 0.071 0.079 0.111 0.054 0.063;0.038 0.064 0.043 0.024 0.079 0.063 0.052 0.106 0.085 0.052 0.111 0.095 0.054 0.071 0.063;
0.035 0.081 0.055 0.078 0.097 0.067 0.045 0.088 0.035 0.044 0.063 0.07 0.058 0.121 0.063;0.035 0.081 0.067 0.045 0.088 0.055 0.078 0.097 0.035 0.044 0.063 0.07 0.121 0.058 0.063;0.035 0.067 0.055 0.035 0.07 0.081 0.045 0.088 0.078 0.044 0.121 0.097 0.058 0.063 0.063;
0.036 0.062 0.052 0.079 0.095 0.087 0.046 0.101 0.043 0.044 0.079 0.058 0.036 0.113 0.069;0.036 0.062 0.087 0.046 0.101 0.052 0.079 0.095 0.043 0.044 0.079 0.058 0.113 0.036 0.069;0.036 0.087 0.052 0.043 0.058 0.062 0.046 0.101 0.079 0.044 0.113 0.095 0.036 0.079 0.069;
0.036 0.059 0.051 0.072 0.112 0.084 0.048 0.092 0.035 0.052 0.062 0.066 0.075 0.102 0.054;0.036 0.059 0.084 0.048 0.092 0.051 0.072 0.112 0.035 0.052 0.062 0.066 0.102 0.075 0.054;0.036 0.084 0.051 0.035 0.066 0.059 0.048 0.092 0.072 0.052 0.102 0.112 0.075 0.062 0.054;
0.029 0.052 0.051 0.061 0.104 0.096 0.052 0.092 0.031 0.064 0.053 0.08 0.065 0.097 0.073;0.029 0.052 0.096 0.052 0.092 0.051 0.061 0.104 0.031 0.064 0.053 0.08 0.097 0.065 0.073;0.029 0.096 0.051 0.031 0.08 0.052 0.052 0.092 0.061 0.064 0.097 0.104 0.065 0.053 0.073;
0.042 0.073 0.055 0.069 0.114 0.079 0.037 0.077 0.033 0.052 0.08 0.059 0.063 0.093 0.074;0.042 0.073 0.079 0.037 0.077 0.055 0.069 0.114 0.033 0.052 0.08 0.059 0.093 0.063 0.074;0.042 0.079 0.055 0.033 0.059 0.073 0.037 0.077 0.069 0.052 0.093 0.114 0.063 0.08 0.074;
0.04 0.063 0.037 0.084 0.092 0.091 0.054 0.093 0.027 0.065 0.061 0.067 0.057 0.117 0.052;0.04 0.063 0.091 0.054 0.093 0.037 0.084 0.092 0.027 0.065 0.061 0.067 0.117 0.057 0.052;0.04 0.091 0.037 0.027 0.067 0.063 0.054 0.093 0.084 0.065 0.117 0.092 0.057 0.061 0.052;
0.038 0.073 0.043 0.082 0.095 0.079 0.051 0.092 0.041 0.049 0.072 0.069 0.053 0.1 0.063;0.038 0.073 0.079 0.051 0.092 0.043 0.082 0.095 0.041 0.049 0.072 0.069 0.1 0.053 0.063;0.038 0.079 0.043 0.041 0.069 0.073 0.051 0.092 0.082 0.049 0.1 0.095 0.053 0.072 0.063;
0.037 0.062 0.057 0.073 0.108 0.083 0.05 0.083 0.027 0.056 0.071 0.058 0.049 0.111 0.075;0.037 0.062 0.083 0.05 0.083 0.057 0.073 0.108 0.027 0.056 0.071 0.058 0.111 0.049 0.075;0.037 0.083 0.057 0.027 0.058 0.062 0.05 0.083 0.073 0.056 0.111 0.108 0.049 0.071 0.075;
0.032 0.08 0.055 0.088 0.106 0.063 0.04 0.106 0.026 0.047 0.071 0.063 0.056 0.083 0.084;0.032 0.08 0.063 0.04 0.106 0.055 0.088 0.106 0.026 0.047 0.071 0.063 0.083 0.056 0.084;0.032 0.063 0.055 0.026 0.063 0.08 0.04 0.106 0.088 0.047 0.083 0.106 0.056 0.071 0.084;
0.033 0.074 0.059 0.071 0.097 0.079 0.044 0.101 0.031 0.05 0.068 0.074 0.055 0.103 0.061;0.033 0.074 0.079 0.044 0.101 0.059 0.071 0.097 0.031 0.05 0.068 0.074 0.103 0.055 0.061;0.033 0.079 0.059 0.031 0.074 0.074 0.044 0.101 0.071 0.05 0.103 0.097 0.055 0.068 0.061;
0.039 0.061 0.048 0.068 0.113 0.069 0.04 0.097 0.026 0.053 0.066 0.074 0.073 0.103 0.07;0.039 0.061 0.069 0.04 0.097 0.048 0.068 0.113 0.026 0.053 0.066 0.074 0.103 0.073 0.07;0.039 0.069 0.048 0.026 0.074 0.061 0.04 0.097 0.068 0.053 0.103 0.113 0.073 0.066 0.07;
0.04 0.056 0.047 0.082 0.098 0.067 0.039 0.118 0.031 0.057 0.073 0.06 0.065 0.105 0.062;0.04 0.056 0.067 0.039 0.118 0.047 0.082 0.098 0.031 0.057 0.073 0.06 0.105 0.065 0.062;0.04 0.067 0.047 0.031 0.06 0.056 0.039 0.118 0.082 0.057 0.105 0.098 0.065 0.073 0.062;
0.04 0.082 0.038 0.096 0.099 0.068 0.042 0.103 0.041 0.051 0.067 0.063 0.071 0.081 0.058;0.04 0.082 0.068 0.042 0.103 0.038 0.096 0.099 0.041 0.051 0.067 0.063 0.081 0.071 0.058;0.04 0.068 0.038 0.041 0.063 0.082 0.042 0.103 0.096 0.051 0.081 0.099 0.071 0.067 0.058;
0.04 0.061 0.051 0.073 0.113 0.073 0.041 0.103 0.052 0.054 0.056 0.064 0.057 0.095 0.067;0.04 0.061 0.073 0.041 0.103 0.051 0.073 0.113 0.052 0.054 0.056 0.064 0.095 0.057 0.067;0.04 0.073 0.051 0.052 0.064 0.061 0.041 0.103 0.073 0.054 0.095 0.113 0.057 0.056 0.067;
0.036 0.083 0.055 0.081 0.096 0.079 0.041 0.102 0.027 0.041 0.069 0.071 0.079 0.087 0.053;0.036 0.083 0.079 0.041 0.102 0.055 0.081 0.096 0.027 0.041 0.069 0.071 0.087 0.079 0.053;0.036 0.079 0.055 0.027 0.071 0.083 0.041 0.102 0.081 0.041 0.087 0.096 0.079 0.069 0.053;
0.037 0.081 0.048 0.085 0.084 0.062 0.051 0.108 0.027 0.048 0.062 0.079 0.073 0.105 0.05;0.037 0.081 0.062 0.051 0.108 0.048 0.085 0.084 0.027 0.048 0.062 0.079 0.105 0.073 0.05;0.037 0.062 0.048 0.027 0.079 0.081 0.051 0.108 0.085 0.048 0.105 0.084 0.073 0.062 0.05;
0.043 0.072 0.056 0.07 0.109 0.069 0.046 0.099 0.026 0.047 0.064 0.073 0.048 0.096 0.082;0.043 0.072 0.069 0.046 0.099 0.056 0.07 0.109 0.026 0.047 0.064 0.073 0.096 0.048 0.082;0.043 0.069 0.056 0.026 0.073 0.072 0.046 0.099 0.07 0.047 0.096 0.109 0.048 0.064 0.082;
0.043 0.084 0.045 0.074 0.099 0.069 0.047 0.102 0.04 0.041 0.057 0.075 0.061 0.098 0.065;0.043 0.084 0.069 0.047 0.102 0.045 0.074 0.099 0.04 0.041 0.057 0.075 0.098 0.061 0.065;0.043 0.069 0.045 0.04 0.075 0.084 0.047 0.102 0.074 0.041 0.098 0.099 0.061 0.057 0.065;
0.038 0.081 0.044 0.091 0.113 0.064 0.049 0.087 0.038 0.052 0.062 0.074 0.041 0.102 0.064;0.038 0.081 0.064 0.049 0.087 0.044 0.091 0.113 0.038 0.052 0.062 0.074 0.102 0.041 0.064;0.038 0.064 0.044 0.038 0.074 0.081 0.049 0.087 0.091 0.052 0.102 0.113 0.041 0.062 0.064;
0.038 0.091 0.049 0.084 0.094 0.066 0.05 0.081 0.038 0.047 0.067 0.073 0.065 0.101 0.056;0.038 0.091 0.066 0.05 0.081 0.049 0.084 0.094 0.038 0.047 0.067 0.073 0.101 0.065 0.056;0.038 0.066 0.049 0.038 0.073 0.091 0.05 0.081 0.084 0.047 0.101 0.094 0.065 0.067 0.056;
0.032 0.062 0.053 0.09 0.106 0.072 0.047 0.096 0.018 0.04 0.078 0.072 0.074 0.102 0.058;0.032 0.062 0.072 0.047 0.096 0.053 0.09 0.106 0.018 0.04 0.078 0.072 0.102 0.074 0.058;0.032 0.072 0.053 0.018 0.072 0.062 0.047 0.096 0.09 0.04 0.102 0.106 0.074 0.078 0.058;
0.038 0.075 0.058 0.086 0.101 0.079 0.046 0.086 0.032 0.041 0.077 0.062 0.058 0.091 0.07;0.038 0.075 0.079 0.046 0.086 0.058 0.086 0.101 0.032 0.041 0.077 0.062 0.091 0.058 0.07;0.038 0.079 0.058 0.032 0.062 0.075 0.046 0.086 0.086 0.041 0.091 0.101 0.058 0.077 0.07;
0.034 0.08 0.045 0.083 0.096 0.07 0.055 0.086 0.029 0.047 0.075 0.063 0.066 0.102 0.069;0.034 0.08 0.07 0.055 0.086 0.045 0.083 0.096 0.029 0.047 0.075 0.063 0.102 0.066 0.069;0.034 0.07 0.045 0.029 0.063 0.08 0.055 0.086 0.083 0.047 0.102 0.096 0.066 0.075 0.069;
0.043 0.075 0.056 0.074 0.102 0.076 0.056 0.078 0.028 0.048 0.074 0.062 0.07 0.105 0.053;0.043 0.075 0.076 0.056 0.078 0.056 0.074 0.102 0.028 0.048 0.074 0.062 0.105 0.07 0.053;0.043 0.076 0.056 0.028 0.062 0.075 0.056 0.078 0.074 0.048 0.105 0.102 0.07 0.074 0.053;
0.035 0.087 0.045 0.079 0.106 0.085 0.05 0.096 0.026 0.048 0.062 0.065 0.054 0.094 0.068;0.035 0.087 0.085 0.05 0.096 0.045 0.079 0.106 0.026 0.048 0.062 0.065 0.094 0.054 0.068;0.035 0.085 0.045 0.026 0.065 0.087 0.05 0.096 0.079 0.048 0.094 0.106 0.054 0.062 0.068;
0.037 0.074 0.054 0.083 0.098 0.072 0.053 0.094 0.027 0.044 0.073 0.065 0.056 0.104 0.066;0.037 0.074 0.072 0.053 0.094 0.054 0.083 0.098 0.027 0.044 0.073 0.065 0.104 0.056 0.066;0.037 0.072 0.054 0.027 0.065 0.074 0.053 0.094 0.083 0.044 0.104 0.098 0.056 0.073 0.066;
0.039 0.068 0.044 0.076 0.099 0.079 0.048 0.098 0.029 0.06 0.08 0.059 0.078 0.083 0.06;0.039 0.068 0.079 0.048 0.098 0.044 0.076 0.099 0.029 0.06 0.08 0.059 0.083 0.078 0.06;0.039 0.079 0.044 0.029 0.059 0.068 0.048 0.098 0.076 0.06 0.083 0.099 0.078 0.08 0.06;
0.039 0.082 0.053 0.076 0.1 0.07 0.048 0.082 0.029 0.062 0.058 0.063 0.073 0.097 0.068;0.039 0.082 0.07 0.048 0.082 0.053 0.076 0.1 0.029 0.062 0.058 0.063 0.097 0.073 0.068;0.039 0.07 0.053 0.029 0.063 0.082 0.048 0.082 0.076 0.062 0.097 0.1 0.073 0.058 0.068;
0.036 0.068 0.046 0.08 0.082 0.085 0.058 0.099 0.032 0.05 0.058 0.064 0.061 0.104 0.077;0.036 0.068 0.085 0.058 0.099 0.046 0.08 0.082 0.032 0.05 0.058 0.064 0.104 0.061 0.077;0.036 0.085 0.046 0.032 0.064 0.068 0.058 0.099 0.08 0.05 0.104 0.082 0.061 0.058 0.077;
0.037 0.086 0.039 0.071 0.105 0.082 0.044 0.086 0.033 0.056 0.066 0.061 0.066 0.094 0.074;0.037 0.086 0.082 0.044 0.086 0.039 0.071 0.105 0.033 0.056 0.066 0.061 0.094 0.066 0.074;0.037 0.082 0.039 0.033 0.061 0.086 0.044 0.086 0.071 0.056 0.094 0.105 0.066 0.066 0.074;
0.045 0.068 0.054 0.079 0.091 0.068 0.049 0.105 0.04 0.045 0.068 0.055 0.06 0.093 0.08;0.045 0.068 0.068 0.049 0.105 0.054 0.079 0.091 0.04 0.045 0.068 0.055 0.093 0.06 0.08;0.045 0.068 0.054 0.04 0.055 0.068 0.049 0.105 0.079 0.045 0.093 0.091 0.06 0.068 0.08;
0.039 0.07 0.047 0.081 0.086 0.076 0.048 0.099 0.043 0.062 0.064 0.06 0.061 0.095 0.069;0.039 0.07 0.076 0.048 0.099 0.047 0.081 0.086 0.043 0.062 0.064 0.06 0.095 0.061 0.069;0.039 0.076 0.047 0.043 0.06 0.07 0.048 0.099 0.081 0.062 0.095 0.086 0.061 0.064 0.069;
0.045 0.076 0.051 0.077 0.095 0.08 0.045 0.101 0.02 0.047 0.068 0.076 0.073 0.087 0.059;0.045 0.076 0.08 0.045 0.101 0.051 0.077 0.095 0.02 0.047 0.068 0.076 0.087 0.073 0.059;0.045 0.08 0.051 0.02 0.076 0.076 0.045 0.101 0.077 0.047 0.087 0.095 0.073 0.068 0.059;
0.05 0.074 0.055 0.069 0.106 0.087 0.044 0.083 0.042 0.054 0.05 0.078 0.049 0.1 0.059;0.05 0.074 0.087 0.044 0.083 0.055 0.069 0.106 0.042 0.054 0.05 0.078 0.1 0.049 0.059;0.05 0.087 0.055 0.042 0.078 0.074 0.044 0.083 0.069 0.054 0.1 0.106 0.049 0.05 0.059;
0.043 0.065 0.045 0.086 0.103 0.08 0.039 0.104 0.036 0.043 0.052 0.08 0.059 0.101 0.064;0.043 0.065 0.08 0.039 0.104 0.045 0.086 0.103 0.036 0.043 0.052 0.08 0.101 0.059 0.064;0.043 0.08 0.045 0.036 0.08 0.065 0.039 0.104 0.086 0.043 0.101 0.103 0.059 0.052 0.064;
0.027 0.073 0.066 0.078 0.106 0.075 0.04 0.095 0.04 0.045 0.062 0.067 0.069 0.089 0.068;0.027 0.073 0.075 0.04 0.095 0.066 0.078 0.106 0.04 0.045 0.062 0.067 0.089 0.069 0.068;0.027 0.075 0.066 0.04 0.067 0.073 0.04 0.095 0.078 0.045 0.089 0.106 0.069 0.062 0.068;
0.036 0.072 0.054 0.077 0.106 0.056 0.044 0.108 0.03 0.056 0.073 0.074 0.06 0.101 0.053;0.036 0.072 0.056 0.044 0.108 0.054 0.077 0.106 0.03 0.056 0.073 0.074 0.101 0.06 0.053;0.036 0.056 0.054 0.03 0.074 0.072 0.044 0.108 0.077 0.056 0.101 0.106 0.06 0.073 0.053;
0.035 0.093 0.055 0.085 0.1 0.06 0.044 0.087 0.032 0.039 0.07 0.062 0.069 0.1 0.069;0.035 0.093 0.06 0.044 0.087 0.055 0.085 0.1 0.032 0.039 0.07 0.062 0.1 0.069 0.069;0.035 0.06 0.055 0.032 0.062 0.093 0.044 0.087 0.085 0.039 0.1 0.1 0.069 0.07 0.069;
0.035 0.09 0.04 0.076 0.095 0.064 0.05 0.087 0.045 0.035 0.076 0.068 0.074 0.1 0.065;0.035 0.09 0.064 0.05 0.087 0.04 0.076 0.095 0.045 0.035 0.076 0.068 0.1 0.074 0.065;0.035 0.064 0.04 0.045 0.068 0.09 0.05 0.087 0.076 0.035 0.1 0.095 0.074 0.076 0.065;
0.044 0.111 0.055 0.08 0.099 0.067 0.037 0.097 0.025 0.047 0.058 0.063 0.058 0.091 0.068;0.044 0.111 0.067 0.037 0.097 0.055 0.08 0.099 0.025 0.047 0.058 0.063 0.091 0.058 0.068;0.044 0.067 0.055 0.025 0.063 0.111 0.037 0.097 0.08 0.047 0.091 0.099 0.058 0.058 0.068;
0.044 0.069 0.054 0.083 0.1 0.067 0.051 0.099 0.033 0.05 0.066 0.064 0.062 0.111 0.047;0.044 0.069 0.067 0.051 0.099 0.054 0.083 0.1 0.033 0.05 0.066 0.064 0.111 0.062 0.047;0.044 0.067 0.054 0.033 0.064 0.069 0.051 0.099 0.083 0.05 0.111 0.1 0.062 0.066 0.047;
0.045 0.067 0.049 0.077 0.094 0.084 0.052 0.087 0.034 0.046 0.073 0.071 0.056 0.1 0.065;0.045 0.067 0.084 0.052 0.087 0.049 0.077 0.094 0.034 0.046 0.073 0.071 0.1 0.056 0.065;0.045 0.084 0.049 0.034 0.071 0.067 0.052 0.087 0.077 0.046 0.1 0.094 0.056 0.073 0.065;
0.038 0.086 0.063 0.079 0.1 0.077 0.044 0.086 0.037 0.032 0.069 0.057 0.062 0.096 0.074;0.038 0.086 0.077 0.044 0.086 0.063 0.079 0.1 0.037 0.032 0.069 0.057 0.096 0.062 0.074;0.038 0.077 0.063 0.037 0.057 0.086 0.044 0.086 0.079 0.032 0.096 0.1 0.062 0.069 0.074;
0.047 0.056 0.054 0.08 0.109 0.078 0.056 0.104 0.023 0.042 0.072 0.05 0.069 0.094 0.066;0.047 0.056 0.078 0.056 0.104 0.054 0.08 0.109 0.023 0.042 0.072 0.05 0.094 0.069 0.066;0.047 0.078 0.054 0.023 0.05 0.056 0.056 0.104 0.08 0.042 0.094 0.109 0.069 0.072 0.066;
0.044 0.078 0.031 0.074 0.097 0.079 0.041 0.094 0.027 0.047 0.079 0.059 0.075 0.113 0.062;0.044 0.078 0.079 0.041 0.094 0.031 0.074 0.097 0.027 0.047 0.079 0.059 0.113 0.075 0.062;0.044 0.079 0.031 0.027 0.059 0.078 0.041 0.094 0.074 0.047 0.113 0.097 0.075 0.079 0.062;
0.034 0.054 0.044 0.079 0.112 0.07 0.043 0.104 0.039 0.048 0.047 0.061 0.072 0.118 0.075;0.034 0.054 0.07 0.043 0.104 0.044 0.079 0.112 0.039 0.048 0.047 0.061 0.118 0.072 0.075;0.034 0.07 0.044 0.039 0.061 0.054 0.043 0.104 0.079 0.048 0.118 0.112 0.072 0.047 0.075;
0.048 0.076 0.061 0.076 0.088 0.076 0.048 0.089 0.044 0.045 0.077 0.07 0.058 0.088 0.056;0.048 0.076 0.076 0.048 0.089 0.061 0.076 0.088 0.044 0.045 0.077 0.07 0.088 0.058 0.056;0.048 0.076 0.061 0.044 0.07 0.076 0.048 0.089 0.076 0.045 0.088 0.088 0.058 0.077 0.056;
0.028 0.071 0.057 0.081 0.112 0.075 0.036 0.103 0.039 0.05 0.062 0.062 0.066 0.096 0.062;0.028 0.071 0.075 0.036 0.103 0.057 0.081 0.112 0.039 0.05 0.062 0.062 0.096 0.066 0.062;0.028 0.075 0.057 0.039 0.062 0.071 0.036 0.103 0.081 0.05 0.096 0.112 0.066 0.062 0.062;
0.047 0.073 0.05 0.083 0.085 0.068 0.042 0.096 0.035 0.059 0.05 0.083 0.061 0.103 0.065;0.047 0.073 0.068 0.042 0.096 0.05 0.083 0.085 0.035 0.059 0.05 0.083 0.103 0.061 0.065;0.047 0.068 0.05 0.035 0.083 0.073 0.042 0.096 0.083 0.059 0.103 0.085 0.061 0.05 0.065;
0.034 0.086 0.059 0.079 0.09 0.074 0.047 0.084 0.026 0.058 0.067 0.065 0.076 0.103 0.052;0.034 0.086 0.074 0.047 0.084 0.059 0.079 0.09 0.026 0.058 0.067 0.065 0.103 0.076 0.052;0.034 0.074 0.059 0.026 0.065 0.086 0.047 0.084 0.079 0.058 0.103 0.09 0.076 0.067 0.052;
0.042 0.08 0.052 0.079 0.103 0.079 0.049 0.098 0.035 0.052 0.059 0.07 0.056 0.092 0.054;0.042 0.08 0.079 0.049 0.098 0.052 0.079 0.103 0.035 0.052 0.059 0.07 0.092 0.056 0.054;0.042 0.079 0.052 0.035 0.07 0.08 0.049 0.098 0.079 0.052 0.092 0.103 0.056 0.059 0.054;
0.037 0.086 0.045 0.06 0.099 0.065 0.045 0.096 0.033 0.052 0.071 0.061 0.07 0.107 0.073;0.037 0.086 0.065 0.045 0.096 0.045 0.06 0.099 0.033 0.052 0.071 0.061 0.107 0.07 0.073;0.037 0.065 0.045 0.033 0.061 0.086 0.045 0.096 0.06 0.052 0.107 0.099 0.07 0.071 0.073;
0.041 0.077 0.07 0.082 0.09 0.078 0.044 0.088 0.03 0.062 0.068 0.055 0.059 0.093 0.063;0.041 0.077 0.078 0.044 0.088 0.07 0.082 0.09 0.03 0.062 0.068 0.055 0.093 0.059 0.063;0.041 0.078 0.07 0.03 0.055 0.077 0.044 0.088 0.082 0.062 0.093 0.09 0.059 0.068 0.063;
0.036 0.078 0.049 0.077 0.113 0.079 0.05 0.075 0.032 0.049 0.056 0.073 0.066 0.1 0.067;0.036 0.078 0.079 0.05 0.075 0.049 0.077 0.113 0.032 0.049 0.056 0.073 0.1 0.066 0.067;0.036 0.079 0.049 0.032 0.073 0.078 0.05 0.075 0.077 0.049 0.1 0.113 0.066 0.056 0.067;
0.031 0.069 0.069 0.082 0.11 0.079 0.043 0.096 0.026 0.047 0.04 0.069 0.071 0.101 0.067;0.031 0.069 0.079 0.043 0.096 0.069 0.082 0.11 0.026 0.047 0.04 0.069 0.101 0.071 0.067;0.031 0.079 0.069 0.026 0.069 0.069 0.043 0.096 0.082 0.047 0.101 0.11 0.071 0.04 0.067;
0.036 0.088 0.049 0.074 0.1 0.08 0.05 0.07 0.026 0.059 0.065 0.073 0.06 0.106 0.064;0.036 0.088 0.08 0.05 0.07 0.049 0.074 0.1 0.026 0.059 0.065 0.073 0.106 0.06 0.064;0.036 0.08 0.049 0.026 0.073 0.088 0.05 0.07 0.074 0.059 0.106 0.1 0.06 0.065 0.064;
0.041 0.07 0.036 0.075 0.1 0.085 0.046 0.087 0.043 0.043 0.066 0.077 0.058 0.116 0.057;0.041 0.07 0.085 0.046 0.087 0.036 0.075 0.1 0.043 0.043 0.066 0.077 0.116 0.058 0.057;0.041 0.085 0.036 0.043 0.077 0.07 0.046 0.087 0.075 0.043 0.116 0.1 0.058 0.066 0.057;
0.03 0.066 0.061 0.077 0.115 0.072 0.048 0.085 0.028 0.057 0.061 0.073 0.065 0.102 0.06;0.03 0.066 0.072 0.048 0.085 0.061 0.077 0.115 0.028 0.057 0.061 0.073 0.102 0.065 0.06;0.03 0.072 0.061 0.028 0.073 0.066 0.048 0.085 0.077 0.057 0.102 0.115 0.065 0.061 0.06;
0.041 0.071 0.054 0.068 0.109 0.073 0.055 0.092 0.036 0.054 0.065 0.058 0.06 0.096 0.068;0.041 0.071 0.073 0.055 0.092 0.054 0.068 0.109 0.036 0.054 0.065 0.058 0.096 0.06 0.068;0.041 0.073 0.054 0.036 0.058 0.071 0.055 0.092 0.068 0.054 0.096 0.109 0.06 0.065 0.068;
0.035 0.068 0.055 0.071 0.12 0.082 0.053 0.084 0.02 0.058 0.058 0.071 0.056 0.108 0.061;0.035 0.068 0.082 0.053 0.084 0.055 0.071 0.12 0.02 0.058 0.058 0.071 0.108 0.056 0.061;0.035 0.082 0.055 0.02 0.071 0.068 0.053 0.084 0.071 0.058 0.108 0.12 0.056 0.058 0.061;
0.051 0.072 0.051 0.078 0.115 0.072 0.045 0.107 0.028 0.043 0.059 0.06 0.056 0.103 0.06;0.051 0.072 0.072 0.045 0.107 0.051 0.078 0.115 0.028 0.043 0.059 0.06 0.103 0.056 0.06;0.051 0.072 0.051 0.028 0.06 0.072 0.045 0.107 0.078 0.043 0.103 0.115 0.056 0.059 0.06;
0.034 0.07 0.04 0.087 0.101 0.076 0.055 0.087 0.038 0.051 0.055 0.065 0.07 0.11 0.061;0.034 0.07 0.076 0.055 0.087 0.04 0.087 0.101 0.038 0.051 0.055 0.065 0.11 0.07 0.061;0.034 0.076 0.04 0.038 0.065 0.07 0.055 0.087 0.087 0.051 0.11 0.101 0.07 0.055 0.061;
0.037 0.063 0.05 0.078 0.105 0.057 0.05 0.105 0.053 0.049 0.068 0.059 0.059 0.1 0.067;0.037 0.063 0.057 0.05 0.105 0.05 0.078 0.105 0.053 0.049 0.068 0.059 0.1 0.059 0.067;0.037 0.057 0.05 0.053 0.059 0.063 0.05 0.105 0.078 0.049 0.1 0.105 0.059 0.068 0.067;
0.048 0.066 0.059 0.072 0.098 0.065 0.053 0.102 0.036 0.051 0.062 0.066 0.065 0.09 0.067;0.048 0.066 0.065 0.053 0.102 0.059 0.072 0.098 0.036 0.051 0.062 0.066 0.09 0.065 0.067;0.048 0.065 0.059 0.036 0.066 0.066 0.053 0.102 0.072 0.051 0.09 0.098 0.065 0.062 0.067;
0.042 0.08 0.045 0.081 0.105 0.079 0.048 0.086 0.028 0.04 0.059 0.069 0.064 0.112 0.062;0.042 0.08 0.079 0.048 0.086 0.045 0.081 0.105 0.028 0.04 0.059 0.069 0.112 0.064 0.062;0.042 0.079 0.045 0.028 0.069 0.08 0.048 0.086 0.081 0.04 0.112 0.105 0.064 0.059 0.062;
0.034 0.077 0.036 0.086 0.078 0.071 0.048 0.096 0.039 0.048 0.056 0.082 0.081 0.108 0.06;0.034 0.077 0.071 0.048 0.096 0.036 0.086 0.078 0.039 0.048 0.056 0.082 0.108 0.081 0.06;0.034 0.071 0.036 0.039 0.082 0.077 0.048 0.096 0.086 0.048 0.108 0.078 0.081 0.056 0.06;
0.027 0.079 0.052 0.068 0.099 0.075 0.044 0.086 0.042 0.046 0.066 0.076 0.069 0.089 0.082;0.027 0.079 0.075 0.044 0.086 0.052 0.068 0.099 0.042 0.046 0.066 0.076 0.089 0.069 0.082;0.027 0.075 0.052 0.042 0.076 0.079 0.044 0.086 0.068 0.046 0.089 0.099 0.069 0.066 0.082;
0.038 0.081 0.05 0.064 0.119 0.069 0.051 0.091 0.036 0.052 0.06 0.062 0.068 0.087 0.072;0.038 0.081 0.069 0.051 0.091 0.05 0.064 0.119 0.036 0.052 0.06 0.062 0.087 0.068 0.072;0.038 0.069 0.05 0.036 0.062 0.081 0.051 0.091 0.064 0.052 0.087 0.119 0.068 0.06 0.072;
0.046 0.071 0.059 0.075 0.11 0.074 0.05 0.091 0.036 0.041 0.071 0.059 0.055 0.1 0.062;0.046 0.071 0.074 0.05 0.091 0.059 0.075 0.11 0.036 0.041 0.071 0.059 0.1 0.055 0.062;0.046 0.074 0.059 0.036 0.059 0.071 0.05 0.091 0.075 0.041 0.1 0.11 0.055 0.071 0.062;
0.056 0.075 0.042 0.08 0.086 0.078 0.052 0.086 0.035 0.048 0.073 0.061 0.068 0.099 0.061;0.056 0.075 0.078 0.052 0.086 0.042 0.08 0.086 0.035 0.048 0.073 0.061 0.099 0.068 0.061;0.056 0.078 0.042 0.035 0.061 0.075 0.052 0.086 0.08 0.048 0.099 0.086 0.068 0.073 0.061;
0.045 0.069 0.044 0.086 0.104 0.061 0.057 0.099 0.027 0.034 0.069 0.069 0.073 0.099 0.064;0.045 0.069 0.061 0.057 0.099 0.044 0.086 0.104 0.027 0.034 0.069 0.069 0.099 0.073 0.064;0.045 0.061 0.044 0.027 0.069 0.069 0.057 0.099 0.086 0.034 0.099 0.104 0.073 0.069 0.064;
0.033 0.078 0.059 0.073 0.113 0.062 0.053 0.09 0.04 0.051 0.051 0.069 0.069 0.098 0.061;0.033 0.078 0.062 0.053 0.09 0.059 0.073 0.113 0.04 0.051 0.051 0.069 0.098 0.069 0.061;0.033 0.062 0.059 0.04 0.069 0.078 0.053 0.09 0.073 0.051 0.098 0.113 0.069 0.051 0.061;
0.049 0.087 0.044 0.086 0.091 0.075 0.041 0.111 0.033 0.047 0.068 0.063 0.056 0.089 0.06;0.049 0.087 0.075 0.041 0.111 0.044 0.086 0.091 0.033 0.047 0.068 0.063 0.089 0.056 0.06;0.049 0.075 0.044 0.033 0.063 0.087 0.041 0.111 0.086 0.047 0.089 0.091 0.056 0.068 0.06;
0.057 0.066 0.054 0.081 0.116 0.063 0.048 0.077 0.036 0.039 0.068 0.068 0.062 0.107 0.058;0.057 0.066 0.063 0.048 0.077 0.054 0.081 0.116 0.036 0.039 0.068 0.068 0.107 0.062 0.058;0.057 0.063 0.054 0.036 0.068 0.066 0.048 0.077 0.081 0.039 0.107 0.116 0.062 0.068 0.058;
0.036 0.066 0.058 0.09 0.097 0.076 0.05 0.092 0.036 0.045 0.059 0.061 0.071 0.096 0.067;0.036 0.066 0.076 0.05 0.092 0.058 0.09 0.097 0.036 0.045 0.059 0.061 0.096 0.071 0.067;0.036 0.076 0.058 0.036 0.061 0.066 0.05 0.092 0.09 0.045 0.096 0.097 0.071 0.059 0.067;
0.038 0.079 0.058 0.077 0.092 0.072 0.047 0.103 0.034 0.049 0.065 0.057 0.066 0.101 0.062;0.038 0.079 0.072 0.047 0.103 0.058 0.077 0.092 0.034 0.049 0.065 0.057 0.101 0.066 0.062;0.038 0.072 0.058 0.034 0.057 0.079 0.047 0.103 0.077 0.049 0.101 0.092 0.066 0.065 0.062;
0.042 0.077 0.047 0.069 0.107 0.08 0.049 0.083 0.036 0.05 0.058 0.063 0.086 0.096 0.057;0.042 0.077 0.08 0.049 0.083 0.047 0.069 0.107 0.036 0.05 0.058 0.063 0.096 0.086 0.057;0.042 0.08 0.047 0.036 0.063 0.077 0.049 0.083 0.069 0.05 0.096 0.107 0.086 0.058 0.057;
0.034 0.081 0.044 0.071 0.097 0.068 0.05 0.082 0.038 0.047 0.071 0.066 0.081 0.102 0.068;0.034 0.081 0.068 0.05 0.082 0.044 0.071 0.097 0.038 0.047 0.071 0.066 0.102 0.081 0.068;0.034 0.068 0.044 0.038 0.066 0.081 0.05 0.082 0.071 0.047 0.102 0.097 0.081 0.071 0.068;
0.038 0.093 0.05 0.08 0.099 0.069 0.045 0.092 0.034 0.035 0.063 0.066 0.068 0.102 0.066;0.038 0.093 0.069 0.045 0.092 0.05 0.08 0.099 0.034 0.035 0.063 0.066 0.102 0.068 0.066;0.038 0.069 0.05 0.034 0.066 0.093 0.045 0.092 0.08 0.035 0.102 0.099 0.068 0.063 0.066;
0.036 0.068 0.056 0.072 0.108 0.068 0.041 0.107 0.034 0.049 0.068 0.063 0.062 0.1 0.068;0.036 0.068 0.068 0.041 0.107 0.056 0.072 0.108 0.034 0.049 0.068 0.063 0.1 0.062 0.068;0.036 0.068 0.056 0.034 0.063 0.068 0.041 0.107 0.072 0.049 0.1 0.108 0.062 0.068 0.068;
0.04 0.066 0.047 0.093 0.102 0.067 0.044 0.1 0.034 0.058 0.062 0.065 0.059 0.092 0.071;0.04 0.066 0.067 0.044 0.1 0.047 0.093 0.102 0.034 0.058 0.062 0.065 0.092 0.059 0.071;0.04 0.067 0.047 0.034 0.065 0.066 0.044 0.1 0.093 0.058 0.092 0.102 0.059 0.062 0.071;
0.038 0.061 0.053 0.089 0.094 0.07 0.049 0.108 0.027 0.047 0.074 0.064 0.071 0.086 0.069;0.038 0.061 0.07 0.049 0.108 0.053 0.089 0.094 0.027 0.047 0.074 0.064 0.086 0.071 0.069;0.038 0.07 0.053 0.027 0.064 0.061 0.049 0.108 0.089 0.047 0.086 0.094 0.071 0.074 0.069;
0.034 0.078 0.053 0.067 0.11 0.086 0.04 0.091 0.039 0.048 0.065 0.056 0.068 0.094 0.071;0.034 0.078 0.086 0.04 0.091 0.053 0.067 0.11 0.039 0.048 0.065 0.056 0.094 0.068 0.071;0.034 0.086 0.053 0.039 0.056 0.078 0.04 0.091 0.067 0.048 0.094 0.11 0.068 0.065 0.071;
0.044 0.068 0.044 0.064 0.094 0.087 0.049 0.091 0.042 0.055 0.063 0.072 0.06 0.1 0.067;0.044 0.068 0.087 0.049 0.091 0.044 0.064 0.094 0.042 0.055 0.063 0.072 0.1 0.06 0.067;0.044 0.087 0.044 0.042 0.072 0.068 0.049 0.091 0.064 0.055 0.1 0.094 0.06 0.063 0.067;
0.039 0.072 0.039 0.086 0.094 0.072 0.054 0.096 0.028 0.057 0.048 0.062 0.073 0.103 0.077;0.039 0.072 0.072 0.054 0.096 0.039 0.086 0.094 0.028 0.057 0.048 0.062 0.103 0.073 0.077;0.039 0.072 0.039 0.028 0.062 0.072 0.054 0.096 0.086 0.057 0.103 0.094 0.073 0.048 0.077;
0.033 0.078 0.052 0.069 0.095 0.077 0.045 0.087 0.039 0.05 0.07 0.063 0.073 0.104 0.065;0.033 0.078 0.077 0.045 0.087 0.052 0.069 0.095 0.039 0.05 0.07 0.063 0.104 0.073 0.065;0.033 0.077 0.052 0.039 0.063 0.078 0.045 0.087 0.069 0.05 0.104 0.095 0.073 0.07 0.065;
0.037 0.065 0.052 0.07 0.089 0.082 0.062 0.094 0.037 0.062 0.069 0.052 0.062 0.094 0.073;0.037 0.065 0.082 0.062 0.094 0.052 0.07 0.089 0.037 0.062 0.069 0.052 0.094 0.062 0.073;0.037 0.082 0.052 0.037 0.052 0.065 0.062 0.094 0.07 0.062 0.094 0.089 0.062 0.069 0.073;
0.038 0.075 0.052 0.078 0.102 0.075 0.046 0.088 0.036 0.056 0.068 0.066 0.064 0.093 0.063;0.038 0.075 0.075 0.046 0.088 0.052 0.078 0.102 0.036 0.056 0.068 0.066 0.093 0.064 0.063;0.038 0.075 0.052 0.036 0.066 0.075 0.046 0.088 0.078 0.056 0.093 0.102 0.064 0.068 0.063;
0.034 0.064 0.049 0.095 0.114 0.075 0.032 0.101 0.037 0.048 0.06 0.08 0.063 0.093 0.055;0.034 0.064 0.075 0.032 0.101 0.049 0.095 0.114 0.037 0.048 0.06 0.08 0.093 0.063 0.055;0.034 0.075 0.049 0.037 0.08 0.064 0.032 0.101 0.095 0.048 0.093 0.114 0.063 0.06 0.055;
0.033 0.069 0.04 0.077 0.087 0.089 0.038 0.089 0.031 0.051 0.078 0.075 0.071 0.111 0.061;0.033 0.069 0.089 0.038 0.089 0.04 0.077 0.087 0.031 0.051 0.078 0.075 0.111 0.071 0.061;0.033 0.089 0.04 0.031 0.075 0.069 0.038 0.089 0.077 0.051 0.111 0.087 0.071 0.078 0.061;
0.044 0.053 0.048 0.069 0.117 0.09 0.051 0.08 0.028 0.049 0.06 0.065 0.068 0.112 0.066;0.044 0.053 0.09 0.051 0.08 0.048 0.069 0.117 0.028 0.049 0.06 0.065 0.112 0.068 0.066;0.044 0.09 0.048 0.028 0.065 0.053 0.051 0.08 0.069 0.049 0.112 0.117 0.068 0.06 0.066];