pntP=[0.023 0.049 0.054 0.058 0.095 0.065 0.044 0.083 0.047 0.049 0.074 0.082 0.098 0.103 0.076;0.023 0.049 0.065 0.044 0.083 0.054 0.058 0.095 0.047 0.049 0.074 0.082 0.103 0.098 0.076;0.023 0.065 0.054 0.047 0.082 0.049 0.044 0.083 0.058 0.049 0.103 0.095 0.098 0.074 0.076;
0.017 0.052 0.051 0.055 0.113 0.042 0.041 0.097 0.048 0.047 0.082 0.096 0.083 0.102 0.074;0.017 0.052 0.042 0.041 0.097 0.051 0.055 0.113 0.048 0.047 0.082 0.096 0.102 0.083 0.074;0.017 0.042 0.051 0.048 0.096 0.052 0.041 0.097 0.055 0.047 0.102 0.113 0.083 0.082 0.074;
0.018 0.053 0.049 0.059 0.101 0.06 0.038 0.088 0.047 0.054 0.092 0.078 0.082 0.09 0.091;0.018 0.053 0.06 0.038 0.088 0.049 0.059 0.101 0.047 0.054 0.092 0.078 0.09 0.082 0.091;0.018 0.06 0.049 0.047 0.078 0.053 0.038 0.088 0.059 0.054 0.09 0.101 0.082 0.092 0.091;
0.029 0.056 0.043 0.068 0.096 0.053 0.049 0.083 0.039 0.038 0.071 0.081 0.104 0.1 0.09;0.029 0.056 0.053 0.049 0.083 0.043 0.068 0.096 0.039 0.038 0.071 0.081 0.1 0.104 0.09;0.029 0.053 0.043 0.039 0.081 0.056 0.049 0.083 0.068 0.038 0.1 0.096 0.104 0.071 0.09;
0.018 0.051 0.049 0.055 0.109 0.041 0.049 0.091 0.039 0.045 0.089 0.1 0.073 0.108 0.083;0.018 0.051 0.041 0.049 0.091 0.049 0.055 0.109 0.039 0.045 0.089 0.1 0.108 0.073 0.083;0.018 0.041 0.049 0.039 0.1 0.051 0.049 0.091 0.055 0.045 0.108 0.109 0.073 0.089 0.083;
0.021 0.06 0.057 0.058 0.109 0.062 0.046 0.089 0.035 0.058 0.072 0.074 0.091 0.08 0.088;0.021 0.06 0.062 0.046 0.089 0.057 0.058 0.109 0.035 0.058 0.072 0.074 0.08 0.091 0.088;0.021 0.062 0.057 0.035 0.074 0.06 0.046 0.089 0.058 0.058 0.08 0.109 0.091 0.072 0.088;
0.02 0.061 0.043 0.054 0.096 0.047 0.058 0.079 0.039 0.053 0.091 0.089 0.084 0.106 0.08;0.02 0.061 0.047 0.058 0.079 0.043 0.054 0.096 0.039 0.053 0.091 0.089 0.106 0.084 0.08;0.02 0.047 0.043 0.039 0.089 0.061 0.058 0.079 0.054 0.053 0.106 0.096 0.084 0.091 0.08;
0.022 0.059 0.05 0.056 0.1 0.052 0.039 0.088 0.045 0.05 0.1 0.087 0.098 0.082 0.072;0.022 0.059 0.052 0.039 0.088 0.05 0.056 0.1 0.045 0.05 0.1 0.087 0.082 0.098 0.072;0.022 0.052 0.05 0.045 0.087 0.059 0.039 0.088 0.056 0.05 0.082 0.1 0.098 0.1 0.072;
0.026 0.047 0.056 0.052 0.092 0.069 0.042 0.092 0.047 0.054 0.082 0.087 0.093 0.086 0.075;0.026 0.047 0.069 0.042 0.092 0.056 0.052 0.092 0.047 0.054 0.082 0.087 0.086 0.093 0.075;0.026 0.069 0.056 0.047 0.087 0.047 0.042 0.092 0.052 0.054 0.086 0.092 0.093 0.082 0.075;
0.024 0.059 0.04 0.058 0.106 0.045 0.047 0.082 0.047 0.06 0.093 0.095 0.078 0.098 0.068;0.024 0.059 0.045 0.047 0.082 0.04 0.058 0.106 0.047 0.06 0.093 0.095 0.098 0.078 0.068;0.024 0.045 0.04 0.047 0.095 0.059 0.047 0.082 0.058 0.06 0.098 0.106 0.078 0.093 0.068;
0.023 0.051 0.053 0.069 0.095 0.059 0.041 0.071 0.048 0.041 0.095 0.084 0.087 0.105 0.078;0.023 0.051 0.059 0.041 0.071 0.053 0.069 0.095 0.048 0.041 0.095 0.084 0.105 0.087 0.078;0.023 0.059 0.053 0.048 0.084 0.051 0.041 0.071 0.069 0.041 0.105 0.095 0.087 0.095 0.078;
0.024 0.05 0.052 0.069 0.1 0.053 0.043 0.092 0.05 0.051 0.077 0.077 0.071 0.104 0.087;0.024 0.05 0.053 0.043 0.092 0.052 0.069 0.1 0.05 0.051 0.077 0.077 0.104 0.071 0.087;0.024 0.053 0.052 0.05 0.077 0.05 0.043 0.092 0.069 0.051 0.104 0.1 0.071 0.077 0.087;
0.018 0.059 0.043 0.06 0.093 0.061 0.05 0.081 0.039 0.052 0.092 0.084 0.092 0.105 0.071;0.018 0.059 0.061 0.05 0.081 0.043 0.06 0.093 0.039 0.052 0.092 0.084 0.105 0.092 0.071;0.018 0.061 0.043 0.039 0.084 0.059 0.05 0.081 0.06 0.052 0.105 0.093 0.092 0.092 0.071;
0.023 0.037 0.044 0.046 0.099 0.05 0.04 0.088 0.046 0.046 0.095 0.082 0.113 0.099 0.092;0.023 0.037 0.05 0.04 0.088 0.044 0.046 0.099 0.046 0.046 0.095 0.082 0.099 0.113 0.092;0.023 0.05 0.044 0.046 0.082 0.037 0.04 0.088 0.046 0.046 0.099 0.099 0.113 0.095 0.092;
0.025 0.036 0.038 0.06 0.099 0.043 0.053 0.078 0.047 0.049 0.097 0.108 0.085 0.097 0.085;0.025 0.036 0.043 0.053 0.078 0.038 0.06 0.099 0.047 0.049 0.097 0.108 0.097 0.085 0.085;0.025 0.043 0.038 0.047 0.108 0.036 0.053 0.078 0.06 0.049 0.097 0.099 0.085 0.097 0.085;
0.018 0.05 0.05 0.058 0.088 0.055 0.047 0.104 0.044 0.054 0.073 0.088 0.085 0.107 0.079;0.018 0.05 0.055 0.047 0.104 0.05 0.058 0.088 0.044 0.054 0.073 0.088 0.107 0.085 0.079;0.018 0.055 0.05 0.044 0.088 0.05 0.047 0.104 0.058 0.054 0.107 0.088 0.085 0.073 0.079;
0.027 0.052 0.056 0.051 0.115 0.057 0.05 0.085 0.043 0.049 0.065 0.094 0.095 0.093 0.068;0.027 0.052 0.057 0.05 0.085 0.056 0.051 0.115 0.043 0.049 0.065 0.094 0.093 0.095 0.068;0.027 0.057 0.056 0.043 0.094 0.052 0.05 0.085 0.051 0.049 0.093 0.115 0.095 0.065 0.068;
0.032 0.065 0.056 0.042 0.094 0.05 0.047 0.102 0.052 0.059 0.07 0.075 0.088 0.095 0.073;0.032 0.065 0.05 0.047 0.102 0.056 0.042 0.094 0.052 0.059 0.07 0.075 0.095 0.088 0.073;0.032 0.05 0.056 0.052 0.075 0.065 0.047 0.102 0.042 0.059 0.095 0.094 0.088 0.07 0.073;
0.021 0.049 0.053 0.052 0.087 0.051 0.041 0.098 0.064 0.047 0.092 0.089 0.085 0.083 0.088;0.021 0.049 0.051 0.041 0.098 0.053 0.052 0.087 0.064 0.047 0.092 0.089 0.083 0.085 0.088;0.021 0.051 0.053 0.064 0.089 0.049 0.041 0.098 0.052 0.047 0.083 0.087 0.085 0.092 0.088;
0.017 0.058 0.044 0.072 0.106 0.053 0.039 0.089 0.037 0.06 0.1 0.087 0.08 0.093 0.065;0.017 0.058 0.053 0.039 0.089 0.044 0.072 0.106 0.037 0.06 0.1 0.087 0.093 0.08 0.065;0.017 0.053 0.044 0.037 0.087 0.058 0.039 0.089 0.072 0.06 0.093 0.106 0.08 0.1 0.065;
0.025 0.052 0.036 0.058 0.108 0.043 0.035 0.099 0.046 0.064 0.073 0.079 0.071 0.109 0.102;0.025 0.052 0.043 0.035 0.099 0.036 0.058 0.108 0.046 0.064 0.073 0.079 0.109 0.071 0.102;0.025 0.043 0.036 0.046 0.079 0.052 0.035 0.099 0.058 0.064 0.109 0.108 0.071 0.073 0.102;
0.025 0.061 0.046 0.045 0.091 0.059 0.047 0.08 0.055 0.054 0.064 0.094 0.094 0.1 0.085;0.025 0.061 0.059 0.047 0.08 0.046 0.045 0.091 0.055 0.054 0.064 0.094 0.1 0.094 0.085;0.025 0.059 0.046 0.055 0.094 0.061 0.047 0.08 0.045 0.054 0.1 0.091 0.094 0.064 0.085;
0.02 0.041 0.043 0.061 0.096 0.055 0.028 0.085 0.046 0.054 0.08 0.105 0.085 0.112 0.089;0.02 0.041 0.055 0.028 0.085 0.043 0.061 0.096 0.046 0.054 0.08 0.105 0.112 0.085 0.089;0.02 0.055 0.043 0.046 0.105 0.041 0.028 0.085 0.061 0.054 0.112 0.096 0.085 0.08 0.089;
0.024 0.061 0.043 0.05 0.086 0.054 0.045 0.089 0.047 0.055 0.085 0.09 0.078 0.102 0.091;0.024 0.061 0.054 0.045 0.089 0.043 0.05 0.086 0.047 0.055 0.085 0.09 0.102 0.078 0.091;0.024 0.054 0.043 0.047 0.09 0.061 0.045 0.089 0.05 0.055 0.102 0.086 0.078 0.085 0.091;
0.021 0.052 0.056 0.062 0.112 0.056 0.047 0.081 0.033 0.051 0.074 0.083 0.082 0.102 0.088;0.021 0.052 0.056 0.047 0.081 0.056 0.062 0.112 0.033 0.051 0.074 0.083 0.102 0.082 0.088;0.021 0.056 0.056 0.033 0.083 0.052 0.047 0.081 0.062 0.051 0.102 0.112 0.082 0.074 0.088;
0.026 0.049 0.039 0.061 0.1 0.057 0.036 0.086 0.052 0.056 0.083 0.095 0.073 0.087 0.1;0.026 0.049 0.057 0.036 0.086 0.039 0.061 0.1 0.052 0.056 0.083 0.095 0.087 0.073 0.1;0.026 0.057 0.039 0.052 0.095 0.049 0.036 0.086 0.061 0.056 0.087 0.1 0.073 0.083 0.1;
0.017 0.062 0.044 0.053 0.114 0.046 0.049 0.082 0.047 0.041 0.086 0.098 0.072 0.096 0.093;0.017 0.062 0.046 0.049 0.082 0.044 0.053 0.114 0.047 0.041 0.086 0.098 0.096 0.072 0.093;0.017 0.046 0.044 0.047 0.098 0.062 0.049 0.082 0.053 0.041 0.096 0.114 0.072 0.086 0.093;
0.022 0.057 0.059 0.06 0.093 0.067 0.033 0.093 0.04 0.06 0.066 0.098 0.078 0.092 0.082;0.022 0.057 0.067 0.033 0.093 0.059 0.06 0.093 0.04 0.06 0.066 0.098 0.092 0.078 0.082;0.022 0.067 0.059 0.04 0.098 0.057 0.033 0.093 0.06 0.06 0.092 0.093 0.078 0.066 0.082;
0.018 0.056 0.049 0.059 0.109 0.05 0.041 0.088 0.053 0.053 0.079 0.065 0.083 0.103 0.094;0.018 0.056 0.05 0.041 0.088 0.049 0.059 0.109 0.053 0.053 0.079 0.065 0.103 0.083 0.094;0.018 0.05 0.049 0.053 0.065 0.056 0.041 0.088 0.059 0.053 0.103 0.109 0.083 0.079 0.094;
0.02 0.058 0.065 0.057 0.099 0.052 0.053 0.089 0.048 0.043 0.077 0.08 0.076 0.094 0.089;0.02 0.058 0.052 0.053 0.089 0.065 0.057 0.099 0.048 0.043 0.077 0.08 0.094 0.076 0.089;0.02 0.052 0.065 0.048 0.08 0.058 0.053 0.089 0.057 0.043 0.094 0.099 0.076 0.077 0.089;
0.023 0.06 0.053 0.064 0.088 0.067 0.052 0.087 0.045 0.047 0.068 0.066 0.093 0.102 0.085;0.023 0.06 0.067 0.052 0.087 0.053 0.064 0.088 0.045 0.047 0.068 0.066 0.102 0.093 0.085;0.023 0.067 0.053 0.045 0.066 0.06 0.052 0.087 0.064 0.047 0.102 0.088 0.093 0.068 0.085;
0.018 0.045 0.042 0.05 0.103 0.052 0.039 0.085 0.044 0.052 0.087 0.109 0.09 0.099 0.085;0.018 0.045 0.052 0.039 0.085 0.042 0.05 0.103 0.044 0.052 0.087 0.109 0.099 0.09 0.085;0.018 0.052 0.042 0.044 0.109 0.045 0.039 0.085 0.05 0.052 0.099 0.103 0.09 0.087 0.085;
0.021 0.058 0.044 0.05 0.101 0.062 0.032 0.09 0.049 0.051 0.089 0.082 0.08 0.11 0.081;0.021 0.058 0.062 0.032 0.09 0.044 0.05 0.101 0.049 0.051 0.089 0.082 0.11 0.08 0.081;0.021 0.062 0.044 0.049 0.082 0.058 0.032 0.09 0.05 0.051 0.11 0.101 0.08 0.089 0.081;
0.023 0.049 0.049 0.059 0.108 0.054 0.035 0.089 0.041 0.055 0.097 0.073 0.082 0.103 0.083;0.023 0.049 0.054 0.035 0.089 0.049 0.059 0.108 0.041 0.055 0.097 0.073 0.103 0.082 0.083;0.023 0.054 0.049 0.041 0.073 0.049 0.035 0.089 0.059 0.055 0.103 0.108 0.082 0.097 0.083;
0.023 0.049 0.057 0.053 0.103 0.057 0.047 0.084 0.038 0.043 0.083 0.097 0.092 0.097 0.077;0.023 0.049 0.057 0.047 0.084 0.057 0.053 0.103 0.038 0.043 0.083 0.097 0.097 0.092 0.077;0.023 0.057 0.057 0.038 0.097 0.049 0.047 0.084 0.053 0.043 0.097 0.103 0.092 0.083 0.077;
0.02 0.044 0.056 0.05 0.108 0.057 0.04 0.084 0.044 0.038 0.084 0.076 0.114 0.102 0.083;0.02 0.044 0.057 0.04 0.084 0.056 0.05 0.108 0.044 0.038 0.084 0.076 0.102 0.114 0.083;0.02 0.057 0.056 0.044 0.076 0.044 0.04 0.084 0.05 0.038 0.102 0.108 0.114 0.084 0.083;
0.029 0.056 0.045 0.048 0.095 0.045 0.049 0.085 0.046 0.054 0.065 0.094 0.103 0.099 0.087;0.029 0.056 0.045 0.049 0.085 0.045 0.048 0.095 0.046 0.054 0.065 0.094 0.099 0.103 0.087;0.029 0.045 0.045 0.046 0.094 0.056 0.049 0.085 0.048 0.054 0.099 0.095 0.103 0.065 0.087;
0.012 0.066 0.045 0.061 0.098 0.052 0.044 0.096 0.044 0.062 0.074 0.078 0.091 0.091 0.086;0.012 0.066 0.052 0.044 0.096 0.045 0.061 0.098 0.044 0.062 0.074 0.078 0.091 0.091 0.086;0.012 0.052 0.045 0.044 0.078 0.066 0.044 0.096 0.061 0.062 0.091 0.098 0.091 0.074 0.086;
0.019 0.039 0.067 0.041 0.097 0.059 0.049 0.076 0.045 0.068 0.094 0.08 0.077 0.1 0.089;0.019 0.039 0.059 0.049 0.076 0.067 0.041 0.097 0.045 0.068 0.094 0.08 0.1 0.077 0.089;0.019 0.059 0.067 0.045 0.08 0.039 0.049 0.076 0.041 0.068 0.1 0.097 0.077 0.094 0.089;
0.018 0.039 0.054 0.057 0.09 0.071 0.043 0.092 0.053 0.043 0.081 0.087 0.089 0.106 0.077;0.018 0.039 0.071 0.043 0.092 0.054 0.057 0.09 0.053 0.043 0.081 0.087 0.106 0.089 0.077;0.018 0.071 0.054 0.053 0.087 0.039 0.043 0.092 0.057 0.043 0.106 0.09 0.089 0.081 0.077;
0.024 0.038 0.045 0.055 0.109 0.062 0.034 0.083 0.049 0.059 0.105 0.078 0.092 0.097 0.07;0.024 0.038 0.062 0.034 0.083 0.045 0.055 0.109 0.049 0.059 0.105 0.078 0.097 0.092 0.07;0.024 0.062 0.045 0.049 0.078 0.038 0.034 0.083 0.055 0.059 0.097 0.109 0.092 0.105 0.07;
0.027 0.051 0.057 0.061 0.08 0.065 0.042 0.096 0.047 0.043 0.083 0.076 0.085 0.111 0.076;0.027 0.051 0.065 0.042 0.096 0.057 0.061 0.08 0.047 0.043 0.083 0.076 0.111 0.085 0.076;0.027 0.065 0.057 0.047 0.076 0.051 0.042 0.096 0.061 0.043 0.111 0.08 0.085 0.083 0.076;
0.033 0.057 0.045 0.05 0.089 0.06 0.047 0.086 0.049 0.059 0.065 0.084 0.081 0.105 0.09;0.033 0.057 0.06 0.047 0.086 0.045 0.05 0.089 0.049 0.059 0.065 0.084 0.105 0.081 0.09;0.033 0.06 0.045 0.049 0.084 0.057 0.047 0.086 0.05 0.059 0.105 0.089 0.081 0.065 0.09;
0.029 0.038 0.052 0.05 0.106 0.053 0.031 0.093 0.044 0.066 0.08 0.09 0.085 0.1 0.083;0.029 0.038 0.053 0.031 0.093 0.052 0.05 0.106 0.044 0.066 0.08 0.09 0.1 0.085 0.083;0.029 0.053 0.052 0.044 0.09 0.038 0.031 0.093 0.05 0.066 0.1 0.106 0.085 0.08 0.083;
0.02 0.043 0.063 0.067 0.101 0.052 0.043 0.083 0.038 0.046 0.082 0.071 0.1 0.097 0.094;0.02 0.043 0.052 0.043 0.083 0.063 0.067 0.101 0.038 0.046 0.082 0.071 0.097 0.1 0.094;0.02 0.052 0.063 0.038 0.071 0.043 0.043 0.083 0.067 0.046 0.097 0.101 0.1 0.082 0.094;
0.021 0.05 0.049 0.065 0.101 0.054 0.049 0.079 0.041 0.049 0.076 0.079 0.085 0.112 0.09;0.021 0.05 0.054 0.049 0.079 0.049 0.065 0.101 0.041 0.049 0.076 0.079 0.112 0.085 0.09;0.021 0.054 0.049 0.041 0.079 0.05 0.049 0.079 0.065 0.049 0.112 0.101 0.085 0.076 0.09;
0.027 0.051 0.055 0.068 0.106 0.057 0.036 0.076 0.053 0.046 0.077 0.099 0.093 0.093 0.063;0.027 0.051 0.057 0.036 0.076 0.055 0.068 0.106 0.053 0.046 0.077 0.099 0.093 0.093 0.063;0.027 0.057 0.055 0.053 0.099 0.051 0.036 0.076 0.068 0.046 0.093 0.106 0.093 0.077 0.063;
0.013 0.064 0.048 0.053 0.095 0.046 0.044 0.087 0.053 0.044 0.075 0.091 0.094 0.105 0.088;0.013 0.064 0.046 0.044 0.087 0.048 0.053 0.095 0.053 0.044 0.075 0.091 0.105 0.094 0.088;0.013 0.046 0.048 0.053 0.091 0.064 0.044 0.087 0.053 0.044 0.105 0.095 0.094 0.075 0.088;
0.029 0.046 0.038 0.065 0.09 0.056 0.051 0.084 0.044 0.052 0.09 0.076 0.08 0.108 0.091;0.029 0.046 0.056 0.051 0.084 0.038 0.065 0.09 0.044 0.052 0.09 0.076 0.108 0.08 0.091;0.029 0.056 0.038 0.044 0.076 0.046 0.051 0.084 0.065 0.052 0.108 0.09 0.08 0.09 0.091;
0.02 0.042 0.059 0.055 0.108 0.063 0.042 0.083 0.04 0.047 0.084 0.07 0.112 0.088 0.087;0.02 0.042 0.063 0.042 0.083 0.059 0.055 0.108 0.04 0.047 0.084 0.07 0.088 0.112 0.087;0.02 0.063 0.059 0.04 0.07 0.042 0.042 0.083 0.055 0.047 0.088 0.108 0.112 0.084 0.087;
0.025 0.062 0.047 0.069 0.105 0.039 0.052 0.09 0.035 0.047 0.066 0.087 0.088 0.093 0.095;0.025 0.062 0.039 0.052 0.09 0.047 0.069 0.105 0.035 0.047 0.066 0.087 0.093 0.088 0.095;0.025 0.039 0.047 0.035 0.087 0.062 0.052 0.09 0.069 0.047 0.093 0.105 0.088 0.066 0.095;
0.026 0.056 0.048 0.057 0.094 0.048 0.044 0.078 0.05 0.048 0.073 0.093 0.092 0.102 0.091;0.026 0.056 0.048 0.044 0.078 0.048 0.057 0.094 0.05 0.048 0.073 0.093 0.102 0.092 0.091;0.026 0.048 0.048 0.05 0.093 0.056 0.044 0.078 0.057 0.048 0.102 0.094 0.092 0.073 0.091;
0.016 0.053 0.043 0.056 0.112 0.062 0.041 0.077 0.042 0.041 0.089 0.093 0.076 0.105 0.094;0.016 0.053 0.062 0.041 0.077 0.043 0.056 0.112 0.042 0.041 0.089 0.093 0.105 0.076 0.094;0.016 0.062 0.043 0.042 0.093 0.053 0.041 0.077 0.056 0.041 0.105 0.112 0.076 0.089 0.094;
0.028 0.056 0.066 0.049 0.107 0.055 0.038 0.086 0.042 0.048 0.071 0.085 0.086 0.097 0.086;0.028 0.056 0.055 0.038 0.086 0.066 0.049 0.107 0.042 0.048 0.071 0.085 0.097 0.086 0.086;0.028 0.055 0.066 0.042 0.085 0.056 0.038 0.086 0.049 0.048 0.097 0.107 0.086 0.071 0.086;
0.026 0.053 0.053 0.064 0.086 0.055 0.051 0.09 0.046 0.048 0.076 0.091 0.093 0.087 0.081;0.026 0.053 0.055 0.051 0.09 0.053 0.064 0.086 0.046 0.048 0.076 0.091 0.087 0.093 0.081;0.026 0.055 0.053 0.046 0.091 0.053 0.051 0.09 0.064 0.048 0.087 0.086 0.093 0.076 0.081;
0.023 0.051 0.05 0.059 0.096 0.064 0.04 0.082 0.031 0.063 0.081 0.086 0.09 0.098 0.086;0.023 0.051 0.064 0.04 0.082 0.05 0.059 0.096 0.031 0.063 0.081 0.086 0.098 0.09 0.086;0.023 0.064 0.05 0.031 0.086 0.051 0.04 0.082 0.059 0.063 0.098 0.096 0.09 0.081 0.086;
0.017 0.059 0.065 0.057 0.105 0.061 0.041 0.1 0.039 0.046 0.076 0.088 0.076 0.099 0.071;0.017 0.059 0.061 0.041 0.1 0.065 0.057 0.105 0.039 0.046 0.076 0.088 0.099 0.076 0.071;0.017 0.061 0.065 0.039 0.088 0.059 0.041 0.1 0.057 0.046 0.099 0.105 0.076 0.076 0.071;
0.016 0.053 0.058 0.058 0.109 0.06 0.045 0.088 0.042 0.044 0.088 0.091 0.073 0.099 0.076;0.016 0.053 0.06 0.045 0.088 0.058 0.058 0.109 0.042 0.044 0.088 0.091 0.099 0.073 0.076;0.016 0.06 0.058 0.042 0.091 0.053 0.045 0.088 0.058 0.044 0.099 0.109 0.073 0.088 0.076;
0.027 0.054 0.05 0.058 0.108 0.044 0.052 0.087 0.043 0.049 0.079 0.076 0.085 0.114 0.074;0.027 0.054 0.044 0.052 0.087 0.05 0.058 0.108 0.043 0.049 0.079 0.076 0.114 0.085 0.074;0.027 0.044 0.05 0.043 0.076 0.054 0.052 0.087 0.058 0.049 0.114 0.108 0.085 0.079 0.074;
0.016 0.063 0.056 0.052 0.095 0.053 0.045 0.075 0.048 0.054 0.084 0.09 0.078 0.107 0.084;0.016 0.063 0.053 0.045 0.075 0.056 0.052 0.095 0.048 0.054 0.084 0.09 0.107 0.078 0.084;0.016 0.053 0.056 0.048 0.09 0.063 0.045 0.075 0.052 0.054 0.107 0.095 0.078 0.084 0.084;
0.023 0.057 0.049 0.065 0.089 0.045 0.045 0.082 0.052 0.053 0.082 0.085 0.082 0.108 0.083;0.023 0.057 0.045 0.045 0.082 0.049 0.065 0.089 0.052 0.053 0.082 0.085 0.108 0.082 0.083;0.023 0.045 0.049 0.052 0.085 0.057 0.045 0.082 0.065 0.053 0.108 0.089 0.082 0.082 0.083;
0.03 0.049 0.048 0.07 0.107 0.051 0.047 0.079 0.045 0.055 0.096 0.083 0.085 0.084 0.071;0.03 0.049 0.051 0.047 0.079 0.048 0.07 0.107 0.045 0.055 0.096 0.083 0.084 0.085 0.071;0.03 0.051 0.048 0.045 0.083 0.049 0.047 0.079 0.07 0.055 0.084 0.107 0.085 0.096 0.071;
0.024 0.058 0.05 0.062 0.084 0.046 0.046 0.078 0.049 0.05 0.087 0.098 0.099 0.104 0.065;0.024 0.058 0.046 0.046 0.078 0.05 0.062 0.084 0.049 0.05 0.087 0.098 0.104 0.099 0.065;0.024 0.046 0.05 0.049 0.098 0.058 0.046 0.078 0.062 0.05 0.104 0.084 0.099 0.087 0.065;
0.025 0.059 0.044 0.066 0.097 0.044 0.037 0.093 0.041 0.059 0.087 0.104 0.079 0.081 0.084;0.025 0.059 0.044 0.037 0.093 0.044 0.066 0.097 0.041 0.059 0.087 0.104 0.081 0.079 0.084;0.025 0.044 0.044 0.041 0.104 0.059 0.037 0.093 0.066 0.059 0.081 0.097 0.079 0.087 0.084;
0.026 0.064 0.06 0.055 0.092 0.071 0.041 0.064 0.043 0.055 0.088 0.084 0.079 0.099 0.079;0.026 0.064 0.071 0.041 0.064 0.06 0.055 0.092 0.043 0.055 0.088 0.084 0.099 0.079 0.079;0.026 0.071 0.06 0.043 0.084 0.064 0.041 0.064 0.055 0.055 0.099 0.092 0.079 0.088 0.079;
0.028 0.053 0.052 0.071 0.096 0.049 0.04 0.103 0.033 0.045 0.088 0.087 0.083 0.1 0.072;0.028 0.053 0.049 0.04 0.103 0.052 0.071 0.096 0.033 0.045 0.088 0.087 0.1 0.083 0.072;0.028 0.049 0.052 0.033 0.087 0.053 0.04 0.103 0.071 0.045 0.1 0.096 0.083 0.088 0.072;
0.023 0.053 0.044 0.041 0.101 0.049 0.037 0.102 0.055 0.043 0.09 0.092 0.091 0.095 0.084;0.023 0.053 0.049 0.037 0.102 0.044 0.041 0.101 0.055 0.043 0.09 0.092 0.095 0.091 0.084;0.023 0.049 0.044 0.055 0.092 0.053 0.037 0.102 0.041 0.043 0.095 0.101 0.091 0.09 0.084;
0.029 0.051 0.036 0.061 0.092 0.064 0.05 0.084 0.038 0.058 0.082 0.087 0.082 0.093 0.093;0.029 0.051 0.064 0.05 0.084 0.036 0.061 0.092 0.038 0.058 0.082 0.087 0.093 0.082 0.093;0.029 0.064 0.036 0.038 0.087 0.051 0.05 0.084 0.061 0.058 0.093 0.092 0.082 0.082 0.093;
0.024 0.06 0.056 0.062 0.1 0.055 0.047 0.088 0.029 0.046 0.08 0.067 0.089 0.108 0.089;0.024 0.06 0.055 0.047 0.088 0.056 0.062 0.1 0.029 0.046 0.08 0.067 0.108 0.089 0.089;0.024 0.055 0.056 0.029 0.067 0.06 0.047 0.088 0.062 0.046 0.108 0.1 0.089 0.08 0.089;
0.022 0.047 0.048 0.056 0.116 0.051 0.037 0.093 0.049 0.045 0.089 0.088 0.074 0.096 0.089;0.022 0.047 0.051 0.037 0.093 0.048 0.056 0.116 0.049 0.045 0.089 0.088 0.096 0.074 0.089;0.022 0.051 0.048 0.049 0.088 0.047 0.037 0.093 0.056 0.045 0.096 0.116 0.074 0.089 0.089;
0.019 0.057 0.054 0.055 0.109 0.048 0.04 0.103 0.035 0.046 0.092 0.087 0.086 0.091 0.078;0.019 0.057 0.048 0.04 0.103 0.054 0.055 0.109 0.035 0.046 0.092 0.087 0.091 0.086 0.078;0.019 0.048 0.054 0.035 0.087 0.057 0.04 0.103 0.055 0.046 0.091 0.109 0.086 0.092 0.078;
0.031 0.047 0.056 0.06 0.091 0.049 0.042 0.076 0.056 0.044 0.081 0.076 0.09 0.108 0.093;0.031 0.047 0.049 0.042 0.076 0.056 0.06 0.091 0.056 0.044 0.081 0.076 0.108 0.09 0.093;0.031 0.049 0.056 0.056 0.076 0.047 0.042 0.076 0.06 0.044 0.108 0.091 0.09 0.081 0.093;
0.022 0.047 0.058 0.053 0.105 0.051 0.04 0.081 0.053 0.054 0.102 0.081 0.082 0.102 0.069;0.022 0.047 0.051 0.04 0.081 0.058 0.053 0.105 0.053 0.054 0.102 0.081 0.102 0.082 0.069;0.022 0.051 0.058 0.053 0.081 0.047 0.04 0.081 0.053 0.054 0.102 0.105 0.082 0.102 0.069;
0.022 0.048 0.034 0.056 0.103 0.049 0.049 0.091 0.044 0.05 0.102 0.088 0.071 0.112 0.081;0.022 0.048 0.049 0.049 0.091 0.034 0.056 0.103 0.044 0.05 0.102 0.088 0.112 0.071 0.081;0.022 0.049 0.034 0.044 0.088 0.048 0.049 0.091 0.056 0.05 0.112 0.103 0.071 0.102 0.081;
0.026 0.047 0.05 0.062 0.101 0.05 0.052 0.076 0.042 0.054 0.07 0.085 0.095 0.088 0.102;0.026 0.047 0.05 0.052 0.076 0.05 0.062 0.101 0.042 0.054 0.07 0.085 0.088 0.095 0.102;0.026 0.05 0.05 0.042 0.085 0.047 0.052 0.076 0.062 0.054 0.088 0.101 0.095 0.07 0.102;
0.023 0.061 0.037 0.047 0.08 0.047 0.049 0.082 0.038 0.059 0.078 0.103 0.12 0.1 0.076;0.023 0.061 0.047 0.049 0.082 0.037 0.047 0.08 0.038 0.059 0.078 0.103 0.1 0.12 0.076;0.023 0.047 0.037 0.038 0.103 0.061 0.049 0.082 0.047 0.059 0.1 0.08 0.12 0.078 0.076;
0.021 0.04 0.048 0.059 0.1 0.048 0.045 0.114 0.047 0.04 0.09 0.082 0.089 0.098 0.079;0.021 0.04 0.048 0.045 0.114 0.048 0.059 0.1 0.047 0.04 0.09 0.082 0.098 0.089 0.079;0.021 0.048 0.048 0.047 0.082 0.04 0.045 0.114 0.059 0.04 0.098 0.1 0.089 0.09 0.079;
0.017 0.053 0.047 0.052 0.085 0.044 0.037 0.088 0.052 0.059 0.097 0.102 0.079 0.116 0.072;0.017 0.053 0.044 0.037 0.088 0.047 0.052 0.085 0.052 0.059 0.097 0.102 0.116 0.079 0.072;0.017 0.044 0.047 0.052 0.102 0.053 0.037 0.088 0.052 0.059 0.116 0.085 0.079 0.097 0.072;
0.017 0.046 0.052 0.05 0.106 0.059 0.043 0.08 0.04 0.059 0.086 0.081 0.093 0.096 0.092;0.017 0.046 0.059 0.043 0.08 0.052 0.05 0.106 0.04 0.059 0.086 0.081 0.096 0.093 0.092;0.017 0.059 0.052 0.04 0.081 0.046 0.043 0.08 0.05 0.059 0.096 0.106 0.093 0.086 0.092;
0.024 0.054 0.065 0.054 0.098 0.066 0.042 0.069 0.042 0.05 0.094 0.08 0.076 0.102 0.084;0.024 0.054 0.066 0.042 0.069 0.065 0.054 0.098 0.042 0.05 0.094 0.08 0.102 0.076 0.084;0.024 0.066 0.065 0.042 0.08 0.054 0.042 0.069 0.054 0.05 0.102 0.098 0.076 0.094 0.084;
0.018 0.064 0.061 0.049 0.099 0.059 0.053 0.088 0.033 0.039 0.093 0.083 0.077 0.092 0.092;0.018 0.064 0.059 0.053 0.088 0.061 0.049 0.099 0.033 0.039 0.093 0.083 0.092 0.077 0.092;0.018 0.059 0.061 0.033 0.083 0.064 0.053 0.088 0.049 0.039 0.092 0.099 0.077 0.093 0.092;
0.022 0.047 0.051 0.056 0.124 0.049 0.05 0.096 0.035 0.044 0.083 0.083 0.083 0.103 0.074;0.022 0.047 0.049 0.05 0.096 0.051 0.056 0.124 0.035 0.044 0.083 0.083 0.103 0.083 0.074;0.022 0.049 0.051 0.035 0.083 0.047 0.05 0.096 0.056 0.044 0.103 0.124 0.083 0.083 0.074;
0.02 0.051 0.052 0.057 0.101 0.049 0.042 0.099 0.037 0.057 0.073 0.084 0.084 0.107 0.087;0.02 0.051 0.049 0.042 0.099 0.052 0.057 0.101 0.037 0.057 0.073 0.084 0.107 0.084 0.087;0.02 0.049 0.052 0.037 0.084 0.051 0.042 0.099 0.057 0.057 0.107 0.101 0.084 0.073 0.087;
0.018 0.05 0.051 0.061 0.126 0.043 0.037 0.077 0.041 0.044 0.083 0.103 0.074 0.106 0.086;0.018 0.05 0.043 0.037 0.077 0.051 0.061 0.126 0.041 0.044 0.083 0.103 0.106 0.074 0.086;0.018 0.043 0.051 0.041 0.103 0.05 0.037 0.077 0.061 0.044 0.106 0.126 0.074 0.083 0.086;
0.018 0.058 0.046 0.06 0.1 0.044 0.044 0.09 0.041 0.061 0.095 0.079 0.073 0.107 0.084;0.018 0.058 0.044 0.044 0.09 0.046 0.06 0.1 0.041 0.061 0.095 0.079 0.107 0.073 0.084;0.018 0.044 0.046 0.041 0.079 0.058 0.044 0.09 0.06 0.061 0.107 0.1 0.073 0.095 0.084;
0.017 0.058 0.058 0.061 0.096 0.061 0.046 0.09 0.036 0.053 0.079 0.086 0.072 0.104 0.083;0.017 0.058 0.061 0.046 0.09 0.058 0.061 0.096 0.036 0.053 0.079 0.086 0.104 0.072 0.083;0.017 0.061 0.058 0.036 0.086 0.058 0.046 0.09 0.061 0.053 0.104 0.096 0.072 0.079 0.083;
0.017 0.061 0.05 0.056 0.097 0.044 0.052 0.088 0.049 0.052 0.085 0.087 0.089 0.102 0.071;0.017 0.061 0.044 0.052 0.088 0.05 0.056 0.097 0.049 0.052 0.085 0.087 0.102 0.089 0.071;0.017 0.044 0.05 0.049 0.087 0.061 0.052 0.088 0.056 0.052 0.102 0.097 0.089 0.085 0.071;
0.025 0.045 0.041 0.063 0.095 0.056 0.041 0.102 0.039 0.057 0.085 0.101 0.076 0.092 0.082;0.025 0.045 0.056 0.041 0.102 0.041 0.063 0.095 0.039 0.057 0.085 0.101 0.092 0.076 0.082;0.025 0.056 0.041 0.039 0.101 0.045 0.041 0.102 0.063 0.057 0.092 0.095 0.076 0.085 0.082;
0.025 0.045 0.053 0.056 0.101 0.045 0.049 0.084 0.053 0.059 0.085 0.103 0.084 0.1 0.058;0.025 0.045 0.045 0.049 0.084 0.053 0.056 0.101 0.053 0.059 0.085 0.103 0.1 0.084 0.058;0.025 0.045 0.053 0.053 0.103 0.045 0.049 0.084 0.056 0.059 0.1 0.101 0.084 0.085 0.058;
0.022 0.05 0.057 0.049 0.113 0.052 0.042 0.084 0.051 0.046 0.078 0.084 0.079 0.112 0.081;0.022 0.05 0.052 0.042 0.084 0.057 0.049 0.113 0.051 0.046 0.078 0.084 0.112 0.079 0.081;0.022 0.052 0.057 0.051 0.084 0.05 0.042 0.084 0.049 0.046 0.112 0.113 0.079 0.078 0.081;
0.028 0.055 0.052 0.044 0.096 0.055 0.053 0.084 0.04 0.065 0.072 0.084 0.088 0.101 0.083;0.028 0.055 0.055 0.053 0.084 0.052 0.044 0.096 0.04 0.065 0.072 0.084 0.101 0.088 0.083;0.028 0.055 0.052 0.04 0.084 0.055 0.053 0.084 0.044 0.065 0.101 0.096 0.088 0.072 0.083;
0.025 0.057 0.052 0.063 0.094 0.054 0.046 0.075 0.046 0.043 0.101 0.085 0.091 0.081 0.087;0.025 0.057 0.054 0.046 0.075 0.052 0.063 0.094 0.046 0.043 0.101 0.085 0.081 0.091 0.087;0.025 0.054 0.052 0.046 0.085 0.057 0.046 0.075 0.063 0.043 0.081 0.094 0.091 0.101 0.087;
0.023 0.046 0.039 0.074 0.118 0.049 0.038 0.078 0.04 0.054 0.077 0.09 0.089 0.103 0.082;0.023 0.046 0.049 0.038 0.078 0.039 0.074 0.118 0.04 0.054 0.077 0.09 0.103 0.089 0.082;0.023 0.049 0.039 0.04 0.09 0.046 0.038 0.078 0.074 0.054 0.103 0.118 0.089 0.077 0.082;
0.024 0.045 0.07 0.064 0.098 0.046 0.037 0.096 0.043 0.05 0.095 0.066 0.092 0.095 0.079;0.024 0.045 0.046 0.037 0.096 0.07 0.064 0.098 0.043 0.05 0.095 0.066 0.095 0.092 0.079;0.024 0.046 0.07 0.043 0.066 0.045 0.037 0.096 0.064 0.05 0.095 0.098 0.092 0.095 0.079;
0.022 0.049 0.05 0.05 0.095 0.056 0.034 0.096 0.037 0.044 0.093 0.105 0.087 0.087 0.095;0.022 0.049 0.056 0.034 0.096 0.05 0.05 0.095 0.037 0.044 0.093 0.105 0.087 0.087 0.095;0.022 0.056 0.05 0.037 0.105 0.049 0.034 0.096 0.05 0.044 0.087 0.095 0.087 0.093 0.095;
0.022 0.049 0.051 0.063 0.098 0.056 0.05 0.106 0.04 0.045 0.084 0.086 0.079 0.083 0.088;0.022 0.049 0.056 0.05 0.106 0.051 0.063 0.098 0.04 0.045 0.084 0.086 0.083 0.079 0.088;0.022 0.056 0.051 0.04 0.086 0.049 0.05 0.106 0.063 0.045 0.083 0.098 0.079 0.084 0.088;
0.026 0.04 0.065 0.056 0.098 0.053 0.042 0.087 0.044 0.064 0.088 0.073 0.088 0.095 0.081;0.026 0.04 0.053 0.042 0.087 0.065 0.056 0.098 0.044 0.064 0.088 0.073 0.095 0.088 0.081;0.026 0.053 0.065 0.044 0.073 0.04 0.042 0.087 0.056 0.064 0.095 0.098 0.088 0.088 0.081;
0.019 0.045 0.058 0.066 0.097 0.041 0.041 0.089 0.049 0.055 0.084 0.077 0.09 0.098 0.091;0.019 0.045 0.041 0.041 0.089 0.058 0.066 0.097 0.049 0.055 0.084 0.077 0.098 0.09 0.091;0.019 0.041 0.058 0.049 0.077 0.045 0.041 0.089 0.066 0.055 0.098 0.097 0.09 0.084 0.091;
0.026 0.054 0.047 0.052 0.095 0.059 0.038 0.092 0.037 0.048 0.091 0.091 0.076 0.106 0.088;0.026 0.054 0.059 0.038 0.092 0.047 0.052 0.095 0.037 0.048 0.091 0.091 0.106 0.076 0.088;0.026 0.059 0.047 0.037 0.091 0.054 0.038 0.092 0.052 0.048 0.106 0.095 0.076 0.091 0.088;
0.028 0.058 0.05 0.066 0.088 0.052 0.049 0.084 0.047 0.051 0.079 0.091 0.073 0.092 0.092;0.028 0.058 0.052 0.049 0.084 0.05 0.066 0.088 0.047 0.051 0.079 0.091 0.092 0.073 0.092;0.028 0.052 0.05 0.047 0.091 0.058 0.049 0.084 0.066 0.051 0.092 0.088 0.073 0.079 0.092];