pntP=[0.229 0.012 0.002 0.003 0.067 0.002 0.003 0.004 0.004 0.04 0.1 0.002 0 0.004 0.001 0.166 0.007 0.004 0.003 0.003 0.024 0 0.004 0.005 0.004 0.079 0.099 0.008 0.001 0.003 0.042 0.005 0.001 0.004 0.009 0.056;0.229 0.012 0.002 0.1 0.002 0 0.004 0.099 0.008 0.001 0.003 0.067 0.002 0.003 0.001 0.166 0.007 0.004 0.003 0.042 0.005 0.001 0.004 0.079 0.004 0.005 0.004 0.004 0.04 0.003 0.003 0.024 0 0.004 0.009 0.056;0.229 0.1 0.099 0.003 0.001 0.003 0.004 0.004 0.003 0.004 0.012 0.002 0.008 0.004 0.067 0.166 0.042 0.079 0.004 0.003 0.009 0 0.003 0.005 0.001 0.004 0.002 0 0.001 0.002 0.007 0.005 0.004 0.04 0.024 0.056;
0.266 0.01 0.011 0.004 0.029 0.003 0 0.013 0.009 0.094 0.033 0 0 0 0.002 0.024 0.002 0.001 0.002 0 0.026 0 0 0.002 0.001 0.033 0.186 0.006 0.009 0.003 0.018 0 0.003 0.013 0.005 0.192;0.266 0.01 0.011 0.033 0 0 0 0.186 0.006 0.009 0.004 0.029 0.003 0 0.002 0.024 0.002 0.001 0.003 0.018 0 0.003 0 0.033 0.001 0.002 0.013 0.009 0.094 0.002 0 0.026 0 0.013 0.005 0.192;0.266 0.033 0.186 0.004 0.002 0.003 0 0.013 0.002 0.013 0.01 0 0.006 0 0.029 0.024 0.018 0.033 0.009 0 0.005 0 0 0.002 0.003 0.001 0.011 0 0.009 0.003 0.002 0 0.001 0.094 0.026 0.192;
0.236 0.005 0.006 0.002 0.086 0 0.006 0.012 0.003 0.023 0.149 0.003 0.006 0.002 0.004 0.13 0.002 0.009 0.012 0.001 0.052 0 0.001 0.006 0.001 0.049 0.051 0 0.003 0.001 0.064 0 0.007 0.003 0 0.065;0.236 0.005 0.006 0.149 0.003 0.006 0.002 0.051 0 0.003 0.002 0.086 0 0.006 0.004 0.13 0.002 0.009 0.001 0.064 0 0.007 0.001 0.049 0.001 0.006 0.012 0.003 0.023 0.012 0.001 0.052 0 0.003 0 0.065;0.236 0.149 0.051 0.002 0.004 0.001 0.001 0.012 0.012 0.003 0.005 0.003 0 0.002 0.086 0.13 0.064 0.049 0.003 0.001 0 0 0.006 0.006 0.007 0.009 0.006 0.006 0.003 0 0.002 0 0.001 0.023 0.052 0.065;
0.229 0.006 0.005 0.007 0.072 0.001 0.002 0.007 0.003 0.033 0.152 0.006 0.007 0.002 0.004 0.188 0.001 0.002 0.006 0.002 0.033 0.001 0 0.007 0 0.061 0.059 0 0.004 0.002 0.067 0 0.004 0 0.002 0.025;0.229 0.006 0.005 0.152 0.006 0.007 0.002 0.059 0 0.004 0.007 0.072 0.001 0.002 0.004 0.188 0.001 0.002 0.002 0.067 0 0.004 0 0.061 0 0.007 0.007 0.003 0.033 0.006 0.002 0.033 0.001 0 0.002 0.025;0.229 0.152 0.059 0.007 0.004 0.002 0 0.007 0.006 0 0.006 0.006 0 0.002 0.072 0.188 0.067 0.061 0.003 0.002 0.002 0.001 0.002 0.007 0.004 0.002 0.005 0.007 0.004 0.001 0.001 0 0 0.033 0.033 0.025;
0.237 0.012 0.006 0.009 0.04 0.001 0.001 0.002 0.005 0.063 0.137 0.001 0.004 0.002 0.004 0.04 0.003 0 0.002 0.002 0.108 0.004 0.003 0.002 0.003 0.017 0.093 0 0.004 0.001 0.032 0.005 0.002 0.004 0.009 0.142;0.237 0.012 0.006 0.137 0.001 0.004 0.002 0.093 0 0.004 0.009 0.04 0.001 0.001 0.004 0.04 0.003 0 0.001 0.032 0.005 0.002 0.003 0.017 0.003 0.002 0.002 0.005 0.063 0.002 0.002 0.108 0.004 0.004 0.009 0.142;0.237 0.137 0.093 0.009 0.004 0.001 0.003 0.002 0.002 0.004 0.012 0.001 0 0.002 0.04 0.04 0.032 0.017 0.005 0.002 0.009 0.004 0.001 0.002 0.002 0 0.006 0.004 0.004 0.001 0.003 0.005 0.003 0.063 0.108 0.142;
0.241 0.016 0.002 0.009 0.114 0.002 0.002 0.006 0.002 0.025 0.188 0.014 0 0.006 0.003 0.175 0.001 0.002 0.002 0.006 0.023 0 0.004 0.002 0.004 0.032 0.017 0.004 0 0 0.078 0.002 0 0 0.004 0.014;0.241 0.016 0.002 0.188 0.014 0 0.006 0.017 0.004 0 0.009 0.114 0.002 0.002 0.003 0.175 0.001 0.002 0 0.078 0.002 0 0.004 0.032 0.004 0.002 0.006 0.002 0.025 0.002 0.006 0.023 0 0 0.004 0.014;0.241 0.188 0.017 0.009 0.003 0 0.004 0.006 0.002 0 0.016 0.014 0.004 0.006 0.114 0.175 0.078 0.032 0.002 0.006 0.004 0 0.002 0.002 0 0.002 0.002 0 0 0.002 0.001 0.002 0.004 0.025 0.023 0.014;
0.236 0.002 0.012 0.002 0.072 0 0.008 0.009 0.002 0.012 0.188 0.002 0.009 0 0.002 0.122 0.002 0.004 0.011 0.001 0.097 0 0 0.007 0 0.025 0.01 0 0.006 0.001 0.054 0.001 0.007 0.002 0 0.094;0.236 0.002 0.012 0.188 0.002 0.009 0 0.01 0 0.006 0.002 0.072 0 0.008 0.002 0.122 0.002 0.004 0.001 0.054 0.001 0.007 0 0.025 0 0.007 0.009 0.002 0.012 0.011 0.001 0.097 0 0.002 0 0.094;0.236 0.188 0.01 0.002 0.002 0.001 0 0.009 0.011 0.002 0.002 0.002 0 0 0.072 0.122 0.054 0.025 0.002 0.001 0 0 0.008 0.007 0.007 0.004 0.012 0.009 0.006 0 0.002 0.001 0 0.012 0.097 0.094;
0.244 0.012 0.003 0.016 0.048 0.003 0 0 0.003 0.048 0.034 0.001 0 0 0.005 0.155 0.002 0 0 0.005 0.027 0.005 0.002 0.001 0.004 0.096 0.169 0.003 0.001 0.006 0.026 0.005 0.001 0.004 0.003 0.068;0.244 0.012 0.003 0.034 0.001 0 0 0.169 0.003 0.001 0.016 0.048 0.003 0 0.005 0.155 0.002 0 0.006 0.026 0.005 0.001 0.002 0.096 0.004 0.001 0 0.003 0.048 0 0.005 0.027 0.005 0.004 0.003 0.068;0.244 0.034 0.169 0.016 0.005 0.006 0.002 0 0 0.004 0.012 0.001 0.003 0 0.048 0.155 0.026 0.096 0.003 0.005 0.003 0.005 0 0.001 0.001 0 0.003 0 0.001 0.003 0.002 0.005 0.004 0.048 0.027 0.068;
0.225 0.002 0.002 0.014 0.053 0.001 0.002 0.008 0.004 0.037 0.142 0.002 0.004 0.004 0.004 0.151 0.002 0.002 0.005 0.003 0.049 0.003 0.003 0.004 0.002 0.081 0.066 0.002 0.003 0.003 0.06 0.002 0.001 0.002 0.002 0.05;0.225 0.002 0.002 0.142 0.002 0.004 0.004 0.066 0.002 0.003 0.014 0.053 0.001 0.002 0.004 0.151 0.002 0.002 0.003 0.06 0.002 0.001 0.003 0.081 0.002 0.004 0.008 0.004 0.037 0.005 0.003 0.049 0.003 0.002 0.002 0.05;0.225 0.142 0.066 0.014 0.004 0.003 0.003 0.008 0.005 0.002 0.002 0.002 0.002 0.004 0.053 0.151 0.06 0.081 0.004 0.003 0.002 0.003 0.002 0.004 0.001 0.002 0.002 0.004 0.003 0.001 0.002 0.002 0.002 0.037 0.049 0.05;
0.211 0.006 0.004 0.01 0.088 0.002 0.003 0.005 0.003 0.027 0.189 0.002 0.004 0.003 0.006 0.178 0.003 0.003 0.003 0.001 0.046 0.002 0.001 0.003 0.001 0.035 0.022 0.003 0.002 0.002 0.081 0.001 0.007 0.004 0.001 0.038;0.211 0.006 0.004 0.189 0.002 0.004 0.003 0.022 0.003 0.002 0.01 0.088 0.002 0.003 0.006 0.178 0.003 0.003 0.002 0.081 0.001 0.007 0.001 0.035 0.001 0.003 0.005 0.003 0.027 0.003 0.001 0.046 0.002 0.004 0.001 0.038;0.211 0.189 0.022 0.01 0.006 0.002 0.001 0.005 0.003 0.004 0.006 0.002 0.003 0.003 0.088 0.178 0.081 0.035 0.003 0.001 0.001 0.002 0.003 0.003 0.007 0.003 0.004 0.004 0.002 0.002 0.003 0.001 0.001 0.027 0.046 0.038;
0.202 0.013 0.002 0.008 0.092 0.003 0 0.005 0.002 0.018 0.173 0.006 0.004 0.005 0.009 0.176 0.003 0.002 0.001 0 0.058 0.002 0.004 0.002 0.004 0.041 0.036 0.004 0.003 0.005 0.056 0.003 0.002 0.001 0.006 0.049;0.202 0.013 0.002 0.173 0.006 0.004 0.005 0.036 0.004 0.003 0.008 0.092 0.003 0 0.009 0.176 0.003 0.002 0.005 0.056 0.003 0.002 0.004 0.041 0.004 0.002 0.005 0.002 0.018 0.001 0 0.058 0.002 0.001 0.006 0.049;0.202 0.173 0.036 0.008 0.009 0.005 0.004 0.005 0.001 0.001 0.013 0.006 0.004 0.005 0.092 0.176 0.056 0.041 0.002 0 0.006 0.002 0 0.002 0.002 0.002 0.002 0.004 0.003 0.003 0.003 0.003 0.004 0.018 0.058 0.049;
0.242 0.001 0.01 0.004 0.05 0.001 0.008 0.003 0 0.023 0.169 0.002 0.013 0.002 0.002 0.111 0.002 0.005 0.008 0.002 0.083 0 0 0.006 0.001 0.037 0.031 0 0.008 0 0.054 0.003 0.006 0.011 0.001 0.101;0.242 0.001 0.01 0.169 0.002 0.013 0.002 0.031 0 0.008 0.004 0.05 0.001 0.008 0.002 0.111 0.002 0.005 0 0.054 0.003 0.006 0 0.037 0.001 0.006 0.003 0 0.023 0.008 0.002 0.083 0 0.011 0.001 0.101;0.242 0.169 0.031 0.004 0.002 0 0 0.003 0.008 0.011 0.001 0.002 0 0.002 0.05 0.111 0.054 0.037 0 0.002 0.001 0 0.008 0.006 0.006 0.005 0.01 0.013 0.008 0.001 0.002 0.003 0.001 0.023 0.083 0.101;
0.237 0.001 0.02 0.004 0.049 0 0.003 0.012 0 0.065 0.135 0.002 0.008 0 0 0.082 0 0.002 0.009 0.002 0.079 0 0 0.006 0 0.035 0.076 0.001 0.006 0.001 0.033 0.002 0.005 0.007 0.001 0.117;0.237 0.001 0.02 0.135 0.002 0.008 0 0.076 0.001 0.006 0.004 0.049 0 0.003 0 0.082 0 0.002 0.001 0.033 0.002 0.005 0 0.035 0 0.006 0.012 0 0.065 0.009 0.002 0.079 0 0.007 0.001 0.117;0.237 0.135 0.076 0.004 0 0.001 0 0.012 0.009 0.007 0.001 0.002 0.001 0 0.049 0.082 0.033 0.035 0 0.002 0.001 0 0.003 0.006 0.005 0.002 0.02 0.008 0.006 0 0 0.002 0 0.065 0.079 0.117;
0.206 0.01 0 0.012 0.073 0.004 0.001 0.002 0.003 0.026 0.151 0.003 0.002 0.002 0.008 0.145 0.003 0.001 0.004 0.004 0.062 0.001 0.006 0 0.002 0.051 0.055 0.003 0 0.005 0.059 0.007 0.001 0.003 0.007 0.078;0.206 0.01 0 0.151 0.003 0.002 0.002 0.055 0.003 0 0.012 0.073 0.004 0.001 0.008 0.145 0.003 0.001 0.005 0.059 0.007 0.001 0.006 0.051 0.002 0 0.002 0.003 0.026 0.004 0.004 0.062 0.001 0.003 0.007 0.078;0.206 0.151 0.055 0.012 0.008 0.005 0.006 0.002 0.004 0.003 0.01 0.003 0.003 0.002 0.073 0.145 0.059 0.051 0.003 0.004 0.007 0.001 0.001 0 0.001 0.001 0 0.002 0 0.004 0.003 0.007 0.002 0.026 0.062 0.078;
0.226 0.009 0.005 0.002 0.052 0 0.003 0.017 0.002 0.07 0.142 0.004 0.008 0.005 0.003 0.051 0.001 0.004 0.007 0.003 0.085 0 0.001 0.001 0.001 0.03 0.085 0.003 0.011 0.001 0.035 0 0.002 0.006 0.005 0.12;0.226 0.009 0.005 0.142 0.004 0.008 0.005 0.085 0.003 0.011 0.002 0.052 0 0.003 0.003 0.051 0.001 0.004 0.001 0.035 0 0.002 0.001 0.03 0.001 0.001 0.017 0.002 0.07 0.007 0.003 0.085 0 0.006 0.005 0.12;0.226 0.142 0.085 0.002 0.003 0.001 0.001 0.017 0.007 0.006 0.009 0.004 0.003 0.005 0.052 0.051 0.035 0.03 0.002 0.003 0.005 0 0.003 0.001 0.002 0.004 0.005 0.008 0.011 0 0.001 0 0.001 0.07 0.085 0.12;
0.213 0.002 0.011 0.005 0.068 0.001 0.004 0.005 0.001 0.038 0.129 0.002 0.006 0.001 0.002 0.189 0.001 0.009 0.001 0.005 0.03 0.001 0.004 0.008 0 0.084 0.079 0.001 0.002 0.002 0.05 0.003 0.003 0.004 0.001 0.035;0.213 0.002 0.011 0.129 0.002 0.006 0.001 0.079 0.001 0.002 0.005 0.068 0.001 0.004 0.002 0.189 0.001 0.009 0.002 0.05 0.003 0.003 0.004 0.084 0 0.008 0.005 0.001 0.038 0.001 0.005 0.03 0.001 0.004 0.001 0.035;0.213 0.129 0.079 0.005 0.002 0.002 0.004 0.005 0.001 0.004 0.002 0.002 0.001 0.001 0.068 0.189 0.05 0.084 0.001 0.005 0.001 0.001 0.004 0.008 0.003 0.009 0.011 0.006 0.002 0.001 0.001 0.003 0 0.038 0.03 0.035;
0.233 0.005 0.008 0.006 0.086 0.003 0.004 0.001 0.001 0.025 0.192 0.002 0.007 0.004 0.002 0.156 0 0.015 0 0.001 0.033 0.002 0.007 0.001 0.001 0.048 0.053 0.003 0.003 0.003 0.075 0.001 0 0.001 0.003 0.015;0.233 0.005 0.008 0.192 0.002 0.007 0.004 0.053 0.003 0.003 0.006 0.086 0.003 0.004 0.002 0.156 0 0.015 0.003 0.075 0.001 0 0.007 0.048 0.001 0.001 0.001 0.001 0.025 0 0.001 0.033 0.002 0.001 0.003 0.015;0.233 0.192 0.053 0.006 0.002 0.003 0.007 0.001 0 0.001 0.005 0.002 0.003 0.004 0.086 0.156 0.075 0.048 0.001 0.001 0.003 0.002 0.004 0.001 0 0.015 0.008 0.007 0.003 0.003 0 0.001 0.001 0.025 0.033 0.015;
0.209 0.002 0.009 0.009 0.108 0.002 0.002 0.004 0 0.024 0.162 0.007 0.011 0.003 0.005 0.178 0.002 0.01 0.001 0.003 0.042 0 0.001 0.004 0.002 0.067 0.038 0.003 0.002 0.004 0.051 0.002 0.004 0.002 0.002 0.025;0.209 0.002 0.009 0.162 0.007 0.011 0.003 0.038 0.003 0.002 0.009 0.108 0.002 0.002 0.005 0.178 0.002 0.01 0.004 0.051 0.002 0.004 0.001 0.067 0.002 0.004 0.004 0 0.024 0.001 0.003 0.042 0 0.002 0.002 0.025;0.209 0.162 0.038 0.009 0.005 0.004 0.001 0.004 0.001 0.002 0.002 0.007 0.003 0.003 0.108 0.178 0.051 0.067 0 0.003 0.002 0 0.002 0.004 0.004 0.01 0.009 0.011 0.002 0.002 0.002 0.002 0.002 0.024 0.042 0.025;
0.248 0.004 0.006 0.008 0.045 0.004 0 0.005 0.003 0.071 0.07 0.001 0 0.003 0.004 0.093 0.002 0.003 0.003 0.002 0.045 0.001 0 0.002 0.002 0.048 0.125 0.005 0.007 0.005 0.037 0.008 0.002 0.005 0.002 0.131;0.248 0.004 0.006 0.07 0.001 0 0.003 0.125 0.005 0.007 0.008 0.045 0.004 0 0.004 0.093 0.002 0.003 0.005 0.037 0.008 0.002 0 0.048 0.002 0.002 0.005 0.003 0.071 0.003 0.002 0.045 0.001 0.005 0.002 0.131;0.248 0.07 0.125 0.008 0.004 0.005 0 0.005 0.003 0.005 0.004 0.001 0.005 0.003 0.045 0.093 0.037 0.048 0.003 0.002 0.002 0.001 0 0.002 0.002 0.003 0.006 0 0.007 0.004 0.002 0.008 0.002 0.071 0.045 0.131;
0.225 0.006 0.007 0.008 0.083 0.003 0 0.007 0.001 0.022 0.19 0.006 0.001 0.002 0.003 0.142 0 0.004 0.015 0.001 0.07 0.001 0.002 0.003 0.001 0.018 0.02 0.004 0.001 0 0.059 0 0.004 0.003 0.005 0.083;0.225 0.006 0.007 0.19 0.006 0.001 0.002 0.02 0.004 0.001 0.008 0.083 0.003 0 0.003 0.142 0 0.004 0 0.059 0 0.004 0.002 0.018 0.001 0.003 0.007 0.001 0.022 0.015 0.001 0.07 0.001 0.003 0.005 0.083;0.225 0.19 0.02 0.008 0.003 0 0.002 0.007 0.015 0.003 0.006 0.006 0.004 0.002 0.083 0.142 0.059 0.018 0.001 0.001 0.005 0.001 0 0.003 0.004 0.004 0.007 0.001 0.001 0.003 0 0 0.001 0.022 0.07 0.083;
0.211 0.006 0.001 0.006 0.064 0.001 0 0.012 0.004 0.042 0.149 0.007 0 0.003 0.001 0.141 0.004 0.005 0.001 0.002 0.06 0.002 0.002 0.003 0.002 0.062 0.064 0.003 0.005 0.005 0.067 0.002 0.002 0.002 0.003 0.056;0.211 0.006 0.001 0.149 0.007 0 0.003 0.064 0.003 0.005 0.006 0.064 0.001 0 0.001 0.141 0.004 0.005 0.005 0.067 0.002 0.002 0.002 0.062 0.002 0.003 0.012 0.004 0.042 0.001 0.002 0.06 0.002 0.002 0.003 0.056;0.211 0.149 0.064 0.006 0.001 0.005 0.002 0.012 0.001 0.002 0.006 0.007 0.003 0.003 0.064 0.141 0.067 0.062 0.004 0.002 0.003 0.002 0 0.003 0.002 0.005 0.001 0 0.005 0.001 0.004 0.002 0.002 0.042 0.06 0.056;
0.237 0.016 0.003 0.001 0.044 0.004 0.002 0.008 0.003 0.057 0.119 0.003 0.004 0.002 0.003 0.104 0.001 0.002 0.008 0.002 0.077 0.002 0 0.004 0 0.036 0.082 0.006 0.006 0.001 0.034 0.003 0.002 0.003 0.004 0.117;0.237 0.016 0.003 0.119 0.003 0.004 0.002 0.082 0.006 0.006 0.001 0.044 0.004 0.002 0.003 0.104 0.001 0.002 0.001 0.034 0.003 0.002 0 0.036 0 0.004 0.008 0.003 0.057 0.008 0.002 0.077 0.002 0.003 0.004 0.117;0.237 0.119 0.082 0.001 0.003 0.001 0 0.008 0.008 0.003 0.016 0.003 0.006 0.002 0.044 0.104 0.034 0.036 0.003 0.002 0.004 0.002 0.002 0.004 0.002 0.002 0.003 0.004 0.006 0.004 0.001 0.003 0 0.057 0.077 0.117;
0.244 0.013 0.002 0.004 0.041 0.002 0 0.006 0.001 0.034 0.21 0.004 0.002 0.006 0.007 0.083 0.008 0.002 0.004 0.003 0.104 0.005 0.001 0.001 0.003 0.024 0.021 0.003 0 0.002 0.034 0.004 0.001 0.003 0.007 0.111;0.244 0.013 0.002 0.21 0.004 0.002 0.006 0.021 0.003 0 0.004 0.041 0.002 0 0.007 0.083 0.008 0.002 0.002 0.034 0.004 0.001 0.001 0.024 0.003 0.001 0.006 0.001 0.034 0.004 0.003 0.104 0.005 0.003 0.007 0.111;0.244 0.21 0.021 0.004 0.007 0.002 0.001 0.006 0.004 0.003 0.013 0.004 0.003 0.006 0.041 0.083 0.034 0.024 0.001 0.003 0.007 0.005 0 0.001 0.001 0.002 0.002 0.002 0 0.002 0.008 0.004 0.003 0.034 0.104 0.111;
0.238 0.01 0.012 0.004 0.039 0.003 0 0.016 0.002 0.079 0.128 0.001 0.008 0.001 0 0.032 0.001 0.003 0.003 0.003 0.093 0 0.001 0.003 0 0.022 0.111 0.003 0.005 0.001 0.023 0.006 0.001 0.006 0.003 0.139;0.238 0.01 0.012 0.128 0.001 0.008 0.001 0.111 0.003 0.005 0.004 0.039 0.003 0 0 0.032 0.001 0.003 0.001 0.023 0.006 0.001 0.001 0.022 0 0.003 0.016 0.002 0.079 0.003 0.003 0.093 0 0.006 0.003 0.139;0.238 0.128 0.111 0.004 0 0.001 0.001 0.016 0.003 0.006 0.01 0.001 0.003 0.001 0.039 0.032 0.023 0.022 0.002 0.003 0.003 0 0 0.003 0.001 0.003 0.012 0.008 0.005 0.003 0.001 0.006 0 0.079 0.093 0.139;
0.248 0.013 0.001 0.004 0.041 0.002 0.002 0.012 0.001 0.038 0.071 0.005 0.001 0.001 0.004 0.16 0.004 0.006 0.007 0.001 0.03 0 0.002 0.006 0.004 0.094 0.128 0.005 0.002 0.002 0.034 0 0.006 0.005 0.002 0.058;0.248 0.013 0.001 0.071 0.005 0.001 0.001 0.128 0.005 0.002 0.004 0.041 0.002 0.002 0.004 0.16 0.004 0.006 0.002 0.034 0 0.006 0.002 0.094 0.004 0.006 0.012 0.001 0.038 0.007 0.001 0.03 0 0.005 0.002 0.058;0.248 0.071 0.128 0.004 0.004 0.002 0.002 0.012 0.007 0.005 0.013 0.005 0.005 0.001 0.041 0.16 0.034 0.094 0.001 0.001 0.002 0 0.002 0.006 0.006 0.006 0.001 0.001 0.002 0.002 0.004 0 0.004 0.038 0.03 0.058;
0.224 0.009 0.009 0.011 0.083 0.003 0.004 0.003 0.003 0.017 0.17 0.008 0.004 0 0.009 0.168 0.003 0.005 0.001 0.003 0.051 0.001 0.004 0.005 0.002 0.037 0.031 0.001 0.001 0.004 0.071 0.004 0.002 0.003 0.004 0.042;0.224 0.009 0.009 0.17 0.008 0.004 0 0.031 0.001 0.001 0.011 0.083 0.003 0.004 0.009 0.168 0.003 0.005 0.004 0.071 0.004 0.002 0.004 0.037 0.002 0.005 0.003 0.003 0.017 0.001 0.003 0.051 0.001 0.003 0.004 0.042;0.224 0.17 0.031 0.011 0.009 0.004 0.004 0.003 0.001 0.003 0.009 0.008 0.001 0 0.083 0.168 0.071 0.037 0.003 0.003 0.004 0.001 0.004 0.005 0.002 0.005 0.009 0.004 0.001 0.003 0.003 0.004 0.002 0.017 0.051 0.042;
0.244 0.002 0.008 0.004 0.071 0.003 0.003 0.012 0.001 0.035 0.116 0.003 0.002 0.002 0.004 0.175 0.004 0.003 0.005 0.002 0.024 0.001 0.003 0.012 0.001 0.09 0.071 0.002 0.001 0.002 0.069 0.002 0.004 0.001 0.002 0.016;0.244 0.002 0.008 0.116 0.003 0.002 0.002 0.071 0.002 0.001 0.004 0.071 0.003 0.003 0.004 0.175 0.004 0.003 0.002 0.069 0.002 0.004 0.003 0.09 0.001 0.012 0.012 0.001 0.035 0.005 0.002 0.024 0.001 0.001 0.002 0.016;0.244 0.116 0.071 0.004 0.004 0.002 0.003 0.012 0.005 0.001 0.002 0.003 0.002 0.002 0.071 0.175 0.069 0.09 0.001 0.002 0.002 0.001 0.003 0.012 0.004 0.003 0.008 0.002 0.001 0.003 0.004 0.002 0.001 0.035 0.024 0.016;
0.215 0.008 0.002 0.008 0.069 0.003 0.002 0.005 0.001 0.023 0.14 0.002 0.003 0.002 0.004 0.133 0.003 0.001 0.002 0.002 0.077 0.001 0.003 0.003 0 0.047 0.051 0.001 0.001 0.004 0.073 0.006 0.004 0.008 0.004 0.089;0.215 0.008 0.002 0.14 0.002 0.003 0.002 0.051 0.001 0.001 0.008 0.069 0.003 0.002 0.004 0.133 0.003 0.001 0.004 0.073 0.006 0.004 0.003 0.047 0 0.003 0.005 0.001 0.023 0.002 0.002 0.077 0.001 0.008 0.004 0.089;0.215 0.14 0.051 0.008 0.004 0.004 0.003 0.005 0.002 0.008 0.008 0.002 0.001 0.002 0.069 0.133 0.073 0.047 0.001 0.002 0.004 0.001 0.002 0.003 0.004 0.001 0.002 0.003 0.001 0.003 0.003 0.006 0 0.023 0.077 0.089;
0.206 0.005 0.006 0.003 0.067 0.006 0.007 0.011 0.001 0.036 0.161 0.003 0.002 0.002 0.002 0.16 0.005 0.001 0.007 0.003 0.06 0.001 0.001 0.007 0 0.045 0.031 0.003 0.001 0.001 0.063 0 0.002 0.007 0.002 0.082;0.206 0.005 0.006 0.161 0.003 0.002 0.002 0.031 0.003 0.001 0.003 0.067 0.006 0.007 0.002 0.16 0.005 0.001 0.001 0.063 0 0.002 0.001 0.045 0 0.007 0.011 0.001 0.036 0.007 0.003 0.06 0.001 0.007 0.002 0.082;0.206 0.161 0.031 0.003 0.002 0.001 0.001 0.011 0.007 0.007 0.005 0.003 0.003 0.002 0.067 0.16 0.063 0.045 0.001 0.003 0.002 0.001 0.007 0.007 0.002 0.001 0.006 0.002 0.001 0.006 0.005 0 0 0.036 0.06 0.082;
0.252 0.007 0.006 0.002 0.066 0 0.006 0.012 0.001 0.032 0.151 0.001 0.005 0.002 0.004 0.169 0.003 0.008 0.01 0 0.037 0 0 0.01 0.001 0.045 0.05 0 0.004 0.001 0.068 0 0.005 0.003 0 0.039;0.252 0.007 0.006 0.151 0.001 0.005 0.002 0.05 0 0.004 0.002 0.066 0 0.006 0.004 0.169 0.003 0.008 0.001 0.068 0 0.005 0 0.045 0.001 0.01 0.012 0.001 0.032 0.01 0 0.037 0 0.003 0 0.039;0.252 0.151 0.05 0.002 0.004 0.001 0 0.012 0.01 0.003 0.007 0.001 0 0.002 0.066 0.169 0.068 0.045 0.001 0 0 0 0.006 0.01 0.005 0.008 0.006 0.005 0.004 0 0.003 0 0.001 0.032 0.037 0.039;
0.26 0.006 0.007 0.009 0.038 0.002 0 0.002 0.002 0.019 0.196 0.002 0.007 0 0.008 0.059 0.002 0.004 0.006 0.003 0.122 0.005 0.001 0.001 0.002 0.022 0.025 0 0.001 0.001 0.035 0.003 0.002 0.002 0.002 0.144;0.26 0.006 0.007 0.196 0.002 0.007 0 0.025 0 0.001 0.009 0.038 0.002 0 0.008 0.059 0.002 0.004 0.001 0.035 0.003 0.002 0.001 0.022 0.002 0.001 0.002 0.002 0.019 0.006 0.003 0.122 0.005 0.002 0.002 0.144;0.26 0.196 0.025 0.009 0.008 0.001 0.001 0.002 0.006 0.002 0.006 0.002 0 0 0.038 0.059 0.035 0.022 0.002 0.003 0.002 0.005 0 0.001 0.002 0.004 0.007 0.007 0.001 0.002 0.002 0.003 0.002 0.019 0.122 0.144;
0.229 0.006 0.011 0.012 0.058 0.004 0.003 0.003 0.005 0.03 0.163 0.004 0.009 0.002 0.004 0.065 0.001 0.005 0.003 0.003 0.097 0.005 0.002 0.002 0.003 0.02 0.041 0.002 0.002 0.002 0.045 0.008 0.003 0.007 0.003 0.138;0.229 0.006 0.011 0.163 0.004 0.009 0.002 0.041 0.002 0.002 0.012 0.058 0.004 0.003 0.004 0.065 0.001 0.005 0.002 0.045 0.008 0.003 0.002 0.02 0.003 0.002 0.003 0.005 0.03 0.003 0.003 0.097 0.005 0.007 0.003 0.138;0.229 0.163 0.041 0.012 0.004 0.002 0.002 0.003 0.003 0.007 0.006 0.004 0.002 0.002 0.058 0.065 0.045 0.02 0.005 0.003 0.003 0.005 0.003 0.002 0.003 0.005 0.011 0.009 0.002 0.004 0.001 0.008 0.003 0.03 0.097 0.138;
0.277 0.007 0.003 0.006 0.042 0.003 0 0.004 0.001 0.014 0.189 0.006 0.003 0.004 0.006 0.024 0.004 0 0.004 0.001 0.119 0.003 0.006 0.001 0.002 0.028 0.01 0 0.001 0 0.033 0.002 0.001 0.005 0.006 0.185;0.277 0.007 0.003 0.189 0.006 0.003 0.004 0.01 0 0.001 0.006 0.042 0.003 0 0.006 0.024 0.004 0 0 0.033 0.002 0.001 0.006 0.028 0.002 0.001 0.004 0.001 0.014 0.004 0.001 0.119 0.003 0.005 0.006 0.185;0.277 0.189 0.01 0.006 0.006 0 0.006 0.004 0.004 0.005 0.007 0.006 0 0.004 0.042 0.024 0.033 0.028 0.001 0.001 0.006 0.003 0 0.001 0.001 0 0.003 0.003 0.001 0.003 0.004 0.002 0.002 0.014 0.119 0.185;
0.238 0.002 0.009 0.004 0.094 0 0.005 0.01 0 0.026 0.163 0.001 0.011 0.002 0 0.173 0 0.009 0.006 0.002 0.034 0 0 0.012 0 0.038 0.047 0 0.002 0.004 0.065 0.001 0.005 0.004 0.001 0.032;0.238 0.002 0.009 0.163 0.001 0.011 0.002 0.047 0 0.002 0.004 0.094 0 0.005 0 0.173 0 0.009 0.004 0.065 0.001 0.005 0 0.038 0 0.012 0.01 0 0.026 0.006 0.002 0.034 0 0.004 0.001 0.032;0.238 0.163 0.047 0.004 0 0.004 0 0.01 0.006 0.004 0.002 0.001 0 0.002 0.094 0.173 0.065 0.038 0 0.002 0.001 0 0.005 0.012 0.005 0.009 0.009 0.011 0.002 0 0 0.001 0 0.026 0.034 0.032;
0.217 0.006 0.003 0.01 0.063 0.002 0.001 0.001 0.004 0.031 0.138 0.004 0.004 0.004 0.004 0.148 0.005 0.002 0.002 0.001 0.031 0.002 0.002 0.004 0.002 0.067 0.1 0.005 0.001 0.007 0.059 0.005 0 0.007 0.003 0.055;0.217 0.006 0.003 0.138 0.004 0.004 0.004 0.1 0.005 0.001 0.01 0.063 0.002 0.001 0.004 0.148 0.005 0.002 0.007 0.059 0.005 0 0.002 0.067 0.002 0.004 0.001 0.004 0.031 0.002 0.001 0.031 0.002 0.007 0.003 0.055;0.217 0.138 0.1 0.01 0.004 0.007 0.002 0.001 0.002 0.007 0.006 0.004 0.005 0.004 0.063 0.148 0.059 0.067 0.004 0.001 0.003 0.002 0.001 0.004 0 0.002 0.003 0.004 0.001 0.002 0.005 0.005 0.002 0.031 0.031 0.055;
0.246 0.001 0.01 0.007 0.073 0.003 0.001 0.005 0.001 0.031 0.152 0.006 0.009 0.001 0.004 0.079 0 0.007 0.007 0 0.071 0.001 0.002 0.002 0.004 0.031 0.066 0.003 0.006 0.001 0.043 0.001 0.002 0.006 0.003 0.115;0.246 0.001 0.01 0.152 0.006 0.009 0.001 0.066 0.003 0.006 0.007 0.073 0.003 0.001 0.004 0.079 0 0.007 0.001 0.043 0.001 0.002 0.002 0.031 0.004 0.002 0.005 0.001 0.031 0.007 0 0.071 0.001 0.006 0.003 0.115;0.246 0.152 0.066 0.007 0.004 0.001 0.002 0.005 0.007 0.006 0.001 0.006 0.003 0.001 0.073 0.079 0.043 0.031 0.001 0 0.003 0.001 0.001 0.002 0.002 0.007 0.01 0.009 0.006 0.003 0 0.001 0.004 0.031 0.071 0.115;
0.196 0.015 0.003 0.005 0.057 0.003 0 0.006 0.002 0.052 0.193 0.001 0.002 0.004 0.004 0.096 0.006 0.001 0.005 0.002 0.085 0.003 0.005 0.003 0.001 0.038 0.038 0.003 0.001 0.001 0.049 0.002 0.002 0.002 0.007 0.107;0.196 0.015 0.003 0.193 0.001 0.002 0.004 0.038 0.003 0.001 0.005 0.057 0.003 0 0.004 0.096 0.006 0.001 0.001 0.049 0.002 0.002 0.005 0.038 0.001 0.003 0.006 0.002 0.052 0.005 0.002 0.085 0.003 0.002 0.007 0.107;0.196 0.193 0.038 0.005 0.004 0.001 0.005 0.006 0.005 0.002 0.015 0.001 0.003 0.004 0.057 0.096 0.049 0.038 0.002 0.002 0.007 0.003 0 0.003 0.002 0.001 0.003 0.002 0.001 0.003 0.006 0.002 0.001 0.052 0.085 0.107;
0.262 0.011 0.007 0.003 0.013 0 0 0.017 0.002 0.084 0.017 0.003 0 0.002 0.001 0.159 0.003 0.006 0 0 0.006 0.002 0.001 0.011 0.001 0.093 0.152 0.002 0.006 0.002 0.017 0 0.001 0.008 0.005 0.103;0.262 0.011 0.007 0.017 0.003 0 0.002 0.152 0.002 0.006 0.003 0.013 0 0 0.001 0.159 0.003 0.006 0.002 0.017 0 0.001 0.001 0.093 0.001 0.011 0.017 0.002 0.084 0 0 0.006 0.002 0.008 0.005 0.103;0.262 0.017 0.152 0.003 0.001 0.002 0.001 0.017 0 0.008 0.011 0.003 0.002 0.002 0.013 0.159 0.017 0.093 0.002 0 0.005 0.002 0 0.011 0.001 0.006 0.007 0 0.006 0 0.003 0 0.001 0.084 0.006 0.103;
0.217 0.003 0.014 0.002 0.034 0.002 0.001 0.012 0.002 0.051 0.042 0.001 0.001 0.001 0.002 0.186 0.001 0.005 0.001 0.003 0.02 0.001 0.002 0.014 0 0.123 0.165 0.002 0.007 0.006 0.021 0.001 0.002 0.008 0.001 0.046;0.217 0.003 0.014 0.042 0.001 0.001 0.001 0.165 0.002 0.007 0.002 0.034 0.002 0.001 0.002 0.186 0.001 0.005 0.006 0.021 0.001 0.002 0.002 0.123 0 0.014 0.012 0.002 0.051 0.001 0.003 0.02 0.001 0.008 0.001 0.046;0.217 0.042 0.165 0.002 0.002 0.006 0.002 0.012 0.001 0.008 0.003 0.001 0.002 0.001 0.034 0.186 0.021 0.123 0.002 0.003 0.001 0.001 0.001 0.014 0.002 0.005 0.014 0.001 0.007 0.002 0.001 0.001 0 0.051 0.02 0.046;
0.292 0.004 0.003 0.004 0.035 0.002 0.001 0.014 0.005 0.1 0.107 0.001 0.003 0.001 0.001 0.008 0.001 0 0.007 0 0.064 0 0.001 0.001 0 0.004 0.117 0.001 0.008 0.003 0.017 0.003 0.003 0.007 0.004 0.178;0.292 0.004 0.003 0.107 0.001 0.003 0.001 0.117 0.001 0.008 0.004 0.035 0.002 0.001 0.001 0.008 0.001 0 0.003 0.017 0.003 0.003 0.001 0.004 0 0.001 0.014 0.005 0.1 0.007 0 0.064 0 0.007 0.004 0.178;0.292 0.107 0.117 0.004 0.001 0.003 0.001 0.014 0.007 0.007 0.004 0.001 0.001 0.001 0.035 0.008 0.017 0.004 0.005 0 0.004 0 0.001 0.001 0.003 0 0.003 0.003 0.008 0.002 0.001 0.003 0 0.1 0.064 0.178;
0.249 0.002 0.01 0.01 0.092 0.002 0.006 0.006 0.002 0.018 0.186 0.003 0.014 0.002 0.005 0.204 0.002 0.006 0.005 0.004 0.037 0 0.005 0.007 0.001 0.026 0.006 0 0 0 0.069 0.001 0.003 0 0.002 0.015;0.249 0.002 0.01 0.186 0.003 0.014 0.002 0.006 0 0 0.01 0.092 0.002 0.006 0.005 0.204 0.002 0.006 0 0.069 0.001 0.003 0.005 0.026 0.001 0.007 0.006 0.002 0.018 0.005 0.004 0.037 0 0 0.002 0.015;0.249 0.186 0.006 0.01 0.005 0 0.005 0.006 0.005 0 0.002 0.003 0 0.002 0.092 0.204 0.069 0.026 0.002 0.004 0.002 0 0.006 0.007 0.003 0.006 0.01 0.014 0 0.002 0.002 0.001 0.001 0.018 0.037 0.015;
0.251 0.014 0.004 0.005 0.057 0.002 0.006 0.01 0.005 0.017 0.18 0.004 0.01 0.006 0.004 0.094 0.002 0.001 0.008 0.005 0.067 0.002 0.002 0.002 0.001 0.033 0.028 0.001 0.001 0.002 0.043 0.003 0.001 0 0.003 0.126;0.251 0.014 0.004 0.18 0.004 0.01 0.006 0.028 0.001 0.001 0.005 0.057 0.002 0.006 0.004 0.094 0.002 0.001 0.002 0.043 0.003 0.001 0.002 0.033 0.001 0.002 0.01 0.005 0.017 0.008 0.005 0.067 0.002 0 0.003 0.126;0.251 0.18 0.028 0.005 0.004 0.002 0.002 0.01 0.008 0 0.014 0.004 0.001 0.006 0.057 0.094 0.043 0.033 0.005 0.005 0.003 0.002 0.006 0.002 0.001 0.001 0.004 0.01 0.001 0.002 0.002 0.003 0.001 0.017 0.067 0.126;
0.235 0.01 0.001 0.011 0.087 0.003 0.005 0.003 0.001 0.034 0.174 0.012 0.004 0.008 0.007 0.174 0.002 0.004 0.004 0.003 0.044 0 0.005 0 0.001 0.04 0.033 0.003 0 0.002 0.054 0.003 0.002 0.002 0.001 0.028;0.235 0.01 0.001 0.174 0.012 0.004 0.008 0.033 0.003 0 0.011 0.087 0.003 0.005 0.007 0.174 0.002 0.004 0.002 0.054 0.003 0.002 0.005 0.04 0.001 0 0.003 0.001 0.034 0.004 0.003 0.044 0 0.002 0.001 0.028;0.235 0.174 0.033 0.011 0.007 0.002 0.005 0.003 0.004 0.002 0.01 0.012 0.003 0.008 0.087 0.174 0.054 0.04 0.001 0.003 0.001 0 0.005 0 0.002 0.004 0.001 0.004 0 0.003 0.002 0.003 0.001 0.034 0.044 0.028;
0.233 0 0.021 0.008 0.018 0.003 0.001 0.016 0 0.065 0.188 0 0.012 0 0.002 0.011 0 0.001 0.007 0 0.108 0 0.002 0.001 0.001 0.006 0.082 0 0.008 0.003 0.013 0.004 0.002 0.008 0 0.176;0.233 0 0.021 0.188 0 0.012 0 0.082 0 0.008 0.008 0.018 0.003 0.001 0.002 0.011 0 0.001 0.003 0.013 0.004 0.002 0.002 0.006 0.001 0.001 0.016 0 0.065 0.007 0 0.108 0 0.008 0 0.176;0.233 0.188 0.082 0.008 0.002 0.003 0.002 0.016 0.007 0.008 0 0 0 0 0.018 0.011 0.013 0.006 0 0 0 0 0.001 0.001 0.002 0.001 0.021 0.012 0.008 0.003 0 0.004 0.001 0.065 0.108 0.176;
0.233 0.006 0.003 0.005 0.073 0.004 0.003 0.011 0 0.029 0.118 0.001 0.003 0.004 0.008 0.173 0.001 0.007 0.002 0.002 0.03 0 0 0.006 0.001 0.08 0.103 0.006 0.001 0 0.049 0.002 0.001 0.003 0.003 0.029;0.233 0.006 0.003 0.118 0.001 0.003 0.004 0.103 0.006 0.001 0.005 0.073 0.004 0.003 0.008 0.173 0.001 0.007 0 0.049 0.002 0.001 0 0.08 0.001 0.006 0.011 0 0.029 0.002 0.002 0.03 0 0.003 0.003 0.029;0.233 0.118 0.103 0.005 0.008 0 0 0.011 0.002 0.003 0.006 0.001 0.006 0.004 0.073 0.173 0.049 0.08 0 0.002 0.003 0 0.003 0.006 0.001 0.007 0.003 0.003 0.001 0.004 0.001 0.002 0.001 0.029 0.03 0.029;
0.239 0.005 0.01 0.001 0.041 0 0.003 0.006 0 0.035 0.059 0.001 0.001 0.001 0 0.19 0.002 0.012 0 0.002 0.027 0.001 0.001 0.015 0 0.11 0.147 0.002 0.001 0.003 0.027 0.001 0.002 0.009 0 0.046;0.239 0.005 0.01 0.059 0.001 0.001 0.001 0.147 0.002 0.001 0.001 0.041 0 0.003 0 0.19 0.002 0.012 0.003 0.027 0.001 0.002 0.001 0.11 0 0.015 0.006 0 0.035 0 0.002 0.027 0.001 0.009 0 0.046;0.239 0.059 0.147 0.001 0 0.003 0.001 0.006 0 0.009 0.005 0.001 0.002 0.001 0.041 0.19 0.027 0.11 0 0.002 0 0.001 0.003 0.015 0.002 0.012 0.01 0.001 0.001 0 0.002 0.001 0 0.035 0.027 0.046;
0.271 0.006 0.007 0.016 0.036 0.007 0.004 0.004 0.001 0.045 0.164 0.001 0.007 0.002 0.006 0.024 0.002 0 0.01 0.001 0.096 0.002 0.003 0.001 0.002 0.02 0.052 0.001 0.001 0.002 0.036 0.008 0 0.004 0.003 0.155;0.271 0.006 0.007 0.164 0.001 0.007 0.002 0.052 0.001 0.001 0.016 0.036 0.007 0.004 0.006 0.024 0.002 0 0.002 0.036 0.008 0 0.003 0.02 0.002 0.001 0.004 0.001 0.045 0.01 0.001 0.096 0.002 0.004 0.003 0.155;0.271 0.164 0.052 0.016 0.006 0.002 0.003 0.004 0.01 0.004 0.006 0.001 0.001 0.002 0.036 0.024 0.036 0.02 0.001 0.001 0.003 0.002 0.004 0.001 0 0 0.007 0.007 0.001 0.007 0.002 0.008 0.002 0.045 0.096 0.155;
0.214 0.016 0.001 0.005 0.02 0.005 0.001 0.008 0.004 0.056 0.206 0.006 0.004 0.004 0.001 0.042 0.004 0.001 0.003 0.002 0.13 0.005 0 0 0.001 0.021 0.058 0.002 0.002 0.002 0.021 0.005 0.001 0 0.007 0.142;0.214 0.016 0.001 0.206 0.006 0.004 0.004 0.058 0.002 0.002 0.005 0.02 0.005 0.001 0.001 0.042 0.004 0.001 0.002 0.021 0.005 0.001 0 0.021 0.001 0 0.008 0.004 0.056 0.003 0.002 0.13 0.005 0 0.007 0.142;0.214 0.206 0.058 0.005 0.001 0.002 0 0.008 0.003 0 0.016 0.006 0.002 0.004 0.02 0.042 0.021 0.021 0.004 0.002 0.007 0.005 0.001 0 0.001 0.001 0.001 0.004 0.002 0.005 0.004 0.005 0.001 0.056 0.13 0.142;
0.249 0.007 0.005 0.009 0.041 0.001 0.001 0.007 0 0.041 0.075 0.001 0.002 0.003 0.001 0.185 0.002 0.012 0.001 0.001 0.016 0.002 0.003 0.011 0.005 0.129 0.095 0.009 0.003 0.003 0.036 0.002 0.001 0.005 0 0.036;0.249 0.007 0.005 0.075 0.001 0.002 0.003 0.095 0.009 0.003 0.009 0.041 0.001 0.001 0.001 0.185 0.002 0.012 0.003 0.036 0.002 0.001 0.003 0.129 0.005 0.011 0.007 0 0.041 0.001 0.001 0.016 0.002 0.005 0 0.036;0.249 0.075 0.095 0.009 0.001 0.003 0.003 0.007 0.001 0.005 0.007 0.001 0.009 0.003 0.041 0.185 0.036 0.129 0 0.001 0 0.002 0.001 0.011 0.001 0.012 0.005 0.002 0.003 0.001 0.002 0.002 0.005 0.041 0.016 0.036;
0.261 0.007 0.008 0.019 0.034 0.006 0.001 0.009 0.003 0.114 0.025 0 0 0.001 0 0.034 0.001 0 0.002 0 0.02 0 0.002 0 0 0.028 0.165 0.003 0.01 0.01 0.038 0.008 0 0.014 0.001 0.176;0.261 0.007 0.008 0.025 0 0 0.001 0.165 0.003 0.01 0.019 0.034 0.006 0.001 0 0.034 0.001 0 0.01 0.038 0.008 0 0.002 0.028 0 0 0.009 0.003 0.114 0.002 0 0.02 0 0.014 0.001 0.176;0.261 0.025 0.165 0.019 0 0.01 0.002 0.009 0.002 0.014 0.007 0 0.003 0.001 0.034 0.034 0.038 0.028 0.003 0 0.001 0 0.001 0 0 0 0.008 0 0.01 0.006 0.001 0.008 0 0.114 0.02 0.176;
0.241 0.013 0.003 0.008 0.055 0.002 0.005 0.01 0.003 0.033 0.131 0.005 0.002 0.005 0.003 0.144 0.002 0.003 0.002 0.005 0.041 0.003 0.002 0.003 0.002 0.061 0.08 0.004 0.004 0.005 0.055 0.001 0.002 0.001 0.002 0.059;0.241 0.013 0.003 0.131 0.005 0.002 0.005 0.08 0.004 0.004 0.008 0.055 0.002 0.005 0.003 0.144 0.002 0.003 0.005 0.055 0.001 0.002 0.002 0.061 0.002 0.003 0.01 0.003 0.033 0.002 0.005 0.041 0.003 0.001 0.002 0.059;0.241 0.131 0.08 0.008 0.003 0.005 0.002 0.01 0.002 0.001 0.013 0.005 0.004 0.005 0.055 0.144 0.055 0.061 0.003 0.005 0.002 0.003 0.005 0.003 0.002 0.003 0.003 0.002 0.004 0.002 0.002 0.001 0.002 0.033 0.041 0.059;
0.241 0.007 0.004 0.01 0.035 0.001 0.001 0.003 0.005 0.063 0.046 0.009 0.001 0.005 0.006 0.145 0.004 0.006 0 0.008 0.023 0.002 0.003 0.004 0 0.082 0.133 0.003 0 0.004 0.044 0.003 0 0.001 0.001 0.097;0.241 0.007 0.004 0.046 0.009 0.001 0.005 0.133 0.003 0 0.01 0.035 0.001 0.001 0.006 0.145 0.004 0.006 0.004 0.044 0.003 0 0.003 0.082 0 0.004 0.003 0.005 0.063 0 0.008 0.023 0.002 0.001 0.001 0.097;0.241 0.046 0.133 0.01 0.006 0.004 0.003 0.003 0 0.001 0.007 0.009 0.003 0.005 0.035 0.145 0.044 0.082 0.005 0.008 0.001 0.002 0.001 0.004 0 0.006 0.004 0.001 0 0.001 0.004 0.003 0 0.063 0.023 0.097;
0.224 0.004 0.006 0.001 0.043 0 0.013 0.01 0 0.031 0.073 0.001 0.002 0 0.001 0.193 0.003 0.011 0.007 0.002 0.021 0.002 0 0.011 0 0.114 0.142 0.003 0.007 0 0.028 0 0.004 0.009 0 0.034;0.224 0.004 0.006 0.073 0.001 0.002 0 0.142 0.003 0.007 0.001 0.043 0 0.013 0.001 0.193 0.003 0.011 0 0.028 0 0.004 0 0.114 0 0.011 0.01 0 0.031 0.007 0.002 0.021 0.002 0.009 0 0.034;0.224 0.073 0.142 0.001 0.001 0 0 0.01 0.007 0.009 0.004 0.001 0.003 0 0.043 0.193 0.028 0.114 0 0.002 0 0.002 0.013 0.011 0.004 0.011 0.006 0.002 0.007 0 0.003 0 0 0.031 0.021 0.034;
0.2 0.007 0.009 0.006 0.061 0.001 0.008 0.013 0.001 0.031 0.144 0.006 0.007 0.002 0.004 0.178 0.002 0.009 0.007 0 0.024 0 0.003 0.012 0.001 0.093 0.077 0.001 0.002 0.002 0.065 0 0.004 0.007 0.001 0.012;0.2 0.007 0.009 0.144 0.006 0.007 0.002 0.077 0.001 0.002 0.006 0.061 0.001 0.008 0.004 0.178 0.002 0.009 0.002 0.065 0 0.004 0.003 0.093 0.001 0.012 0.013 0.001 0.031 0.007 0 0.024 0 0.007 0.001 0.012;0.2 0.144 0.077 0.006 0.004 0.002 0.003 0.013 0.007 0.007 0.007 0.006 0.001 0.002 0.061 0.178 0.065 0.093 0.001 0 0.001 0 0.008 0.012 0.004 0.009 0.009 0.007 0.002 0.001 0.002 0 0.001 0.031 0.024 0.012;
0.209 0.004 0.009 0.001 0.04 0.002 0.003 0.016 0.001 0.072 0.123 0.001 0.005 0 0 0.074 0 0.004 0.003 0 0.057 0 0 0.009 0 0.053 0.108 0.002 0.01 0.001 0.041 0.001 0 0.006 0.001 0.144;0.209 0.004 0.009 0.123 0.001 0.005 0 0.108 0.002 0.01 0.001 0.04 0.002 0.003 0 0.074 0 0.004 0.001 0.041 0.001 0 0 0.053 0 0.009 0.016 0.001 0.072 0.003 0 0.057 0 0.006 0.001 0.144;0.209 0.123 0.108 0.001 0 0.001 0 0.016 0.003 0.006 0.004 0.001 0.002 0 0.04 0.074 0.041 0.053 0.001 0 0.001 0 0.003 0.009 0 0.004 0.009 0.005 0.01 0.002 0 0.001 0 0.072 0.057 0.144;
0.242 0.005 0.011 0.004 0.025 0.002 0.001 0.011 0.004 0.059 0.159 0 0.009 0.003 0 0.039 0.001 0 0.008 0.002 0.115 0.001 0.003 0.001 0 0.017 0.083 0 0.013 0.001 0.018 0.001 0.001 0.003 0.001 0.157;0.242 0.005 0.011 0.159 0 0.009 0.003 0.083 0 0.013 0.004 0.025 0.002 0.001 0 0.039 0.001 0 0.001 0.018 0.001 0.001 0.003 0.017 0 0.001 0.011 0.004 0.059 0.008 0.002 0.115 0.001 0.003 0.001 0.157;0.242 0.159 0.083 0.004 0 0.001 0.003 0.011 0.008 0.003 0.005 0 0 0.003 0.025 0.039 0.018 0.017 0.004 0.002 0.001 0.001 0.001 0.001 0.001 0 0.011 0.009 0.013 0.002 0.001 0.001 0 0.059 0.115 0.157;
0.215 0.006 0.008 0.005 0.071 0.002 0.005 0.013 0.002 0.032 0.156 0 0.006 0.004 0.005 0.188 0.001 0.009 0.006 0.001 0.033 0 0.002 0.009 0.001 0.068 0.047 0.001 0.002 0 0.073 0.002 0.004 0.002 0.001 0.02;0.215 0.006 0.008 0.156 0 0.006 0.004 0.047 0.001 0.002 0.005 0.071 0.002 0.005 0.005 0.188 0.001 0.009 0 0.073 0.002 0.004 0.002 0.068 0.001 0.009 0.013 0.002 0.032 0.006 0.001 0.033 0 0.002 0.001 0.02;0.215 0.156 0.047 0.005 0.005 0 0.002 0.013 0.006 0.002 0.006 0 0.001 0.004 0.071 0.188 0.073 0.068 0.002 0.001 0.001 0 0.005 0.009 0.004 0.009 0.008 0.006 0.002 0.002 0.001 0.002 0.001 0.032 0.033 0.02;
0.23 0.001 0.011 0.004 0.087 0 0.007 0.006 0 0.025 0.164 0.001 0.012 0 0.001 0.165 0 0.006 0.003 0.002 0.06 0 0 0.007 0 0.036 0.038 0.001 0.005 0 0.059 0.001 0.001 0.006 0 0.061;0.23 0.001 0.011 0.164 0.001 0.012 0 0.038 0.001 0.005 0.004 0.087 0 0.007 0.001 0.165 0 0.006 0 0.059 0.001 0.001 0 0.036 0 0.007 0.006 0 0.025 0.003 0.002 0.06 0 0.006 0 0.061;0.23 0.164 0.038 0.004 0.001 0 0 0.006 0.003 0.006 0.001 0.001 0.001 0 0.087 0.165 0.059 0.036 0 0.002 0 0 0.007 0.007 0.001 0.006 0.011 0.012 0.005 0 0 0.001 0 0.025 0.06 0.061;
0.242 0.012 0.006 0.005 0.082 0.002 0.002 0.002 0.001 0.022 0.186 0.007 0.005 0.005 0.014 0.198 0.003 0.004 0.003 0.001 0.048 0.001 0 0.001 0.001 0.024 0.017 0.001 0 0.003 0.074 0 0.004 0.002 0.001 0.021;0.242 0.012 0.006 0.186 0.007 0.005 0.005 0.017 0.001 0 0.005 0.082 0.002 0.002 0.014 0.198 0.003 0.004 0.003 0.074 0 0.004 0 0.024 0.001 0.001 0.002 0.001 0.022 0.003 0.001 0.048 0.001 0.002 0.001 0.021;0.242 0.186 0.017 0.005 0.014 0.003 0 0.002 0.003 0.002 0.012 0.007 0.001 0.005 0.082 0.198 0.074 0.024 0.001 0.001 0.001 0.001 0.002 0.001 0.004 0.004 0.006 0.005 0 0.002 0.003 0 0.001 0.022 0.048 0.021;
0.269 0.005 0.015 0.005 0.104 0.001 0.005 0.01 0.002 0.022 0.156 0.002 0.006 0 0.003 0.156 0.001 0.007 0.007 0.003 0.049 0 0.001 0.009 0.002 0.032 0.013 0 0.004 0.001 0.066 0.001 0.004 0 0 0.039;0.269 0.005 0.015 0.156 0.002 0.006 0 0.013 0 0.004 0.005 0.104 0.001 0.005 0.003 0.156 0.001 0.007 0.001 0.066 0.001 0.004 0.001 0.032 0.002 0.009 0.01 0.002 0.022 0.007 0.003 0.049 0 0 0 0.039;0.269 0.156 0.013 0.005 0.003 0.001 0.001 0.01 0.007 0 0.005 0.002 0 0 0.104 0.156 0.066 0.032 0.002 0.003 0 0 0.005 0.009 0.004 0.007 0.015 0.006 0.004 0.001 0.001 0.001 0.002 0.022 0.049 0.039;
0.248 0.012 0.004 0.005 0.07 0 0.004 0.007 0.003 0.026 0.151 0.007 0.002 0.004 0.007 0.178 0.003 0.004 0.006 0.004 0.04 0.003 0.002 0.007 0.001 0.05 0.035 0.003 0.001 0.001 0.064 0.002 0.006 0.003 0.002 0.035;0.248 0.012 0.004 0.151 0.007 0.002 0.004 0.035 0.003 0.001 0.005 0.07 0 0.004 0.007 0.178 0.003 0.004 0.001 0.064 0.002 0.006 0.002 0.05 0.001 0.007 0.007 0.003 0.026 0.006 0.004 0.04 0.003 0.003 0.002 0.035;0.248 0.151 0.035 0.005 0.007 0.001 0.002 0.007 0.006 0.003 0.012 0.007 0.003 0.004 0.07 0.178 0.064 0.05 0.003 0.004 0.002 0.003 0.004 0.007 0.006 0.004 0.004 0.002 0.001 0 0.003 0.002 0.001 0.026 0.04 0.035;
0.257 0.004 0.006 0.008 0.052 0.004 0.003 0.008 0.003 0.069 0.076 0.001 0.008 0.001 0.001 0.079 0.001 0.005 0.005 0.001 0.034 0.003 0 0.002 0.001 0.064 0.13 0.003 0.008 0.005 0.032 0.003 0.003 0.003 0 0.117;0.257 0.004 0.006 0.076 0.001 0.008 0.001 0.13 0.003 0.008 0.008 0.052 0.004 0.003 0.001 0.079 0.001 0.005 0.005 0.032 0.003 0.003 0 0.064 0.001 0.002 0.008 0.003 0.069 0.005 0.001 0.034 0.003 0.003 0 0.117;0.257 0.076 0.13 0.008 0.001 0.005 0 0.008 0.005 0.003 0.004 0.001 0.003 0.001 0.052 0.079 0.032 0.064 0.003 0.001 0 0.003 0.003 0.002 0.003 0.005 0.006 0.008 0.008 0.004 0.001 0.003 0.001 0.069 0.034 0.117;
0.223 0.012 0.006 0.002 0.052 0 0.002 0.014 0.001 0.044 0.146 0.002 0.008 0.002 0.002 0.156 0.002 0.007 0.008 0.002 0.053 0.002 0 0.008 0.002 0.055 0.054 0.002 0.004 0.001 0.054 0.001 0.001 0.007 0.005 0.06;0.223 0.012 0.006 0.146 0.002 0.008 0.002 0.054 0.002 0.004 0.002 0.052 0 0.002 0.002 0.156 0.002 0.007 0.001 0.054 0.001 0.001 0 0.055 0.002 0.008 0.014 0.001 0.044 0.008 0.002 0.053 0.002 0.007 0.005 0.06;0.223 0.146 0.054 0.002 0.002 0.001 0 0.014 0.008 0.007 0.012 0.002 0.002 0.002 0.052 0.156 0.054 0.055 0.001 0.002 0.005 0.002 0.002 0.008 0.001 0.007 0.006 0.008 0.004 0 0.002 0.001 0.002 0.044 0.053 0.06;
0.267 0.006 0.001 0.011 0.09 0.002 0.002 0.007 0.002 0.004 0.182 0.006 0.003 0.004 0.004 0.145 0.002 0.003 0.003 0.003 0.077 0.003 0.004 0.004 0.001 0.017 0.006 0.001 0 0 0.062 0.002 0.002 0 0.005 0.069;0.267 0.006 0.001 0.182 0.006 0.003 0.004 0.006 0.001 0 0.011 0.09 0.002 0.002 0.004 0.145 0.002 0.003 0 0.062 0.002 0.002 0.004 0.017 0.001 0.004 0.007 0.002 0.004 0.003 0.003 0.077 0.003 0 0.005 0.069;0.267 0.182 0.006 0.011 0.004 0 0.004 0.007 0.003 0 0.006 0.006 0.001 0.004 0.09 0.145 0.062 0.017 0.002 0.003 0.005 0.003 0.002 0.004 0.002 0.003 0.001 0.003 0 0.002 0.002 0.002 0.001 0.004 0.077 0.069;
0.247 0.007 0.009 0.002 0.054 0.002 0.006 0.007 0 0.069 0.049 0.001 0.001 0.001 0 0.095 0.002 0.006 0 0.003 0.036 0.002 0.001 0.003 0.002 0.074 0.126 0.003 0.009 0.002 0.051 0.002 0.003 0.008 0.004 0.113;0.247 0.007 0.009 0.049 0.001 0.001 0.001 0.126 0.003 0.009 0.002 0.054 0.002 0.006 0 0.095 0.002 0.006 0.002 0.051 0.002 0.003 0.001 0.074 0.002 0.003 0.007 0 0.069 0 0.003 0.036 0.002 0.008 0.004 0.113;0.247 0.049 0.126 0.002 0 0.002 0.001 0.007 0 0.008 0.007 0.001 0.003 0.001 0.054 0.095 0.051 0.074 0 0.003 0.004 0.002 0.006 0.003 0.003 0.006 0.009 0.001 0.009 0.002 0.002 0.002 0.002 0.069 0.036 0.113;
0.23 0.008 0.001 0.013 0.059 0.001 0.001 0.001 0.001 0.034 0.075 0.011 0.002 0.007 0.011 0.181 0.005 0.001 0 0.006 0.029 0.001 0.003 0.003 0.004 0.079 0.107 0.007 0.002 0.01 0.049 0.003 0 0 0.005 0.05;0.23 0.008 0.001 0.075 0.011 0.002 0.007 0.107 0.007 0.002 0.013 0.059 0.001 0.001 0.011 0.181 0.005 0.001 0.01 0.049 0.003 0 0.003 0.079 0.004 0.003 0.001 0.001 0.034 0 0.006 0.029 0.001 0 0.005 0.05;0.23 0.075 0.107 0.013 0.011 0.01 0.003 0.001 0 0 0.008 0.011 0.007 0.007 0.059 0.181 0.049 0.079 0.001 0.006 0.005 0.001 0.001 0.003 0 0.001 0.001 0.002 0.002 0.001 0.005 0.003 0.004 0.034 0.029 0.05;
0.234 0.001 0.015 0.002 0.047 0.001 0.006 0.016 0 0.043 0.155 0.002 0.01 0.001 0.001 0.101 0.002 0.004 0.006 0 0.096 0 0 0.005 0 0.029 0.046 0.001 0.007 0 0.046 0.004 0.004 0.006 0.002 0.107;0.234 0.001 0.015 0.155 0.002 0.01 0.001 0.046 0.001 0.007 0.002 0.047 0.001 0.006 0.001 0.101 0.002 0.004 0 0.046 0.004 0.004 0 0.029 0 0.005 0.016 0 0.043 0.006 0 0.096 0 0.006 0.002 0.107;0.234 0.155 0.046 0.002 0.001 0 0 0.016 0.006 0.006 0.001 0.002 0.001 0.001 0.047 0.101 0.046 0.029 0 0 0.002 0 0.006 0.005 0.004 0.004 0.015 0.01 0.007 0.001 0.002 0.004 0 0.043 0.096 0.107;
0.242 0.014 0.002 0.01 0.039 0.003 0 0.004 0.001 0.06 0.172 0.006 0.002 0.005 0.003 0.008 0.002 0 0.001 0.003 0.111 0.002 0.003 0.001 0.002 0.017 0.081 0.003 0.003 0.003 0.024 0.002 0 0.001 0.008 0.162;0.242 0.014 0.002 0.172 0.006 0.002 0.005 0.081 0.003 0.003 0.01 0.039 0.003 0 0.003 0.008 0.002 0 0.003 0.024 0.002 0 0.003 0.017 0.002 0.001 0.004 0.001 0.06 0.001 0.003 0.111 0.002 0.001 0.008 0.162;0.242 0.172 0.081 0.01 0.003 0.003 0.003 0.004 0.001 0.001 0.014 0.006 0.003 0.005 0.039 0.008 0.024 0.017 0.001 0.003 0.008 0.002 0 0.001 0 0 0.002 0.002 0.003 0.003 0.002 0.002 0.002 0.06 0.111 0.162;
0.201 0.011 0.004 0.004 0.071 0.003 0.006 0.008 0.005 0.024 0.138 0.002 0.004 0.002 0.003 0.163 0.002 0.003 0.009 0.002 0.056 0 0.002 0.006 0.002 0.047 0.058 0.004 0.004 0.001 0.067 0.005 0.003 0.003 0.004 0.073;0.201 0.011 0.004 0.138 0.002 0.004 0.002 0.058 0.004 0.004 0.004 0.071 0.003 0.006 0.003 0.163 0.002 0.003 0.001 0.067 0.005 0.003 0.002 0.047 0.002 0.006 0.008 0.005 0.024 0.009 0.002 0.056 0 0.003 0.004 0.073;0.201 0.138 0.058 0.004 0.003 0.001 0.002 0.008 0.009 0.003 0.011 0.002 0.004 0.002 0.071 0.163 0.067 0.047 0.005 0.002 0.004 0 0.006 0.006 0.003 0.003 0.004 0.004 0.004 0.003 0.002 0.005 0.002 0.024 0.056 0.073;
0.229 0.001 0.006 0.009 0.084 0 0.005 0.001 0.003 0.024 0.193 0.001 0.008 0.001 0.007 0.192 0.003 0.006 0.002 0.004 0.053 0.001 0.003 0.003 0.002 0.027 0.007 0.003 0 0 0.072 0.002 0.006 0.001 0.006 0.035;0.229 0.001 0.006 0.193 0.001 0.008 0.001 0.007 0.003 0 0.009 0.084 0 0.005 0.007 0.192 0.003 0.006 0 0.072 0.002 0.006 0.003 0.027 0.002 0.003 0.001 0.003 0.024 0.002 0.004 0.053 0.001 0.001 0.006 0.035;0.229 0.193 0.007 0.009 0.007 0 0.003 0.001 0.002 0.001 0.001 0.001 0.003 0.001 0.084 0.192 0.072 0.027 0.003 0.004 0.006 0.001 0.005 0.003 0.006 0.006 0.006 0.008 0 0 0.003 0.002 0.002 0.024 0.053 0.035;
0.214 0.004 0.007 0.004 0.072 0.001 0.005 0.006 0.001 0.028 0.17 0.004 0.006 0 0.001 0.124 0.005 0.005 0.008 0.005 0.074 0 0.001 0.006 0.001 0.043 0.045 0.001 0.007 0.003 0.058 0.001 0.004 0.006 0.001 0.079;0.214 0.004 0.007 0.17 0.004 0.006 0 0.045 0.001 0.007 0.004 0.072 0.001 0.005 0.001 0.124 0.005 0.005 0.003 0.058 0.001 0.004 0.001 0.043 0.001 0.006 0.006 0.001 0.028 0.008 0.005 0.074 0 0.006 0.001 0.079;0.214 0.17 0.045 0.004 0.001 0.003 0.001 0.006 0.008 0.006 0.004 0.004 0.001 0 0.072 0.124 0.058 0.043 0.001 0.005 0.001 0 0.005 0.006 0.004 0.005 0.007 0.006 0.007 0.001 0.005 0.001 0.001 0.028 0.074 0.079;
0.249 0.003 0.006 0.01 0.043 0.003 0 0.003 0.003 0.049 0.166 0.003 0.007 0.006 0.002 0.075 0.007 0.003 0.007 0.005 0.078 0.005 0.003 0 0.004 0.028 0.053 0.003 0.001 0.005 0.042 0.005 0.003 0.005 0.001 0.114;0.249 0.003 0.006 0.166 0.003 0.007 0.006 0.053 0.003 0.001 0.01 0.043 0.003 0 0.002 0.075 0.007 0.003 0.005 0.042 0.005 0.003 0.003 0.028 0.004 0 0.003 0.003 0.049 0.007 0.005 0.078 0.005 0.005 0.001 0.114;0.249 0.166 0.053 0.01 0.002 0.005 0.003 0.003 0.007 0.005 0.003 0.003 0.003 0.006 0.043 0.075 0.042 0.028 0.003 0.005 0.001 0.005 0 0 0.003 0.003 0.006 0.007 0.001 0.003 0.007 0.005 0.004 0.049 0.078 0.114;
0.227 0.001 0.01 0.003 0.065 0.001 0.008 0.011 0.003 0.028 0.131 0.001 0.01 0.002 0.001 0.176 0 0.011 0.006 0 0.024 0.003 0.002 0.006 0 0.09 0.087 0 0.003 0.004 0.044 0.001 0.006 0.001 0 0.034;0.227 0.001 0.01 0.131 0.001 0.01 0.002 0.087 0 0.003 0.003 0.065 0.001 0.008 0.001 0.176 0 0.011 0.004 0.044 0.001 0.006 0.002 0.09 0 0.006 0.011 0.003 0.028 0.006 0 0.024 0.003 0.001 0 0.034;0.227 0.131 0.087 0.003 0.001 0.004 0.002 0.011 0.006 0.001 0.001 0.001 0 0.002 0.065 0.176 0.044 0.09 0.003 0 0 0.003 0.008 0.006 0.006 0.011 0.01 0.01 0.003 0.001 0 0.001 0 0.028 0.024 0.034;
0.243 0.008 0.002 0.004 0.08 0 0.005 0.01 0 0.019 0.169 0.002 0.006 0 0.002 0.117 0 0.005 0.008 0.002 0.068 0.001 0.002 0.003 0.002 0.035 0.036 0.001 0.005 0 0.06 0.001 0.006 0.005 0.004 0.089;0.243 0.008 0.002 0.169 0.002 0.006 0 0.036 0.001 0.005 0.004 0.08 0 0.005 0.002 0.117 0 0.005 0 0.06 0.001 0.006 0.002 0.035 0.002 0.003 0.01 0 0.019 0.008 0.002 0.068 0.001 0.005 0.004 0.089;0.243 0.169 0.036 0.004 0.002 0 0.002 0.01 0.008 0.005 0.008 0.002 0.001 0 0.08 0.117 0.06 0.035 0 0.002 0.004 0.001 0.005 0.003 0.006 0.005 0.002 0.006 0.005 0 0 0.001 0.002 0.019 0.068 0.089;
0.229 0.005 0.006 0.006 0.047 0.003 0.003 0.013 0.002 0.029 0.054 0.001 0 0.001 0.002 0.185 0.004 0.005 0.002 0.003 0.026 0.001 0.004 0.008 0.002 0.101 0.164 0.009 0.002 0.001 0.039 0 0.001 0.004 0.003 0.035;0.229 0.005 0.006 0.054 0.001 0 0.001 0.164 0.009 0.002 0.006 0.047 0.003 0.003 0.002 0.185 0.004 0.005 0.001 0.039 0 0.001 0.004 0.101 0.002 0.008 0.013 0.002 0.029 0.002 0.003 0.026 0.001 0.004 0.003 0.035;0.229 0.054 0.164 0.006 0.002 0.001 0.004 0.013 0.002 0.004 0.005 0.001 0.009 0.001 0.047 0.185 0.039 0.101 0.002 0.003 0.003 0.001 0.003 0.008 0.001 0.005 0.006 0 0.002 0.003 0.004 0 0.002 0.029 0.026 0.035;
0.208 0.007 0.007 0.016 0.075 0.003 0.002 0.004 0.004 0.031 0.164 0.005 0.005 0.004 0.005 0.15 0.004 0.006 0.004 0.002 0.063 0.001 0.004 0.002 0.003 0.048 0.043 0.003 0.002 0.003 0.067 0.001 0.004 0.001 0 0.049;0.208 0.007 0.007 0.164 0.005 0.005 0.004 0.043 0.003 0.002 0.016 0.075 0.003 0.002 0.005 0.15 0.004 0.006 0.003 0.067 0.001 0.004 0.004 0.048 0.003 0.002 0.004 0.004 0.031 0.004 0.002 0.063 0.001 0.001 0 0.049;0.208 0.164 0.043 0.016 0.005 0.003 0.004 0.004 0.004 0.001 0.007 0.005 0.003 0.004 0.075 0.15 0.067 0.048 0.004 0.002 0 0.001 0.002 0.002 0.004 0.006 0.007 0.005 0.002 0.003 0.004 0.001 0.003 0.031 0.063 0.049;
0.218 0.006 0.007 0.01 0.064 0 0.002 0.006 0.004 0.044 0.144 0.004 0.003 0 0.001 0.17 0 0.004 0.002 0.002 0.042 0 0.001 0.004 0.001 0.057 0.079 0.001 0.004 0 0.043 0.001 0.004 0.004 0.002 0.066;0.218 0.006 0.007 0.144 0.004 0.003 0 0.079 0.001 0.004 0.01 0.064 0 0.002 0.001 0.17 0 0.004 0 0.043 0.001 0.004 0.001 0.057 0.001 0.004 0.006 0.004 0.044 0.002 0.002 0.042 0 0.004 0.002 0.066;0.218 0.144 0.079 0.01 0.001 0 0.001 0.006 0.002 0.004 0.006 0.004 0.001 0 0.064 0.17 0.043 0.057 0.004 0.002 0.002 0 0.002 0.004 0.004 0.004 0.007 0.003 0.004 0 0 0.001 0.001 0.044 0.042 0.066;
0.232 0.001 0.014 0.011 0.066 0.001 0.004 0.004 0 0.028 0.181 0.004 0.008 0.001 0.001 0.12 0.003 0.011 0.003 0.003 0.093 0 0.005 0.003 0 0.025 0.012 0.001 0.002 0.002 0.055 0.005 0.005 0.003 0 0.093;0.232 0.001 0.014 0.181 0.004 0.008 0.001 0.012 0.001 0.002 0.011 0.066 0.001 0.004 0.001 0.12 0.003 0.011 0.002 0.055 0.005 0.005 0.005 0.025 0 0.003 0.004 0 0.028 0.003 0.003 0.093 0 0.003 0 0.093;0.232 0.181 0.012 0.011 0.001 0.002 0.005 0.004 0.003 0.003 0.001 0.004 0.001 0.001 0.066 0.12 0.055 0.025 0 0.003 0 0 0.004 0.003 0.005 0.011 0.014 0.008 0.002 0.001 0.003 0.005 0 0.028 0.093 0.093;
0.262 0.008 0.004 0.014 0.043 0.003 0.003 0.002 0.001 0.032 0.074 0.008 0.002 0.003 0.002 0.179 0.003 0.002 0.001 0.004 0.023 0.005 0.002 0 0.004 0.121 0.127 0.003 0.002 0.007 0.025 0.003 0 0.001 0.001 0.026;0.262 0.008 0.004 0.074 0.008 0.002 0.003 0.127 0.003 0.002 0.014 0.043 0.003 0.003 0.002 0.179 0.003 0.002 0.007 0.025 0.003 0 0.002 0.121 0.004 0 0.002 0.001 0.032 0.001 0.004 0.023 0.005 0.001 0.001 0.026;0.262 0.074 0.127 0.014 0.002 0.007 0.002 0.002 0.001 0.001 0.008 0.008 0.003 0.003 0.043 0.179 0.025 0.121 0.001 0.004 0.001 0.005 0.003 0 0 0.002 0.004 0.002 0.002 0.003 0.003 0.003 0.004 0.032 0.023 0.026;
0.211 0.012 0.001 0.009 0.089 0.004 0.002 0.003 0.006 0.032 0.15 0.009 0.002 0.004 0.007 0.19 0.001 0.002 0.002 0.007 0.062 0.001 0.006 0.002 0.001 0.026 0.02 0.006 0.001 0.004 0.08 0.005 0 0.003 0.004 0.036;0.211 0.012 0.001 0.15 0.009 0.002 0.004 0.02 0.006 0.001 0.009 0.089 0.004 0.002 0.007 0.19 0.001 0.002 0.004 0.08 0.005 0 0.006 0.026 0.001 0.002 0.003 0.006 0.032 0.002 0.007 0.062 0.001 0.003 0.004 0.036;0.211 0.15 0.02 0.009 0.007 0.004 0.006 0.003 0.002 0.003 0.012 0.009 0.006 0.004 0.089 0.19 0.08 0.026 0.006 0.007 0.004 0.001 0.002 0.002 0 0.002 0.001 0.002 0.001 0.004 0.001 0.005 0.001 0.032 0.062 0.036;
0.241 0.002 0.011 0.004 0.034 0.003 0.002 0.012 0 0.065 0.155 0 0.007 0 0.002 0.024 0 0.002 0.011 0 0.126 0 0 0 0.001 0.009 0.075 0.001 0.013 0.001 0.024 0.003 0.001 0.008 0 0.163;0.241 0.002 0.011 0.155 0 0.007 0 0.075 0.001 0.013 0.004 0.034 0.003 0.002 0.002 0.024 0 0.002 0.001 0.024 0.003 0.001 0 0.009 0.001 0 0.012 0 0.065 0.011 0 0.126 0 0.008 0 0.163;0.241 0.155 0.075 0.004 0.002 0.001 0 0.012 0.011 0.008 0.002 0 0.001 0 0.034 0.024 0.024 0.009 0 0 0 0 0.002 0 0.001 0.002 0.011 0.007 0.013 0.003 0 0.003 0.001 0.065 0.126 0.163;
0.24 0.009 0.003 0.004 0.046 0.004 0.002 0.006 0.002 0.064 0.054 0.003 0.001 0.003 0.004 0.112 0.005 0.003 0.004 0.002 0.032 0.003 0.001 0.003 0.002 0.066 0.13 0.01 0.005 0.002 0.045 0.002 0.001 0.006 0.009 0.112;0.24 0.009 0.003 0.054 0.003 0.001 0.003 0.13 0.01 0.005 0.004 0.046 0.004 0.002 0.004 0.112 0.005 0.003 0.002 0.045 0.002 0.001 0.001 0.066 0.002 0.003 0.006 0.002 0.064 0.004 0.002 0.032 0.003 0.006 0.009 0.112;0.24 0.054 0.13 0.004 0.004 0.002 0.001 0.006 0.004 0.006 0.009 0.003 0.01 0.003 0.046 0.112 0.045 0.066 0.002 0.002 0.009 0.003 0.002 0.003 0.001 0.003 0.003 0.001 0.005 0.004 0.005 0.002 0.002 0.064 0.032 0.112;
0.221 0.006 0.005 0 0.05 0.001 0.003 0.014 0.001 0.045 0.175 0.004 0.01 0.001 0.002 0.072 0 0.005 0.01 0 0.094 0 0 0.006 0 0.028 0.069 0.003 0.003 0 0.038 0.001 0.002 0.004 0.002 0.125;0.221 0.006 0.005 0.175 0.004 0.01 0.001 0.069 0.003 0.003 0 0.05 0.001 0.003 0.002 0.072 0 0.005 0 0.038 0.001 0.002 0 0.028 0 0.006 0.014 0.001 0.045 0.01 0 0.094 0 0.004 0.002 0.125;0.221 0.175 0.069 0 0.002 0 0 0.014 0.01 0.004 0.006 0.004 0.003 0.001 0.05 0.072 0.038 0.028 0.001 0 0.002 0 0.003 0.006 0.002 0.005 0.005 0.01 0.003 0.001 0 0.001 0 0.045 0.094 0.125;
0.247 0.011 0.002 0.009 0.028 0.008 0.001 0.003 0.009 0.112 0.038 0.002 0 0.002 0.001 0.054 0.003 0.001 0 0.005 0.024 0 0 0.002 0.002 0.046 0.162 0.008 0.001 0.005 0.031 0.008 0 0.001 0.006 0.168;0.247 0.011 0.002 0.038 0.002 0 0.002 0.162 0.008 0.001 0.009 0.028 0.008 0.001 0.001 0.054 0.003 0.001 0.005 0.031 0.008 0 0 0.046 0.002 0.002 0.003 0.009 0.112 0 0.005 0.024 0 0.001 0.006 0.168;0.247 0.038 0.162 0.009 0.001 0.005 0 0.003 0 0.001 0.011 0.002 0.008 0.002 0.028 0.054 0.031 0.046 0.009 0.005 0.006 0 0.001 0.002 0 0.001 0.002 0 0.001 0.008 0.003 0.008 0.002 0.112 0.024 0.168;
0.238 0.007 0.003 0.009 0.097 0.003 0.003 0.002 0.003 0.012 0.111 0.002 0 0.003 0.003 0.177 0.006 0 0.006 0.003 0.033 0 0.002 0.008 0.001 0.086 0.08 0.004 0 0 0.059 0.002 0.003 0.005 0.001 0.028;0.238 0.007 0.003 0.111 0.002 0 0.003 0.08 0.004 0 0.009 0.097 0.003 0.003 0.003 0.177 0.006 0 0 0.059 0.002 0.003 0.002 0.086 0.001 0.008 0.002 0.003 0.012 0.006 0.003 0.033 0 0.005 0.001 0.028;0.238 0.111 0.08 0.009 0.003 0 0.002 0.002 0.006 0.005 0.007 0.002 0.004 0.003 0.097 0.177 0.059 0.086 0.003 0.003 0.001 0 0.003 0.008 0.003 0 0.003 0 0 0.003 0.006 0.002 0.001 0.012 0.033 0.028;
0.237 0.013 0.004 0.005 0.034 0.002 0 0.018 0 0.03 0.071 0.005 0 0.004 0.01 0.18 0.002 0.009 0.003 0.003 0.01 0 0.005 0.013 0.005 0.126 0.119 0.006 0 0.003 0.042 0.001 0.003 0.004 0.001 0.032;0.237 0.013 0.004 0.071 0.005 0 0.004 0.119 0.006 0 0.005 0.034 0.002 0 0.01 0.18 0.002 0.009 0.003 0.042 0.001 0.003 0.005 0.126 0.005 0.013 0.018 0 0.03 0.003 0.003 0.01 0 0.004 0.001 0.032;0.237 0.071 0.119 0.005 0.01 0.003 0.005 0.018 0.003 0.004 0.013 0.005 0.006 0.004 0.034 0.18 0.042 0.126 0 0.003 0.001 0 0 0.013 0.003 0.009 0.004 0 0 0.002 0.002 0.001 0.005 0.03 0.01 0.032;
0.215 0.013 0.001 0.006 0.08 0.001 0.005 0.006 0.003 0.01 0.173 0.004 0 0 0.009 0.196 0.005 0.004 0.006 0.006 0.042 0 0.002 0.004 0.003 0.035 0.029 0.001 0.001 0.003 0.078 0 0 0 0.001 0.058;0.215 0.013 0.001 0.173 0.004 0 0 0.029 0.001 0.001 0.006 0.08 0.001 0.005 0.009 0.196 0.005 0.004 0.003 0.078 0 0 0.002 0.035 0.003 0.004 0.006 0.003 0.01 0.006 0.006 0.042 0 0 0.001 0.058;0.215 0.173 0.029 0.006 0.009 0.003 0.002 0.006 0.006 0 0.013 0.004 0.001 0 0.08 0.196 0.078 0.035 0.003 0.006 0.001 0 0.005 0.004 0 0.004 0.001 0 0.001 0.001 0.005 0 0.003 0.01 0.042 0.058;
0.234 0.009 0.006 0.011 0.093 0.001 0.001 0.001 0.004 0.034 0.167 0.006 0.003 0.002 0.004 0.173 0.003 0.008 0.001 0.002 0.051 0.001 0.001 0.002 0.001 0.045 0.021 0.002 0.003 0.002 0.072 0.002 0.001 0 0.002 0.031;0.234 0.009 0.006 0.167 0.006 0.003 0.002 0.021 0.002 0.003 0.011 0.093 0.001 0.001 0.004 0.173 0.003 0.008 0.002 0.072 0.002 0.001 0.001 0.045 0.001 0.002 0.001 0.004 0.034 0.001 0.002 0.051 0.001 0 0.002 0.031;0.234 0.167 0.021 0.011 0.004 0.002 0.001 0.001 0.001 0 0.009 0.006 0.002 0.002 0.093 0.173 0.072 0.045 0.004 0.002 0.002 0.001 0.001 0.002 0.001 0.008 0.006 0.003 0.003 0.001 0.003 0.002 0.001 0.034 0.051 0.031;
0.258 0.012 0.002 0.011 0.063 0.002 0.001 0.003 0.008 0.025 0.16 0.008 0.002 0.006 0.009 0.181 0.01 0.001 0.004 0.006 0.035 0 0.008 0.004 0.001 0.045 0.033 0.002 0 0.004 0.079 0.003 0.003 0 0 0.011;0.258 0.012 0.002 0.16 0.008 0.002 0.006 0.033 0.002 0 0.011 0.063 0.002 0.001 0.009 0.181 0.01 0.001 0.004 0.079 0.003 0.003 0.008 0.045 0.001 0.004 0.003 0.008 0.025 0.004 0.006 0.035 0 0 0 0.011;0.258 0.16 0.033 0.011 0.009 0.004 0.008 0.003 0.004 0 0.012 0.008 0.002 0.006 0.063 0.181 0.079 0.045 0.008 0.006 0 0 0.001 0.004 0.003 0.001 0.002 0.002 0 0.002 0.01 0.003 0.001 0.025 0.035 0.011;
0.238 0.007 0.006 0.01 0.012 0.004 0.001 0.005 0.002 0.103 0.112 0.001 0.004 0.004 0.004 0.022 0.003 0 0.003 0.001 0.098 0.005 0.001 0 0.002 0.013 0.135 0.003 0.006 0.006 0.019 0.009 0 0.006 0.001 0.154;0.238 0.007 0.006 0.112 0.001 0.004 0.004 0.135 0.003 0.006 0.01 0.012 0.004 0.001 0.004 0.022 0.003 0 0.006 0.019 0.009 0 0.001 0.013 0.002 0 0.005 0.002 0.103 0.003 0.001 0.098 0.005 0.006 0.001 0.154;0.238 0.112 0.135 0.01 0.004 0.006 0.001 0.005 0.003 0.006 0.007 0.001 0.003 0.004 0.012 0.022 0.019 0.013 0.002 0.001 0.001 0.005 0.001 0 0 0 0.006 0.004 0.006 0.004 0.003 0.009 0.002 0.103 0.098 0.154;
0.225 0.004 0.003 0.011 0.073 0.002 0.003 0.002 0.004 0.019 0.129 0.006 0.007 0.005 0.007 0.164 0.004 0.003 0.003 0.002 0.044 0.006 0.004 0.004 0.002 0.064 0.078 0.004 0.002 0.003 0.052 0.003 0.001 0.003 0.002 0.052;0.225 0.004 0.003 0.129 0.006 0.007 0.005 0.078 0.004 0.002 0.011 0.073 0.002 0.003 0.007 0.164 0.004 0.003 0.003 0.052 0.003 0.001 0.004 0.064 0.002 0.004 0.002 0.004 0.019 0.003 0.002 0.044 0.006 0.003 0.002 0.052;0.225 0.129 0.078 0.011 0.007 0.003 0.004 0.002 0.003 0.003 0.004 0.006 0.004 0.005 0.073 0.164 0.052 0.064 0.004 0.002 0.002 0.006 0.003 0.004 0.001 0.003 0.003 0.007 0.002 0.002 0.004 0.003 0.002 0.019 0.044 0.052;
0.219 0.008 0 0.004 0.061 0.006 0.001 0.009 0.006 0.035 0.147 0.001 0.005 0.003 0.002 0.128 0.006 0.001 0.004 0.003 0.065 0.001 0.004 0.001 0.001 0.048 0.075 0.004 0.008 0.002 0.047 0.005 0.002 0.003 0.006 0.079;0.219 0.008 0 0.147 0.001 0.005 0.003 0.075 0.004 0.008 0.004 0.061 0.006 0.001 0.002 0.128 0.006 0.001 0.002 0.047 0.005 0.002 0.004 0.048 0.001 0.001 0.009 0.006 0.035 0.004 0.003 0.065 0.001 0.003 0.006 0.079;0.219 0.147 0.075 0.004 0.002 0.002 0.004 0.009 0.004 0.003 0.008 0.001 0.004 0.003 0.061 0.128 0.047 0.048 0.006 0.003 0.006 0.001 0.001 0.001 0.002 0.001 0 0.005 0.008 0.006 0.006 0.005 0.001 0.035 0.065 0.079;
0.216 0.008 0.004 0.006 0.093 0.004 0.004 0.009 0.003 0.022 0.151 0.009 0.004 0.004 0.009 0.157 0.002 0.004 0.003 0.001 0.035 0.002 0.001 0.008 0.001 0.067 0.065 0.003 0 0.004 0.068 0.001 0.002 0.004 0.001 0.025;0.216 0.008 0.004 0.151 0.009 0.004 0.004 0.065 0.003 0 0.006 0.093 0.004 0.004 0.009 0.157 0.002 0.004 0.004 0.068 0.001 0.002 0.001 0.067 0.001 0.008 0.009 0.003 0.022 0.003 0.001 0.035 0.002 0.004 0.001 0.025;0.216 0.151 0.065 0.006 0.009 0.004 0.001 0.009 0.003 0.004 0.008 0.009 0.003 0.004 0.093 0.157 0.068 0.067 0.003 0.001 0.001 0.002 0.004 0.008 0.002 0.004 0.004 0.004 0 0.004 0.002 0.001 0.001 0.022 0.035 0.025;
0.214 0.003 0.012 0.005 0.065 0.003 0.004 0.002 0.002 0.029 0.186 0.004 0.004 0.002 0.004 0.174 0.004 0.004 0.006 0.003 0.062 0 0.002 0.004 0.001 0.026 0.025 0.002 0.002 0.003 0.076 0.004 0.005 0.006 0.003 0.049;0.214 0.003 0.012 0.186 0.004 0.004 0.002 0.025 0.002 0.002 0.005 0.065 0.003 0.004 0.004 0.174 0.004 0.004 0.003 0.076 0.004 0.005 0.002 0.026 0.001 0.004 0.002 0.002 0.029 0.006 0.003 0.062 0 0.006 0.003 0.049;0.214 0.186 0.025 0.005 0.004 0.003 0.002 0.002 0.006 0.006 0.003 0.004 0.002 0.002 0.065 0.174 0.076 0.026 0.002 0.003 0.003 0 0.004 0.004 0.005 0.004 0.012 0.004 0.002 0.003 0.004 0.004 0.001 0.029 0.062 0.049;
0.24 0.002 0.016 0.003 0.07 0.002 0.007 0.009 0 0.026 0.187 0.001 0.013 0 0.004 0.164 0 0.004 0.012 0 0.068 0 0 0.007 0 0.022 0.009 0 0.002 0 0.06 0.001 0.005 0.003 0.001 0.062;0.24 0.002 0.016 0.187 0.001 0.013 0 0.009 0 0.002 0.003 0.07 0.002 0.007 0.004 0.164 0 0.004 0 0.06 0.001 0.005 0 0.022 0 0.007 0.009 0 0.026 0.012 0 0.068 0 0.003 0.001 0.062;0.24 0.187 0.009 0.003 0.004 0 0 0.009 0.012 0.003 0.002 0.001 0 0 0.07 0.164 0.06 0.022 0 0 0.001 0 0.007 0.007 0.005 0.004 0.016 0.013 0.002 0.002 0 0.001 0 0.026 0.068 0.062;
0.209 0.008 0.006 0.009 0.069 0.003 0.001 0.002 0.003 0.032 0.185 0.007 0.002 0.004 0.007 0.14 0.002 0.001 0.005 0.01 0.077 0.002 0.005 0 0.007 0.027 0.015 0.004 0 0.003 0.061 0.002 0.001 0.003 0.008 0.08;0.209 0.008 0.006 0.185 0.007 0.002 0.004 0.015 0.004 0 0.009 0.069 0.003 0.001 0.007 0.14 0.002 0.001 0.003 0.061 0.002 0.001 0.005 0.027 0.007 0 0.002 0.003 0.032 0.005 0.01 0.077 0.002 0.003 0.008 0.08;0.209 0.185 0.015 0.009 0.007 0.003 0.005 0.002 0.005 0.003 0.008 0.007 0.004 0.004 0.069 0.14 0.061 0.027 0.003 0.01 0.008 0.002 0.001 0 0.001 0.001 0.006 0.002 0 0.003 0.002 0.002 0.007 0.032 0.077 0.08;
0.223 0 0.01 0.002 0.029 0 0.001 0.009 0 0.088 0.078 0 0.006 0 0.001 0.113 0.001 0.008 0.006 0.001 0.054 0.002 0 0.005 0 0.064 0.135 0 0.008 0.002 0.017 0.002 0.002 0.009 0 0.124;0.223 0 0.01 0.078 0 0.006 0 0.135 0 0.008 0.002 0.029 0 0.001 0.001 0.113 0.001 0.008 0.002 0.017 0.002 0.002 0 0.064 0 0.005 0.009 0 0.088 0.006 0.001 0.054 0.002 0.009 0 0.124;0.223 0.078 0.135 0.002 0.001 0.002 0 0.009 0.006 0.009 0 0 0 0 0.029 0.113 0.017 0.064 0 0.001 0 0.002 0.001 0.005 0.002 0.008 0.01 0.006 0.008 0 0.001 0.002 0 0.088 0.054 0.124;
0.256 0.007 0.001 0.015 0.045 0.001 0.001 0.004 0.002 0.022 0.055 0.006 0 0.004 0.002 0.188 0.001 0.006 0.002 0.002 0.019 0.004 0.003 0.003 0.001 0.141 0.158 0.006 0 0.006 0.024 0 0.001 0.001 0 0.013;0.256 0.007 0.001 0.055 0.006 0 0.004 0.158 0.006 0 0.015 0.045 0.001 0.001 0.002 0.188 0.001 0.006 0.006 0.024 0 0.001 0.003 0.141 0.001 0.003 0.004 0.002 0.022 0.002 0.002 0.019 0.004 0.001 0 0.013;0.256 0.055 0.158 0.015 0.002 0.006 0.003 0.004 0.002 0.001 0.007 0.006 0.006 0.004 0.045 0.188 0.024 0.141 0.002 0.002 0 0.004 0.001 0.003 0.001 0.006 0.001 0 0 0.001 0.001 0 0.001 0.022 0.019 0.013;
0.228 0.005 0.011 0.016 0.079 0.002 0.002 0 0.001 0.028 0.118 0.003 0.006 0.001 0.008 0.154 0.002 0.01 0 0 0.037 0 0.003 0.004 0 0.081 0.073 0.004 0.001 0.006 0.052 0.001 0.007 0.002 0.002 0.053;0.228 0.005 0.011 0.118 0.003 0.006 0.001 0.073 0.004 0.001 0.016 0.079 0.002 0.002 0.008 0.154 0.002 0.01 0.006 0.052 0.001 0.007 0.003 0.081 0 0.004 0 0.001 0.028 0 0 0.037 0 0.002 0.002 0.053;0.228 0.118 0.073 0.016 0.008 0.006 0.003 0 0 0.002 0.005 0.003 0.004 0.001 0.079 0.154 0.052 0.081 0.001 0 0.002 0 0.002 0.004 0.007 0.01 0.011 0.006 0.001 0.002 0.002 0.001 0 0.028 0.037 0.053;
0.262 0.009 0.003 0.013 0.028 0.001 0 0.002 0.001 0.04 0.023 0.008 0.001 0.004 0.003 0.201 0.003 0.004 0 0.006 0.009 0.005 0.004 0.002 0.005 0.128 0.15 0.01 0.003 0.008 0.02 0.001 0.003 0.002 0.002 0.036;0.262 0.009 0.003 0.023 0.008 0.001 0.004 0.15 0.01 0.003 0.013 0.028 0.001 0 0.003 0.201 0.003 0.004 0.008 0.02 0.001 0.003 0.004 0.128 0.005 0.002 0.002 0.001 0.04 0 0.006 0.009 0.005 0.002 0.002 0.036;0.262 0.023 0.15 0.013 0.003 0.008 0.004 0.002 0 0.002 0.009 0.008 0.01 0.004 0.028 0.201 0.02 0.128 0.001 0.006 0.002 0.005 0 0.002 0.003 0.004 0.003 0.001 0.003 0.001 0.003 0.001 0.005 0.04 0.009 0.036];