pntP=[0.128 0.097 0.091 0.09 0.079 0.089 0.033 0.049 0.031 0.073 0.048 0.053 0.049 0.054 0.036;0.128 0.097 0.089 0.033 0.049 0.091 0.09 0.079 0.031 0.073 0.048 0.053 0.054 0.049 0.036;0.128 0.089 0.091 0.031 0.053 0.097 0.033 0.049 0.09 0.073 0.054 0.079 0.049 0.048 0.036;
0.119 0.093 0.083 0.097 0.08 0.094 0.028 0.058 0.019 0.068 0.046 0.048 0.046 0.089 0.032;0.119 0.093 0.094 0.028 0.058 0.083 0.097 0.08 0.019 0.068 0.046 0.048 0.089 0.046 0.032;0.119 0.094 0.083 0.019 0.048 0.093 0.028 0.058 0.097 0.068 0.089 0.08 0.046 0.046 0.032;
0.124 0.076 0.067 0.098 0.086 0.084 0.035 0.061 0.034 0.094 0.046 0.041 0.039 0.083 0.032;0.124 0.076 0.084 0.035 0.061 0.067 0.098 0.086 0.034 0.094 0.046 0.041 0.083 0.039 0.032;0.124 0.084 0.067 0.034 0.041 0.076 0.035 0.061 0.098 0.094 0.083 0.086 0.039 0.046 0.032;
0.117 0.094 0.084 0.094 0.095 0.081 0.026 0.058 0.018 0.064 0.038 0.052 0.056 0.084 0.039;0.117 0.094 0.081 0.026 0.058 0.084 0.094 0.095 0.018 0.064 0.038 0.052 0.084 0.056 0.039;0.117 0.081 0.084 0.018 0.052 0.094 0.026 0.058 0.094 0.064 0.084 0.095 0.056 0.038 0.039;
0.118 0.083 0.082 0.111 0.093 0.085 0.024 0.05 0.031 0.069 0.042 0.049 0.056 0.075 0.032;0.118 0.083 0.085 0.024 0.05 0.082 0.111 0.093 0.031 0.069 0.042 0.049 0.075 0.056 0.032;0.118 0.085 0.082 0.031 0.049 0.083 0.024 0.05 0.111 0.069 0.075 0.093 0.056 0.042 0.032;
0.128 0.087 0.076 0.104 0.076 0.093 0.033 0.052 0.025 0.066 0.042 0.057 0.037 0.091 0.033;0.128 0.087 0.093 0.033 0.052 0.076 0.104 0.076 0.025 0.066 0.042 0.057 0.091 0.037 0.033;0.128 0.093 0.076 0.025 0.057 0.087 0.033 0.052 0.104 0.066 0.091 0.076 0.037 0.042 0.033;
0.099 0.089 0.096 0.104 0.09 0.091 0.033 0.052 0.035 0.065 0.04 0.048 0.041 0.08 0.037;0.099 0.089 0.091 0.033 0.052 0.096 0.104 0.09 0.035 0.065 0.04 0.048 0.08 0.041 0.037;0.099 0.091 0.096 0.035 0.048 0.089 0.033 0.052 0.104 0.065 0.08 0.09 0.041 0.04 0.037;
0.117 0.089 0.08 0.103 0.086 0.099 0.02 0.033 0.019 0.066 0.053 0.052 0.04 0.104 0.039;0.117 0.089 0.099 0.02 0.033 0.08 0.103 0.086 0.019 0.066 0.053 0.052 0.104 0.04 0.039;0.117 0.099 0.08 0.019 0.052 0.089 0.02 0.033 0.103 0.066 0.104 0.086 0.04 0.053 0.039;
0.137 0.102 0.065 0.109 0.074 0.09 0.023 0.065 0.021 0.063 0.042 0.05 0.043 0.082 0.034;0.137 0.102 0.09 0.023 0.065 0.065 0.109 0.074 0.021 0.063 0.042 0.05 0.082 0.043 0.034;0.137 0.09 0.065 0.021 0.05 0.102 0.023 0.065 0.109 0.063 0.082 0.074 0.043 0.042 0.034;
0.121 0.081 0.075 0.094 0.082 0.083 0.039 0.038 0.032 0.083 0.047 0.044 0.051 0.092 0.038;0.121 0.081 0.083 0.039 0.038 0.075 0.094 0.082 0.032 0.083 0.047 0.044 0.092 0.051 0.038;0.121 0.083 0.075 0.032 0.044 0.081 0.039 0.038 0.094 0.083 0.092 0.082 0.051 0.047 0.038;
0.122 0.079 0.067 0.08 0.097 0.087 0.029 0.065 0.019 0.092 0.044 0.052 0.048 0.082 0.037;0.122 0.079 0.087 0.029 0.065 0.067 0.08 0.097 0.019 0.092 0.044 0.052 0.082 0.048 0.037;0.122 0.087 0.067 0.019 0.052 0.079 0.029 0.065 0.08 0.092 0.082 0.097 0.048 0.044 0.037;
0.132 0.089 0.081 0.094 0.082 0.081 0.027 0.063 0.02 0.085 0.037 0.046 0.049 0.081 0.033;0.132 0.089 0.081 0.027 0.063 0.081 0.094 0.082 0.02 0.085 0.037 0.046 0.081 0.049 0.033;0.132 0.081 0.081 0.02 0.046 0.089 0.027 0.063 0.094 0.085 0.081 0.082 0.049 0.037 0.033;
0.109 0.082 0.077 0.124 0.106 0.064 0.03 0.063 0.027 0.07 0.038 0.043 0.033 0.092 0.042;0.109 0.082 0.064 0.03 0.063 0.077 0.124 0.106 0.027 0.07 0.038 0.043 0.092 0.033 0.042;0.109 0.064 0.077 0.027 0.043 0.082 0.03 0.063 0.124 0.07 0.092 0.106 0.033 0.038 0.042;
0.129 0.097 0.061 0.088 0.078 0.082 0.028 0.03 0.038 0.098 0.052 0.041 0.054 0.092 0.032;0.129 0.097 0.082 0.028 0.03 0.061 0.088 0.078 0.038 0.098 0.052 0.041 0.092 0.054 0.032;0.129 0.082 0.061 0.038 0.041 0.097 0.028 0.03 0.088 0.098 0.092 0.078 0.054 0.052 0.032;
0.128 0.084 0.083 0.112 0.083 0.074 0.024 0.066 0.031 0.079 0.042 0.036 0.04 0.087 0.031;0.128 0.084 0.074 0.024 0.066 0.083 0.112 0.083 0.031 0.079 0.042 0.036 0.087 0.04 0.031;0.128 0.074 0.083 0.031 0.036 0.084 0.024 0.066 0.112 0.079 0.087 0.083 0.04 0.042 0.031;
0.088 0.086 0.078 0.107 0.078 0.095 0.029 0.051 0.025 0.071 0.043 0.049 0.054 0.116 0.03;0.088 0.086 0.095 0.029 0.051 0.078 0.107 0.078 0.025 0.071 0.043 0.049 0.116 0.054 0.03;0.088 0.095 0.078 0.025 0.049 0.086 0.029 0.051 0.107 0.071 0.116 0.078 0.054 0.043 0.03;
0.124 0.104 0.077 0.109 0.082 0.083 0.03 0.052 0.022 0.069 0.053 0.037 0.038 0.078 0.042;0.124 0.104 0.083 0.03 0.052 0.077 0.109 0.082 0.022 0.069 0.053 0.037 0.078 0.038 0.042;0.124 0.083 0.077 0.022 0.037 0.104 0.03 0.052 0.109 0.069 0.078 0.082 0.038 0.053 0.042;
0.134 0.079 0.095 0.088 0.079 0.085 0.032 0.041 0.036 0.082 0.045 0.048 0.047 0.085 0.024;0.134 0.079 0.085 0.032 0.041 0.095 0.088 0.079 0.036 0.082 0.045 0.048 0.085 0.047 0.024;0.134 0.085 0.095 0.036 0.048 0.079 0.032 0.041 0.088 0.082 0.085 0.079 0.047 0.045 0.024;
0.119 0.094 0.072 0.12 0.082 0.085 0.028 0.061 0.027 0.065 0.051 0.04 0.036 0.083 0.037;0.119 0.094 0.085 0.028 0.061 0.072 0.12 0.082 0.027 0.065 0.051 0.04 0.083 0.036 0.037;0.119 0.085 0.072 0.027 0.04 0.094 0.028 0.061 0.12 0.065 0.083 0.082 0.036 0.051 0.037;
0.104 0.091 0.081 0.108 0.075 0.095 0.021 0.061 0.034 0.076 0.044 0.035 0.041 0.087 0.047;0.104 0.091 0.095 0.021 0.061 0.081 0.108 0.075 0.034 0.076 0.044 0.035 0.087 0.041 0.047;0.104 0.095 0.081 0.034 0.035 0.091 0.021 0.061 0.108 0.076 0.087 0.075 0.041 0.044 0.047;
0.108 0.073 0.087 0.121 0.081 0.075 0.021 0.045 0.036 0.088 0.061 0.034 0.044 0.095 0.031;0.108 0.073 0.075 0.021 0.045 0.087 0.121 0.081 0.036 0.088 0.061 0.034 0.095 0.044 0.031;0.108 0.075 0.087 0.036 0.034 0.073 0.021 0.045 0.121 0.088 0.095 0.081 0.044 0.061 0.031;
0.116 0.084 0.075 0.109 0.084 0.079 0.025 0.046 0.017 0.099 0.042 0.043 0.054 0.095 0.032;0.116 0.084 0.079 0.025 0.046 0.075 0.109 0.084 0.017 0.099 0.042 0.043 0.095 0.054 0.032;0.116 0.079 0.075 0.017 0.043 0.084 0.025 0.046 0.109 0.099 0.095 0.084 0.054 0.042 0.032;
0.129 0.092 0.075 0.099 0.074 0.099 0.023 0.049 0.031 0.07 0.038 0.053 0.043 0.089 0.036;0.129 0.092 0.099 0.023 0.049 0.075 0.099 0.074 0.031 0.07 0.038 0.053 0.089 0.043 0.036;0.129 0.099 0.075 0.031 0.053 0.092 0.023 0.049 0.099 0.07 0.089 0.074 0.043 0.038 0.036;
0.126 0.078 0.099 0.091 0.082 0.078 0.027 0.057 0.022 0.081 0.055 0.049 0.036 0.082 0.037;0.126 0.078 0.078 0.027 0.057 0.099 0.091 0.082 0.022 0.081 0.055 0.049 0.082 0.036 0.037;0.126 0.078 0.099 0.022 0.049 0.078 0.027 0.057 0.091 0.081 0.082 0.082 0.036 0.055 0.037;
0.12 0.086 0.073 0.099 0.081 0.09 0.032 0.058 0.022 0.077 0.041 0.045 0.046 0.095 0.035;0.12 0.086 0.09 0.032 0.058 0.073 0.099 0.081 0.022 0.077 0.041 0.045 0.095 0.046 0.035;0.12 0.09 0.073 0.022 0.045 0.086 0.032 0.058 0.099 0.077 0.095 0.081 0.046 0.041 0.035;
0.132 0.076 0.079 0.088 0.077 0.093 0.027 0.06 0.031 0.052 0.049 0.064 0.052 0.087 0.033;0.132 0.076 0.093 0.027 0.06 0.079 0.088 0.077 0.031 0.052 0.049 0.064 0.087 0.052 0.033;0.132 0.093 0.079 0.031 0.064 0.076 0.027 0.06 0.088 0.052 0.087 0.077 0.052 0.049 0.033;
0.126 0.074 0.07 0.111 0.106 0.077 0.031 0.051 0.037 0.067 0.042 0.049 0.041 0.09 0.028;0.126 0.074 0.077 0.031 0.051 0.07 0.111 0.106 0.037 0.067 0.042 0.049 0.09 0.041 0.028;0.126 0.077 0.07 0.037 0.049 0.074 0.031 0.051 0.111 0.067 0.09 0.106 0.041 0.042 0.028;
0.112 0.088 0.077 0.095 0.094 0.069 0.035 0.06 0.022 0.076 0.048 0.044 0.042 0.101 0.037;0.112 0.088 0.069 0.035 0.06 0.077 0.095 0.094 0.022 0.076 0.048 0.044 0.101 0.042 0.037;0.112 0.069 0.077 0.022 0.044 0.088 0.035 0.06 0.095 0.076 0.101 0.094 0.042 0.048 0.037;
0.127 0.094 0.069 0.099 0.082 0.086 0.025 0.047 0.033 0.068 0.051 0.058 0.044 0.087 0.03;0.127 0.094 0.086 0.025 0.047 0.069 0.099 0.082 0.033 0.068 0.051 0.058 0.087 0.044 0.03;0.127 0.086 0.069 0.033 0.058 0.094 0.025 0.047 0.099 0.068 0.087 0.082 0.044 0.051 0.03;
0.125 0.074 0.087 0.089 0.077 0.108 0.025 0.052 0.043 0.088 0.045 0.043 0.039 0.073 0.032;0.125 0.074 0.108 0.025 0.052 0.087 0.089 0.077 0.043 0.088 0.045 0.043 0.073 0.039 0.032;0.125 0.108 0.087 0.043 0.043 0.074 0.025 0.052 0.089 0.088 0.073 0.077 0.039 0.045 0.032;
0.114 0.083 0.065 0.105 0.088 0.092 0.028 0.051 0.028 0.072 0.05 0.044 0.051 0.098 0.031;0.114 0.083 0.092 0.028 0.051 0.065 0.105 0.088 0.028 0.072 0.05 0.044 0.098 0.051 0.031;0.114 0.092 0.065 0.028 0.044 0.083 0.028 0.051 0.105 0.072 0.098 0.088 0.051 0.05 0.031;
0.114 0.081 0.076 0.099 0.082 0.088 0.028 0.043 0.033 0.073 0.061 0.054 0.043 0.091 0.034;0.114 0.081 0.088 0.028 0.043 0.076 0.099 0.082 0.033 0.073 0.061 0.054 0.091 0.043 0.034;0.114 0.088 0.076 0.033 0.054 0.081 0.028 0.043 0.099 0.073 0.091 0.082 0.043 0.061 0.034;
0.113 0.088 0.071 0.109 0.09 0.08 0.04 0.051 0.026 0.078 0.045 0.051 0.043 0.08 0.035;0.113 0.088 0.08 0.04 0.051 0.071 0.109 0.09 0.026 0.078 0.045 0.051 0.08 0.043 0.035;0.113 0.08 0.071 0.026 0.051 0.088 0.04 0.051 0.109 0.078 0.08 0.09 0.043 0.045 0.035;
0.112 0.091 0.083 0.115 0.082 0.076 0.026 0.052 0.032 0.073 0.051 0.05 0.043 0.081 0.033;0.112 0.091 0.076 0.026 0.052 0.083 0.115 0.082 0.032 0.073 0.051 0.05 0.081 0.043 0.033;0.112 0.076 0.083 0.032 0.05 0.091 0.026 0.052 0.115 0.073 0.081 0.082 0.043 0.051 0.033;
0.134 0.083 0.086 0.09 0.078 0.096 0.025 0.047 0.031 0.085 0.056 0.04 0.031 0.079 0.039;0.134 0.083 0.096 0.025 0.047 0.086 0.09 0.078 0.031 0.085 0.056 0.04 0.079 0.031 0.039;0.134 0.096 0.086 0.031 0.04 0.083 0.025 0.047 0.09 0.085 0.079 0.078 0.031 0.056 0.039;
0.121 0.099 0.066 0.083 0.083 0.08 0.031 0.067 0.022 0.069 0.05 0.049 0.044 0.097 0.039;0.121 0.099 0.08 0.031 0.067 0.066 0.083 0.083 0.022 0.069 0.05 0.049 0.097 0.044 0.039;0.121 0.08 0.066 0.022 0.049 0.099 0.031 0.067 0.083 0.069 0.097 0.083 0.044 0.05 0.039;
0.098 0.08 0.067 0.092 0.074 0.098 0.033 0.054 0.039 0.077 0.047 0.039 0.054 0.102 0.046;0.098 0.08 0.098 0.033 0.054 0.067 0.092 0.074 0.039 0.077 0.047 0.039 0.102 0.054 0.046;0.098 0.098 0.067 0.039 0.039 0.08 0.033 0.054 0.092 0.077 0.102 0.074 0.054 0.047 0.046;
0.124 0.091 0.079 0.09 0.093 0.084 0.034 0.041 0.023 0.066 0.038 0.061 0.058 0.087 0.031;0.124 0.091 0.084 0.034 0.041 0.079 0.09 0.093 0.023 0.066 0.038 0.061 0.087 0.058 0.031;0.124 0.084 0.079 0.023 0.061 0.091 0.034 0.041 0.09 0.066 0.087 0.093 0.058 0.038 0.031;
0.131 0.082 0.068 0.104 0.074 0.099 0.026 0.049 0.017 0.084 0.048 0.045 0.047 0.082 0.044;0.131 0.082 0.099 0.026 0.049 0.068 0.104 0.074 0.017 0.084 0.048 0.045 0.082 0.047 0.044;0.131 0.099 0.068 0.017 0.045 0.082 0.026 0.049 0.104 0.084 0.082 0.074 0.047 0.048 0.044;
0.108 0.086 0.068 0.091 0.082 0.105 0.036 0.06 0.02 0.083 0.043 0.052 0.047 0.09 0.029;0.108 0.086 0.105 0.036 0.06 0.068 0.091 0.082 0.02 0.083 0.043 0.052 0.09 0.047 0.029;0.108 0.105 0.068 0.02 0.052 0.086 0.036 0.06 0.091 0.083 0.09 0.082 0.047 0.043 0.029;
0.12 0.078 0.083 0.087 0.081 0.093 0.031 0.046 0.032 0.08 0.065 0.042 0.041 0.089 0.032;0.12 0.078 0.093 0.031 0.046 0.083 0.087 0.081 0.032 0.08 0.065 0.042 0.089 0.041 0.032;0.12 0.093 0.083 0.032 0.042 0.078 0.031 0.046 0.087 0.08 0.089 0.081 0.041 0.065 0.032;
0.117 0.101 0.075 0.09 0.079 0.083 0.031 0.048 0.03 0.079 0.045 0.045 0.054 0.086 0.037;0.117 0.101 0.083 0.031 0.048 0.075 0.09 0.079 0.03 0.079 0.045 0.045 0.086 0.054 0.037;0.117 0.083 0.075 0.03 0.045 0.101 0.031 0.048 0.09 0.079 0.086 0.079 0.054 0.045 0.037;
0.12 0.095 0.075 0.101 0.087 0.088 0.034 0.051 0.024 0.072 0.041 0.043 0.045 0.086 0.038;0.12 0.095 0.088 0.034 0.051 0.075 0.101 0.087 0.024 0.072 0.041 0.043 0.086 0.045 0.038;0.12 0.088 0.075 0.024 0.043 0.095 0.034 0.051 0.101 0.072 0.086 0.087 0.045 0.041 0.038;
0.099 0.09 0.093 0.088 0.079 0.092 0.029 0.043 0.03 0.076 0.05 0.051 0.046 0.091 0.043;0.099 0.09 0.092 0.029 0.043 0.093 0.088 0.079 0.03 0.076 0.05 0.051 0.091 0.046 0.043;0.099 0.092 0.093 0.03 0.051 0.09 0.029 0.043 0.088 0.076 0.091 0.079 0.046 0.05 0.043;
0.128 0.091 0.084 0.084 0.09 0.076 0.015 0.044 0.019 0.102 0.048 0.048 0.036 0.091 0.044;0.128 0.091 0.076 0.015 0.044 0.084 0.084 0.09 0.019 0.102 0.048 0.048 0.091 0.036 0.044;0.128 0.076 0.084 0.019 0.048 0.091 0.015 0.044 0.084 0.102 0.091 0.09 0.036 0.048 0.044;
0.118 0.091 0.079 0.106 0.078 0.098 0.038 0.046 0.024 0.069 0.053 0.045 0.04 0.076 0.039;0.118 0.091 0.098 0.038 0.046 0.079 0.106 0.078 0.024 0.069 0.053 0.045 0.076 0.04 0.039;0.118 0.098 0.079 0.024 0.045 0.091 0.038 0.046 0.106 0.069 0.076 0.078 0.04 0.053 0.039;
0.099 0.088 0.079 0.103 0.102 0.088 0.036 0.056 0.024 0.082 0.052 0.045 0.039 0.07 0.037;0.099 0.088 0.088 0.036 0.056 0.079 0.103 0.102 0.024 0.082 0.052 0.045 0.07 0.039 0.037;0.099 0.088 0.079 0.024 0.045 0.088 0.036 0.056 0.103 0.082 0.07 0.102 0.039 0.052 0.037;
0.115 0.102 0.077 0.108 0.09 0.094 0.031 0.042 0.036 0.079 0.036 0.031 0.048 0.077 0.034;0.115 0.102 0.094 0.031 0.042 0.077 0.108 0.09 0.036 0.079 0.036 0.031 0.077 0.048 0.034;0.115 0.094 0.077 0.036 0.031 0.102 0.031 0.042 0.108 0.079 0.077 0.09 0.048 0.036 0.034;
0.13 0.081 0.097 0.102 0.079 0.088 0.035 0.062 0.025 0.073 0.049 0.037 0.026 0.071 0.045;0.13 0.081 0.088 0.035 0.062 0.097 0.102 0.079 0.025 0.073 0.049 0.037 0.071 0.026 0.045;0.13 0.088 0.097 0.025 0.037 0.081 0.035 0.062 0.102 0.073 0.071 0.079 0.026 0.049 0.045;
0.115 0.099 0.07 0.091 0.098 0.081 0.034 0.065 0.028 0.074 0.04 0.039 0.039 0.092 0.035;0.115 0.099 0.081 0.034 0.065 0.07 0.091 0.098 0.028 0.074 0.04 0.039 0.092 0.039 0.035;0.115 0.081 0.07 0.028 0.039 0.099 0.034 0.065 0.091 0.074 0.092 0.098 0.039 0.04 0.035;
0.111 0.082 0.089 0.098 0.069 0.097 0.027 0.049 0.032 0.069 0.046 0.045 0.053 0.095 0.038;0.111 0.082 0.097 0.027 0.049 0.089 0.098 0.069 0.032 0.069 0.046 0.045 0.095 0.053 0.038;0.111 0.097 0.089 0.032 0.045 0.082 0.027 0.049 0.098 0.069 0.095 0.069 0.053 0.046 0.038;
0.115 0.087 0.083 0.086 0.084 0.101 0.031 0.052 0.034 0.071 0.04 0.042 0.034 0.097 0.043;0.115 0.087 0.101 0.031 0.052 0.083 0.086 0.084 0.034 0.071 0.04 0.042 0.097 0.034 0.043;0.115 0.101 0.083 0.034 0.042 0.087 0.031 0.052 0.086 0.071 0.097 0.084 0.034 0.04 0.043;
0.124 0.095 0.079 0.103 0.088 0.088 0.035 0.041 0.03 0.069 0.048 0.045 0.05 0.081 0.024;0.124 0.095 0.088 0.035 0.041 0.079 0.103 0.088 0.03 0.069 0.048 0.045 0.081 0.05 0.024;0.124 0.088 0.079 0.03 0.045 0.095 0.035 0.041 0.103 0.069 0.081 0.088 0.05 0.048 0.024;
0.121 0.089 0.074 0.1 0.074 0.097 0.024 0.041 0.036 0.053 0.067 0.056 0.04 0.088 0.04;0.121 0.089 0.097 0.024 0.041 0.074 0.1 0.074 0.036 0.053 0.067 0.056 0.088 0.04 0.04;0.121 0.097 0.074 0.036 0.056 0.089 0.024 0.041 0.1 0.053 0.088 0.074 0.04 0.067 0.04;
0.114 0.085 0.089 0.096 0.071 0.092 0.023 0.046 0.033 0.08 0.05 0.046 0.049 0.094 0.032;0.114 0.085 0.092 0.023 0.046 0.089 0.096 0.071 0.033 0.08 0.05 0.046 0.094 0.049 0.032;0.114 0.092 0.089 0.033 0.046 0.085 0.023 0.046 0.096 0.08 0.094 0.071 0.049 0.05 0.032;
0.121 0.074 0.074 0.09 0.086 0.076 0.03 0.046 0.033 0.086 0.056 0.053 0.05 0.09 0.035;0.121 0.074 0.076 0.03 0.046 0.074 0.09 0.086 0.033 0.086 0.056 0.053 0.09 0.05 0.035;0.121 0.076 0.074 0.033 0.053 0.074 0.03 0.046 0.09 0.086 0.09 0.086 0.05 0.056 0.035;
0.114 0.098 0.075 0.094 0.086 0.101 0.023 0.039 0.031 0.078 0.049 0.05 0.047 0.091 0.024;0.114 0.098 0.101 0.023 0.039 0.075 0.094 0.086 0.031 0.078 0.049 0.05 0.091 0.047 0.024;0.114 0.101 0.075 0.031 0.05 0.098 0.023 0.039 0.094 0.078 0.091 0.086 0.047 0.049 0.024;
0.125 0.092 0.083 0.106 0.079 0.089 0.026 0.046 0.026 0.066 0.053 0.044 0.053 0.091 0.021;0.125 0.092 0.089 0.026 0.046 0.083 0.106 0.079 0.026 0.066 0.053 0.044 0.091 0.053 0.021;0.125 0.089 0.083 0.026 0.044 0.092 0.026 0.046 0.106 0.066 0.091 0.079 0.053 0.053 0.021;
0.114 0.085 0.084 0.1 0.083 0.088 0.026 0.055 0.027 0.07 0.052 0.05 0.045 0.087 0.034;0.114 0.085 0.088 0.026 0.055 0.084 0.1 0.083 0.027 0.07 0.052 0.05 0.087 0.045 0.034;0.114 0.088 0.084 0.027 0.05 0.085 0.026 0.055 0.1 0.07 0.087 0.083 0.045 0.052 0.034;
0.11 0.08 0.072 0.118 0.106 0.083 0.032 0.045 0.026 0.076 0.052 0.041 0.046 0.088 0.025;0.11 0.08 0.083 0.032 0.045 0.072 0.118 0.106 0.026 0.076 0.052 0.041 0.088 0.046 0.025;0.11 0.083 0.072 0.026 0.041 0.08 0.032 0.045 0.118 0.076 0.088 0.106 0.046 0.052 0.025;
0.122 0.088 0.083 0.099 0.087 0.083 0.034 0.043 0.031 0.075 0.057 0.049 0.038 0.085 0.026;0.122 0.088 0.083 0.034 0.043 0.083 0.099 0.087 0.031 0.075 0.057 0.049 0.085 0.038 0.026;0.122 0.083 0.083 0.031 0.049 0.088 0.034 0.043 0.099 0.075 0.085 0.087 0.038 0.057 0.026;
0.124 0.073 0.068 0.105 0.077 0.088 0.033 0.058 0.025 0.083 0.036 0.05 0.049 0.088 0.043;0.124 0.073 0.088 0.033 0.058 0.068 0.105 0.077 0.025 0.083 0.036 0.05 0.088 0.049 0.043;0.124 0.088 0.068 0.025 0.05 0.073 0.033 0.058 0.105 0.083 0.088 0.077 0.049 0.036 0.043;
0.126 0.08 0.062 0.1 0.09 0.097 0.026 0.046 0.023 0.072 0.044 0.051 0.065 0.073 0.045;0.126 0.08 0.097 0.026 0.046 0.062 0.1 0.09 0.023 0.072 0.044 0.051 0.073 0.065 0.045;0.126 0.097 0.062 0.023 0.051 0.08 0.026 0.046 0.1 0.072 0.073 0.09 0.065 0.044 0.045;
0.11 0.093 0.075 0.097 0.089 0.089 0.035 0.058 0.038 0.064 0.047 0.043 0.039 0.089 0.034;0.11 0.093 0.089 0.035 0.058 0.075 0.097 0.089 0.038 0.064 0.047 0.043 0.089 0.039 0.034;0.11 0.089 0.075 0.038 0.043 0.093 0.035 0.058 0.097 0.064 0.089 0.089 0.039 0.047 0.034;
0.139 0.085 0.072 0.1 0.079 0.085 0.025 0.056 0.03 0.072 0.052 0.05 0.044 0.079 0.032;0.139 0.085 0.085 0.025 0.056 0.072 0.1 0.079 0.03 0.072 0.052 0.05 0.079 0.044 0.032;0.139 0.085 0.072 0.03 0.05 0.085 0.025 0.056 0.1 0.072 0.079 0.079 0.044 0.052 0.032;
0.134 0.097 0.066 0.095 0.08 0.089 0.027 0.047 0.029 0.084 0.04 0.037 0.046 0.097 0.032;0.134 0.097 0.089 0.027 0.047 0.066 0.095 0.08 0.029 0.084 0.04 0.037 0.097 0.046 0.032;0.134 0.089 0.066 0.029 0.037 0.097 0.027 0.047 0.095 0.084 0.097 0.08 0.046 0.04 0.032;
0.126 0.094 0.085 0.091 0.093 0.071 0.042 0.049 0.034 0.057 0.037 0.047 0.046 0.094 0.034;0.126 0.094 0.071 0.042 0.049 0.085 0.091 0.093 0.034 0.057 0.037 0.047 0.094 0.046 0.034;0.126 0.071 0.085 0.034 0.047 0.094 0.042 0.049 0.091 0.057 0.094 0.093 0.046 0.037 0.034;
0.122 0.102 0.073 0.097 0.088 0.088 0.018 0.046 0.027 0.072 0.054 0.044 0.049 0.095 0.025;0.122 0.102 0.088 0.018 0.046 0.073 0.097 0.088 0.027 0.072 0.054 0.044 0.095 0.049 0.025;0.122 0.088 0.073 0.027 0.044 0.102 0.018 0.046 0.097 0.072 0.095 0.088 0.049 0.054 0.025;
0.116 0.082 0.077 0.103 0.083 0.083 0.046 0.047 0.036 0.068 0.059 0.045 0.043 0.071 0.041;0.116 0.082 0.083 0.046 0.047 0.077 0.103 0.083 0.036 0.068 0.059 0.045 0.071 0.043 0.041;0.116 0.083 0.077 0.036 0.045 0.082 0.046 0.047 0.103 0.068 0.071 0.083 0.043 0.059 0.041;
0.152 0.063 0.078 0.093 0.08 0.088 0.029 0.047 0.037 0.079 0.054 0.043 0.032 0.084 0.041;0.152 0.063 0.088 0.029 0.047 0.078 0.093 0.08 0.037 0.079 0.054 0.043 0.084 0.032 0.041;0.152 0.088 0.078 0.037 0.043 0.063 0.029 0.047 0.093 0.079 0.084 0.08 0.032 0.054 0.041;
0.114 0.086 0.071 0.094 0.089 0.098 0.029 0.044 0.028 0.09 0.05 0.04 0.05 0.083 0.034;0.114 0.086 0.098 0.029 0.044 0.071 0.094 0.089 0.028 0.09 0.05 0.04 0.083 0.05 0.034;0.114 0.098 0.071 0.028 0.04 0.086 0.029 0.044 0.094 0.09 0.083 0.089 0.05 0.05 0.034;
0.101 0.094 0.071 0.118 0.089 0.084 0.03 0.045 0.025 0.084 0.044 0.049 0.043 0.089 0.034;0.101 0.094 0.084 0.03 0.045 0.071 0.118 0.089 0.025 0.084 0.044 0.049 0.089 0.043 0.034;0.101 0.084 0.071 0.025 0.049 0.094 0.03 0.045 0.118 0.084 0.089 0.089 0.043 0.044 0.034;
0.105 0.089 0.065 0.089 0.098 0.106 0.041 0.056 0.028 0.084 0.056 0.044 0.038 0.071 0.03;0.105 0.089 0.106 0.041 0.056 0.065 0.089 0.098 0.028 0.084 0.056 0.044 0.071 0.038 0.03;0.105 0.106 0.065 0.028 0.044 0.089 0.041 0.056 0.089 0.084 0.071 0.098 0.038 0.056 0.03;
0.129 0.094 0.072 0.095 0.063 0.078 0.03 0.056 0.037 0.065 0.056 0.058 0.053 0.079 0.035;0.129 0.094 0.078 0.03 0.056 0.072 0.095 0.063 0.037 0.065 0.056 0.058 0.079 0.053 0.035;0.129 0.078 0.072 0.037 0.058 0.094 0.03 0.056 0.095 0.065 0.079 0.063 0.053 0.056 0.035;
0.116 0.092 0.089 0.09 0.089 0.084 0.022 0.047 0.031 0.074 0.061 0.051 0.038 0.076 0.04;0.116 0.092 0.084 0.022 0.047 0.089 0.09 0.089 0.031 0.074 0.061 0.051 0.076 0.038 0.04;0.116 0.084 0.089 0.031 0.051 0.092 0.022 0.047 0.09 0.074 0.076 0.089 0.038 0.061 0.04;
0.103 0.1 0.065 0.107 0.09 0.086 0.022 0.04 0.03 0.099 0.048 0.049 0.046 0.082 0.033;0.103 0.1 0.086 0.022 0.04 0.065 0.107 0.09 0.03 0.099 0.048 0.049 0.082 0.046 0.033;0.103 0.086 0.065 0.03 0.049 0.1 0.022 0.04 0.107 0.099 0.082 0.09 0.046 0.048 0.033;
0.124 0.084 0.084 0.094 0.085 0.089 0.025 0.058 0.029 0.077 0.034 0.041 0.051 0.089 0.036;0.124 0.084 0.089 0.025 0.058 0.084 0.094 0.085 0.029 0.077 0.034 0.041 0.089 0.051 0.036;0.124 0.089 0.084 0.029 0.041 0.084 0.025 0.058 0.094 0.077 0.089 0.085 0.051 0.034 0.036;
0.119 0.089 0.081 0.099 0.073 0.096 0.025 0.05 0.038 0.073 0.053 0.034 0.048 0.085 0.037;0.119 0.089 0.096 0.025 0.05 0.081 0.099 0.073 0.038 0.073 0.053 0.034 0.085 0.048 0.037;0.119 0.096 0.081 0.038 0.034 0.089 0.025 0.05 0.099 0.073 0.085 0.073 0.048 0.053 0.037;
0.11 0.09 0.081 0.104 0.091 0.082 0.021 0.048 0.027 0.064 0.06 0.053 0.033 0.087 0.049;0.11 0.09 0.082 0.021 0.048 0.081 0.104 0.091 0.027 0.064 0.06 0.053 0.087 0.033 0.049;0.11 0.082 0.081 0.027 0.053 0.09 0.021 0.048 0.104 0.064 0.087 0.091 0.033 0.06 0.049;
0.14 0.081 0.079 0.096 0.082 0.096 0.029 0.05 0.032 0.071 0.041 0.051 0.037 0.085 0.03;0.14 0.081 0.096 0.029 0.05 0.079 0.096 0.082 0.032 0.071 0.041 0.051 0.085 0.037 0.03;0.14 0.096 0.079 0.032 0.051 0.081 0.029 0.05 0.096 0.071 0.085 0.082 0.037 0.041 0.03;
0.125 0.107 0.071 0.105 0.085 0.079 0.034 0.047 0.032 0.073 0.039 0.041 0.049 0.081 0.032;0.125 0.107 0.079 0.034 0.047 0.071 0.105 0.085 0.032 0.073 0.039 0.041 0.081 0.049 0.032;0.125 0.079 0.071 0.032 0.041 0.107 0.034 0.047 0.105 0.073 0.081 0.085 0.049 0.039 0.032;
0.115 0.089 0.072 0.111 0.081 0.1 0.021 0.048 0.019 0.068 0.052 0.052 0.045 0.083 0.044;0.115 0.089 0.1 0.021 0.048 0.072 0.111 0.081 0.019 0.068 0.052 0.052 0.083 0.045 0.044;0.115 0.1 0.072 0.019 0.052 0.089 0.021 0.048 0.111 0.068 0.083 0.081 0.045 0.052 0.044;
0.121 0.094 0.074 0.101 0.09 0.085 0.028 0.046 0.022 0.082 0.055 0.04 0.046 0.079 0.037;0.121 0.094 0.085 0.028 0.046 0.074 0.101 0.09 0.022 0.082 0.055 0.04 0.079 0.046 0.037;0.121 0.085 0.074 0.022 0.04 0.094 0.028 0.046 0.101 0.082 0.079 0.09 0.046 0.055 0.037;
0.118 0.084 0.08 0.095 0.097 0.081 0.027 0.049 0.031 0.079 0.049 0.045 0.043 0.087 0.035;0.118 0.084 0.081 0.027 0.049 0.08 0.095 0.097 0.031 0.079 0.049 0.045 0.087 0.043 0.035;0.118 0.081 0.08 0.031 0.045 0.084 0.027 0.049 0.095 0.079 0.087 0.097 0.043 0.049 0.035;
0.108 0.089 0.067 0.099 0.085 0.085 0.027 0.056 0.029 0.094 0.036 0.06 0.046 0.075 0.044;0.108 0.089 0.085 0.027 0.056 0.067 0.099 0.085 0.029 0.094 0.036 0.06 0.075 0.046 0.044;0.108 0.085 0.067 0.029 0.06 0.089 0.027 0.056 0.099 0.094 0.075 0.085 0.046 0.036 0.044;
0.116 0.093 0.093 0.099 0.1 0.082 0.022 0.046 0.018 0.085 0.047 0.042 0.048 0.081 0.028;0.116 0.093 0.082 0.022 0.046 0.093 0.099 0.1 0.018 0.085 0.047 0.042 0.081 0.048 0.028;0.116 0.082 0.093 0.018 0.042 0.093 0.022 0.046 0.099 0.085 0.081 0.1 0.048 0.047 0.028;
0.134 0.098 0.058 0.1 0.076 0.074 0.035 0.039 0.026 0.069 0.053 0.058 0.047 0.089 0.044;0.134 0.098 0.074 0.035 0.039 0.058 0.1 0.076 0.026 0.069 0.053 0.058 0.089 0.047 0.044;0.134 0.074 0.058 0.026 0.058 0.098 0.035 0.039 0.1 0.069 0.089 0.076 0.047 0.053 0.044;
0.123 0.09 0.073 0.098 0.079 0.084 0.034 0.04 0.026 0.076 0.052 0.055 0.049 0.075 0.046;0.123 0.09 0.084 0.034 0.04 0.073 0.098 0.079 0.026 0.076 0.052 0.055 0.075 0.049 0.046;0.123 0.084 0.073 0.026 0.055 0.09 0.034 0.04 0.098 0.076 0.075 0.079 0.049 0.052 0.046;
0.134 0.08 0.078 0.103 0.082 0.086 0.025 0.042 0.041 0.07 0.046 0.039 0.042 0.096 0.036;0.134 0.08 0.086 0.025 0.042 0.078 0.103 0.082 0.041 0.07 0.046 0.039 0.096 0.042 0.036;0.134 0.086 0.078 0.041 0.039 0.08 0.025 0.042 0.103 0.07 0.096 0.082 0.042 0.046 0.036;
0.127 0.083 0.07 0.111 0.078 0.094 0.025 0.051 0.027 0.071 0.056 0.037 0.038 0.09 0.042;0.127 0.083 0.094 0.025 0.051 0.07 0.111 0.078 0.027 0.071 0.056 0.037 0.09 0.038 0.042;0.127 0.094 0.07 0.027 0.037 0.083 0.025 0.051 0.111 0.071 0.09 0.078 0.038 0.056 0.042;
0.128 0.087 0.077 0.095 0.092 0.094 0.028 0.052 0.028 0.069 0.042 0.048 0.035 0.088 0.037;0.128 0.087 0.094 0.028 0.052 0.077 0.095 0.092 0.028 0.069 0.042 0.048 0.088 0.035 0.037;0.128 0.094 0.077 0.028 0.048 0.087 0.028 0.052 0.095 0.069 0.088 0.092 0.035 0.042 0.037;
0.122 0.079 0.063 0.091 0.089 0.086 0.037 0.065 0.029 0.09 0.045 0.042 0.047 0.088 0.027;0.122 0.079 0.086 0.037 0.065 0.063 0.091 0.089 0.029 0.09 0.045 0.042 0.088 0.047 0.027;0.122 0.086 0.063 0.029 0.042 0.079 0.037 0.065 0.091 0.09 0.088 0.089 0.047 0.045 0.027;
0.145 0.109 0.057 0.089 0.09 0.082 0.025 0.049 0.026 0.075 0.055 0.047 0.04 0.08 0.031;0.145 0.109 0.082 0.025 0.049 0.057 0.089 0.09 0.026 0.075 0.055 0.047 0.08 0.04 0.031;0.145 0.082 0.057 0.026 0.047 0.109 0.025 0.049 0.089 0.075 0.08 0.09 0.04 0.055 0.031;
0.11 0.097 0.074 0.101 0.091 0.082 0.039 0.052 0.033 0.08 0.04 0.042 0.041 0.084 0.034;0.11 0.097 0.082 0.039 0.052 0.074 0.101 0.091 0.033 0.08 0.04 0.042 0.084 0.041 0.034;0.11 0.082 0.074 0.033 0.042 0.097 0.039 0.052 0.101 0.08 0.084 0.091 0.041 0.04 0.034;
0.113 0.088 0.074 0.12 0.078 0.091 0.028 0.057 0.026 0.068 0.049 0.041 0.046 0.083 0.038;0.113 0.088 0.091 0.028 0.057 0.074 0.12 0.078 0.026 0.068 0.049 0.041 0.083 0.046 0.038;0.113 0.091 0.074 0.026 0.041 0.088 0.028 0.057 0.12 0.068 0.083 0.078 0.046 0.049 0.038;
0.123 0.099 0.073 0.106 0.077 0.089 0.026 0.045 0.029 0.071 0.044 0.05 0.041 0.102 0.025;0.123 0.099 0.089 0.026 0.045 0.073 0.106 0.077 0.029 0.071 0.044 0.05 0.102 0.041 0.025;0.123 0.089 0.073 0.029 0.05 0.099 0.026 0.045 0.106 0.071 0.102 0.077 0.041 0.044 0.025;
0.124 0.085 0.067 0.109 0.093 0.072 0.034 0.047 0.035 0.083 0.049 0.047 0.036 0.083 0.036;0.124 0.085 0.072 0.034 0.047 0.067 0.109 0.093 0.035 0.083 0.049 0.047 0.083 0.036 0.036;0.124 0.072 0.067 0.035 0.047 0.085 0.034 0.047 0.109 0.083 0.083 0.093 0.036 0.049 0.036;
0.111 0.088 0.084 0.093 0.086 0.1 0.022 0.052 0.026 0.077 0.041 0.057 0.044 0.078 0.041;0.111 0.088 0.1 0.022 0.052 0.084 0.093 0.086 0.026 0.077 0.041 0.057 0.078 0.044 0.041;0.111 0.1 0.084 0.026 0.057 0.088 0.022 0.052 0.093 0.077 0.078 0.086 0.044 0.041 0.041;
0.124 0.09 0.078 0.091 0.095 0.094 0.032 0.057 0.023 0.07 0.042 0.037 0.047 0.085 0.035;0.124 0.09 0.094 0.032 0.057 0.078 0.091 0.095 0.023 0.07 0.042 0.037 0.085 0.047 0.035;0.124 0.094 0.078 0.023 0.037 0.09 0.032 0.057 0.091 0.07 0.085 0.095 0.047 0.042 0.035;
0.111 0.098 0.062 0.105 0.084 0.103 0.03 0.041 0.03 0.085 0.047 0.052 0.036 0.091 0.025;0.111 0.098 0.103 0.03 0.041 0.062 0.105 0.084 0.03 0.085 0.047 0.052 0.091 0.036 0.025;0.111 0.103 0.062 0.03 0.052 0.098 0.03 0.041 0.105 0.085 0.091 0.084 0.036 0.047 0.025];