pntP=[0.083 0.06 0.097 0.097 0.066 0.075 0.046 0.055 0.033 0.076 0.059 0.052 0.058 0.092 0.051;0.083 0.06 0.075 0.046 0.055 0.097 0.097 0.066 0.033 0.076 0.059 0.052 0.092 0.058 0.051;0.083 0.075 0.097 0.033 0.052 0.06 0.046 0.055 0.097 0.076 0.092 0.066 0.058 0.059 0.051;
0.079 0.079 0.087 0.082 0.098 0.063 0.042 0.043 0.04 0.085 0.065 0.057 0.055 0.089 0.036;0.079 0.079 0.063 0.042 0.043 0.087 0.082 0.098 0.04 0.085 0.065 0.057 0.089 0.055 0.036;0.079 0.063 0.087 0.04 0.057 0.079 0.042 0.043 0.082 0.085 0.089 0.098 0.055 0.065 0.036;
0.074 0.066 0.082 0.083 0.088 0.088 0.034 0.058 0.035 0.077 0.054 0.062 0.064 0.088 0.047;0.074 0.066 0.088 0.034 0.058 0.082 0.083 0.088 0.035 0.077 0.054 0.062 0.088 0.064 0.047;0.074 0.088 0.082 0.035 0.062 0.066 0.034 0.058 0.083 0.077 0.088 0.088 0.064 0.054 0.047;
0.078 0.055 0.066 0.081 0.089 0.064 0.029 0.056 0.045 0.091 0.067 0.062 0.073 0.099 0.045;0.078 0.055 0.064 0.029 0.056 0.066 0.081 0.089 0.045 0.091 0.067 0.062 0.099 0.073 0.045;0.078 0.064 0.066 0.045 0.062 0.055 0.029 0.056 0.081 0.091 0.099 0.089 0.073 0.067 0.045;
0.089 0.06 0.087 0.075 0.093 0.072 0.029 0.045 0.043 0.072 0.063 0.069 0.055 0.083 0.065;0.089 0.06 0.072 0.029 0.045 0.087 0.075 0.093 0.043 0.072 0.063 0.069 0.083 0.055 0.065;0.089 0.072 0.087 0.043 0.069 0.06 0.029 0.045 0.075 0.072 0.083 0.093 0.055 0.063 0.065;
0.082 0.071 0.087 0.08 0.102 0.07 0.031 0.049 0.038 0.093 0.051 0.054 0.073 0.077 0.042;0.082 0.071 0.07 0.031 0.049 0.087 0.08 0.102 0.038 0.093 0.051 0.054 0.077 0.073 0.042;0.082 0.07 0.087 0.038 0.054 0.071 0.031 0.049 0.08 0.093 0.077 0.102 0.073 0.051 0.042;
0.088 0.065 0.091 0.096 0.075 0.077 0.03 0.058 0.036 0.076 0.062 0.055 0.068 0.086 0.037;0.088 0.065 0.077 0.03 0.058 0.091 0.096 0.075 0.036 0.076 0.062 0.055 0.086 0.068 0.037;0.088 0.077 0.091 0.036 0.055 0.065 0.03 0.058 0.096 0.076 0.086 0.075 0.068 0.062 0.037;
0.083 0.082 0.075 0.08 0.081 0.065 0.037 0.049 0.031 0.082 0.063 0.057 0.079 0.089 0.047;0.083 0.082 0.065 0.037 0.049 0.075 0.08 0.081 0.031 0.082 0.063 0.057 0.089 0.079 0.047;0.083 0.065 0.075 0.031 0.057 0.082 0.037 0.049 0.08 0.082 0.089 0.081 0.079 0.063 0.047;
0.074 0.067 0.079 0.083 0.086 0.061 0.035 0.049 0.035 0.091 0.066 0.06 0.063 0.104 0.047;0.074 0.067 0.061 0.035 0.049 0.079 0.083 0.086 0.035 0.091 0.066 0.06 0.104 0.063 0.047;0.074 0.061 0.079 0.035 0.06 0.067 0.035 0.049 0.083 0.091 0.104 0.086 0.063 0.066 0.047;
0.097 0.062 0.088 0.078 0.091 0.073 0.031 0.054 0.037 0.08 0.053 0.064 0.065 0.084 0.043;0.097 0.062 0.073 0.031 0.054 0.088 0.078 0.091 0.037 0.08 0.053 0.064 0.084 0.065 0.043;0.097 0.073 0.088 0.037 0.064 0.062 0.031 0.054 0.078 0.08 0.084 0.091 0.065 0.053 0.043;
0.089 0.08 0.077 0.091 0.092 0.056 0.052 0.053 0.032 0.077 0.073 0.058 0.055 0.069 0.046;0.089 0.08 0.056 0.052 0.053 0.077 0.091 0.092 0.032 0.077 0.073 0.058 0.069 0.055 0.046;0.089 0.056 0.077 0.032 0.058 0.08 0.052 0.053 0.091 0.077 0.069 0.092 0.055 0.073 0.046;
0.07 0.084 0.066 0.084 0.096 0.057 0.034 0.055 0.036 0.09 0.07 0.063 0.056 0.087 0.052;0.07 0.084 0.057 0.034 0.055 0.066 0.084 0.096 0.036 0.09 0.07 0.063 0.087 0.056 0.052;0.07 0.057 0.066 0.036 0.063 0.084 0.034 0.055 0.084 0.09 0.087 0.096 0.056 0.07 0.052;
0.087 0.07 0.078 0.088 0.089 0.057 0.031 0.063 0.042 0.072 0.063 0.064 0.057 0.086 0.053;0.087 0.07 0.057 0.031 0.063 0.078 0.088 0.089 0.042 0.072 0.063 0.064 0.086 0.057 0.053;0.087 0.057 0.078 0.042 0.064 0.07 0.031 0.063 0.088 0.072 0.086 0.089 0.057 0.063 0.053;
0.084 0.069 0.092 0.092 0.082 0.07 0.029 0.058 0.04 0.076 0.057 0.05 0.07 0.08 0.051;0.084 0.069 0.07 0.029 0.058 0.092 0.092 0.082 0.04 0.076 0.057 0.05 0.08 0.07 0.051;0.084 0.07 0.092 0.04 0.05 0.069 0.029 0.058 0.092 0.076 0.08 0.082 0.07 0.057 0.051;
0.081 0.075 0.076 0.069 0.085 0.063 0.034 0.068 0.034 0.078 0.07 0.046 0.073 0.1 0.048;0.081 0.075 0.063 0.034 0.068 0.076 0.069 0.085 0.034 0.078 0.07 0.046 0.1 0.073 0.048;0.081 0.063 0.076 0.034 0.046 0.075 0.034 0.068 0.069 0.078 0.1 0.085 0.073 0.07 0.048;
0.068 0.068 0.076 0.085 0.092 0.077 0.037 0.061 0.04 0.084 0.056 0.062 0.061 0.091 0.042;0.068 0.068 0.077 0.037 0.061 0.076 0.085 0.092 0.04 0.084 0.056 0.062 0.091 0.061 0.042;0.068 0.077 0.076 0.04 0.062 0.068 0.037 0.061 0.085 0.084 0.091 0.092 0.061 0.056 0.042;
0.073 0.088 0.069 0.077 0.1 0.059 0.034 0.058 0.033 0.078 0.058 0.068 0.053 0.101 0.051;0.073 0.088 0.059 0.034 0.058 0.069 0.077 0.1 0.033 0.078 0.058 0.068 0.101 0.053 0.051;0.073 0.059 0.069 0.033 0.068 0.088 0.034 0.058 0.077 0.078 0.101 0.1 0.053 0.058 0.051;
0.072 0.072 0.084 0.088 0.1 0.073 0.033 0.047 0.023 0.075 0.069 0.076 0.06 0.094 0.034;0.072 0.072 0.073 0.033 0.047 0.084 0.088 0.1 0.023 0.075 0.069 0.076 0.094 0.06 0.034;0.072 0.073 0.084 0.023 0.076 0.072 0.033 0.047 0.088 0.075 0.094 0.1 0.06 0.069 0.034;
0.073 0.071 0.083 0.091 0.075 0.076 0.033 0.06 0.035 0.077 0.052 0.059 0.075 0.095 0.045;0.073 0.071 0.076 0.033 0.06 0.083 0.091 0.075 0.035 0.077 0.052 0.059 0.095 0.075 0.045;0.073 0.076 0.083 0.035 0.059 0.071 0.033 0.06 0.091 0.077 0.095 0.075 0.075 0.052 0.045;
0.085 0.056 0.081 0.089 0.078 0.061 0.055 0.057 0.038 0.066 0.052 0.073 0.066 0.092 0.051;0.085 0.056 0.061 0.055 0.057 0.081 0.089 0.078 0.038 0.066 0.052 0.073 0.092 0.066 0.051;0.085 0.061 0.081 0.038 0.073 0.056 0.055 0.057 0.089 0.066 0.092 0.078 0.066 0.052 0.051;
0.088 0.082 0.082 0.078 0.081 0.076 0.026 0.055 0.032 0.088 0.065 0.066 0.055 0.088 0.038;0.088 0.082 0.076 0.026 0.055 0.082 0.078 0.081 0.032 0.088 0.065 0.066 0.088 0.055 0.038;0.088 0.076 0.082 0.032 0.066 0.082 0.026 0.055 0.078 0.088 0.088 0.081 0.055 0.065 0.038;
0.065 0.082 0.079 0.069 0.083 0.085 0.031 0.064 0.026 0.085 0.064 0.076 0.075 0.084 0.032;0.065 0.082 0.085 0.031 0.064 0.079 0.069 0.083 0.026 0.085 0.064 0.076 0.084 0.075 0.032;0.065 0.085 0.079 0.026 0.076 0.082 0.031 0.064 0.069 0.085 0.084 0.083 0.075 0.064 0.032;
0.091 0.07 0.101 0.084 0.083 0.066 0.037 0.05 0.032 0.073 0.057 0.059 0.065 0.084 0.048;0.091 0.07 0.066 0.037 0.05 0.101 0.084 0.083 0.032 0.073 0.057 0.059 0.084 0.065 0.048;0.091 0.066 0.101 0.032 0.059 0.07 0.037 0.05 0.084 0.073 0.084 0.083 0.065 0.057 0.048;
0.088 0.073 0.078 0.068 0.1 0.056 0.04 0.047 0.029 0.07 0.053 0.071 0.064 0.103 0.06;0.088 0.073 0.056 0.04 0.047 0.078 0.068 0.1 0.029 0.07 0.053 0.071 0.103 0.064 0.06;0.088 0.056 0.078 0.029 0.071 0.073 0.04 0.047 0.068 0.07 0.103 0.1 0.064 0.053 0.06;
0.079 0.078 0.083 0.083 0.087 0.073 0.039 0.052 0.045 0.069 0.053 0.052 0.059 0.099 0.049;0.079 0.078 0.073 0.039 0.052 0.083 0.083 0.087 0.045 0.069 0.053 0.052 0.099 0.059 0.049;0.079 0.073 0.083 0.045 0.052 0.078 0.039 0.052 0.083 0.069 0.099 0.087 0.059 0.053 0.049;
0.085 0.06 0.102 0.079 0.087 0.071 0.034 0.058 0.053 0.066 0.051 0.061 0.056 0.084 0.053;0.085 0.06 0.071 0.034 0.058 0.102 0.079 0.087 0.053 0.066 0.051 0.061 0.084 0.056 0.053;0.085 0.071 0.102 0.053 0.061 0.06 0.034 0.058 0.079 0.066 0.084 0.087 0.056 0.051 0.053;
0.084 0.073 0.077 0.081 0.086 0.075 0.031 0.057 0.038 0.086 0.063 0.046 0.061 0.097 0.045;0.084 0.073 0.075 0.031 0.057 0.077 0.081 0.086 0.038 0.086 0.063 0.046 0.097 0.061 0.045;0.084 0.075 0.077 0.038 0.046 0.073 0.031 0.057 0.081 0.086 0.097 0.086 0.061 0.063 0.045;
0.089 0.061 0.077 0.078 0.093 0.06 0.035 0.062 0.031 0.092 0.062 0.066 0.058 0.095 0.041;0.089 0.061 0.06 0.035 0.062 0.077 0.078 0.093 0.031 0.092 0.062 0.066 0.095 0.058 0.041;0.089 0.06 0.077 0.031 0.066 0.061 0.035 0.062 0.078 0.092 0.095 0.093 0.058 0.062 0.041;
0.09 0.056 0.102 0.082 0.103 0.07 0.037 0.056 0.038 0.076 0.055 0.052 0.051 0.092 0.04;0.09 0.056 0.07 0.037 0.056 0.102 0.082 0.103 0.038 0.076 0.055 0.052 0.092 0.051 0.04;0.09 0.07 0.102 0.038 0.052 0.056 0.037 0.056 0.082 0.076 0.092 0.103 0.051 0.055 0.04;
0.09 0.077 0.061 0.084 0.073 0.085 0.037 0.061 0.03 0.07 0.045 0.057 0.068 0.113 0.049;0.09 0.077 0.085 0.037 0.061 0.061 0.084 0.073 0.03 0.07 0.045 0.057 0.113 0.068 0.049;0.09 0.085 0.061 0.03 0.057 0.077 0.037 0.061 0.084 0.07 0.113 0.073 0.068 0.045 0.049;
0.072 0.052 0.085 0.086 0.111 0.062 0.025 0.058 0.026 0.095 0.074 0.051 0.065 0.087 0.051;0.072 0.052 0.062 0.025 0.058 0.085 0.086 0.111 0.026 0.095 0.074 0.051 0.087 0.065 0.051;0.072 0.062 0.085 0.026 0.051 0.052 0.025 0.058 0.086 0.095 0.087 0.111 0.065 0.074 0.051;
0.089 0.065 0.086 0.075 0.08 0.077 0.041 0.048 0.038 0.091 0.057 0.05 0.075 0.086 0.042;0.089 0.065 0.077 0.041 0.048 0.086 0.075 0.08 0.038 0.091 0.057 0.05 0.086 0.075 0.042;0.089 0.077 0.086 0.038 0.05 0.065 0.041 0.048 0.075 0.091 0.086 0.08 0.075 0.057 0.042;
0.079 0.066 0.087 0.079 0.082 0.083 0.034 0.058 0.036 0.101 0.062 0.047 0.069 0.073 0.044;0.079 0.066 0.083 0.034 0.058 0.087 0.079 0.082 0.036 0.101 0.062 0.047 0.073 0.069 0.044;0.079 0.083 0.087 0.036 0.047 0.066 0.034 0.058 0.079 0.101 0.073 0.082 0.069 0.062 0.044;
0.086 0.076 0.08 0.081 0.095 0.051 0.033 0.048 0.043 0.093 0.06 0.056 0.072 0.082 0.044;0.086 0.076 0.051 0.033 0.048 0.08 0.081 0.095 0.043 0.093 0.06 0.056 0.082 0.072 0.044;0.086 0.051 0.08 0.043 0.056 0.076 0.033 0.048 0.081 0.093 0.082 0.095 0.072 0.06 0.044;
0.073 0.068 0.083 0.096 0.08 0.076 0.036 0.05 0.039 0.084 0.063 0.058 0.056 0.092 0.046;0.073 0.068 0.076 0.036 0.05 0.083 0.096 0.08 0.039 0.084 0.063 0.058 0.092 0.056 0.046;0.073 0.076 0.083 0.039 0.058 0.068 0.036 0.05 0.096 0.084 0.092 0.08 0.056 0.063 0.046;
0.08 0.063 0.08 0.075 0.101 0.068 0.04 0.062 0.026 0.077 0.053 0.057 0.077 0.088 0.053;0.08 0.063 0.068 0.04 0.062 0.08 0.075 0.101 0.026 0.077 0.053 0.057 0.088 0.077 0.053;0.08 0.068 0.08 0.026 0.057 0.063 0.04 0.062 0.075 0.077 0.088 0.101 0.077 0.053 0.053;
0.074 0.056 0.072 0.072 0.087 0.067 0.038 0.05 0.036 0.099 0.072 0.065 0.06 0.102 0.05;0.074 0.056 0.067 0.038 0.05 0.072 0.072 0.087 0.036 0.099 0.072 0.065 0.102 0.06 0.05;0.074 0.067 0.072 0.036 0.065 0.056 0.038 0.05 0.072 0.099 0.102 0.087 0.06 0.072 0.05;
0.079 0.051 0.093 0.074 0.079 0.077 0.042 0.039 0.034 0.094 0.068 0.051 0.068 0.103 0.048;0.079 0.051 0.077 0.042 0.039 0.093 0.074 0.079 0.034 0.094 0.068 0.051 0.103 0.068 0.048;0.079 0.077 0.093 0.034 0.051 0.051 0.042 0.039 0.074 0.094 0.103 0.079 0.068 0.068 0.048;
0.082 0.065 0.104 0.073 0.09 0.074 0.042 0.057 0.04 0.077 0.064 0.065 0.059 0.067 0.041;0.082 0.065 0.074 0.042 0.057 0.104 0.073 0.09 0.04 0.077 0.064 0.065 0.067 0.059 0.041;0.082 0.074 0.104 0.04 0.065 0.065 0.042 0.057 0.073 0.077 0.067 0.09 0.059 0.064 0.041;
0.074 0.064 0.089 0.087 0.091 0.071 0.028 0.064 0.042 0.073 0.053 0.07 0.06 0.086 0.048;0.074 0.064 0.071 0.028 0.064 0.089 0.087 0.091 0.042 0.073 0.053 0.07 0.086 0.06 0.048;0.074 0.071 0.089 0.042 0.07 0.064 0.028 0.064 0.087 0.073 0.086 0.091 0.06 0.053 0.048;
0.085 0.062 0.078 0.095 0.084 0.068 0.042 0.058 0.032 0.073 0.045 0.063 0.067 0.107 0.041;0.085 0.062 0.068 0.042 0.058 0.078 0.095 0.084 0.032 0.073 0.045 0.063 0.107 0.067 0.041;0.085 0.068 0.078 0.032 0.063 0.062 0.042 0.058 0.095 0.073 0.107 0.084 0.067 0.045 0.041;
0.086 0.064 0.084 0.072 0.113 0.066 0.032 0.054 0.026 0.101 0.062 0.049 0.058 0.083 0.05;0.086 0.064 0.066 0.032 0.054 0.084 0.072 0.113 0.026 0.101 0.062 0.049 0.083 0.058 0.05;0.086 0.066 0.084 0.026 0.049 0.064 0.032 0.054 0.072 0.101 0.083 0.113 0.058 0.062 0.05;
0.081 0.079 0.067 0.067 0.079 0.07 0.04 0.047 0.035 0.084 0.061 0.073 0.051 0.108 0.058;0.081 0.079 0.07 0.04 0.047 0.067 0.067 0.079 0.035 0.084 0.061 0.073 0.108 0.051 0.058;0.081 0.07 0.067 0.035 0.073 0.079 0.04 0.047 0.067 0.084 0.108 0.079 0.051 0.061 0.058;
0.092 0.073 0.074 0.076 0.096 0.068 0.028 0.052 0.038 0.078 0.065 0.067 0.062 0.092 0.039;0.092 0.073 0.068 0.028 0.052 0.074 0.076 0.096 0.038 0.078 0.065 0.067 0.092 0.062 0.039;0.092 0.068 0.074 0.038 0.067 0.073 0.028 0.052 0.076 0.078 0.092 0.096 0.062 0.065 0.039;
0.094 0.055 0.082 0.068 0.099 0.071 0.035 0.051 0.023 0.089 0.067 0.063 0.066 0.087 0.05;0.094 0.055 0.071 0.035 0.051 0.082 0.068 0.099 0.023 0.089 0.067 0.063 0.087 0.066 0.05;0.094 0.071 0.082 0.023 0.063 0.055 0.035 0.051 0.068 0.089 0.087 0.099 0.066 0.067 0.05;
0.089 0.076 0.08 0.078 0.096 0.076 0.029 0.052 0.036 0.084 0.075 0.043 0.043 0.094 0.049;0.089 0.076 0.076 0.029 0.052 0.08 0.078 0.096 0.036 0.084 0.075 0.043 0.094 0.043 0.049;0.089 0.076 0.08 0.036 0.043 0.076 0.029 0.052 0.078 0.084 0.094 0.096 0.043 0.075 0.049;
0.08 0.068 0.07 0.088 0.093 0.069 0.03 0.052 0.025 0.097 0.047 0.062 0.077 0.099 0.043;0.08 0.068 0.069 0.03 0.052 0.07 0.088 0.093 0.025 0.097 0.047 0.062 0.099 0.077 0.043;0.08 0.069 0.07 0.025 0.062 0.068 0.03 0.052 0.088 0.097 0.099 0.093 0.077 0.047 0.043;
0.093 0.083 0.091 0.072 0.065 0.084 0.041 0.053 0.037 0.083 0.067 0.045 0.062 0.073 0.051;0.093 0.083 0.084 0.041 0.053 0.091 0.072 0.065 0.037 0.083 0.067 0.045 0.073 0.062 0.051;0.093 0.084 0.091 0.037 0.045 0.083 0.041 0.053 0.072 0.083 0.073 0.065 0.062 0.067 0.051;
0.077 0.069 0.081 0.069 0.085 0.067 0.037 0.052 0.031 0.091 0.051 0.059 0.069 0.11 0.052;0.077 0.069 0.067 0.037 0.052 0.081 0.069 0.085 0.031 0.091 0.051 0.059 0.11 0.069 0.052;0.077 0.067 0.081 0.031 0.059 0.069 0.037 0.052 0.069 0.091 0.11 0.085 0.069 0.051 0.052;
0.081 0.064 0.068 0.092 0.098 0.07 0.034 0.057 0.041 0.083 0.062 0.037 0.061 0.089 0.063;0.081 0.064 0.07 0.034 0.057 0.068 0.092 0.098 0.041 0.083 0.062 0.037 0.089 0.061 0.063;0.081 0.07 0.068 0.041 0.037 0.064 0.034 0.057 0.092 0.083 0.089 0.098 0.061 0.062 0.063;
0.081 0.07 0.087 0.081 0.092 0.088 0.041 0.046 0.03 0.075 0.053 0.055 0.061 0.079 0.061;0.081 0.07 0.088 0.041 0.046 0.087 0.081 0.092 0.03 0.075 0.053 0.055 0.079 0.061 0.061;0.081 0.088 0.087 0.03 0.055 0.07 0.041 0.046 0.081 0.075 0.079 0.092 0.061 0.053 0.061;
0.089 0.07 0.083 0.076 0.085 0.07 0.028 0.071 0.039 0.06 0.06 0.063 0.066 0.094 0.046;0.089 0.07 0.07 0.028 0.071 0.083 0.076 0.085 0.039 0.06 0.06 0.063 0.094 0.066 0.046;0.089 0.07 0.083 0.039 0.063 0.07 0.028 0.071 0.076 0.06 0.094 0.085 0.066 0.06 0.046;
0.089 0.073 0.082 0.085 0.096 0.06 0.027 0.053 0.03 0.089 0.071 0.045 0.066 0.088 0.046;0.089 0.073 0.06 0.027 0.053 0.082 0.085 0.096 0.03 0.089 0.071 0.045 0.088 0.066 0.046;0.089 0.06 0.082 0.03 0.045 0.073 0.027 0.053 0.085 0.089 0.088 0.096 0.066 0.071 0.046;
0.082 0.07 0.093 0.071 0.082 0.07 0.039 0.047 0.031 0.094 0.061 0.056 0.07 0.09 0.044;0.082 0.07 0.07 0.039 0.047 0.093 0.071 0.082 0.031 0.094 0.061 0.056 0.09 0.07 0.044;0.082 0.07 0.093 0.031 0.056 0.07 0.039 0.047 0.071 0.094 0.09 0.082 0.07 0.061 0.044;
0.091 0.063 0.096 0.073 0.085 0.064 0.041 0.044 0.036 0.084 0.065 0.062 0.061 0.081 0.054;0.091 0.063 0.064 0.041 0.044 0.096 0.073 0.085 0.036 0.084 0.065 0.062 0.081 0.061 0.054;0.091 0.064 0.096 0.036 0.062 0.063 0.041 0.044 0.073 0.084 0.081 0.085 0.061 0.065 0.054;
0.097 0.074 0.083 0.08 0.087 0.072 0.031 0.046 0.033 0.081 0.059 0.054 0.047 0.092 0.064;0.097 0.074 0.072 0.031 0.046 0.083 0.08 0.087 0.033 0.081 0.059 0.054 0.092 0.047 0.064;0.097 0.072 0.083 0.033 0.054 0.074 0.031 0.046 0.08 0.081 0.092 0.087 0.047 0.059 0.064;
0.081 0.059 0.066 0.077 0.094 0.06 0.042 0.067 0.034 0.095 0.07 0.048 0.071 0.089 0.047;0.081 0.059 0.06 0.042 0.067 0.066 0.077 0.094 0.034 0.095 0.07 0.048 0.089 0.071 0.047;0.081 0.06 0.066 0.034 0.048 0.059 0.042 0.067 0.077 0.095 0.089 0.094 0.071 0.07 0.047;
0.069 0.074 0.085 0.094 0.091 0.063 0.037 0.049 0.035 0.091 0.066 0.047 0.064 0.089 0.046;0.069 0.074 0.063 0.037 0.049 0.085 0.094 0.091 0.035 0.091 0.066 0.047 0.089 0.064 0.046;0.069 0.063 0.085 0.035 0.047 0.074 0.037 0.049 0.094 0.091 0.089 0.091 0.064 0.066 0.046;
0.075 0.075 0.094 0.076 0.095 0.065 0.038 0.041 0.038 0.09 0.064 0.054 0.062 0.094 0.039;0.075 0.075 0.065 0.038 0.041 0.094 0.076 0.095 0.038 0.09 0.064 0.054 0.094 0.062 0.039;0.075 0.065 0.094 0.038 0.054 0.075 0.038 0.041 0.076 0.09 0.094 0.095 0.062 0.064 0.039;
0.08 0.074 0.101 0.079 0.082 0.055 0.037 0.061 0.031 0.091 0.064 0.05 0.054 0.099 0.042;0.08 0.074 0.055 0.037 0.061 0.101 0.079 0.082 0.031 0.091 0.064 0.05 0.099 0.054 0.042;0.08 0.055 0.101 0.031 0.05 0.074 0.037 0.061 0.079 0.091 0.099 0.082 0.054 0.064 0.042;
0.092 0.064 0.081 0.068 0.093 0.083 0.043 0.053 0.032 0.075 0.053 0.067 0.068 0.08 0.048;0.092 0.064 0.083 0.043 0.053 0.081 0.068 0.093 0.032 0.075 0.053 0.067 0.08 0.068 0.048;0.092 0.083 0.081 0.032 0.067 0.064 0.043 0.053 0.068 0.075 0.08 0.093 0.068 0.053 0.048;
0.087 0.061 0.074 0.08 0.091 0.058 0.039 0.055 0.035 0.104 0.061 0.059 0.07 0.082 0.044;0.087 0.061 0.058 0.039 0.055 0.074 0.08 0.091 0.035 0.104 0.061 0.059 0.082 0.07 0.044;0.087 0.058 0.074 0.035 0.059 0.061 0.039 0.055 0.08 0.104 0.082 0.091 0.07 0.061 0.044;
0.095 0.059 0.087 0.081 0.087 0.053 0.043 0.058 0.034 0.067 0.067 0.046 0.083 0.093 0.047;0.095 0.059 0.053 0.043 0.058 0.087 0.081 0.087 0.034 0.067 0.067 0.046 0.093 0.083 0.047;0.095 0.053 0.087 0.034 0.046 0.059 0.043 0.058 0.081 0.067 0.093 0.087 0.083 0.067 0.047;
0.076 0.067 0.084 0.076 0.1 0.068 0.041 0.051 0.032 0.076 0.073 0.066 0.07 0.091 0.029;0.076 0.067 0.068 0.041 0.051 0.084 0.076 0.1 0.032 0.076 0.073 0.066 0.091 0.07 0.029;0.076 0.068 0.084 0.032 0.066 0.067 0.041 0.051 0.076 0.076 0.091 0.1 0.07 0.073 0.029;
0.098 0.08 0.08 0.08 0.098 0.077 0.035 0.052 0.023 0.082 0.047 0.042 0.068 0.086 0.052;0.098 0.08 0.077 0.035 0.052 0.08 0.08 0.098 0.023 0.082 0.047 0.042 0.086 0.068 0.052;0.098 0.077 0.08 0.023 0.042 0.08 0.035 0.052 0.08 0.082 0.086 0.098 0.068 0.047 0.052;
0.088 0.057 0.077 0.075 0.1 0.074 0.033 0.057 0.036 0.083 0.061 0.067 0.066 0.079 0.047;0.088 0.057 0.074 0.033 0.057 0.077 0.075 0.1 0.036 0.083 0.061 0.067 0.079 0.066 0.047;0.088 0.074 0.077 0.036 0.067 0.057 0.033 0.057 0.075 0.083 0.079 0.1 0.066 0.061 0.047;
0.086 0.079 0.083 0.075 0.088 0.069 0.039 0.049 0.042 0.073 0.056 0.058 0.072 0.098 0.033;0.086 0.079 0.069 0.039 0.049 0.083 0.075 0.088 0.042 0.073 0.056 0.058 0.098 0.072 0.033;0.086 0.069 0.083 0.042 0.058 0.079 0.039 0.049 0.075 0.073 0.098 0.088 0.072 0.056 0.033;
0.08 0.07 0.086 0.092 0.098 0.065 0.023 0.038 0.037 0.086 0.061 0.058 0.083 0.084 0.039;0.08 0.07 0.065 0.023 0.038 0.086 0.092 0.098 0.037 0.086 0.061 0.058 0.084 0.083 0.039;0.08 0.065 0.086 0.037 0.058 0.07 0.023 0.038 0.092 0.086 0.084 0.098 0.083 0.061 0.039;
0.091 0.06 0.077 0.09 0.088 0.057 0.035 0.054 0.028 0.073 0.064 0.052 0.079 0.106 0.046;0.091 0.06 0.057 0.035 0.054 0.077 0.09 0.088 0.028 0.073 0.064 0.052 0.106 0.079 0.046;0.091 0.057 0.077 0.028 0.052 0.06 0.035 0.054 0.09 0.073 0.106 0.088 0.079 0.064 0.046;
0.098 0.059 0.098 0.062 0.093 0.053 0.035 0.067 0.041 0.076 0.049 0.063 0.06 0.1 0.046;0.098 0.059 0.053 0.035 0.067 0.098 0.062 0.093 0.041 0.076 0.049 0.063 0.1 0.06 0.046;0.098 0.053 0.098 0.041 0.063 0.059 0.035 0.067 0.062 0.076 0.1 0.093 0.06 0.049 0.046;
0.075 0.07 0.088 0.074 0.08 0.088 0.033 0.047 0.034 0.085 0.072 0.047 0.065 0.098 0.044;0.075 0.07 0.088 0.033 0.047 0.088 0.074 0.08 0.034 0.085 0.072 0.047 0.098 0.065 0.044;0.075 0.088 0.088 0.034 0.047 0.07 0.033 0.047 0.074 0.085 0.098 0.08 0.065 0.072 0.044;
0.076 0.069 0.072 0.073 0.093 0.073 0.037 0.052 0.046 0.094 0.052 0.063 0.069 0.086 0.045;0.076 0.069 0.073 0.037 0.052 0.072 0.073 0.093 0.046 0.094 0.052 0.063 0.086 0.069 0.045;0.076 0.073 0.072 0.046 0.063 0.069 0.037 0.052 0.073 0.094 0.086 0.093 0.069 0.052 0.045;
0.079 0.078 0.076 0.1 0.075 0.073 0.025 0.051 0.036 0.09 0.066 0.044 0.064 0.094 0.049;0.079 0.078 0.073 0.025 0.051 0.076 0.1 0.075 0.036 0.09 0.066 0.044 0.094 0.064 0.049;0.079 0.073 0.076 0.036 0.044 0.078 0.025 0.051 0.1 0.09 0.094 0.075 0.064 0.066 0.049;
0.09 0.063 0.088 0.061 0.101 0.07 0.035 0.06 0.034 0.074 0.062 0.063 0.071 0.084 0.044;0.09 0.063 0.07 0.035 0.06 0.088 0.061 0.101 0.034 0.074 0.062 0.063 0.084 0.071 0.044;0.09 0.07 0.088 0.034 0.063 0.063 0.035 0.06 0.061 0.074 0.084 0.101 0.071 0.062 0.044;
0.078 0.059 0.07 0.082 0.094 0.075 0.04 0.045 0.032 0.081 0.05 0.058 0.084 0.1 0.052;0.078 0.059 0.075 0.04 0.045 0.07 0.082 0.094 0.032 0.081 0.05 0.058 0.1 0.084 0.052;0.078 0.075 0.07 0.032 0.058 0.059 0.04 0.045 0.082 0.081 0.1 0.094 0.084 0.05 0.052;
0.08 0.073 0.091 0.072 0.094 0.078 0.03 0.051 0.029 0.082 0.043 0.068 0.073 0.079 0.057;0.08 0.073 0.078 0.03 0.051 0.091 0.072 0.094 0.029 0.082 0.043 0.068 0.079 0.073 0.057;0.08 0.078 0.091 0.029 0.068 0.073 0.03 0.051 0.072 0.082 0.079 0.094 0.073 0.043 0.057;
0.082 0.077 0.084 0.069 0.094 0.086 0.037 0.058 0.03 0.09 0.048 0.062 0.051 0.083 0.049;0.082 0.077 0.086 0.037 0.058 0.084 0.069 0.094 0.03 0.09 0.048 0.062 0.083 0.051 0.049;0.082 0.086 0.084 0.03 0.062 0.077 0.037 0.058 0.069 0.09 0.083 0.094 0.051 0.048 0.049;
0.083 0.082 0.08 0.08 0.077 0.071 0.038 0.049 0.034 0.06 0.074 0.055 0.07 0.087 0.06;0.083 0.082 0.071 0.038 0.049 0.08 0.08 0.077 0.034 0.06 0.074 0.055 0.087 0.07 0.06;0.083 0.071 0.08 0.034 0.055 0.082 0.038 0.049 0.08 0.06 0.087 0.077 0.07 0.074 0.06;
0.081 0.08 0.096 0.084 0.081 0.072 0.027 0.052 0.03 0.081 0.044 0.062 0.07 0.09 0.05;0.081 0.08 0.072 0.027 0.052 0.096 0.084 0.081 0.03 0.081 0.044 0.062 0.09 0.07 0.05;0.081 0.072 0.096 0.03 0.062 0.08 0.027 0.052 0.084 0.081 0.09 0.081 0.07 0.044 0.05;
0.078 0.05 0.09 0.084 0.088 0.078 0.046 0.046 0.035 0.084 0.056 0.069 0.06 0.08 0.056;0.078 0.05 0.078 0.046 0.046 0.09 0.084 0.088 0.035 0.084 0.056 0.069 0.08 0.06 0.056;0.078 0.078 0.09 0.035 0.069 0.05 0.046 0.046 0.084 0.084 0.08 0.088 0.06 0.056 0.056;
0.087 0.077 0.076 0.075 0.086 0.078 0.032 0.064 0.034 0.085 0.055 0.058 0.057 0.088 0.048;0.087 0.077 0.078 0.032 0.064 0.076 0.075 0.086 0.034 0.085 0.055 0.058 0.088 0.057 0.048;0.087 0.078 0.076 0.034 0.058 0.077 0.032 0.064 0.075 0.085 0.088 0.086 0.057 0.055 0.048;
0.087 0.061 0.071 0.089 0.091 0.06 0.031 0.068 0.033 0.091 0.07 0.062 0.055 0.087 0.044;0.087 0.061 0.06 0.031 0.068 0.071 0.089 0.091 0.033 0.091 0.07 0.062 0.087 0.055 0.044;0.087 0.06 0.071 0.033 0.062 0.061 0.031 0.068 0.089 0.091 0.087 0.091 0.055 0.07 0.044;
0.073 0.062 0.081 0.072 0.094 0.069 0.027 0.056 0.029 0.103 0.059 0.076 0.062 0.082 0.055;0.073 0.062 0.069 0.027 0.056 0.081 0.072 0.094 0.029 0.103 0.059 0.076 0.082 0.062 0.055;0.073 0.069 0.081 0.029 0.076 0.062 0.027 0.056 0.072 0.103 0.082 0.094 0.062 0.059 0.055;
0.093 0.073 0.078 0.073 0.096 0.07 0.037 0.056 0.035 0.082 0.058 0.063 0.053 0.089 0.044;0.093 0.073 0.07 0.037 0.056 0.078 0.073 0.096 0.035 0.082 0.058 0.063 0.089 0.053 0.044;0.093 0.07 0.078 0.035 0.063 0.073 0.037 0.056 0.073 0.082 0.089 0.096 0.053 0.058 0.044;
0.073 0.067 0.076 0.085 0.07 0.077 0.04 0.072 0.036 0.081 0.057 0.058 0.069 0.083 0.056;0.073 0.067 0.077 0.04 0.072 0.076 0.085 0.07 0.036 0.081 0.057 0.058 0.083 0.069 0.056;0.073 0.077 0.076 0.036 0.058 0.067 0.04 0.072 0.085 0.081 0.083 0.07 0.069 0.057 0.056;
0.08 0.083 0.083 0.064 0.089 0.071 0.038 0.052 0.026 0.076 0.063 0.077 0.062 0.086 0.05;0.08 0.083 0.071 0.038 0.052 0.083 0.064 0.089 0.026 0.076 0.063 0.077 0.086 0.062 0.05;0.08 0.071 0.083 0.026 0.077 0.083 0.038 0.052 0.064 0.076 0.086 0.089 0.062 0.063 0.05;
0.076 0.061 0.086 0.084 0.106 0.065 0.032 0.05 0.031 0.077 0.078 0.067 0.062 0.081 0.044;0.076 0.061 0.065 0.032 0.05 0.086 0.084 0.106 0.031 0.077 0.078 0.067 0.081 0.062 0.044;0.076 0.065 0.086 0.031 0.067 0.061 0.032 0.05 0.084 0.077 0.081 0.106 0.062 0.078 0.044;
0.09 0.066 0.086 0.106 0.087 0.077 0.038 0.05 0.031 0.076 0.062 0.044 0.067 0.077 0.043;0.09 0.066 0.077 0.038 0.05 0.086 0.106 0.087 0.031 0.076 0.062 0.044 0.077 0.067 0.043;0.09 0.077 0.086 0.031 0.044 0.066 0.038 0.05 0.106 0.076 0.077 0.087 0.067 0.062 0.043;
0.099 0.064 0.111 0.078 0.074 0.069 0.032 0.063 0.031 0.065 0.055 0.056 0.061 0.085 0.057;0.099 0.064 0.069 0.032 0.063 0.111 0.078 0.074 0.031 0.065 0.055 0.056 0.085 0.061 0.057;0.099 0.069 0.111 0.031 0.056 0.064 0.032 0.063 0.078 0.065 0.085 0.074 0.061 0.055 0.057;
0.067 0.059 0.083 0.079 0.109 0.076 0.05 0.061 0.035 0.073 0.046 0.062 0.069 0.09 0.041;0.067 0.059 0.076 0.05 0.061 0.083 0.079 0.109 0.035 0.073 0.046 0.062 0.09 0.069 0.041;0.067 0.076 0.083 0.035 0.062 0.059 0.05 0.061 0.079 0.073 0.09 0.109 0.069 0.046 0.041;
0.084 0.064 0.064 0.066 0.096 0.082 0.039 0.055 0.028 0.088 0.059 0.059 0.058 0.099 0.059;0.084 0.064 0.082 0.039 0.055 0.064 0.066 0.096 0.028 0.088 0.059 0.059 0.099 0.058 0.059;0.084 0.082 0.064 0.028 0.059 0.064 0.039 0.055 0.066 0.088 0.099 0.096 0.058 0.059 0.059;
0.078 0.079 0.08 0.072 0.088 0.075 0.031 0.065 0.032 0.087 0.071 0.058 0.061 0.073 0.05;0.078 0.079 0.075 0.031 0.065 0.08 0.072 0.088 0.032 0.087 0.071 0.058 0.073 0.061 0.05;0.078 0.075 0.08 0.032 0.058 0.079 0.031 0.065 0.072 0.087 0.073 0.088 0.061 0.071 0.05;
0.075 0.069 0.087 0.088 0.096 0.067 0.035 0.057 0.035 0.091 0.055 0.054 0.06 0.074 0.057;0.075 0.069 0.067 0.035 0.057 0.087 0.088 0.096 0.035 0.091 0.055 0.054 0.074 0.06 0.057;0.075 0.067 0.087 0.035 0.054 0.069 0.035 0.057 0.088 0.091 0.074 0.096 0.06 0.055 0.057;
0.077 0.076 0.093 0.074 0.093 0.075 0.03 0.063 0.042 0.086 0.055 0.069 0.058 0.064 0.045;0.077 0.076 0.075 0.03 0.063 0.093 0.074 0.093 0.042 0.086 0.055 0.069 0.064 0.058 0.045;0.077 0.075 0.093 0.042 0.069 0.076 0.03 0.063 0.074 0.086 0.064 0.093 0.058 0.055 0.045;
0.072 0.063 0.085 0.084 0.084 0.065 0.042 0.057 0.037 0.069 0.07 0.071 0.061 0.09 0.05;0.072 0.063 0.065 0.042 0.057 0.085 0.084 0.084 0.037 0.069 0.07 0.071 0.09 0.061 0.05;0.072 0.065 0.085 0.037 0.071 0.063 0.042 0.057 0.084 0.069 0.09 0.084 0.061 0.07 0.05;
0.058 0.07 0.076 0.08 0.105 0.058 0.033 0.061 0.044 0.074 0.062 0.063 0.074 0.093 0.049;0.058 0.07 0.058 0.033 0.061 0.076 0.08 0.105 0.044 0.074 0.062 0.063 0.093 0.074 0.049;0.058 0.058 0.076 0.044 0.063 0.07 0.033 0.061 0.08 0.074 0.093 0.105 0.074 0.062 0.049;
0.089 0.072 0.078 0.077 0.088 0.071 0.035 0.054 0.038 0.088 0.054 0.048 0.071 0.086 0.051;0.089 0.072 0.071 0.035 0.054 0.078 0.077 0.088 0.038 0.088 0.054 0.048 0.086 0.071 0.051;0.089 0.071 0.078 0.038 0.048 0.072 0.035 0.054 0.077 0.088 0.086 0.088 0.071 0.054 0.051;
0.095 0.069 0.082 0.077 0.085 0.067 0.04 0.046 0.028 0.077 0.073 0.061 0.058 0.098 0.044;0.095 0.069 0.067 0.04 0.046 0.082 0.077 0.085 0.028 0.077 0.073 0.061 0.098 0.058 0.044;0.095 0.067 0.082 0.028 0.061 0.069 0.04 0.046 0.077 0.077 0.098 0.085 0.058 0.073 0.044;
0.087 0.055 0.068 0.089 0.1 0.077 0.035 0.056 0.031 0.072 0.065 0.051 0.07 0.094 0.05;0.087 0.055 0.077 0.035 0.056 0.068 0.089 0.1 0.031 0.072 0.065 0.051 0.094 0.07 0.05;0.087 0.077 0.068 0.031 0.051 0.055 0.035 0.056 0.089 0.072 0.094 0.1 0.07 0.065 0.05;
0.085 0.065 0.083 0.077 0.078 0.064 0.043 0.054 0.033 0.078 0.054 0.067 0.068 0.09 0.061;0.085 0.065 0.064 0.043 0.054 0.083 0.077 0.078 0.033 0.078 0.054 0.067 0.09 0.068 0.061;0.085 0.064 0.083 0.033 0.067 0.065 0.043 0.054 0.077 0.078 0.09 0.078 0.068 0.054 0.061];