pntP=[0.45 0 0.01 0.02 0.07 0 0 0 0 0 0 0 0.17 0 0 0.01 0 0 0 0 0 0.01 0 0 0 0 0 0 0 0 0 0 0 0 0 0 0 0.01 0.01 0 0 0 0.08 0 0 0 0 0 0 0 0 0.04 0 0 0 0 0 0 0 0 0.01 0 0 0.11;0.45 0 0.01 0.02 0 0 0 0 0 0 0 0 0 0 0 0.04 0.07 0 0 0 0 0.01 0 0 0 0.01 0.01 0 0 0 0 0 0 0 0 0 0 0 0 0 0 0 0.08 0 0 0 0 0 0.17 0 0 0.01 0 0 0 0 0 0 0 0 0.01 0 0 0.11;0.45 0 0 0 0.07 0 0 0 0 0 0 0 0.17 0 0 0.01 0 0 0 0 0 0.01 0.01 0 0 0 0 0 0 0 0 0 0.01 0 0 0 0 0 0.01 0 0 0 0.08 0 0 0 0 0 0.02 0 0 0.04 0 0 0 0 0 0 0 0 0.01 0 0 0.11;
0.55 0 0.01 0 0.04 0 0 0 0.04 0 0 0 0.07 0 0 0.01 0 0.01 0 0 0 0.05 0 0 0 0.04 0 0 0 0 0 0 0.01 0 0.01 0 0 0 0 0 0 0 0 0 0 0 0 0 0.04 0 0 0.01 0 0 0 0 0 0 0 0.01 0 0 0 0.1;0.55 0 0.01 0 0 0.01 0 0 0.01 0 0.01 0 0.04 0 0 0.01 0.04 0 0 0 0 0.05 0 0 0 0 0 0 0 0 0 0 0.04 0 0 0 0 0.04 0 0 0 0 0 0 0 0 0 0.01 0.07 0 0 0.01 0 0 0 0 0 0 0 0 0 0 0 0.1;0.55 0 0.01 0.04 0.04 0 0 0 0.04 0 0 0 0.07 0 0 0 0 0.01 0 0 0 0.05 0 0 0 0.04 0 0 0 0 0 0 0.01 0 0.01 0 0 0 0 0 0 0 0 0 0 0 0 0 0 0 0 0.01 0 0 0 0 0 0 0 0.01 0.01 0 0 0.1;
0.39 0.01 0 0 0.07 0 0 0 0.06 0 0.03 0 0.13 0 0 0 0 0.03 0 0 0 0.07 0 0 0 0 0.01 0 0 0 0 0 0 0 0 0 0 0 0 0 0 0 0.05 0 0 0 0.01 0 0.01 0.01 0 0.01 0 0 0 0 0 0 0 0 0 0.01 0 0.1;0.39 0.01 0 0 0 0.03 0 0 0 0 0 0 0.01 0.01 0 0.01 0.07 0 0 0 0 0.07 0 0 0 0 0 0 0 0 0 0 0.06 0 0.03 0 0 0 0.01 0 0 0 0.05 0 0 0 0 0 0.13 0 0 0 0 0 0 0 0 0 0.01 0 0 0.01 0 0.1;0.39 0 0 0.01 0.07 0 0 0 0.06 0 0 0 0.13 0 0 0 0.01 0.03 0 0.01 0 0.07 0 0 0 0 0 0 0 0 0 0.01 0 0 0 0 0 0 0 0 0.03 0.01 0.05 0 0 0 0.01 0 0 0 0 0.01 0 0 0 0 0 0 0 0 0 0 0 0.1;
0.58 0 0 0.01 0.03 0 0 0 0.02 0 0 0 0.11 0 0 0.04 0 0 0 0 0.01 0 0 0 0 0 0 0 0 0 0 0 0 0 0 0 0 0 0 0 0 0 0 0 0.01 0 0 0 0.01 0 0.01 0.02 0 0 0.01 0 0 0 0 0.01 0.02 0.01 0 0.1;0.58 0 0 0.01 0 0 0 0 0 0 0 0 0.01 0 0.01 0.02 0.03 0 0 0 0.01 0 0 0 0 0 0 0 0 0 0.01 0 0.02 0 0 0 0 0 0 0 0 0 0 0 0 0 0 0.01 0.11 0 0 0.04 0 0 0 0 0.01 0 0 0 0.02 0.01 0 0.1;0.58 0 0 0.01 0.03 0.01 0 0 0.02 0 0 0 0.11 0 0.01 0.02 0 0 0 0 0 0 0 0 0 0 0 0 0 0 0 0.01 0 0 0 0.01 0 0 0 0.01 0 0 0 0 0 0 0 0 0.01 0 0 0.02 0 0 0 0 0 0 0 0.01 0.04 0 0 0.1;
0.51 0 0 0 0.06 0 0.01 0 0.1 0 0 0.02 0.05 0.01 0 0 0 0 0 0 0 0 0 0 0 0 0 0 0 0 0 0.01 0.01 0 0 0 0 0 0 0 0 0 0.01 0 0 0 0 0 0.01 0 0 0.02 0 0 0 0.03 0 0 0 0 0 0 0 0.15;0.51 0 0 0 0 0 0 0 0.01 0 0 0 0.01 0 0 0.02 0.06 0 0.01 0 0 0 0 0 0 0 0 0 0 0 0 0.03 0.1 0 0 0.02 0 0 0 0 0 0 0.01 0 0 0 0 0 0.05 0.01 0 0 0 0 0 0.01 0 0 0 0 0 0 0 0.15;0.51 0 0.01 0.01 0.06 0 0 0 0.1 0 0 0 0.05 0 0 0 0 0 0 0 0 0 0 0 0 0 0 0 0.01 0 0 0 0 0 0 0 0.01 0 0 0 0 0 0.01 0 0 0 0 0 0 0 0 0.02 0 0 0 0.03 0.02 0 0 0 0 0.01 0 0.15;
0.47 0 0 0 0.08 0 0 0 0.03 0 0.01 0 0.13 0 0 0.01 0 0.01 0 0 0 0.08 0 0 0 0 0 0.01 0 0 0 0 0.02 0 0.01 0 0 0.01 0.02 0 0 0 0.04 0 0 0 0 0 0.01 0.01 0 0 0 0 0 0 0 0 0 0.01 0 0 0 0.04;0.47 0 0 0 0 0.01 0 0 0.02 0 0.01 0 0.01 0.01 0 0 0.08 0 0 0 0 0.08 0 0 0 0.01 0.02 0 0 0 0 0 0.03 0 0.01 0 0 0 0 0.01 0 0 0.04 0 0 0 0 0.01 0.13 0 0 0.01 0 0 0 0 0 0 0 0 0 0 0 0.04;0.47 0 0.02 0.01 0.08 0 0 0 0.03 0 0 0 0.13 0 0 0 0 0.01 0 0.01 0 0.08 0.01 0 0 0 0 0 0 0 0 0 0 0 0.01 0 0 0 0.02 0 0.01 0 0.04 0 0 0 0 0 0 0 0 0 0 0 0 0 0 0.01 0 0.01 0.01 0 0 0.04;
0.44 0 0 0.01 0 0.01 0 0 0.02 0 0 0 0.11 0.01 0 0.01 0 0 0 0 0 0.02 0 0 0 0.01 0 0 0 0 0 0.01 0.02 0 0 0 0 0 0.04 0 0 0 0.05 0 0 0 0 0 0.02 0 0 0.05 0.01 0 0 0 0 0 0.02 0.01 0.02 0 0 0.11;0.44 0 0 0.01 0 0 0 0 0.02 0 0 0 0.02 0 0 0.05 0 0.01 0 0 0 0.02 0 0 0 0 0.04 0 0.01 0 0 0 0.02 0 0 0 0 0.01 0 0 0 0 0.05 0 0 0 0.02 0.01 0.11 0.01 0 0.01 0 0 0 0.01 0 0 0 0 0.02 0 0 0.11;0.44 0 0.02 0.02 0 0 0 0.01 0.02 0 0 0 0.11 0 0 0.02 0 0 0 0 0.01 0.02 0 0 0 0.01 0 0 0.01 0 0 0 0 0 0 0 0 0 0.04 0 0 0 0.05 0.02 0 0 0 0 0.01 0 0 0.05 0 0 0 0 0 0 0 0.01 0.01 0.01 0 0.11;
0.41 0 0.01 0.02 0.02 0.01 0 0 0.08 0 0.01 0 0.07 0 0 0.02 0 0 0 0 0 0.02 0 0 0 0 0 0 0 0.01 0 0.01 0 0 0.02 0 0 0 0 0 0 0 0.1 0 0 0 0 0 0.03 0 0 0.01 0.01 0 0 0.01 0 0 0 0 0 0 0 0.13;0.41 0 0.01 0.02 0 0 0 0 0 0 0.02 0 0.03 0 0 0.01 0.02 0.01 0 0 0 0.02 0 0 0 0 0 0 0.01 0 0 0.01 0.08 0 0.01 0 0 0 0 0 0 0 0.1 0 0 0 0 0 0.07 0 0 0.02 0 0.01 0 0.01 0 0 0 0 0 0 0 0.13;0.41 0 0 0.03 0.02 0 0 0.01 0.08 0 0 0 0.07 0 0 0 0 0 0 0 0.01 0.02 0 0 0 0 0 0 0 0.01 0 0 0.01 0 0.02 0 0 0 0 0 0.01 0 0.1 0 0 0 0 0 0.02 0 0 0.01 0 0 0 0.01 0 0 0 0 0.02 0.01 0 0.13;
0.51 0 0 0.02 0.03 0.01 0.01 0 0.07 0 0 0 0.08 0 0 0.01 0.03 0 0 0 0 0.03 0 0 0 0 0 0 0 0.03 0 0 0 0 0.01 0 0 0 0.01 0 0.01 0 0 0 0 0 0 0 0 0 0 0.02 0 0 0 0 0 0 0.02 0 0 0 0 0.1;0.51 0 0 0.02 0.03 0 0 0 0 0 0.01 0 0 0 0 0.02 0.03 0.01 0.01 0 0 0.03 0 0 0 0 0.01 0 0 0 0 0 0.07 0 0 0 0 0 0 0 0.01 0 0 0 0 0 0.02 0 0.08 0 0 0.01 0 0.03 0 0 0 0 0 0 0 0 0 0.1;0.51 0.03 0 0 0.03 0 0 0 0.07 0 0.01 0 0.08 0 0 0 0 0 0 0 0.01 0.03 0 0 0 0 0 0 0 0.03 0 0 0 0 0.01 0 0.01 0 0.01 0 0 0 0 0.02 0 0 0 0 0.02 0 0 0.02 0 0 0 0 0 0 0 0 0.01 0 0 0.1;
0.48 0.01 0 0 0.09 0 0.01 0 0.02 0 0 0 0.12 0 0 0 0 0 0 0 0 0.08 0 0 0 0 0 0 0 0 0 0 0.02 0 0 0 0 0 0 0 0 0 0.06 0 0 0 0.01 0 0 0 0 0 0 0 0 0 0 0 0 0.03 0 0 0 0.07;0.48 0.01 0 0 0 0 0 0 0.02 0 0 0 0 0 0 0 0.09 0 0.01 0 0 0.08 0 0 0 0 0 0 0 0 0 0 0.02 0 0 0 0 0 0 0 0 0 0.06 0 0 0 0 0.03 0.12 0 0 0 0 0 0 0 0 0 0.01 0 0 0 0 0.07;0.48 0 0.02 0 0.09 0 0 0 0.02 0 0 0 0.12 0 0 0 0.01 0 0 0 0 0.08 0 0 0 0 0 0 0 0 0 0 0 0 0 0 0.01 0 0 0 0 0 0.06 0 0 0 0.01 0 0 0 0 0 0 0 0 0 0 0 0 0.03 0 0 0 0.07;
0.51 0 0 0 0.06 0 0 0 0.12 0 0 0 0.05 0 0 0 0.01 0.01 0 0 0 0.03 0 0 0 0 0 0 0 0 0 0 0.01 0 0 0 0 0 0.01 0 0.02 0 0.02 0 0 0 0.01 0 0 0 0 0 0 0.01 0 0 0 0 0.02 0 0 0 0 0.11;0.51 0 0 0 0.01 0.01 0 0 0.01 0 0 0 0 0 0 0 0.06 0 0 0 0 0.03 0 0 0 0 0.01 0 0 0.01 0 0 0.12 0 0 0 0 0 0 0 0.02 0 0.02 0 0 0 0.02 0 0.05 0 0 0 0 0 0 0 0 0 0.01 0 0 0 0 0.11;0.51 0.01 0.01 0 0.06 0 0 0 0.12 0 0.02 0 0.05 0 0 0 0 0.01 0 0 0 0.03 0 0.01 0 0 0 0 0 0 0 0 0 0 0 0 0 0 0.01 0 0 0 0.02 0.02 0 0 0.01 0 0 0 0 0 0 0 0 0 0 0 0 0 0 0 0 0.11;
0.52 0 0 0.02 0.02 0 0 0 0.07 0 0 0 0.07 0 0 0 0 0 0 0 0 0.02 0 0 0 0 0.01 0 0 0 0 0 0.02 0 0 0 0 0 0 0 0 0 0.06 0 0.01 0 0 0 0 0 0 0.01 0 0 0 0.02 0 0 0 0 0.01 0 0 0.14;0.52 0 0 0.02 0 0 0 0 0.02 0 0 0 0 0 0 0.01 0.02 0 0 0 0 0.02 0 0 0 0 0 0 0 0 0 0.02 0.07 0 0 0 0 0 0.01 0 0 0 0.06 0 0 0 0 0 0.07 0 0 0 0 0 0 0 0.01 0 0 0 0.01 0 0 0.14;0.52 0 0.02 0 0.02 0 0 0 0.07 0 0 0 0.07 0 0.01 0.01 0 0 0 0 0 0.02 0 0 0 0 0 0 0 0 0 0 0 0 0 0 0 0 0 0 0 0.01 0.06 0 0 0 0 0 0.02 0 0 0.01 0 0 0 0.02 0 0 0 0 0 0 0 0.14;
0.53 0 0 0.01 0.03 0 0 0 0.04 0.01 0 0 0.06 0.01 0 0 0.01 0.01 0 0 0 0.1 0 0 0 0.01 0 0 0 0 0 0.01 0.02 0 0 0 0 0 0 0 0 0 0.02 0 0 0 0 0 0 0 0 0.02 0 0 0 0.01 0 0 0 0 0 0 0 0.1;0.53 0 0 0.01 0.01 0.01 0 0 0.02 0 0 0 0 0 0 0.02 0.03 0 0 0 0 0.1 0 0 0 0 0 0 0 0 0 0.01 0.04 0.01 0 0 0 0.01 0 0 0 0 0.02 0 0 0 0 0 0.06 0.01 0 0 0 0 0 0.01 0 0 0 0 0 0 0 0.1;0.53 0.01 0.02 0 0.03 0 0 0 0.04 0 0 0 0.06 0 0 0 0 0.01 0 0 0 0.1 0 0 0.01 0.01 0 0 0.01 0 0 0 0 0 0 0 0 0 0 0 0 0 0.02 0 0 0 0 0 0.01 0 0 0.02 0 0 0 0.01 0 0 0 0 0 0.01 0 0.1;
0.5 0 0 0 0.01 0.01 0.01 0 0.16 0.01 0 0.01 0.11 0 0.01 0 0 0 0 0 0.01 0.02 0.01 0 0 0 0 0 0 0 0 0 0 0 0.01 0 0 0.01 0 0 0 0 0.09 0 0 0 0 0 0.02 0 0 0 0 0 0 0 0 0 0 0 0 0 0 0;0.5 0 0 0 0 0 0 0 0 0 0.01 0 0.02 0 0 0 0.01 0.01 0.01 0 0.01 0.02 0.01 0 0 0.01 0 0 0 0 0 0 0.16 0.01 0 0.01 0 0 0 0 0 0 0.09 0 0 0 0 0 0.11 0 0.01 0 0 0 0 0 0 0 0 0 0 0 0 0;0.5 0 0 0.02 0.01 0.01 0 0 0.16 0 0 0 0.11 0 0 0 0 0 0 0 0.01 0.02 0.01 0 0.01 0 0 0 0 0 0 0 0 0 0.01 0 0.01 0.01 0 0 0 0 0.09 0 0.01 0 0 0 0 0 0 0 0 0 0 0 0.01 0 0 0 0 0 0 0;
0.53 0.02 0 0 0 0 0 0 0.02 0 0.01 0 0.17 0.01 0 0 0 0 0 0 0 0.04 0 0 0 0 0.01 0 0 0 0 0 0.01 0 0.02 0 0 0 0 0 0 0 0.06 0 0 0 0.02 0 0 0 0 0.01 0 0 0 0 0 0 0 0 0 0 0.01 0.06;0.53 0.02 0 0 0 0 0 0 0.01 0 0.02 0 0 0 0 0.01 0 0 0 0 0 0.04 0 0 0 0 0 0 0 0 0 0 0.02 0 0.01 0 0 0 0.01 0 0 0 0.06 0 0 0 0 0 0.17 0.01 0 0 0 0 0 0 0 0 0.02 0 0 0 0.01 0.06;0.53 0 0.01 0 0 0 0 0 0.02 0 0 0 0.17 0 0 0 0.02 0 0 0 0 0.04 0 0 0 0 0 0 0.01 0 0 0 0 0 0.02 0 0 0 0 0 0.01 0.01 0.06 0 0 0 0.02 0.01 0 0 0 0.01 0 0 0 0 0 0 0 0 0 0 0 0.06;
0.51 0 0.01 0.02 0.04 0 0 0 0.04 0 0 0 0.07 0 0 0.01 0 0.03 0 0 0 0.14 0 0 0 0.02 0 0 0 0.01 0 0 0 0 0 0 0 0 0.01 0 0 0 0.02 0 0 0 0 0 0.03 0 0 0 0.01 0 0 0 0 0 0 0 0 0 0 0.03;0.51 0 0.01 0.02 0 0.03 0 0 0 0 0 0 0.03 0 0 0 0.04 0 0 0 0 0.14 0 0 0 0 0.01 0 0.01 0 0 0 0.04 0 0 0 0 0.02 0 0 0 0 0.02 0 0 0 0 0 0.07 0 0 0.01 0 0.01 0 0 0 0 0 0 0 0 0 0.03;0.51 0 0 0.03 0.04 0 0 0.01 0.04 0 0 0 0.07 0 0 0 0 0.03 0 0 0 0.14 0 0 0 0.02 0 0 0 0.01 0 0 0.01 0 0 0 0 0 0.01 0 0 0 0.02 0 0 0 0 0 0.02 0 0 0 0 0 0 0 0 0 0 0 0.01 0 0 0.03;
0.5 0 0.03 0 0.14 0.01 0.01 0 0.03 0 0.01 0 0 0 0 0.03 0 0.02 0 0 0 0.02 0 0 0 0 0 0 0 0 0 0 0 0 0 0 0 0 0 0 0 0 0.02 0 0 0 0.01 0 0.03 0 0 0 0.01 0 0 0 0 0 0 0.02 0 0 0 0.11;0.5 0 0.03 0 0 0.02 0 0 0 0 0 0 0.03 0 0 0 0.14 0.01 0.01 0 0 0.02 0 0 0 0 0 0 0.01 0 0 0 0.03 0 0.01 0 0 0 0 0 0 0 0.02 0 0 0 0 0.02 0 0 0 0.03 0 0 0 0 0 0 0.01 0 0 0 0 0.11;0.5 0 0 0.03 0.14 0 0 0.01 0.03 0 0 0 0 0 0 0 0 0.02 0 0 0.01 0.02 0 0 0 0 0 0 0 0 0 0 0.03 0 0 0 0.01 0 0 0 0.01 0 0.02 0 0 0 0.01 0 0 0 0 0 0 0 0 0 0 0 0 0.02 0.03 0 0 0.11;
0.46 0.01 0 0.01 0.16 0 0.01 0 0.02 0 0.02 0 0.04 0 0.01 0.02 0.01 0.01 0 0 0 0.02 0 0 0 0 0 0 0 0.01 0 0 0 0 0.01 0 0 0.01 0 0 0 0 0.08 0 0 0 0.01 0 0.01 0 0 0.01 0 0 0 0 0 0 0 0.01 0 0 0 0.05;0.46 0.01 0 0.01 0.01 0.01 0 0 0 0 0.01 0 0.01 0 0 0.01 0.16 0 0.01 0 0 0.02 0 0 0 0.01 0 0 0 0 0 0 0.02 0 0.02 0 0 0 0 0 0 0 0.08 0 0 0 0 0.01 0.04 0 0.01 0.02 0 0.01 0 0 0 0 0.01 0 0 0 0 0.05;0.46 0.01 0 0.01 0.16 0 0 0 0.02 0 0 0 0.04 0 0 0 0.01 0.01 0 0 0 0.02 0.01 0 0 0 0 0 0 0.01 0 0 0 0 0.01 0 0.01 0 0 0 0.02 0 0.08 0 0.01 0 0.01 0 0.01 0 0 0.01 0 0 0 0 0 0 0 0.01 0.02 0 0 0.05;
0.5 0 0 0.01 0.02 0 0 0 0.01 0 0 0 0.17 0 0 0 0.01 0 0 0 0 0 0 0 0 0.01 0.01 0 0 0 0 0 0 0 0 0 0 0 0.01 0 0 0 0.09 0 0 0 0 0 0.02 0 0 0.04 0 0 0 0 0 0 0.01 0.01 0 0 0 0.08;0.5 0 0 0.01 0.01 0 0 0 0 0 0 0 0.02 0 0 0.04 0.02 0 0 0 0 0 0 0 0 0 0.01 0 0 0 0 0 0.01 0 0 0 0 0.01 0.01 0 0 0 0.09 0 0 0 0.01 0.01 0.17 0 0 0 0 0 0 0 0 0 0 0 0 0 0 0.08;0.5 0.01 0 0.02 0.02 0 0 0 0.01 0 0 0 0.17 0 0 0 0 0 0 0 0 0 0 0 0 0.01 0 0 0 0 0 0 0 0 0 0 0 0 0.01 0 0 0.01 0.09 0.01 0 0 0 0 0.01 0 0 0.04 0 0 0 0 0 0 0 0.01 0 0 0 0.08;
0.47 0.01 0 0 0 0 0 0 0.02 0.01 0.01 0 0.19 0 0 0.05 0 0 0 0 0 0 0 0 0 0 0 0 0 0 0 0 0 0 0 0 0 0.01 0.01 0 0 0 0.06 0 0 0 0 0 0 0 0 0.02 0 0 0 0 0 0 0 0 0 0 0 0.14;0.47 0.01 0 0 0 0 0 0 0 0 0 0 0 0 0 0.02 0 0 0 0 0 0 0 0 0 0.01 0.01 0 0 0 0 0 0.02 0.01 0.01 0 0 0 0 0 0 0 0.06 0 0 0 0 0 0.19 0 0 0.05 0 0 0 0 0 0 0 0 0 0 0 0.14;0.47 0 0 0 0 0 0 0 0.02 0 0 0 0.19 0 0 0 0.01 0 0 0 0 0 0.01 0 0.01 0 0 0 0 0 0 0 0 0 0 0 0 0 0.01 0 0.01 0 0.06 0 0 0 0 0 0 0 0 0.02 0 0 0 0 0 0 0 0 0.05 0 0 0.14;
0.48 0 0 0.03 0.07 0 0 0 0.06 0 0.01 0.01 0.04 0 0 0.02 0 0 0 0 0.01 0 0 0 0 0 0 0 0 0 0 0 0 0 0.01 0 0 0.01 0 0 0 0 0.06 0 0 0 0 0 0.02 0 0 0.01 0 0 0 0.01 0 0 0 0.02 0 0 0 0.13;0.48 0 0 0.03 0 0 0 0 0 0 0.01 0 0.02 0 0 0.01 0.07 0 0 0 0.01 0 0 0 0 0.01 0 0 0 0 0 0.01 0.06 0 0.01 0.01 0 0 0 0 0 0 0.06 0 0 0 0 0.02 0.04 0 0 0.02 0 0 0 0 0 0 0 0 0 0 0 0.13;0.48 0 0 0.02 0.07 0.01 0 0 0.06 0 0 0 0.04 0 0 0 0 0 0 0 0 0 0.01 0 0 0 0 0 0 0 0 0 0 0 0.01 0 0 0 0 0 0.01 0 0.06 0 0 0 0 0 0.03 0 0 0.01 0 0 0 0.01 0.01 0 0 0.02 0.02 0 0 0.13;
0.44 0 0 0 0.01 0 0 0 0.05 0.01 0.01 0 0.09 0 0.01 0 0.02 0 0 0 0 0.07 0 0 0 0 0 0 0 0 0 0 0 0 0.03 0 0 0 0.02 0 0 0.01 0.04 0 0 0 0 0 0.01 0 0 0.02 0 0 0 0.02 0 0 0 0 0.02 0.01 0.01 0.1;0.44 0 0 0 0.02 0 0 0 0 0 0.03 0 0.01 0 0 0.02 0.01 0 0 0 0 0.07 0 0 0 0 0.02 0 0 0 0 0.02 0.05 0.01 0.01 0 0 0 0 0 0 0.01 0.04 0 0 0 0 0 0.09 0 0.01 0 0 0 0 0 0 0 0 0 0.02 0.01 0.01 0.1;0.44 0.02 0 0.01 0.01 0 0 0 0.05 0 0 0 0.09 0 0 0.02 0 0 0 0 0 0.07 0 0 0.01 0 0.01 0 0 0 0 0.01 0 0 0.03 0 0 0 0.02 0 0.01 0 0.04 0 0.01 0 0 0.01 0 0 0 0.02 0 0 0 0.02 0 0 0 0 0 0 0 0.1;
0.46 0.03 0.02 0 0.02 0.01 0 0 0.09 0 0.01 0 0.12 0 0.01 0.01 0 0 0 0 0 0.04 0 0 0 0 0 0 0 0 0 0 0.01 0 0 0 0 0 0.01 0 0.01 0 0.01 0 0 0 0 0 0.01 0 0 0.02 0 0 0 0.02 0 0 0 0 0 0 0 0.09;0.46 0.03 0.02 0 0 0 0 0 0.01 0 0 0 0.01 0 0 0.02 0.02 0.01 0 0 0 0.04 0 0 0 0 0.01 0 0 0 0 0.02 0.09 0 0.01 0 0 0 0 0 0.01 0 0.01 0 0 0 0 0 0.12 0 0.01 0.01 0 0 0 0 0 0 0 0 0 0 0 0.09;0.46 0 0.01 0.01 0.02 0 0 0 0.09 0 0.01 0 0.12 0 0 0 0.03 0 0 0 0.01 0.04 0 0 0 0 0 0 0 0 0 0 0.02 0 0 0 0 0 0.01 0 0.01 0 0.01 0 0.01 0 0 0 0 0 0 0.02 0 0 0 0.02 0 0 0 0 0.01 0 0 0.09;
0.47 0 0 0.01 0.04 0 0 0.01 0.01 0.02 0 0 0.11 0 0 0.01 0 0 0 0 0 0 0 0 0 0 0 0 0 0 0 0 0 0 0 0 0 0 0 0 0 0 0.01 0 0 0 0 0 0.01 0 0 0.05 0.01 0 0 0.01 0 0 0 0.01 0.01 0 0 0.21;0.47 0 0 0.01 0 0 0 0 0 0 0 0 0.01 0 0 0.05 0.04 0 0 0.01 0 0 0 0 0 0 0 0 0.01 0 0 0.01 0.01 0.02 0 0 0 0 0 0 0 0 0.01 0 0 0 0 0.01 0.11 0 0 0.01 0 0 0 0 0 0 0 0 0.01 0 0 0.21;0.47 0 0 0.01 0.04 0 0 0.01 0.01 0 0 0 0.11 0 0 0.01 0 0 0 0 0 0 0 0 0.02 0 0 0 0 0 0 0 0 0 0 0 0 0 0 0 0 0 0.01 0 0 0 0 0 0.01 0 0 0.05 0.01 0 0 0.01 0 0 0 0.01 0.01 0 0 0.21;
0.47 0 0 0.01 0 0.01 0 0 0.07 0 0.01 0.02 0.09 0 0 0 0 0 0 0 0 0.06 0 0 0 0.02 0 0 0 0.01 0 0 0 0 0 0 0 0 0 0 0 0 0 0 0 0 0 0 0.03 0 0 0.05 0 0 0 0.01 0 0 0 0 0 0 0 0.14;0.47 0 0 0.01 0 0 0 0 0 0 0 0 0.03 0 0 0.05 0 0.01 0 0 0 0.06 0 0 0 0 0 0 0 0 0 0.01 0.07 0 0.01 0.02 0 0.02 0 0 0 0 0 0 0 0 0 0 0.09 0 0 0 0 0.01 0 0 0 0 0 0 0 0 0 0.14;0.47 0 0 0.03 0 0 0 0 0.07 0 0 0 0.09 0 0 0 0 0 0 0 0.01 0.06 0 0 0 0.02 0 0 0 0.01 0 0 0 0 0 0 0 0 0 0 0.01 0 0 0 0 0 0 0 0.01 0 0 0.05 0 0 0 0.01 0.02 0 0 0 0 0 0 0.14;
0.5 0.01 0 0.01 0.01 0 0 0 0.06 0 0 0 0.08 0 0 0 0 0 0 0 0 0.05 0 0 0 0.01 0 0 0 0 0 0 0 0 0 0 0 0 0.01 0 0 0 0.03 0 0 0 0 0 0.02 0 0 0.02 0 0 0 0.01 0 0.01 0 0 0 0 0 0.17;0.5 0.01 0 0.01 0 0 0 0 0 0 0 0 0.02 0 0 0.02 0.01 0 0 0 0 0.05 0 0 0 0 0.01 0 0 0 0 0.01 0.06 0 0 0 0 0.01 0 0 0 0 0.03 0 0 0.01 0 0 0.08 0 0 0 0 0 0 0 0 0 0 0 0 0 0 0.17;0.5 0 0 0.02 0.01 0 0 0 0.06 0 0 0 0.08 0 0 0 0.01 0 0 0 0 0.05 0 0 0 0.01 0 0.01 0 0 0 0 0 0 0 0 0 0 0.01 0 0 0 0.03 0 0 0 0 0 0.01 0 0 0.02 0 0 0 0.01 0 0 0 0 0 0 0 0.17;
0.53 0.03 0 0 0.05 0.01 0 0 0.1 0 0 0 0.01 0 0 0 0 0 0 0 0 0.13 0 0 0 0 0 0 0 0.03 0 0 0 0 0.02 0 0 0 0.01 0 0 0 0.06 0 0 0 0.01 0 0.01 0 0 0 0 0 0 0 0 0 0 0 0 0 0 0;0.53 0.03 0 0 0 0 0 0 0 0 0.02 0 0.01 0 0 0 0.05 0.01 0 0 0 0.13 0 0 0 0 0.01 0 0 0 0 0 0.1 0 0 0 0 0 0 0 0 0 0.06 0 0 0 0 0 0.01 0 0 0 0 0.03 0 0 0 0 0.01 0 0 0 0 0;0.53 0 0 0.01 0.05 0 0 0 0.1 0 0 0 0.01 0 0 0 0.03 0 0 0 0.01 0.13 0 0 0 0 0 0 0 0.03 0 0 0 0 0.02 0 0 0 0.01 0 0 0 0.06 0 0 0 0.01 0 0 0 0 0 0 0 0 0 0 0 0 0 0 0 0 0;
0.56 0 0 0 0 0 0 0 0.04 0 0 0 0.05 0 0 0.02 0 0 0 0 0 0.06 0 0 0 0 0 0 0 0.03 0 0 0 0 0 0 0 0 0.01 0 0 0 0.01 0 0 0 0 0 0 0 0 0.01 0 0 0 0.02 0 0 0 0.01 0.01 0 0 0.17;0.56 0 0 0 0 0 0 0 0 0 0 0 0 0 0 0.01 0 0 0 0 0 0.06 0 0 0 0 0.01 0 0 0 0 0.02 0.04 0 0 0 0 0 0 0 0 0 0.01 0 0 0 0 0.01 0.05 0 0 0.02 0 0.03 0 0 0 0 0 0 0.01 0 0 0.17;0.56 0 0 0 0 0 0 0 0.04 0 0 0 0.05 0 0 0.01 0 0 0 0 0 0.06 0 0 0 0 0 0 0 0.03 0 0 0 0 0 0 0 0 0.01 0 0 0 0.01 0 0 0 0 0 0 0 0 0.01 0 0 0 0.02 0 0 0 0.01 0.02 0 0 0.17;
0.48 0 0 0.01 0.11 0 0 0.01 0.04 0 0 0 0.02 0 0 0 0.02 0.02 0 0 0 0.05 0.01 0 0 0.02 0.01 0 0 0 0.01 0 0 0 0 0 0 0 0 0 0 0 0.08 0 0.01 0 0.01 0 0.01 0 0 0 0 0 0 0 0 0 0 0.01 0 0 0 0.07;0.48 0 0 0.01 0.02 0.02 0 0 0 0 0 0 0.01 0 0 0 0.11 0 0 0.01 0 0.05 0.01 0 0 0 0 0 0 0 0 0 0.04 0 0 0 0 0.02 0.01 0 0 0 0.08 0 0 0 0 0.01 0.02 0 0 0 0 0 0.01 0 0.01 0 0.01 0 0 0 0 0.07;0.48 0.02 0 0.01 0.11 0 0 0 0.04 0 0 0 0.02 0 0.01 0 0 0.02 0 0 0 0.05 0 0 0 0.02 0 0 0 0 0 0 0 0 0 0 0 0.01 0 0 0 0.01 0.08 0 0 0.01 0.01 0 0.01 0 0 0 0.01 0 0 0 0 0 0 0.01 0 0 0 0.07;
0.61 0 0 0 0.1 0 0 0.02 0.02 0 0.02 0 0 0 0 0 0 0 0 0 0 0.01 0 0 0 0 0 0 0 0.01 0 0 0 0 0 0 0 0 0 0 0 0 0.01 0 0 0 0 0 0.01 0 0 0 0.01 0 0 0.01 0 0 0 0.01 0 0 0 0.16;0.61 0 0 0 0 0 0 0 0 0 0 0 0.01 0 0 0 0.1 0 0 0.02 0 0.01 0 0 0 0 0 0 0.01 0 0 0.01 0.02 0 0.02 0 0 0 0 0 0 0 0.01 0 0 0 0 0.01 0 0 0 0 0 0.01 0 0 0 0 0 0 0 0 0 0.16;0.61 0 0 0.01 0.1 0 0 0.01 0.02 0 0 0 0 0 0 0 0 0 0 0 0 0.01 0 0 0 0 0 0 0 0.01 0 0 0 0 0 0 0 0 0 0 0.02 0 0.01 0 0 0 0 0 0 0 0 0 0.02 0 0 0.01 0 0 0 0.01 0 0 0 0.16;
0.57 0 0 0 0 0 0 0 0.08 0 0 0 0.05 0 0 0.01 0 0 0 0 0 0.02 0 0 0 0 0 0 0 0 0 0 0 0 0 0 0 0 0 0 0 0 0.06 0 0 0 0 0 0.01 0 0 0.03 0 0 0.01 0.03 0 0 0 0 0 0 0 0.13;0.57 0 0 0 0 0 0 0 0 0 0 0 0.01 0 0 0.03 0 0 0 0 0 0.02 0 0 0 0 0 0 0 0 0.01 0.03 0.08 0 0 0 0 0 0 0 0 0 0.06 0 0 0 0 0 0.05 0 0 0.01 0 0 0 0 0 0 0 0 0 0 0 0.13;0.57 0 0 0.01 0 0 0 0 0.08 0 0 0 0.05 0 0 0 0 0 0 0 0 0.02 0 0 0 0 0 0 0 0 0 0 0 0 0 0 0 0 0 0.01 0 0 0.06 0 0 0 0 0 0 0 0 0.03 0 0 0 0.03 0 0 0 0 0.01 0 0 0.13;
0.5 0.01 0 0.01 0.01 0.01 0 0 0.03 0 0.01 0 0.15 0 0.01 0 0.04 0 0 0 0 0.1 0 0 0 0 0.01 0 0 0 0 0 0.01 0 0 0 0 0 0 0 0 0 0 0 0 0 0 0.01 0 0 0 0.02 0.01 0 0 0 0 0 0 0 0 0.01 0 0.05;0.5 0.01 0 0.01 0.04 0 0 0 0.01 0 0 0 0 0 0 0.02 0.01 0.01 0 0 0 0.1 0 0 0 0 0 0 0.01 0 0 0 0.03 0 0.01 0 0 0 0.01 0 0 0 0 0 0 0 0 0 0.15 0 0.01 0 0 0 0 0 0 0 0 0.01 0 0.01 0 0.05;0.5 0.04 0.01 0 0.01 0 0 0.01 0.03 0 0 0 0.15 0 0 0 0.01 0 0 0 0.01 0.1 0 0 0 0 0 0 0 0 0 0.01 0 0 0 0 0 0 0 0 0.01 0.01 0 0 0.01 0 0 0 0.01 0 0 0.02 0 0 0 0 0 0 0 0 0 0 0.01 0.05;
0.55 0.01 0 0.01 0.11 0 0 0 0 0 0 0 0.07 0 0 0.01 0.01 0 0 0 0 0.01 0 0 0 0 0 0 0 0 0 0.01 0 0 0 0 0 0 0 0 0 0 0.03 0 0 0 0 0 0.02 0 0 0.03 0.01 0 0 0 0 0 0 0.03 0 0 0 0.09;0.55 0.01 0 0.01 0.01 0 0 0 0 0 0 0 0.02 0 0 0.03 0.11 0 0 0 0 0.01 0 0 0 0 0 0 0.01 0 0 0 0 0 0 0 0 0 0 0 0 0 0.03 0 0 0 0 0.03 0.07 0 0 0.01 0 0 0 0.01 0 0 0 0 0 0 0 0.09;0.55 0.01 0 0.02 0.11 0 0 0.01 0 0 0 0 0.07 0 0 0 0.01 0 0 0 0 0.01 0 0 0 0 0 0 0 0 0 0 0 0 0 0 0 0 0 0 0 0 0.03 0 0 0 0 0 0.01 0 0 0.03 0 0 0 0 0 0 0 0.03 0.01 0.01 0 0.09;
0.51 0 0 0.02 0.01 0 0.01 0 0 0 0.01 0 0.18 0 0 0.02 0 0 0 0 0 0 0 0 0 0 0 0 0 0 0 0 0.01 0 0 0 0 0.01 0.06 0 0 0.02 0.07 0 0 0 0 0 0.01 0 0 0.01 0 0.01 0 0 0 0 0 0 0 0 0 0.04;0.51 0 0 0.02 0 0 0 0 0.01 0 0 0 0.01 0 0 0.01 0.01 0 0.01 0 0 0 0 0 0 0.01 0.06 0 0 0.01 0 0 0 0 0.01 0 0 0 0 0 0 0.02 0.07 0 0 0 0 0 0.18 0 0 0.02 0 0 0 0 0 0 0 0 0 0 0 0.04;0.51 0 0.01 0.01 0.01 0 0 0 0 0 0 0 0.18 0 0 0 0 0 0 0 0 0 0.01 0.01 0 0 0.02 0 0 0 0 0 0 0 0 0 0.01 0 0.06 0 0.01 0 0.07 0 0 0 0 0 0.02 0 0 0.01 0 0 0 0 0 0 0 0 0.02 0 0 0.04;
0.53 0 0 0.02 0 0.02 0 0 0 0.01 0 0 0.1 0 0 0.01 0.02 0 0 0 0 0.12 0 0 0 0.01 0 0 0 0.01 0 0 0.03 0 0 0 0 0 0.01 0 0 0 0.03 0 0.01 0 0 0 0 0 0 0.01 0 0 0 0 0 0 0 0 0 0 0 0.06;0.53 0 0 0.02 0.02 0 0 0 0.03 0 0 0 0 0 0 0.01 0 0.02 0 0 0 0.12 0 0 0 0 0.01 0 0 0 0 0 0 0.01 0 0 0 0.01 0 0 0 0 0.03 0 0 0 0 0 0.1 0 0 0.01 0 0.01 0 0 0.01 0 0 0 0 0 0 0.06;0.53 0.02 0.03 0 0 0 0 0 0 0 0 0 0.1 0 0.01 0 0 0 0 0 0.02 0.12 0 0 0.01 0.01 0 0 0 0.01 0 0 0 0 0 0 0 0 0.01 0 0 0 0.03 0 0 0 0 0 0.02 0 0 0.01 0 0 0 0 0 0 0 0 0.01 0 0 0.06;
0.54 0 0 0.02 0.04 0.01 0 0 0.05 0 0 0 0.12 0 0 0.01 0 0 0 0 0 0 0 0 0 0.01 0 0 0 0.01 0 0 0 0 0 0 0 0 0.01 0 0 0 0 0 0 0 0 0 0.01 0 0 0.01 0 0 0 0.04 0 0 0 0.03 0 0 0 0.09;0.54 0 0 0.02 0 0 0 0 0 0 0 0 0.01 0 0 0.01 0.04 0.01 0 0 0 0 0 0 0 0 0.01 0 0 0 0 0.04 0.05 0 0 0 0 0.01 0 0 0 0 0 0 0 0 0 0.03 0.12 0 0 0.01 0 0.01 0 0 0 0 0 0 0 0 0 0.09;0.54 0 0 0.01 0.04 0 0 0 0.05 0 0 0 0.12 0 0 0 0 0 0 0 0.01 0 0 0 0 0.01 0 0 0 0.01 0 0 0 0 0 0 0 0 0.01 0 0 0 0 0 0 0 0 0 0.02 0 0 0.01 0 0 0 0.04 0 0 0 0.03 0.01 0 0 0.09;
0.48 0 0 0.02 0.03 0 0 0.01 0 0 0 0 0.16 0 0 0.01 0 0.01 0 0 0 0.06 0.01 0 0 0.02 0 0 0 0.01 0 0 0 0 0 0 0 0.01 0.02 0 0 0 0.1 0 0 0 0 0 0.02 0 0 0 0.01 0 0 0 0 0 0 0 0 0 0 0.02;0.48 0 0 0.02 0 0.01 0 0 0 0 0 0 0.02 0 0 0 0.03 0 0 0.01 0 0.06 0.01 0 0 0.01 0.02 0 0.01 0 0 0 0 0 0 0 0 0.02 0 0 0 0 0.1 0 0 0 0 0 0.16 0 0 0.01 0 0.01 0 0 0 0 0 0 0 0 0 0.02;0.48 0 0 0.02 0.03 0 0 0.01 0 0 0 0 0.16 0 0 0 0 0.01 0 0 0 0.06 0.01 0 0 0.02 0 0 0 0.01 0 0 0 0 0 0 0 0.01 0.02 0 0 0 0.1 0 0 0 0 0 0.02 0 0 0 0.01 0 0 0 0 0 0 0 0.01 0 0 0.02;
0.48 0.01 0.01 0 0.04 0 0 0.01 0.08 0 0.01 0.01 0.04 0 0 0.02 0 0.03 0 0 0 0.13 0 0 0 0.01 0 0 0 0 0 0 0 0 0 0 0 0 0 0 0 0 0.03 0.01 0 0 0.01 0.01 0 0 0 0.01 0 0 0 0 0 0 0 0 0 0 0 0.05;0.48 0.01 0.01 0 0 0.03 0 0 0 0 0 0 0 0 0 0.01 0.04 0 0 0.01 0 0.13 0 0 0 0 0 0 0 0 0 0 0.08 0 0.01 0.01 0 0.01 0 0 0 0 0.03 0.01 0 0 0 0 0.04 0 0 0.02 0 0 0 0 0 0 0.01 0.01 0 0 0 0.05;0.48 0 0 0 0.04 0 0 0 0.08 0 0 0 0.04 0 0 0 0.01 0.03 0 0 0 0.13 0 0 0 0.01 0 0 0 0 0 0 0.01 0 0 0 0 0 0 0 0.01 0 0.03 0 0 0 0.01 0 0 0 0 0.01 0.01 0 0 0 0.01 0 0.01 0 0.02 0 0.01 0.05;
0.49 0 0 0 0.1 0.01 0 0 0.01 0 0 0 0.07 0 0.01 0.02 0 0.02 0 0 0 0.03 0 0 0 0.01 0 0 0 0 0 0 0 0 0 0 0.01 0 0.03 0 0 0 0.1 0 0 0 0.03 0 0 0 0 0 0 0 0 0 0 0 0 0.03 0 0 0 0.03;0.49 0 0 0 0 0.02 0 0 0 0 0 0 0 0 0 0 0.1 0.01 0 0 0 0.03 0 0 0.01 0 0.03 0 0 0 0 0 0.01 0 0 0 0 0.01 0 0 0 0 0.1 0 0 0 0 0.03 0.07 0 0.01 0.02 0 0 0 0 0 0 0.03 0 0 0 0 0.03;0.49 0 0 0 0.1 0 0.01 0 0.01 0 0 0 0.07 0 0 0 0 0.02 0 0 0.01 0.03 0 0 0 0.01 0 0 0 0 0 0 0 0 0 0 0 0 0.03 0 0 0 0.1 0 0.01 0 0.03 0 0 0 0 0 0 0 0 0 0 0 0 0.03 0.02 0 0 0.03;
0.51 0.01 0 0 0.01 0.01 0 0 0 0.01 0.01 0 0.15 0 0 0 0.03 0 0 0 0 0.09 0 0 0 0.03 0 0 0 0 0 0 0 0 0 0 0 0 0.02 0 0 0 0.03 0 0 0 0 0 0.02 0 0 0.01 0 0.01 0 0 0 0 0 0 0 0 0 0.05;0.51 0.01 0 0 0.03 0 0 0 0 0 0 0 0.02 0 0 0.01 0.01 0.01 0 0 0 0.09 0 0 0 0 0.02 0 0 0.01 0 0 0 0.01 0.01 0 0 0.03 0 0 0 0 0.03 0 0 0 0 0 0.15 0 0 0 0 0 0 0 0 0 0 0 0 0 0 0.05;0.51 0.03 0 0.02 0.01 0 0 0 0 0 0 0 0.15 0 0 0 0.01 0 0 0 0.01 0.09 0 0.01 0.01 0.03 0 0 0 0 0 0 0 0 0 0 0 0 0.02 0 0.01 0 0.03 0 0 0 0 0 0 0 0 0.01 0 0 0 0 0 0 0 0 0 0 0 0.05;
0.53 0 0 0.02 0.03 0.03 0 0 0.09 0 0.02 0 0 0 0 0.01 0.02 0.01 0 0 0 0.05 0.01 0 0 0 0 0 0 0.01 0 0 0 0 0 0 0 0 0 0 0 0 0.04 0 0 0 0 0.01 0.01 0 0 0 0 0 0 0.01 0 0 0 0 0 0 0 0.1;0.53 0 0 0.02 0.02 0.01 0 0 0 0 0 0 0.01 0 0 0 0.03 0.03 0 0 0 0.05 0.01 0 0 0 0 0 0 0 0 0.01 0.09 0 0.02 0 0 0 0 0 0 0 0.04 0 0 0 0 0 0 0 0 0.01 0 0.01 0 0 0 0 0 0.01 0 0 0 0.1;0.53 0.02 0 0.01 0.03 0 0 0 0.09 0 0 0 0 0 0 0 0 0.01 0 0 0.03 0.05 0 0 0 0 0 0 0 0.01 0 0 0 0 0 0 0 0.01 0 0 0.02 0 0.04 0 0 0 0 0 0.02 0 0 0 0 0 0 0.01 0 0 0 0 0.01 0 0.01 0.1;
0.49 0.02 0 0.01 0.02 0 0 0 0 0 0 0 0.17 0.01 0 0 0.02 0.01 0 0 0 0.1 0.01 0 0 0 0 0 0 0.01 0 0 0 0 0 0 0 0 0 0 0 0 0.06 0 0 0 0 0 0.03 0 0 0 0 0 0 0 0 0 0 0 0 0 0 0.04;0.49 0.02 0 0.01 0.02 0.01 0 0 0 0 0 0 0.03 0 0 0 0.02 0 0 0 0 0.1 0.01 0 0 0 0 0 0 0 0 0 0 0 0 0 0 0 0 0 0 0 0.06 0 0 0 0 0 0.17 0.01 0 0 0 0.01 0 0 0 0 0 0 0 0 0 0.04;0.49 0.02 0 0.03 0.02 0 0 0 0 0 0 0 0.17 0 0 0 0.02 0.01 0 0 0 0.1 0 0 0 0 0 0 0.01 0.01 0 0 0 0 0 0 0 0.01 0 0 0 0 0.06 0 0 0 0 0 0.01 0 0 0 0 0 0 0 0 0 0 0 0 0 0 0.04;
0.5 0 0 0.01 0.07 0.01 0 0.01 0.04 0 0 0.01 0.11 0 0 0.02 0 0.01 0 0 0 0.01 0 0 0 0 0 0 0 0 0 0 0 0 0 0 0 0 0.02 0 0 0 0.06 0 0 0 0 0 0.01 0 0 0.01 0 0 0 0 0 0 0 0.02 0.02 0 0 0.06;0.5 0 0 0.01 0 0.01 0 0 0 0 0 0 0.01 0 0 0.01 0.07 0.01 0 0.01 0 0.01 0 0 0 0 0.02 0 0 0 0 0 0.04 0 0 0.01 0 0 0 0 0 0 0.06 0 0 0 0 0.02 0.11 0 0 0.02 0 0 0 0 0 0 0 0 0.02 0 0 0.06;0.5 0 0 0.01 0.07 0 0 0 0.04 0 0 0 0.11 0 0 0.02 0 0.01 0 0 0.01 0.01 0 0 0 0 0 0 0 0 0 0 0 0 0 0 0 0 0.02 0 0 0 0.06 0 0 0 0 0 0.01 0 0 0.01 0.01 0 0 0 0.01 0 0 0.02 0.02 0 0 0.06;
0.42 0.01 0.01 0.01 0.03 0.01 0 0 0.12 0 0.04 0 0.03 0 0 0 0 0.01 0 0 0 0.06 0 0 0.01 0.01 0 0 0 0.04 0.01 0 0 0 0 0 0 0 0 0 0 0 0.05 0 0 0 0 0 0 0 0.01 0.01 0 0 0 0.01 0.01 0 0 0.02 0 0 0 0.07;0.42 0.01 0.01 0.01 0 0.01 0 0 0 0 0 0 0 0 0.01 0.01 0.03 0.01 0 0 0 0.06 0 0 0 0 0 0 0 0 0 0.01 0.12 0 0.04 0 0.01 0.01 0 0 0 0 0.05 0 0.01 0 0 0.02 0.03 0 0 0 0 0.04 0.01 0 0 0 0 0 0 0 0 0.07;0.42 0 0 0 0.03 0 0 0 0.12 0.01 0 0.01 0.03 0 0 0 0.01 0.01 0 0 0.01 0.06 0 0 0 0.01 0 0 0 0.04 0 0 0.01 0 0 0.01 0 0 0 0 0.04 0 0.05 0 0 0.01 0 0 0.01 0 0 0.01 0 0 0 0.01 0 0 0 0.02 0 0 0 0.07;
0.47 0 0.01 0 0.06 0 0 0 0.13 0.01 0 0 0 0.01 0 0.01 0 0 0 0 0.01 0.09 0 0 0 0 0 0 0 0.01 0 0 0.02 0 0 0 0 0 0 0 0 0 0.06 0 0 0 0.01 0 0.01 0 0 0 0 0.01 0 0.02 0 0 0.01 0 0 0.01 0.01 0.03;0.47 0 0.01 0 0 0 0 0 0.02 0 0 0 0.01 0 0 0 0.06 0 0 0 0.01 0.09 0 0 0 0 0 0 0 0.01 0 0.02 0.13 0.01 0 0 0 0 0 0 0 0 0.06 0 0 0 0.01 0 0 0.01 0 0.01 0 0.01 0 0 0 0 0.01 0 0 0.01 0.01 0.03;0.47 0 0.02 0.01 0.06 0.01 0 0 0.13 0 0 0 0 0 0 0 0 0 0 0 0 0.09 0 0.01 0.01 0 0 0 0.01 0.01 0 0.01 0.01 0 0 0 0 0 0 0 0 0 0.06 0.01 0 0 0.01 0.01 0 0 0 0 0 0 0 0.02 0 0 0 0 0.01 0 0 0.03;
0.47 0 0 0.02 0.01 0.02 0 0.01 0.01 0 0 0 0.15 0.01 0 0 0 0 0 0 0 0.02 0 0 0 0 0.01 0 0 0 0 0 0 0 0 0 0 0 0 0 0 0 0.01 0 0 0 0 0 0.03 0 0 0.03 0 0 0 0.01 0 0 0 0.01 0 0 0.01 0.17;0.47 0 0 0.02 0 0 0 0 0 0 0 0 0.03 0 0 0.03 0.01 0.02 0 0.01 0 0.02 0 0 0 0 0 0 0 0 0 0.01 0.01 0 0 0 0 0 0.01 0 0 0 0.01 0 0 0 0 0.01 0.15 0.01 0 0 0 0 0 0 0 0 0 0 0 0 0.01 0.17;0.47 0 0 0.03 0.01 0 0 0 0.01 0 0 0 0.15 0 0 0 0 0 0 0 0.02 0.02 0 0 0 0 0 0 0.01 0 0 0 0 0 0 0 0 0 0 0 0 0.01 0.01 0 0 0 0 0.01 0.02 0 0 0.03 0.01 0 0 0.01 0 0 0 0.01 0 0 0 0.17;
0.53 0 0 0.01 0.03 0 0 0 0.03 0 0.01 0.01 0.13 0 0 0 0 0 0 0 0 0.07 0 0 0 0 0 0 0 0 0 0.01 0.01 0 0 0 0 0 0 0 0 0 0 0 0 0 0 0 0 0 0 0.03 0 0 0 0.01 0 0 0 0 0 0 0 0.12;0.53 0 0 0.01 0 0 0 0 0.01 0 0 0 0 0 0 0.03 0.03 0 0 0 0 0.07 0 0 0 0 0 0 0 0 0 0.01 0.03 0 0.01 0.01 0 0 0 0 0 0 0 0 0 0 0 0 0.13 0 0 0 0 0 0 0.01 0 0 0 0 0 0 0 0.12;0.53 0 0.01 0 0.03 0 0 0 0.03 0 0 0 0.13 0 0 0 0 0 0 0 0 0.07 0 0 0 0 0 0 0 0 0 0 0 0 0 0 0 0 0 0 0.01 0 0 0 0 0 0 0 0.01 0 0 0.03 0 0 0 0.01 0.01 0 0 0 0 0.01 0 0.12;
0.62 0.01 0 0.01 0.03 0 0 0 0.07 0 0 0 0.01 0 0 0.02 0.01 0 0 0 0 0.03 0 0 0 0 0 0 0 0 0 0 0.01 0 0.02 0 0 0 0 0 0 0 0.06 0 0 0 0.01 0.01 0.01 0 0 0 0 0 0 0.02 0 0 0 0.01 0 0 0 0.04;0.62 0.01 0 0.01 0.01 0 0 0 0.01 0 0.02 0 0.01 0 0 0 0.03 0 0 0 0 0.03 0 0 0 0 0 0 0 0 0 0.02 0.07 0 0 0 0 0 0 0 0 0 0.06 0 0 0 0 0.01 0.01 0 0 0.02 0 0 0 0 0 0 0.01 0.01 0 0 0 0.04;0.62 0.01 0.01 0.01 0.03 0 0 0 0.07 0 0 0 0.01 0 0 0 0.01 0 0 0 0 0.03 0 0 0 0 0 0 0 0 0 0 0 0 0.02 0 0 0 0 0 0 0 0.06 0 0 0 0.01 0 0.01 0 0 0 0 0 0 0.02 0 0 0 0.01 0.02 0 0.01 0.04;
0.49 0 0 0.02 0.04 0.01 0 0 0.05 0 0 0 0.07 0 0 0 0 0 0 0 0.01 0.07 0 0 0 0 0 0 0 0 0 0 0 0 0.01 0 0 0.01 0.02 0 0 0 0.11 0 0 0 0.01 0 0.01 0 0 0 0 0 0 0.01 0.01 0 0 0 0 0 0 0.05;0.49 0 0 0.02 0 0 0 0 0 0 0.01 0 0.01 0 0 0 0.04 0.01 0 0 0.01 0.07 0 0 0 0.01 0.02 0 0 0 0 0.01 0.05 0 0 0 0 0 0 0 0 0 0.11 0 0.01 0 0 0 0.07 0 0 0 0 0 0 0 0 0 0.01 0 0 0 0 0.05;0.49 0 0 0.01 0.04 0.01 0 0 0.05 0 0 0.01 0.07 0 0 0 0 0 0 0 0.01 0.07 0.01 0 0 0 0 0 0 0 0 0 0 0 0.01 0 0 0 0.02 0 0 0 0.11 0 0 0 0.01 0 0.02 0 0 0 0 0 0 0.01 0 0 0 0 0 0 0 0.05;
0.5 0 0 0 0.05 0.02 0 0 0.12 0 0.01 0 0.02 0 0 0 0 0.01 0 0 0.01 0.09 0 0 0 0 0 0 0 0 0 0 0.01 0 0 0 0 0.01 0 0 0 0 0.06 0.01 0 0 0 0.01 0.01 0 0 0 0 0 0 0.01 0 0 0 0.02 0 0 0 0.03;0.5 0 0 0 0 0.01 0 0 0.01 0 0 0 0.01 0 0 0 0.05 0.02 0 0 0.01 0.09 0 0 0 0.01 0 0 0 0 0 0.01 0.12 0 0.01 0 0 0 0 0 0 0 0.06 0.01 0 0 0 0.02 0.02 0 0 0 0 0 0 0 0 0 0 0.01 0 0 0 0.03;0.5 0 0.01 0.01 0.05 0.01 0 0 0.12 0 0 0 0.02 0 0 0 0 0.01 0 0 0.02 0.09 0.01 0 0 0 0 0 0 0 0 0 0 0 0 0 0 0 0 0 0.01 0 0.06 0 0 0 0 0 0 0 0 0 0 0 0 0.01 0 0 0.01 0.02 0 0 0.01 0.03;
0.51 0 0 0.03 0 0 0 0 0.13 0 0 0 0.09 0 0 0.02 0.01 0 0 0 0 0.1 0 0 0 0.03 0.01 0 0 0.03 0 0 0 0 0 0 0 0 0 0 0 0 0.02 0 0 0 0 0 0.02 0 0 0 0 0 0 0 0 0 0 0 0 0 0 0;0.51 0 0 0.03 0.01 0 0 0 0 0 0 0 0.02 0 0 0 0 0 0 0 0 0.1 0 0 0 0 0 0 0 0 0 0 0.13 0 0 0 0 0.03 0.01 0 0 0 0.02 0 0 0 0 0 0.09 0 0 0.02 0 0.03 0 0 0 0 0 0 0 0 0 0;0.51 0.01 0 0.02 0 0 0 0 0.13 0 0 0 0.09 0 0 0 0 0 0 0 0 0.1 0 0 0 0.03 0 0 0 0.03 0 0 0 0 0 0 0 0 0 0 0 0.01 0.02 0 0 0 0 0 0.03 0 0 0 0 0 0 0 0 0 0 0 0.02 0 0 0;
0.46 0 0 0 0 0 0 0 0.09 0 0.03 0 0.1 0 0 0.01 0 0 0 0 0 0.02 0 0 0 0 0 0 0 0.01 0 0 0 0 0.02 0 0 0 0 0 0 0 0.03 0 0 0 0.02 0 0 0 0 0.01 0 0 0 0.03 0.01 0 0.01 0.01 0 0 0.01 0.13;0.46 0 0 0 0 0 0 0 0 0 0.02 0 0 0 0 0.01 0 0 0 0 0 0.02 0 0 0 0 0 0 0 0 0 0.03 0.09 0 0.03 0 0 0 0 0 0 0 0.03 0 0.01 0 0.01 0.01 0.1 0 0 0.01 0 0.01 0 0 0 0 0.02 0 0 0 0.01 0.13;0.46 0 0 0 0 0 0 0 0.09 0 0 0.01 0.1 0 0 0 0 0 0 0 0 0.02 0 0 0 0 0 0 0 0.01 0 0 0 0 0.02 0 0 0 0 0 0.03 0 0.03 0.01 0 0 0.02 0.01 0 0 0 0.01 0 0 0 0.03 0 0 0 0.01 0.01 0 0 0.13;
0.54 0 0.02 0.01 0.03 0 0.01 0 0.01 0 0.01 0 0.11 0 0 0.01 0 0 0 0 0 0.02 0 0 0 0 0 0 0 0 0 0 0 0 0 0 0.01 0 0.06 0 0 0 0.1 0 0 0 0.02 0 0 0 0 0 0 0 0 0 0 0 0 0 0 0 0 0.04;0.54 0 0.02 0.01 0 0 0 0 0 0 0 0 0 0 0 0 0.03 0 0.01 0 0 0.02 0 0 0.01 0 0.06 0 0 0 0 0 0.01 0 0.01 0 0 0 0 0 0 0 0.1 0 0 0 0 0 0.11 0 0 0.01 0 0 0 0 0 0 0.02 0 0 0 0 0.04;0.54 0 0 0 0.03 0 0.01 0 0.01 0 0 0 0.11 0 0 0 0 0 0 0 0 0.02 0 0 0 0 0 0 0 0 0 0 0.02 0 0 0 0.01 0 0.06 0 0.01 0 0.1 0 0 0 0.02 0 0.01 0 0 0 0 0 0 0 0 0 0 0 0.01 0 0 0.04;
0.5 0 0 0.01 0 0.01 0 0 0.12 0 0 0.01 0.13 0.01 0 0.01 0 0 0 0 0 0 0 0 0 0 0 0 0 0 0 0 0 0 0 0 0 0.01 0.04 0 0 0 0.08 0 0 0 0 0 0.01 0 0 0.01 0 0 0 0 0.01 0 0 0 0 0 0 0.04;0.5 0 0 0.01 0 0 0 0 0 0 0 0 0.01 0 0 0.01 0 0.01 0 0 0 0 0 0 0 0.01 0.04 0 0 0 0 0 0.12 0 0 0.01 0 0 0 0 0 0 0.08 0 0.01 0 0 0 0.13 0.01 0 0.01 0 0 0 0 0 0 0 0 0 0 0 0.04;0.5 0 0 0.01 0 0 0 0 0.12 0 0 0.01 0.13 0 0 0 0 0 0 0 0.01 0 0.01 0 0 0 0 0 0.01 0 0 0 0 0 0 0 0 0 0.04 0 0 0 0.08 0 0 0 0 0 0.01 0 0 0.01 0 0 0 0 0.01 0 0 0 0.01 0 0 0.04;
0.46 0.02 0.02 0 0.06 0.02 0 0 0.05 0 0.01 0.01 0.09 0 0 0 0 0 0.01 0 0 0.05 0 0 0 0.02 0 0 0 0 0 0 0 0 0 0 0 0 0.01 0 0 0 0.13 0 0.01 0 0.02 0 0 0 0 0 0.01 0 0 0 0 0 0 0 0 0 0 0;0.46 0.02 0.02 0 0 0 0.01 0 0 0 0 0 0 0 0 0 0.06 0.02 0 0 0 0.05 0 0 0 0 0.01 0 0.01 0 0 0 0.05 0 0.01 0.01 0 0.02 0 0 0 0 0.13 0 0 0 0 0 0.09 0 0 0 0 0 0 0 0.01 0 0.02 0 0 0 0 0;0.46 0 0 0 0.06 0 0 0.01 0.05 0 0 0 0.09 0 0.01 0 0.02 0 0 0 0.02 0.05 0 0 0 0.02 0 0 0 0 0 0 0.02 0.01 0 0 0 0 0.01 0 0.01 0 0.13 0 0 0 0.02 0 0 0 0 0 0 0 0 0 0.01 0 0 0 0 0 0 0;
0.53 0 0 0.01 0.18 0 0 0 0.03 0 0 0 0 0 0 0 0.02 0 0 0 0.01 0.04 0.01 0 0.01 0 0 0 0 0.01 0 0 0 0 0 0 0 0.01 0 0 0 0 0.03 0 0 0 0.01 0 0.01 0 0 0 0 0 0 0.01 0 0 0.01 0.01 0 0 0 0.06;0.53 0 0 0.01 0.02 0 0 0 0 0 0 0 0.01 0 0 0 0.18 0 0 0 0.01 0.04 0.01 0 0 0.01 0 0 0 0 0 0.01 0.03 0 0 0 0.01 0 0 0 0 0 0.03 0 0 0 0.01 0.01 0 0 0 0 0 0.01 0 0 0 0 0.01 0 0 0 0 0.06;0.53 0.02 0 0.01 0.18 0.01 0 0 0.03 0.01 0 0 0 0 0 0 0 0 0 0 0 0.04 0.01 0 0 0 0 0 0 0.01 0 0 0 0 0 0 0 0.01 0 0 0 0 0.03 0.01 0 0 0.01 0 0.01 0 0 0 0 0 0 0.01 0 0 0 0.01 0 0 0 0.06;
0.38 0 0.01 0.01 0.11 0 0 0.01 0 0 0.01 0 0.09 0.01 0 0.01 0 0 0 0 0 0.01 0 0 0 0 0 0 0 0 0 0 0 0 0 0 0 0 0.02 0 0 0 0.09 0.01 0 0 0.01 0 0.02 0.01 0 0.05 0 0 0 0.01 0 0 0 0.03 0 0 0 0.1;0.38 0 0.01 0.01 0 0 0 0 0 0 0 0 0.02 0.01 0 0.05 0.11 0 0 0.01 0 0.01 0 0 0 0 0.02 0 0 0 0 0.01 0 0 0.01 0 0 0 0 0 0 0 0.09 0.01 0 0 0 0.03 0.09 0.01 0 0.01 0 0 0 0 0 0 0.01 0 0 0 0 0.1;0.38 0 0 0.02 0.11 0 0 0 0 0 0 0 0.09 0 0 0 0 0 0 0.01 0 0.01 0 0 0 0 0 0 0.01 0 0 0 0.01 0 0 0 0 0 0.02 0 0.01 0 0.09 0 0 0 0.01 0 0.01 0 0 0.05 0.01 0 0 0.01 0 0 0.01 0.03 0.01 0 0 0.1;
0.55 0.01 0 0 0.01 0 0 0 0 0 0 0 0.2 0 0 0.01 0 0 0 0 0 0.02 0.01 0 0 0.02 0 0 0 0 0 0 0 0 0 0 0 0 0 0 0 0 0 0 0.02 0 0 0 0.01 0 0 0.03 0 0 0 0 0 0 0 0.01 0.01 0 0 0.09;0.55 0.01 0 0 0 0 0 0 0 0 0 0 0.01 0 0 0.03 0.01 0 0 0 0 0.02 0.01 0 0 0 0 0 0 0 0 0 0 0 0 0 0 0.02 0 0 0 0 0 0 0 0 0 0.01 0.2 0 0 0.01 0 0 0 0 0.02 0 0 0 0.01 0 0 0.09;0.55 0 0 0.01 0.01 0 0 0 0 0 0 0 0.2 0 0.02 0.01 0.01 0 0 0 0 0.02 0 0 0 0.02 0 0 0 0 0 0 0 0 0 0 0 0.01 0 0 0 0 0 0 0 0 0 0 0 0 0 0.03 0 0 0 0 0 0 0 0.01 0.01 0 0 0.09;
0.48 0 0 0.03 0.17 0 0 0 0 0 0 0 0.04 0 0 0.01 0 0 0 0 0 0 0 0 0 0 0 0 0 0 0 0 0 0 0 0 0 0 0 0 0 0 0 0 0 0 0.01 0 0 0 0 0.02 0 0 0 0 0 0 0 0.05 0 0.01 0 0.18;0.48 0 0 0.03 0 0 0 0 0 0 0 0 0 0 0 0.02 0.17 0 0 0 0 0 0 0 0 0 0 0 0 0 0 0 0 0 0 0 0 0 0 0 0 0 0 0 0 0 0 0.05 0.04 0 0 0.01 0 0 0 0 0 0 0.01 0 0 0.01 0 0.18;0.48 0 0 0 0.17 0 0 0 0 0 0 0 0.04 0 0 0 0 0 0 0 0 0 0 0 0 0 0 0 0 0 0 0.01 0 0 0 0 0 0 0 0 0 0 0 0 0 0 0.01 0 0.03 0 0 0.02 0 0 0 0 0 0 0 0.05 0.01 0 0 0.18;
0.44 0 0 0 0.06 0 0 0 0.01 0 0 0 0.13 0 0 0.01 0 0 0 0 0 0.01 0 0 0 0 0 0 0 0 0 0 0 0 0 0 0 0 0 0 0 0 0 0 0 0 0 0 0 0.01 0.01 0.03 0.01 0.01 0 0 0 0 0 0.04 0 0 0 0.23;0.44 0 0 0 0 0 0 0 0 0 0 0 0 0.01 0.01 0.03 0.06 0 0 0 0 0.01 0 0 0 0 0 0 0.01 0.01 0 0 0.01 0 0 0 0 0 0 0 0 0 0 0 0 0 0 0.04 0.13 0 0 0.01 0 0 0 0 0 0 0 0 0 0 0 0.23;0.44 0 0 0 0.06 0 0 0.01 0.01 0 0 0 0.13 0 0 0 0 0 0 0.01 0 0.01 0 0.01 0 0 0 0 0 0 0 0 0 0 0 0.01 0 0 0 0 0 0 0 0 0 0 0 0 0 0 0 0.03 0 0 0 0 0 0 0 0.04 0.01 0 0 0.23;
0.48 0.01 0 0.01 0.02 0 0 0 0.07 0 0.03 0 0.03 0 0 0.05 0 0 0 0 0 0 0 0 0 0 0 0 0 0 0 0 0.01 0 0 0 0 0 0 0 0 0 0.01 0 0 0 0 0 0.01 0 0 0.01 0 0 0 0.04 0 0 0 0.01 0.03 0 0 0.18;0.48 0.01 0 0.01 0 0 0 0 0.01 0 0 0 0.01 0 0 0.01 0.02 0 0 0 0 0 0 0 0 0 0 0 0 0 0 0.04 0.07 0 0.03 0 0 0 0 0 0 0 0.01 0 0 0 0 0.01 0.03 0 0 0.05 0 0 0 0 0 0 0 0 0.03 0 0 0.18;0.48 0 0.01 0.01 0.02 0 0 0 0.07 0 0 0 0.03 0 0 0.03 0.01 0 0 0 0 0 0 0 0 0 0 0 0 0 0 0 0 0 0 0 0 0 0 0 0.03 0 0.01 0 0 0 0 0 0.01 0 0 0.01 0 0 0 0.04 0 0 0 0.01 0.05 0 0 0.18;
0.56 0.01 0 0 0.08 0.01 0 0.01 0.07 0 0 0.01 0.02 0 0 0 0.01 0 0 0 0.01 0.01 0 0 0 0 0 0 0 0.01 0 0 0 0 0.01 0 0 0 0 0 0 0 0.12 0.01 0 0 0.03 0 0 0 0 0 0 0 0 0 0 0 0 0 0 0 0 0.02;0.56 0.01 0 0 0.01 0 0 0 0 0 0.01 0 0 0 0 0 0.08 0.01 0 0.01 0.01 0.01 0 0 0 0 0 0 0 0 0 0 0.07 0 0 0.01 0 0 0 0 0 0 0.12 0.01 0 0 0 0 0.02 0 0 0 0 0.01 0 0 0 0 0.03 0 0 0 0 0.02;0.56 0.01 0 0 0.08 0.01 0 0 0.07 0 0 0 0.02 0 0 0 0.01 0 0 0 0.01 0.01 0 0 0 0 0 0 0 0.01 0 0 0 0 0.01 0 0 0 0 0 0 0 0.12 0 0 0 0.03 0 0 0 0 0 0.01 0 0 0 0.01 0 0.01 0 0 0 0 0.02;
0.38 0.01 0 0.02 0.16 0 0 0 0 0 0.01 0 0.05 0 0 0.01 0 0.02 0 0 0 0.08 0 0 0 0.03 0 0 0 0 0 0 0 0 0 0 0.01 0 0 0 0 0 0.01 0 0 0 0.01 0 0 0 0 0.02 0 0 0 0 0.01 0 0 0.03 0 0 0 0.14;0.38 0.01 0 0.02 0 0.02 0 0 0 0 0 0 0 0 0 0.02 0.16 0 0 0 0 0.08 0 0 0.01 0 0 0 0 0 0 0 0 0 0.01 0 0 0.03 0 0 0 0 0.01 0 0.01 0 0 0.03 0.05 0 0 0.01 0 0 0 0 0 0 0.01 0 0 0 0 0.14;0.38 0 0 0 0.16 0 0.01 0 0 0 0 0.01 0.05 0 0 0 0.01 0.02 0 0 0 0.08 0 0 0 0.03 0 0 0 0 0 0 0 0 0 0 0 0 0 0 0.01 0 0.01 0 0 0 0.01 0 0.02 0 0 0.02 0 0 0 0 0 0 0 0.03 0.01 0 0 0.14;
0.6 0.03 0 0 0.13 0.02 0 0 0 0 0.01 0 0.02 0 0 0 0 0 0 0 0 0 0 0 0 0 0 0 0 0 0 0 0 0 0 0 0 0 0.01 0 0 0 0.01 0 0 0 0 0 0.01 0 0 0.01 0 0 0 0 0 0 0 0 0 0 0 0.15;0.6 0.03 0 0 0 0 0 0 0 0 0 0 0.01 0 0 0.01 0.13 0.02 0 0 0 0 0 0 0 0 0.01 0 0 0 0 0 0 0 0.01 0 0 0 0 0 0 0 0.01 0 0 0 0 0 0.02 0 0 0 0 0 0 0 0 0 0 0 0 0 0 0.15;0.6 0 0 0.01 0.13 0 0 0 0 0 0 0 0.02 0 0 0 0.03 0 0 0 0.02 0 0 0 0 0 0 0 0 0 0 0 0 0 0 0 0 0 0.01 0 0.01 0 0.01 0 0 0 0 0 0 0 0 0.01 0 0 0 0 0 0 0 0 0 0 0 0.15;
0.5 0 0 0 0.03 0 0 0 0.09 0 0 0 0.06 0 0 0.01 0 0 0 0 0 0.07 0 0 0 0.01 0 0 0 0.01 0 0 0.02 0 0.01 0 0 0 0 0 0 0 0.01 0 0 0 0 0.01 0.04 0 0 0.01 0 0 0 0.01 0 0 0 0 0.01 0 0 0.1;0.5 0 0 0 0 0 0 0 0.02 0 0.01 0 0.04 0 0 0.01 0.03 0 0 0 0 0.07 0 0 0 0 0 0 0 0 0 0.01 0.09 0 0 0 0 0.01 0 0 0 0 0.01 0 0 0 0 0 0.06 0 0 0.01 0 0.01 0 0 0 0 0 0.01 0.01 0 0 0.1;0.5 0 0.02 0.04 0.03 0 0 0 0.09 0 0 0 0.06 0 0 0.01 0 0 0 0 0 0.07 0 0 0 0.01 0 0 0 0.01 0 0 0 0 0.01 0 0 0 0 0 0 0 0.01 0 0 0 0 0 0 0 0 0.01 0 0 0 0.01 0 0 0 0 0.01 0 0.01 0.1;
0.53 0 0 0.03 0 0 0 0 0.09 0 0 0.01 0.08 0 0 0.02 0 0 0 0 0 0.04 0 0 0 0 0 0 0 0 0 0 0 0 0 0 0 0 0 0 0 0 0.01 0 0 0 0 0 0.01 0 0 0.03 0 0 0 0.01 0 0 0 0 0 0 0 0.14;0.53 0 0 0.03 0 0 0 0 0 0 0 0 0.01 0 0 0.03 0 0 0 0 0 0.04 0 0 0 0 0 0 0 0 0 0.01 0.09 0 0 0.01 0 0 0 0 0 0 0.01 0 0 0 0 0 0.08 0 0 0.02 0 0 0 0 0 0 0 0 0 0 0 0.14;0.53 0 0 0.01 0 0 0 0 0.09 0 0 0 0.08 0 0 0 0 0 0 0 0 0.04 0 0 0 0 0 0 0 0 0 0 0 0 0 0 0 0 0 0 0 0 0.01 0 0 0 0 0 0.03 0 0 0.03 0 0 0 0.01 0.01 0 0 0 0.02 0 0 0.14;
0.55 0 0.01 0.01 0.07 0 0 0 0.06 0 0 0 0.07 0 0 0 0 0 0 0 0 0 0 0 0 0 0 0 0 0 0 0 0 0 0 0 0 0 0 0 0 0 0.05 0 0 0 0 0 0.01 0 0 0.02 0 0 0.01 0.02 0 0 0.01 0.01 0 0 0 0.1;0.55 0 0.01 0.01 0 0 0 0 0 0 0 0 0.01 0 0 0.02 0.07 0 0 0 0 0 0 0 0 0 0 0 0 0 0.01 0.02 0.06 0 0 0 0 0 0 0 0 0 0.05 0 0 0 0.01 0.01 0.07 0 0 0 0 0 0 0 0 0 0 0 0 0 0 0.1;0.55 0 0 0.01 0.07 0 0 0 0.06 0 0 0 0.07 0 0 0 0 0 0 0 0 0 0 0 0 0 0 0 0 0 0 0 0.01 0 0 0 0 0 0 0.01 0 0 0.05 0.01 0 0 0 0 0.01 0 0 0.02 0 0 0 0.02 0 0 0 0.01 0 0 0 0.1;
0.52 0 0 0.02 0.03 0 0 0 0.08 0 0.03 0 0.01 0 0 0 0.01 0 0 0 0 0.07 0.01 0 0 0.01 0 0 0 0.01 0 0 0.01 0 0 0 0 0 0 0 0 0 0.01 0 0 0 0 0 0 0 0 0 0 0 0 0.02 0.01 0 0 0.02 0 0 0 0.13;0.52 0 0 0.02 0.01 0 0 0 0.01 0 0 0 0 0 0 0 0.03 0 0 0 0 0.07 0.01 0 0 0 0 0 0 0 0 0.02 0.08 0 0.03 0 0 0.01 0 0 0 0 0.01 0 0.01 0 0 0.02 0.01 0 0 0 0 0.01 0 0 0 0 0 0 0 0 0 0.13;0.52 0.01 0.01 0 0.03 0 0 0 0.08 0 0 0.01 0.01 0 0 0 0 0 0 0 0 0.07 0 0 0 0.01 0 0 0 0.01 0 0 0 0 0 0 0 0.01 0 0 0.03 0 0.01 0 0 0 0 0 0.02 0 0 0 0 0 0 0.02 0 0 0 0.02 0 0 0 0.13;
0.56 0.01 0 0.02 0.06 0.01 0.01 0 0 0 0.02 0.01 0.07 0 0 0.01 0.03 0 0 0 0 0 0 0 0 0 0.01 0 0 0 0 0 0 0 0.01 0 0 0 0.02 0 0 0 0.07 0 0 0 0.01 0 0 0 0 0 0 0 0 0 0 0 0.01 0.01 0 0 0 0.05;0.56 0.01 0 0.02 0.03 0 0 0 0 0 0.01 0 0 0 0 0 0.06 0.01 0.01 0 0 0 0 0 0 0 0.02 0 0 0 0 0 0 0 0.02 0.01 0 0 0.01 0 0 0 0.07 0 0 0 0.01 0.01 0.07 0 0 0.01 0 0 0 0 0 0 0.01 0 0 0 0 0.05;0.56 0.03 0 0 0.06 0 0 0 0 0 0 0 0.07 0 0 0 0.01 0 0 0 0.01 0 0 0 0 0 0 0 0 0 0 0 0 0 0.01 0 0.01 0 0.02 0 0.02 0.01 0.07 0.01 0 0 0.01 0 0.02 0 0 0 0 0 0 0 0.01 0 0 0.01 0.01 0 0 0.05;
0.45 0 0 0.01 0.01 0 0.01 0 0 0 0 0 0.17 0 0 0 0.02 0 0 0 0 0.13 0.01 0 0 0.02 0.01 0 0 0 0 0 0 0 0 0 0 0 0.01 0 0 0 0.05 0 0 0 0 0.01 0 0 0 0.01 0 0.01 0 0 0 0 0 0 0 0 0 0.07;0.45 0 0 0.01 0.02 0 0 0 0 0 0 0 0 0 0 0.01 0.01 0 0.01 0 0 0.13 0.01 0 0 0 0.01 0 0 0.01 0 0 0 0 0 0 0 0.02 0.01 0 0 0 0.05 0 0 0 0 0 0.17 0 0 0 0 0 0 0 0 0 0 0.01 0 0 0 0.07;0.45 0.02 0 0 0.01 0 0 0 0 0 0 0 0.17 0 0 0 0 0 0 0 0 0.13 0 0.01 0 0.02 0 0 0 0 0 0 0 0 0 0 0.01 0.01 0.01 0 0 0.01 0.05 0 0 0 0 0 0.01 0 0 0.01 0 0 0 0 0 0 0 0 0 0 0.01 0.07;
0.42 0.02 0.02 0 0.07 0 0.01 0 0 0 0.02 0 0.06 0 0 0.01 0.03 0.02 0 0 0 0.05 0 0 0 0 0 0 0 0 0 0 0 0 0 0 0 0.01 0.02 0 0 0 0.1 0 0 0 0 0.01 0.01 0 0.01 0.03 0 0 0 0 0 0 0 0.03 0 0 0 0.05;0.42 0.02 0.02 0 0.03 0.02 0 0 0 0 0 0 0.01 0 0.01 0.03 0.07 0 0.01 0 0 0.05 0 0 0 0.01 0.02 0 0 0 0 0 0 0 0.02 0 0 0 0 0 0 0 0.1 0 0 0 0 0.03 0.06 0 0 0.01 0 0 0 0 0 0 0 0.01 0 0 0 0.05;0.42 0.03 0 0.01 0.07 0 0 0 0 0 0 0 0.06 0 0 0 0.02 0.02 0 0 0 0.05 0.01 0 0 0 0 0 0 0 0 0 0.02 0 0 0.01 0.01 0 0.02 0 0.02 0 0.1 0 0 0 0 0 0 0 0 0.03 0 0 0 0 0 0 0 0.03 0.01 0 0.01 0.05;
0.47 0 0 0 0.02 0 0 0 0.1 0 0 0 0.08 0 0 0 0.02 0 0 0 0 0 0 0 0 0 0 0 0 0 0 0 0 0 0.01 0 0 0 0.02 0 0 0 0.04 0 0 0 0 0 0.01 0 0 0.03 0.01 0.01 0 0.06 0 0 0 0.01 0 0 0 0.11;0.47 0 0 0 0.02 0 0 0 0 0 0.01 0 0.01 0 0 0.03 0.02 0 0 0 0 0 0 0 0 0 0.02 0 0.01 0.01 0 0.06 0.1 0 0 0 0 0 0 0 0 0 0.04 0 0 0 0 0.01 0.08 0 0 0 0 0 0 0 0 0 0 0 0 0 0 0.11;0.47 0.02 0 0.01 0.02 0 0 0.01 0.1 0 0 0 0.08 0 0 0 0 0 0 0 0 0 0 0.01 0 0 0 0 0 0 0 0 0 0 0.01 0 0 0 0.02 0 0 0 0.04 0 0 0 0 0 0 0 0 0.03 0 0 0 0.06 0 0 0 0.01 0 0 0 0.11;
0.58 0 0 0.05 0.01 0 0 0 0 0 0 0 0.12 0 0 0.01 0 0 0 0 0 0.09 0 0 0 0.04 0 0 0 0 0 0 0 0 0 0 0 0 0 0 0 0 0.02 0 0 0 0 0 0.01 0 0 0.04 0 0 0 0 0 0 0 0 0 0 0 0.03;0.58 0 0 0.05 0 0 0 0 0 0 0 0 0.01 0 0 0.04 0.01 0 0 0 0 0.09 0 0 0 0 0 0 0 0 0 0 0 0 0 0 0 0.04 0 0 0 0 0.02 0 0 0 0 0 0.12 0 0 0.01 0 0 0 0 0 0 0 0 0 0 0 0.03;0.58 0 0 0.01 0.01 0 0 0 0 0 0 0 0.12 0 0 0 0 0 0 0 0 0.09 0 0 0 0.04 0 0 0 0 0 0 0 0 0 0 0 0 0 0 0 0 0.02 0 0 0 0 0 0.05 0 0 0.04 0 0 0 0 0 0 0 0 0.01 0 0 0.03;
0.45 0.01 0 0 0.17 0 0 0 0.04 0 0.01 0 0.01 0 0 0.02 0 0.02 0 0 0 0.08 0 0 0 0.01 0 0 0 0.01 0 0 0.01 0 0 0 0 0 0 0 0 0 0 0 0 0 0 0 0 0.01 0 0 0 0 0 0 0 0 0 0.02 0.01 0 0 0.12;0.45 0.01 0 0 0 0.02 0 0 0.01 0 0 0 0 0.01 0 0 0.17 0 0 0 0 0.08 0 0 0 0 0 0 0 0 0 0 0.04 0 0.01 0 0 0.01 0 0 0 0 0 0 0 0 0 0.02 0.01 0 0 0.02 0 0.01 0 0 0 0 0 0 0.01 0 0 0.12;0.45 0 0.01 0 0.17 0 0 0 0.04 0 0 0 0.01 0 0 0.01 0.01 0.02 0 0.01 0 0.08 0 0 0 0.01 0 0 0 0.01 0 0 0 0 0 0 0 0 0 0 0.01 0 0 0 0 0 0 0 0 0 0 0 0 0 0 0 0 0 0 0.02 0.02 0 0 0.12;
0.5 0 0 0 0 0.01 0 0 0.1 0.02 0 0 0.07 0 0 0 0 0 0 0 0 0.01 0 0 0 0 0.01 0 0 0 0 0 0 0 0.01 0 0 0 0.02 0 0.01 0 0.17 0 0.01 0 0 0 0 0 0 0.01 0 0 0 0 0 0 0 0 0 0 0 0.05;0.5 0 0 0 0 0 0 0 0 0 0.01 0 0 0 0 0.01 0 0.01 0 0 0 0.01 0 0 0 0 0.02 0 0 0 0 0 0.1 0.02 0 0 0 0 0.01 0 0.01 0 0.17 0 0 0 0 0 0.07 0 0 0 0 0 0 0 0.01 0 0 0 0 0 0 0.05;0.5 0 0 0 0 0 0 0 0.1 0 0.01 0 0.07 0 0.01 0 0 0 0 0 0.01 0.01 0 0 0.02 0 0 0 0 0 0 0 0 0 0.01 0 0 0 0.02 0 0 0.01 0.17 0 0 0 0 0 0 0 0 0.01 0 0 0 0 0 0 0 0 0 0 0 0.05;
0.48 0.01 0 0 0.01 0 0 0 0.06 0 0.01 0 0.08 0 0 0.01 0.01 0 0 0 0 0.04 0 0.01 0 0 0 0 0 0 0 0 0 0 0 0 0 0 0.01 0 0 0 0.04 0 0 0 0 0 0.04 0 0 0.02 0 0 0 0.03 0.01 0 0 0.02 0 0.01 0 0.1;0.48 0.01 0 0 0.01 0 0 0 0 0 0 0 0.04 0 0 0.02 0.01 0 0 0 0 0.04 0 0.01 0 0 0.01 0 0 0 0 0.03 0.06 0 0.01 0 0 0 0 0 0 0 0.04 0 0.01 0 0 0.02 0.08 0 0 0.01 0 0 0 0 0 0 0 0 0 0.01 0 0.1;0.48 0.01 0 0.04 0.01 0 0 0 0.06 0 0 0.01 0.08 0 0 0 0.01 0 0 0 0 0.04 0 0 0 0 0 0 0 0 0 0.01 0 0 0 0 0 0 0.01 0 0.01 0 0.04 0 0 0 0 0 0 0 0 0.02 0 0.01 0 0.03 0 0 0 0.02 0.01 0 0 0.1;
0.46 0 0 0 0.08 0.01 0 0 0.08 0 0 0 0.06 0 0 0 0 0 0 0 0 0.03 0 0 0 0.02 0 0 0 0 0 0 0 0 0 0 0 0 0.01 0 0 0.01 0.14 0 0 0 0 0 0 0 0 0.01 0 0 0 0.01 0 0 0 0 0 0 0 0.08;0.46 0 0 0 0 0 0 0 0 0 0 0 0 0 0 0.01 0.08 0.01 0 0 0 0.03 0 0 0 0 0.01 0 0 0 0 0.01 0.08 0 0 0 0 0.02 0 0 0 0.01 0.14 0 0 0 0 0 0.06 0 0 0 0 0 0 0 0 0 0 0 0 0 0 0.08;0.46 0 0 0 0.08 0 0 0 0.08 0 0 0 0.06 0 0 0 0 0 0 0 0.01 0.03 0 0 0 0.02 0.01 0 0 0 0 0 0 0 0 0 0 0 0.01 0 0 0 0.14 0 0 0 0 0 0 0 0 0.01 0 0 0 0.01 0 0 0 0 0 0 0 0.08;
0.51 0 0 0.01 0 0.01 0 0 0.01 0 0 0 0.17 0 0 0.01 0 0 0 0 0 0.01 0 0 0 0.01 0 0 0 0 0 0 0 0 0.01 0 0 0 0.03 0 0 0 0.06 0 0 0 0.01 0 0.01 0 0 0.02 0 0 0 0 0.01 0 0 0.01 0.01 0 0 0.09;0.51 0 0 0.01 0 0 0 0 0 0 0.01 0 0.01 0 0 0.02 0 0.01 0 0 0 0.01 0 0 0 0 0.03 0 0 0 0 0 0.01 0 0 0 0 0.01 0 0 0 0 0.06 0 0.01 0 0 0.01 0.17 0 0 0.01 0 0 0 0 0 0 0.01 0 0.01 0 0 0.09;0.51 0 0 0.01 0 0 0 0 0.01 0 0 0.01 0.17 0 0 0.01 0 0 0 0 0.01 0.01 0 0 0 0.01 0 0 0 0 0 0 0 0 0.01 0 0 0 0.03 0 0 0 0.06 0 0 0 0.01 0 0.01 0 0 0.02 0 0 0 0 0 0 0 0.01 0.01 0 0 0.09;
0.55 0 0 0.02 0.09 0 0 0 0.04 0 0 0.01 0.03 0 0 0 0 0.03 0 0 0 0.08 0 0 0 0.01 0 0 0 0.02 0 0 0 0 0 0 0 0 0.02 0 0 0.01 0.07 0 0 0 0.01 0.01 0 0 0 0 0 0 0 0 0 0 0 0 0 0 0 0;0.55 0 0 0.02 0 0.03 0 0 0 0 0 0 0 0 0 0 0.09 0 0 0 0 0.08 0 0 0 0 0.02 0 0 0 0 0 0.04 0 0 0.01 0 0.01 0 0 0 0.01 0.07 0 0 0 0 0 0.03 0 0 0 0 0.02 0 0 0 0 0.01 0.01 0 0 0 0;0.55 0 0 0 0.09 0 0 0 0.04 0 0 0 0.03 0 0 0 0 0.03 0 0 0 0.08 0 0 0 0.01 0.01 0 0 0.02 0 0 0 0 0 0 0 0 0.02 0 0 0 0.07 0 0 0 0.01 0 0.02 0 0 0 0 0 0 0 0.01 0 0 0 0 0 0.01 0;
0.53 0 0.01 0 0.01 0 0 0 0.07 0 0 0.01 0.13 0 0 0 0 0 0 0 0 0.05 0 0 0 0.01 0 0 0 0.01 0 0 0 0 0.01 0 0 0.01 0 0 0 0 0.1 0 0.01 0.01 0.01 0 0.01 0 0 0 0 0 0.01 0 0 0 0 0 0 0 0 0;0.53 0 0.01 0 0 0 0 0 0 0 0.01 0 0.01 0 0 0 0.01 0 0 0 0 0.05 0 0 0 0.01 0 0 0 0 0.01 0 0.07 0 0 0.01 0 0.01 0 0 0 0 0.1 0 0 0 0 0 0.13 0 0 0 0 0.01 0 0 0.01 0.01 0.01 0 0 0 0 0;0.53 0 0 0.01 0.01 0 0 0 0.07 0 0 0 0.13 0 0.01 0 0 0 0 0 0 0.05 0.01 0 0 0.01 0 0 0 0.01 0.01 0 0.01 0 0.01 0 0 0 0 0.01 0 0 0.1 0 0 0 0.01 0 0 0 0 0 0 0 0 0 0.01 0 0 0 0 0 0 0;
0.46 0.01 0.01 0.01 0 0.01 0 0 0.01 0 0 0 0.21 0 0.01 0 0 0 0 0 0 0.02 0.01 0 0 0 0.01 0 0 0 0 0 0.01 0 0 0 0 0 0 0 0 0 0.01 0 0 0 0 0 0.01 0 0 0.02 0 0 0 0 0 0 0 0 0 0.01 0 0.17;0.46 0.01 0.01 0.01 0 0 0 0 0.01 0 0 0 0.01 0 0 0.02 0 0.01 0 0 0 0.02 0.01 0 0 0 0 0 0 0 0 0 0.01 0 0 0 0 0 0.01 0 0 0 0.01 0 0 0 0 0 0.21 0 0.01 0 0 0 0 0 0 0 0 0 0 0.01 0 0.17;0.46 0 0.01 0.01 0 0 0 0 0.01 0 0 0 0.21 0 0 0 0.01 0 0 0 0.01 0.02 0 0 0 0 0 0 0 0 0 0.01 0.01 0 0 0 0 0.01 0 0 0 0.01 0.01 0 0.01 0 0 0 0.01 0 0 0.02 0 0 0 0 0 0 0 0 0 0 0 0.17;
0.49 0.01 0 0.04 0.03 0 0 0 0.01 0 0 0.01 0.14 0 0 0 0 0 0 0 0.01 0.02 0 0 0 0 0 0 0 0.01 0 0.01 0 0 0 0 0 0 0 0 0.01 0 0 0 0 0 0 0 0 0 0 0.01 0 0 0 0 0.01 0 0 0.01 0.02 0 0 0.16;0.49 0.01 0 0.04 0 0 0 0 0 0 0 0 0 0 0 0.01 0.03 0 0 0 0.01 0.02 0 0 0 0 0 0 0 0 0 0 0.01 0 0 0.01 0 0 0 0 0.01 0 0 0 0.01 0 0 0.01 0.14 0 0 0 0 0.01 0 0.01 0 0 0 0 0.02 0 0 0.16;0.49 0 0 0 0.03 0.01 0 0 0.01 0 0.01 0.01 0.14 0 0 0.02 0.01 0 0 0 0 0.02 0 0 0 0 0 0 0 0.01 0 0 0 0 0 0 0 0 0 0 0 0 0 0 0 0 0 0 0.04 0 0 0.01 0 0 0 0 0.01 0 0 0.01 0 0.01 0 0.16;
0.51 0 0 0 0.07 0 0 0.01 0.15 0 0 0 0 0 0 0 0 0.01 0 0 0 0.06 0 0 0.01 0 0 0.01 0 0.01 0 0.01 0 0 0.01 0 0 0 0 0 0 0 0.03 0 0 0 0 0 0 0 0 0 0 0 0 0.01 0 0 0 0.01 0.01 0 0 0.08;0.51 0 0 0 0 0.01 0 0 0 0 0.01 0 0 0 0 0 0.07 0 0 0.01 0 0.06 0 0 0 0 0 0 0 0 0 0.01 0.15 0 0 0 0.01 0 0 0.01 0 0 0.03 0 0 0 0 0.01 0 0 0 0 0 0.01 0 0.01 0 0 0 0 0.01 0 0 0.08;0.51 0 0 0 0.07 0 0 0 0.15 0.01 0 0 0 0 0 0.01 0 0.01 0 0 0 0.06 0 0 0 0 0 0 0 0.01 0 0 0 0 0.01 0 0 0 0 0 0 0 0.03 0 0 0 0 0 0 0 0 0 0.01 0 0 0.01 0 0.01 0 0.01 0 0.01 0 0.08;
0.47 0 0 0.01 0.02 0 0 0 0 0 0.01 0 0.19 0 0 0.02 0 0.02 0 0 0 0.14 0 0 0 0.03 0 0 0 0 0 0 0 0 0 0 0 0 0 0 0 0 0.01 0 0.01 0 0 0 0 0 0 0.02 0 0 0 0 0 0 0 0 0.01 0 0 0.04;0.47 0 0 0.01 0 0.02 0 0 0 0 0 0 0 0 0 0.02 0.02 0 0 0 0 0.14 0 0 0 0 0 0 0 0 0 0 0 0 0.01 0 0 0.03 0 0 0 0 0.01 0 0 0 0 0 0.19 0 0 0.02 0 0 0 0 0.01 0 0 0 0.01 0 0 0.04;0.47 0 0 0 0.02 0 0 0 0 0 0 0 0.19 0 0.01 0.01 0 0.02 0 0 0 0.14 0 0 0 0.03 0 0 0 0 0 0 0 0 0 0 0 0 0 0 0.01 0 0.01 0 0 0 0 0 0.01 0 0 0.02 0 0 0 0 0 0 0 0 0.02 0 0 0.04;
0.6 0 0 0 0 0.01 0 0 0.02 0.02 0 0 0.08 0 0 0 0 0 0 0 0 0.16 0 0 0 0.05 0 0 0 0 0 0 0 0 0 0 0 0.02 0.01 0 0 0 0.02 0 0 0 0 0 0.01 0 0 0 0 0 0 0 0 0 0 0 0 0 0 0;0.6 0 0 0 0 0 0 0 0 0 0 0 0.01 0 0 0 0 0.01 0 0 0 0.16 0 0 0 0.02 0.01 0 0 0 0 0 0.02 0.02 0 0 0 0.05 0 0 0 0 0.02 0 0 0 0 0 0.08 0 0 0 0 0 0 0 0 0 0 0 0 0 0 0;0.6 0 0 0.01 0 0 0 0 0.02 0 0 0 0.08 0 0 0 0 0 0 0 0.01 0.16 0.02 0 0.02 0.05 0 0 0 0 0 0 0 0 0 0 0 0 0.01 0 0 0 0.02 0 0 0 0 0 0 0 0 0 0 0 0 0 0 0 0 0 0 0 0 0;
0.51 0 0 0.02 0.01 0 0 0 0.09 0 0 0 0.1 0 0 0.01 0 0 0 0 0 0.08 0 0 0 0.02 0 0 0.01 0.01 0.01 0 0.01 0 0 0 0 0 0 0 0.01 0 0 0 0 0 0 0.01 0 0 0 0.04 0 0 0 0 0 0 0 0 0 0 0 0.06;0.51 0 0 0.02 0 0 0 0 0.01 0 0 0 0 0 0 0.04 0.01 0 0 0 0 0.08 0 0 0 0 0 0 0 0 0 0 0.09 0 0 0 0 0.02 0 0 0.01 0 0 0 0 0 0 0 0.1 0 0 0.01 0.01 0.01 0.01 0 0 0 0 0.01 0 0 0 0.06;0.51 0 0.01 0 0.01 0 0 0 0.09 0 0.01 0 0.1 0.01 0 0 0 0 0 0 0 0.08 0 0 0 0.02 0 0 0 0.01 0 0 0 0 0 0 0 0 0 0 0 0 0 0 0 0.01 0 0 0.02 0 0 0.04 0 0 0 0 0 0 0 0 0.01 0 0.01 0.06;
0.51 0.01 0 0 0 0.01 0.01 0 0 0.01 0 0 0.21 0 0 0 0 0.01 0 0 0 0.09 0 0 0 0.05 0 0 0 0 0 0 0.01 0 0 0 0 0.01 0 0 0 0 0.05 0 0 0 0 0 0.01 0 0 0.01 0 0 0 0 0 0 0 0 0 0 0 0;0.51 0.01 0 0 0 0.01 0 0 0.01 0 0 0 0.01 0 0 0.01 0 0.01 0.01 0 0 0.09 0 0 0 0.01 0 0 0 0 0 0 0 0.01 0 0 0 0.05 0 0 0 0 0.05 0 0 0 0 0 0.21 0 0 0 0 0 0 0 0 0 0 0 0 0 0 0;0.51 0 0.01 0.01 0 0 0 0 0 0 0 0 0.21 0 0 0 0.01 0.01 0 0 0.01 0.09 0.01 0 0.01 0.05 0 0 0 0 0 0 0 0 0 0 0.01 0 0 0 0 0 0.05 0 0 0 0 0 0 0 0 0.01 0 0 0 0 0 0 0 0 0 0 0 0;
0.5 0 0.01 0.05 0.03 0 0 0 0.06 0 0.01 0 0.09 0 0 0 0 0 0 0 0 0.05 0 0 0 0.02 0 0 0 0 0 0 0.02 0 0 0 0 0 0 0 0 0 0.05 0 0 0 0 0 0.01 0 0 0.01 0 0 0 0.01 0 0 0 0 0 0 0 0.08;0.5 0 0.01 0.05 0 0 0 0 0.02 0 0 0 0.01 0 0 0.01 0.03 0 0 0 0 0.05 0 0 0 0 0 0 0 0 0 0.01 0.06 0 0.01 0 0 0.02 0 0 0 0 0.05 0 0 0 0 0 0.09 0 0 0 0 0 0 0 0 0 0 0 0 0 0 0.08;0.5 0 0.02 0.01 0.03 0 0 0 0.06 0 0 0 0.09 0 0 0 0 0 0 0 0 0.05 0 0 0 0.02 0 0 0 0 0 0 0.01 0 0 0 0 0 0 0 0.01 0 0.05 0 0 0 0 0 0.05 0 0 0.01 0 0 0 0.01 0 0 0 0 0 0 0 0.08;
0.47 0 0.01 0 0.02 0 0 0 0.03 0 0.01 0 0.15 0 0 0 0.01 0 0 0 0 0.09 0.01 0 0 0.02 0 0 0 0 0 0 0 0 0 0 0 0 0.02 0 0 0.02 0.11 0.01 0 0 0.01 0 0 0 0 0 0 0 0 0 0 0 0 0 0.01 0 0 0;0.47 0 0.01 0 0.01 0 0 0 0 0 0 0 0 0 0 0 0.02 0 0 0 0 0.09 0.01 0 0 0 0.02 0 0 0 0 0 0.03 0 0.01 0 0 0.02 0 0 0 0.02 0.11 0.01 0 0 0 0 0.15 0 0 0 0 0 0 0 0 0 0.01 0 0.01 0 0 0;0.47 0.01 0 0 0.02 0 0 0 0.03 0 0 0 0.15 0 0 0.01 0 0 0 0 0 0.09 0 0 0 0.02 0.02 0 0 0 0 0 0.01 0 0 0 0 0.01 0.02 0 0.01 0 0.11 0 0 0 0.01 0 0 0 0 0 0 0 0 0 0 0 0.01 0 0 0 0 0;
0.44 0.01 0 0.01 0 0 0.01 0 0 0 0 0 0.21 0 0 0.03 0 0 0 0 0 0.06 0.01 0 0 0.02 0.01 0 0 0 0 0 0 0 0.01 0 0 0 0 0 0 0 0.04 0 0 0 0 0 0.01 0 0 0.06 0 0 0 0 0 0 0 0 0 0 0 0.07;0.44 0.01 0 0.01 0 0 0 0 0 0 0.01 0 0.01 0 0 0.06 0 0 0.01 0 0 0.06 0.01 0 0 0 0 0 0 0 0 0 0 0 0 0 0 0.02 0.01 0 0 0 0.04 0 0 0 0 0 0.21 0 0 0.03 0 0 0 0 0 0 0 0 0 0 0 0.07;0.44 0 0 0.01 0 0 0 0 0 0 0 0 0.21 0 0 0 0.01 0 0 0 0 0.06 0 0 0 0.02 0 0 0 0 0 0 0 0 0.01 0 0.01 0.01 0 0 0 0.01 0.04 0 0 0 0 0 0.01 0 0 0.06 0 0 0 0 0 0 0 0 0.03 0 0 0.07;
0.47 0 0 0 0.05 0 0 0 0.02 0 0.01 0 0.16 0.01 0 0.01 0 0 0 0 0 0 0 0 0 0 0 0 0 0 0 0 0 0 0 0.01 0 0 0 0 0 0 0 0 0 0 0 0.01 0 0.01 0 0.01 0 0 0 0.02 0 0 0 0.01 0 0 0 0.2;0.47 0 0 0 0 0 0 0 0 0 0 0.01 0 0.01 0 0.01 0.05 0 0 0 0 0 0 0 0 0 0 0 0 0 0 0.02 0.02 0 0.01 0 0 0 0 0 0 0 0 0 0 0 0 0.01 0.16 0.01 0 0.01 0 0 0 0 0 0 0 0.01 0 0 0 0.2;0.47 0 0 0 0.05 0 0 0 0.02 0 0 0 0.16 0 0 0 0 0 0 0.01 0 0 0 0 0 0 0 0 0.01 0 0 0 0 0 0 0 0 0 0 0 0.01 0 0 0 0 0 0 0 0 0 0.01 0.01 0 0 0 0.02 0 0 0 0.01 0.01 0 0.01 0.2;
0.43 0 0 0 0.09 0 0 0 0.11 0 0 0.01 0 0 0 0.05 0 0.02 0 0 0 0.14 0 0 0 0 0 0 0 0.03 0 0 0.02 0 0 0 0 0 0 0 0 0 0.05 0 0 0 0 0 0.02 0.01 0 0 0 0 0 0 0 0 0 0.01 0 0 0 0.01;0.43 0 0 0 0 0.02 0 0 0.02 0 0 0 0.02 0.01 0 0 0.09 0 0 0 0 0.14 0 0 0 0 0 0 0 0 0 0 0.11 0 0 0.01 0 0 0 0 0 0 0.05 0 0 0 0 0.01 0 0 0 0.05 0 0.03 0 0 0 0 0 0 0 0 0 0.01;0.43 0 0.02 0.02 0.09 0 0 0 0.11 0 0 0 0 0 0 0 0 0.02 0 0.01 0 0.14 0 0 0 0 0 0 0 0.03 0 0 0 0 0 0 0 0 0 0 0 0 0.05 0 0 0 0 0 0 0 0 0 0 0 0 0 0.01 0 0 0.01 0.05 0 0 0.01;
0.52 0 0.01 0.01 0.04 0 0 0 0.1 0 0 0.01 0 0 0 0 0 0 0 0 0.01 0.03 0 0 0 0 0 0 0 0.01 0 0 0 0 0.03 0 0 0 0 0 0.01 0 0.05 0 0 0 0.01 0 0 0 0 0 0 0 0 0.01 0 0 0 0.02 0.01 0.01 0 0.11;0.52 0 0.01 0.01 0 0 0 0 0 0 0.03 0 0 0 0 0 0.04 0 0 0 0.01 0.03 0 0 0 0 0 0 0 0 0 0.01 0.1 0 0 0.01 0 0 0 0 0.01 0 0.05 0 0 0 0 0.02 0 0 0 0 0 0.01 0 0 0 0 0.01 0 0.01 0.01 0 0.11;0.52 0 0 0 0.04 0.01 0 0 0.1 0 0.01 0 0 0 0 0.01 0 0 0 0 0 0.03 0 0 0 0 0 0 0 0.01 0 0.01 0.01 0 0.03 0 0 0 0 0 0 0 0.05 0 0 0 0.01 0 0.01 0 0 0 0 0 0 0.01 0.01 0 0 0.02 0 0 0 0.11;
0.55 0 0 0 0 0 0 0 0.01 0 0 0 0.14 0 0 0 0 0.01 0 0 0 0.03 0 0 0 0.03 0 0 0 0 0 0 0 0 0 0 0 0 0.01 0 0 0 0.08 0 0 0 0 0 0.01 0 0 0.04 0 0.01 0 0 0 0 0 0 0.02 0 0 0.06;0.55 0 0 0 0 0.01 0 0 0 0 0 0 0.01 0 0 0.04 0 0 0 0 0 0.03 0 0 0 0 0.01 0 0 0.01 0 0 0.01 0 0 0 0 0.03 0 0 0 0 0.08 0 0 0 0 0 0.14 0 0 0 0 0 0 0 0 0 0 0 0.02 0 0 0.06;0.55 0 0 0.01 0 0 0 0 0.01 0 0 0 0.14 0 0 0.02 0 0.01 0 0 0 0.03 0 0.01 0 0.03 0 0 0 0 0 0 0 0 0 0 0 0 0.01 0 0 0 0.08 0 0 0 0 0 0 0 0 0.04 0 0 0 0 0 0 0 0 0 0 0 0.06;
0.45 0.03 0 0 0.01 0 0 0 0.14 0 0 0 0.02 0 0 0.02 0.01 0 0 0 0 0.04 0 0 0.01 0 0 0 0 0.01 0 0 0.01 0 0.01 0 0 0 0.01 0 0.01 0 0.02 0 0 0 0 0.01 0 0 0 0 0 0.01 0 0.05 0 0 0 0 0 0 0 0.13;0.45 0.03 0 0 0.01 0 0 0 0.01 0 0.01 0 0 0 0 0 0.01 0 0 0 0 0.04 0 0 0 0 0.01 0 0 0.01 0 0.05 0.14 0 0 0 0.01 0 0 0 0.01 0 0.02 0 0 0 0 0 0.02 0 0 0.02 0 0.01 0 0 0 0 0 0.01 0 0 0 0.13;0.45 0.01 0.01 0 0.01 0 0 0 0.14 0.01 0.01 0 0.02 0 0 0 0.03 0 0 0 0 0.04 0 0.01 0 0 0 0 0 0.01 0 0 0 0 0.01 0 0 0 0.01 0 0 0 0.02 0 0 0 0 0 0 0 0 0 0 0 0 0.05 0 0 0 0 0.02 0 0.01 0.13;
0.5 0.02 0.01 0 0.05 0.01 0.01 0 0 0 0.01 0 0.13 0 0 0 0 0 0 0 0 0.11 0 0 0 0.03 0 0 0 0 0.02 0 0 0 0.01 0 0 0 0 0 0 0 0.06 0 0 0 0.01 0 0 0 0 0.01 0 0 0 0 0 0 0 0 0 0 0 0.01;0.5 0.02 0.01 0 0 0 0 0 0 0 0.01 0 0 0 0 0.01 0.05 0.01 0.01 0 0 0.11 0 0 0 0 0 0 0 0 0 0 0 0 0.01 0 0 0.03 0 0 0 0 0.06 0 0 0 0 0 0.13 0 0 0 0 0 0.02 0 0 0 0.01 0 0 0 0 0.01;0.5 0 0 0 0.05 0 0 0 0 0 0 0 0.13 0 0 0 0.02 0 0 0 0.01 0.11 0 0 0 0.03 0 0 0 0 0 0 0.01 0 0.01 0 0.01 0 0 0 0.01 0 0.06 0 0 0.02 0.01 0 0 0 0 0.01 0 0 0 0 0 0 0 0 0 0 0 0.01;
0.54 0 0 0.01 0.07 0.01 0 0 0 0.01 0.01 0 0.12 0 0 0.01 0 0 0 0 0 0 0 0 0 0 0 0 0 0 0 0 0 0 0 0 0 0 0 0 0 0 0.04 0 0 0 0 0 0 0 0 0.03 0 0 0 0 0 0 0 0 0.01 0.01 0 0.13;0.54 0 0 0.01 0 0 0 0 0 0 0 0 0 0 0 0.03 0.07 0.01 0 0 0 0 0 0 0 0 0 0 0 0 0 0 0 0.01 0.01 0 0 0 0 0 0 0 0.04 0 0 0 0 0 0.12 0 0 0.01 0 0 0 0 0 0 0 0 0.01 0.01 0 0.13;0.54 0 0 0 0.07 0 0 0 0 0 0 0 0.12 0 0 0.01 0 0 0 0 0.01 0 0 0 0.01 0 0 0 0 0 0 0.01 0 0 0 0 0 0 0 0 0.01 0 0.04 0 0 0 0 0 0.01 0 0 0.03 0 0 0 0 0 0 0 0 0.01 0 0 0.13;
0.51 0.02 0 0 0.06 0 0.01 0 0.01 0.01 0 0.01 0.06 0 0.01 0.01 0 0 0 0 0 0 0 0 0 0 0.01 0 0 0 0 0 0 0 0 0 0 0 0 0 0 0 0.11 0 0 0 0.01 0 0.01 0 0.01 0.03 0.01 0 0 0 0 0 0 0.01 0 0 0 0.09;0.51 0.02 0 0 0 0 0 0 0 0 0 0 0.01 0 0.01 0.03 0.06 0 0.01 0 0 0 0 0 0 0 0 0 0.01 0 0 0 0.01 0.01 0 0.01 0 0 0.01 0 0 0 0.11 0 0 0 0 0.01 0.06 0 0.01 0.01 0 0 0 0 0 0 0.01 0 0 0 0 0.09;0.51 0 0 0.01 0.06 0 0 0.01 0.01 0 0 0 0.06 0 0 0 0.02 0 0 0 0 0 0 0 0.01 0 0 0 0 0 0 0 0 0 0 0.01 0.01 0 0 0 0 0.01 0.11 0 0.01 0 0.01 0 0 0 0 0.03 0 0 0 0 0.01 0 0 0.01 0.01 0 0 0.09;
0.54 0 0.01 0 0 0 0.01 0 0 0 0 0 0.17 0 0 0 0 0 0 0 0 0.03 0 0 0 0.03 0 0 0 0 0 0.01 0 0 0 0 0 0 0.01 0 0 0 0.01 0 0 0 0 0 0.02 0 0 0.02 0 0 0 0 0 0 0 0 0 0 0 0.14;0.54 0 0.01 0 0 0 0 0 0 0 0 0 0.02 0 0 0.02 0 0 0.01 0 0 0.03 0 0 0 0 0.01 0 0 0 0 0 0 0 0 0 0 0.03 0 0 0 0 0.01 0 0 0 0 0 0.17 0 0 0 0 0 0 0.01 0 0 0 0 0 0 0 0.14;0.54 0 0 0.02 0 0 0 0 0 0 0 0 0.17 0 0 0 0 0 0 0 0 0.03 0 0 0 0.03 0 0 0 0 0 0 0.01 0 0 0 0.01 0 0.01 0 0 0 0.01 0 0 0 0 0 0 0 0 0.02 0 0 0 0 0 0 0 0 0 0.01 0 0.14;
0.59 0.01 0.01 0 0.04 0.01 0 0 0.08 0.01 0 0 0.05 0 0 0.01 0 0 0 0 0 0 0 0 0 0 0 0 0 0 0 0 0 0 0.05 0 0 0.01 0 0 0 0 0.04 0 0 0 0 0 0.02 0 0 0 0 0 0 0 0.01 0 0 0 0.01 0 0 0.05;0.59 0.01 0.01 0 0 0 0 0 0 0 0.05 0 0.02 0 0 0 0.04 0.01 0 0 0 0 0 0 0 0.01 0 0 0 0 0 0 0.08 0.01 0 0 0 0 0 0 0 0 0.04 0 0.01 0 0 0 0.05 0 0 0.01 0 0 0 0 0 0 0 0 0.01 0 0 0.05;0.59 0 0 0.02 0.04 0 0 0 0.08 0 0 0.01 0.05 0 0 0.01 0.01 0 0 0 0.01 0 0.01 0 0.01 0 0 0 0 0 0 0 0.01 0 0.05 0 0 0 0 0 0 0 0.04 0 0 0 0 0 0 0 0 0 0 0 0 0 0 0 0 0 0.01 0 0 0.05];