pntP=[0.023 0.047 0.05 0.066 0.083 0.051 0.048 0.099 0.049 0.054 0.096 0.088 0.071 0.098 0.077;0.023 0.047 0.051 0.048 0.099 0.05 0.066 0.083 0.049 0.054 0.096 0.088 0.098 0.071 0.077;0.023 0.051 0.05 0.049 0.088 0.047 0.048 0.099 0.066 0.054 0.098 0.083 0.071 0.096 0.077;
0.034 0.048 0.055 0.055 0.091 0.033 0.044 0.111 0.045 0.046 0.075 0.074 0.099 0.098 0.092;0.034 0.048 0.033 0.044 0.111 0.055 0.055 0.091 0.045 0.046 0.075 0.074 0.098 0.099 0.092;0.034 0.033 0.055 0.045 0.074 0.048 0.044 0.111 0.055 0.046 0.098 0.091 0.099 0.075 0.092;
0.022 0.06 0.041 0.06 0.116 0.051 0.052 0.076 0.051 0.048 0.086 0.093 0.079 0.097 0.068;0.022 0.06 0.051 0.052 0.076 0.041 0.06 0.116 0.051 0.048 0.086 0.093 0.097 0.079 0.068;0.022 0.051 0.041 0.051 0.093 0.06 0.052 0.076 0.06 0.048 0.097 0.116 0.079 0.086 0.068;
0.023 0.06 0.043 0.056 0.09 0.063 0.036 0.091 0.033 0.057 0.076 0.093 0.092 0.102 0.085;0.023 0.06 0.063 0.036 0.091 0.043 0.056 0.09 0.033 0.057 0.076 0.093 0.102 0.092 0.085;0.023 0.063 0.043 0.033 0.093 0.06 0.036 0.091 0.056 0.057 0.102 0.09 0.092 0.076 0.085;
0.023 0.057 0.046 0.065 0.086 0.051 0.041 0.086 0.048 0.053 0.084 0.094 0.083 0.098 0.085;0.023 0.057 0.051 0.041 0.086 0.046 0.065 0.086 0.048 0.053 0.084 0.094 0.098 0.083 0.085;0.023 0.051 0.046 0.048 0.094 0.057 0.041 0.086 0.065 0.053 0.098 0.086 0.083 0.084 0.085;
0.03 0.051 0.062 0.053 0.106 0.048 0.047 0.08 0.034 0.05 0.08 0.088 0.087 0.101 0.083;0.03 0.051 0.048 0.047 0.08 0.062 0.053 0.106 0.034 0.05 0.08 0.088 0.101 0.087 0.083;0.03 0.048 0.062 0.034 0.088 0.051 0.047 0.08 0.053 0.05 0.101 0.106 0.087 0.08 0.083;
0.016 0.06 0.055 0.07 0.101 0.061 0.047 0.076 0.054 0.048 0.064 0.083 0.081 0.095 0.089;0.016 0.06 0.061 0.047 0.076 0.055 0.07 0.101 0.054 0.048 0.064 0.083 0.095 0.081 0.089;0.016 0.061 0.055 0.054 0.083 0.06 0.047 0.076 0.07 0.048 0.095 0.101 0.081 0.064 0.089;
0.016 0.059 0.047 0.068 0.113 0.058 0.045 0.084 0.04 0.046 0.082 0.091 0.071 0.092 0.088;0.016 0.059 0.058 0.045 0.084 0.047 0.068 0.113 0.04 0.046 0.082 0.091 0.092 0.071 0.088;0.016 0.058 0.047 0.04 0.091 0.059 0.045 0.084 0.068 0.046 0.092 0.113 0.071 0.082 0.088;
0.02 0.043 0.046 0.059 0.099 0.054 0.045 0.085 0.037 0.05 0.081 0.089 0.102 0.097 0.093;0.02 0.043 0.054 0.045 0.085 0.046 0.059 0.099 0.037 0.05 0.081 0.089 0.097 0.102 0.093;0.02 0.054 0.046 0.037 0.089 0.043 0.045 0.085 0.059 0.05 0.097 0.099 0.102 0.081 0.093;
0.025 0.053 0.065 0.045 0.081 0.066 0.043 0.092 0.045 0.054 0.093 0.095 0.074 0.09 0.079;0.025 0.053 0.066 0.043 0.092 0.065 0.045 0.081 0.045 0.054 0.093 0.095 0.09 0.074 0.079;0.025 0.066 0.065 0.045 0.095 0.053 0.043 0.092 0.045 0.054 0.09 0.081 0.074 0.093 0.079;
0.027 0.055 0.053 0.045 0.124 0.042 0.034 0.076 0.043 0.06 0.09 0.096 0.1 0.081 0.074;0.027 0.055 0.042 0.034 0.076 0.053 0.045 0.124 0.043 0.06 0.09 0.096 0.081 0.1 0.074;0.027 0.042 0.053 0.043 0.096 0.055 0.034 0.076 0.045 0.06 0.081 0.124 0.1 0.09 0.074;
0.02 0.054 0.056 0.054 0.107 0.073 0.047 0.076 0.035 0.062 0.086 0.092 0.081 0.086 0.071;0.02 0.054 0.073 0.047 0.076 0.056 0.054 0.107 0.035 0.062 0.086 0.092 0.086 0.081 0.071;0.02 0.073 0.056 0.035 0.092 0.054 0.047 0.076 0.054 0.062 0.086 0.107 0.081 0.086 0.071;
0.025 0.049 0.055 0.064 0.103 0.056 0.036 0.079 0.036 0.06 0.088 0.072 0.083 0.107 0.087;0.025 0.049 0.056 0.036 0.079 0.055 0.064 0.103 0.036 0.06 0.088 0.072 0.107 0.083 0.087;0.025 0.056 0.055 0.036 0.072 0.049 0.036 0.079 0.064 0.06 0.107 0.103 0.083 0.088 0.087;
0.025 0.055 0.051 0.054 0.106 0.058 0.046 0.078 0.044 0.052 0.089 0.084 0.082 0.091 0.085;0.025 0.055 0.058 0.046 0.078 0.051 0.054 0.106 0.044 0.052 0.089 0.084 0.091 0.082 0.085;0.025 0.058 0.051 0.044 0.084 0.055 0.046 0.078 0.054 0.052 0.091 0.106 0.082 0.089 0.085;
0.024 0.046 0.054 0.062 0.092 0.052 0.047 0.08 0.038 0.046 0.095 0.103 0.079 0.114 0.068;0.024 0.046 0.052 0.047 0.08 0.054 0.062 0.092 0.038 0.046 0.095 0.103 0.114 0.079 0.068;0.024 0.052 0.054 0.038 0.103 0.046 0.047 0.08 0.062 0.046 0.114 0.092 0.079 0.095 0.068;
0.021 0.053 0.059 0.077 0.087 0.048 0.039 0.097 0.046 0.048 0.089 0.095 0.08 0.088 0.073;0.021 0.053 0.048 0.039 0.097 0.059 0.077 0.087 0.046 0.048 0.089 0.095 0.088 0.08 0.073;0.021 0.048 0.059 0.046 0.095 0.053 0.039 0.097 0.077 0.048 0.088 0.087 0.08 0.089 0.073;
0.031 0.046 0.04 0.066 0.102 0.047 0.038 0.086 0.043 0.058 0.093 0.085 0.086 0.089 0.09;0.031 0.046 0.047 0.038 0.086 0.04 0.066 0.102 0.043 0.058 0.093 0.085 0.089 0.086 0.09;0.031 0.047 0.04 0.043 0.085 0.046 0.038 0.086 0.066 0.058 0.089 0.102 0.086 0.093 0.09;
0.019 0.062 0.043 0.059 0.1 0.047 0.047 0.087 0.035 0.053 0.096 0.092 0.095 0.1 0.065;0.019 0.062 0.047 0.047 0.087 0.043 0.059 0.1 0.035 0.053 0.096 0.092 0.1 0.095 0.065;0.019 0.047 0.043 0.035 0.092 0.062 0.047 0.087 0.059 0.053 0.1 0.1 0.095 0.096 0.065;
0.022 0.062 0.066 0.055 0.107 0.044 0.034 0.088 0.047 0.055 0.079 0.068 0.08 0.105 0.088;0.022 0.062 0.044 0.034 0.088 0.066 0.055 0.107 0.047 0.055 0.079 0.068 0.105 0.08 0.088;0.022 0.044 0.066 0.047 0.068 0.062 0.034 0.088 0.055 0.055 0.105 0.107 0.08 0.079 0.088;
0.025 0.05 0.053 0.053 0.111 0.055 0.038 0.096 0.053 0.048 0.084 0.077 0.069 0.098 0.09;0.025 0.05 0.055 0.038 0.096 0.053 0.053 0.111 0.053 0.048 0.084 0.077 0.098 0.069 0.09;0.025 0.055 0.053 0.053 0.077 0.05 0.038 0.096 0.053 0.048 0.098 0.111 0.069 0.084 0.09;
0.033 0.061 0.05 0.056 0.086 0.052 0.043 0.082 0.052 0.044 0.076 0.093 0.083 0.109 0.08;0.033 0.061 0.052 0.043 0.082 0.05 0.056 0.086 0.052 0.044 0.076 0.093 0.109 0.083 0.08;0.033 0.052 0.05 0.052 0.093 0.061 0.043 0.082 0.056 0.044 0.109 0.086 0.083 0.076 0.08;
0.017 0.053 0.053 0.061 0.094 0.064 0.037 0.099 0.04 0.052 0.088 0.081 0.089 0.101 0.071;0.017 0.053 0.064 0.037 0.099 0.053 0.061 0.094 0.04 0.052 0.088 0.081 0.101 0.089 0.071;0.017 0.064 0.053 0.04 0.081 0.053 0.037 0.099 0.061 0.052 0.101 0.094 0.089 0.088 0.071;
0.027 0.046 0.056 0.053 0.109 0.056 0.05 0.083 0.032 0.065 0.083 0.075 0.08 0.107 0.078;0.027 0.046 0.056 0.05 0.083 0.056 0.053 0.109 0.032 0.065 0.083 0.075 0.107 0.08 0.078;0.027 0.056 0.056 0.032 0.075 0.046 0.05 0.083 0.053 0.065 0.107 0.109 0.08 0.083 0.078;
0.022 0.056 0.052 0.069 0.099 0.057 0.049 0.088 0.043 0.043 0.084 0.096 0.084 0.079 0.079;0.022 0.056 0.057 0.049 0.088 0.052 0.069 0.099 0.043 0.043 0.084 0.096 0.079 0.084 0.079;0.022 0.057 0.052 0.043 0.096 0.056 0.049 0.088 0.069 0.043 0.079 0.099 0.084 0.084 0.079;
0.023 0.052 0.052 0.066 0.102 0.055 0.036 0.075 0.044 0.046 0.095 0.096 0.074 0.101 0.083;0.023 0.052 0.055 0.036 0.075 0.052 0.066 0.102 0.044 0.046 0.095 0.096 0.101 0.074 0.083;0.023 0.055 0.052 0.044 0.096 0.052 0.036 0.075 0.066 0.046 0.101 0.102 0.074 0.095 0.083;
0.022 0.049 0.053 0.058 0.094 0.054 0.058 0.093 0.041 0.053 0.082 0.09 0.077 0.093 0.083;0.022 0.049 0.054 0.058 0.093 0.053 0.058 0.094 0.041 0.053 0.082 0.09 0.093 0.077 0.083;0.022 0.054 0.053 0.041 0.09 0.049 0.058 0.093 0.058 0.053 0.093 0.094 0.077 0.082 0.083;
0.019 0.043 0.052 0.072 0.105 0.06 0.052 0.083 0.05 0.046 0.076 0.083 0.085 0.101 0.073;0.019 0.043 0.06 0.052 0.083 0.052 0.072 0.105 0.05 0.046 0.076 0.083 0.101 0.085 0.073;0.019 0.06 0.052 0.05 0.083 0.043 0.052 0.083 0.072 0.046 0.101 0.105 0.085 0.076 0.073;
0.022 0.051 0.053 0.054 0.115 0.053 0.044 0.092 0.044 0.044 0.094 0.074 0.086 0.093 0.081;0.022 0.051 0.053 0.044 0.092 0.053 0.054 0.115 0.044 0.044 0.094 0.074 0.093 0.086 0.081;0.022 0.053 0.053 0.044 0.074 0.051 0.044 0.092 0.054 0.044 0.093 0.115 0.086 0.094 0.081;
0.032 0.058 0.047 0.045 0.113 0.054 0.046 0.078 0.047 0.049 0.089 0.093 0.082 0.091 0.076;0.032 0.058 0.054 0.046 0.078 0.047 0.045 0.113 0.047 0.049 0.089 0.093 0.091 0.082 0.076;0.032 0.054 0.047 0.047 0.093 0.058 0.046 0.078 0.045 0.049 0.091 0.113 0.082 0.089 0.076;
0.026 0.052 0.042 0.068 0.114 0.049 0.039 0.092 0.046 0.041 0.07 0.087 0.081 0.114 0.079;0.026 0.052 0.049 0.039 0.092 0.042 0.068 0.114 0.046 0.041 0.07 0.087 0.114 0.081 0.079;0.026 0.049 0.042 0.046 0.087 0.052 0.039 0.092 0.068 0.041 0.114 0.114 0.081 0.07 0.079;
0.035 0.058 0.056 0.059 0.095 0.05 0.05 0.087 0.041 0.048 0.084 0.08 0.08 0.092 0.085;0.035 0.058 0.05 0.05 0.087 0.056 0.059 0.095 0.041 0.048 0.084 0.08 0.092 0.08 0.085;0.035 0.05 0.056 0.041 0.08 0.058 0.05 0.087 0.059 0.048 0.092 0.095 0.08 0.084 0.085;
0.017 0.059 0.056 0.072 0.096 0.044 0.036 0.076 0.039 0.05 0.091 0.103 0.08 0.106 0.075;0.017 0.059 0.044 0.036 0.076 0.056 0.072 0.096 0.039 0.05 0.091 0.103 0.106 0.08 0.075;0.017 0.044 0.056 0.039 0.103 0.059 0.036 0.076 0.072 0.05 0.106 0.096 0.08 0.091 0.075;
0.017 0.047 0.061 0.052 0.095 0.049 0.05 0.086 0.044 0.064 0.072 0.087 0.081 0.095 0.1;0.017 0.047 0.049 0.05 0.086 0.061 0.052 0.095 0.044 0.064 0.072 0.087 0.095 0.081 0.1;0.017 0.049 0.061 0.044 0.087 0.047 0.05 0.086 0.052 0.064 0.095 0.095 0.081 0.072 0.1;
0.027 0.052 0.054 0.06 0.105 0.061 0.048 0.085 0.042 0.047 0.075 0.078 0.092 0.088 0.086;0.027 0.052 0.061 0.048 0.085 0.054 0.06 0.105 0.042 0.047 0.075 0.078 0.088 0.092 0.086;0.027 0.061 0.054 0.042 0.078 0.052 0.048 0.085 0.06 0.047 0.088 0.105 0.092 0.075 0.086;
0.029 0.046 0.049 0.072 0.089 0.051 0.051 0.095 0.051 0.052 0.074 0.084 0.08 0.079 0.098;0.029 0.046 0.051 0.051 0.095 0.049 0.072 0.089 0.051 0.052 0.074 0.084 0.079 0.08 0.098;0.029 0.051 0.049 0.051 0.084 0.046 0.051 0.095 0.072 0.052 0.079 0.089 0.08 0.074 0.098;
0.023 0.054 0.048 0.059 0.08 0.049 0.04 0.093 0.046 0.043 0.094 0.088 0.087 0.105 0.091;0.023 0.054 0.049 0.04 0.093 0.048 0.059 0.08 0.046 0.043 0.094 0.088 0.105 0.087 0.091;0.023 0.049 0.048 0.046 0.088 0.054 0.04 0.093 0.059 0.043 0.105 0.08 0.087 0.094 0.091;
0.023 0.06 0.05 0.069 0.09 0.059 0.044 0.083 0.042 0.057 0.096 0.084 0.086 0.078 0.079;0.023 0.06 0.059 0.044 0.083 0.05 0.069 0.09 0.042 0.057 0.096 0.084 0.078 0.086 0.079;0.023 0.059 0.05 0.042 0.084 0.06 0.044 0.083 0.069 0.057 0.078 0.09 0.086 0.096 0.079;
0.027 0.05 0.06 0.059 0.097 0.055 0.04 0.09 0.056 0.059 0.079 0.082 0.087 0.087 0.072;0.027 0.05 0.055 0.04 0.09 0.06 0.059 0.097 0.056 0.059 0.079 0.082 0.087 0.087 0.072;0.027 0.055 0.06 0.056 0.082 0.05 0.04 0.09 0.059 0.059 0.087 0.097 0.087 0.079 0.072;
0.024 0.048 0.045 0.05 0.087 0.06 0.028 0.086 0.046 0.057 0.083 0.095 0.085 0.122 0.084;0.024 0.048 0.06 0.028 0.086 0.045 0.05 0.087 0.046 0.057 0.083 0.095 0.122 0.085 0.084;0.024 0.06 0.045 0.046 0.095 0.048 0.028 0.086 0.05 0.057 0.122 0.087 0.085 0.083 0.084;
0.024 0.048 0.055 0.054 0.098 0.06 0.044 0.107 0.039 0.048 0.078 0.09 0.074 0.094 0.087;0.024 0.048 0.06 0.044 0.107 0.055 0.054 0.098 0.039 0.048 0.078 0.09 0.094 0.074 0.087;0.024 0.06 0.055 0.039 0.09 0.048 0.044 0.107 0.054 0.048 0.094 0.098 0.074 0.078 0.087;
0.036 0.061 0.054 0.059 0.093 0.053 0.056 0.069 0.031 0.043 0.085 0.086 0.068 0.107 0.099;0.036 0.061 0.053 0.056 0.069 0.054 0.059 0.093 0.031 0.043 0.085 0.086 0.107 0.068 0.099;0.036 0.053 0.054 0.031 0.086 0.061 0.056 0.069 0.059 0.043 0.107 0.093 0.068 0.085 0.099;
0.019 0.065 0.049 0.064 0.089 0.05 0.045 0.088 0.047 0.051 0.081 0.079 0.092 0.092 0.089;0.019 0.065 0.05 0.045 0.088 0.049 0.064 0.089 0.047 0.051 0.081 0.079 0.092 0.092 0.089;0.019 0.05 0.049 0.047 0.079 0.065 0.045 0.088 0.064 0.051 0.092 0.089 0.092 0.081 0.089;
0.023 0.048 0.06 0.057 0.104 0.058 0.058 0.095 0.032 0.053 0.083 0.073 0.077 0.103 0.076;0.023 0.048 0.058 0.058 0.095 0.06 0.057 0.104 0.032 0.053 0.083 0.073 0.103 0.077 0.076;0.023 0.058 0.06 0.032 0.073 0.048 0.058 0.095 0.057 0.053 0.103 0.104 0.077 0.083 0.076;
0.018 0.051 0.056 0.067 0.083 0.048 0.047 0.097 0.043 0.043 0.084 0.093 0.084 0.116 0.07;0.018 0.051 0.048 0.047 0.097 0.056 0.067 0.083 0.043 0.043 0.084 0.093 0.116 0.084 0.07;0.018 0.048 0.056 0.043 0.093 0.051 0.047 0.097 0.067 0.043 0.116 0.083 0.084 0.084 0.07;
0.019 0.049 0.041 0.075 0.104 0.059 0.049 0.078 0.045 0.055 0.078 0.088 0.087 0.101 0.072;0.019 0.049 0.059 0.049 0.078 0.041 0.075 0.104 0.045 0.055 0.078 0.088 0.101 0.087 0.072;0.019 0.059 0.041 0.045 0.088 0.049 0.049 0.078 0.075 0.055 0.101 0.104 0.087 0.078 0.072;
0.016 0.051 0.061 0.055 0.099 0.054 0.044 0.094 0.043 0.047 0.087 0.092 0.083 0.094 0.08;0.016 0.051 0.054 0.044 0.094 0.061 0.055 0.099 0.043 0.047 0.087 0.092 0.094 0.083 0.08;0.016 0.054 0.061 0.043 0.092 0.051 0.044 0.094 0.055 0.047 0.094 0.099 0.083 0.087 0.08;
0.027 0.045 0.056 0.06 0.096 0.065 0.046 0.098 0.041 0.042 0.078 0.075 0.089 0.101 0.081;0.027 0.045 0.065 0.046 0.098 0.056 0.06 0.096 0.041 0.042 0.078 0.075 0.101 0.089 0.081;0.027 0.065 0.056 0.041 0.075 0.045 0.046 0.098 0.06 0.042 0.101 0.096 0.089 0.078 0.081;
0.024 0.05 0.044 0.066 0.104 0.06 0.042 0.088 0.05 0.053 0.09 0.08 0.066 0.106 0.077;0.024 0.05 0.06 0.042 0.088 0.044 0.066 0.104 0.05 0.053 0.09 0.08 0.106 0.066 0.077;0.024 0.06 0.044 0.05 0.08 0.05 0.042 0.088 0.066 0.053 0.106 0.104 0.066 0.09 0.077;
0.022 0.067 0.051 0.066 0.105 0.056 0.037 0.088 0.037 0.058 0.085 0.085 0.084 0.086 0.073;0.022 0.067 0.056 0.037 0.088 0.051 0.066 0.105 0.037 0.058 0.085 0.085 0.086 0.084 0.073;0.022 0.056 0.051 0.037 0.085 0.067 0.037 0.088 0.066 0.058 0.086 0.105 0.084 0.085 0.073;
0.025 0.044 0.038 0.063 0.091 0.066 0.051 0.082 0.031 0.042 0.086 0.1 0.081 0.101 0.099;0.025 0.044 0.066 0.051 0.082 0.038 0.063 0.091 0.031 0.042 0.086 0.1 0.101 0.081 0.099;0.025 0.066 0.038 0.031 0.1 0.044 0.051 0.082 0.063 0.042 0.101 0.091 0.081 0.086 0.099;
0.02 0.059 0.062 0.057 0.112 0.055 0.046 0.075 0.036 0.048 0.096 0.081 0.089 0.088 0.076;0.02 0.059 0.055 0.046 0.075 0.062 0.057 0.112 0.036 0.048 0.096 0.081 0.088 0.089 0.076;0.02 0.055 0.062 0.036 0.081 0.059 0.046 0.075 0.057 0.048 0.088 0.112 0.089 0.096 0.076;
0.016 0.052 0.047 0.063 0.115 0.046 0.029 0.079 0.043 0.053 0.083 0.079 0.096 0.108 0.091;0.016 0.052 0.046 0.029 0.079 0.047 0.063 0.115 0.043 0.053 0.083 0.079 0.108 0.096 0.091;0.016 0.046 0.047 0.043 0.079 0.052 0.029 0.079 0.063 0.053 0.108 0.115 0.096 0.083 0.091;
0.017 0.071 0.072 0.044 0.087 0.064 0.047 0.092 0.045 0.049 0.062 0.076 0.084 0.106 0.084;0.017 0.071 0.064 0.047 0.092 0.072 0.044 0.087 0.045 0.049 0.062 0.076 0.106 0.084 0.084;0.017 0.064 0.072 0.045 0.076 0.071 0.047 0.092 0.044 0.049 0.106 0.087 0.084 0.062 0.084;
0.018 0.053 0.059 0.055 0.088 0.054 0.057 0.074 0.044 0.051 0.076 0.082 0.086 0.118 0.085;0.018 0.053 0.054 0.057 0.074 0.059 0.055 0.088 0.044 0.051 0.076 0.082 0.118 0.086 0.085;0.018 0.054 0.059 0.044 0.082 0.053 0.057 0.074 0.055 0.051 0.118 0.088 0.086 0.076 0.085;
0.023 0.058 0.039 0.053 0.102 0.046 0.047 0.084 0.052 0.051 0.08 0.09 0.086 0.101 0.088;0.023 0.058 0.046 0.047 0.084 0.039 0.053 0.102 0.052 0.051 0.08 0.09 0.101 0.086 0.088;0.023 0.046 0.039 0.052 0.09 0.058 0.047 0.084 0.053 0.051 0.101 0.102 0.086 0.08 0.088;
0.019 0.04 0.048 0.052 0.099 0.059 0.04 0.093 0.035 0.046 0.095 0.093 0.089 0.099 0.093;0.019 0.04 0.059 0.04 0.093 0.048 0.052 0.099 0.035 0.046 0.095 0.093 0.099 0.089 0.093;0.019 0.059 0.048 0.035 0.093 0.04 0.04 0.093 0.052 0.046 0.099 0.099 0.089 0.095 0.093;
0.018 0.057 0.046 0.059 0.081 0.049 0.031 0.085 0.056 0.064 0.093 0.091 0.087 0.101 0.082;0.018 0.057 0.049 0.031 0.085 0.046 0.059 0.081 0.056 0.064 0.093 0.091 0.101 0.087 0.082;0.018 0.049 0.046 0.056 0.091 0.057 0.031 0.085 0.059 0.064 0.101 0.081 0.087 0.093 0.082;
0.017 0.051 0.047 0.061 0.107 0.057 0.05 0.09 0.048 0.049 0.087 0.083 0.084 0.091 0.078;0.017 0.051 0.057 0.05 0.09 0.047 0.061 0.107 0.048 0.049 0.087 0.083 0.091 0.084 0.078;0.017 0.057 0.047 0.048 0.083 0.051 0.05 0.09 0.061 0.049 0.091 0.107 0.084 0.087 0.078;
0.026 0.053 0.046 0.063 0.086 0.051 0.046 0.093 0.042 0.04 0.075 0.097 0.101 0.1 0.081;0.026 0.053 0.051 0.046 0.093 0.046 0.063 0.086 0.042 0.04 0.075 0.097 0.1 0.101 0.081;0.026 0.051 0.046 0.042 0.097 0.053 0.046 0.093 0.063 0.04 0.1 0.086 0.101 0.075 0.081;
0.023 0.063 0.049 0.057 0.12 0.059 0.042 0.086 0.048 0.052 0.062 0.076 0.082 0.098 0.083;0.023 0.063 0.059 0.042 0.086 0.049 0.057 0.12 0.048 0.052 0.062 0.076 0.098 0.082 0.083;0.023 0.059 0.049 0.048 0.076 0.063 0.042 0.086 0.057 0.052 0.098 0.12 0.082 0.062 0.083;
0.021 0.057 0.044 0.057 0.104 0.062 0.054 0.082 0.048 0.052 0.097 0.077 0.094 0.088 0.063;0.021 0.057 0.062 0.054 0.082 0.044 0.057 0.104 0.048 0.052 0.097 0.077 0.088 0.094 0.063;0.021 0.062 0.044 0.048 0.077 0.057 0.054 0.082 0.057 0.052 0.088 0.104 0.094 0.097 0.063;
0.031 0.059 0.041 0.05 0.101 0.059 0.048 0.076 0.05 0.05 0.099 0.079 0.069 0.11 0.078;0.031 0.059 0.059 0.048 0.076 0.041 0.05 0.101 0.05 0.05 0.099 0.079 0.11 0.069 0.078;0.031 0.059 0.041 0.05 0.079 0.059 0.048 0.076 0.05 0.05 0.11 0.101 0.069 0.099 0.078;
0.015 0.058 0.052 0.05 0.103 0.058 0.041 0.09 0.042 0.057 0.084 0.091 0.074 0.103 0.082;0.015 0.058 0.058 0.041 0.09 0.052 0.05 0.103 0.042 0.057 0.084 0.091 0.103 0.074 0.082;0.015 0.058 0.052 0.042 0.091 0.058 0.041 0.09 0.05 0.057 0.103 0.103 0.074 0.084 0.082;
0.024 0.064 0.053 0.053 0.105 0.058 0.046 0.096 0.041 0.059 0.073 0.07 0.086 0.095 0.077;0.024 0.064 0.058 0.046 0.096 0.053 0.053 0.105 0.041 0.059 0.073 0.07 0.095 0.086 0.077;0.024 0.058 0.053 0.041 0.07 0.064 0.046 0.096 0.053 0.059 0.095 0.105 0.086 0.073 0.077;
0.023 0.053 0.055 0.061 0.098 0.056 0.047 0.085 0.047 0.05 0.091 0.088 0.095 0.086 0.065;0.023 0.053 0.056 0.047 0.085 0.055 0.061 0.098 0.047 0.05 0.091 0.088 0.086 0.095 0.065;0.023 0.056 0.055 0.047 0.088 0.053 0.047 0.085 0.061 0.05 0.086 0.098 0.095 0.091 0.065;
0.015 0.041 0.049 0.063 0.089 0.051 0.046 0.092 0.046 0.065 0.075 0.086 0.096 0.088 0.098;0.015 0.041 0.051 0.046 0.092 0.049 0.063 0.089 0.046 0.065 0.075 0.086 0.088 0.096 0.098;0.015 0.051 0.049 0.046 0.086 0.041 0.046 0.092 0.063 0.065 0.088 0.089 0.096 0.075 0.098;
0.026 0.067 0.043 0.058 0.097 0.058 0.042 0.091 0.032 0.051 0.071 0.085 0.095 0.094 0.09;0.026 0.067 0.058 0.042 0.091 0.043 0.058 0.097 0.032 0.051 0.071 0.085 0.094 0.095 0.09;0.026 0.058 0.043 0.032 0.085 0.067 0.042 0.091 0.058 0.051 0.094 0.097 0.095 0.071 0.09;
0.029 0.077 0.052 0.045 0.092 0.052 0.063 0.089 0.039 0.045 0.069 0.09 0.087 0.106 0.065;0.029 0.077 0.052 0.063 0.089 0.052 0.045 0.092 0.039 0.045 0.069 0.09 0.106 0.087 0.065;0.029 0.052 0.052 0.039 0.09 0.077 0.063 0.089 0.045 0.045 0.106 0.092 0.087 0.069 0.065;
0.024 0.047 0.052 0.071 0.106 0.055 0.049 0.081 0.06 0.051 0.082 0.066 0.085 0.091 0.08;0.024 0.047 0.055 0.049 0.081 0.052 0.071 0.106 0.06 0.051 0.082 0.066 0.091 0.085 0.08;0.024 0.055 0.052 0.06 0.066 0.047 0.049 0.081 0.071 0.051 0.091 0.106 0.085 0.082 0.08;
0.027 0.049 0.045 0.064 0.106 0.057 0.041 0.109 0.043 0.044 0.071 0.09 0.085 0.092 0.077;0.027 0.049 0.057 0.041 0.109 0.045 0.064 0.106 0.043 0.044 0.071 0.09 0.092 0.085 0.077;0.027 0.057 0.045 0.043 0.09 0.049 0.041 0.109 0.064 0.044 0.092 0.106 0.085 0.071 0.077;
0.023 0.059 0.06 0.061 0.096 0.056 0.04 0.089 0.038 0.05 0.068 0.095 0.071 0.1 0.094;0.023 0.059 0.056 0.04 0.089 0.06 0.061 0.096 0.038 0.05 0.068 0.095 0.1 0.071 0.094;0.023 0.056 0.06 0.038 0.095 0.059 0.04 0.089 0.061 0.05 0.1 0.096 0.071 0.068 0.094;
0.019 0.044 0.046 0.074 0.093 0.047 0.03 0.096 0.05 0.052 0.092 0.106 0.078 0.095 0.078;0.019 0.044 0.047 0.03 0.096 0.046 0.074 0.093 0.05 0.052 0.092 0.106 0.095 0.078 0.078;0.019 0.047 0.046 0.05 0.106 0.044 0.03 0.096 0.074 0.052 0.095 0.093 0.078 0.092 0.078;
0.026 0.06 0.047 0.073 0.101 0.062 0.04 0.093 0.036 0.051 0.076 0.073 0.078 0.103 0.081;0.026 0.06 0.062 0.04 0.093 0.047 0.073 0.101 0.036 0.051 0.076 0.073 0.103 0.078 0.081;0.026 0.062 0.047 0.036 0.073 0.06 0.04 0.093 0.073 0.051 0.103 0.101 0.078 0.076 0.081;
0.019 0.051 0.051 0.055 0.11 0.071 0.034 0.083 0.043 0.054 0.085 0.079 0.088 0.097 0.08;0.019 0.051 0.071 0.034 0.083 0.051 0.055 0.11 0.043 0.054 0.085 0.079 0.097 0.088 0.08;0.019 0.071 0.051 0.043 0.079 0.051 0.034 0.083 0.055 0.054 0.097 0.11 0.088 0.085 0.08;
0.024 0.042 0.052 0.071 0.1 0.045 0.049 0.092 0.045 0.041 0.076 0.093 0.09 0.093 0.087;0.024 0.042 0.045 0.049 0.092 0.052 0.071 0.1 0.045 0.041 0.076 0.093 0.093 0.09 0.087;0.024 0.045 0.052 0.045 0.093 0.042 0.049 0.092 0.071 0.041 0.093 0.1 0.09 0.076 0.087;
0.025 0.043 0.065 0.062 0.102 0.047 0.041 0.077 0.046 0.058 0.086 0.092 0.087 0.081 0.088;0.025 0.043 0.047 0.041 0.077 0.065 0.062 0.102 0.046 0.058 0.086 0.092 0.081 0.087 0.088;0.025 0.047 0.065 0.046 0.092 0.043 0.041 0.077 0.062 0.058 0.081 0.102 0.087 0.086 0.088;
0.025 0.054 0.05 0.063 0.085 0.046 0.046 0.096 0.046 0.055 0.083 0.077 0.087 0.107 0.08;0.025 0.054 0.046 0.046 0.096 0.05 0.063 0.085 0.046 0.055 0.083 0.077 0.107 0.087 0.08;0.025 0.046 0.05 0.046 0.077 0.054 0.046 0.096 0.063 0.055 0.107 0.085 0.087 0.083 0.08;
0.02 0.064 0.048 0.057 0.095 0.043 0.041 0.079 0.043 0.052 0.095 0.094 0.081 0.1 0.088;0.02 0.064 0.043 0.041 0.079 0.048 0.057 0.095 0.043 0.052 0.095 0.094 0.1 0.081 0.088;0.02 0.043 0.048 0.043 0.094 0.064 0.041 0.079 0.057 0.052 0.1 0.095 0.081 0.095 0.088;
0.023 0.053 0.052 0.064 0.101 0.063 0.048 0.096 0.038 0.047 0.078 0.069 0.09 0.104 0.074;0.023 0.053 0.063 0.048 0.096 0.052 0.064 0.101 0.038 0.047 0.078 0.069 0.104 0.09 0.074;0.023 0.063 0.052 0.038 0.069 0.053 0.048 0.096 0.064 0.047 0.104 0.101 0.09 0.078 0.074;
0.025 0.056 0.057 0.045 0.094 0.07 0.043 0.091 0.045 0.051 0.087 0.06 0.086 0.117 0.073;0.025 0.056 0.07 0.043 0.091 0.057 0.045 0.094 0.045 0.051 0.087 0.06 0.117 0.086 0.073;0.025 0.07 0.057 0.045 0.06 0.056 0.043 0.091 0.045 0.051 0.117 0.094 0.086 0.087 0.073;
0.024 0.049 0.056 0.056 0.107 0.045 0.039 0.087 0.044 0.053 0.112 0.093 0.072 0.091 0.072;0.024 0.049 0.045 0.039 0.087 0.056 0.056 0.107 0.044 0.053 0.112 0.093 0.091 0.072 0.072;0.024 0.045 0.056 0.044 0.093 0.049 0.039 0.087 0.056 0.053 0.091 0.107 0.072 0.112 0.072;
0.026 0.055 0.051 0.061 0.107 0.056 0.038 0.09 0.044 0.051 0.09 0.079 0.093 0.078 0.081;0.026 0.055 0.056 0.038 0.09 0.051 0.061 0.107 0.044 0.051 0.09 0.079 0.078 0.093 0.081;0.026 0.056 0.051 0.044 0.079 0.055 0.038 0.09 0.061 0.051 0.078 0.107 0.093 0.09 0.081;
0.017 0.067 0.051 0.06 0.094 0.057 0.045 0.078 0.046 0.049 0.09 0.09 0.09 0.101 0.065;0.017 0.067 0.057 0.045 0.078 0.051 0.06 0.094 0.046 0.049 0.09 0.09 0.101 0.09 0.065;0.017 0.057 0.051 0.046 0.09 0.067 0.045 0.078 0.06 0.049 0.101 0.094 0.09 0.09 0.065;
0.021 0.045 0.042 0.06 0.107 0.067 0.029 0.104 0.052 0.055 0.069 0.088 0.088 0.101 0.072;0.021 0.045 0.067 0.029 0.104 0.042 0.06 0.107 0.052 0.055 0.069 0.088 0.101 0.088 0.072;0.021 0.067 0.042 0.052 0.088 0.045 0.029 0.104 0.06 0.055 0.101 0.107 0.088 0.069 0.072;
0.02 0.046 0.061 0.06 0.116 0.054 0.047 0.076 0.032 0.055 0.074 0.085 0.086 0.105 0.083;0.02 0.046 0.054 0.047 0.076 0.061 0.06 0.116 0.032 0.055 0.074 0.085 0.105 0.086 0.083;0.02 0.054 0.061 0.032 0.085 0.046 0.047 0.076 0.06 0.055 0.105 0.116 0.086 0.074 0.083;
0.027 0.068 0.053 0.052 0.104 0.064 0.046 0.065 0.043 0.044 0.104 0.077 0.087 0.091 0.075;0.027 0.068 0.064 0.046 0.065 0.053 0.052 0.104 0.043 0.044 0.104 0.077 0.091 0.087 0.075;0.027 0.064 0.053 0.043 0.077 0.068 0.046 0.065 0.052 0.044 0.091 0.104 0.087 0.104 0.075;
0.022 0.06 0.049 0.068 0.114 0.051 0.041 0.091 0.04 0.039 0.088 0.074 0.085 0.103 0.075;0.022 0.06 0.051 0.041 0.091 0.049 0.068 0.114 0.04 0.039 0.088 0.074 0.103 0.085 0.075;0.022 0.051 0.049 0.04 0.074 0.06 0.041 0.091 0.068 0.039 0.103 0.114 0.085 0.088 0.075;
0.028 0.05 0.051 0.054 0.112 0.056 0.046 0.081 0.035 0.057 0.078 0.086 0.077 0.103 0.086;0.028 0.05 0.056 0.046 0.081 0.051 0.054 0.112 0.035 0.057 0.078 0.086 0.103 0.077 0.086;0.028 0.056 0.051 0.035 0.086 0.05 0.046 0.081 0.054 0.057 0.103 0.112 0.077 0.078 0.086;
0.019 0.053 0.056 0.052 0.101 0.063 0.047 0.093 0.042 0.043 0.08 0.097 0.079 0.088 0.087;0.019 0.053 0.063 0.047 0.093 0.056 0.052 0.101 0.042 0.043 0.08 0.097 0.088 0.079 0.087;0.019 0.063 0.056 0.042 0.097 0.053 0.047 0.093 0.052 0.043 0.088 0.101 0.079 0.08 0.087;
0.035 0.051 0.053 0.059 0.099 0.059 0.032 0.102 0.052 0.044 0.079 0.078 0.08 0.1 0.077;0.035 0.051 0.059 0.032 0.102 0.053 0.059 0.099 0.052 0.044 0.079 0.078 0.1 0.08 0.077;0.035 0.059 0.053 0.052 0.078 0.051 0.032 0.102 0.059 0.044 0.1 0.099 0.08 0.079 0.077;
0.027 0.045 0.041 0.065 0.1 0.049 0.04 0.103 0.043 0.06 0.073 0.078 0.086 0.096 0.094;0.027 0.045 0.049 0.04 0.103 0.041 0.065 0.1 0.043 0.06 0.073 0.078 0.096 0.086 0.094;0.027 0.049 0.041 0.043 0.078 0.045 0.04 0.103 0.065 0.06 0.096 0.1 0.086 0.073 0.094;
0.021 0.056 0.054 0.076 0.088 0.061 0.046 0.093 0.038 0.042 0.078 0.063 0.102 0.101 0.081;0.021 0.056 0.061 0.046 0.093 0.054 0.076 0.088 0.038 0.042 0.078 0.063 0.101 0.102 0.081;0.021 0.061 0.054 0.038 0.063 0.056 0.046 0.093 0.076 0.042 0.101 0.088 0.102 0.078 0.081;
0.02 0.061 0.05 0.052 0.091 0.056 0.042 0.097 0.041 0.059 0.083 0.093 0.074 0.101 0.08;0.02 0.061 0.056 0.042 0.097 0.05 0.052 0.091 0.041 0.059 0.083 0.093 0.101 0.074 0.08;0.02 0.056 0.05 0.041 0.093 0.061 0.042 0.097 0.052 0.059 0.101 0.091 0.074 0.083 0.08;
0.015 0.046 0.053 0.069 0.109 0.051 0.044 0.076 0.036 0.066 0.084 0.093 0.085 0.095 0.078;0.015 0.046 0.051 0.044 0.076 0.053 0.069 0.109 0.036 0.066 0.084 0.093 0.095 0.085 0.078;0.015 0.051 0.053 0.036 0.093 0.046 0.044 0.076 0.069 0.066 0.095 0.109 0.085 0.084 0.078;
0.02 0.048 0.049 0.066 0.118 0.057 0.047 0.08 0.028 0.049 0.076 0.101 0.093 0.08 0.088;0.02 0.048 0.057 0.047 0.08 0.049 0.066 0.118 0.028 0.049 0.076 0.101 0.08 0.093 0.088;0.02 0.057 0.049 0.028 0.101 0.048 0.047 0.08 0.066 0.049 0.08 0.118 0.093 0.076 0.088;
0.022 0.057 0.053 0.047 0.097 0.056 0.049 0.086 0.049 0.065 0.088 0.077 0.067 0.097 0.09;0.022 0.057 0.056 0.049 0.086 0.053 0.047 0.097 0.049 0.065 0.088 0.077 0.097 0.067 0.09;0.022 0.056 0.053 0.049 0.077 0.057 0.049 0.086 0.047 0.065 0.097 0.097 0.067 0.088 0.09;
0.018 0.04 0.057 0.065 0.1 0.059 0.063 0.088 0.046 0.041 0.079 0.089 0.081 0.1 0.074;0.018 0.04 0.059 0.063 0.088 0.057 0.065 0.1 0.046 0.041 0.079 0.089 0.1 0.081 0.074;0.018 0.059 0.057 0.046 0.089 0.04 0.063 0.088 0.065 0.041 0.1 0.1 0.081 0.079 0.074;
0.024 0.038 0.055 0.07 0.103 0.043 0.044 0.087 0.046 0.055 0.096 0.084 0.084 0.089 0.082;0.024 0.038 0.043 0.044 0.087 0.055 0.07 0.103 0.046 0.055 0.096 0.084 0.089 0.084 0.082;0.024 0.043 0.055 0.046 0.084 0.038 0.044 0.087 0.07 0.055 0.089 0.103 0.084 0.096 0.082;
0.025 0.053 0.048 0.053 0.102 0.047 0.037 0.082 0.056 0.05 0.086 0.081 0.083 0.104 0.093;0.025 0.053 0.047 0.037 0.082 0.048 0.053 0.102 0.056 0.05 0.086 0.081 0.104 0.083 0.093;0.025 0.047 0.048 0.056 0.081 0.053 0.037 0.082 0.053 0.05 0.104 0.102 0.083 0.086 0.093;
0.024 0.059 0.051 0.06 0.094 0.061 0.035 0.09 0.042 0.055 0.081 0.092 0.083 0.098 0.075;0.024 0.059 0.061 0.035 0.09 0.051 0.06 0.094 0.042 0.055 0.081 0.092 0.098 0.083 0.075;0.024 0.061 0.051 0.042 0.092 0.059 0.035 0.09 0.06 0.055 0.098 0.094 0.083 0.081 0.075];