pntP=[0.11 0.063 0.105 0.062 0.07 0.062 0.045 0.04 0.035 0.1 0.049 0.061 0.082 0.077 0.039;0.11 0.063 0.062 0.045 0.04 0.105 0.062 0.07 0.035 0.1 0.049 0.061 0.077 0.082 0.039;0.11 0.062 0.105 0.035 0.061 0.063 0.045 0.04 0.062 0.1 0.077 0.07 0.082 0.049 0.039;
0.101 0.06 0.111 0.063 0.073 0.06 0.036 0.046 0.036 0.111 0.055 0.049 0.083 0.072 0.044;0.101 0.06 0.06 0.036 0.046 0.111 0.063 0.073 0.036 0.111 0.055 0.049 0.072 0.083 0.044;0.101 0.06 0.111 0.036 0.049 0.06 0.036 0.046 0.063 0.111 0.072 0.073 0.083 0.055 0.044;
0.098 0.054 0.112 0.062 0.075 0.054 0.046 0.047 0.032 0.103 0.06 0.05 0.079 0.079 0.049;0.098 0.054 0.054 0.046 0.047 0.112 0.062 0.075 0.032 0.103 0.06 0.05 0.079 0.079 0.049;0.098 0.054 0.112 0.032 0.05 0.054 0.046 0.047 0.062 0.103 0.079 0.075 0.079 0.06 0.049;
0.111 0.065 0.104 0.074 0.087 0.069 0.045 0.039 0.029 0.092 0.051 0.056 0.076 0.069 0.033;0.111 0.065 0.069 0.045 0.039 0.104 0.074 0.087 0.029 0.092 0.051 0.056 0.069 0.076 0.033;0.111 0.069 0.104 0.029 0.056 0.065 0.045 0.039 0.074 0.092 0.069 0.087 0.076 0.051 0.033;
0.097 0.05 0.115 0.074 0.075 0.054 0.033 0.04 0.026 0.107 0.057 0.054 0.082 0.091 0.045;0.097 0.05 0.054 0.033 0.04 0.115 0.074 0.075 0.026 0.107 0.057 0.054 0.091 0.082 0.045;0.097 0.054 0.115 0.026 0.054 0.05 0.033 0.04 0.074 0.107 0.091 0.075 0.082 0.057 0.045;
0.081 0.063 0.118 0.054 0.079 0.075 0.04 0.048 0.033 0.113 0.047 0.047 0.095 0.074 0.033;0.081 0.063 0.075 0.04 0.048 0.118 0.054 0.079 0.033 0.113 0.047 0.047 0.074 0.095 0.033;0.081 0.075 0.118 0.033 0.047 0.063 0.04 0.048 0.054 0.113 0.074 0.079 0.095 0.047 0.033;
0.095 0.066 0.097 0.07 0.075 0.074 0.044 0.051 0.024 0.115 0.044 0.043 0.086 0.086 0.03;0.095 0.066 0.074 0.044 0.051 0.097 0.07 0.075 0.024 0.115 0.044 0.043 0.086 0.086 0.03;0.095 0.074 0.097 0.024 0.043 0.066 0.044 0.051 0.07 0.115 0.086 0.075 0.086 0.044 0.03;
0.109 0.065 0.107 0.055 0.065 0.061 0.037 0.039 0.038 0.113 0.063 0.06 0.076 0.08 0.032;0.109 0.065 0.061 0.037 0.039 0.107 0.055 0.065 0.038 0.113 0.063 0.06 0.08 0.076 0.032;0.109 0.061 0.107 0.038 0.06 0.065 0.037 0.039 0.055 0.113 0.08 0.065 0.076 0.063 0.032;
0.119 0.042 0.119 0.065 0.086 0.063 0.044 0.041 0.026 0.109 0.052 0.061 0.067 0.068 0.038;0.119 0.042 0.063 0.044 0.041 0.119 0.065 0.086 0.026 0.109 0.052 0.061 0.068 0.067 0.038;0.119 0.063 0.119 0.026 0.061 0.042 0.044 0.041 0.065 0.109 0.068 0.086 0.067 0.052 0.038;
0.095 0.077 0.103 0.066 0.073 0.048 0.03 0.034 0.028 0.118 0.06 0.052 0.101 0.08 0.035;0.095 0.077 0.048 0.03 0.034 0.103 0.066 0.073 0.028 0.118 0.06 0.052 0.08 0.101 0.035;0.095 0.048 0.103 0.028 0.052 0.077 0.03 0.034 0.066 0.118 0.08 0.073 0.101 0.06 0.035;
0.084 0.052 0.138 0.068 0.067 0.063 0.033 0.047 0.023 0.107 0.053 0.059 0.089 0.075 0.042;0.084 0.052 0.063 0.033 0.047 0.138 0.068 0.067 0.023 0.107 0.053 0.059 0.075 0.089 0.042;0.084 0.063 0.138 0.023 0.059 0.052 0.033 0.047 0.068 0.107 0.075 0.067 0.089 0.053 0.042;
0.069 0.055 0.116 0.06 0.086 0.053 0.046 0.047 0.035 0.126 0.052 0.054 0.091 0.072 0.038;0.069 0.055 0.053 0.046 0.047 0.116 0.06 0.086 0.035 0.126 0.052 0.054 0.072 0.091 0.038;0.069 0.053 0.116 0.035 0.054 0.055 0.046 0.047 0.06 0.126 0.072 0.086 0.091 0.052 0.038;
0.116 0.051 0.12 0.072 0.064 0.051 0.038 0.039 0.034 0.1 0.05 0.051 0.09 0.078 0.046;0.116 0.051 0.051 0.038 0.039 0.12 0.072 0.064 0.034 0.1 0.05 0.051 0.078 0.09 0.046;0.116 0.051 0.12 0.034 0.051 0.051 0.038 0.039 0.072 0.1 0.078 0.064 0.09 0.05 0.046;
0.091 0.055 0.105 0.077 0.071 0.062 0.041 0.041 0.033 0.121 0.049 0.05 0.084 0.071 0.049;0.091 0.055 0.062 0.041 0.041 0.105 0.077 0.071 0.033 0.121 0.049 0.05 0.071 0.084 0.049;0.091 0.062 0.105 0.033 0.05 0.055 0.041 0.041 0.077 0.121 0.071 0.071 0.084 0.049 0.049;
0.095 0.056 0.118 0.064 0.08 0.057 0.048 0.053 0.036 0.086 0.049 0.05 0.088 0.083 0.037;0.095 0.056 0.057 0.048 0.053 0.118 0.064 0.08 0.036 0.086 0.049 0.05 0.083 0.088 0.037;0.095 0.057 0.118 0.036 0.05 0.056 0.048 0.053 0.064 0.086 0.083 0.08 0.088 0.049 0.037;
0.105 0.064 0.108 0.063 0.072 0.053 0.044 0.038 0.028 0.102 0.05 0.055 0.085 0.076 0.057;0.105 0.064 0.053 0.044 0.038 0.108 0.063 0.072 0.028 0.102 0.05 0.055 0.076 0.085 0.057;0.105 0.053 0.108 0.028 0.055 0.064 0.044 0.038 0.063 0.102 0.076 0.072 0.085 0.05 0.057;
0.108 0.066 0.129 0.075 0.074 0.053 0.039 0.042 0.039 0.098 0.043 0.035 0.09 0.074 0.035;0.108 0.066 0.053 0.039 0.042 0.129 0.075 0.074 0.039 0.098 0.043 0.035 0.074 0.09 0.035;0.108 0.053 0.129 0.039 0.035 0.066 0.039 0.042 0.075 0.098 0.074 0.074 0.09 0.043 0.035;
0.083 0.057 0.099 0.073 0.083 0.073 0.036 0.043 0.022 0.127 0.062 0.053 0.077 0.078 0.034;0.083 0.057 0.073 0.036 0.043 0.099 0.073 0.083 0.022 0.127 0.062 0.053 0.078 0.077 0.034;0.083 0.073 0.099 0.022 0.053 0.057 0.036 0.043 0.073 0.127 0.078 0.083 0.077 0.062 0.034;
0.1 0.063 0.114 0.062 0.062 0.056 0.042 0.044 0.033 0.104 0.058 0.051 0.078 0.089 0.044;0.1 0.063 0.056 0.042 0.044 0.114 0.062 0.062 0.033 0.104 0.058 0.051 0.089 0.078 0.044;0.1 0.056 0.114 0.033 0.051 0.063 0.042 0.044 0.062 0.104 0.089 0.062 0.078 0.058 0.044;
0.098 0.062 0.111 0.076 0.08 0.06 0.039 0.048 0.024 0.108 0.058 0.053 0.076 0.071 0.036;0.098 0.062 0.06 0.039 0.048 0.111 0.076 0.08 0.024 0.108 0.058 0.053 0.071 0.076 0.036;0.098 0.06 0.111 0.024 0.053 0.062 0.039 0.048 0.076 0.108 0.071 0.08 0.076 0.058 0.036;
0.113 0.061 0.116 0.058 0.076 0.064 0.05 0.03 0.032 0.109 0.051 0.045 0.075 0.073 0.047;0.113 0.061 0.064 0.05 0.03 0.116 0.058 0.076 0.032 0.109 0.051 0.045 0.073 0.075 0.047;0.113 0.064 0.116 0.032 0.045 0.061 0.05 0.03 0.058 0.109 0.073 0.076 0.075 0.051 0.047;
0.097 0.061 0.112 0.063 0.089 0.063 0.039 0.049 0.039 0.106 0.047 0.047 0.078 0.077 0.033;0.097 0.061 0.063 0.039 0.049 0.112 0.063 0.089 0.039 0.106 0.047 0.047 0.077 0.078 0.033;0.097 0.063 0.112 0.039 0.047 0.061 0.039 0.049 0.063 0.106 0.077 0.089 0.078 0.047 0.033;
0.088 0.053 0.121 0.071 0.086 0.053 0.037 0.042 0.028 0.099 0.05 0.064 0.093 0.08 0.035;0.088 0.053 0.053 0.037 0.042 0.121 0.071 0.086 0.028 0.099 0.05 0.064 0.08 0.093 0.035;0.088 0.053 0.121 0.028 0.064 0.053 0.037 0.042 0.071 0.099 0.08 0.086 0.093 0.05 0.035;
0.105 0.041 0.118 0.071 0.067 0.041 0.05 0.047 0.039 0.124 0.041 0.049 0.09 0.077 0.04;0.105 0.041 0.041 0.05 0.047 0.118 0.071 0.067 0.039 0.124 0.041 0.049 0.077 0.09 0.04;0.105 0.041 0.118 0.039 0.049 0.041 0.05 0.047 0.071 0.124 0.077 0.067 0.09 0.041 0.04;
0.114 0.065 0.111 0.068 0.081 0.051 0.024 0.049 0.041 0.109 0.05 0.053 0.077 0.065 0.042;0.114 0.065 0.051 0.024 0.049 0.111 0.068 0.081 0.041 0.109 0.05 0.053 0.065 0.077 0.042;0.114 0.051 0.111 0.041 0.053 0.065 0.024 0.049 0.068 0.109 0.065 0.081 0.077 0.05 0.042;
0.088 0.048 0.117 0.068 0.071 0.062 0.041 0.036 0.036 0.098 0.063 0.053 0.082 0.102 0.035;0.088 0.048 0.062 0.041 0.036 0.117 0.068 0.071 0.036 0.098 0.063 0.053 0.102 0.082 0.035;0.088 0.062 0.117 0.036 0.053 0.048 0.041 0.036 0.068 0.098 0.102 0.071 0.082 0.063 0.035;
0.098 0.055 0.118 0.07 0.08 0.052 0.043 0.049 0.029 0.108 0.039 0.057 0.088 0.069 0.045;0.098 0.055 0.052 0.043 0.049 0.118 0.07 0.08 0.029 0.108 0.039 0.057 0.069 0.088 0.045;0.098 0.052 0.118 0.029 0.057 0.055 0.043 0.049 0.07 0.108 0.069 0.08 0.088 0.039 0.045;
0.102 0.056 0.105 0.07 0.072 0.054 0.058 0.041 0.028 0.123 0.056 0.053 0.079 0.072 0.031;0.102 0.056 0.054 0.058 0.041 0.105 0.07 0.072 0.028 0.123 0.056 0.053 0.072 0.079 0.031;0.102 0.054 0.105 0.028 0.053 0.056 0.058 0.041 0.07 0.123 0.072 0.072 0.079 0.056 0.031;
0.105 0.062 0.111 0.061 0.082 0.054 0.042 0.04 0.031 0.118 0.045 0.063 0.082 0.071 0.033;0.105 0.062 0.054 0.042 0.04 0.111 0.061 0.082 0.031 0.118 0.045 0.063 0.071 0.082 0.033;0.105 0.054 0.111 0.031 0.063 0.062 0.042 0.04 0.061 0.118 0.071 0.082 0.082 0.045 0.033;
0.092 0.063 0.102 0.063 0.079 0.052 0.041 0.039 0.027 0.129 0.044 0.057 0.082 0.083 0.047;0.092 0.063 0.052 0.041 0.039 0.102 0.063 0.079 0.027 0.129 0.044 0.057 0.083 0.082 0.047;0.092 0.052 0.102 0.027 0.057 0.063 0.041 0.039 0.063 0.129 0.083 0.079 0.082 0.044 0.047;
0.087 0.045 0.107 0.065 0.084 0.063 0.036 0.042 0.033 0.122 0.056 0.048 0.091 0.072 0.049;0.087 0.045 0.063 0.036 0.042 0.107 0.065 0.084 0.033 0.122 0.056 0.048 0.072 0.091 0.049;0.087 0.063 0.107 0.033 0.048 0.045 0.036 0.042 0.065 0.122 0.072 0.084 0.091 0.056 0.049;
0.103 0.056 0.097 0.066 0.075 0.063 0.055 0.041 0.018 0.12 0.053 0.055 0.085 0.075 0.038;0.103 0.056 0.063 0.055 0.041 0.097 0.066 0.075 0.018 0.12 0.053 0.055 0.075 0.085 0.038;0.103 0.063 0.097 0.018 0.055 0.056 0.055 0.041 0.066 0.12 0.075 0.075 0.085 0.053 0.038;
0.11 0.063 0.129 0.062 0.072 0.056 0.028 0.03 0.022 0.127 0.046 0.053 0.1 0.067 0.035;0.11 0.063 0.056 0.028 0.03 0.129 0.062 0.072 0.022 0.127 0.046 0.053 0.067 0.1 0.035;0.11 0.056 0.129 0.022 0.053 0.063 0.028 0.03 0.062 0.127 0.067 0.072 0.1 0.046 0.035;
0.108 0.04 0.116 0.062 0.063 0.067 0.049 0.045 0.039 0.11 0.049 0.055 0.083 0.074 0.04;0.108 0.04 0.067 0.049 0.045 0.116 0.062 0.063 0.039 0.11 0.049 0.055 0.074 0.083 0.04;0.108 0.067 0.116 0.039 0.055 0.04 0.049 0.045 0.062 0.11 0.074 0.063 0.083 0.049 0.04;
0.107 0.062 0.102 0.073 0.073 0.054 0.059 0.032 0.026 0.112 0.056 0.055 0.086 0.063 0.04;0.107 0.062 0.054 0.059 0.032 0.102 0.073 0.073 0.026 0.112 0.056 0.055 0.063 0.086 0.04;0.107 0.054 0.102 0.026 0.055 0.062 0.059 0.032 0.073 0.112 0.063 0.073 0.086 0.056 0.04;
0.1 0.064 0.116 0.064 0.064 0.048 0.045 0.042 0.029 0.119 0.05 0.058 0.08 0.081 0.04;0.1 0.064 0.048 0.045 0.042 0.116 0.064 0.064 0.029 0.119 0.05 0.058 0.081 0.08 0.04;0.1 0.048 0.116 0.029 0.058 0.064 0.045 0.042 0.064 0.119 0.081 0.064 0.08 0.05 0.04;
0.1 0.074 0.112 0.068 0.07 0.053 0.051 0.041 0.036 0.106 0.039 0.06 0.071 0.081 0.038;0.1 0.074 0.053 0.051 0.041 0.112 0.068 0.07 0.036 0.106 0.039 0.06 0.081 0.071 0.038;0.1 0.053 0.112 0.036 0.06 0.074 0.051 0.041 0.068 0.106 0.081 0.07 0.071 0.039 0.038;
0.089 0.048 0.133 0.071 0.069 0.061 0.047 0.044 0.026 0.116 0.045 0.041 0.087 0.086 0.037;0.089 0.048 0.061 0.047 0.044 0.133 0.071 0.069 0.026 0.116 0.045 0.041 0.086 0.087 0.037;0.089 0.061 0.133 0.026 0.041 0.048 0.047 0.044 0.071 0.116 0.086 0.069 0.087 0.045 0.037;
0.108 0.05 0.127 0.07 0.071 0.052 0.036 0.036 0.031 0.098 0.047 0.061 0.082 0.082 0.049;0.108 0.05 0.052 0.036 0.036 0.127 0.07 0.071 0.031 0.098 0.047 0.061 0.082 0.082 0.049;0.108 0.052 0.127 0.031 0.061 0.05 0.036 0.036 0.07 0.098 0.082 0.071 0.082 0.047 0.049;
0.105 0.064 0.133 0.071 0.067 0.055 0.047 0.042 0.021 0.094 0.05 0.055 0.081 0.072 0.043;0.105 0.064 0.055 0.047 0.042 0.133 0.071 0.067 0.021 0.094 0.05 0.055 0.072 0.081 0.043;0.105 0.055 0.133 0.021 0.055 0.064 0.047 0.042 0.071 0.094 0.072 0.067 0.081 0.05 0.043;
0.105 0.054 0.118 0.076 0.08 0.049 0.038 0.035 0.031 0.107 0.054 0.052 0.075 0.069 0.057;0.105 0.054 0.049 0.038 0.035 0.118 0.076 0.08 0.031 0.107 0.054 0.052 0.069 0.075 0.057;0.105 0.049 0.118 0.031 0.052 0.054 0.038 0.035 0.076 0.107 0.069 0.08 0.075 0.054 0.057;
0.096 0.072 0.111 0.075 0.074 0.055 0.04 0.032 0.03 0.102 0.054 0.055 0.085 0.065 0.054;0.096 0.072 0.055 0.04 0.032 0.111 0.075 0.074 0.03 0.102 0.054 0.055 0.065 0.085 0.054;0.096 0.055 0.111 0.03 0.055 0.072 0.04 0.032 0.075 0.102 0.065 0.074 0.085 0.054 0.054;
0.099 0.046 0.115 0.071 0.076 0.052 0.038 0.044 0.045 0.114 0.048 0.059 0.072 0.068 0.053;0.099 0.046 0.052 0.038 0.044 0.115 0.071 0.076 0.045 0.114 0.048 0.059 0.068 0.072 0.053;0.099 0.052 0.115 0.045 0.059 0.046 0.038 0.044 0.071 0.114 0.068 0.076 0.072 0.048 0.053;
0.105 0.058 0.105 0.078 0.073 0.066 0.047 0.036 0.032 0.109 0.051 0.049 0.091 0.064 0.036;0.105 0.058 0.066 0.047 0.036 0.105 0.078 0.073 0.032 0.109 0.051 0.049 0.064 0.091 0.036;0.105 0.066 0.105 0.032 0.049 0.058 0.047 0.036 0.078 0.109 0.064 0.073 0.091 0.051 0.036;
0.093 0.045 0.12 0.064 0.072 0.055 0.039 0.039 0.033 0.116 0.056 0.068 0.076 0.082 0.042;0.093 0.045 0.055 0.039 0.039 0.12 0.064 0.072 0.033 0.116 0.056 0.068 0.082 0.076 0.042;0.093 0.055 0.12 0.033 0.068 0.045 0.039 0.039 0.064 0.116 0.082 0.072 0.076 0.056 0.042;
0.103 0.057 0.097 0.074 0.078 0.056 0.042 0.051 0.03 0.112 0.063 0.045 0.089 0.061 0.042;0.103 0.057 0.056 0.042 0.051 0.097 0.074 0.078 0.03 0.112 0.063 0.045 0.061 0.089 0.042;0.103 0.056 0.097 0.03 0.045 0.057 0.042 0.051 0.074 0.112 0.061 0.078 0.089 0.063 0.042;
0.113 0.054 0.117 0.062 0.068 0.046 0.035 0.052 0.038 0.115 0.056 0.054 0.072 0.08 0.038;0.113 0.054 0.046 0.035 0.052 0.117 0.062 0.068 0.038 0.115 0.056 0.054 0.08 0.072 0.038;0.113 0.046 0.117 0.038 0.054 0.054 0.035 0.052 0.062 0.115 0.08 0.068 0.072 0.056 0.038;
0.093 0.058 0.112 0.067 0.061 0.046 0.05 0.056 0.033 0.127 0.042 0.046 0.098 0.073 0.038;0.093 0.058 0.046 0.05 0.056 0.112 0.067 0.061 0.033 0.127 0.042 0.046 0.073 0.098 0.038;0.093 0.046 0.112 0.033 0.046 0.058 0.05 0.056 0.067 0.127 0.073 0.061 0.098 0.042 0.038;
0.093 0.048 0.112 0.064 0.067 0.051 0.045 0.048 0.04 0.118 0.067 0.053 0.084 0.076 0.034;0.093 0.048 0.051 0.045 0.048 0.112 0.064 0.067 0.04 0.118 0.067 0.053 0.076 0.084 0.034;0.093 0.051 0.112 0.04 0.053 0.048 0.045 0.048 0.064 0.118 0.076 0.067 0.084 0.067 0.034;
0.107 0.059 0.102 0.072 0.064 0.057 0.048 0.042 0.031 0.12 0.052 0.046 0.082 0.076 0.042;0.107 0.059 0.057 0.048 0.042 0.102 0.072 0.064 0.031 0.12 0.052 0.046 0.076 0.082 0.042;0.107 0.057 0.102 0.031 0.046 0.059 0.048 0.042 0.072 0.12 0.076 0.064 0.082 0.052 0.042;
0.096 0.079 0.097 0.065 0.072 0.052 0.055 0.033 0.037 0.122 0.064 0.051 0.07 0.071 0.036;0.096 0.079 0.052 0.055 0.033 0.097 0.065 0.072 0.037 0.122 0.064 0.051 0.071 0.07 0.036;0.096 0.052 0.097 0.037 0.051 0.079 0.055 0.033 0.065 0.122 0.071 0.072 0.07 0.064 0.036;
0.112 0.054 0.104 0.068 0.091 0.073 0.034 0.04 0.036 0.106 0.044 0.063 0.076 0.061 0.038;0.112 0.054 0.073 0.034 0.04 0.104 0.068 0.091 0.036 0.106 0.044 0.063 0.061 0.076 0.038;0.112 0.073 0.104 0.036 0.063 0.054 0.034 0.04 0.068 0.106 0.061 0.091 0.076 0.044 0.038;
0.106 0.053 0.108 0.065 0.069 0.056 0.042 0.049 0.035 0.143 0.05 0.051 0.073 0.068 0.032;0.106 0.053 0.056 0.042 0.049 0.108 0.065 0.069 0.035 0.143 0.05 0.051 0.068 0.073 0.032;0.106 0.056 0.108 0.035 0.051 0.053 0.042 0.049 0.065 0.143 0.068 0.069 0.073 0.05 0.032;
0.081 0.057 0.118 0.073 0.086 0.056 0.033 0.052 0.038 0.124 0.044 0.054 0.087 0.057 0.04;0.081 0.057 0.056 0.033 0.052 0.118 0.073 0.086 0.038 0.124 0.044 0.054 0.057 0.087 0.04;0.081 0.056 0.118 0.038 0.054 0.057 0.033 0.052 0.073 0.124 0.057 0.086 0.087 0.044 0.04;
0.114 0.056 0.106 0.069 0.081 0.061 0.053 0.039 0.033 0.115 0.048 0.046 0.08 0.07 0.029;0.114 0.056 0.061 0.053 0.039 0.106 0.069 0.081 0.033 0.115 0.048 0.046 0.07 0.08 0.029;0.114 0.061 0.106 0.033 0.046 0.056 0.053 0.039 0.069 0.115 0.07 0.081 0.08 0.048 0.029;
0.089 0.064 0.106 0.073 0.087 0.052 0.04 0.034 0.032 0.109 0.044 0.059 0.079 0.084 0.048;0.089 0.064 0.052 0.04 0.034 0.106 0.073 0.087 0.032 0.109 0.044 0.059 0.084 0.079 0.048;0.089 0.052 0.106 0.032 0.059 0.064 0.04 0.034 0.073 0.109 0.084 0.087 0.079 0.044 0.048;
0.108 0.049 0.121 0.067 0.079 0.051 0.04 0.038 0.032 0.124 0.06 0.043 0.079 0.074 0.035;0.108 0.049 0.051 0.04 0.038 0.121 0.067 0.079 0.032 0.124 0.06 0.043 0.074 0.079 0.035;0.108 0.051 0.121 0.032 0.043 0.049 0.04 0.038 0.067 0.124 0.074 0.079 0.079 0.06 0.035;
0.089 0.05 0.114 0.08 0.069 0.051 0.041 0.044 0.033 0.118 0.053 0.056 0.088 0.076 0.038;0.089 0.05 0.051 0.041 0.044 0.114 0.08 0.069 0.033 0.118 0.053 0.056 0.076 0.088 0.038;0.089 0.051 0.114 0.033 0.056 0.05 0.041 0.044 0.08 0.118 0.076 0.069 0.088 0.053 0.038;
0.095 0.058 0.107 0.058 0.083 0.06 0.049 0.043 0.026 0.118 0.057 0.054 0.08 0.072 0.04;0.095 0.058 0.06 0.049 0.043 0.107 0.058 0.083 0.026 0.118 0.057 0.054 0.072 0.08 0.04;0.095 0.06 0.107 0.026 0.054 0.058 0.049 0.043 0.058 0.118 0.072 0.083 0.08 0.057 0.04;
0.105 0.056 0.104 0.055 0.085 0.05 0.049 0.042 0.034 0.117 0.042 0.051 0.094 0.073 0.043;0.105 0.056 0.05 0.049 0.042 0.104 0.055 0.085 0.034 0.117 0.042 0.051 0.073 0.094 0.043;0.105 0.05 0.104 0.034 0.051 0.056 0.049 0.042 0.055 0.117 0.073 0.085 0.094 0.042 0.043;
0.101 0.062 0.109 0.078 0.066 0.055 0.039 0.038 0.032 0.124 0.061 0.056 0.074 0.068 0.037;0.101 0.062 0.055 0.039 0.038 0.109 0.078 0.066 0.032 0.124 0.061 0.056 0.068 0.074 0.037;0.101 0.055 0.109 0.032 0.056 0.062 0.039 0.038 0.078 0.124 0.068 0.066 0.074 0.061 0.037;
0.103 0.053 0.107 0.067 0.076 0.054 0.047 0.049 0.035 0.096 0.055 0.058 0.09 0.069 0.041;0.103 0.053 0.054 0.047 0.049 0.107 0.067 0.076 0.035 0.096 0.055 0.058 0.069 0.09 0.041;0.103 0.054 0.107 0.035 0.058 0.053 0.047 0.049 0.067 0.096 0.069 0.076 0.09 0.055 0.041;
0.093 0.064 0.111 0.068 0.064 0.057 0.042 0.048 0.035 0.111 0.048 0.056 0.094 0.075 0.034;0.093 0.064 0.057 0.042 0.048 0.111 0.068 0.064 0.035 0.111 0.048 0.056 0.075 0.094 0.034;0.093 0.057 0.111 0.035 0.056 0.064 0.042 0.048 0.068 0.111 0.075 0.064 0.094 0.048 0.034;
0.09 0.07 0.112 0.082 0.076 0.057 0.038 0.039 0.029 0.119 0.051 0.053 0.075 0.066 0.043;0.09 0.07 0.057 0.038 0.039 0.112 0.082 0.076 0.029 0.119 0.051 0.053 0.066 0.075 0.043;0.09 0.057 0.112 0.029 0.053 0.07 0.038 0.039 0.082 0.119 0.066 0.076 0.075 0.051 0.043;
0.091 0.06 0.127 0.073 0.077 0.05 0.037 0.041 0.029 0.114 0.053 0.046 0.093 0.083 0.026;0.091 0.06 0.05 0.037 0.041 0.127 0.073 0.077 0.029 0.114 0.053 0.046 0.083 0.093 0.026;0.091 0.05 0.127 0.029 0.046 0.06 0.037 0.041 0.073 0.114 0.083 0.077 0.093 0.053 0.026;
0.101 0.052 0.111 0.066 0.07 0.063 0.04 0.045 0.032 0.117 0.043 0.064 0.085 0.07 0.041;0.101 0.052 0.063 0.04 0.045 0.111 0.066 0.07 0.032 0.117 0.043 0.064 0.07 0.085 0.041;0.101 0.063 0.111 0.032 0.064 0.052 0.04 0.045 0.066 0.117 0.07 0.07 0.085 0.043 0.041;
0.096 0.051 0.103 0.084 0.066 0.054 0.041 0.046 0.026 0.117 0.046 0.064 0.093 0.083 0.03;0.096 0.051 0.054 0.041 0.046 0.103 0.084 0.066 0.026 0.117 0.046 0.064 0.083 0.093 0.03;0.096 0.054 0.103 0.026 0.064 0.051 0.041 0.046 0.084 0.117 0.083 0.066 0.093 0.046 0.03;
0.11 0.056 0.101 0.061 0.08 0.048 0.043 0.042 0.032 0.109 0.059 0.044 0.085 0.093 0.037;0.11 0.056 0.048 0.043 0.042 0.101 0.061 0.08 0.032 0.109 0.059 0.044 0.093 0.085 0.037;0.11 0.048 0.101 0.032 0.044 0.056 0.043 0.042 0.061 0.109 0.093 0.08 0.085 0.059 0.037;
0.083 0.045 0.12 0.066 0.084 0.06 0.039 0.045 0.036 0.117 0.05 0.06 0.084 0.069 0.042;0.083 0.045 0.06 0.039 0.045 0.12 0.066 0.084 0.036 0.117 0.05 0.06 0.069 0.084 0.042;0.083 0.06 0.12 0.036 0.06 0.045 0.039 0.045 0.066 0.117 0.069 0.084 0.084 0.05 0.042;
0.082 0.061 0.112 0.07 0.075 0.062 0.04 0.04 0.033 0.11 0.054 0.049 0.095 0.077 0.04;0.082 0.061 0.062 0.04 0.04 0.112 0.07 0.075 0.033 0.11 0.054 0.049 0.077 0.095 0.04;0.082 0.062 0.112 0.033 0.049 0.061 0.04 0.04 0.07 0.11 0.077 0.075 0.095 0.054 0.04;
0.103 0.055 0.123 0.059 0.064 0.067 0.046 0.04 0.022 0.128 0.052 0.045 0.083 0.069 0.044;0.103 0.055 0.067 0.046 0.04 0.123 0.059 0.064 0.022 0.128 0.052 0.045 0.069 0.083 0.044;0.103 0.067 0.123 0.022 0.045 0.055 0.046 0.04 0.059 0.128 0.069 0.064 0.083 0.052 0.044;
0.104 0.072 0.11 0.065 0.078 0.055 0.045 0.039 0.019 0.094 0.062 0.058 0.084 0.074 0.041;0.104 0.072 0.055 0.045 0.039 0.11 0.065 0.078 0.019 0.094 0.062 0.058 0.074 0.084 0.041;0.104 0.055 0.11 0.019 0.058 0.072 0.045 0.039 0.065 0.094 0.074 0.078 0.084 0.062 0.041;
0.096 0.052 0.112 0.069 0.07 0.07 0.048 0.038 0.03 0.124 0.048 0.043 0.078 0.083 0.039;0.096 0.052 0.07 0.048 0.038 0.112 0.069 0.07 0.03 0.124 0.048 0.043 0.083 0.078 0.039;0.096 0.07 0.112 0.03 0.043 0.052 0.048 0.038 0.069 0.124 0.083 0.07 0.078 0.048 0.039;
0.105 0.069 0.098 0.063 0.076 0.058 0.04 0.041 0.031 0.121 0.052 0.049 0.085 0.074 0.038;0.105 0.069 0.058 0.04 0.041 0.098 0.063 0.076 0.031 0.121 0.052 0.049 0.074 0.085 0.038;0.105 0.058 0.098 0.031 0.049 0.069 0.04 0.041 0.063 0.121 0.074 0.076 0.085 0.052 0.038;
0.113 0.044 0.114 0.067 0.073 0.056 0.041 0.039 0.045 0.107 0.047 0.05 0.103 0.062 0.039;0.113 0.044 0.056 0.041 0.039 0.114 0.067 0.073 0.045 0.107 0.047 0.05 0.062 0.103 0.039;0.113 0.056 0.114 0.045 0.05 0.044 0.041 0.039 0.067 0.107 0.062 0.073 0.103 0.047 0.039;
0.107 0.064 0.093 0.075 0.06 0.047 0.042 0.052 0.031 0.108 0.049 0.053 0.088 0.084 0.047;0.107 0.064 0.047 0.042 0.052 0.093 0.075 0.06 0.031 0.108 0.049 0.053 0.084 0.088 0.047;0.107 0.047 0.093 0.031 0.053 0.064 0.042 0.052 0.075 0.108 0.084 0.06 0.088 0.049 0.047;
0.11 0.052 0.108 0.054 0.069 0.075 0.043 0.049 0.027 0.118 0.047 0.044 0.076 0.088 0.04;0.11 0.052 0.075 0.043 0.049 0.108 0.054 0.069 0.027 0.118 0.047 0.044 0.088 0.076 0.04;0.11 0.075 0.108 0.027 0.044 0.052 0.043 0.049 0.054 0.118 0.088 0.069 0.076 0.047 0.04;
0.1 0.057 0.091 0.08 0.078 0.062 0.036 0.045 0.036 0.109 0.052 0.034 0.084 0.093 0.043;0.1 0.057 0.062 0.036 0.045 0.091 0.08 0.078 0.036 0.109 0.052 0.034 0.093 0.084 0.043;0.1 0.062 0.091 0.036 0.034 0.057 0.036 0.045 0.08 0.109 0.093 0.078 0.084 0.052 0.043;
0.118 0.039 0.104 0.082 0.072 0.059 0.042 0.038 0.029 0.114 0.056 0.06 0.063 0.077 0.047;0.118 0.039 0.059 0.042 0.038 0.104 0.082 0.072 0.029 0.114 0.056 0.06 0.077 0.063 0.047;0.118 0.059 0.104 0.029 0.06 0.039 0.042 0.038 0.082 0.114 0.077 0.072 0.063 0.056 0.047;
0.096 0.06 0.106 0.069 0.077 0.061 0.048 0.043 0.024 0.112 0.041 0.063 0.087 0.077 0.036;0.096 0.06 0.061 0.048 0.043 0.106 0.069 0.077 0.024 0.112 0.041 0.063 0.077 0.087 0.036;0.096 0.061 0.106 0.024 0.063 0.06 0.048 0.043 0.069 0.112 0.077 0.077 0.087 0.041 0.036;
0.109 0.053 0.111 0.061 0.074 0.065 0.04 0.052 0.031 0.122 0.041 0.052 0.082 0.07 0.037;0.109 0.053 0.065 0.04 0.052 0.111 0.061 0.074 0.031 0.122 0.041 0.052 0.07 0.082 0.037;0.109 0.065 0.111 0.031 0.052 0.053 0.04 0.052 0.061 0.122 0.07 0.074 0.082 0.041 0.037;
0.102 0.061 0.104 0.072 0.085 0.066 0.038 0.048 0.036 0.101 0.05 0.058 0.085 0.059 0.035;0.102 0.061 0.066 0.038 0.048 0.104 0.072 0.085 0.036 0.101 0.05 0.058 0.059 0.085 0.035;0.102 0.066 0.104 0.036 0.058 0.061 0.038 0.048 0.072 0.101 0.059 0.085 0.085 0.05 0.035;
0.116 0.052 0.12 0.074 0.085 0.047 0.044 0.029 0.024 0.107 0.059 0.05 0.09 0.07 0.033;0.116 0.052 0.047 0.044 0.029 0.12 0.074 0.085 0.024 0.107 0.059 0.05 0.07 0.09 0.033;0.116 0.047 0.12 0.024 0.05 0.052 0.044 0.029 0.074 0.107 0.07 0.085 0.09 0.059 0.033;
0.086 0.058 0.1 0.06 0.08 0.059 0.047 0.051 0.033 0.13 0.052 0.046 0.08 0.074 0.044;0.086 0.058 0.059 0.047 0.051 0.1 0.06 0.08 0.033 0.13 0.052 0.046 0.074 0.08 0.044;0.086 0.059 0.1 0.033 0.046 0.058 0.047 0.051 0.06 0.13 0.074 0.08 0.08 0.052 0.044;
0.083 0.076 0.115 0.07 0.075 0.061 0.042 0.047 0.029 0.111 0.051 0.054 0.079 0.061 0.046;0.083 0.076 0.061 0.042 0.047 0.115 0.07 0.075 0.029 0.111 0.051 0.054 0.061 0.079 0.046;0.083 0.061 0.115 0.029 0.054 0.076 0.042 0.047 0.07 0.111 0.061 0.075 0.079 0.051 0.046;
0.119 0.046 0.121 0.055 0.068 0.058 0.046 0.037 0.037 0.092 0.049 0.066 0.095 0.066 0.045;0.119 0.046 0.058 0.046 0.037 0.121 0.055 0.068 0.037 0.092 0.049 0.066 0.066 0.095 0.045;0.119 0.058 0.121 0.037 0.066 0.046 0.046 0.037 0.055 0.092 0.066 0.068 0.095 0.049 0.045;
0.117 0.054 0.112 0.07 0.068 0.061 0.039 0.039 0.042 0.09 0.054 0.057 0.092 0.068 0.037;0.117 0.054 0.061 0.039 0.039 0.112 0.07 0.068 0.042 0.09 0.054 0.057 0.068 0.092 0.037;0.117 0.061 0.112 0.042 0.057 0.054 0.039 0.039 0.07 0.09 0.068 0.068 0.092 0.054 0.037;
0.101 0.06 0.091 0.078 0.073 0.066 0.038 0.039 0.027 0.108 0.084 0.06 0.078 0.065 0.032;0.101 0.06 0.066 0.038 0.039 0.091 0.078 0.073 0.027 0.108 0.084 0.06 0.065 0.078 0.032;0.101 0.066 0.091 0.027 0.06 0.06 0.038 0.039 0.078 0.108 0.065 0.073 0.078 0.084 0.032;
0.096 0.062 0.124 0.063 0.066 0.062 0.043 0.048 0.024 0.11 0.05 0.056 0.09 0.06 0.046;0.096 0.062 0.062 0.043 0.048 0.124 0.063 0.066 0.024 0.11 0.05 0.056 0.06 0.09 0.046;0.096 0.062 0.124 0.024 0.056 0.062 0.043 0.048 0.063 0.11 0.06 0.066 0.09 0.05 0.046;
0.104 0.059 0.121 0.066 0.091 0.055 0.036 0.053 0.027 0.103 0.045 0.06 0.084 0.071 0.025;0.104 0.059 0.055 0.036 0.053 0.121 0.066 0.091 0.027 0.103 0.045 0.06 0.071 0.084 0.025;0.104 0.055 0.121 0.027 0.06 0.059 0.036 0.053 0.066 0.103 0.071 0.091 0.084 0.045 0.025;
0.091 0.064 0.115 0.078 0.078 0.059 0.024 0.021 0.025 0.13 0.065 0.065 0.073 0.075 0.037;0.091 0.064 0.059 0.024 0.021 0.115 0.078 0.078 0.025 0.13 0.065 0.065 0.075 0.073 0.037;0.091 0.059 0.115 0.025 0.065 0.064 0.024 0.021 0.078 0.13 0.075 0.078 0.073 0.065 0.037;
0.116 0.041 0.094 0.06 0.084 0.061 0.052 0.041 0.032 0.1 0.051 0.062 0.089 0.072 0.045;0.116 0.041 0.061 0.052 0.041 0.094 0.06 0.084 0.032 0.1 0.051 0.062 0.072 0.089 0.045;0.116 0.061 0.094 0.032 0.062 0.041 0.052 0.041 0.06 0.1 0.072 0.084 0.089 0.051 0.045;
0.098 0.053 0.104 0.065 0.085 0.062 0.05 0.032 0.041 0.106 0.051 0.053 0.085 0.078 0.037;0.098 0.053 0.062 0.05 0.032 0.104 0.065 0.085 0.041 0.106 0.051 0.053 0.078 0.085 0.037;0.098 0.062 0.104 0.041 0.053 0.053 0.05 0.032 0.065 0.106 0.078 0.085 0.085 0.051 0.037;
0.114 0.05 0.117 0.073 0.074 0.049 0.038 0.05 0.03 0.127 0.046 0.046 0.072 0.071 0.043;0.114 0.05 0.049 0.038 0.05 0.117 0.073 0.074 0.03 0.127 0.046 0.046 0.071 0.072 0.043;0.114 0.049 0.117 0.03 0.046 0.05 0.038 0.05 0.073 0.127 0.071 0.074 0.072 0.046 0.043;
0.085 0.059 0.103 0.072 0.076 0.045 0.051 0.035 0.029 0.115 0.044 0.044 0.105 0.1 0.037;0.085 0.059 0.045 0.051 0.035 0.103 0.072 0.076 0.029 0.115 0.044 0.044 0.1 0.105 0.037;0.085 0.045 0.103 0.029 0.044 0.059 0.051 0.035 0.072 0.115 0.1 0.076 0.105 0.044 0.037;
0.086 0.06 0.111 0.057 0.086 0.053 0.046 0.043 0.038 0.117 0.05 0.05 0.082 0.079 0.042;0.086 0.06 0.053 0.046 0.043 0.111 0.057 0.086 0.038 0.117 0.05 0.05 0.079 0.082 0.042;0.086 0.053 0.111 0.038 0.05 0.06 0.046 0.043 0.057 0.117 0.079 0.086 0.082 0.05 0.042;
0.104 0.049 0.097 0.054 0.076 0.051 0.045 0.058 0.036 0.106 0.062 0.064 0.078 0.085 0.035;0.104 0.049 0.051 0.045 0.058 0.097 0.054 0.076 0.036 0.106 0.062 0.064 0.085 0.078 0.035;0.104 0.051 0.097 0.036 0.064 0.049 0.045 0.058 0.054 0.106 0.085 0.076 0.078 0.062 0.035;
0.096 0.067 0.091 0.063 0.076 0.05 0.05 0.042 0.029 0.129 0.052 0.048 0.108 0.068 0.031;0.096 0.067 0.05 0.05 0.042 0.091 0.063 0.076 0.029 0.129 0.052 0.048 0.068 0.108 0.031;0.096 0.05 0.091 0.029 0.048 0.067 0.05 0.042 0.063 0.129 0.068 0.076 0.108 0.052 0.031;
0.101 0.054 0.101 0.067 0.084 0.043 0.034 0.037 0.038 0.114 0.067 0.051 0.101 0.072 0.036;0.101 0.054 0.043 0.034 0.037 0.101 0.067 0.084 0.038 0.114 0.067 0.051 0.072 0.101 0.036;0.101 0.043 0.101 0.038 0.051 0.054 0.034 0.037 0.067 0.114 0.072 0.084 0.101 0.067 0.036;
0.111 0.061 0.098 0.061 0.073 0.052 0.047 0.046 0.036 0.104 0.06 0.042 0.101 0.078 0.03;0.111 0.061 0.052 0.047 0.046 0.098 0.061 0.073 0.036 0.104 0.06 0.042 0.078 0.101 0.03;0.111 0.052 0.098 0.036 0.042 0.061 0.047 0.046 0.061 0.104 0.078 0.073 0.101 0.06 0.03];