pntP=[0.12 0.072 0.104 0.086 0.067 0.066 0.036 0.051 0.027 0.11 0.041 0.042 0.065 0.084 0.029;0.12 0.072 0.066 0.036 0.051 0.104 0.086 0.067 0.027 0.11 0.041 0.042 0.084 0.065 0.029;0.12 0.066 0.104 0.027 0.042 0.072 0.036 0.051 0.086 0.11 0.084 0.067 0.065 0.041 0.029;
0.139 0.061 0.115 0.069 0.088 0.058 0.035 0.027 0.027 0.116 0.044 0.038 0.071 0.07 0.042;0.139 0.061 0.058 0.035 0.027 0.115 0.069 0.088 0.027 0.116 0.044 0.038 0.07 0.071 0.042;0.139 0.058 0.115 0.027 0.038 0.061 0.035 0.027 0.069 0.116 0.07 0.088 0.071 0.044 0.042;
0.138 0.072 0.11 0.082 0.077 0.071 0.035 0.036 0.024 0.103 0.039 0.052 0.061 0.068 0.032;0.138 0.072 0.071 0.035 0.036 0.11 0.082 0.077 0.024 0.103 0.039 0.052 0.068 0.061 0.032;0.138 0.071 0.11 0.024 0.052 0.072 0.035 0.036 0.082 0.103 0.068 0.077 0.061 0.039 0.032;
0.137 0.064 0.099 0.083 0.087 0.075 0.037 0.028 0.027 0.101 0.047 0.036 0.067 0.083 0.029;0.137 0.064 0.075 0.037 0.028 0.099 0.083 0.087 0.027 0.101 0.047 0.036 0.083 0.067 0.029;0.137 0.075 0.099 0.027 0.036 0.064 0.037 0.028 0.083 0.101 0.083 0.087 0.067 0.047 0.029;
0.145 0.078 0.117 0.084 0.069 0.062 0.026 0.031 0.029 0.128 0.037 0.04 0.054 0.078 0.022;0.145 0.078 0.062 0.026 0.031 0.117 0.084 0.069 0.029 0.128 0.037 0.04 0.078 0.054 0.022;0.145 0.062 0.117 0.029 0.04 0.078 0.026 0.031 0.084 0.128 0.078 0.069 0.054 0.037 0.022;
0.152 0.063 0.107 0.071 0.076 0.07 0.027 0.041 0.016 0.112 0.044 0.034 0.067 0.078 0.042;0.152 0.063 0.07 0.027 0.041 0.107 0.071 0.076 0.016 0.112 0.044 0.034 0.078 0.067 0.042;0.152 0.07 0.107 0.016 0.034 0.063 0.027 0.041 0.071 0.112 0.078 0.076 0.067 0.044 0.042;
0.145 0.083 0.09 0.076 0.075 0.069 0.033 0.026 0.027 0.117 0.049 0.044 0.063 0.077 0.026;0.145 0.083 0.069 0.033 0.026 0.09 0.076 0.075 0.027 0.117 0.049 0.044 0.077 0.063 0.026;0.145 0.069 0.09 0.027 0.044 0.083 0.033 0.026 0.076 0.117 0.077 0.075 0.063 0.049 0.026;
0.133 0.075 0.089 0.081 0.072 0.068 0.03 0.038 0.031 0.114 0.048 0.05 0.057 0.077 0.037;0.133 0.075 0.068 0.03 0.038 0.089 0.081 0.072 0.031 0.114 0.048 0.05 0.077 0.057 0.037;0.133 0.068 0.089 0.031 0.05 0.075 0.03 0.038 0.081 0.114 0.077 0.072 0.057 0.048 0.037;
0.15 0.075 0.107 0.056 0.063 0.069 0.042 0.029 0.04 0.096 0.053 0.051 0.071 0.065 0.033;0.15 0.075 0.069 0.042 0.029 0.107 0.056 0.063 0.04 0.096 0.053 0.051 0.065 0.071 0.033;0.15 0.069 0.107 0.04 0.051 0.075 0.042 0.029 0.056 0.096 0.065 0.063 0.071 0.053 0.033;
0.123 0.079 0.121 0.073 0.055 0.057 0.042 0.036 0.03 0.122 0.049 0.055 0.053 0.068 0.037;0.123 0.079 0.057 0.042 0.036 0.121 0.073 0.055 0.03 0.122 0.049 0.055 0.068 0.053 0.037;0.123 0.057 0.121 0.03 0.055 0.079 0.042 0.036 0.073 0.122 0.068 0.055 0.053 0.049 0.037;
0.149 0.066 0.109 0.08 0.073 0.06 0.044 0.044 0.039 0.086 0.043 0.051 0.063 0.069 0.024;0.149 0.066 0.06 0.044 0.044 0.109 0.08 0.073 0.039 0.086 0.043 0.051 0.069 0.063 0.024;0.149 0.06 0.109 0.039 0.051 0.066 0.044 0.044 0.08 0.086 0.069 0.073 0.063 0.043 0.024;
0.136 0.073 0.089 0.082 0.075 0.069 0.033 0.038 0.029 0.108 0.044 0.047 0.064 0.076 0.037;0.136 0.073 0.069 0.033 0.038 0.089 0.082 0.075 0.029 0.108 0.044 0.047 0.076 0.064 0.037;0.136 0.069 0.089 0.029 0.047 0.073 0.033 0.038 0.082 0.108 0.076 0.075 0.064 0.044 0.037;
0.14 0.088 0.097 0.076 0.079 0.063 0.028 0.04 0.03 0.106 0.044 0.047 0.066 0.065 0.031;0.14 0.088 0.063 0.028 0.04 0.097 0.076 0.079 0.03 0.106 0.044 0.047 0.065 0.066 0.031;0.14 0.063 0.097 0.03 0.047 0.088 0.028 0.04 0.076 0.106 0.065 0.079 0.066 0.044 0.031;
0.163 0.068 0.11 0.064 0.075 0.069 0.038 0.034 0.026 0.103 0.044 0.046 0.072 0.056 0.032;0.163 0.068 0.069 0.038 0.034 0.11 0.064 0.075 0.026 0.103 0.044 0.046 0.056 0.072 0.032;0.163 0.069 0.11 0.026 0.046 0.068 0.038 0.034 0.064 0.103 0.056 0.075 0.072 0.044 0.032;
0.153 0.078 0.103 0.085 0.069 0.074 0.036 0.035 0.025 0.089 0.042 0.036 0.074 0.071 0.03;0.153 0.078 0.074 0.036 0.035 0.103 0.085 0.069 0.025 0.089 0.042 0.036 0.071 0.074 0.03;0.153 0.074 0.103 0.025 0.036 0.078 0.036 0.035 0.085 0.089 0.071 0.069 0.074 0.042 0.03;
0.15 0.075 0.1 0.079 0.069 0.072 0.027 0.032 0.032 0.087 0.057 0.046 0.07 0.071 0.033;0.15 0.075 0.072 0.027 0.032 0.1 0.079 0.069 0.032 0.087 0.057 0.046 0.071 0.07 0.033;0.15 0.072 0.1 0.032 0.046 0.075 0.027 0.032 0.079 0.087 0.071 0.069 0.07 0.057 0.033;
0.145 0.069 0.112 0.074 0.075 0.065 0.033 0.045 0.031 0.111 0.04 0.039 0.048 0.077 0.036;0.145 0.069 0.065 0.033 0.045 0.112 0.074 0.075 0.031 0.111 0.04 0.039 0.077 0.048 0.036;0.145 0.065 0.112 0.031 0.039 0.069 0.033 0.045 0.074 0.111 0.077 0.075 0.048 0.04 0.036;
0.134 0.066 0.114 0.079 0.063 0.071 0.031 0.041 0.036 0.107 0.051 0.046 0.063 0.079 0.019;0.134 0.066 0.071 0.031 0.041 0.114 0.079 0.063 0.036 0.107 0.051 0.046 0.079 0.063 0.019;0.134 0.071 0.114 0.036 0.046 0.066 0.031 0.041 0.079 0.107 0.079 0.063 0.063 0.051 0.019;
0.133 0.072 0.114 0.067 0.078 0.072 0.028 0.031 0.03 0.115 0.04 0.051 0.068 0.07 0.031;0.133 0.072 0.072 0.028 0.031 0.114 0.067 0.078 0.03 0.115 0.04 0.051 0.07 0.068 0.031;0.133 0.072 0.114 0.03 0.051 0.072 0.028 0.031 0.067 0.115 0.07 0.078 0.068 0.04 0.031;
0.132 0.062 0.088 0.08 0.082 0.068 0.037 0.039 0.023 0.117 0.043 0.05 0.061 0.08 0.038;0.132 0.062 0.068 0.037 0.039 0.088 0.08 0.082 0.023 0.117 0.043 0.05 0.08 0.061 0.038;0.132 0.068 0.088 0.023 0.05 0.062 0.037 0.039 0.08 0.117 0.08 0.082 0.061 0.043 0.038;
0.127 0.063 0.104 0.082 0.058 0.058 0.034 0.044 0.033 0.115 0.048 0.049 0.071 0.071 0.043;0.127 0.063 0.058 0.034 0.044 0.104 0.082 0.058 0.033 0.115 0.048 0.049 0.071 0.071 0.043;0.127 0.058 0.104 0.033 0.049 0.063 0.034 0.044 0.082 0.115 0.071 0.058 0.071 0.048 0.043;
0.174 0.063 0.095 0.078 0.067 0.058 0.044 0.034 0.029 0.106 0.04 0.034 0.076 0.071 0.031;0.174 0.063 0.058 0.044 0.034 0.095 0.078 0.067 0.029 0.106 0.04 0.034 0.071 0.076 0.031;0.174 0.058 0.095 0.029 0.034 0.063 0.044 0.034 0.078 0.106 0.071 0.067 0.076 0.04 0.031;
0.121 0.059 0.104 0.092 0.082 0.078 0.035 0.037 0.02 0.102 0.042 0.048 0.082 0.073 0.025;0.121 0.059 0.078 0.035 0.037 0.104 0.092 0.082 0.02 0.102 0.042 0.048 0.073 0.082 0.025;0.121 0.078 0.104 0.02 0.048 0.059 0.035 0.037 0.092 0.102 0.073 0.082 0.082 0.042 0.025;
0.136 0.055 0.109 0.1 0.073 0.072 0.039 0.037 0.028 0.1 0.05 0.051 0.067 0.052 0.031;0.136 0.055 0.072 0.039 0.037 0.109 0.1 0.073 0.028 0.1 0.05 0.051 0.052 0.067 0.031;0.136 0.072 0.109 0.028 0.051 0.055 0.039 0.037 0.1 0.1 0.052 0.073 0.067 0.05 0.031;
0.123 0.069 0.115 0.086 0.074 0.066 0.03 0.046 0.022 0.122 0.046 0.039 0.059 0.076 0.027;0.123 0.069 0.066 0.03 0.046 0.115 0.086 0.074 0.022 0.122 0.046 0.039 0.076 0.059 0.027;0.123 0.066 0.115 0.022 0.039 0.069 0.03 0.046 0.086 0.122 0.076 0.074 0.059 0.046 0.027;
0.134 0.071 0.113 0.067 0.083 0.076 0.038 0.038 0.03 0.092 0.045 0.05 0.066 0.069 0.028;0.134 0.071 0.076 0.038 0.038 0.113 0.067 0.083 0.03 0.092 0.045 0.05 0.069 0.066 0.028;0.134 0.076 0.113 0.03 0.05 0.071 0.038 0.038 0.067 0.092 0.069 0.083 0.066 0.045 0.028;
0.154 0.073 0.094 0.087 0.068 0.067 0.043 0.031 0.033 0.106 0.045 0.044 0.058 0.069 0.028;0.154 0.073 0.067 0.043 0.031 0.094 0.087 0.068 0.033 0.106 0.045 0.044 0.069 0.058 0.028;0.154 0.067 0.094 0.033 0.044 0.073 0.043 0.031 0.087 0.106 0.069 0.068 0.058 0.045 0.028;
0.139 0.064 0.115 0.073 0.072 0.076 0.035 0.039 0.021 0.125 0.044 0.042 0.062 0.059 0.034;0.139 0.064 0.076 0.035 0.039 0.115 0.073 0.072 0.021 0.125 0.044 0.042 0.059 0.062 0.034;0.139 0.076 0.115 0.021 0.042 0.064 0.035 0.039 0.073 0.125 0.059 0.072 0.062 0.044 0.034;
0.143 0.073 0.099 0.082 0.078 0.062 0.034 0.037 0.029 0.099 0.044 0.046 0.064 0.078 0.032;0.143 0.073 0.062 0.034 0.037 0.099 0.082 0.078 0.029 0.099 0.044 0.046 0.078 0.064 0.032;0.143 0.062 0.099 0.029 0.046 0.073 0.034 0.037 0.082 0.099 0.078 0.078 0.064 0.044 0.032;
0.148 0.071 0.118 0.066 0.061 0.068 0.036 0.038 0.019 0.113 0.048 0.042 0.065 0.08 0.027;0.148 0.071 0.068 0.036 0.038 0.118 0.066 0.061 0.019 0.113 0.048 0.042 0.08 0.065 0.027;0.148 0.068 0.118 0.019 0.042 0.071 0.036 0.038 0.066 0.113 0.08 0.061 0.065 0.048 0.027;
0.14 0.067 0.11 0.085 0.075 0.057 0.035 0.041 0.036 0.105 0.04 0.045 0.065 0.065 0.034;0.14 0.067 0.057 0.035 0.041 0.11 0.085 0.075 0.036 0.105 0.04 0.045 0.065 0.065 0.034;0.14 0.057 0.11 0.036 0.045 0.067 0.035 0.041 0.085 0.105 0.065 0.075 0.065 0.04 0.034;
0.133 0.062 0.107 0.071 0.076 0.062 0.037 0.045 0.039 0.106 0.044 0.041 0.063 0.08 0.034;0.133 0.062 0.062 0.037 0.045 0.107 0.071 0.076 0.039 0.106 0.044 0.041 0.08 0.063 0.034;0.133 0.062 0.107 0.039 0.041 0.062 0.037 0.045 0.071 0.106 0.08 0.076 0.063 0.044 0.034;
0.145 0.061 0.115 0.071 0.069 0.063 0.025 0.048 0.027 0.1 0.053 0.057 0.06 0.069 0.037;0.145 0.061 0.063 0.025 0.048 0.115 0.071 0.069 0.027 0.1 0.053 0.057 0.069 0.06 0.037;0.145 0.063 0.115 0.027 0.057 0.061 0.025 0.048 0.071 0.1 0.069 0.069 0.06 0.053 0.037;
0.127 0.077 0.109 0.071 0.067 0.086 0.028 0.048 0.031 0.115 0.048 0.049 0.056 0.065 0.023;0.127 0.077 0.086 0.028 0.048 0.109 0.071 0.067 0.031 0.115 0.048 0.049 0.065 0.056 0.023;0.127 0.086 0.109 0.031 0.049 0.077 0.028 0.048 0.071 0.115 0.065 0.067 0.056 0.048 0.023;
0.134 0.079 0.098 0.076 0.065 0.062 0.033 0.037 0.032 0.102 0.049 0.048 0.064 0.087 0.034;0.134 0.079 0.062 0.033 0.037 0.098 0.076 0.065 0.032 0.102 0.049 0.048 0.087 0.064 0.034;0.134 0.062 0.098 0.032 0.048 0.079 0.033 0.037 0.076 0.102 0.087 0.065 0.064 0.049 0.034;
0.14 0.078 0.107 0.071 0.07 0.067 0.031 0.033 0.035 0.104 0.048 0.043 0.055 0.089 0.029;0.14 0.078 0.067 0.031 0.033 0.107 0.071 0.07 0.035 0.104 0.048 0.043 0.089 0.055 0.029;0.14 0.067 0.107 0.035 0.043 0.078 0.031 0.033 0.071 0.104 0.089 0.07 0.055 0.048 0.029;
0.141 0.075 0.105 0.09 0.077 0.066 0.026 0.039 0.037 0.108 0.038 0.044 0.054 0.067 0.033;0.141 0.075 0.066 0.026 0.039 0.105 0.09 0.077 0.037 0.108 0.038 0.044 0.067 0.054 0.033;0.141 0.066 0.105 0.037 0.044 0.075 0.026 0.039 0.09 0.108 0.067 0.077 0.054 0.038 0.033;
0.134 0.076 0.097 0.074 0.076 0.064 0.04 0.04 0.034 0.13 0.039 0.049 0.057 0.06 0.03;0.134 0.076 0.064 0.04 0.04 0.097 0.074 0.076 0.034 0.13 0.039 0.049 0.06 0.057 0.03;0.134 0.064 0.097 0.034 0.049 0.076 0.04 0.04 0.074 0.13 0.06 0.076 0.057 0.039 0.03;
0.156 0.063 0.108 0.082 0.086 0.065 0.03 0.03 0.031 0.098 0.041 0.034 0.057 0.093 0.026;0.156 0.063 0.065 0.03 0.03 0.108 0.082 0.086 0.031 0.098 0.041 0.034 0.093 0.057 0.026;0.156 0.065 0.108 0.031 0.034 0.063 0.03 0.03 0.082 0.098 0.093 0.086 0.057 0.041 0.026;
0.13 0.063 0.11 0.089 0.085 0.061 0.023 0.034 0.028 0.121 0.044 0.04 0.063 0.071 0.038;0.13 0.063 0.061 0.023 0.034 0.11 0.089 0.085 0.028 0.121 0.044 0.04 0.071 0.063 0.038;0.13 0.061 0.11 0.028 0.04 0.063 0.023 0.034 0.089 0.121 0.071 0.085 0.063 0.044 0.038;
0.14 0.066 0.099 0.075 0.081 0.07 0.042 0.039 0.019 0.093 0.045 0.05 0.056 0.096 0.029;0.14 0.066 0.07 0.042 0.039 0.099 0.075 0.081 0.019 0.093 0.045 0.05 0.096 0.056 0.029;0.14 0.07 0.099 0.019 0.05 0.066 0.042 0.039 0.075 0.093 0.096 0.081 0.056 0.045 0.029;
0.139 0.061 0.102 0.08 0.075 0.064 0.039 0.04 0.032 0.128 0.049 0.044 0.056 0.062 0.029;0.139 0.061 0.064 0.039 0.04 0.102 0.08 0.075 0.032 0.128 0.049 0.044 0.062 0.056 0.029;0.139 0.064 0.102 0.032 0.044 0.061 0.039 0.04 0.08 0.128 0.062 0.075 0.056 0.049 0.029;
0.137 0.052 0.099 0.075 0.088 0.081 0.033 0.055 0.033 0.095 0.043 0.047 0.059 0.073 0.03;0.137 0.052 0.081 0.033 0.055 0.099 0.075 0.088 0.033 0.095 0.043 0.047 0.073 0.059 0.03;0.137 0.081 0.099 0.033 0.047 0.052 0.033 0.055 0.075 0.095 0.073 0.088 0.059 0.043 0.03;
0.158 0.076 0.113 0.085 0.06 0.071 0.031 0.039 0.029 0.09 0.048 0.039 0.058 0.074 0.029;0.158 0.076 0.071 0.031 0.039 0.113 0.085 0.06 0.029 0.09 0.048 0.039 0.074 0.058 0.029;0.158 0.071 0.113 0.029 0.039 0.076 0.031 0.039 0.085 0.09 0.074 0.06 0.058 0.048 0.029;
0.134 0.059 0.104 0.084 0.07 0.069 0.037 0.035 0.028 0.108 0.057 0.049 0.06 0.07 0.036;0.134 0.059 0.069 0.037 0.035 0.104 0.084 0.07 0.028 0.108 0.057 0.049 0.07 0.06 0.036;0.134 0.069 0.104 0.028 0.049 0.059 0.037 0.035 0.084 0.108 0.07 0.07 0.06 0.057 0.036;
0.131 0.071 0.106 0.074 0.077 0.084 0.038 0.039 0.03 0.122 0.038 0.04 0.053 0.074 0.023;0.131 0.071 0.084 0.038 0.039 0.106 0.074 0.077 0.03 0.122 0.038 0.04 0.074 0.053 0.023;0.131 0.084 0.106 0.03 0.04 0.071 0.038 0.039 0.074 0.122 0.074 0.077 0.053 0.038 0.023;
0.125 0.055 0.122 0.074 0.073 0.072 0.038 0.037 0.024 0.123 0.05 0.035 0.072 0.071 0.029;0.125 0.055 0.072 0.038 0.037 0.122 0.074 0.073 0.024 0.123 0.05 0.035 0.071 0.072 0.029;0.125 0.072 0.122 0.024 0.035 0.055 0.038 0.037 0.074 0.123 0.071 0.073 0.072 0.05 0.029;
0.154 0.059 0.11 0.085 0.068 0.069 0.028 0.039 0.027 0.105 0.046 0.052 0.051 0.077 0.03;0.154 0.059 0.069 0.028 0.039 0.11 0.085 0.068 0.027 0.105 0.046 0.052 0.077 0.051 0.03;0.154 0.069 0.11 0.027 0.052 0.059 0.028 0.039 0.085 0.105 0.077 0.068 0.051 0.046 0.03;
0.139 0.071 0.121 0.077 0.072 0.065 0.034 0.03 0.021 0.107 0.051 0.037 0.053 0.074 0.048;0.139 0.071 0.065 0.034 0.03 0.121 0.077 0.072 0.021 0.107 0.051 0.037 0.074 0.053 0.048;0.139 0.065 0.121 0.021 0.037 0.071 0.034 0.03 0.077 0.107 0.074 0.072 0.053 0.051 0.048;
0.131 0.078 0.127 0.077 0.066 0.075 0.038 0.04 0.017 0.109 0.042 0.045 0.055 0.07 0.03;0.131 0.078 0.075 0.038 0.04 0.127 0.077 0.066 0.017 0.109 0.042 0.045 0.07 0.055 0.03;0.131 0.075 0.127 0.017 0.045 0.078 0.038 0.04 0.077 0.109 0.07 0.066 0.055 0.042 0.03;
0.126 0.062 0.138 0.076 0.077 0.067 0.025 0.035 0.03 0.122 0.042 0.046 0.058 0.074 0.022;0.126 0.062 0.067 0.025 0.035 0.138 0.076 0.077 0.03 0.122 0.042 0.046 0.074 0.058 0.022;0.126 0.067 0.138 0.03 0.046 0.062 0.025 0.035 0.076 0.122 0.074 0.077 0.058 0.042 0.022;
0.129 0.063 0.109 0.09 0.068 0.074 0.027 0.034 0.027 0.118 0.043 0.04 0.065 0.079 0.034;0.129 0.063 0.074 0.027 0.034 0.109 0.09 0.068 0.027 0.118 0.043 0.04 0.079 0.065 0.034;0.129 0.074 0.109 0.027 0.04 0.063 0.027 0.034 0.09 0.118 0.079 0.068 0.065 0.043 0.034;
0.131 0.068 0.112 0.062 0.067 0.073 0.038 0.03 0.036 0.123 0.045 0.049 0.05 0.077 0.039;0.131 0.068 0.073 0.038 0.03 0.112 0.062 0.067 0.036 0.123 0.045 0.049 0.077 0.05 0.039;0.131 0.073 0.112 0.036 0.049 0.068 0.038 0.03 0.062 0.123 0.077 0.067 0.05 0.045 0.039;
0.12 0.086 0.096 0.068 0.063 0.07 0.035 0.041 0.027 0.12 0.061 0.036 0.068 0.076 0.033;0.12 0.086 0.07 0.035 0.041 0.096 0.068 0.063 0.027 0.12 0.061 0.036 0.076 0.068 0.033;0.12 0.07 0.096 0.027 0.036 0.086 0.035 0.041 0.068 0.12 0.076 0.063 0.068 0.061 0.033;
0.14 0.073 0.123 0.063 0.073 0.075 0.029 0.038 0.027 0.111 0.057 0.042 0.06 0.064 0.025;0.14 0.073 0.075 0.029 0.038 0.123 0.063 0.073 0.027 0.111 0.057 0.042 0.064 0.06 0.025;0.14 0.075 0.123 0.027 0.042 0.073 0.029 0.038 0.063 0.111 0.064 0.073 0.06 0.057 0.025;
0.145 0.072 0.113 0.086 0.062 0.069 0.039 0.041 0.033 0.1 0.045 0.041 0.063 0.061 0.03;0.145 0.072 0.069 0.039 0.041 0.113 0.086 0.062 0.033 0.1 0.045 0.041 0.061 0.063 0.03;0.145 0.069 0.113 0.033 0.041 0.072 0.039 0.041 0.086 0.1 0.061 0.062 0.063 0.045 0.03;
0.153 0.073 0.117 0.068 0.059 0.071 0.026 0.032 0.031 0.105 0.041 0.043 0.066 0.085 0.03;0.153 0.073 0.071 0.026 0.032 0.117 0.068 0.059 0.031 0.105 0.041 0.043 0.085 0.066 0.03;0.153 0.071 0.117 0.031 0.043 0.073 0.026 0.032 0.068 0.105 0.085 0.059 0.066 0.041 0.03;
0.154 0.067 0.086 0.104 0.063 0.067 0.04 0.042 0.037 0.106 0.042 0.038 0.063 0.062 0.029;0.154 0.067 0.067 0.04 0.042 0.086 0.104 0.063 0.037 0.106 0.042 0.038 0.062 0.063 0.029;0.154 0.067 0.086 0.037 0.038 0.067 0.04 0.042 0.104 0.106 0.062 0.063 0.063 0.042 0.029;
0.132 0.056 0.093 0.072 0.081 0.081 0.033 0.052 0.031 0.096 0.048 0.047 0.063 0.083 0.032;0.132 0.056 0.081 0.033 0.052 0.093 0.072 0.081 0.031 0.096 0.048 0.047 0.083 0.063 0.032;0.132 0.081 0.093 0.031 0.047 0.056 0.033 0.052 0.072 0.096 0.083 0.081 0.063 0.048 0.032;
0.138 0.062 0.131 0.058 0.072 0.067 0.032 0.036 0.039 0.1 0.047 0.052 0.06 0.07 0.036;0.138 0.062 0.067 0.032 0.036 0.131 0.058 0.072 0.039 0.1 0.047 0.052 0.07 0.06 0.036;0.138 0.067 0.131 0.039 0.052 0.062 0.032 0.036 0.058 0.1 0.07 0.072 0.06 0.047 0.036;
0.143 0.063 0.108 0.069 0.064 0.062 0.034 0.032 0.035 0.116 0.05 0.035 0.07 0.083 0.036;0.143 0.063 0.062 0.034 0.032 0.108 0.069 0.064 0.035 0.116 0.05 0.035 0.083 0.07 0.036;0.143 0.062 0.108 0.035 0.035 0.063 0.034 0.032 0.069 0.116 0.083 0.064 0.07 0.05 0.036;
0.144 0.074 0.113 0.082 0.068 0.067 0.033 0.052 0.028 0.111 0.044 0.041 0.047 0.069 0.027;0.144 0.074 0.067 0.033 0.052 0.113 0.082 0.068 0.028 0.111 0.044 0.041 0.069 0.047 0.027;0.144 0.067 0.113 0.028 0.041 0.074 0.033 0.052 0.082 0.111 0.069 0.068 0.047 0.044 0.027;
0.139 0.061 0.128 0.068 0.086 0.059 0.04 0.041 0.029 0.114 0.038 0.034 0.073 0.066 0.024;0.139 0.061 0.059 0.04 0.041 0.128 0.068 0.086 0.029 0.114 0.038 0.034 0.066 0.073 0.024;0.139 0.059 0.128 0.029 0.034 0.061 0.04 0.041 0.068 0.114 0.066 0.086 0.073 0.038 0.024;
0.139 0.074 0.088 0.076 0.075 0.066 0.035 0.03 0.034 0.127 0.04 0.039 0.062 0.076 0.039;0.139 0.074 0.066 0.035 0.03 0.088 0.076 0.075 0.034 0.127 0.04 0.039 0.076 0.062 0.039;0.139 0.066 0.088 0.034 0.039 0.074 0.035 0.03 0.076 0.127 0.076 0.075 0.062 0.04 0.039;
0.128 0.071 0.106 0.081 0.068 0.09 0.033 0.04 0.031 0.115 0.04 0.047 0.054 0.073 0.023;0.128 0.071 0.09 0.033 0.04 0.106 0.081 0.068 0.031 0.115 0.04 0.047 0.073 0.054 0.023;0.128 0.09 0.106 0.031 0.047 0.071 0.033 0.04 0.081 0.115 0.073 0.068 0.054 0.04 0.023;
0.146 0.072 0.113 0.078 0.08 0.072 0.04 0.045 0.024 0.095 0.041 0.039 0.064 0.063 0.028;0.146 0.072 0.072 0.04 0.045 0.113 0.078 0.08 0.024 0.095 0.041 0.039 0.063 0.064 0.028;0.146 0.072 0.113 0.024 0.039 0.072 0.04 0.045 0.078 0.095 0.063 0.08 0.064 0.041 0.028;
0.114 0.073 0.112 0.08 0.076 0.073 0.035 0.034 0.023 0.12 0.052 0.047 0.064 0.065 0.032;0.114 0.073 0.073 0.035 0.034 0.112 0.08 0.076 0.023 0.12 0.052 0.047 0.065 0.064 0.032;0.114 0.073 0.112 0.023 0.047 0.073 0.035 0.034 0.08 0.12 0.065 0.076 0.064 0.052 0.032;
0.144 0.067 0.121 0.09 0.075 0.06 0.026 0.036 0.022 0.098 0.044 0.041 0.07 0.076 0.03;0.144 0.067 0.06 0.026 0.036 0.121 0.09 0.075 0.022 0.098 0.044 0.041 0.076 0.07 0.03;0.144 0.06 0.121 0.022 0.041 0.067 0.026 0.036 0.09 0.098 0.076 0.075 0.07 0.044 0.03;
0.145 0.063 0.107 0.095 0.071 0.068 0.036 0.034 0.029 0.12 0.037 0.036 0.068 0.063 0.028;0.145 0.063 0.068 0.036 0.034 0.107 0.095 0.071 0.029 0.12 0.037 0.036 0.063 0.068 0.028;0.145 0.068 0.107 0.029 0.036 0.063 0.036 0.034 0.095 0.12 0.063 0.071 0.068 0.037 0.028;
0.137 0.063 0.102 0.086 0.073 0.081 0.038 0.041 0.026 0.091 0.04 0.035 0.068 0.073 0.046;0.137 0.063 0.081 0.038 0.041 0.102 0.086 0.073 0.026 0.091 0.04 0.035 0.073 0.068 0.046;0.137 0.081 0.102 0.026 0.035 0.063 0.038 0.041 0.086 0.091 0.073 0.073 0.068 0.04 0.046;
0.13 0.064 0.106 0.082 0.086 0.068 0.038 0.031 0.023 0.12 0.049 0.045 0.063 0.071 0.024;0.13 0.064 0.068 0.038 0.031 0.106 0.082 0.086 0.023 0.12 0.049 0.045 0.071 0.063 0.024;0.13 0.068 0.106 0.023 0.045 0.064 0.038 0.031 0.082 0.12 0.071 0.086 0.063 0.049 0.024;
0.147 0.068 0.107 0.079 0.076 0.082 0.029 0.044 0.028 0.108 0.043 0.039 0.053 0.067 0.03;0.147 0.068 0.082 0.029 0.044 0.107 0.079 0.076 0.028 0.108 0.043 0.039 0.067 0.053 0.03;0.147 0.082 0.107 0.028 0.039 0.068 0.029 0.044 0.079 0.108 0.067 0.076 0.053 0.043 0.03;
0.127 0.084 0.107 0.075 0.078 0.059 0.036 0.03 0.04 0.113 0.042 0.044 0.065 0.066 0.034;0.127 0.084 0.059 0.036 0.03 0.107 0.075 0.078 0.04 0.113 0.042 0.044 0.066 0.065 0.034;0.127 0.059 0.107 0.04 0.044 0.084 0.036 0.03 0.075 0.113 0.066 0.078 0.065 0.042 0.034;
0.116 0.067 0.127 0.08 0.082 0.06 0.036 0.026 0.033 0.118 0.049 0.051 0.05 0.082 0.023;0.116 0.067 0.06 0.036 0.026 0.127 0.08 0.082 0.033 0.118 0.049 0.051 0.082 0.05 0.023;0.116 0.06 0.127 0.033 0.051 0.067 0.036 0.026 0.08 0.118 0.082 0.082 0.05 0.049 0.023;
0.141 0.083 0.102 0.08 0.069 0.063 0.037 0.035 0.025 0.111 0.042 0.043 0.072 0.067 0.03;0.141 0.083 0.063 0.037 0.035 0.102 0.08 0.069 0.025 0.111 0.042 0.043 0.067 0.072 0.03;0.141 0.063 0.102 0.025 0.043 0.083 0.037 0.035 0.08 0.111 0.067 0.069 0.072 0.042 0.03;
0.134 0.076 0.111 0.072 0.084 0.066 0.022 0.039 0.027 0.095 0.059 0.053 0.057 0.074 0.031;0.134 0.076 0.066 0.022 0.039 0.111 0.072 0.084 0.027 0.095 0.059 0.053 0.074 0.057 0.031;0.134 0.066 0.111 0.027 0.053 0.076 0.022 0.039 0.072 0.095 0.074 0.084 0.057 0.059 0.031;
0.128 0.072 0.11 0.076 0.057 0.069 0.044 0.041 0.029 0.103 0.05 0.049 0.064 0.076 0.032;0.128 0.072 0.069 0.044 0.041 0.11 0.076 0.057 0.029 0.103 0.05 0.049 0.076 0.064 0.032;0.128 0.069 0.11 0.029 0.049 0.072 0.044 0.041 0.076 0.103 0.076 0.057 0.064 0.05 0.032;
0.138 0.069 0.11 0.086 0.074 0.052 0.034 0.04 0.033 0.095 0.045 0.05 0.053 0.09 0.031;0.138 0.069 0.052 0.034 0.04 0.11 0.086 0.074 0.033 0.095 0.045 0.05 0.09 0.053 0.031;0.138 0.052 0.11 0.033 0.05 0.069 0.034 0.04 0.086 0.095 0.09 0.074 0.053 0.045 0.031;
0.132 0.061 0.104 0.082 0.076 0.088 0.034 0.044 0.04 0.103 0.036 0.049 0.054 0.063 0.034;0.132 0.061 0.088 0.034 0.044 0.104 0.082 0.076 0.04 0.103 0.036 0.049 0.063 0.054 0.034;0.132 0.088 0.104 0.04 0.049 0.061 0.034 0.044 0.082 0.103 0.063 0.076 0.054 0.036 0.034;
0.139 0.071 0.096 0.086 0.064 0.071 0.042 0.042 0.023 0.106 0.039 0.05 0.058 0.073 0.04;0.139 0.071 0.071 0.042 0.042 0.096 0.086 0.064 0.023 0.106 0.039 0.05 0.073 0.058 0.04;0.139 0.071 0.096 0.023 0.05 0.071 0.042 0.042 0.086 0.106 0.073 0.064 0.058 0.039 0.04;
0.14 0.069 0.125 0.079 0.09 0.082 0.029 0.031 0.027 0.094 0.038 0.035 0.058 0.069 0.034;0.14 0.069 0.082 0.029 0.031 0.125 0.079 0.09 0.027 0.094 0.038 0.035 0.069 0.058 0.034;0.14 0.082 0.125 0.027 0.035 0.069 0.029 0.031 0.079 0.094 0.069 0.09 0.058 0.038 0.034;
0.13 0.064 0.101 0.086 0.086 0.088 0.042 0.034 0.02 0.092 0.05 0.055 0.055 0.073 0.024;0.13 0.064 0.088 0.042 0.034 0.101 0.086 0.086 0.02 0.092 0.05 0.055 0.073 0.055 0.024;0.13 0.088 0.101 0.02 0.055 0.064 0.042 0.034 0.086 0.092 0.073 0.086 0.055 0.05 0.024;
0.137 0.07 0.1 0.09 0.084 0.058 0.029 0.04 0.029 0.113 0.042 0.046 0.053 0.075 0.034;0.137 0.07 0.058 0.029 0.04 0.1 0.09 0.084 0.029 0.113 0.042 0.046 0.075 0.053 0.034;0.137 0.058 0.1 0.029 0.046 0.07 0.029 0.04 0.09 0.113 0.075 0.084 0.053 0.042 0.034;
0.127 0.069 0.096 0.07 0.073 0.079 0.039 0.03 0.039 0.093 0.045 0.061 0.063 0.081 0.035;0.127 0.069 0.079 0.039 0.03 0.096 0.07 0.073 0.039 0.093 0.045 0.061 0.081 0.063 0.035;0.127 0.079 0.096 0.039 0.061 0.069 0.039 0.03 0.07 0.093 0.081 0.073 0.063 0.045 0.035;
0.138 0.06 0.1 0.084 0.072 0.059 0.032 0.043 0.024 0.099 0.055 0.054 0.064 0.082 0.034;0.138 0.06 0.059 0.032 0.043 0.1 0.084 0.072 0.024 0.099 0.055 0.054 0.082 0.064 0.034;0.138 0.059 0.1 0.024 0.054 0.06 0.032 0.043 0.084 0.099 0.082 0.072 0.064 0.055 0.034;
0.139 0.068 0.109 0.089 0.086 0.061 0.039 0.032 0.039 0.089 0.045 0.044 0.061 0.066 0.033;0.139 0.068 0.061 0.039 0.032 0.109 0.089 0.086 0.039 0.089 0.045 0.044 0.066 0.061 0.033;0.139 0.061 0.109 0.039 0.044 0.068 0.039 0.032 0.089 0.089 0.066 0.086 0.061 0.045 0.033;
0.128 0.072 0.091 0.087 0.068 0.09 0.03 0.031 0.034 0.093 0.045 0.044 0.072 0.08 0.035;0.128 0.072 0.09 0.03 0.031 0.091 0.087 0.068 0.034 0.093 0.045 0.044 0.08 0.072 0.035;0.128 0.09 0.091 0.034 0.044 0.072 0.03 0.031 0.087 0.093 0.08 0.068 0.072 0.045 0.035;
0.132 0.083 0.112 0.074 0.076 0.06 0.03 0.026 0.029 0.129 0.039 0.04 0.067 0.069 0.034;0.132 0.083 0.06 0.03 0.026 0.112 0.074 0.076 0.029 0.129 0.039 0.04 0.069 0.067 0.034;0.132 0.06 0.112 0.029 0.04 0.083 0.03 0.026 0.074 0.129 0.069 0.076 0.067 0.039 0.034;
0.139 0.068 0.104 0.084 0.071 0.068 0.035 0.039 0.02 0.127 0.041 0.052 0.053 0.073 0.026;0.139 0.068 0.068 0.035 0.039 0.104 0.084 0.071 0.02 0.127 0.041 0.052 0.073 0.053 0.026;0.139 0.068 0.104 0.02 0.052 0.068 0.035 0.039 0.084 0.127 0.073 0.071 0.053 0.041 0.026;
0.144 0.075 0.108 0.074 0.085 0.057 0.034 0.035 0.024 0.122 0.04 0.049 0.055 0.074 0.024;0.144 0.075 0.057 0.034 0.035 0.108 0.074 0.085 0.024 0.122 0.04 0.049 0.074 0.055 0.024;0.144 0.057 0.108 0.024 0.049 0.075 0.034 0.035 0.074 0.122 0.074 0.085 0.055 0.04 0.024;
0.148 0.075 0.101 0.088 0.06 0.07 0.035 0.044 0.027 0.112 0.043 0.035 0.067 0.066 0.029;0.148 0.075 0.07 0.035 0.044 0.101 0.088 0.06 0.027 0.112 0.043 0.035 0.066 0.067 0.029;0.148 0.07 0.101 0.027 0.035 0.075 0.035 0.044 0.088 0.112 0.066 0.06 0.067 0.043 0.029;
0.139 0.079 0.097 0.077 0.077 0.064 0.03 0.039 0.035 0.11 0.038 0.04 0.061 0.072 0.042;0.139 0.079 0.064 0.03 0.039 0.097 0.077 0.077 0.035 0.11 0.038 0.04 0.072 0.061 0.042;0.139 0.064 0.097 0.035 0.04 0.079 0.03 0.039 0.077 0.11 0.072 0.077 0.061 0.038 0.042;
0.152 0.078 0.098 0.083 0.072 0.07 0.037 0.031 0.022 0.105 0.044 0.049 0.056 0.068 0.035;0.152 0.078 0.07 0.037 0.031 0.098 0.083 0.072 0.022 0.105 0.044 0.049 0.068 0.056 0.035;0.152 0.07 0.098 0.022 0.049 0.078 0.037 0.031 0.083 0.105 0.068 0.072 0.056 0.044 0.035;
0.16 0.069 0.099 0.096 0.064 0.067 0.029 0.04 0.021 0.102 0.043 0.041 0.054 0.077 0.038;0.16 0.069 0.067 0.029 0.04 0.099 0.096 0.064 0.021 0.102 0.043 0.041 0.077 0.054 0.038;0.16 0.067 0.099 0.021 0.041 0.069 0.029 0.04 0.096 0.102 0.077 0.064 0.054 0.043 0.038;
0.138 0.07 0.119 0.082 0.073 0.055 0.041 0.048 0.034 0.093 0.045 0.039 0.058 0.078 0.027;0.138 0.07 0.055 0.041 0.048 0.119 0.082 0.073 0.034 0.093 0.045 0.039 0.078 0.058 0.027;0.138 0.055 0.119 0.034 0.039 0.07 0.041 0.048 0.082 0.093 0.078 0.073 0.058 0.045 0.027;
0.128 0.084 0.085 0.076 0.065 0.067 0.035 0.045 0.033 0.124 0.04 0.044 0.067 0.074 0.033;0.128 0.084 0.067 0.035 0.045 0.085 0.076 0.065 0.033 0.124 0.04 0.044 0.074 0.067 0.033;0.128 0.067 0.085 0.033 0.044 0.084 0.035 0.045 0.076 0.124 0.074 0.065 0.067 0.04 0.033;
0.121 0.08 0.128 0.077 0.083 0.07 0.036 0.029 0.027 0.085 0.053 0.038 0.064 0.074 0.035;0.121 0.08 0.07 0.036 0.029 0.128 0.077 0.083 0.027 0.085 0.053 0.038 0.074 0.064 0.035;0.121 0.07 0.128 0.027 0.038 0.08 0.036 0.029 0.077 0.085 0.074 0.083 0.064 0.053 0.035;
0.137 0.073 0.102 0.086 0.08 0.067 0.04 0.03 0.031 0.1 0.041 0.044 0.06 0.073 0.036;0.137 0.073 0.067 0.04 0.03 0.102 0.086 0.08 0.031 0.1 0.041 0.044 0.073 0.06 0.036;0.137 0.067 0.102 0.031 0.044 0.073 0.04 0.03 0.086 0.1 0.073 0.08 0.06 0.041 0.036;
0.137 0.066 0.111 0.078 0.077 0.067 0.028 0.045 0.026 0.099 0.048 0.049 0.074 0.074 0.021;0.137 0.066 0.067 0.028 0.045 0.111 0.078 0.077 0.026 0.099 0.048 0.049 0.074 0.074 0.021;0.137 0.067 0.111 0.026 0.049 0.066 0.028 0.045 0.078 0.099 0.074 0.077 0.074 0.048 0.021;
0.12 0.076 0.104 0.088 0.078 0.078 0.031 0.038 0.015 0.095 0.052 0.046 0.072 0.073 0.034;0.12 0.076 0.078 0.031 0.038 0.104 0.088 0.078 0.015 0.095 0.052 0.046 0.073 0.072 0.034;0.12 0.078 0.104 0.015 0.046 0.076 0.031 0.038 0.088 0.095 0.073 0.078 0.072 0.052 0.034];