pntP=[0.07 0.05 0.092 0.067 0.073 0.055 0.045 0.047 0.034 0.107 0.047 0.074 0.112 0.078 0.049;0.07 0.05 0.055 0.045 0.047 0.092 0.067 0.073 0.034 0.107 0.047 0.074 0.078 0.112 0.049;0.07 0.055 0.092 0.034 0.074 0.05 0.045 0.047 0.067 0.107 0.078 0.073 0.112 0.047 0.049;
0.085 0.055 0.105 0.061 0.075 0.05 0.051 0.043 0.034 0.117 0.047 0.056 0.114 0.07 0.037;0.085 0.055 0.05 0.051 0.043 0.105 0.061 0.075 0.034 0.117 0.047 0.056 0.07 0.114 0.037;0.085 0.05 0.105 0.034 0.056 0.055 0.051 0.043 0.061 0.117 0.07 0.075 0.114 0.047 0.037;
0.079 0.057 0.099 0.065 0.075 0.048 0.048 0.058 0.041 0.118 0.052 0.065 0.092 0.058 0.045;0.079 0.057 0.048 0.048 0.058 0.099 0.065 0.075 0.041 0.118 0.052 0.065 0.058 0.092 0.045;0.079 0.048 0.099 0.041 0.065 0.057 0.048 0.058 0.065 0.118 0.058 0.075 0.092 0.052 0.045;
0.061 0.043 0.099 0.062 0.083 0.037 0.052 0.053 0.04 0.11 0.06 0.057 0.105 0.082 0.056;0.061 0.043 0.037 0.052 0.053 0.099 0.062 0.083 0.04 0.11 0.06 0.057 0.082 0.105 0.056;0.061 0.037 0.099 0.04 0.057 0.043 0.052 0.053 0.062 0.11 0.082 0.083 0.105 0.06 0.056;
0.076 0.05 0.092 0.053 0.074 0.058 0.054 0.049 0.036 0.099 0.058 0.065 0.111 0.073 0.052;0.076 0.05 0.058 0.054 0.049 0.092 0.053 0.074 0.036 0.099 0.058 0.065 0.073 0.111 0.052;0.076 0.058 0.092 0.036 0.065 0.05 0.054 0.049 0.053 0.099 0.073 0.074 0.111 0.058 0.052;
0.077 0.052 0.116 0.049 0.082 0.052 0.052 0.051 0.033 0.091 0.052 0.059 0.09 0.086 0.058;0.077 0.052 0.052 0.052 0.051 0.116 0.049 0.082 0.033 0.091 0.052 0.059 0.086 0.09 0.058;0.077 0.052 0.116 0.033 0.059 0.052 0.052 0.051 0.049 0.091 0.086 0.082 0.09 0.052 0.058;
0.077 0.06 0.102 0.059 0.071 0.053 0.048 0.058 0.038 0.091 0.056 0.052 0.113 0.079 0.043;0.077 0.06 0.053 0.048 0.058 0.102 0.059 0.071 0.038 0.091 0.056 0.052 0.079 0.113 0.043;0.077 0.053 0.102 0.038 0.052 0.06 0.048 0.058 0.059 0.091 0.079 0.071 0.113 0.056 0.043;
0.083 0.044 0.108 0.061 0.08 0.057 0.041 0.049 0.032 0.095 0.06 0.047 0.096 0.093 0.054;0.083 0.044 0.057 0.041 0.049 0.108 0.061 0.08 0.032 0.095 0.06 0.047 0.093 0.096 0.054;0.083 0.057 0.108 0.032 0.047 0.044 0.041 0.049 0.061 0.095 0.093 0.08 0.096 0.06 0.054;
0.076 0.041 0.099 0.055 0.078 0.059 0.065 0.055 0.039 0.105 0.059 0.053 0.104 0.069 0.043;0.076 0.041 0.059 0.065 0.055 0.099 0.055 0.078 0.039 0.105 0.059 0.053 0.069 0.104 0.043;0.076 0.059 0.099 0.039 0.053 0.041 0.065 0.055 0.055 0.105 0.069 0.078 0.104 0.059 0.043;
0.087 0.044 0.098 0.057 0.092 0.048 0.065 0.046 0.042 0.096 0.061 0.061 0.099 0.065 0.039;0.087 0.044 0.048 0.065 0.046 0.098 0.057 0.092 0.042 0.096 0.061 0.061 0.065 0.099 0.039;0.087 0.048 0.098 0.042 0.061 0.044 0.065 0.046 0.057 0.096 0.065 0.092 0.099 0.061 0.039;
0.074 0.044 0.114 0.067 0.086 0.062 0.049 0.04 0.029 0.115 0.043 0.057 0.095 0.078 0.047;0.074 0.044 0.062 0.049 0.04 0.114 0.067 0.086 0.029 0.115 0.043 0.057 0.078 0.095 0.047;0.074 0.062 0.114 0.029 0.057 0.044 0.049 0.04 0.067 0.115 0.078 0.086 0.095 0.043 0.047;
0.072 0.055 0.114 0.057 0.082 0.055 0.047 0.042 0.039 0.106 0.056 0.062 0.091 0.082 0.04;0.072 0.055 0.055 0.047 0.042 0.114 0.057 0.082 0.039 0.106 0.056 0.062 0.082 0.091 0.04;0.072 0.055 0.114 0.039 0.062 0.055 0.047 0.042 0.057 0.106 0.082 0.082 0.091 0.056 0.04;
0.082 0.041 0.111 0.051 0.07 0.07 0.053 0.054 0.036 0.112 0.068 0.049 0.098 0.069 0.036;0.082 0.041 0.07 0.053 0.054 0.111 0.051 0.07 0.036 0.112 0.068 0.049 0.069 0.098 0.036;0.082 0.07 0.111 0.036 0.049 0.041 0.053 0.054 0.051 0.112 0.069 0.07 0.098 0.068 0.036;
0.076 0.046 0.118 0.05 0.076 0.054 0.055 0.058 0.03 0.083 0.07 0.055 0.108 0.082 0.039;0.076 0.046 0.054 0.055 0.058 0.118 0.05 0.076 0.03 0.083 0.07 0.055 0.082 0.108 0.039;0.076 0.054 0.118 0.03 0.055 0.046 0.055 0.058 0.05 0.083 0.082 0.076 0.108 0.07 0.039;
0.084 0.053 0.099 0.071 0.055 0.047 0.042 0.049 0.041 0.098 0.067 0.088 0.085 0.079 0.042;0.084 0.053 0.047 0.042 0.049 0.099 0.071 0.055 0.041 0.098 0.067 0.088 0.079 0.085 0.042;0.084 0.047 0.099 0.041 0.088 0.053 0.042 0.049 0.071 0.098 0.079 0.055 0.085 0.067 0.042;
0.066 0.047 0.099 0.067 0.067 0.055 0.049 0.056 0.034 0.101 0.059 0.059 0.101 0.08 0.06;0.066 0.047 0.055 0.049 0.056 0.099 0.067 0.067 0.034 0.101 0.059 0.059 0.08 0.101 0.06;0.066 0.055 0.099 0.034 0.059 0.047 0.049 0.056 0.067 0.101 0.08 0.067 0.101 0.059 0.06;
0.061 0.052 0.091 0.061 0.074 0.047 0.051 0.052 0.026 0.111 0.059 0.073 0.105 0.088 0.049;0.061 0.052 0.047 0.051 0.052 0.091 0.061 0.074 0.026 0.111 0.059 0.073 0.088 0.105 0.049;0.061 0.047 0.091 0.026 0.073 0.052 0.051 0.052 0.061 0.111 0.088 0.074 0.105 0.059 0.049;
0.08 0.049 0.121 0.06 0.068 0.053 0.051 0.05 0.023 0.102 0.068 0.063 0.102 0.062 0.048;0.08 0.049 0.053 0.051 0.05 0.121 0.06 0.068 0.023 0.102 0.068 0.063 0.062 0.102 0.048;0.08 0.053 0.121 0.023 0.063 0.049 0.051 0.05 0.06 0.102 0.062 0.068 0.102 0.068 0.048;
0.089 0.043 0.095 0.05 0.081 0.053 0.054 0.055 0.039 0.097 0.056 0.058 0.111 0.079 0.04;0.089 0.043 0.053 0.054 0.055 0.095 0.05 0.081 0.039 0.097 0.056 0.058 0.079 0.111 0.04;0.089 0.053 0.095 0.039 0.058 0.043 0.054 0.055 0.05 0.097 0.079 0.081 0.111 0.056 0.04;
0.08 0.048 0.086 0.066 0.074 0.039 0.048 0.055 0.04 0.11 0.07 0.058 0.104 0.077 0.045;0.08 0.048 0.039 0.048 0.055 0.086 0.066 0.074 0.04 0.11 0.07 0.058 0.077 0.104 0.045;0.08 0.039 0.086 0.04 0.058 0.048 0.048 0.055 0.066 0.11 0.077 0.074 0.104 0.07 0.045;
0.063 0.058 0.13 0.056 0.064 0.045 0.064 0.044 0.027 0.101 0.063 0.06 0.11 0.067 0.048;0.063 0.058 0.045 0.064 0.044 0.13 0.056 0.064 0.027 0.101 0.063 0.06 0.067 0.11 0.048;0.063 0.045 0.13 0.027 0.06 0.058 0.064 0.044 0.056 0.101 0.067 0.064 0.11 0.063 0.048;
0.082 0.044 0.093 0.062 0.084 0.051 0.052 0.043 0.035 0.106 0.059 0.049 0.121 0.077 0.042;0.082 0.044 0.051 0.052 0.043 0.093 0.062 0.084 0.035 0.106 0.059 0.049 0.077 0.121 0.042;0.082 0.051 0.093 0.035 0.049 0.044 0.052 0.043 0.062 0.106 0.077 0.084 0.121 0.059 0.042;
0.077 0.066 0.095 0.044 0.076 0.042 0.041 0.052 0.03 0.117 0.069 0.068 0.085 0.091 0.047;0.077 0.066 0.042 0.041 0.052 0.095 0.044 0.076 0.03 0.117 0.069 0.068 0.091 0.085 0.047;0.077 0.042 0.095 0.03 0.068 0.066 0.041 0.052 0.044 0.117 0.091 0.076 0.085 0.069 0.047;
0.056 0.051 0.126 0.044 0.089 0.06 0.063 0.049 0.035 0.107 0.063 0.053 0.094 0.071 0.039;0.056 0.051 0.06 0.063 0.049 0.126 0.044 0.089 0.035 0.107 0.063 0.053 0.071 0.094 0.039;0.056 0.06 0.126 0.035 0.053 0.051 0.063 0.049 0.044 0.107 0.071 0.089 0.094 0.063 0.039;
0.081 0.048 0.089 0.059 0.086 0.055 0.049 0.05 0.024 0.121 0.057 0.059 0.095 0.076 0.051;0.081 0.048 0.055 0.049 0.05 0.089 0.059 0.086 0.024 0.121 0.057 0.059 0.076 0.095 0.051;0.081 0.055 0.089 0.024 0.059 0.048 0.049 0.05 0.059 0.121 0.076 0.086 0.095 0.057 0.051;
0.077 0.049 0.113 0.068 0.083 0.045 0.063 0.036 0.028 0.109 0.056 0.063 0.095 0.075 0.04;0.077 0.049 0.045 0.063 0.036 0.113 0.068 0.083 0.028 0.109 0.056 0.063 0.075 0.095 0.04;0.077 0.045 0.113 0.028 0.063 0.049 0.063 0.036 0.068 0.109 0.075 0.083 0.095 0.056 0.04;
0.095 0.064 0.114 0.061 0.088 0.038 0.045 0.05 0.033 0.1 0.067 0.035 0.104 0.065 0.041;0.095 0.064 0.038 0.045 0.05 0.114 0.061 0.088 0.033 0.1 0.067 0.035 0.065 0.104 0.041;0.095 0.038 0.114 0.033 0.035 0.064 0.045 0.05 0.061 0.1 0.065 0.088 0.104 0.067 0.041;
0.082 0.042 0.098 0.062 0.067 0.058 0.05 0.048 0.036 0.109 0.062 0.055 0.114 0.069 0.048;0.082 0.042 0.058 0.05 0.048 0.098 0.062 0.067 0.036 0.109 0.062 0.055 0.069 0.114 0.048;0.082 0.058 0.098 0.036 0.055 0.042 0.05 0.048 0.062 0.109 0.069 0.067 0.114 0.062 0.048;
0.073 0.046 0.101 0.05 0.062 0.05 0.056 0.063 0.029 0.113 0.072 0.061 0.096 0.076 0.052;0.073 0.046 0.05 0.056 0.063 0.101 0.05 0.062 0.029 0.113 0.072 0.061 0.076 0.096 0.052;0.073 0.05 0.101 0.029 0.061 0.046 0.056 0.063 0.05 0.113 0.076 0.062 0.096 0.072 0.052;
0.076 0.038 0.114 0.067 0.077 0.036 0.068 0.048 0.026 0.086 0.064 0.057 0.113 0.079 0.051;0.076 0.038 0.036 0.068 0.048 0.114 0.067 0.077 0.026 0.086 0.064 0.057 0.079 0.113 0.051;0.076 0.036 0.114 0.026 0.057 0.038 0.068 0.048 0.067 0.086 0.079 0.077 0.113 0.064 0.051;
0.075 0.045 0.111 0.047 0.079 0.041 0.06 0.049 0.039 0.112 0.06 0.049 0.099 0.074 0.06;0.075 0.045 0.041 0.06 0.049 0.111 0.047 0.079 0.039 0.112 0.06 0.049 0.074 0.099 0.06;0.075 0.041 0.111 0.039 0.049 0.045 0.06 0.049 0.047 0.112 0.074 0.079 0.099 0.06 0.06;
0.072 0.052 0.097 0.057 0.073 0.058 0.059 0.052 0.031 0.114 0.065 0.049 0.097 0.076 0.048;0.072 0.052 0.058 0.059 0.052 0.097 0.057 0.073 0.031 0.114 0.065 0.049 0.076 0.097 0.048;0.072 0.058 0.097 0.031 0.049 0.052 0.059 0.052 0.057 0.114 0.076 0.073 0.097 0.065 0.048;
0.07 0.058 0.099 0.049 0.069 0.057 0.06 0.057 0.039 0.105 0.061 0.064 0.087 0.087 0.038;0.07 0.058 0.057 0.06 0.057 0.099 0.049 0.069 0.039 0.105 0.061 0.064 0.087 0.087 0.038;0.07 0.057 0.099 0.039 0.064 0.058 0.06 0.057 0.049 0.105 0.087 0.069 0.087 0.061 0.038;
0.079 0.056 0.103 0.041 0.076 0.052 0.057 0.049 0.035 0.111 0.055 0.051 0.12 0.07 0.045;0.079 0.056 0.052 0.057 0.049 0.103 0.041 0.076 0.035 0.111 0.055 0.051 0.07 0.12 0.045;0.079 0.052 0.103 0.035 0.051 0.056 0.057 0.049 0.041 0.111 0.07 0.076 0.12 0.055 0.045;
0.072 0.051 0.102 0.059 0.078 0.049 0.065 0.043 0.034 0.102 0.053 0.062 0.097 0.079 0.054;0.072 0.051 0.049 0.065 0.043 0.102 0.059 0.078 0.034 0.102 0.053 0.062 0.079 0.097 0.054;0.072 0.049 0.102 0.034 0.062 0.051 0.065 0.043 0.059 0.102 0.079 0.078 0.097 0.053 0.054;
0.082 0.035 0.111 0.058 0.065 0.051 0.059 0.053 0.038 0.107 0.061 0.063 0.082 0.084 0.051;0.082 0.035 0.051 0.059 0.053 0.111 0.058 0.065 0.038 0.107 0.061 0.063 0.084 0.082 0.051;0.082 0.051 0.111 0.038 0.063 0.035 0.059 0.053 0.058 0.107 0.084 0.065 0.082 0.061 0.051;
0.065 0.054 0.111 0.068 0.077 0.055 0.046 0.049 0.036 0.107 0.065 0.059 0.083 0.069 0.056;0.065 0.054 0.055 0.046 0.049 0.111 0.068 0.077 0.036 0.107 0.065 0.059 0.069 0.083 0.056;0.065 0.055 0.111 0.036 0.059 0.054 0.046 0.049 0.068 0.107 0.069 0.077 0.083 0.065 0.056;
0.068 0.052 0.117 0.059 0.063 0.046 0.059 0.054 0.036 0.105 0.064 0.059 0.084 0.087 0.047;0.068 0.052 0.046 0.059 0.054 0.117 0.059 0.063 0.036 0.105 0.064 0.059 0.087 0.084 0.047;0.068 0.046 0.117 0.036 0.059 0.052 0.059 0.054 0.059 0.105 0.087 0.063 0.084 0.064 0.047;
0.065 0.063 0.092 0.06 0.083 0.055 0.064 0.052 0.029 0.121 0.041 0.047 0.102 0.077 0.049;0.065 0.063 0.055 0.064 0.052 0.092 0.06 0.083 0.029 0.121 0.041 0.047 0.077 0.102 0.049;0.065 0.055 0.092 0.029 0.047 0.063 0.064 0.052 0.06 0.121 0.077 0.083 0.102 0.041 0.049;
0.074 0.056 0.096 0.053 0.074 0.049 0.048 0.058 0.03 0.099 0.069 0.055 0.098 0.087 0.054;0.074 0.056 0.049 0.048 0.058 0.096 0.053 0.074 0.03 0.099 0.069 0.055 0.087 0.098 0.054;0.074 0.049 0.096 0.03 0.055 0.056 0.048 0.058 0.053 0.099 0.087 0.074 0.098 0.069 0.054;
0.074 0.042 0.106 0.06 0.075 0.048 0.052 0.053 0.039 0.096 0.078 0.058 0.102 0.07 0.047;0.074 0.042 0.048 0.052 0.053 0.106 0.06 0.075 0.039 0.096 0.078 0.058 0.07 0.102 0.047;0.074 0.048 0.106 0.039 0.058 0.042 0.052 0.053 0.06 0.096 0.07 0.075 0.102 0.078 0.047;
0.055 0.048 0.112 0.051 0.076 0.043 0.049 0.057 0.038 0.098 0.071 0.069 0.106 0.079 0.048;0.055 0.048 0.043 0.049 0.057 0.112 0.051 0.076 0.038 0.098 0.071 0.069 0.079 0.106 0.048;0.055 0.043 0.112 0.038 0.069 0.048 0.049 0.057 0.051 0.098 0.079 0.076 0.106 0.071 0.048;
0.074 0.058 0.094 0.077 0.068 0.053 0.041 0.053 0.036 0.104 0.061 0.062 0.1 0.074 0.045;0.074 0.058 0.053 0.041 0.053 0.094 0.077 0.068 0.036 0.104 0.061 0.062 0.074 0.1 0.045;0.074 0.053 0.094 0.036 0.062 0.058 0.041 0.053 0.077 0.104 0.074 0.068 0.1 0.061 0.045;
0.073 0.05 0.111 0.079 0.067 0.052 0.054 0.053 0.026 0.126 0.056 0.069 0.089 0.058 0.037;0.073 0.05 0.052 0.054 0.053 0.111 0.079 0.067 0.026 0.126 0.056 0.069 0.058 0.089 0.037;0.073 0.052 0.111 0.026 0.069 0.05 0.054 0.053 0.079 0.126 0.058 0.067 0.089 0.056 0.037;
0.074 0.042 0.092 0.063 0.081 0.062 0.048 0.054 0.028 0.111 0.056 0.06 0.097 0.088 0.044;0.074 0.042 0.062 0.048 0.054 0.092 0.063 0.081 0.028 0.111 0.056 0.06 0.088 0.097 0.044;0.074 0.062 0.092 0.028 0.06 0.042 0.048 0.054 0.063 0.111 0.088 0.081 0.097 0.056 0.044;
0.075 0.068 0.102 0.067 0.078 0.049 0.028 0.06 0.039 0.103 0.06 0.054 0.102 0.072 0.043;0.075 0.068 0.049 0.028 0.06 0.102 0.067 0.078 0.039 0.103 0.06 0.054 0.072 0.102 0.043;0.075 0.049 0.102 0.039 0.054 0.068 0.028 0.06 0.067 0.103 0.072 0.078 0.102 0.06 0.043;
0.072 0.051 0.103 0.071 0.07 0.05 0.052 0.058 0.036 0.114 0.056 0.054 0.1 0.073 0.04;0.072 0.051 0.05 0.052 0.058 0.103 0.071 0.07 0.036 0.114 0.056 0.054 0.073 0.1 0.04;0.072 0.05 0.103 0.036 0.054 0.051 0.052 0.058 0.071 0.114 0.073 0.07 0.1 0.056 0.04;
0.059 0.052 0.104 0.048 0.084 0.049 0.047 0.052 0.038 0.118 0.074 0.051 0.093 0.075 0.056;0.059 0.052 0.049 0.047 0.052 0.104 0.048 0.084 0.038 0.118 0.074 0.051 0.075 0.093 0.056;0.059 0.049 0.104 0.038 0.051 0.052 0.047 0.052 0.048 0.118 0.075 0.084 0.093 0.074 0.056;
0.086 0.06 0.109 0.058 0.077 0.047 0.057 0.042 0.028 0.111 0.047 0.065 0.097 0.078 0.038;0.086 0.06 0.047 0.057 0.042 0.109 0.058 0.077 0.028 0.111 0.047 0.065 0.078 0.097 0.038;0.086 0.047 0.109 0.028 0.065 0.06 0.057 0.042 0.058 0.111 0.078 0.077 0.097 0.047 0.038;
0.062 0.055 0.101 0.065 0.095 0.045 0.055 0.058 0.027 0.105 0.049 0.059 0.104 0.08 0.04;0.062 0.055 0.045 0.055 0.058 0.101 0.065 0.095 0.027 0.105 0.049 0.059 0.08 0.104 0.04;0.062 0.045 0.101 0.027 0.059 0.055 0.055 0.058 0.065 0.105 0.08 0.095 0.104 0.049 0.04;
0.066 0.056 0.114 0.067 0.074 0.051 0.039 0.049 0.024 0.099 0.058 0.066 0.102 0.084 0.051;0.066 0.056 0.051 0.039 0.049 0.114 0.067 0.074 0.024 0.099 0.058 0.066 0.084 0.102 0.051;0.066 0.051 0.114 0.024 0.066 0.056 0.039 0.049 0.067 0.099 0.084 0.074 0.102 0.058 0.051;
0.082 0.055 0.099 0.059 0.064 0.044 0.06 0.058 0.036 0.086 0.053 0.051 0.118 0.088 0.047;0.082 0.055 0.044 0.06 0.058 0.099 0.059 0.064 0.036 0.086 0.053 0.051 0.088 0.118 0.047;0.082 0.044 0.099 0.036 0.051 0.055 0.06 0.058 0.059 0.086 0.088 0.064 0.118 0.053 0.047;
0.077 0.044 0.091 0.073 0.082 0.053 0.044 0.057 0.029 0.097 0.051 0.061 0.098 0.095 0.048;0.077 0.044 0.053 0.044 0.057 0.091 0.073 0.082 0.029 0.097 0.051 0.061 0.095 0.098 0.048;0.077 0.053 0.091 0.029 0.061 0.044 0.044 0.057 0.073 0.097 0.095 0.082 0.098 0.051 0.048;
0.079 0.048 0.109 0.057 0.074 0.057 0.051 0.043 0.04 0.106 0.066 0.049 0.101 0.084 0.036;0.079 0.048 0.057 0.051 0.043 0.109 0.057 0.074 0.04 0.106 0.066 0.049 0.084 0.101 0.036;0.079 0.057 0.109 0.04 0.049 0.048 0.051 0.043 0.057 0.106 0.084 0.074 0.101 0.066 0.036;
0.063 0.045 0.094 0.07 0.074 0.055 0.044 0.055 0.031 0.115 0.051 0.057 0.113 0.083 0.05;0.063 0.045 0.055 0.044 0.055 0.094 0.07 0.074 0.031 0.115 0.051 0.057 0.083 0.113 0.05;0.063 0.055 0.094 0.031 0.057 0.045 0.044 0.055 0.07 0.115 0.083 0.074 0.113 0.051 0.05;
0.079 0.062 0.091 0.065 0.082 0.055 0.046 0.044 0.037 0.097 0.067 0.043 0.097 0.079 0.056;0.079 0.062 0.055 0.046 0.044 0.091 0.065 0.082 0.037 0.097 0.067 0.043 0.079 0.097 0.056;0.079 0.055 0.091 0.037 0.043 0.062 0.046 0.044 0.065 0.097 0.079 0.082 0.097 0.067 0.056;
0.075 0.046 0.091 0.066 0.068 0.056 0.046 0.041 0.032 0.116 0.065 0.048 0.11 0.088 0.052;0.075 0.046 0.056 0.046 0.041 0.091 0.066 0.068 0.032 0.116 0.065 0.048 0.088 0.11 0.052;0.075 0.056 0.091 0.032 0.048 0.046 0.046 0.041 0.066 0.116 0.088 0.068 0.11 0.065 0.052;
0.094 0.063 0.115 0.051 0.067 0.049 0.039 0.044 0.032 0.102 0.074 0.05 0.107 0.074 0.039;0.094 0.063 0.049 0.039 0.044 0.115 0.051 0.067 0.032 0.102 0.074 0.05 0.074 0.107 0.039;0.094 0.049 0.115 0.032 0.05 0.063 0.039 0.044 0.051 0.102 0.074 0.067 0.107 0.074 0.039;
0.083 0.048 0.099 0.054 0.083 0.058 0.055 0.056 0.032 0.111 0.061 0.056 0.098 0.061 0.045;0.083 0.048 0.058 0.055 0.056 0.099 0.054 0.083 0.032 0.111 0.061 0.056 0.061 0.098 0.045;0.083 0.058 0.099 0.032 0.056 0.048 0.055 0.056 0.054 0.111 0.061 0.083 0.098 0.061 0.045;
0.065 0.054 0.106 0.079 0.06 0.056 0.054 0.053 0.04 0.11 0.061 0.052 0.101 0.068 0.041;0.065 0.054 0.056 0.054 0.053 0.106 0.079 0.06 0.04 0.11 0.061 0.052 0.068 0.101 0.041;0.065 0.056 0.106 0.04 0.052 0.054 0.054 0.053 0.079 0.11 0.068 0.06 0.101 0.061 0.041;
0.071 0.056 0.093 0.071 0.074 0.043 0.049 0.039 0.037 0.096 0.069 0.06 0.113 0.077 0.052;0.071 0.056 0.043 0.049 0.039 0.093 0.071 0.074 0.037 0.096 0.069 0.06 0.077 0.113 0.052;0.071 0.043 0.093 0.037 0.06 0.056 0.049 0.039 0.071 0.096 0.077 0.074 0.113 0.069 0.052;
0.073 0.05 0.096 0.067 0.089 0.055 0.044 0.052 0.027 0.095 0.046 0.065 0.107 0.085 0.049;0.073 0.05 0.055 0.044 0.052 0.096 0.067 0.089 0.027 0.095 0.046 0.065 0.085 0.107 0.049;0.073 0.055 0.096 0.027 0.065 0.05 0.044 0.052 0.067 0.095 0.085 0.089 0.107 0.046 0.049;
0.063 0.059 0.097 0.061 0.085 0.053 0.051 0.04 0.031 0.115 0.05 0.049 0.105 0.087 0.054;0.063 0.059 0.053 0.051 0.04 0.097 0.061 0.085 0.031 0.115 0.05 0.049 0.087 0.105 0.054;0.063 0.053 0.097 0.031 0.049 0.059 0.051 0.04 0.061 0.115 0.087 0.085 0.105 0.05 0.054;
0.067 0.061 0.088 0.054 0.071 0.051 0.052 0.046 0.047 0.124 0.046 0.059 0.109 0.08 0.045;0.067 0.061 0.051 0.052 0.046 0.088 0.054 0.071 0.047 0.124 0.046 0.059 0.08 0.109 0.045;0.067 0.051 0.088 0.047 0.059 0.061 0.052 0.046 0.054 0.124 0.08 0.071 0.109 0.046 0.045;
0.062 0.052 0.099 0.049 0.085 0.051 0.054 0.05 0.043 0.106 0.055 0.063 0.112 0.088 0.031;0.062 0.052 0.051 0.054 0.05 0.099 0.049 0.085 0.043 0.106 0.055 0.063 0.088 0.112 0.031;0.062 0.051 0.099 0.043 0.063 0.052 0.054 0.05 0.049 0.106 0.088 0.085 0.112 0.055 0.031;
0.067 0.057 0.106 0.072 0.072 0.038 0.062 0.038 0.039 0.105 0.043 0.068 0.109 0.073 0.051;0.067 0.057 0.038 0.062 0.038 0.106 0.072 0.072 0.039 0.105 0.043 0.068 0.073 0.109 0.051;0.067 0.038 0.106 0.039 0.068 0.057 0.062 0.038 0.072 0.105 0.073 0.072 0.109 0.043 0.051;
0.069 0.052 0.097 0.075 0.078 0.039 0.058 0.047 0.029 0.107 0.054 0.066 0.08 0.084 0.065;0.069 0.052 0.039 0.058 0.047 0.097 0.075 0.078 0.029 0.107 0.054 0.066 0.084 0.08 0.065;0.069 0.039 0.097 0.029 0.066 0.052 0.058 0.047 0.075 0.107 0.084 0.078 0.08 0.054 0.065;
0.062 0.052 0.116 0.064 0.073 0.057 0.052 0.065 0.028 0.107 0.044 0.068 0.108 0.063 0.041;0.062 0.052 0.057 0.052 0.065 0.116 0.064 0.073 0.028 0.107 0.044 0.068 0.063 0.108 0.041;0.062 0.057 0.116 0.028 0.068 0.052 0.052 0.065 0.064 0.107 0.063 0.073 0.108 0.044 0.041;
0.082 0.049 0.108 0.063 0.075 0.055 0.053 0.041 0.029 0.112 0.062 0.051 0.083 0.096 0.041;0.082 0.049 0.055 0.053 0.041 0.108 0.063 0.075 0.029 0.112 0.062 0.051 0.096 0.083 0.041;0.082 0.055 0.108 0.029 0.051 0.049 0.053 0.041 0.063 0.112 0.096 0.075 0.083 0.062 0.041;
0.081 0.047 0.106 0.066 0.071 0.049 0.046 0.058 0.039 0.102 0.046 0.063 0.089 0.091 0.046;0.081 0.047 0.049 0.046 0.058 0.106 0.066 0.071 0.039 0.102 0.046 0.063 0.091 0.089 0.046;0.081 0.049 0.106 0.039 0.063 0.047 0.046 0.058 0.066 0.102 0.091 0.071 0.089 0.046 0.046;
0.063 0.043 0.11 0.057 0.093 0.048 0.054 0.041 0.036 0.1 0.063 0.06 0.097 0.08 0.055;0.063 0.043 0.048 0.054 0.041 0.11 0.057 0.093 0.036 0.1 0.063 0.06 0.08 0.097 0.055;0.063 0.048 0.11 0.036 0.06 0.043 0.054 0.041 0.057 0.1 0.08 0.093 0.097 0.063 0.055;
0.082 0.056 0.12 0.054 0.076 0.053 0.036 0.047 0.044 0.104 0.048 0.063 0.087 0.078 0.052;0.082 0.056 0.053 0.036 0.047 0.12 0.054 0.076 0.044 0.104 0.048 0.063 0.078 0.087 0.052;0.082 0.053 0.12 0.044 0.063 0.056 0.036 0.047 0.054 0.104 0.078 0.076 0.087 0.048 0.052;
0.09 0.047 0.105 0.046 0.079 0.053 0.056 0.056 0.029 0.117 0.051 0.055 0.09 0.072 0.054;0.09 0.047 0.053 0.056 0.056 0.105 0.046 0.079 0.029 0.117 0.051 0.055 0.072 0.09 0.054;0.09 0.053 0.105 0.029 0.055 0.047 0.056 0.056 0.046 0.117 0.072 0.079 0.09 0.051 0.054;
0.077 0.045 0.123 0.045 0.064 0.052 0.052 0.067 0.03 0.114 0.064 0.044 0.098 0.081 0.044;0.077 0.045 0.052 0.052 0.067 0.123 0.045 0.064 0.03 0.114 0.064 0.044 0.081 0.098 0.044;0.077 0.052 0.123 0.03 0.044 0.045 0.052 0.067 0.045 0.114 0.081 0.064 0.098 0.064 0.044;
0.069 0.047 0.106 0.059 0.075 0.068 0.045 0.046 0.04 0.118 0.059 0.052 0.086 0.084 0.046;0.069 0.047 0.068 0.045 0.046 0.106 0.059 0.075 0.04 0.118 0.059 0.052 0.084 0.086 0.046;0.069 0.068 0.106 0.04 0.052 0.047 0.045 0.046 0.059 0.118 0.084 0.075 0.086 0.059 0.046;
0.071 0.064 0.109 0.069 0.07 0.051 0.047 0.044 0.045 0.105 0.054 0.051 0.082 0.081 0.057;0.071 0.064 0.051 0.047 0.044 0.109 0.069 0.07 0.045 0.105 0.054 0.051 0.081 0.082 0.057;0.071 0.051 0.109 0.045 0.051 0.064 0.047 0.044 0.069 0.105 0.081 0.07 0.082 0.054 0.057;
0.089 0.058 0.099 0.058 0.085 0.06 0.051 0.046 0.027 0.091 0.061 0.062 0.097 0.074 0.042;0.089 0.058 0.06 0.051 0.046 0.099 0.058 0.085 0.027 0.091 0.061 0.062 0.074 0.097 0.042;0.089 0.06 0.099 0.027 0.062 0.058 0.051 0.046 0.058 0.091 0.074 0.085 0.097 0.061 0.042;
0.071 0.058 0.114 0.066 0.06 0.045 0.051 0.05 0.04 0.099 0.048 0.049 0.107 0.091 0.051;0.071 0.058 0.045 0.051 0.05 0.114 0.066 0.06 0.04 0.099 0.048 0.049 0.091 0.107 0.051;0.071 0.045 0.114 0.04 0.049 0.058 0.051 0.05 0.066 0.099 0.091 0.06 0.107 0.048 0.051;
0.069 0.051 0.108 0.065 0.076 0.047 0.057 0.05 0.027 0.107 0.042 0.061 0.119 0.068 0.053;0.069 0.051 0.047 0.057 0.05 0.108 0.065 0.076 0.027 0.107 0.042 0.061 0.068 0.119 0.053;0.069 0.047 0.108 0.027 0.061 0.051 0.057 0.05 0.065 0.107 0.068 0.076 0.119 0.042 0.053;
0.073 0.051 0.089 0.059 0.075 0.046 0.059 0.055 0.026 0.097 0.061 0.066 0.121 0.077 0.045;0.073 0.051 0.046 0.059 0.055 0.089 0.059 0.075 0.026 0.097 0.061 0.066 0.077 0.121 0.045;0.073 0.046 0.089 0.026 0.066 0.051 0.059 0.055 0.059 0.097 0.077 0.075 0.121 0.061 0.045;
0.067 0.04 0.122 0.067 0.071 0.06 0.056 0.045 0.034 0.108 0.069 0.065 0.089 0.066 0.041;0.067 0.04 0.06 0.056 0.045 0.122 0.067 0.071 0.034 0.108 0.069 0.065 0.066 0.089 0.041;0.067 0.06 0.122 0.034 0.065 0.04 0.056 0.045 0.067 0.108 0.066 0.071 0.089 0.069 0.041;
0.062 0.052 0.102 0.056 0.079 0.043 0.059 0.053 0.036 0.114 0.051 0.069 0.105 0.065 0.054;0.062 0.052 0.043 0.059 0.053 0.102 0.056 0.079 0.036 0.114 0.051 0.069 0.065 0.105 0.054;0.062 0.043 0.102 0.036 0.069 0.052 0.059 0.053 0.056 0.114 0.065 0.079 0.105 0.051 0.054;
0.07 0.051 0.094 0.064 0.089 0.057 0.069 0.055 0.035 0.089 0.042 0.075 0.099 0.074 0.037;0.07 0.051 0.057 0.069 0.055 0.094 0.064 0.089 0.035 0.089 0.042 0.075 0.074 0.099 0.037;0.07 0.057 0.094 0.035 0.075 0.051 0.069 0.055 0.064 0.089 0.074 0.089 0.099 0.042 0.037;
0.086 0.059 0.103 0.06 0.073 0.042 0.063 0.046 0.043 0.098 0.058 0.058 0.094 0.068 0.049;0.086 0.059 0.042 0.063 0.046 0.103 0.06 0.073 0.043 0.098 0.058 0.058 0.068 0.094 0.049;0.086 0.042 0.103 0.043 0.058 0.059 0.063 0.046 0.06 0.098 0.068 0.073 0.094 0.058 0.049;
0.076 0.049 0.111 0.057 0.083 0.054 0.05 0.057 0.036 0.109 0.045 0.056 0.075 0.086 0.056;0.076 0.049 0.054 0.05 0.057 0.111 0.057 0.083 0.036 0.109 0.045 0.056 0.086 0.075 0.056;0.076 0.054 0.111 0.036 0.056 0.049 0.05 0.057 0.057 0.109 0.086 0.083 0.075 0.045 0.056;
0.082 0.065 0.111 0.058 0.074 0.041 0.041 0.051 0.038 0.109 0.052 0.067 0.101 0.05 0.06;0.082 0.065 0.041 0.041 0.051 0.111 0.058 0.074 0.038 0.109 0.052 0.067 0.05 0.101 0.06;0.082 0.041 0.111 0.038 0.067 0.065 0.041 0.051 0.058 0.109 0.05 0.074 0.101 0.052 0.06;
0.071 0.059 0.105 0.056 0.077 0.048 0.055 0.057 0.029 0.104 0.055 0.057 0.09 0.081 0.056;0.071 0.059 0.048 0.055 0.057 0.105 0.056 0.077 0.029 0.104 0.055 0.057 0.081 0.09 0.056;0.071 0.048 0.105 0.029 0.057 0.059 0.055 0.057 0.056 0.104 0.081 0.077 0.09 0.055 0.056;
0.08 0.058 0.112 0.061 0.081 0.046 0.04 0.057 0.03 0.103 0.054 0.061 0.091 0.077 0.049;0.08 0.058 0.046 0.04 0.057 0.112 0.061 0.081 0.03 0.103 0.054 0.061 0.077 0.091 0.049;0.08 0.046 0.112 0.03 0.061 0.058 0.04 0.057 0.061 0.103 0.077 0.081 0.091 0.054 0.049;
0.076 0.055 0.093 0.061 0.094 0.043 0.048 0.035 0.035 0.108 0.062 0.067 0.107 0.066 0.05;0.076 0.055 0.043 0.048 0.035 0.093 0.061 0.094 0.035 0.108 0.062 0.067 0.066 0.107 0.05;0.076 0.043 0.093 0.035 0.067 0.055 0.048 0.035 0.061 0.108 0.066 0.094 0.107 0.062 0.05;
0.076 0.044 0.107 0.067 0.085 0.049 0.037 0.054 0.034 0.105 0.06 0.05 0.11 0.07 0.052;0.076 0.044 0.049 0.037 0.054 0.107 0.067 0.085 0.034 0.105 0.06 0.05 0.07 0.11 0.052;0.076 0.049 0.107 0.034 0.05 0.044 0.037 0.054 0.067 0.105 0.07 0.085 0.11 0.06 0.052;
0.077 0.059 0.092 0.054 0.073 0.045 0.047 0.055 0.03 0.115 0.064 0.051 0.104 0.082 0.052;0.077 0.059 0.045 0.047 0.055 0.092 0.054 0.073 0.03 0.115 0.064 0.051 0.082 0.104 0.052;0.077 0.045 0.092 0.03 0.051 0.059 0.047 0.055 0.054 0.115 0.082 0.073 0.104 0.064 0.052;
0.09 0.055 0.095 0.071 0.073 0.043 0.054 0.058 0.038 0.106 0.05 0.045 0.09 0.077 0.055;0.09 0.055 0.043 0.054 0.058 0.095 0.071 0.073 0.038 0.106 0.05 0.045 0.077 0.09 0.055;0.09 0.043 0.095 0.038 0.045 0.055 0.054 0.058 0.071 0.106 0.077 0.073 0.09 0.05 0.055;
0.062 0.047 0.116 0.058 0.058 0.047 0.051 0.055 0.035 0.109 0.06 0.06 0.104 0.084 0.054;0.062 0.047 0.047 0.051 0.055 0.116 0.058 0.058 0.035 0.109 0.06 0.06 0.084 0.104 0.054;0.062 0.047 0.116 0.035 0.06 0.047 0.051 0.055 0.058 0.109 0.084 0.058 0.104 0.06 0.054;
0.07 0.05 0.102 0.053 0.076 0.053 0.045 0.04 0.051 0.108 0.058 0.067 0.108 0.071 0.048;0.07 0.05 0.053 0.045 0.04 0.102 0.053 0.076 0.051 0.108 0.058 0.067 0.071 0.108 0.048;0.07 0.053 0.102 0.051 0.067 0.05 0.045 0.04 0.053 0.108 0.071 0.076 0.108 0.058 0.048;
0.069 0.042 0.114 0.051 0.076 0.052 0.051 0.063 0.036 0.115 0.056 0.051 0.106 0.074 0.044;0.069 0.042 0.052 0.051 0.063 0.114 0.051 0.076 0.036 0.115 0.056 0.051 0.074 0.106 0.044;0.069 0.052 0.114 0.036 0.051 0.042 0.051 0.063 0.051 0.115 0.074 0.076 0.106 0.056 0.044;
0.067 0.049 0.117 0.067 0.067 0.058 0.062 0.052 0.035 0.096 0.067 0.053 0.099 0.064 0.047;0.067 0.049 0.058 0.062 0.052 0.117 0.067 0.067 0.035 0.096 0.067 0.053 0.064 0.099 0.047;0.067 0.058 0.117 0.035 0.053 0.049 0.062 0.052 0.067 0.096 0.064 0.067 0.099 0.067 0.047;
0.076 0.056 0.116 0.067 0.065 0.045 0.062 0.041 0.035 0.107 0.068 0.062 0.078 0.065 0.057;0.076 0.056 0.045 0.062 0.041 0.116 0.067 0.065 0.035 0.107 0.068 0.062 0.065 0.078 0.057;0.076 0.045 0.116 0.035 0.062 0.056 0.062 0.041 0.067 0.107 0.065 0.065 0.078 0.068 0.057;
0.068 0.048 0.093 0.072 0.064 0.041 0.044 0.048 0.031 0.12 0.06 0.065 0.111 0.076 0.059;0.068 0.048 0.041 0.044 0.048 0.093 0.072 0.064 0.031 0.12 0.06 0.065 0.076 0.111 0.059;0.068 0.041 0.093 0.031 0.065 0.048 0.044 0.048 0.072 0.12 0.076 0.064 0.111 0.06 0.059;
0.074 0.057 0.095 0.058 0.082 0.051 0.056 0.057 0.031 0.102 0.067 0.041 0.099 0.069 0.061;0.074 0.057 0.051 0.056 0.057 0.095 0.058 0.082 0.031 0.102 0.067 0.041 0.069 0.099 0.061;0.074 0.051 0.095 0.031 0.041 0.057 0.056 0.057 0.058 0.102 0.069 0.082 0.099 0.067 0.061;
0.07 0.043 0.095 0.059 0.096 0.054 0.049 0.046 0.033 0.107 0.064 0.052 0.103 0.087 0.042;0.07 0.043 0.054 0.049 0.046 0.095 0.059 0.096 0.033 0.107 0.064 0.052 0.087 0.103 0.042;0.07 0.054 0.095 0.033 0.052 0.043 0.049 0.046 0.059 0.107 0.087 0.096 0.103 0.064 0.042];