pntP=[0.032 0.069 0.046 0.098 0.098 0.063 0.04 0.075 0.037 0.071 0.069 0.069 0.065 0.095 0.073;0.032 0.069 0.063 0.04 0.075 0.046 0.098 0.098 0.037 0.071 0.069 0.069 0.095 0.065 0.073;0.032 0.063 0.046 0.037 0.069 0.069 0.04 0.075 0.098 0.071 0.095 0.098 0.065 0.069 0.073;
0.036 0.056 0.051 0.058 0.098 0.068 0.027 0.083 0.039 0.065 0.092 0.089 0.067 0.107 0.064;0.036 0.056 0.068 0.027 0.083 0.051 0.058 0.098 0.039 0.065 0.092 0.089 0.107 0.067 0.064;0.036 0.068 0.051 0.039 0.089 0.056 0.027 0.083 0.058 0.065 0.107 0.098 0.067 0.092 0.064;
0.027 0.08 0.051 0.068 0.105 0.07 0.05 0.069 0.036 0.06 0.077 0.073 0.075 0.102 0.057;0.027 0.08 0.07 0.05 0.069 0.051 0.068 0.105 0.036 0.06 0.077 0.073 0.102 0.075 0.057;0.027 0.07 0.051 0.036 0.073 0.08 0.05 0.069 0.068 0.06 0.102 0.105 0.075 0.077 0.057;
0.045 0.066 0.068 0.057 0.104 0.061 0.043 0.068 0.038 0.055 0.068 0.085 0.056 0.105 0.081;0.045 0.066 0.061 0.043 0.068 0.068 0.057 0.104 0.038 0.055 0.068 0.085 0.105 0.056 0.081;0.045 0.061 0.068 0.038 0.085 0.066 0.043 0.068 0.057 0.055 0.105 0.104 0.056 0.068 0.081;
0.045 0.065 0.054 0.063 0.101 0.064 0.047 0.079 0.039 0.049 0.069 0.07 0.078 0.102 0.075;0.045 0.065 0.064 0.047 0.079 0.054 0.063 0.101 0.039 0.049 0.069 0.07 0.102 0.078 0.075;0.045 0.064 0.054 0.039 0.07 0.065 0.047 0.079 0.063 0.049 0.102 0.101 0.078 0.069 0.075;
0.028 0.072 0.056 0.074 0.118 0.056 0.04 0.081 0.037 0.063 0.078 0.066 0.074 0.09 0.067;0.028 0.072 0.056 0.04 0.081 0.056 0.074 0.118 0.037 0.063 0.078 0.066 0.09 0.074 0.067;0.028 0.056 0.056 0.037 0.066 0.072 0.04 0.081 0.074 0.063 0.09 0.118 0.074 0.078 0.067;
0.034 0.069 0.05 0.077 0.085 0.06 0.036 0.076 0.052 0.062 0.071 0.082 0.075 0.112 0.059;0.034 0.069 0.06 0.036 0.076 0.05 0.077 0.085 0.052 0.062 0.071 0.082 0.112 0.075 0.059;0.034 0.06 0.05 0.052 0.082 0.069 0.036 0.076 0.077 0.062 0.112 0.085 0.075 0.071 0.059;
0.042 0.068 0.056 0.074 0.093 0.062 0.044 0.081 0.046 0.05 0.075 0.071 0.057 0.105 0.076;0.042 0.068 0.062 0.044 0.081 0.056 0.074 0.093 0.046 0.05 0.075 0.071 0.105 0.057 0.076;0.042 0.062 0.056 0.046 0.071 0.068 0.044 0.081 0.074 0.05 0.105 0.093 0.057 0.075 0.076;
0.043 0.055 0.068 0.059 0.1 0.059 0.041 0.074 0.043 0.054 0.087 0.082 0.069 0.093 0.073;0.043 0.055 0.059 0.041 0.074 0.068 0.059 0.1 0.043 0.054 0.087 0.082 0.093 0.069 0.073;0.043 0.059 0.068 0.043 0.082 0.055 0.041 0.074 0.059 0.054 0.093 0.1 0.069 0.087 0.073;
0.031 0.066 0.051 0.084 0.11 0.059 0.045 0.074 0.036 0.062 0.067 0.08 0.059 0.114 0.062;0.031 0.066 0.059 0.045 0.074 0.051 0.084 0.11 0.036 0.062 0.067 0.08 0.114 0.059 0.062;0.031 0.059 0.051 0.036 0.08 0.066 0.045 0.074 0.084 0.062 0.114 0.11 0.059 0.067 0.062;
0.04 0.052 0.043 0.073 0.123 0.064 0.03 0.079 0.032 0.066 0.083 0.073 0.075 0.094 0.073;0.04 0.052 0.064 0.03 0.079 0.043 0.073 0.123 0.032 0.066 0.083 0.073 0.094 0.075 0.073;0.04 0.064 0.043 0.032 0.073 0.052 0.03 0.079 0.073 0.066 0.094 0.123 0.075 0.083 0.073;
0.036 0.06 0.062 0.091 0.094 0.067 0.043 0.072 0.042 0.062 0.072 0.074 0.065 0.101 0.059;0.036 0.06 0.067 0.043 0.072 0.062 0.091 0.094 0.042 0.062 0.072 0.074 0.101 0.065 0.059;0.036 0.067 0.062 0.042 0.074 0.06 0.043 0.072 0.091 0.062 0.101 0.094 0.065 0.072 0.059;
0.036 0.047 0.061 0.068 0.089 0.069 0.053 0.082 0.04 0.052 0.083 0.076 0.077 0.104 0.063;0.036 0.047 0.069 0.053 0.082 0.061 0.068 0.089 0.04 0.052 0.083 0.076 0.104 0.077 0.063;0.036 0.069 0.061 0.04 0.076 0.047 0.053 0.082 0.068 0.052 0.104 0.089 0.077 0.083 0.063;
0.034 0.057 0.051 0.076 0.089 0.068 0.026 0.075 0.034 0.049 0.096 0.086 0.09 0.104 0.065;0.034 0.057 0.068 0.026 0.075 0.051 0.076 0.089 0.034 0.049 0.096 0.086 0.104 0.09 0.065;0.034 0.068 0.051 0.034 0.086 0.057 0.026 0.075 0.076 0.049 0.104 0.089 0.09 0.096 0.065;
0.028 0.06 0.057 0.067 0.101 0.063 0.035 0.076 0.046 0.065 0.087 0.079 0.07 0.092 0.074;0.028 0.06 0.063 0.035 0.076 0.057 0.067 0.101 0.046 0.065 0.087 0.079 0.092 0.07 0.074;0.028 0.063 0.057 0.046 0.079 0.06 0.035 0.076 0.067 0.065 0.092 0.101 0.07 0.087 0.074;
0.035 0.067 0.04 0.089 0.106 0.077 0.041 0.098 0.034 0.05 0.076 0.071 0.054 0.095 0.067;0.035 0.067 0.077 0.041 0.098 0.04 0.089 0.106 0.034 0.05 0.076 0.071 0.095 0.054 0.067;0.035 0.077 0.04 0.034 0.071 0.067 0.041 0.098 0.089 0.05 0.095 0.106 0.054 0.076 0.067;
0.035 0.075 0.054 0.067 0.101 0.046 0.046 0.083 0.037 0.062 0.067 0.091 0.073 0.087 0.076;0.035 0.075 0.046 0.046 0.083 0.054 0.067 0.101 0.037 0.062 0.067 0.091 0.087 0.073 0.076;0.035 0.046 0.054 0.037 0.091 0.075 0.046 0.083 0.067 0.062 0.087 0.101 0.073 0.067 0.076;
0.037 0.084 0.055 0.063 0.1 0.063 0.045 0.077 0.035 0.05 0.077 0.072 0.062 0.106 0.074;0.037 0.084 0.063 0.045 0.077 0.055 0.063 0.1 0.035 0.05 0.077 0.072 0.106 0.062 0.074;0.037 0.063 0.055 0.035 0.072 0.084 0.045 0.077 0.063 0.05 0.106 0.1 0.062 0.077 0.074;
0.031 0.065 0.064 0.07 0.096 0.053 0.039 0.07 0.042 0.063 0.082 0.084 0.066 0.101 0.074;0.031 0.065 0.053 0.039 0.07 0.064 0.07 0.096 0.042 0.063 0.082 0.084 0.101 0.066 0.074;0.031 0.053 0.064 0.042 0.084 0.065 0.039 0.07 0.07 0.063 0.101 0.096 0.066 0.082 0.074;
0.034 0.055 0.062 0.07 0.092 0.069 0.049 0.065 0.048 0.066 0.069 0.073 0.068 0.108 0.072;0.034 0.055 0.069 0.049 0.065 0.062 0.07 0.092 0.048 0.066 0.069 0.073 0.108 0.068 0.072;0.034 0.069 0.062 0.048 0.073 0.055 0.049 0.065 0.07 0.066 0.108 0.092 0.068 0.069 0.072;
0.042 0.065 0.05 0.066 0.109 0.059 0.044 0.087 0.038 0.067 0.061 0.071 0.075 0.094 0.072;0.042 0.065 0.059 0.044 0.087 0.05 0.066 0.109 0.038 0.067 0.061 0.071 0.094 0.075 0.072;0.042 0.059 0.05 0.038 0.071 0.065 0.044 0.087 0.066 0.067 0.094 0.109 0.075 0.061 0.072;
0.037 0.056 0.049 0.068 0.115 0.06 0.032 0.084 0.045 0.071 0.064 0.073 0.073 0.109 0.064;0.037 0.056 0.06 0.032 0.084 0.049 0.068 0.115 0.045 0.071 0.064 0.073 0.109 0.073 0.064;0.037 0.06 0.049 0.045 0.073 0.056 0.032 0.084 0.068 0.071 0.109 0.115 0.073 0.064 0.064;
0.03 0.059 0.05 0.078 0.087 0.066 0.038 0.081 0.04 0.052 0.087 0.081 0.06 0.116 0.075;0.03 0.059 0.066 0.038 0.081 0.05 0.078 0.087 0.04 0.052 0.087 0.081 0.116 0.06 0.075;0.03 0.066 0.05 0.04 0.081 0.059 0.038 0.081 0.078 0.052 0.116 0.087 0.06 0.087 0.075;
0.037 0.064 0.059 0.079 0.096 0.054 0.046 0.072 0.041 0.051 0.08 0.068 0.063 0.119 0.071;0.037 0.064 0.054 0.046 0.072 0.059 0.079 0.096 0.041 0.051 0.08 0.068 0.119 0.063 0.071;0.037 0.054 0.059 0.041 0.068 0.064 0.046 0.072 0.079 0.051 0.119 0.096 0.063 0.08 0.071;
0.039 0.069 0.044 0.067 0.103 0.054 0.034 0.096 0.033 0.055 0.072 0.074 0.065 0.122 0.073;0.039 0.069 0.054 0.034 0.096 0.044 0.067 0.103 0.033 0.055 0.072 0.074 0.122 0.065 0.073;0.039 0.054 0.044 0.033 0.074 0.069 0.034 0.096 0.067 0.055 0.122 0.103 0.065 0.072 0.073;
0.039 0.063 0.069 0.073 0.101 0.046 0.037 0.08 0.047 0.055 0.071 0.075 0.077 0.097 0.07;0.039 0.063 0.046 0.037 0.08 0.069 0.073 0.101 0.047 0.055 0.071 0.075 0.097 0.077 0.07;0.039 0.046 0.069 0.047 0.075 0.063 0.037 0.08 0.073 0.055 0.097 0.101 0.077 0.071 0.07;
0.046 0.073 0.071 0.066 0.096 0.063 0.04 0.07 0.037 0.052 0.069 0.077 0.066 0.101 0.073;0.046 0.073 0.063 0.04 0.07 0.071 0.066 0.096 0.037 0.052 0.069 0.077 0.101 0.066 0.073;0.046 0.063 0.071 0.037 0.077 0.073 0.04 0.07 0.066 0.052 0.101 0.096 0.066 0.069 0.073;
0.03 0.067 0.066 0.053 0.122 0.061 0.04 0.084 0.031 0.056 0.084 0.068 0.08 0.095 0.063;0.03 0.067 0.061 0.04 0.084 0.066 0.053 0.122 0.031 0.056 0.084 0.068 0.095 0.08 0.063;0.03 0.061 0.066 0.031 0.068 0.067 0.04 0.084 0.053 0.056 0.095 0.122 0.08 0.084 0.063;
0.031 0.068 0.051 0.084 0.112 0.071 0.039 0.086 0.043 0.047 0.071 0.076 0.068 0.08 0.073;0.031 0.068 0.071 0.039 0.086 0.051 0.084 0.112 0.043 0.047 0.071 0.076 0.08 0.068 0.073;0.031 0.071 0.051 0.043 0.076 0.068 0.039 0.086 0.084 0.047 0.08 0.112 0.068 0.071 0.073;
0.034 0.055 0.056 0.068 0.101 0.064 0.043 0.088 0.043 0.056 0.077 0.079 0.072 0.111 0.053;0.034 0.055 0.064 0.043 0.088 0.056 0.068 0.101 0.043 0.056 0.077 0.079 0.111 0.072 0.053;0.034 0.064 0.056 0.043 0.079 0.055 0.043 0.088 0.068 0.056 0.111 0.101 0.072 0.077 0.053;
0.044 0.075 0.06 0.068 0.093 0.057 0.034 0.063 0.045 0.057 0.085 0.074 0.072 0.11 0.063;0.044 0.075 0.057 0.034 0.063 0.06 0.068 0.093 0.045 0.057 0.085 0.074 0.11 0.072 0.063;0.044 0.057 0.06 0.045 0.074 0.075 0.034 0.063 0.068 0.057 0.11 0.093 0.072 0.085 0.063;
0.025 0.077 0.06 0.082 0.115 0.073 0.036 0.074 0.037 0.055 0.05 0.069 0.09 0.098 0.059;0.025 0.077 0.073 0.036 0.074 0.06 0.082 0.115 0.037 0.055 0.05 0.069 0.098 0.09 0.059;0.025 0.073 0.06 0.037 0.069 0.077 0.036 0.074 0.082 0.055 0.098 0.115 0.09 0.05 0.059;
0.033 0.055 0.053 0.081 0.1 0.065 0.03 0.069 0.044 0.056 0.063 0.082 0.092 0.105 0.072;0.033 0.055 0.065 0.03 0.069 0.053 0.081 0.1 0.044 0.056 0.063 0.082 0.105 0.092 0.072;0.033 0.065 0.053 0.044 0.082 0.055 0.03 0.069 0.081 0.056 0.105 0.1 0.092 0.063 0.072;
0.044 0.065 0.058 0.056 0.103 0.069 0.042 0.084 0.042 0.057 0.071 0.073 0.076 0.09 0.07;0.044 0.065 0.069 0.042 0.084 0.058 0.056 0.103 0.042 0.057 0.071 0.073 0.09 0.076 0.07;0.044 0.069 0.058 0.042 0.073 0.065 0.042 0.084 0.056 0.057 0.09 0.103 0.076 0.071 0.07;
0.037 0.059 0.057 0.078 0.106 0.065 0.034 0.084 0.034 0.046 0.085 0.077 0.079 0.09 0.069;0.037 0.059 0.065 0.034 0.084 0.057 0.078 0.106 0.034 0.046 0.085 0.077 0.09 0.079 0.069;0.037 0.065 0.057 0.034 0.077 0.059 0.034 0.084 0.078 0.046 0.09 0.106 0.079 0.085 0.069;
0.035 0.059 0.058 0.078 0.084 0.062 0.041 0.069 0.041 0.069 0.077 0.083 0.068 0.105 0.071;0.035 0.059 0.062 0.041 0.069 0.058 0.078 0.084 0.041 0.069 0.077 0.083 0.105 0.068 0.071;0.035 0.062 0.058 0.041 0.083 0.059 0.041 0.069 0.078 0.069 0.105 0.084 0.068 0.077 0.071;
0.041 0.065 0.053 0.077 0.106 0.068 0.038 0.096 0.031 0.049 0.073 0.072 0.054 0.098 0.079;0.041 0.065 0.068 0.038 0.096 0.053 0.077 0.106 0.031 0.049 0.073 0.072 0.098 0.054 0.079;0.041 0.068 0.053 0.031 0.072 0.065 0.038 0.096 0.077 0.049 0.098 0.106 0.054 0.073 0.079;
0.043 0.059 0.073 0.058 0.107 0.059 0.03 0.075 0.041 0.061 0.075 0.065 0.066 0.106 0.082;0.043 0.059 0.059 0.03 0.075 0.073 0.058 0.107 0.041 0.061 0.075 0.065 0.106 0.066 0.082;0.043 0.059 0.073 0.041 0.065 0.059 0.03 0.075 0.058 0.061 0.106 0.107 0.066 0.075 0.082;
0.04 0.056 0.062 0.069 0.097 0.062 0.04 0.089 0.038 0.066 0.075 0.066 0.067 0.1 0.073;0.04 0.056 0.062 0.04 0.089 0.062 0.069 0.097 0.038 0.066 0.075 0.066 0.1 0.067 0.073;0.04 0.062 0.062 0.038 0.066 0.056 0.04 0.089 0.069 0.066 0.1 0.097 0.067 0.075 0.073;
0.035 0.066 0.043 0.065 0.108 0.061 0.039 0.075 0.044 0.057 0.069 0.09 0.066 0.089 0.093;0.035 0.066 0.061 0.039 0.075 0.043 0.065 0.108 0.044 0.057 0.069 0.09 0.089 0.066 0.093;0.035 0.061 0.043 0.044 0.09 0.066 0.039 0.075 0.065 0.057 0.089 0.108 0.066 0.069 0.093;
0.028 0.069 0.057 0.08 0.108 0.065 0.042 0.076 0.047 0.048 0.074 0.072 0.066 0.098 0.07;0.028 0.069 0.065 0.042 0.076 0.057 0.08 0.108 0.047 0.048 0.074 0.072 0.098 0.066 0.07;0.028 0.065 0.057 0.047 0.072 0.069 0.042 0.076 0.08 0.048 0.098 0.108 0.066 0.074 0.07;
0.024 0.059 0.057 0.09 0.101 0.066 0.043 0.068 0.039 0.057 0.081 0.072 0.083 0.079 0.081;0.024 0.059 0.066 0.043 0.068 0.057 0.09 0.101 0.039 0.057 0.081 0.072 0.079 0.083 0.081;0.024 0.066 0.057 0.039 0.072 0.059 0.043 0.068 0.09 0.057 0.079 0.101 0.083 0.081 0.081;
0.039 0.069 0.062 0.058 0.111 0.047 0.037 0.085 0.034 0.05 0.072 0.076 0.068 0.128 0.064;0.039 0.069 0.047 0.037 0.085 0.062 0.058 0.111 0.034 0.05 0.072 0.076 0.128 0.068 0.064;0.039 0.047 0.062 0.034 0.076 0.069 0.037 0.085 0.058 0.05 0.128 0.111 0.068 0.072 0.064;
0.041 0.059 0.052 0.077 0.093 0.049 0.056 0.085 0.044 0.052 0.07 0.07 0.077 0.105 0.07;0.041 0.059 0.049 0.056 0.085 0.052 0.077 0.093 0.044 0.052 0.07 0.07 0.105 0.077 0.07;0.041 0.049 0.052 0.044 0.07 0.059 0.056 0.085 0.077 0.052 0.105 0.093 0.077 0.07 0.07;
0.038 0.068 0.047 0.089 0.1 0.065 0.04 0.091 0.043 0.049 0.064 0.065 0.074 0.111 0.056;0.038 0.068 0.065 0.04 0.091 0.047 0.089 0.1 0.043 0.049 0.064 0.065 0.111 0.074 0.056;0.038 0.065 0.047 0.043 0.065 0.068 0.04 0.091 0.089 0.049 0.111 0.1 0.074 0.064 0.056;
0.033 0.069 0.064 0.058 0.101 0.066 0.034 0.092 0.039 0.059 0.084 0.076 0.072 0.083 0.07;0.033 0.069 0.066 0.034 0.092 0.064 0.058 0.101 0.039 0.059 0.084 0.076 0.083 0.072 0.07;0.033 0.066 0.064 0.039 0.076 0.069 0.034 0.092 0.058 0.059 0.083 0.101 0.072 0.084 0.07;
0.035 0.068 0.061 0.066 0.096 0.073 0.043 0.073 0.041 0.061 0.068 0.069 0.067 0.116 0.063;0.035 0.068 0.073 0.043 0.073 0.061 0.066 0.096 0.041 0.061 0.068 0.069 0.116 0.067 0.063;0.035 0.073 0.061 0.041 0.069 0.068 0.043 0.073 0.066 0.061 0.116 0.096 0.067 0.068 0.063;
0.036 0.058 0.056 0.074 0.098 0.059 0.048 0.077 0.047 0.055 0.084 0.076 0.058 0.105 0.069;0.036 0.058 0.059 0.048 0.077 0.056 0.074 0.098 0.047 0.055 0.084 0.076 0.105 0.058 0.069;0.036 0.059 0.056 0.047 0.076 0.058 0.048 0.077 0.074 0.055 0.105 0.098 0.058 0.084 0.069;
0.032 0.059 0.064 0.078 0.097 0.068 0.043 0.069 0.031 0.06 0.073 0.079 0.071 0.106 0.07;0.032 0.059 0.068 0.043 0.069 0.064 0.078 0.097 0.031 0.06 0.073 0.079 0.106 0.071 0.07;0.032 0.068 0.064 0.031 0.079 0.059 0.043 0.069 0.078 0.06 0.106 0.097 0.071 0.073 0.07;
0.035 0.054 0.051 0.069 0.103 0.06 0.042 0.084 0.038 0.063 0.077 0.076 0.091 0.09 0.067;0.035 0.054 0.06 0.042 0.084 0.051 0.069 0.103 0.038 0.063 0.077 0.076 0.09 0.091 0.067;0.035 0.06 0.051 0.038 0.076 0.054 0.042 0.084 0.069 0.063 0.09 0.103 0.091 0.077 0.067;
0.048 0.061 0.067 0.077 0.102 0.074 0.042 0.064 0.034 0.056 0.074 0.083 0.07 0.09 0.058;0.048 0.061 0.074 0.042 0.064 0.067 0.077 0.102 0.034 0.056 0.074 0.083 0.09 0.07 0.058;0.048 0.074 0.067 0.034 0.083 0.061 0.042 0.064 0.077 0.056 0.09 0.102 0.07 0.074 0.058;
0.031 0.076 0.056 0.059 0.1 0.071 0.044 0.071 0.037 0.05 0.074 0.082 0.068 0.102 0.079;0.031 0.076 0.071 0.044 0.071 0.056 0.059 0.1 0.037 0.05 0.074 0.082 0.102 0.068 0.079;0.031 0.071 0.056 0.037 0.082 0.076 0.044 0.071 0.059 0.05 0.102 0.1 0.068 0.074 0.079;
0.038 0.079 0.061 0.065 0.096 0.064 0.04 0.079 0.042 0.065 0.087 0.07 0.058 0.094 0.062;0.038 0.079 0.064 0.04 0.079 0.061 0.065 0.096 0.042 0.065 0.087 0.07 0.094 0.058 0.062;0.038 0.064 0.061 0.042 0.07 0.079 0.04 0.079 0.065 0.065 0.094 0.096 0.058 0.087 0.062;
0.039 0.067 0.043 0.085 0.104 0.068 0.035 0.075 0.03 0.066 0.072 0.075 0.065 0.101 0.075;0.039 0.067 0.068 0.035 0.075 0.043 0.085 0.104 0.03 0.066 0.072 0.075 0.101 0.065 0.075;0.039 0.068 0.043 0.03 0.075 0.067 0.035 0.075 0.085 0.066 0.101 0.104 0.065 0.072 0.075;
0.036 0.065 0.05 0.072 0.11 0.064 0.046 0.078 0.037 0.059 0.078 0.059 0.07 0.1 0.076;0.036 0.065 0.064 0.046 0.078 0.05 0.072 0.11 0.037 0.059 0.078 0.059 0.1 0.07 0.076;0.036 0.064 0.05 0.037 0.059 0.065 0.046 0.078 0.072 0.059 0.1 0.11 0.07 0.078 0.076;
0.027 0.057 0.055 0.083 0.098 0.066 0.036 0.073 0.031 0.069 0.085 0.069 0.071 0.105 0.075;0.027 0.057 0.066 0.036 0.073 0.055 0.083 0.098 0.031 0.069 0.085 0.069 0.105 0.071 0.075;0.027 0.066 0.055 0.031 0.069 0.057 0.036 0.073 0.083 0.069 0.105 0.098 0.071 0.085 0.075;
0.028 0.072 0.052 0.092 0.106 0.06 0.035 0.08 0.039 0.058 0.068 0.073 0.071 0.097 0.069;0.028 0.072 0.06 0.035 0.08 0.052 0.092 0.106 0.039 0.058 0.068 0.073 0.097 0.071 0.069;0.028 0.06 0.052 0.039 0.073 0.072 0.035 0.08 0.092 0.058 0.097 0.106 0.071 0.068 0.069;
0.043 0.064 0.055 0.075 0.108 0.062 0.041 0.072 0.038 0.057 0.082 0.085 0.063 0.097 0.058;0.043 0.064 0.062 0.041 0.072 0.055 0.075 0.108 0.038 0.057 0.082 0.085 0.097 0.063 0.058;0.043 0.062 0.055 0.038 0.085 0.064 0.041 0.072 0.075 0.057 0.097 0.108 0.063 0.082 0.058;
0.039 0.058 0.053 0.087 0.111 0.074 0.032 0.065 0.041 0.06 0.062 0.073 0.066 0.11 0.069;0.039 0.058 0.074 0.032 0.065 0.053 0.087 0.111 0.041 0.06 0.062 0.073 0.11 0.066 0.069;0.039 0.074 0.053 0.041 0.073 0.058 0.032 0.065 0.087 0.06 0.11 0.111 0.066 0.062 0.069;
0.039 0.074 0.054 0.068 0.104 0.058 0.048 0.071 0.047 0.051 0.073 0.079 0.066 0.094 0.074;0.039 0.074 0.058 0.048 0.071 0.054 0.068 0.104 0.047 0.051 0.073 0.079 0.094 0.066 0.074;0.039 0.058 0.054 0.047 0.079 0.074 0.048 0.071 0.068 0.051 0.094 0.104 0.066 0.073 0.074;
0.049 0.083 0.063 0.076 0.089 0.065 0.031 0.074 0.03 0.052 0.072 0.082 0.06 0.112 0.062;0.049 0.083 0.065 0.031 0.074 0.063 0.076 0.089 0.03 0.052 0.072 0.082 0.112 0.06 0.062;0.049 0.065 0.063 0.03 0.082 0.083 0.031 0.074 0.076 0.052 0.112 0.089 0.06 0.072 0.062;
0.041 0.055 0.06 0.085 0.106 0.059 0.038 0.077 0.041 0.054 0.069 0.081 0.065 0.099 0.07;0.041 0.055 0.059 0.038 0.077 0.06 0.085 0.106 0.041 0.054 0.069 0.081 0.099 0.065 0.07;0.041 0.059 0.06 0.041 0.081 0.055 0.038 0.077 0.085 0.054 0.099 0.106 0.065 0.069 0.07;
0.031 0.058 0.058 0.065 0.125 0.044 0.05 0.094 0.036 0.061 0.076 0.069 0.071 0.087 0.075;0.031 0.058 0.044 0.05 0.094 0.058 0.065 0.125 0.036 0.061 0.076 0.069 0.087 0.071 0.075;0.031 0.044 0.058 0.036 0.069 0.058 0.05 0.094 0.065 0.061 0.087 0.125 0.071 0.076 0.075;
0.044 0.061 0.054 0.052 0.112 0.075 0.03 0.066 0.052 0.049 0.082 0.088 0.064 0.101 0.07;0.044 0.061 0.075 0.03 0.066 0.054 0.052 0.112 0.052 0.049 0.082 0.088 0.101 0.064 0.07;0.044 0.075 0.054 0.052 0.088 0.061 0.03 0.066 0.052 0.049 0.101 0.112 0.064 0.082 0.07;
0.039 0.06 0.046 0.061 0.115 0.065 0.05 0.083 0.04 0.057 0.072 0.078 0.078 0.095 0.061;0.039 0.06 0.065 0.05 0.083 0.046 0.061 0.115 0.04 0.057 0.072 0.078 0.095 0.078 0.061;0.039 0.065 0.046 0.04 0.078 0.06 0.05 0.083 0.061 0.057 0.095 0.115 0.078 0.072 0.061;
0.043 0.078 0.062 0.069 0.093 0.068 0.051 0.079 0.038 0.047 0.073 0.078 0.062 0.088 0.071;0.043 0.078 0.068 0.051 0.079 0.062 0.069 0.093 0.038 0.047 0.073 0.078 0.088 0.062 0.071;0.043 0.068 0.062 0.038 0.078 0.078 0.051 0.079 0.069 0.047 0.088 0.093 0.062 0.073 0.071;
0.036 0.075 0.054 0.07 0.093 0.068 0.04 0.073 0.051 0.059 0.069 0.066 0.078 0.101 0.067;0.036 0.075 0.068 0.04 0.073 0.054 0.07 0.093 0.051 0.059 0.069 0.066 0.101 0.078 0.067;0.036 0.068 0.054 0.051 0.066 0.075 0.04 0.073 0.07 0.059 0.101 0.093 0.078 0.069 0.067;
0.036 0.067 0.068 0.062 0.087 0.062 0.045 0.082 0.043 0.057 0.08 0.072 0.075 0.092 0.072;0.036 0.067 0.062 0.045 0.082 0.068 0.062 0.087 0.043 0.057 0.08 0.072 0.092 0.075 0.072;0.036 0.062 0.068 0.043 0.072 0.067 0.045 0.082 0.062 0.057 0.092 0.087 0.075 0.08 0.072;
0.036 0.077 0.062 0.069 0.093 0.071 0.045 0.078 0.044 0.063 0.088 0.064 0.061 0.093 0.056;0.036 0.077 0.071 0.045 0.078 0.062 0.069 0.093 0.044 0.063 0.088 0.064 0.093 0.061 0.056;0.036 0.071 0.062 0.044 0.064 0.077 0.045 0.078 0.069 0.063 0.093 0.093 0.061 0.088 0.056;
0.032 0.057 0.05 0.058 0.116 0.073 0.039 0.071 0.041 0.054 0.079 0.075 0.085 0.088 0.082;0.032 0.057 0.073 0.039 0.071 0.05 0.058 0.116 0.041 0.054 0.079 0.075 0.088 0.085 0.082;0.032 0.073 0.05 0.041 0.075 0.057 0.039 0.071 0.058 0.054 0.088 0.116 0.085 0.079 0.082;
0.026 0.058 0.05 0.063 0.098 0.071 0.029 0.083 0.031 0.057 0.078 0.077 0.081 0.117 0.081;0.026 0.058 0.071 0.029 0.083 0.05 0.063 0.098 0.031 0.057 0.078 0.077 0.117 0.081 0.081;0.026 0.071 0.05 0.031 0.077 0.058 0.029 0.083 0.063 0.057 0.117 0.098 0.081 0.078 0.081;
0.022 0.071 0.063 0.065 0.104 0.078 0.045 0.082 0.04 0.052 0.069 0.072 0.071 0.097 0.069;0.022 0.071 0.078 0.045 0.082 0.063 0.065 0.104 0.04 0.052 0.069 0.072 0.097 0.071 0.069;0.022 0.078 0.063 0.04 0.072 0.071 0.045 0.082 0.065 0.052 0.097 0.104 0.071 0.069 0.069;
0.04 0.061 0.06 0.078 0.107 0.055 0.034 0.091 0.036 0.047 0.079 0.078 0.072 0.092 0.07;0.04 0.061 0.055 0.034 0.091 0.06 0.078 0.107 0.036 0.047 0.079 0.078 0.092 0.072 0.07;0.04 0.055 0.06 0.036 0.078 0.061 0.034 0.091 0.078 0.047 0.092 0.107 0.072 0.079 0.07;
0.039 0.052 0.052 0.068 0.125 0.069 0.033 0.073 0.049 0.047 0.064 0.082 0.083 0.104 0.06;0.039 0.052 0.069 0.033 0.073 0.052 0.068 0.125 0.049 0.047 0.064 0.082 0.104 0.083 0.06;0.039 0.069 0.052 0.049 0.082 0.052 0.033 0.073 0.068 0.047 0.104 0.125 0.083 0.064 0.06;
0.039 0.066 0.059 0.056 0.111 0.06 0.033 0.083 0.036 0.071 0.069 0.062 0.084 0.096 0.075;0.039 0.066 0.06 0.033 0.083 0.059 0.056 0.111 0.036 0.071 0.069 0.062 0.096 0.084 0.075;0.039 0.06 0.059 0.036 0.062 0.066 0.033 0.083 0.056 0.071 0.096 0.111 0.084 0.069 0.075;
0.039 0.062 0.069 0.065 0.105 0.07 0.03 0.089 0.048 0.065 0.07 0.077 0.068 0.086 0.057;0.039 0.062 0.07 0.03 0.089 0.069 0.065 0.105 0.048 0.065 0.07 0.077 0.086 0.068 0.057;0.039 0.07 0.069 0.048 0.077 0.062 0.03 0.089 0.065 0.065 0.086 0.105 0.068 0.07 0.057;
0.036 0.056 0.066 0.064 0.087 0.069 0.044 0.079 0.041 0.068 0.08 0.074 0.064 0.113 0.059;0.036 0.056 0.069 0.044 0.079 0.066 0.064 0.087 0.041 0.068 0.08 0.074 0.113 0.064 0.059;0.036 0.069 0.066 0.041 0.074 0.056 0.044 0.079 0.064 0.068 0.113 0.087 0.064 0.08 0.059;
0.033 0.072 0.042 0.081 0.111 0.068 0.039 0.071 0.041 0.053 0.088 0.063 0.077 0.097 0.064;0.033 0.072 0.068 0.039 0.071 0.042 0.081 0.111 0.041 0.053 0.088 0.063 0.097 0.077 0.064;0.033 0.068 0.042 0.041 0.063 0.072 0.039 0.071 0.081 0.053 0.097 0.111 0.077 0.088 0.064;
0.03 0.052 0.058 0.059 0.089 0.062 0.036 0.078 0.043 0.055 0.083 0.081 0.088 0.118 0.068;0.03 0.052 0.062 0.036 0.078 0.058 0.059 0.089 0.043 0.055 0.083 0.081 0.118 0.088 0.068;0.03 0.062 0.058 0.043 0.081 0.052 0.036 0.078 0.059 0.055 0.118 0.089 0.088 0.083 0.068;
0.033 0.056 0.057 0.08 0.115 0.069 0.036 0.081 0.035 0.056 0.063 0.078 0.059 0.111 0.071;0.033 0.056 0.069 0.036 0.081 0.057 0.08 0.115 0.035 0.056 0.063 0.078 0.111 0.059 0.071;0.033 0.069 0.057 0.035 0.078 0.056 0.036 0.081 0.08 0.056 0.111 0.115 0.059 0.063 0.071;
0.037 0.066 0.063 0.058 0.122 0.063 0.046 0.08 0.024 0.053 0.074 0.071 0.071 0.105 0.067;0.037 0.066 0.063 0.046 0.08 0.063 0.058 0.122 0.024 0.053 0.074 0.071 0.105 0.071 0.067;0.037 0.063 0.063 0.024 0.071 0.066 0.046 0.08 0.058 0.053 0.105 0.122 0.071 0.074 0.067;
0.032 0.052 0.055 0.07 0.118 0.064 0.04 0.068 0.046 0.056 0.088 0.088 0.069 0.087 0.067;0.032 0.052 0.064 0.04 0.068 0.055 0.07 0.118 0.046 0.056 0.088 0.088 0.087 0.069 0.067;0.032 0.064 0.055 0.046 0.088 0.052 0.04 0.068 0.07 0.056 0.087 0.118 0.069 0.088 0.067;
0.032 0.055 0.061 0.058 0.086 0.069 0.045 0.079 0.035 0.044 0.08 0.089 0.068 0.116 0.083;0.032 0.055 0.069 0.045 0.079 0.061 0.058 0.086 0.035 0.044 0.08 0.089 0.116 0.068 0.083;0.032 0.069 0.061 0.035 0.089 0.055 0.045 0.079 0.058 0.044 0.116 0.086 0.068 0.08 0.083;
0.038 0.07 0.054 0.049 0.099 0.066 0.044 0.079 0.035 0.064 0.072 0.099 0.062 0.098 0.071;0.038 0.07 0.066 0.044 0.079 0.054 0.049 0.099 0.035 0.064 0.072 0.099 0.098 0.062 0.071;0.038 0.066 0.054 0.035 0.099 0.07 0.044 0.079 0.049 0.064 0.098 0.099 0.062 0.072 0.071;
0.029 0.064 0.055 0.073 0.104 0.065 0.041 0.086 0.035 0.047 0.076 0.081 0.061 0.107 0.076;0.029 0.064 0.065 0.041 0.086 0.055 0.073 0.104 0.035 0.047 0.076 0.081 0.107 0.061 0.076;0.029 0.065 0.055 0.035 0.081 0.064 0.041 0.086 0.073 0.047 0.107 0.104 0.061 0.076 0.076;
0.044 0.052 0.051 0.062 0.106 0.061 0.048 0.075 0.036 0.044 0.076 0.083 0.069 0.124 0.069;0.044 0.052 0.061 0.048 0.075 0.051 0.062 0.106 0.036 0.044 0.076 0.083 0.124 0.069 0.069;0.044 0.061 0.051 0.036 0.083 0.052 0.048 0.075 0.062 0.044 0.124 0.106 0.069 0.076 0.069;
0.03 0.056 0.071 0.076 0.114 0.057 0.022 0.076 0.037 0.06 0.086 0.073 0.069 0.096 0.077;0.03 0.056 0.057 0.022 0.076 0.071 0.076 0.114 0.037 0.06 0.086 0.073 0.096 0.069 0.077;0.03 0.057 0.071 0.037 0.073 0.056 0.022 0.076 0.076 0.06 0.096 0.114 0.069 0.086 0.077;
0.039 0.052 0.052 0.081 0.103 0.054 0.039 0.086 0.038 0.066 0.078 0.076 0.07 0.096 0.07;0.039 0.052 0.054 0.039 0.086 0.052 0.081 0.103 0.038 0.066 0.078 0.076 0.096 0.07 0.07;0.039 0.054 0.052 0.038 0.076 0.052 0.039 0.086 0.081 0.066 0.096 0.103 0.07 0.078 0.07;
0.033 0.07 0.058 0.074 0.087 0.069 0.031 0.08 0.04 0.051 0.088 0.057 0.092 0.106 0.064;0.033 0.07 0.069 0.031 0.08 0.058 0.074 0.087 0.04 0.051 0.088 0.057 0.106 0.092 0.064;0.033 0.069 0.058 0.04 0.057 0.07 0.031 0.08 0.074 0.051 0.106 0.087 0.092 0.088 0.064;
0.039 0.062 0.053 0.08 0.101 0.059 0.026 0.066 0.038 0.059 0.084 0.074 0.072 0.107 0.08;0.039 0.062 0.059 0.026 0.066 0.053 0.08 0.101 0.038 0.059 0.084 0.074 0.107 0.072 0.08;0.039 0.059 0.053 0.038 0.074 0.062 0.026 0.066 0.08 0.059 0.107 0.101 0.072 0.084 0.08;
0.033 0.065 0.047 0.077 0.105 0.059 0.045 0.079 0.04 0.056 0.065 0.075 0.079 0.117 0.058;0.033 0.065 0.059 0.045 0.079 0.047 0.077 0.105 0.04 0.056 0.065 0.075 0.117 0.079 0.058;0.033 0.059 0.047 0.04 0.075 0.065 0.045 0.079 0.077 0.056 0.117 0.105 0.079 0.065 0.058;
0.035 0.072 0.049 0.069 0.11 0.063 0.037 0.068 0.029 0.065 0.079 0.069 0.085 0.096 0.074;0.035 0.072 0.063 0.037 0.068 0.049 0.069 0.11 0.029 0.065 0.079 0.069 0.096 0.085 0.074;0.035 0.063 0.049 0.029 0.069 0.072 0.037 0.068 0.069 0.065 0.096 0.11 0.085 0.079 0.074;
0.03 0.064 0.069 0.061 0.091 0.057 0.051 0.082 0.042 0.06 0.078 0.064 0.075 0.101 0.075;0.03 0.064 0.057 0.051 0.082 0.069 0.061 0.091 0.042 0.06 0.078 0.064 0.101 0.075 0.075;0.03 0.057 0.069 0.042 0.064 0.064 0.051 0.082 0.061 0.06 0.101 0.091 0.075 0.078 0.075;
0.03 0.059 0.059 0.065 0.087 0.059 0.043 0.093 0.038 0.062 0.084 0.08 0.071 0.097 0.073;0.03 0.059 0.059 0.043 0.093 0.059 0.065 0.087 0.038 0.062 0.084 0.08 0.097 0.071 0.073;0.03 0.059 0.059 0.038 0.08 0.059 0.043 0.093 0.065 0.062 0.097 0.087 0.071 0.084 0.073;
0.035 0.057 0.055 0.065 0.098 0.078 0.05 0.085 0.031 0.058 0.069 0.079 0.078 0.099 0.063;0.035 0.057 0.078 0.05 0.085 0.055 0.065 0.098 0.031 0.058 0.069 0.079 0.099 0.078 0.063;0.035 0.078 0.055 0.031 0.079 0.057 0.05 0.085 0.065 0.058 0.099 0.098 0.078 0.069 0.063;
0.045 0.07 0.061 0.065 0.093 0.071 0.056 0.08 0.034 0.04 0.099 0.06 0.065 0.09 0.071;0.045 0.07 0.071 0.056 0.08 0.061 0.065 0.093 0.034 0.04 0.099 0.06 0.09 0.065 0.071;0.045 0.071 0.061 0.034 0.06 0.07 0.056 0.08 0.065 0.04 0.09 0.093 0.065 0.099 0.071;
0.032 0.067 0.05 0.089 0.095 0.053 0.032 0.091 0.037 0.045 0.073 0.092 0.073 0.089 0.082;0.032 0.067 0.053 0.032 0.091 0.05 0.089 0.095 0.037 0.045 0.073 0.092 0.089 0.073 0.082;0.032 0.053 0.05 0.037 0.092 0.067 0.032 0.091 0.089 0.045 0.089 0.095 0.073 0.073 0.082;
0.037 0.054 0.059 0.079 0.087 0.073 0.039 0.091 0.033 0.048 0.071 0.066 0.093 0.096 0.074;0.037 0.054 0.073 0.039 0.091 0.059 0.079 0.087 0.033 0.048 0.071 0.066 0.096 0.093 0.074;0.037 0.073 0.059 0.033 0.066 0.054 0.039 0.091 0.079 0.048 0.096 0.087 0.093 0.071 0.074;
0.031 0.063 0.062 0.084 0.102 0.054 0.05 0.076 0.042 0.046 0.08 0.079 0.083 0.098 0.05;0.031 0.063 0.054 0.05 0.076 0.062 0.084 0.102 0.042 0.046 0.08 0.079 0.098 0.083 0.05;0.031 0.054 0.062 0.042 0.079 0.063 0.05 0.076 0.084 0.046 0.098 0.102 0.083 0.08 0.05;
0.037 0.067 0.056 0.046 0.106 0.069 0.032 0.076 0.043 0.065 0.08 0.075 0.059 0.112 0.077;0.037 0.067 0.069 0.032 0.076 0.056 0.046 0.106 0.043 0.065 0.08 0.075 0.112 0.059 0.077;0.037 0.069 0.056 0.043 0.075 0.067 0.032 0.076 0.046 0.065 0.112 0.106 0.059 0.08 0.077];