pntP=[0.025 0.051 0.04 0.066 0.115 0.056 0.043 0.085 0.05 0.054 0.085 0.082 0.083 0.092 0.073;0.025 0.051 0.056 0.043 0.085 0.04 0.066 0.115 0.05 0.054 0.085 0.082 0.092 0.083 0.073;0.025 0.056 0.04 0.05 0.082 0.051 0.043 0.085 0.066 0.054 0.092 0.115 0.083 0.085 0.073;
0.024 0.047 0.056 0.054 0.102 0.057 0.038 0.077 0.038 0.062 0.074 0.108 0.081 0.11 0.072;0.024 0.047 0.057 0.038 0.077 0.056 0.054 0.102 0.038 0.062 0.074 0.108 0.11 0.081 0.072;0.024 0.057 0.056 0.038 0.108 0.047 0.038 0.077 0.054 0.062 0.11 0.102 0.081 0.074 0.072;
0.025 0.061 0.05 0.061 0.093 0.047 0.036 0.081 0.039 0.06 0.093 0.082 0.103 0.107 0.062;0.025 0.061 0.047 0.036 0.081 0.05 0.061 0.093 0.039 0.06 0.093 0.082 0.107 0.103 0.062;0.025 0.047 0.05 0.039 0.082 0.061 0.036 0.081 0.061 0.06 0.107 0.093 0.103 0.093 0.062;
0.025 0.054 0.052 0.045 0.087 0.047 0.041 0.088 0.04 0.05 0.106 0.087 0.073 0.113 0.092;0.025 0.054 0.047 0.041 0.088 0.052 0.045 0.087 0.04 0.05 0.106 0.087 0.113 0.073 0.092;0.025 0.047 0.052 0.04 0.087 0.054 0.041 0.088 0.045 0.05 0.113 0.087 0.073 0.106 0.092;
0.019 0.051 0.057 0.055 0.101 0.063 0.043 0.083 0.037 0.042 0.082 0.083 0.082 0.121 0.081;0.019 0.051 0.063 0.043 0.083 0.057 0.055 0.101 0.037 0.042 0.082 0.083 0.121 0.082 0.081;0.019 0.063 0.057 0.037 0.083 0.051 0.043 0.083 0.055 0.042 0.121 0.101 0.082 0.082 0.081;
0.02 0.048 0.064 0.038 0.117 0.056 0.055 0.083 0.04 0.041 0.089 0.083 0.086 0.09 0.09;0.02 0.048 0.056 0.055 0.083 0.064 0.038 0.117 0.04 0.041 0.089 0.083 0.09 0.086 0.09;0.02 0.056 0.064 0.04 0.083 0.048 0.055 0.083 0.038 0.041 0.09 0.117 0.086 0.089 0.09;
0.03 0.065 0.055 0.045 0.117 0.043 0.028 0.068 0.05 0.058 0.09 0.084 0.103 0.088 0.076;0.03 0.065 0.043 0.028 0.068 0.055 0.045 0.117 0.05 0.058 0.09 0.084 0.088 0.103 0.076;0.03 0.043 0.055 0.05 0.084 0.065 0.028 0.068 0.045 0.058 0.088 0.117 0.103 0.09 0.076;
0.022 0.058 0.05 0.064 0.088 0.057 0.038 0.089 0.036 0.063 0.078 0.084 0.081 0.105 0.087;0.022 0.058 0.057 0.038 0.089 0.05 0.064 0.088 0.036 0.063 0.078 0.084 0.105 0.081 0.087;0.022 0.057 0.05 0.036 0.084 0.058 0.038 0.089 0.064 0.063 0.105 0.088 0.081 0.078 0.087;
0.029 0.047 0.054 0.052 0.098 0.053 0.036 0.083 0.053 0.068 0.093 0.07 0.079 0.105 0.08;0.029 0.047 0.053 0.036 0.083 0.054 0.052 0.098 0.053 0.068 0.093 0.07 0.105 0.079 0.08;0.029 0.053 0.054 0.053 0.07 0.047 0.036 0.083 0.052 0.068 0.105 0.098 0.079 0.093 0.08;
0.028 0.052 0.043 0.068 0.087 0.049 0.046 0.081 0.038 0.048 0.091 0.105 0.083 0.114 0.067;0.028 0.052 0.049 0.046 0.081 0.043 0.068 0.087 0.038 0.048 0.091 0.105 0.114 0.083 0.067;0.028 0.049 0.043 0.038 0.105 0.052 0.046 0.081 0.068 0.048 0.114 0.087 0.083 0.091 0.067;
0.021 0.046 0.06 0.055 0.102 0.056 0.051 0.077 0.05 0.057 0.071 0.075 0.085 0.104 0.09;0.021 0.046 0.056 0.051 0.077 0.06 0.055 0.102 0.05 0.057 0.071 0.075 0.104 0.085 0.09;0.021 0.056 0.06 0.05 0.075 0.046 0.051 0.077 0.055 0.057 0.104 0.102 0.085 0.071 0.09;
0.018 0.056 0.05 0.063 0.098 0.051 0.054 0.08 0.037 0.066 0.086 0.086 0.088 0.102 0.065;0.018 0.056 0.051 0.054 0.08 0.05 0.063 0.098 0.037 0.066 0.086 0.086 0.102 0.088 0.065;0.018 0.051 0.05 0.037 0.086 0.056 0.054 0.08 0.063 0.066 0.102 0.098 0.088 0.086 0.065;
0.024 0.049 0.063 0.076 0.105 0.057 0.046 0.082 0.031 0.035 0.078 0.082 0.086 0.093 0.093;0.024 0.049 0.057 0.046 0.082 0.063 0.076 0.105 0.031 0.035 0.078 0.082 0.093 0.086 0.093;0.024 0.057 0.063 0.031 0.082 0.049 0.046 0.082 0.076 0.035 0.093 0.105 0.086 0.078 0.093;
0.03 0.044 0.038 0.063 0.121 0.046 0.03 0.089 0.042 0.055 0.084 0.089 0.083 0.103 0.083;0.03 0.044 0.046 0.03 0.089 0.038 0.063 0.121 0.042 0.055 0.084 0.089 0.103 0.083 0.083;0.03 0.046 0.038 0.042 0.089 0.044 0.03 0.089 0.063 0.055 0.103 0.121 0.083 0.084 0.083;
0.024 0.056 0.046 0.053 0.089 0.055 0.053 0.102 0.055 0.057 0.07 0.089 0.087 0.082 0.082;0.024 0.056 0.055 0.053 0.102 0.046 0.053 0.089 0.055 0.057 0.07 0.089 0.082 0.087 0.082;0.024 0.055 0.046 0.055 0.089 0.056 0.053 0.102 0.053 0.057 0.082 0.089 0.087 0.07 0.082;
0.019 0.059 0.055 0.06 0.088 0.046 0.045 0.094 0.039 0.056 0.075 0.094 0.085 0.096 0.089;0.019 0.059 0.046 0.045 0.094 0.055 0.06 0.088 0.039 0.056 0.075 0.094 0.096 0.085 0.089;0.019 0.046 0.055 0.039 0.094 0.059 0.045 0.094 0.06 0.056 0.096 0.088 0.085 0.075 0.089;
0.019 0.059 0.052 0.052 0.1 0.07 0.053 0.073 0.042 0.055 0.08 0.09 0.084 0.086 0.085;0.019 0.059 0.07 0.053 0.073 0.052 0.052 0.1 0.042 0.055 0.08 0.09 0.086 0.084 0.085;0.019 0.07 0.052 0.042 0.09 0.059 0.053 0.073 0.052 0.055 0.086 0.1 0.084 0.08 0.085;
0.023 0.049 0.055 0.065 0.094 0.051 0.062 0.092 0.038 0.053 0.083 0.089 0.079 0.091 0.076;0.023 0.049 0.051 0.062 0.092 0.055 0.065 0.094 0.038 0.053 0.083 0.089 0.091 0.079 0.076;0.023 0.051 0.055 0.038 0.089 0.049 0.062 0.092 0.065 0.053 0.091 0.094 0.079 0.083 0.076;
0.027 0.051 0.045 0.047 0.1 0.058 0.048 0.081 0.051 0.052 0.074 0.08 0.093 0.089 0.104;0.027 0.051 0.058 0.048 0.081 0.045 0.047 0.1 0.051 0.052 0.074 0.08 0.089 0.093 0.104;0.027 0.058 0.045 0.051 0.08 0.051 0.048 0.081 0.047 0.052 0.089 0.1 0.093 0.074 0.104;
0.03 0.048 0.052 0.055 0.093 0.049 0.05 0.087 0.034 0.054 0.087 0.098 0.091 0.091 0.081;0.03 0.048 0.049 0.05 0.087 0.052 0.055 0.093 0.034 0.054 0.087 0.098 0.091 0.091 0.081;0.03 0.049 0.052 0.034 0.098 0.048 0.05 0.087 0.055 0.054 0.091 0.093 0.091 0.087 0.081;
0.018 0.045 0.047 0.051 0.118 0.062 0.046 0.068 0.058 0.062 0.078 0.087 0.089 0.088 0.083;0.018 0.045 0.062 0.046 0.068 0.047 0.051 0.118 0.058 0.062 0.078 0.087 0.088 0.089 0.083;0.018 0.062 0.047 0.058 0.087 0.045 0.046 0.068 0.051 0.062 0.088 0.118 0.089 0.078 0.083;
0.024 0.049 0.06 0.053 0.081 0.059 0.048 0.09 0.051 0.065 0.077 0.088 0.082 0.106 0.067;0.024 0.049 0.059 0.048 0.09 0.06 0.053 0.081 0.051 0.065 0.077 0.088 0.106 0.082 0.067;0.024 0.059 0.06 0.051 0.088 0.049 0.048 0.09 0.053 0.065 0.106 0.081 0.082 0.077 0.067;
0.025 0.054 0.054 0.065 0.091 0.058 0.038 0.092 0.049 0.058 0.09 0.079 0.09 0.094 0.063;0.025 0.054 0.058 0.038 0.092 0.054 0.065 0.091 0.049 0.058 0.09 0.079 0.094 0.09 0.063;0.025 0.058 0.054 0.049 0.079 0.054 0.038 0.092 0.065 0.058 0.094 0.091 0.09 0.09 0.063;
0.022 0.043 0.046 0.058 0.097 0.053 0.039 0.076 0.055 0.058 0.104 0.084 0.104 0.079 0.082;0.022 0.043 0.053 0.039 0.076 0.046 0.058 0.097 0.055 0.058 0.104 0.084 0.079 0.104 0.082;0.022 0.053 0.046 0.055 0.084 0.043 0.039 0.076 0.058 0.058 0.079 0.097 0.104 0.104 0.082;
0.024 0.051 0.052 0.062 0.076 0.058 0.041 0.086 0.052 0.05 0.083 0.086 0.078 0.104 0.097;0.024 0.051 0.058 0.041 0.086 0.052 0.062 0.076 0.052 0.05 0.083 0.086 0.104 0.078 0.097;0.024 0.058 0.052 0.052 0.086 0.051 0.041 0.086 0.062 0.05 0.104 0.076 0.078 0.083 0.097;
0.027 0.066 0.045 0.059 0.083 0.05 0.05 0.101 0.048 0.057 0.08 0.092 0.074 0.096 0.072;0.027 0.066 0.05 0.05 0.101 0.045 0.059 0.083 0.048 0.057 0.08 0.092 0.096 0.074 0.072;0.027 0.05 0.045 0.048 0.092 0.066 0.05 0.101 0.059 0.057 0.096 0.083 0.074 0.08 0.072;
0.019 0.05 0.055 0.057 0.113 0.048 0.049 0.066 0.04 0.044 0.09 0.093 0.096 0.104 0.076;0.019 0.05 0.048 0.049 0.066 0.055 0.057 0.113 0.04 0.044 0.09 0.093 0.104 0.096 0.076;0.019 0.048 0.055 0.04 0.093 0.05 0.049 0.066 0.057 0.044 0.104 0.113 0.096 0.09 0.076;
0.019 0.053 0.058 0.056 0.097 0.065 0.041 0.101 0.037 0.047 0.082 0.101 0.078 0.085 0.08;0.019 0.053 0.065 0.041 0.101 0.058 0.056 0.097 0.037 0.047 0.082 0.101 0.085 0.078 0.08;0.019 0.065 0.058 0.037 0.101 0.053 0.041 0.101 0.056 0.047 0.085 0.097 0.078 0.082 0.08;
0.018 0.051 0.05 0.055 0.095 0.057 0.039 0.097 0.046 0.044 0.093 0.098 0.079 0.091 0.087;0.018 0.051 0.057 0.039 0.097 0.05 0.055 0.095 0.046 0.044 0.093 0.098 0.091 0.079 0.087;0.018 0.057 0.05 0.046 0.098 0.051 0.039 0.097 0.055 0.044 0.091 0.095 0.079 0.093 0.087;
0.024 0.054 0.056 0.062 0.089 0.066 0.043 0.069 0.043 0.061 0.083 0.09 0.084 0.093 0.083;0.024 0.054 0.066 0.043 0.069 0.056 0.062 0.089 0.043 0.061 0.083 0.09 0.093 0.084 0.083;0.024 0.066 0.056 0.043 0.09 0.054 0.043 0.069 0.062 0.061 0.093 0.089 0.084 0.083 0.083;
0.023 0.042 0.055 0.066 0.108 0.057 0.039 0.095 0.04 0.052 0.069 0.08 0.09 0.098 0.086;0.023 0.042 0.057 0.039 0.095 0.055 0.066 0.108 0.04 0.052 0.069 0.08 0.098 0.09 0.086;0.023 0.057 0.055 0.04 0.08 0.042 0.039 0.095 0.066 0.052 0.098 0.108 0.09 0.069 0.086;
0.023 0.059 0.059 0.056 0.095 0.05 0.042 0.081 0.047 0.061 0.088 0.089 0.081 0.079 0.09;0.023 0.059 0.05 0.042 0.081 0.059 0.056 0.095 0.047 0.061 0.088 0.089 0.079 0.081 0.09;0.023 0.05 0.059 0.047 0.089 0.059 0.042 0.081 0.056 0.061 0.079 0.095 0.081 0.088 0.09;
0.024 0.045 0.054 0.064 0.079 0.057 0.056 0.078 0.039 0.04 0.096 0.09 0.093 0.099 0.086;0.024 0.045 0.057 0.056 0.078 0.054 0.064 0.079 0.039 0.04 0.096 0.09 0.099 0.093 0.086;0.024 0.057 0.054 0.039 0.09 0.045 0.056 0.078 0.064 0.04 0.099 0.079 0.093 0.096 0.086;
0.02 0.046 0.047 0.051 0.11 0.047 0.047 0.073 0.052 0.043 0.091 0.107 0.078 0.106 0.082;0.02 0.046 0.047 0.047 0.073 0.047 0.051 0.11 0.052 0.043 0.091 0.107 0.106 0.078 0.082;0.02 0.047 0.047 0.052 0.107 0.046 0.047 0.073 0.051 0.043 0.106 0.11 0.078 0.091 0.082;
0.024 0.049 0.04 0.063 0.095 0.065 0.05 0.081 0.033 0.049 0.083 0.099 0.078 0.094 0.097;0.024 0.049 0.065 0.05 0.081 0.04 0.063 0.095 0.033 0.049 0.083 0.099 0.094 0.078 0.097;0.024 0.065 0.04 0.033 0.099 0.049 0.05 0.081 0.063 0.049 0.094 0.095 0.078 0.083 0.097;
0.023 0.061 0.056 0.072 0.09 0.041 0.045 0.077 0.037 0.042 0.092 0.101 0.085 0.098 0.08;0.023 0.061 0.041 0.045 0.077 0.056 0.072 0.09 0.037 0.042 0.092 0.101 0.098 0.085 0.08;0.023 0.041 0.056 0.037 0.101 0.061 0.045 0.077 0.072 0.042 0.098 0.09 0.085 0.092 0.08;
0.021 0.06 0.05 0.064 0.098 0.046 0.043 0.086 0.051 0.059 0.065 0.08 0.094 0.097 0.086;0.021 0.06 0.046 0.043 0.086 0.05 0.064 0.098 0.051 0.059 0.065 0.08 0.097 0.094 0.086;0.021 0.046 0.05 0.051 0.08 0.06 0.043 0.086 0.064 0.059 0.097 0.098 0.094 0.065 0.086;
0.017 0.052 0.06 0.047 0.089 0.063 0.044 0.1 0.04 0.045 0.093 0.089 0.07 0.107 0.084;0.017 0.052 0.063 0.044 0.1 0.06 0.047 0.089 0.04 0.045 0.093 0.089 0.107 0.07 0.084;0.017 0.063 0.06 0.04 0.089 0.052 0.044 0.1 0.047 0.045 0.107 0.089 0.07 0.093 0.084;
0.032 0.055 0.054 0.057 0.085 0.052 0.045 0.077 0.046 0.061 0.084 0.092 0.084 0.091 0.085;0.032 0.055 0.052 0.045 0.077 0.054 0.057 0.085 0.046 0.061 0.084 0.092 0.091 0.084 0.085;0.032 0.052 0.054 0.046 0.092 0.055 0.045 0.077 0.057 0.061 0.091 0.085 0.084 0.084 0.085;
0.026 0.056 0.045 0.056 0.111 0.043 0.039 0.089 0.036 0.054 0.088 0.091 0.081 0.105 0.08;0.026 0.056 0.043 0.039 0.089 0.045 0.056 0.111 0.036 0.054 0.088 0.091 0.105 0.081 0.08;0.026 0.043 0.045 0.036 0.091 0.056 0.039 0.089 0.056 0.054 0.105 0.111 0.081 0.088 0.08;
0.02 0.051 0.051 0.063 0.105 0.06 0.047 0.092 0.04 0.049 0.086 0.088 0.083 0.085 0.08;0.02 0.051 0.06 0.047 0.092 0.051 0.063 0.105 0.04 0.049 0.086 0.088 0.085 0.083 0.08;0.02 0.06 0.051 0.04 0.088 0.051 0.047 0.092 0.063 0.049 0.085 0.105 0.083 0.086 0.08;
0.021 0.047 0.05 0.062 0.091 0.051 0.049 0.083 0.052 0.053 0.079 0.076 0.091 0.098 0.097;0.021 0.047 0.051 0.049 0.083 0.05 0.062 0.091 0.052 0.053 0.079 0.076 0.098 0.091 0.097;0.021 0.051 0.05 0.052 0.076 0.047 0.049 0.083 0.062 0.053 0.098 0.091 0.091 0.079 0.097;
0.021 0.052 0.054 0.057 0.095 0.061 0.05 0.071 0.041 0.048 0.089 0.092 0.079 0.106 0.084;0.021 0.052 0.061 0.05 0.071 0.054 0.057 0.095 0.041 0.048 0.089 0.092 0.106 0.079 0.084;0.021 0.061 0.054 0.041 0.092 0.052 0.05 0.071 0.057 0.048 0.106 0.095 0.079 0.089 0.084;
0.021 0.059 0.066 0.053 0.095 0.057 0.044 0.099 0.037 0.056 0.083 0.077 0.085 0.087 0.081;0.021 0.059 0.057 0.044 0.099 0.066 0.053 0.095 0.037 0.056 0.083 0.077 0.087 0.085 0.081;0.021 0.057 0.066 0.037 0.077 0.059 0.044 0.099 0.053 0.056 0.087 0.095 0.085 0.083 0.081;
0.024 0.056 0.042 0.048 0.109 0.051 0.035 0.076 0.051 0.054 0.091 0.091 0.09 0.109 0.073;0.024 0.056 0.051 0.035 0.076 0.042 0.048 0.109 0.051 0.054 0.091 0.091 0.109 0.09 0.073;0.024 0.051 0.042 0.051 0.091 0.056 0.035 0.076 0.048 0.054 0.109 0.109 0.09 0.091 0.073;
0.026 0.072 0.057 0.063 0.091 0.06 0.035 0.076 0.044 0.046 0.092 0.077 0.072 0.1 0.089;0.026 0.072 0.06 0.035 0.076 0.057 0.063 0.091 0.044 0.046 0.092 0.077 0.1 0.072 0.089;0.026 0.06 0.057 0.044 0.077 0.072 0.035 0.076 0.063 0.046 0.1 0.091 0.072 0.092 0.089;
0.021 0.047 0.052 0.05 0.11 0.062 0.051 0.083 0.03 0.06 0.095 0.082 0.072 0.089 0.096;0.021 0.047 0.062 0.051 0.083 0.052 0.05 0.11 0.03 0.06 0.095 0.082 0.089 0.072 0.096;0.021 0.062 0.052 0.03 0.082 0.047 0.051 0.083 0.05 0.06 0.089 0.11 0.072 0.095 0.096;
0.024 0.07 0.047 0.056 0.09 0.05 0.039 0.082 0.038 0.054 0.078 0.08 0.104 0.092 0.096;0.024 0.07 0.05 0.039 0.082 0.047 0.056 0.09 0.038 0.054 0.078 0.08 0.092 0.104 0.096;0.024 0.05 0.047 0.038 0.08 0.07 0.039 0.082 0.056 0.054 0.092 0.09 0.104 0.078 0.096;
0.029 0.054 0.037 0.058 0.104 0.053 0.045 0.081 0.034 0.051 0.088 0.086 0.083 0.107 0.09;0.029 0.054 0.053 0.045 0.081 0.037 0.058 0.104 0.034 0.051 0.088 0.086 0.107 0.083 0.09;0.029 0.053 0.037 0.034 0.086 0.054 0.045 0.081 0.058 0.051 0.107 0.104 0.083 0.088 0.09;
0.025 0.055 0.05 0.048 0.092 0.058 0.045 0.082 0.045 0.061 0.083 0.082 0.106 0.097 0.071;0.025 0.055 0.058 0.045 0.082 0.05 0.048 0.092 0.045 0.061 0.083 0.082 0.097 0.106 0.071;0.025 0.058 0.05 0.045 0.082 0.055 0.045 0.082 0.048 0.061 0.097 0.092 0.106 0.083 0.071;
0.021 0.059 0.057 0.064 0.102 0.046 0.042 0.067 0.047 0.057 0.086 0.086 0.071 0.101 0.094;0.021 0.059 0.046 0.042 0.067 0.057 0.064 0.102 0.047 0.057 0.086 0.086 0.101 0.071 0.094;0.021 0.046 0.057 0.047 0.086 0.059 0.042 0.067 0.064 0.057 0.101 0.102 0.071 0.086 0.094;
0.02 0.062 0.047 0.044 0.104 0.054 0.059 0.077 0.044 0.065 0.093 0.08 0.081 0.095 0.075;0.02 0.062 0.054 0.059 0.077 0.047 0.044 0.104 0.044 0.065 0.093 0.08 0.095 0.081 0.075;0.02 0.054 0.047 0.044 0.08 0.062 0.059 0.077 0.044 0.065 0.095 0.104 0.081 0.093 0.075;
0.022 0.063 0.047 0.054 0.103 0.057 0.041 0.077 0.043 0.052 0.08 0.085 0.081 0.106 0.089;0.022 0.063 0.057 0.041 0.077 0.047 0.054 0.103 0.043 0.052 0.08 0.085 0.106 0.081 0.089;0.022 0.057 0.047 0.043 0.085 0.063 0.041 0.077 0.054 0.052 0.106 0.103 0.081 0.08 0.089;
0.028 0.05 0.038 0.062 0.085 0.056 0.043 0.105 0.036 0.051 0.085 0.088 0.093 0.088 0.092;0.028 0.05 0.056 0.043 0.105 0.038 0.062 0.085 0.036 0.051 0.085 0.088 0.088 0.093 0.092;0.028 0.056 0.038 0.036 0.088 0.05 0.043 0.105 0.062 0.051 0.088 0.085 0.093 0.085 0.092;
0.016 0.061 0.045 0.061 0.103 0.051 0.038 0.098 0.03 0.053 0.08 0.102 0.077 0.107 0.078;0.016 0.061 0.051 0.038 0.098 0.045 0.061 0.103 0.03 0.053 0.08 0.102 0.107 0.077 0.078;0.016 0.051 0.045 0.03 0.102 0.061 0.038 0.098 0.061 0.053 0.107 0.103 0.077 0.08 0.078;
0.022 0.081 0.048 0.044 0.085 0.054 0.042 0.086 0.043 0.064 0.082 0.085 0.085 0.102 0.077;0.022 0.081 0.054 0.042 0.086 0.048 0.044 0.085 0.043 0.064 0.082 0.085 0.102 0.085 0.077;0.022 0.054 0.048 0.043 0.085 0.081 0.042 0.086 0.044 0.064 0.102 0.085 0.085 0.082 0.077;
0.02 0.058 0.066 0.05 0.098 0.073 0.043 0.091 0.048 0.054 0.085 0.063 0.08 0.103 0.068;0.02 0.058 0.073 0.043 0.091 0.066 0.05 0.098 0.048 0.054 0.085 0.063 0.103 0.08 0.068;0.02 0.073 0.066 0.048 0.063 0.058 0.043 0.091 0.05 0.054 0.103 0.098 0.08 0.085 0.068;
0.024 0.041 0.065 0.053 0.103 0.048 0.037 0.082 0.055 0.048 0.094 0.079 0.086 0.104 0.081;0.024 0.041 0.048 0.037 0.082 0.065 0.053 0.103 0.055 0.048 0.094 0.079 0.104 0.086 0.081;0.024 0.048 0.065 0.055 0.079 0.041 0.037 0.082 0.053 0.048 0.104 0.103 0.086 0.094 0.081;
0.025 0.067 0.048 0.057 0.09 0.062 0.043 0.076 0.048 0.051 0.09 0.093 0.085 0.1 0.065;0.025 0.067 0.062 0.043 0.076 0.048 0.057 0.09 0.048 0.051 0.09 0.093 0.1 0.085 0.065;0.025 0.062 0.048 0.048 0.093 0.067 0.043 0.076 0.057 0.051 0.1 0.09 0.085 0.09 0.065;
0.027 0.058 0.058 0.058 0.097 0.054 0.036 0.095 0.056 0.053 0.084 0.087 0.076 0.092 0.069;0.027 0.058 0.054 0.036 0.095 0.058 0.058 0.097 0.056 0.053 0.084 0.087 0.092 0.076 0.069;0.027 0.054 0.058 0.056 0.087 0.058 0.036 0.095 0.058 0.053 0.092 0.097 0.076 0.084 0.069;
0.024 0.045 0.049 0.061 0.097 0.051 0.042 0.092 0.03 0.053 0.09 0.1 0.1 0.08 0.086;0.024 0.045 0.051 0.042 0.092 0.049 0.061 0.097 0.03 0.053 0.09 0.1 0.08 0.1 0.086;0.024 0.051 0.049 0.03 0.1 0.045 0.042 0.092 0.061 0.053 0.08 0.097 0.1 0.09 0.086;
0.019 0.057 0.055 0.069 0.09 0.049 0.037 0.087 0.041 0.046 0.096 0.083 0.09 0.105 0.076;0.019 0.057 0.049 0.037 0.087 0.055 0.069 0.09 0.041 0.046 0.096 0.083 0.105 0.09 0.076;0.019 0.049 0.055 0.041 0.083 0.057 0.037 0.087 0.069 0.046 0.105 0.09 0.09 0.096 0.076;
0.017 0.055 0.053 0.053 0.102 0.058 0.051 0.094 0.043 0.05 0.074 0.095 0.071 0.102 0.082;0.017 0.055 0.058 0.051 0.094 0.053 0.053 0.102 0.043 0.05 0.074 0.095 0.102 0.071 0.082;0.017 0.058 0.053 0.043 0.095 0.055 0.051 0.094 0.053 0.05 0.102 0.102 0.071 0.074 0.082;
0.032 0.05 0.052 0.063 0.088 0.061 0.039 0.099 0.046 0.038 0.085 0.081 0.082 0.099 0.085;0.032 0.05 0.061 0.039 0.099 0.052 0.063 0.088 0.046 0.038 0.085 0.081 0.099 0.082 0.085;0.032 0.061 0.052 0.046 0.081 0.05 0.039 0.099 0.063 0.038 0.099 0.088 0.082 0.085 0.085;
0.029 0.051 0.046 0.066 0.093 0.047 0.042 0.089 0.043 0.046 0.083 0.082 0.079 0.115 0.089;0.029 0.051 0.047 0.042 0.089 0.046 0.066 0.093 0.043 0.046 0.083 0.082 0.115 0.079 0.089;0.029 0.047 0.046 0.043 0.082 0.051 0.042 0.089 0.066 0.046 0.115 0.093 0.079 0.083 0.089;
0.019 0.065 0.051 0.066 0.108 0.053 0.047 0.084 0.037 0.05 0.073 0.084 0.079 0.108 0.076;0.019 0.065 0.053 0.047 0.084 0.051 0.066 0.108 0.037 0.05 0.073 0.084 0.108 0.079 0.076;0.019 0.053 0.051 0.037 0.084 0.065 0.047 0.084 0.066 0.05 0.108 0.108 0.079 0.073 0.076;
0.021 0.043 0.056 0.065 0.102 0.047 0.045 0.083 0.042 0.069 0.078 0.085 0.09 0.095 0.079;0.021 0.043 0.047 0.045 0.083 0.056 0.065 0.102 0.042 0.069 0.078 0.085 0.095 0.09 0.079;0.021 0.047 0.056 0.042 0.085 0.043 0.045 0.083 0.065 0.069 0.095 0.102 0.09 0.078 0.079;
0.021 0.046 0.043 0.063 0.079 0.054 0.045 0.068 0.045 0.061 0.098 0.084 0.089 0.111 0.093;0.021 0.046 0.054 0.045 0.068 0.043 0.063 0.079 0.045 0.061 0.098 0.084 0.111 0.089 0.093;0.021 0.054 0.043 0.045 0.084 0.046 0.045 0.068 0.063 0.061 0.111 0.079 0.089 0.098 0.093;
0.024 0.041 0.056 0.061 0.091 0.048 0.058 0.093 0.041 0.047 0.084 0.097 0.08 0.101 0.078;0.024 0.041 0.048 0.058 0.093 0.056 0.061 0.091 0.041 0.047 0.084 0.097 0.101 0.08 0.078;0.024 0.048 0.056 0.041 0.097 0.041 0.058 0.093 0.061 0.047 0.101 0.091 0.08 0.084 0.078;
0.021 0.045 0.056 0.058 0.103 0.045 0.049 0.081 0.057 0.047 0.09 0.086 0.083 0.094 0.085;0.021 0.045 0.045 0.049 0.081 0.056 0.058 0.103 0.057 0.047 0.09 0.086 0.094 0.083 0.085;0.021 0.045 0.056 0.057 0.086 0.045 0.049 0.081 0.058 0.047 0.094 0.103 0.083 0.09 0.085;
0.022 0.055 0.053 0.05 0.097 0.054 0.042 0.087 0.054 0.062 0.089 0.079 0.082 0.098 0.076;0.022 0.055 0.054 0.042 0.087 0.053 0.05 0.097 0.054 0.062 0.089 0.079 0.098 0.082 0.076;0.022 0.054 0.053 0.054 0.079 0.055 0.042 0.087 0.05 0.062 0.098 0.097 0.082 0.089 0.076;
0.024 0.067 0.038 0.056 0.1 0.058 0.031 0.093 0.046 0.046 0.094 0.093 0.089 0.09 0.075;0.024 0.067 0.058 0.031 0.093 0.038 0.056 0.1 0.046 0.046 0.094 0.093 0.09 0.089 0.075;0.024 0.058 0.038 0.046 0.093 0.067 0.031 0.093 0.056 0.046 0.09 0.1 0.089 0.094 0.075;
0.027 0.058 0.052 0.052 0.099 0.057 0.038 0.097 0.043 0.038 0.113 0.076 0.072 0.093 0.085;0.027 0.058 0.057 0.038 0.097 0.052 0.052 0.099 0.043 0.038 0.113 0.076 0.093 0.072 0.085;0.027 0.057 0.052 0.043 0.076 0.058 0.038 0.097 0.052 0.038 0.093 0.099 0.072 0.113 0.085;
0.036 0.048 0.047 0.063 0.08 0.048 0.058 0.079 0.061 0.035 0.09 0.09 0.082 0.096 0.087;0.036 0.048 0.048 0.058 0.079 0.047 0.063 0.08 0.061 0.035 0.09 0.09 0.096 0.082 0.087;0.036 0.048 0.047 0.061 0.09 0.048 0.058 0.079 0.063 0.035 0.096 0.08 0.082 0.09 0.087;
0.02 0.064 0.053 0.056 0.085 0.047 0.048 0.061 0.043 0.07 0.099 0.086 0.084 0.107 0.077;0.02 0.064 0.047 0.048 0.061 0.053 0.056 0.085 0.043 0.07 0.099 0.086 0.107 0.084 0.077;0.02 0.047 0.053 0.043 0.086 0.064 0.048 0.061 0.056 0.07 0.107 0.085 0.084 0.099 0.077;
0.019 0.046 0.047 0.057 0.116 0.041 0.036 0.085 0.044 0.047 0.071 0.09 0.099 0.115 0.087;0.019 0.046 0.041 0.036 0.085 0.047 0.057 0.116 0.044 0.047 0.071 0.09 0.115 0.099 0.087;0.019 0.041 0.047 0.044 0.09 0.046 0.036 0.085 0.057 0.047 0.115 0.116 0.099 0.071 0.087;
0.018 0.054 0.052 0.06 0.085 0.051 0.051 0.088 0.035 0.063 0.083 0.077 0.093 0.085 0.105;0.018 0.054 0.051 0.051 0.088 0.052 0.06 0.085 0.035 0.063 0.083 0.077 0.085 0.093 0.105;0.018 0.051 0.052 0.035 0.077 0.054 0.051 0.088 0.06 0.063 0.085 0.085 0.093 0.083 0.105;
0.022 0.051 0.064 0.048 0.097 0.055 0.039 0.09 0.039 0.056 0.073 0.089 0.106 0.093 0.078;0.022 0.051 0.055 0.039 0.09 0.064 0.048 0.097 0.039 0.056 0.073 0.089 0.093 0.106 0.078;0.022 0.055 0.064 0.039 0.089 0.051 0.039 0.09 0.048 0.056 0.093 0.097 0.106 0.073 0.078;
0.022 0.051 0.047 0.052 0.091 0.065 0.046 0.081 0.042 0.056 0.076 0.095 0.078 0.111 0.087;0.022 0.051 0.065 0.046 0.081 0.047 0.052 0.091 0.042 0.056 0.076 0.095 0.111 0.078 0.087;0.022 0.065 0.047 0.042 0.095 0.051 0.046 0.081 0.052 0.056 0.111 0.091 0.078 0.076 0.087;
0.023 0.05 0.067 0.048 0.086 0.051 0.048 0.06 0.041 0.042 0.097 0.091 0.09 0.11 0.096;0.023 0.05 0.051 0.048 0.06 0.067 0.048 0.086 0.041 0.042 0.097 0.091 0.11 0.09 0.096;0.023 0.051 0.067 0.041 0.091 0.05 0.048 0.06 0.048 0.042 0.11 0.086 0.09 0.097 0.096;
0.026 0.065 0.037 0.064 0.102 0.056 0.036 0.101 0.052 0.062 0.09 0.064 0.083 0.094 0.068;0.026 0.065 0.056 0.036 0.101 0.037 0.064 0.102 0.052 0.062 0.09 0.064 0.094 0.083 0.068;0.026 0.056 0.037 0.052 0.064 0.065 0.036 0.101 0.064 0.062 0.094 0.102 0.083 0.09 0.068;
0.017 0.064 0.053 0.059 0.11 0.054 0.044 0.078 0.05 0.045 0.087 0.085 0.066 0.103 0.085;0.017 0.064 0.054 0.044 0.078 0.053 0.059 0.11 0.05 0.045 0.087 0.085 0.103 0.066 0.085;0.017 0.054 0.053 0.05 0.085 0.064 0.044 0.078 0.059 0.045 0.103 0.11 0.066 0.087 0.085;
0.024 0.067 0.047 0.058 0.101 0.052 0.038 0.062 0.043 0.064 0.081 0.093 0.086 0.098 0.086;0.024 0.067 0.052 0.038 0.062 0.047 0.058 0.101 0.043 0.064 0.081 0.093 0.098 0.086 0.086;0.024 0.052 0.047 0.043 0.093 0.067 0.038 0.062 0.058 0.064 0.098 0.101 0.086 0.081 0.086;
0.026 0.052 0.051 0.061 0.089 0.061 0.039 0.093 0.05 0.055 0.104 0.082 0.071 0.087 0.079;0.026 0.052 0.061 0.039 0.093 0.051 0.061 0.089 0.05 0.055 0.104 0.082 0.087 0.071 0.079;0.026 0.061 0.051 0.05 0.082 0.052 0.039 0.093 0.061 0.055 0.087 0.089 0.071 0.104 0.079;
0.024 0.055 0.052 0.061 0.102 0.055 0.042 0.073 0.047 0.064 0.091 0.072 0.076 0.094 0.092;0.024 0.055 0.055 0.042 0.073 0.052 0.061 0.102 0.047 0.064 0.091 0.072 0.094 0.076 0.092;0.024 0.055 0.052 0.047 0.072 0.055 0.042 0.073 0.061 0.064 0.094 0.102 0.076 0.091 0.092;
0.014 0.05 0.058 0.073 0.106 0.044 0.04 0.097 0.051 0.04 0.082 0.082 0.091 0.101 0.071;0.014 0.05 0.044 0.04 0.097 0.058 0.073 0.106 0.051 0.04 0.082 0.082 0.101 0.091 0.071;0.014 0.044 0.058 0.051 0.082 0.05 0.04 0.097 0.073 0.04 0.101 0.106 0.091 0.082 0.071;
0.021 0.052 0.062 0.055 0.107 0.068 0.026 0.074 0.041 0.054 0.076 0.089 0.095 0.088 0.092;0.021 0.052 0.068 0.026 0.074 0.062 0.055 0.107 0.041 0.054 0.076 0.089 0.088 0.095 0.092;0.021 0.068 0.062 0.041 0.089 0.052 0.026 0.074 0.055 0.054 0.088 0.107 0.095 0.076 0.092;
0.027 0.043 0.054 0.067 0.097 0.058 0.049 0.093 0.037 0.048 0.087 0.073 0.073 0.104 0.09;0.027 0.043 0.058 0.049 0.093 0.054 0.067 0.097 0.037 0.048 0.087 0.073 0.104 0.073 0.09;0.027 0.058 0.054 0.037 0.073 0.043 0.049 0.093 0.067 0.048 0.104 0.097 0.073 0.087 0.09;
0.026 0.057 0.05 0.057 0.079 0.045 0.035 0.091 0.054 0.045 0.086 0.1 0.092 0.099 0.084;0.026 0.057 0.045 0.035 0.091 0.05 0.057 0.079 0.054 0.045 0.086 0.1 0.099 0.092 0.084;0.026 0.045 0.05 0.054 0.1 0.057 0.035 0.091 0.057 0.045 0.099 0.079 0.092 0.086 0.084;
0.02 0.057 0.062 0.051 0.095 0.049 0.048 0.088 0.042 0.054 0.091 0.088 0.098 0.089 0.068;0.02 0.057 0.049 0.048 0.088 0.062 0.051 0.095 0.042 0.054 0.091 0.088 0.089 0.098 0.068;0.02 0.049 0.062 0.042 0.088 0.057 0.048 0.088 0.051 0.054 0.089 0.095 0.098 0.091 0.068;
0.022 0.06 0.057 0.066 0.097 0.068 0.044 0.08 0.036 0.051 0.076 0.084 0.08 0.096 0.083;0.022 0.06 0.068 0.044 0.08 0.057 0.066 0.097 0.036 0.051 0.076 0.084 0.096 0.08 0.083;0.022 0.068 0.057 0.036 0.084 0.06 0.044 0.08 0.066 0.051 0.096 0.097 0.08 0.076 0.083;
0.021 0.048 0.049 0.059 0.098 0.049 0.058 0.094 0.031 0.061 0.083 0.082 0.091 0.086 0.09;0.021 0.048 0.049 0.058 0.094 0.049 0.059 0.098 0.031 0.061 0.083 0.082 0.086 0.091 0.09;0.021 0.049 0.049 0.031 0.082 0.048 0.058 0.094 0.059 0.061 0.086 0.098 0.091 0.083 0.09;
0.025 0.046 0.043 0.066 0.088 0.071 0.054 0.087 0.054 0.046 0.078 0.092 0.086 0.091 0.073;0.025 0.046 0.071 0.054 0.087 0.043 0.066 0.088 0.054 0.046 0.078 0.092 0.091 0.086 0.073;0.025 0.071 0.043 0.054 0.092 0.046 0.054 0.087 0.066 0.046 0.091 0.088 0.086 0.078 0.073;
0.019 0.051 0.057 0.052 0.104 0.054 0.046 0.096 0.029 0.047 0.075 0.088 0.088 0.1 0.094;0.019 0.051 0.054 0.046 0.096 0.057 0.052 0.104 0.029 0.047 0.075 0.088 0.1 0.088 0.094;0.019 0.054 0.057 0.029 0.088 0.051 0.046 0.096 0.052 0.047 0.1 0.104 0.088 0.075 0.094;
0.023 0.041 0.067 0.06 0.092 0.063 0.035 0.101 0.043 0.041 0.09 0.073 0.08 0.112 0.079;0.023 0.041 0.063 0.035 0.101 0.067 0.06 0.092 0.043 0.041 0.09 0.073 0.112 0.08 0.079;0.023 0.063 0.067 0.043 0.073 0.041 0.035 0.101 0.06 0.041 0.112 0.092 0.08 0.09 0.079;
0.027 0.055 0.05 0.066 0.11 0.054 0.027 0.067 0.051 0.056 0.083 0.081 0.082 0.103 0.088;0.027 0.055 0.054 0.027 0.067 0.05 0.066 0.11 0.051 0.056 0.083 0.081 0.103 0.082 0.088;0.027 0.054 0.05 0.051 0.081 0.055 0.027 0.067 0.066 0.056 0.103 0.11 0.082 0.083 0.088;
0.025 0.036 0.042 0.069 0.083 0.063 0.037 0.106 0.052 0.046 0.067 0.097 0.091 0.092 0.094;0.025 0.036 0.063 0.037 0.106 0.042 0.069 0.083 0.052 0.046 0.067 0.097 0.092 0.091 0.094;0.025 0.063 0.042 0.052 0.097 0.036 0.037 0.106 0.069 0.046 0.092 0.083 0.091 0.067 0.094;
0.028 0.057 0.048 0.067 0.089 0.061 0.048 0.096 0.042 0.051 0.075 0.076 0.084 0.096 0.082;0.028 0.057 0.061 0.048 0.096 0.048 0.067 0.089 0.042 0.051 0.075 0.076 0.096 0.084 0.082;0.028 0.061 0.048 0.042 0.076 0.057 0.048 0.096 0.067 0.051 0.096 0.089 0.084 0.075 0.082;
0.021 0.063 0.049 0.069 0.102 0.056 0.031 0.084 0.036 0.045 0.09 0.092 0.084 0.097 0.081;0.021 0.063 0.056 0.031 0.084 0.049 0.069 0.102 0.036 0.045 0.09 0.092 0.097 0.084 0.081;0.021 0.056 0.049 0.036 0.092 0.063 0.031 0.084 0.069 0.045 0.097 0.102 0.084 0.09 0.081;
0.027 0.049 0.051 0.054 0.085 0.063 0.055 0.079 0.044 0.07 0.082 0.095 0.077 0.092 0.077;0.027 0.049 0.063 0.055 0.079 0.051 0.054 0.085 0.044 0.07 0.082 0.095 0.092 0.077 0.077;0.027 0.063 0.051 0.044 0.095 0.049 0.055 0.079 0.054 0.07 0.092 0.085 0.077 0.082 0.077];