pntP=[0.272 0.125 0.048 0.133 0.053 0.136 0.022 0.042 0.022 0.043 0.014 0.015 0.013 0.046 0.016;0.272 0.125 0.136 0.022 0.042 0.048 0.133 0.053 0.022 0.043 0.014 0.015 0.046 0.013 0.016;0.272 0.136 0.048 0.022 0.015 0.125 0.022 0.042 0.133 0.043 0.046 0.053 0.013 0.014 0.016;
0.271 0.113 0.048 0.137 0.057 0.14 0.015 0.045 0.01 0.044 0.026 0.018 0.009 0.058 0.009;0.271 0.113 0.14 0.015 0.045 0.048 0.137 0.057 0.01 0.044 0.026 0.018 0.058 0.009 0.009;0.271 0.14 0.048 0.01 0.018 0.113 0.015 0.045 0.137 0.044 0.058 0.057 0.009 0.026 0.009;
0.259 0.125 0.038 0.12 0.069 0.131 0.02 0.036 0.007 0.057 0.017 0.031 0.016 0.067 0.007;0.259 0.125 0.131 0.02 0.036 0.038 0.12 0.069 0.007 0.057 0.017 0.031 0.067 0.016 0.007;0.259 0.131 0.038 0.007 0.031 0.125 0.02 0.036 0.12 0.057 0.067 0.069 0.016 0.017 0.007;
0.245 0.14 0.059 0.118 0.073 0.128 0.023 0.033 0.009 0.059 0.014 0.015 0.015 0.058 0.011;0.245 0.14 0.128 0.023 0.033 0.059 0.118 0.073 0.009 0.059 0.014 0.015 0.058 0.015 0.011;0.245 0.128 0.059 0.009 0.015 0.14 0.023 0.033 0.118 0.059 0.058 0.073 0.015 0.014 0.011;
0.268 0.117 0.06 0.129 0.056 0.116 0.019 0.04 0.01 0.047 0.023 0.023 0.018 0.068 0.006;0.268 0.117 0.116 0.019 0.04 0.06 0.129 0.056 0.01 0.047 0.023 0.023 0.068 0.018 0.006;0.268 0.116 0.06 0.01 0.023 0.117 0.019 0.04 0.129 0.047 0.068 0.056 0.018 0.023 0.006;
0.247 0.123 0.044 0.108 0.054 0.129 0.029 0.047 0.009 0.068 0.019 0.023 0.013 0.07 0.017;0.247 0.123 0.129 0.029 0.047 0.044 0.108 0.054 0.009 0.068 0.019 0.023 0.07 0.013 0.017;0.247 0.129 0.044 0.009 0.023 0.123 0.029 0.047 0.108 0.068 0.07 0.054 0.013 0.019 0.017;
0.246 0.133 0.058 0.125 0.067 0.131 0.033 0.045 0.016 0.045 0.017 0.013 0.017 0.05 0.004;0.246 0.133 0.131 0.033 0.045 0.058 0.125 0.067 0.016 0.045 0.017 0.013 0.05 0.017 0.004;0.246 0.131 0.058 0.016 0.013 0.133 0.033 0.045 0.125 0.045 0.05 0.067 0.017 0.017 0.004;
0.258 0.146 0.064 0.124 0.06 0.128 0.024 0.034 0.009 0.037 0.02 0.016 0.016 0.052 0.012;0.258 0.146 0.128 0.024 0.034 0.064 0.124 0.06 0.009 0.037 0.02 0.016 0.052 0.016 0.012;0.258 0.128 0.064 0.009 0.016 0.146 0.024 0.034 0.124 0.037 0.052 0.06 0.016 0.02 0.012;
0.245 0.131 0.043 0.139 0.058 0.129 0.025 0.035 0.012 0.051 0.016 0.023 0.02 0.067 0.006;0.245 0.131 0.129 0.025 0.035 0.043 0.139 0.058 0.012 0.051 0.016 0.023 0.067 0.02 0.006;0.245 0.129 0.043 0.012 0.023 0.131 0.025 0.035 0.139 0.051 0.067 0.058 0.02 0.016 0.006;
0.287 0.111 0.046 0.131 0.06 0.108 0.016 0.048 0.008 0.062 0.012 0.021 0.013 0.063 0.014;0.287 0.111 0.108 0.016 0.048 0.046 0.131 0.06 0.008 0.062 0.012 0.021 0.063 0.013 0.014;0.287 0.108 0.046 0.008 0.021 0.111 0.016 0.048 0.131 0.062 0.063 0.06 0.013 0.012 0.014;
0.24 0.133 0.057 0.111 0.057 0.144 0.027 0.045 0.008 0.058 0.03 0.016 0.01 0.051 0.013;0.24 0.133 0.144 0.027 0.045 0.057 0.111 0.057 0.008 0.058 0.03 0.016 0.051 0.01 0.013;0.24 0.144 0.057 0.008 0.016 0.133 0.027 0.045 0.111 0.058 0.051 0.057 0.01 0.03 0.013;
0.244 0.124 0.053 0.142 0.074 0.102 0.018 0.049 0.013 0.056 0.021 0.019 0.01 0.063 0.012;0.244 0.124 0.102 0.018 0.049 0.053 0.142 0.074 0.013 0.056 0.021 0.019 0.063 0.01 0.012;0.244 0.102 0.053 0.013 0.019 0.124 0.018 0.049 0.142 0.056 0.063 0.074 0.01 0.021 0.012;
0.261 0.121 0.043 0.141 0.059 0.13 0.017 0.046 0.013 0.05 0.017 0.02 0.012 0.06 0.01;0.261 0.121 0.13 0.017 0.046 0.043 0.141 0.059 0.013 0.05 0.017 0.02 0.06 0.012 0.01;0.261 0.13 0.043 0.013 0.02 0.121 0.017 0.046 0.141 0.05 0.06 0.059 0.012 0.017 0.01;
0.281 0.14 0.044 0.133 0.055 0.106 0.025 0.038 0.013 0.056 0.017 0.013 0.011 0.062 0.006;0.281 0.14 0.106 0.025 0.038 0.044 0.133 0.055 0.013 0.056 0.017 0.013 0.062 0.011 0.006;0.281 0.106 0.044 0.013 0.013 0.14 0.025 0.038 0.133 0.056 0.062 0.055 0.011 0.017 0.006;
0.25 0.121 0.041 0.124 0.065 0.127 0.019 0.057 0.012 0.058 0.021 0.022 0.011 0.062 0.01;0.25 0.121 0.127 0.019 0.057 0.041 0.124 0.065 0.012 0.058 0.021 0.022 0.062 0.011 0.01;0.25 0.127 0.041 0.012 0.022 0.121 0.019 0.057 0.124 0.058 0.062 0.065 0.011 0.021 0.01;
0.247 0.151 0.044 0.133 0.065 0.134 0.013 0.029 0.017 0.043 0.019 0.02 0.016 0.056 0.013;0.247 0.151 0.134 0.013 0.029 0.044 0.133 0.065 0.017 0.043 0.019 0.02 0.056 0.016 0.013;0.247 0.134 0.044 0.017 0.02 0.151 0.013 0.029 0.133 0.043 0.056 0.065 0.016 0.019 0.013;
0.246 0.141 0.053 0.137 0.068 0.126 0.019 0.036 0.007 0.041 0.019 0.014 0.017 0.064 0.012;0.246 0.141 0.126 0.019 0.036 0.053 0.137 0.068 0.007 0.041 0.019 0.014 0.064 0.017 0.012;0.246 0.126 0.053 0.007 0.014 0.141 0.019 0.036 0.137 0.041 0.064 0.068 0.017 0.019 0.012;
0.238 0.121 0.053 0.129 0.072 0.117 0.027 0.041 0.021 0.056 0.015 0.015 0.022 0.058 0.015;0.238 0.121 0.117 0.027 0.041 0.053 0.129 0.072 0.021 0.056 0.015 0.015 0.058 0.022 0.015;0.238 0.117 0.053 0.021 0.015 0.121 0.027 0.041 0.129 0.056 0.058 0.072 0.022 0.015 0.015;
0.259 0.107 0.045 0.158 0.057 0.126 0.026 0.03 0.014 0.054 0.019 0.024 0.014 0.056 0.011;0.259 0.107 0.126 0.026 0.03 0.045 0.158 0.057 0.014 0.054 0.019 0.024 0.056 0.014 0.011;0.259 0.126 0.045 0.014 0.024 0.107 0.026 0.03 0.158 0.054 0.056 0.057 0.014 0.019 0.011;
0.232 0.14 0.046 0.137 0.057 0.128 0.02 0.038 0.007 0.061 0.022 0.015 0.02 0.061 0.016;0.232 0.14 0.128 0.02 0.038 0.046 0.137 0.057 0.007 0.061 0.022 0.015 0.061 0.02 0.016;0.232 0.128 0.046 0.007 0.015 0.14 0.02 0.038 0.137 0.061 0.061 0.057 0.02 0.022 0.016;
0.24 0.154 0.046 0.131 0.058 0.122 0.025 0.034 0.009 0.053 0.017 0.012 0.015 0.071 0.013;0.24 0.154 0.122 0.025 0.034 0.046 0.131 0.058 0.009 0.053 0.017 0.012 0.071 0.015 0.013;0.24 0.122 0.046 0.009 0.012 0.154 0.025 0.034 0.131 0.053 0.071 0.058 0.015 0.017 0.013;
0.257 0.127 0.051 0.127 0.063 0.128 0.016 0.04 0.012 0.054 0.022 0.018 0.013 0.061 0.011;0.257 0.127 0.128 0.016 0.04 0.051 0.127 0.063 0.012 0.054 0.022 0.018 0.061 0.013 0.011;0.257 0.128 0.051 0.012 0.018 0.127 0.016 0.04 0.127 0.054 0.061 0.063 0.013 0.022 0.011;
0.247 0.132 0.045 0.142 0.065 0.125 0.023 0.047 0.009 0.046 0.017 0.022 0.014 0.052 0.014;0.247 0.132 0.125 0.023 0.047 0.045 0.142 0.065 0.009 0.046 0.017 0.022 0.052 0.014 0.014;0.247 0.125 0.045 0.009 0.022 0.132 0.023 0.047 0.142 0.046 0.052 0.065 0.014 0.017 0.014;
0.247 0.112 0.053 0.14 0.057 0.118 0.018 0.051 0.006 0.048 0.026 0.025 0.011 0.077 0.011;0.247 0.112 0.118 0.018 0.051 0.053 0.14 0.057 0.006 0.048 0.026 0.025 0.077 0.011 0.011;0.247 0.118 0.053 0.006 0.025 0.112 0.018 0.051 0.14 0.048 0.077 0.057 0.011 0.026 0.011;
0.255 0.148 0.045 0.122 0.055 0.138 0.018 0.047 0.014 0.035 0.018 0.023 0.012 0.057 0.013;0.255 0.148 0.138 0.018 0.047 0.045 0.122 0.055 0.014 0.035 0.018 0.023 0.057 0.012 0.013;0.255 0.138 0.045 0.014 0.023 0.148 0.018 0.047 0.122 0.035 0.057 0.055 0.012 0.018 0.013;
0.24 0.128 0.053 0.144 0.065 0.135 0.018 0.035 0.012 0.058 0.019 0.019 0.015 0.051 0.008;0.24 0.128 0.135 0.018 0.035 0.053 0.144 0.065 0.012 0.058 0.019 0.019 0.051 0.015 0.008;0.24 0.135 0.053 0.012 0.019 0.128 0.018 0.035 0.144 0.058 0.051 0.065 0.015 0.019 0.008;
0.267 0.142 0.052 0.141 0.043 0.123 0.022 0.039 0.015 0.042 0.014 0.01 0.019 0.059 0.012;0.267 0.142 0.123 0.022 0.039 0.052 0.141 0.043 0.015 0.042 0.014 0.01 0.059 0.019 0.012;0.267 0.123 0.052 0.015 0.01 0.142 0.022 0.039 0.141 0.042 0.059 0.043 0.019 0.014 0.012;
0.258 0.128 0.036 0.14 0.062 0.147 0.022 0.037 0.012 0.051 0.011 0.015 0.01 0.052 0.019;0.258 0.128 0.147 0.022 0.037 0.036 0.14 0.062 0.012 0.051 0.011 0.015 0.052 0.01 0.019;0.258 0.147 0.036 0.012 0.015 0.128 0.022 0.037 0.14 0.051 0.052 0.062 0.01 0.011 0.019;
0.26 0.133 0.038 0.112 0.064 0.134 0.018 0.044 0.015 0.045 0.023 0.021 0.016 0.056 0.021;0.26 0.133 0.134 0.018 0.044 0.038 0.112 0.064 0.015 0.045 0.023 0.021 0.056 0.016 0.021;0.26 0.134 0.038 0.015 0.021 0.133 0.018 0.044 0.112 0.045 0.056 0.064 0.016 0.023 0.021;
0.245 0.132 0.045 0.121 0.065 0.136 0.017 0.044 0.016 0.052 0.013 0.013 0.021 0.071 0.009;0.245 0.132 0.136 0.017 0.044 0.045 0.121 0.065 0.016 0.052 0.013 0.013 0.071 0.021 0.009;0.245 0.136 0.045 0.016 0.013 0.132 0.017 0.044 0.121 0.052 0.071 0.065 0.021 0.013 0.009;
0.259 0.118 0.055 0.124 0.046 0.132 0.022 0.052 0.016 0.046 0.016 0.015 0.023 0.062 0.014;0.259 0.118 0.132 0.022 0.052 0.055 0.124 0.046 0.016 0.046 0.016 0.015 0.062 0.023 0.014;0.259 0.132 0.055 0.016 0.015 0.118 0.022 0.052 0.124 0.046 0.062 0.046 0.023 0.016 0.014;
0.252 0.126 0.05 0.123 0.044 0.145 0.021 0.045 0.009 0.047 0.024 0.015 0.011 0.077 0.011;0.252 0.126 0.145 0.021 0.045 0.05 0.123 0.044 0.009 0.047 0.024 0.015 0.077 0.011 0.011;0.252 0.145 0.05 0.009 0.015 0.126 0.021 0.045 0.123 0.047 0.077 0.044 0.011 0.024 0.011;
0.259 0.128 0.05 0.139 0.06 0.12 0.02 0.045 0.013 0.048 0.012 0.015 0.02 0.057 0.014;0.259 0.128 0.12 0.02 0.045 0.05 0.139 0.06 0.013 0.048 0.012 0.015 0.057 0.02 0.014;0.259 0.12 0.05 0.013 0.015 0.128 0.02 0.045 0.139 0.048 0.057 0.06 0.02 0.012 0.014;
0.252 0.117 0.056 0.134 0.053 0.133 0.028 0.042 0.02 0.046 0.02 0.02 0.011 0.058 0.01;0.252 0.117 0.133 0.028 0.042 0.056 0.134 0.053 0.02 0.046 0.02 0.02 0.058 0.011 0.01;0.252 0.133 0.056 0.02 0.02 0.117 0.028 0.042 0.134 0.046 0.058 0.053 0.011 0.02 0.01;
0.289 0.116 0.037 0.135 0.067 0.111 0.023 0.044 0.008 0.043 0.017 0.014 0.018 0.064 0.014;0.289 0.116 0.111 0.023 0.044 0.037 0.135 0.067 0.008 0.043 0.017 0.014 0.064 0.018 0.014;0.289 0.111 0.037 0.008 0.014 0.116 0.023 0.044 0.135 0.043 0.064 0.067 0.018 0.017 0.014;
0.239 0.129 0.049 0.155 0.047 0.136 0.022 0.039 0.011 0.054 0.022 0.022 0.017 0.047 0.011;0.239 0.129 0.136 0.022 0.039 0.049 0.155 0.047 0.011 0.054 0.022 0.022 0.047 0.017 0.011;0.239 0.136 0.049 0.011 0.022 0.129 0.022 0.039 0.155 0.054 0.047 0.047 0.017 0.022 0.011;
0.231 0.129 0.057 0.125 0.051 0.124 0.023 0.053 0.016 0.055 0.022 0.029 0.017 0.049 0.019;0.231 0.129 0.124 0.023 0.053 0.057 0.125 0.051 0.016 0.055 0.022 0.029 0.049 0.017 0.019;0.231 0.124 0.057 0.016 0.029 0.129 0.023 0.053 0.125 0.055 0.049 0.051 0.017 0.022 0.019;
0.266 0.122 0.051 0.127 0.054 0.126 0.024 0.032 0.008 0.041 0.021 0.022 0.018 0.07 0.018;0.266 0.122 0.126 0.024 0.032 0.051 0.127 0.054 0.008 0.041 0.021 0.022 0.07 0.018 0.018;0.266 0.126 0.051 0.008 0.022 0.122 0.024 0.032 0.127 0.041 0.07 0.054 0.018 0.021 0.018;
0.27 0.129 0.046 0.14 0.04 0.131 0.024 0.047 0.024 0.043 0.016 0.017 0.011 0.051 0.011;0.27 0.129 0.131 0.024 0.047 0.046 0.14 0.04 0.024 0.043 0.016 0.017 0.051 0.011 0.011;0.27 0.131 0.046 0.024 0.017 0.129 0.024 0.047 0.14 0.043 0.051 0.04 0.011 0.016 0.011;
0.244 0.099 0.045 0.137 0.065 0.151 0.022 0.047 0.009 0.053 0.023 0.024 0.01 0.051 0.02;0.244 0.099 0.151 0.022 0.047 0.045 0.137 0.065 0.009 0.053 0.023 0.024 0.051 0.01 0.02;0.244 0.151 0.045 0.009 0.024 0.099 0.022 0.047 0.137 0.053 0.051 0.065 0.01 0.023 0.02;
0.28 0.127 0.05 0.135 0.055 0.118 0.015 0.029 0.006 0.053 0.018 0.015 0.015 0.069 0.015;0.28 0.127 0.118 0.015 0.029 0.05 0.135 0.055 0.006 0.053 0.018 0.015 0.069 0.015 0.015;0.28 0.118 0.05 0.006 0.015 0.127 0.015 0.029 0.135 0.053 0.069 0.055 0.015 0.018 0.015;
0.247 0.134 0.054 0.139 0.05 0.11 0.023 0.046 0.019 0.051 0.015 0.019 0.017 0.06 0.016;0.247 0.134 0.11 0.023 0.046 0.054 0.139 0.05 0.019 0.051 0.015 0.019 0.06 0.017 0.016;0.247 0.11 0.054 0.019 0.019 0.134 0.023 0.046 0.139 0.051 0.06 0.05 0.017 0.015 0.016;
0.236 0.128 0.042 0.142 0.059 0.134 0.024 0.036 0.015 0.051 0.025 0.023 0.014 0.058 0.013;0.236 0.128 0.134 0.024 0.036 0.042 0.142 0.059 0.015 0.051 0.025 0.023 0.058 0.014 0.013;0.236 0.134 0.042 0.015 0.023 0.128 0.024 0.036 0.142 0.051 0.058 0.059 0.014 0.025 0.013;
0.254 0.117 0.055 0.146 0.061 0.113 0.019 0.04 0.012 0.058 0.022 0.019 0.012 0.056 0.016;0.254 0.117 0.113 0.019 0.04 0.055 0.146 0.061 0.012 0.058 0.022 0.019 0.056 0.012 0.016;0.254 0.113 0.055 0.012 0.019 0.117 0.019 0.04 0.146 0.058 0.056 0.061 0.012 0.022 0.016;
0.245 0.144 0.05 0.119 0.051 0.128 0.028 0.042 0.009 0.045 0.021 0.023 0.012 0.067 0.016;0.245 0.144 0.128 0.028 0.042 0.05 0.119 0.051 0.009 0.045 0.021 0.023 0.067 0.012 0.016;0.245 0.128 0.05 0.009 0.023 0.144 0.028 0.042 0.119 0.045 0.067 0.051 0.012 0.021 0.016;
0.274 0.136 0.038 0.137 0.06 0.117 0.027 0.038 0.019 0.049 0.016 0.015 0.016 0.041 0.017;0.274 0.136 0.117 0.027 0.038 0.038 0.137 0.06 0.019 0.049 0.016 0.015 0.041 0.016 0.017;0.274 0.117 0.038 0.019 0.015 0.136 0.027 0.038 0.137 0.049 0.041 0.06 0.016 0.016 0.017;
0.269 0.108 0.047 0.125 0.065 0.142 0.024 0.043 0.014 0.055 0.017 0.014 0.016 0.053 0.008;0.269 0.108 0.142 0.024 0.043 0.047 0.125 0.065 0.014 0.055 0.017 0.014 0.053 0.016 0.008;0.269 0.142 0.047 0.014 0.014 0.108 0.024 0.043 0.125 0.055 0.053 0.065 0.016 0.017 0.008;
0.255 0.14 0.06 0.124 0.067 0.125 0.025 0.035 0.014 0.041 0.019 0.018 0.007 0.06 0.01;0.255 0.14 0.125 0.025 0.035 0.06 0.124 0.067 0.014 0.041 0.019 0.018 0.06 0.007 0.01;0.255 0.125 0.06 0.014 0.018 0.14 0.025 0.035 0.124 0.041 0.06 0.067 0.007 0.019 0.01;
0.255 0.129 0.045 0.124 0.058 0.126 0.025 0.052 0.014 0.054 0.023 0.022 0.009 0.05 0.014;0.255 0.129 0.126 0.025 0.052 0.045 0.124 0.058 0.014 0.054 0.023 0.022 0.05 0.009 0.014;0.255 0.126 0.045 0.014 0.022 0.129 0.025 0.052 0.124 0.054 0.05 0.058 0.009 0.023 0.014;
0.257 0.132 0.047 0.125 0.048 0.12 0.027 0.045 0.008 0.045 0.028 0.025 0.019 0.065 0.009;0.257 0.132 0.12 0.027 0.045 0.047 0.125 0.048 0.008 0.045 0.028 0.025 0.065 0.019 0.009;0.257 0.12 0.047 0.008 0.025 0.132 0.027 0.045 0.125 0.045 0.065 0.048 0.019 0.028 0.009;
0.261 0.123 0.053 0.123 0.059 0.14 0.028 0.033 0.013 0.042 0.018 0.015 0.014 0.057 0.021;0.261 0.123 0.14 0.028 0.033 0.053 0.123 0.059 0.013 0.042 0.018 0.015 0.057 0.014 0.021;0.261 0.14 0.053 0.013 0.015 0.123 0.028 0.033 0.123 0.042 0.057 0.059 0.014 0.018 0.021;
0.272 0.141 0.06 0.117 0.042 0.116 0.02 0.052 0.007 0.07 0.02 0.018 0.005 0.048 0.012;0.272 0.141 0.116 0.02 0.052 0.06 0.117 0.042 0.007 0.07 0.02 0.018 0.048 0.005 0.012;0.272 0.116 0.06 0.007 0.018 0.141 0.02 0.052 0.117 0.07 0.048 0.042 0.005 0.02 0.012;
0.254 0.129 0.05 0.145 0.065 0.144 0.021 0.037 0.014 0.049 0.012 0.017 0.012 0.04 0.011;0.254 0.129 0.144 0.021 0.037 0.05 0.145 0.065 0.014 0.049 0.012 0.017 0.04 0.012 0.011;0.254 0.144 0.05 0.014 0.017 0.129 0.021 0.037 0.145 0.049 0.04 0.065 0.012 0.012 0.011;
0.268 0.13 0.066 0.136 0.058 0.121 0.018 0.033 0.012 0.044 0.017 0.017 0.011 0.05 0.019;0.268 0.13 0.121 0.018 0.033 0.066 0.136 0.058 0.012 0.044 0.017 0.017 0.05 0.011 0.019;0.268 0.121 0.066 0.012 0.017 0.13 0.018 0.033 0.136 0.044 0.05 0.058 0.011 0.017 0.019;
0.242 0.125 0.046 0.118 0.06 0.125 0.025 0.051 0.019 0.057 0.015 0.024 0.017 0.062 0.014;0.242 0.125 0.125 0.025 0.051 0.046 0.118 0.06 0.019 0.057 0.015 0.024 0.062 0.017 0.014;0.242 0.125 0.046 0.019 0.024 0.125 0.025 0.051 0.118 0.057 0.062 0.06 0.017 0.015 0.014;
0.266 0.118 0.045 0.142 0.044 0.127 0.018 0.053 0.013 0.057 0.016 0.015 0.017 0.057 0.012;0.266 0.118 0.127 0.018 0.053 0.045 0.142 0.044 0.013 0.057 0.016 0.015 0.057 0.017 0.012;0.266 0.127 0.045 0.013 0.015 0.118 0.018 0.053 0.142 0.057 0.057 0.044 0.017 0.016 0.012;
0.255 0.13 0.056 0.128 0.056 0.121 0.022 0.048 0.012 0.05 0.024 0.015 0.015 0.057 0.011;0.255 0.13 0.121 0.022 0.048 0.056 0.128 0.056 0.012 0.05 0.024 0.015 0.057 0.015 0.011;0.255 0.121 0.056 0.012 0.015 0.13 0.022 0.048 0.128 0.05 0.057 0.056 0.015 0.024 0.011;
0.274 0.125 0.041 0.132 0.06 0.12 0.019 0.041 0.014 0.058 0.018 0.015 0.011 0.06 0.012;0.274 0.125 0.12 0.019 0.041 0.041 0.132 0.06 0.014 0.058 0.018 0.015 0.06 0.011 0.012;0.274 0.12 0.041 0.014 0.015 0.125 0.019 0.041 0.132 0.058 0.06 0.06 0.011 0.018 0.012;
0.255 0.125 0.054 0.15 0.054 0.119 0.031 0.031 0.015 0.047 0.015 0.017 0.021 0.055 0.011;0.255 0.125 0.119 0.031 0.031 0.054 0.15 0.054 0.015 0.047 0.015 0.017 0.055 0.021 0.011;0.255 0.119 0.054 0.015 0.017 0.125 0.031 0.031 0.15 0.047 0.055 0.054 0.021 0.015 0.011;
0.274 0.135 0.046 0.121 0.069 0.123 0.016 0.042 0.012 0.036 0.022 0.021 0.011 0.059 0.013;0.274 0.135 0.123 0.016 0.042 0.046 0.121 0.069 0.012 0.036 0.022 0.021 0.059 0.011 0.013;0.274 0.123 0.046 0.012 0.021 0.135 0.016 0.042 0.121 0.036 0.059 0.069 0.011 0.022 0.013;
0.245 0.144 0.059 0.126 0.049 0.118 0.023 0.037 0.013 0.055 0.024 0.019 0.014 0.061 0.013;0.245 0.144 0.118 0.023 0.037 0.059 0.126 0.049 0.013 0.055 0.024 0.019 0.061 0.014 0.013;0.245 0.118 0.059 0.013 0.019 0.144 0.023 0.037 0.126 0.055 0.061 0.049 0.014 0.024 0.013;
0.28 0.104 0.054 0.12 0.07 0.127 0.011 0.04 0.021 0.045 0.021 0.018 0.017 0.057 0.015;0.28 0.104 0.127 0.011 0.04 0.054 0.12 0.07 0.021 0.045 0.021 0.018 0.057 0.017 0.015;0.28 0.127 0.054 0.021 0.018 0.104 0.011 0.04 0.12 0.045 0.057 0.07 0.017 0.021 0.015;
0.264 0.133 0.043 0.119 0.06 0.139 0.024 0.041 0.005 0.048 0.019 0.02 0.02 0.052 0.013;0.264 0.133 0.139 0.024 0.041 0.043 0.119 0.06 0.005 0.048 0.019 0.02 0.052 0.02 0.013;0.264 0.139 0.043 0.005 0.02 0.133 0.024 0.041 0.119 0.048 0.052 0.06 0.02 0.019 0.013;
0.263 0.138 0.056 0.116 0.065 0.115 0.02 0.043 0.01 0.059 0.013 0.017 0.01 0.062 0.013;0.263 0.138 0.115 0.02 0.043 0.056 0.116 0.065 0.01 0.059 0.013 0.017 0.062 0.01 0.013;0.263 0.115 0.056 0.01 0.017 0.138 0.02 0.043 0.116 0.059 0.062 0.065 0.01 0.013 0.013;
0.266 0.119 0.051 0.101 0.047 0.137 0.025 0.037 0.007 0.071 0.02 0.021 0.019 0.067 0.012;0.266 0.119 0.137 0.025 0.037 0.051 0.101 0.047 0.007 0.071 0.02 0.021 0.067 0.019 0.012;0.266 0.137 0.051 0.007 0.021 0.119 0.025 0.037 0.101 0.071 0.067 0.047 0.019 0.02 0.012;
0.238 0.131 0.057 0.136 0.061 0.128 0.028 0.039 0.005 0.053 0.019 0.016 0.018 0.06 0.011;0.238 0.131 0.128 0.028 0.039 0.057 0.136 0.061 0.005 0.053 0.019 0.016 0.06 0.018 0.011;0.238 0.128 0.057 0.005 0.016 0.131 0.028 0.039 0.136 0.053 0.06 0.061 0.018 0.019 0.011;
0.248 0.133 0.054 0.139 0.055 0.114 0.025 0.048 0.009 0.042 0.014 0.026 0.012 0.069 0.012;0.248 0.133 0.114 0.025 0.048 0.054 0.139 0.055 0.009 0.042 0.014 0.026 0.069 0.012 0.012;0.248 0.114 0.054 0.009 0.026 0.133 0.025 0.048 0.139 0.042 0.069 0.055 0.012 0.014 0.012;
0.246 0.134 0.036 0.134 0.06 0.13 0.025 0.047 0.014 0.047 0.021 0.025 0.022 0.043 0.016;0.246 0.134 0.13 0.025 0.047 0.036 0.134 0.06 0.014 0.047 0.021 0.025 0.043 0.022 0.016;0.246 0.13 0.036 0.014 0.025 0.134 0.025 0.047 0.134 0.047 0.043 0.06 0.022 0.021 0.016;
0.242 0.142 0.05 0.144 0.052 0.132 0.018 0.034 0.011 0.044 0.018 0.023 0.007 0.067 0.016;0.242 0.142 0.132 0.018 0.034 0.05 0.144 0.052 0.011 0.044 0.018 0.023 0.067 0.007 0.016;0.242 0.132 0.05 0.011 0.023 0.142 0.018 0.034 0.144 0.044 0.067 0.052 0.007 0.018 0.016;
0.232 0.131 0.051 0.134 0.064 0.136 0.024 0.055 0.012 0.043 0.027 0.02 0.01 0.05 0.011;0.232 0.131 0.136 0.024 0.055 0.051 0.134 0.064 0.012 0.043 0.027 0.02 0.05 0.01 0.011;0.232 0.136 0.051 0.012 0.02 0.131 0.024 0.055 0.134 0.043 0.05 0.064 0.01 0.027 0.011;
0.269 0.114 0.043 0.139 0.062 0.141 0.016 0.038 0.008 0.047 0.023 0.013 0.013 0.055 0.019;0.269 0.114 0.141 0.016 0.038 0.043 0.139 0.062 0.008 0.047 0.023 0.013 0.055 0.013 0.019;0.269 0.141 0.043 0.008 0.013 0.114 0.016 0.038 0.139 0.047 0.055 0.062 0.013 0.023 0.019;
0.265 0.124 0.035 0.131 0.054 0.137 0.02 0.031 0.011 0.06 0.013 0.025 0.013 0.071 0.01;0.265 0.124 0.137 0.02 0.031 0.035 0.131 0.054 0.011 0.06 0.013 0.025 0.071 0.013 0.01;0.265 0.137 0.035 0.011 0.025 0.124 0.02 0.031 0.131 0.06 0.071 0.054 0.013 0.013 0.01;
0.248 0.142 0.051 0.128 0.056 0.135 0.021 0.043 0.016 0.047 0.021 0.018 0.009 0.056 0.009;0.248 0.142 0.135 0.021 0.043 0.051 0.128 0.056 0.016 0.047 0.021 0.018 0.056 0.009 0.009;0.248 0.135 0.051 0.016 0.018 0.142 0.021 0.043 0.128 0.047 0.056 0.056 0.009 0.021 0.009;
0.284 0.114 0.044 0.136 0.062 0.131 0.017 0.04 0.016 0.049 0.024 0.012 0.017 0.041 0.013;0.284 0.114 0.131 0.017 0.04 0.044 0.136 0.062 0.016 0.049 0.024 0.012 0.041 0.017 0.013;0.284 0.131 0.044 0.016 0.012 0.114 0.017 0.04 0.136 0.049 0.041 0.062 0.017 0.024 0.013;
0.26 0.112 0.044 0.132 0.057 0.145 0.02 0.049 0.012 0.043 0.023 0.017 0.016 0.059 0.011;0.26 0.112 0.145 0.02 0.049 0.044 0.132 0.057 0.012 0.043 0.023 0.017 0.059 0.016 0.011;0.26 0.145 0.044 0.012 0.017 0.112 0.02 0.049 0.132 0.043 0.059 0.057 0.016 0.023 0.011;
0.267 0.119 0.049 0.131 0.057 0.136 0.017 0.031 0.014 0.051 0.019 0.02 0.012 0.062 0.015;0.267 0.119 0.136 0.017 0.031 0.049 0.131 0.057 0.014 0.051 0.019 0.02 0.062 0.012 0.015;0.267 0.136 0.049 0.014 0.02 0.119 0.017 0.031 0.131 0.051 0.062 0.057 0.012 0.019 0.015;
0.237 0.148 0.04 0.137 0.048 0.133 0.02 0.049 0.009 0.052 0.019 0.017 0.019 0.064 0.008;0.237 0.148 0.133 0.02 0.049 0.04 0.137 0.048 0.009 0.052 0.019 0.017 0.064 0.019 0.008;0.237 0.133 0.04 0.009 0.017 0.148 0.02 0.049 0.137 0.052 0.064 0.048 0.019 0.019 0.008;
0.268 0.126 0.043 0.141 0.043 0.125 0.022 0.041 0.012 0.055 0.022 0.022 0.017 0.047 0.016;0.268 0.126 0.125 0.022 0.041 0.043 0.141 0.043 0.012 0.055 0.022 0.022 0.047 0.017 0.016;0.268 0.125 0.043 0.012 0.022 0.126 0.022 0.041 0.141 0.055 0.047 0.043 0.017 0.022 0.016;
0.247 0.11 0.058 0.118 0.072 0.138 0.022 0.042 0.02 0.052 0.021 0.008 0.011 0.066 0.015;0.247 0.11 0.138 0.022 0.042 0.058 0.118 0.072 0.02 0.052 0.021 0.008 0.066 0.011 0.015;0.247 0.138 0.058 0.02 0.008 0.11 0.022 0.042 0.118 0.052 0.066 0.072 0.011 0.021 0.015;
0.244 0.123 0.051 0.144 0.065 0.134 0.022 0.043 0.009 0.052 0.014 0.015 0.015 0.054 0.015;0.244 0.123 0.134 0.022 0.043 0.051 0.144 0.065 0.009 0.052 0.014 0.015 0.054 0.015 0.015;0.244 0.134 0.051 0.009 0.015 0.123 0.022 0.043 0.144 0.052 0.054 0.065 0.015 0.014 0.015;
0.256 0.126 0.052 0.126 0.066 0.119 0.019 0.028 0.009 0.062 0.021 0.012 0.019 0.072 0.013;0.256 0.126 0.119 0.019 0.028 0.052 0.126 0.066 0.009 0.062 0.021 0.012 0.072 0.019 0.013;0.256 0.119 0.052 0.009 0.012 0.126 0.019 0.028 0.126 0.062 0.072 0.066 0.019 0.021 0.013;
0.262 0.141 0.054 0.148 0.043 0.122 0.015 0.042 0.015 0.051 0.013 0.018 0.007 0.06 0.009;0.262 0.141 0.122 0.015 0.042 0.054 0.148 0.043 0.015 0.051 0.013 0.018 0.06 0.007 0.009;0.262 0.122 0.054 0.015 0.018 0.141 0.015 0.042 0.148 0.051 0.06 0.043 0.007 0.013 0.009;
0.252 0.126 0.062 0.138 0.053 0.127 0.032 0.034 0.008 0.058 0.014 0.019 0.01 0.051 0.016;0.252 0.126 0.127 0.032 0.034 0.062 0.138 0.053 0.008 0.058 0.014 0.019 0.051 0.01 0.016;0.252 0.127 0.062 0.008 0.019 0.126 0.032 0.034 0.138 0.058 0.051 0.053 0.01 0.014 0.016;
0.258 0.106 0.049 0.139 0.06 0.125 0.018 0.037 0.009 0.06 0.023 0.023 0.014 0.068 0.011;0.258 0.106 0.125 0.018 0.037 0.049 0.139 0.06 0.009 0.06 0.023 0.023 0.068 0.014 0.011;0.258 0.125 0.049 0.009 0.023 0.106 0.018 0.037 0.139 0.06 0.068 0.06 0.014 0.023 0.011;
0.257 0.125 0.053 0.144 0.056 0.101 0.027 0.042 0.008 0.06 0.023 0.021 0.016 0.063 0.004;0.257 0.125 0.101 0.027 0.042 0.053 0.144 0.056 0.008 0.06 0.023 0.021 0.063 0.016 0.004;0.257 0.101 0.053 0.008 0.021 0.125 0.027 0.042 0.144 0.06 0.063 0.056 0.016 0.023 0.004;
0.259 0.127 0.057 0.137 0.054 0.119 0.019 0.039 0.008 0.053 0.025 0.026 0.008 0.058 0.011;0.259 0.127 0.119 0.019 0.039 0.057 0.137 0.054 0.008 0.053 0.025 0.026 0.058 0.008 0.011;0.259 0.119 0.057 0.008 0.026 0.127 0.019 0.039 0.137 0.053 0.058 0.054 0.008 0.025 0.011;
0.275 0.123 0.037 0.158 0.051 0.121 0.025 0.03 0.015 0.047 0.012 0.02 0.013 0.061 0.012;0.275 0.123 0.121 0.025 0.03 0.037 0.158 0.051 0.015 0.047 0.012 0.02 0.061 0.013 0.012;0.275 0.121 0.037 0.015 0.02 0.123 0.025 0.03 0.158 0.047 0.061 0.051 0.013 0.012 0.012;
0.25 0.138 0.06 0.145 0.052 0.115 0.022 0.041 0.01 0.056 0.013 0.025 0.01 0.051 0.012;0.25 0.138 0.115 0.022 0.041 0.06 0.145 0.052 0.01 0.056 0.013 0.025 0.051 0.01 0.012;0.25 0.115 0.06 0.01 0.025 0.138 0.022 0.041 0.145 0.056 0.051 0.052 0.01 0.013 0.012;
0.267 0.153 0.029 0.128 0.056 0.131 0.024 0.036 0.013 0.05 0.022 0.018 0.008 0.057 0.008;0.267 0.153 0.131 0.024 0.036 0.029 0.128 0.056 0.013 0.05 0.022 0.018 0.057 0.008 0.008;0.267 0.131 0.029 0.013 0.018 0.153 0.024 0.036 0.128 0.05 0.057 0.056 0.008 0.022 0.008;
0.264 0.131 0.055 0.131 0.044 0.133 0.018 0.05 0.012 0.041 0.021 0.015 0.013 0.058 0.014;0.264 0.131 0.133 0.018 0.05 0.055 0.131 0.044 0.012 0.041 0.021 0.015 0.058 0.013 0.014;0.264 0.133 0.055 0.012 0.015 0.131 0.018 0.05 0.131 0.041 0.058 0.044 0.013 0.021 0.014;
0.269 0.107 0.064 0.124 0.068 0.129 0.023 0.04 0.018 0.046 0.014 0.025 0.017 0.049 0.007;0.269 0.107 0.129 0.023 0.04 0.064 0.124 0.068 0.018 0.046 0.014 0.025 0.049 0.017 0.007;0.269 0.129 0.064 0.018 0.025 0.107 0.023 0.04 0.124 0.046 0.049 0.068 0.017 0.014 0.007;
0.256 0.118 0.05 0.152 0.047 0.127 0.025 0.033 0.016 0.038 0.018 0.011 0.023 0.068 0.018;0.256 0.118 0.127 0.025 0.033 0.05 0.152 0.047 0.016 0.038 0.018 0.011 0.068 0.023 0.018;0.256 0.127 0.05 0.016 0.011 0.118 0.025 0.033 0.152 0.038 0.068 0.047 0.023 0.018 0.018;
0.246 0.128 0.062 0.148 0.058 0.121 0.019 0.037 0.012 0.049 0.024 0.011 0.014 0.057 0.014;0.246 0.128 0.121 0.019 0.037 0.062 0.148 0.058 0.012 0.049 0.024 0.011 0.057 0.014 0.014;0.246 0.121 0.062 0.012 0.011 0.128 0.019 0.037 0.148 0.049 0.057 0.058 0.014 0.024 0.014;
0.259 0.114 0.054 0.144 0.066 0.112 0.022 0.053 0.016 0.037 0.018 0.018 0.006 0.058 0.023;0.259 0.114 0.112 0.022 0.053 0.054 0.144 0.066 0.016 0.037 0.018 0.018 0.058 0.006 0.023;0.259 0.112 0.054 0.016 0.018 0.114 0.022 0.053 0.144 0.037 0.058 0.066 0.006 0.018 0.023;
0.259 0.132 0.053 0.13 0.059 0.126 0.017 0.036 0.014 0.053 0.017 0.016 0.014 0.059 0.015;0.259 0.132 0.126 0.017 0.036 0.053 0.13 0.059 0.014 0.053 0.017 0.016 0.059 0.014 0.015;0.259 0.126 0.053 0.014 0.016 0.132 0.017 0.036 0.13 0.053 0.059 0.059 0.014 0.017 0.015;
0.261 0.125 0.054 0.127 0.065 0.108 0.019 0.035 0.014 0.059 0.015 0.024 0.016 0.068 0.01;0.261 0.125 0.108 0.019 0.035 0.054 0.127 0.065 0.014 0.059 0.015 0.024 0.068 0.016 0.01;0.261 0.108 0.054 0.014 0.024 0.125 0.019 0.035 0.127 0.059 0.068 0.065 0.016 0.015 0.01;
0.26 0.147 0.039 0.145 0.067 0.114 0.022 0.043 0.011 0.042 0.017 0.026 0.015 0.044 0.008;0.26 0.147 0.114 0.022 0.043 0.039 0.145 0.067 0.011 0.042 0.017 0.026 0.044 0.015 0.008;0.26 0.114 0.039 0.011 0.026 0.147 0.022 0.043 0.145 0.042 0.044 0.067 0.015 0.017 0.008;
0.251 0.124 0.057 0.127 0.055 0.13 0.022 0.046 0.009 0.06 0.018 0.023 0.009 0.061 0.008;0.251 0.124 0.13 0.022 0.046 0.057 0.127 0.055 0.009 0.06 0.018 0.023 0.061 0.009 0.008;0.251 0.13 0.057 0.009 0.023 0.124 0.022 0.046 0.127 0.06 0.061 0.055 0.009 0.018 0.008;
0.264 0.156 0.049 0.129 0.051 0.115 0.024 0.036 0.01 0.049 0.023 0.022 0.008 0.051 0.013;0.264 0.156 0.115 0.024 0.036 0.049 0.129 0.051 0.01 0.049 0.023 0.022 0.051 0.008 0.013;0.264 0.115 0.049 0.01 0.022 0.156 0.024 0.036 0.129 0.049 0.051 0.051 0.008 0.023 0.013;
0.287 0.125 0.053 0.118 0.051 0.134 0.016 0.038 0.015 0.047 0.012 0.014 0.013 0.063 0.014;0.287 0.125 0.134 0.016 0.038 0.053 0.118 0.051 0.015 0.047 0.012 0.014 0.063 0.013 0.014;0.287 0.134 0.053 0.015 0.014 0.125 0.016 0.038 0.118 0.047 0.063 0.051 0.013 0.012 0.014];