pntP=[0.078 0.06 0.062 0.071 0.101 0.06 0.039 0.051 0.042 0.071 0.065 0.073 0.066 0.109 0.052;0.078 0.06 0.06 0.039 0.051 0.062 0.071 0.101 0.042 0.071 0.065 0.073 0.109 0.066 0.052;0.078 0.06 0.062 0.042 0.073 0.06 0.039 0.051 0.071 0.071 0.109 0.101 0.066 0.065 0.052;
0.069 0.065 0.068 0.076 0.087 0.071 0.03 0.052 0.03 0.096 0.066 0.072 0.062 0.093 0.063;0.069 0.065 0.071 0.03 0.052 0.068 0.076 0.087 0.03 0.096 0.066 0.072 0.093 0.062 0.063;0.069 0.071 0.068 0.03 0.072 0.065 0.03 0.052 0.076 0.096 0.093 0.087 0.062 0.066 0.063;
0.054 0.071 0.081 0.087 0.1 0.064 0.037 0.062 0.043 0.059 0.072 0.077 0.066 0.086 0.041;0.054 0.071 0.064 0.037 0.062 0.081 0.087 0.1 0.043 0.059 0.072 0.077 0.086 0.066 0.041;0.054 0.064 0.081 0.043 0.077 0.071 0.037 0.062 0.087 0.059 0.086 0.1 0.066 0.072 0.041;
0.068 0.074 0.08 0.07 0.086 0.086 0.032 0.057 0.028 0.071 0.068 0.045 0.071 0.104 0.06;0.068 0.074 0.086 0.032 0.057 0.08 0.07 0.086 0.028 0.071 0.068 0.045 0.104 0.071 0.06;0.068 0.086 0.08 0.028 0.045 0.074 0.032 0.057 0.07 0.071 0.104 0.086 0.071 0.068 0.06;
0.081 0.055 0.086 0.091 0.088 0.071 0.032 0.057 0.022 0.079 0.057 0.074 0.058 0.097 0.052;0.081 0.055 0.071 0.032 0.057 0.086 0.091 0.088 0.022 0.079 0.057 0.074 0.097 0.058 0.052;0.081 0.071 0.086 0.022 0.074 0.055 0.032 0.057 0.091 0.079 0.097 0.088 0.058 0.057 0.052;
0.063 0.078 0.08 0.069 0.093 0.063 0.038 0.059 0.031 0.077 0.063 0.064 0.078 0.091 0.053;0.063 0.078 0.063 0.038 0.059 0.08 0.069 0.093 0.031 0.077 0.063 0.064 0.091 0.078 0.053;0.063 0.063 0.08 0.031 0.064 0.078 0.038 0.059 0.069 0.077 0.091 0.093 0.078 0.063 0.053;
0.066 0.083 0.091 0.065 0.077 0.078 0.029 0.04 0.034 0.093 0.057 0.058 0.057 0.11 0.062;0.066 0.083 0.078 0.029 0.04 0.091 0.065 0.077 0.034 0.093 0.057 0.058 0.11 0.057 0.062;0.066 0.078 0.091 0.034 0.058 0.083 0.029 0.04 0.065 0.093 0.11 0.077 0.057 0.057 0.062;
0.082 0.077 0.064 0.078 0.08 0.074 0.037 0.065 0.027 0.072 0.074 0.06 0.062 0.093 0.055;0.082 0.077 0.074 0.037 0.065 0.064 0.078 0.08 0.027 0.072 0.074 0.06 0.093 0.062 0.055;0.082 0.074 0.064 0.027 0.06 0.077 0.037 0.065 0.078 0.072 0.093 0.08 0.062 0.074 0.055;
0.073 0.073 0.075 0.087 0.076 0.057 0.039 0.059 0.035 0.085 0.061 0.073 0.071 0.081 0.055;0.073 0.073 0.057 0.039 0.059 0.075 0.087 0.076 0.035 0.085 0.061 0.073 0.081 0.071 0.055;0.073 0.057 0.075 0.035 0.073 0.073 0.039 0.059 0.087 0.085 0.081 0.076 0.071 0.061 0.055;
0.066 0.071 0.081 0.095 0.091 0.064 0.039 0.064 0.04 0.076 0.054 0.062 0.064 0.089 0.044;0.066 0.071 0.064 0.039 0.064 0.081 0.095 0.091 0.04 0.076 0.054 0.062 0.089 0.064 0.044;0.066 0.064 0.081 0.04 0.062 0.071 0.039 0.064 0.095 0.076 0.089 0.091 0.064 0.054 0.044;
0.075 0.056 0.073 0.083 0.097 0.08 0.044 0.07 0.023 0.075 0.053 0.067 0.06 0.081 0.063;0.075 0.056 0.08 0.044 0.07 0.073 0.083 0.097 0.023 0.075 0.053 0.067 0.081 0.06 0.063;0.075 0.08 0.073 0.023 0.067 0.056 0.044 0.07 0.083 0.075 0.081 0.097 0.06 0.053 0.063;
0.085 0.075 0.081 0.057 0.103 0.07 0.025 0.055 0.034 0.078 0.065 0.058 0.069 0.091 0.054;0.085 0.075 0.07 0.025 0.055 0.081 0.057 0.103 0.034 0.078 0.065 0.058 0.091 0.069 0.054;0.085 0.07 0.081 0.034 0.058 0.075 0.025 0.055 0.057 0.078 0.091 0.103 0.069 0.065 0.054;
0.073 0.067 0.088 0.067 0.085 0.06 0.043 0.063 0.029 0.088 0.067 0.064 0.066 0.091 0.049;0.073 0.067 0.06 0.043 0.063 0.088 0.067 0.085 0.029 0.088 0.067 0.064 0.091 0.066 0.049;0.073 0.06 0.088 0.029 0.064 0.067 0.043 0.063 0.067 0.088 0.091 0.085 0.066 0.067 0.049;
0.073 0.071 0.078 0.069 0.104 0.075 0.038 0.057 0.028 0.078 0.054 0.06 0.068 0.096 0.051;0.073 0.071 0.075 0.038 0.057 0.078 0.069 0.104 0.028 0.078 0.054 0.06 0.096 0.068 0.051;0.073 0.075 0.078 0.028 0.06 0.071 0.038 0.057 0.069 0.078 0.096 0.104 0.068 0.054 0.051;
0.055 0.07 0.059 0.082 0.094 0.074 0.034 0.053 0.038 0.083 0.062 0.064 0.057 0.111 0.064;0.055 0.07 0.074 0.034 0.053 0.059 0.082 0.094 0.038 0.083 0.062 0.064 0.111 0.057 0.064;0.055 0.074 0.059 0.038 0.064 0.07 0.034 0.053 0.082 0.083 0.111 0.094 0.057 0.062 0.064;
0.069 0.062 0.085 0.077 0.1 0.056 0.045 0.055 0.037 0.088 0.065 0.056 0.058 0.092 0.055;0.069 0.062 0.056 0.045 0.055 0.085 0.077 0.1 0.037 0.088 0.065 0.056 0.092 0.058 0.055;0.069 0.056 0.085 0.037 0.056 0.062 0.045 0.055 0.077 0.088 0.092 0.1 0.058 0.065 0.055;
0.06 0.07 0.087 0.083 0.094 0.07 0.042 0.079 0.031 0.065 0.057 0.051 0.062 0.089 0.06;0.06 0.07 0.07 0.042 0.079 0.087 0.083 0.094 0.031 0.065 0.057 0.051 0.089 0.062 0.06;0.06 0.07 0.087 0.031 0.051 0.07 0.042 0.079 0.083 0.065 0.089 0.094 0.062 0.057 0.06;
0.058 0.078 0.075 0.087 0.09 0.069 0.04 0.051 0.035 0.071 0.058 0.073 0.082 0.089 0.044;0.058 0.078 0.069 0.04 0.051 0.075 0.087 0.09 0.035 0.071 0.058 0.073 0.089 0.082 0.044;0.058 0.069 0.075 0.035 0.073 0.078 0.04 0.051 0.087 0.071 0.089 0.09 0.082 0.058 0.044;
0.069 0.049 0.091 0.083 0.082 0.07 0.044 0.067 0.04 0.085 0.062 0.051 0.061 0.093 0.053;0.069 0.049 0.07 0.044 0.067 0.091 0.083 0.082 0.04 0.085 0.062 0.051 0.093 0.061 0.053;0.069 0.07 0.091 0.04 0.051 0.049 0.044 0.067 0.083 0.085 0.093 0.082 0.061 0.062 0.053;
0.07 0.068 0.08 0.082 0.097 0.063 0.04 0.06 0.041 0.073 0.051 0.08 0.058 0.084 0.053;0.07 0.068 0.063 0.04 0.06 0.08 0.082 0.097 0.041 0.073 0.051 0.08 0.084 0.058 0.053;0.07 0.063 0.08 0.041 0.08 0.068 0.04 0.06 0.082 0.073 0.084 0.097 0.058 0.051 0.053;
0.062 0.056 0.089 0.083 0.09 0.066 0.027 0.07 0.031 0.077 0.065 0.078 0.067 0.088 0.051;0.062 0.056 0.066 0.027 0.07 0.089 0.083 0.09 0.031 0.077 0.065 0.078 0.088 0.067 0.051;0.062 0.066 0.089 0.031 0.078 0.056 0.027 0.07 0.083 0.077 0.088 0.09 0.067 0.065 0.051;
0.075 0.066 0.067 0.074 0.111 0.051 0.041 0.061 0.036 0.084 0.078 0.065 0.063 0.084 0.044;0.075 0.066 0.051 0.041 0.061 0.067 0.074 0.111 0.036 0.084 0.078 0.065 0.084 0.063 0.044;0.075 0.051 0.067 0.036 0.065 0.066 0.041 0.061 0.074 0.084 0.084 0.111 0.063 0.078 0.044;
0.074 0.077 0.073 0.087 0.086 0.078 0.037 0.07 0.022 0.066 0.052 0.062 0.063 0.1 0.053;0.074 0.077 0.078 0.037 0.07 0.073 0.087 0.086 0.022 0.066 0.052 0.062 0.1 0.063 0.053;0.074 0.078 0.073 0.022 0.062 0.077 0.037 0.07 0.087 0.066 0.1 0.086 0.063 0.052 0.053;
0.062 0.065 0.083 0.096 0.079 0.063 0.039 0.061 0.035 0.082 0.063 0.071 0.06 0.078 0.063;0.062 0.065 0.063 0.039 0.061 0.083 0.096 0.079 0.035 0.082 0.063 0.071 0.078 0.06 0.063;0.062 0.063 0.083 0.035 0.071 0.065 0.039 0.061 0.096 0.082 0.078 0.079 0.06 0.063 0.063;
0.06 0.062 0.079 0.082 0.101 0.076 0.038 0.061 0.041 0.078 0.066 0.055 0.064 0.09 0.047;0.06 0.062 0.076 0.038 0.061 0.079 0.082 0.101 0.041 0.078 0.066 0.055 0.09 0.064 0.047;0.06 0.076 0.079 0.041 0.055 0.062 0.038 0.061 0.082 0.078 0.09 0.101 0.064 0.066 0.047;
0.075 0.064 0.09 0.085 0.095 0.053 0.035 0.056 0.036 0.076 0.059 0.064 0.08 0.083 0.049;0.075 0.064 0.053 0.035 0.056 0.09 0.085 0.095 0.036 0.076 0.059 0.064 0.083 0.08 0.049;0.075 0.053 0.09 0.036 0.064 0.064 0.035 0.056 0.085 0.076 0.083 0.095 0.08 0.059 0.049;
0.07 0.062 0.085 0.081 0.089 0.067 0.044 0.054 0.037 0.078 0.061 0.064 0.069 0.078 0.061;0.07 0.062 0.067 0.044 0.054 0.085 0.081 0.089 0.037 0.078 0.061 0.064 0.078 0.069 0.061;0.07 0.067 0.085 0.037 0.064 0.062 0.044 0.054 0.081 0.078 0.078 0.089 0.069 0.061 0.061;
0.069 0.072 0.076 0.09 0.094 0.057 0.042 0.068 0.04 0.074 0.063 0.059 0.069 0.081 0.046;0.069 0.072 0.057 0.042 0.068 0.076 0.09 0.094 0.04 0.074 0.063 0.059 0.081 0.069 0.046;0.069 0.057 0.076 0.04 0.059 0.072 0.042 0.068 0.09 0.074 0.081 0.094 0.069 0.063 0.046;
0.068 0.063 0.065 0.077 0.11 0.064 0.04 0.059 0.042 0.071 0.06 0.066 0.078 0.091 0.046;0.068 0.063 0.064 0.04 0.059 0.065 0.077 0.11 0.042 0.071 0.06 0.066 0.091 0.078 0.046;0.068 0.064 0.065 0.042 0.066 0.063 0.04 0.059 0.077 0.071 0.091 0.11 0.078 0.06 0.046;
0.063 0.069 0.065 0.074 0.091 0.066 0.033 0.059 0.035 0.076 0.069 0.074 0.075 0.095 0.056;0.063 0.069 0.066 0.033 0.059 0.065 0.074 0.091 0.035 0.076 0.069 0.074 0.095 0.075 0.056;0.063 0.066 0.065 0.035 0.074 0.069 0.033 0.059 0.074 0.076 0.095 0.091 0.075 0.069 0.056;
0.071 0.056 0.066 0.072 0.086 0.077 0.03 0.085 0.028 0.08 0.084 0.068 0.074 0.094 0.029;0.071 0.056 0.077 0.03 0.085 0.066 0.072 0.086 0.028 0.08 0.084 0.068 0.094 0.074 0.029;0.071 0.077 0.066 0.028 0.068 0.056 0.03 0.085 0.072 0.08 0.094 0.086 0.074 0.084 0.029;
0.079 0.054 0.083 0.078 0.094 0.071 0.033 0.062 0.033 0.089 0.047 0.045 0.065 0.113 0.054;0.079 0.054 0.071 0.033 0.062 0.083 0.078 0.094 0.033 0.089 0.047 0.045 0.113 0.065 0.054;0.079 0.071 0.083 0.033 0.045 0.054 0.033 0.062 0.078 0.089 0.113 0.094 0.065 0.047 0.054;
0.075 0.072 0.079 0.071 0.097 0.06 0.042 0.062 0.027 0.084 0.064 0.046 0.063 0.098 0.06;0.075 0.072 0.06 0.042 0.062 0.079 0.071 0.097 0.027 0.084 0.064 0.046 0.098 0.063 0.06;0.075 0.06 0.079 0.027 0.046 0.072 0.042 0.062 0.071 0.084 0.098 0.097 0.063 0.064 0.06;
0.08 0.074 0.071 0.075 0.082 0.079 0.033 0.06 0.031 0.089 0.061 0.055 0.067 0.081 0.062;0.08 0.074 0.079 0.033 0.06 0.071 0.075 0.082 0.031 0.089 0.061 0.055 0.081 0.067 0.062;0.08 0.079 0.071 0.031 0.055 0.074 0.033 0.06 0.075 0.089 0.081 0.082 0.067 0.061 0.062;
0.072 0.073 0.078 0.082 0.083 0.049 0.041 0.049 0.035 0.076 0.059 0.054 0.085 0.103 0.061;0.072 0.073 0.049 0.041 0.049 0.078 0.082 0.083 0.035 0.076 0.059 0.054 0.103 0.085 0.061;0.072 0.049 0.078 0.035 0.054 0.073 0.041 0.049 0.082 0.076 0.103 0.083 0.085 0.059 0.061;
0.081 0.072 0.083 0.075 0.093 0.073 0.033 0.073 0.04 0.06 0.064 0.055 0.064 0.085 0.049;0.081 0.072 0.073 0.033 0.073 0.083 0.075 0.093 0.04 0.06 0.064 0.055 0.085 0.064 0.049;0.081 0.073 0.083 0.04 0.055 0.072 0.033 0.073 0.075 0.06 0.085 0.093 0.064 0.064 0.049;
0.067 0.061 0.075 0.081 0.079 0.073 0.042 0.076 0.038 0.072 0.048 0.059 0.079 0.104 0.046;0.067 0.061 0.073 0.042 0.076 0.075 0.081 0.079 0.038 0.072 0.048 0.059 0.104 0.079 0.046;0.067 0.073 0.075 0.038 0.059 0.061 0.042 0.076 0.081 0.072 0.104 0.079 0.079 0.048 0.046;
0.072 0.072 0.069 0.086 0.086 0.058 0.04 0.065 0.026 0.084 0.05 0.071 0.065 0.103 0.053;0.072 0.072 0.058 0.04 0.065 0.069 0.086 0.086 0.026 0.084 0.05 0.071 0.103 0.065 0.053;0.072 0.058 0.069 0.026 0.071 0.072 0.04 0.065 0.086 0.084 0.103 0.086 0.065 0.05 0.053;
0.076 0.066 0.079 0.089 0.08 0.075 0.04 0.073 0.029 0.081 0.069 0.06 0.054 0.088 0.041;0.076 0.066 0.075 0.04 0.073 0.079 0.089 0.08 0.029 0.081 0.069 0.06 0.088 0.054 0.041;0.076 0.075 0.079 0.029 0.06 0.066 0.04 0.073 0.089 0.081 0.088 0.08 0.054 0.069 0.041;
0.067 0.074 0.083 0.068 0.074 0.064 0.052 0.062 0.03 0.086 0.064 0.065 0.053 0.112 0.046;0.067 0.074 0.064 0.052 0.062 0.083 0.068 0.074 0.03 0.086 0.064 0.065 0.112 0.053 0.046;0.067 0.064 0.083 0.03 0.065 0.074 0.052 0.062 0.068 0.086 0.112 0.074 0.053 0.064 0.046;
0.072 0.07 0.07 0.093 0.077 0.069 0.026 0.064 0.04 0.065 0.062 0.061 0.075 0.107 0.049;0.072 0.07 0.069 0.026 0.064 0.07 0.093 0.077 0.04 0.065 0.062 0.061 0.107 0.075 0.049;0.072 0.069 0.07 0.04 0.061 0.07 0.026 0.064 0.093 0.065 0.107 0.077 0.075 0.062 0.049;
0.083 0.064 0.074 0.078 0.086 0.063 0.033 0.061 0.04 0.088 0.067 0.071 0.047 0.087 0.058;0.083 0.064 0.063 0.033 0.061 0.074 0.078 0.086 0.04 0.088 0.067 0.071 0.087 0.047 0.058;0.083 0.063 0.074 0.04 0.071 0.064 0.033 0.061 0.078 0.088 0.087 0.086 0.047 0.067 0.058;
0.084 0.072 0.066 0.084 0.088 0.063 0.045 0.046 0.038 0.078 0.061 0.077 0.063 0.088 0.047;0.084 0.072 0.063 0.045 0.046 0.066 0.084 0.088 0.038 0.078 0.061 0.077 0.088 0.063 0.047;0.084 0.063 0.066 0.038 0.077 0.072 0.045 0.046 0.084 0.078 0.088 0.088 0.063 0.061 0.047;
0.08 0.065 0.069 0.09 0.102 0.057 0.038 0.057 0.031 0.07 0.067 0.063 0.064 0.088 0.059;0.08 0.065 0.057 0.038 0.057 0.069 0.09 0.102 0.031 0.07 0.067 0.063 0.088 0.064 0.059;0.08 0.057 0.069 0.031 0.063 0.065 0.038 0.057 0.09 0.07 0.088 0.102 0.064 0.067 0.059;
0.072 0.063 0.088 0.086 0.09 0.06 0.043 0.063 0.039 0.077 0.054 0.054 0.052 0.102 0.057;0.072 0.063 0.06 0.043 0.063 0.088 0.086 0.09 0.039 0.077 0.054 0.054 0.102 0.052 0.057;0.072 0.06 0.088 0.039 0.054 0.063 0.043 0.063 0.086 0.077 0.102 0.09 0.052 0.054 0.057;
0.073 0.062 0.086 0.082 0.091 0.069 0.036 0.05 0.026 0.08 0.064 0.069 0.064 0.108 0.04;0.073 0.062 0.069 0.036 0.05 0.086 0.082 0.091 0.026 0.08 0.064 0.069 0.108 0.064 0.04;0.073 0.069 0.086 0.026 0.069 0.062 0.036 0.05 0.082 0.08 0.108 0.091 0.064 0.064 0.04;
0.063 0.07 0.07 0.089 0.095 0.066 0.038 0.054 0.041 0.067 0.058 0.075 0.067 0.095 0.052;0.063 0.07 0.066 0.038 0.054 0.07 0.089 0.095 0.041 0.067 0.058 0.075 0.095 0.067 0.052;0.063 0.066 0.07 0.041 0.075 0.07 0.038 0.054 0.089 0.067 0.095 0.095 0.067 0.058 0.052;
0.062 0.061 0.068 0.091 0.084 0.063 0.04 0.056 0.044 0.068 0.073 0.062 0.069 0.099 0.06;0.062 0.061 0.063 0.04 0.056 0.068 0.091 0.084 0.044 0.068 0.073 0.062 0.099 0.069 0.06;0.062 0.063 0.068 0.044 0.062 0.061 0.04 0.056 0.091 0.068 0.099 0.084 0.069 0.073 0.06;
0.069 0.071 0.072 0.093 0.092 0.069 0.038 0.058 0.028 0.085 0.061 0.055 0.063 0.103 0.043;0.069 0.071 0.069 0.038 0.058 0.072 0.093 0.092 0.028 0.085 0.061 0.055 0.103 0.063 0.043;0.069 0.069 0.072 0.028 0.055 0.071 0.038 0.058 0.093 0.085 0.103 0.092 0.063 0.061 0.043;
0.077 0.067 0.085 0.075 0.098 0.085 0.043 0.063 0.023 0.076 0.06 0.054 0.05 0.09 0.054;0.077 0.067 0.085 0.043 0.063 0.085 0.075 0.098 0.023 0.076 0.06 0.054 0.09 0.05 0.054;0.077 0.085 0.085 0.023 0.054 0.067 0.043 0.063 0.075 0.076 0.09 0.098 0.05 0.06 0.054;
0.07 0.081 0.08 0.081 0.106 0.062 0.033 0.057 0.04 0.083 0.075 0.061 0.046 0.075 0.05;0.07 0.081 0.062 0.033 0.057 0.08 0.081 0.106 0.04 0.083 0.075 0.061 0.075 0.046 0.05;0.07 0.062 0.08 0.04 0.061 0.081 0.033 0.057 0.081 0.083 0.075 0.106 0.046 0.075 0.05;
0.073 0.074 0.085 0.058 0.087 0.063 0.039 0.067 0.035 0.083 0.061 0.073 0.066 0.1 0.036;0.073 0.074 0.063 0.039 0.067 0.085 0.058 0.087 0.035 0.083 0.061 0.073 0.1 0.066 0.036;0.073 0.063 0.085 0.035 0.073 0.074 0.039 0.067 0.058 0.083 0.1 0.087 0.066 0.061 0.036;
0.087 0.075 0.069 0.073 0.094 0.069 0.036 0.065 0.043 0.067 0.06 0.057 0.068 0.092 0.045;0.087 0.075 0.069 0.036 0.065 0.069 0.073 0.094 0.043 0.067 0.06 0.057 0.092 0.068 0.045;0.087 0.069 0.069 0.043 0.057 0.075 0.036 0.065 0.073 0.067 0.092 0.094 0.068 0.06 0.045;
0.07 0.057 0.094 0.089 0.077 0.061 0.035 0.061 0.034 0.075 0.052 0.073 0.071 0.104 0.047;0.07 0.057 0.061 0.035 0.061 0.094 0.089 0.077 0.034 0.075 0.052 0.073 0.104 0.071 0.047;0.07 0.061 0.094 0.034 0.073 0.057 0.035 0.061 0.089 0.075 0.104 0.077 0.071 0.052 0.047;
0.076 0.062 0.054 0.094 0.092 0.066 0.042 0.055 0.037 0.083 0.07 0.063 0.062 0.091 0.053;0.076 0.062 0.066 0.042 0.055 0.054 0.094 0.092 0.037 0.083 0.07 0.063 0.091 0.062 0.053;0.076 0.066 0.054 0.037 0.063 0.062 0.042 0.055 0.094 0.083 0.091 0.092 0.062 0.07 0.053;
0.064 0.066 0.089 0.08 0.089 0.064 0.038 0.05 0.026 0.092 0.063 0.069 0.072 0.094 0.044;0.064 0.066 0.064 0.038 0.05 0.089 0.08 0.089 0.026 0.092 0.063 0.069 0.094 0.072 0.044;0.064 0.064 0.089 0.026 0.069 0.066 0.038 0.05 0.08 0.092 0.094 0.089 0.072 0.063 0.044;
0.079 0.068 0.075 0.077 0.097 0.062 0.032 0.054 0.044 0.071 0.06 0.074 0.071 0.083 0.053;0.079 0.068 0.062 0.032 0.054 0.075 0.077 0.097 0.044 0.071 0.06 0.074 0.083 0.071 0.053;0.079 0.062 0.075 0.044 0.074 0.068 0.032 0.054 0.077 0.071 0.083 0.097 0.071 0.06 0.053;
0.073 0.08 0.064 0.059 0.104 0.07 0.033 0.066 0.034 0.056 0.069 0.073 0.074 0.09 0.055;0.073 0.08 0.07 0.033 0.066 0.064 0.059 0.104 0.034 0.056 0.069 0.073 0.09 0.074 0.055;0.073 0.07 0.064 0.034 0.073 0.08 0.033 0.066 0.059 0.056 0.09 0.104 0.074 0.069 0.055;
0.068 0.078 0.093 0.081 0.103 0.071 0.036 0.055 0.038 0.066 0.061 0.045 0.066 0.088 0.051;0.068 0.078 0.071 0.036 0.055 0.093 0.081 0.103 0.038 0.066 0.061 0.045 0.088 0.066 0.051;0.068 0.071 0.093 0.038 0.045 0.078 0.036 0.055 0.081 0.066 0.088 0.103 0.066 0.061 0.051;
0.056 0.063 0.077 0.073 0.084 0.069 0.048 0.054 0.045 0.088 0.059 0.065 0.068 0.086 0.065;0.056 0.063 0.069 0.048 0.054 0.077 0.073 0.084 0.045 0.088 0.059 0.065 0.086 0.068 0.065;0.056 0.069 0.077 0.045 0.065 0.063 0.048 0.054 0.073 0.088 0.086 0.084 0.068 0.059 0.065;
0.065 0.068 0.078 0.083 0.094 0.08 0.041 0.049 0.037 0.075 0.062 0.052 0.065 0.103 0.048;0.065 0.068 0.08 0.041 0.049 0.078 0.083 0.094 0.037 0.075 0.062 0.052 0.103 0.065 0.048;0.065 0.08 0.078 0.037 0.052 0.068 0.041 0.049 0.083 0.075 0.103 0.094 0.065 0.062 0.048;
0.07 0.068 0.073 0.084 0.096 0.064 0.039 0.062 0.034 0.082 0.061 0.076 0.078 0.075 0.038;0.07 0.068 0.064 0.039 0.062 0.073 0.084 0.096 0.034 0.082 0.061 0.076 0.075 0.078 0.038;0.07 0.064 0.073 0.034 0.076 0.068 0.039 0.062 0.084 0.082 0.075 0.096 0.078 0.061 0.038;
0.083 0.053 0.076 0.081 0.081 0.077 0.026 0.056 0.04 0.083 0.066 0.065 0.086 0.079 0.048;0.083 0.053 0.077 0.026 0.056 0.076 0.081 0.081 0.04 0.083 0.066 0.065 0.079 0.086 0.048;0.083 0.077 0.076 0.04 0.065 0.053 0.026 0.056 0.081 0.083 0.079 0.081 0.086 0.066 0.048;
0.06 0.079 0.083 0.081 0.093 0.063 0.041 0.064 0.043 0.061 0.06 0.06 0.058 0.102 0.052;0.06 0.079 0.063 0.041 0.064 0.083 0.081 0.093 0.043 0.061 0.06 0.06 0.102 0.058 0.052;0.06 0.063 0.083 0.043 0.06 0.079 0.041 0.064 0.081 0.061 0.102 0.093 0.058 0.06 0.052;
0.077 0.06 0.066 0.074 0.09 0.068 0.04 0.058 0.034 0.08 0.077 0.061 0.065 0.091 0.059;0.077 0.06 0.068 0.04 0.058 0.066 0.074 0.09 0.034 0.08 0.077 0.061 0.091 0.065 0.059;0.077 0.068 0.066 0.034 0.061 0.06 0.04 0.058 0.074 0.08 0.091 0.09 0.065 0.077 0.059;
0.06 0.065 0.068 0.079 0.103 0.073 0.033 0.069 0.035 0.072 0.08 0.067 0.072 0.082 0.042;0.06 0.065 0.073 0.033 0.069 0.068 0.079 0.103 0.035 0.072 0.08 0.067 0.082 0.072 0.042;0.06 0.073 0.068 0.035 0.067 0.065 0.033 0.069 0.079 0.072 0.082 0.103 0.072 0.08 0.042;
0.069 0.067 0.074 0.066 0.085 0.066 0.044 0.06 0.04 0.077 0.056 0.065 0.074 0.092 0.065;0.069 0.067 0.066 0.044 0.06 0.074 0.066 0.085 0.04 0.077 0.056 0.065 0.092 0.074 0.065;0.069 0.066 0.074 0.04 0.065 0.067 0.044 0.06 0.066 0.077 0.092 0.085 0.074 0.056 0.065;
0.078 0.054 0.08 0.072 0.097 0.075 0.042 0.053 0.03 0.07 0.068 0.071 0.078 0.074 0.058;0.078 0.054 0.075 0.042 0.053 0.08 0.072 0.097 0.03 0.07 0.068 0.071 0.074 0.078 0.058;0.078 0.075 0.08 0.03 0.071 0.054 0.042 0.053 0.072 0.07 0.074 0.097 0.078 0.068 0.058;
0.068 0.057 0.072 0.076 0.088 0.077 0.037 0.071 0.03 0.071 0.067 0.072 0.076 0.088 0.05;0.068 0.057 0.077 0.037 0.071 0.072 0.076 0.088 0.03 0.071 0.067 0.072 0.088 0.076 0.05;0.068 0.077 0.072 0.03 0.072 0.057 0.037 0.071 0.076 0.071 0.088 0.088 0.076 0.067 0.05;
0.071 0.068 0.079 0.098 0.084 0.057 0.031 0.054 0.043 0.073 0.067 0.069 0.062 0.089 0.055;0.071 0.068 0.057 0.031 0.054 0.079 0.098 0.084 0.043 0.073 0.067 0.069 0.089 0.062 0.055;0.071 0.057 0.079 0.043 0.069 0.068 0.031 0.054 0.098 0.073 0.089 0.084 0.062 0.067 0.055;
0.085 0.061 0.064 0.072 0.092 0.063 0.052 0.048 0.027 0.086 0.056 0.066 0.061 0.109 0.058;0.085 0.061 0.063 0.052 0.048 0.064 0.072 0.092 0.027 0.086 0.056 0.066 0.109 0.061 0.058;0.085 0.063 0.064 0.027 0.066 0.061 0.052 0.048 0.072 0.086 0.109 0.092 0.061 0.056 0.058;
0.063 0.07 0.07 0.085 0.11 0.071 0.036 0.056 0.03 0.072 0.06 0.066 0.069 0.087 0.055;0.063 0.07 0.071 0.036 0.056 0.07 0.085 0.11 0.03 0.072 0.06 0.066 0.087 0.069 0.055;0.063 0.071 0.07 0.03 0.066 0.07 0.036 0.056 0.085 0.072 0.087 0.11 0.069 0.06 0.055;
0.072 0.072 0.082 0.078 0.101 0.081 0.04 0.054 0.032 0.072 0.075 0.058 0.057 0.083 0.043;0.072 0.072 0.081 0.04 0.054 0.082 0.078 0.101 0.032 0.072 0.075 0.058 0.083 0.057 0.043;0.072 0.081 0.082 0.032 0.058 0.072 0.04 0.054 0.078 0.072 0.083 0.101 0.057 0.075 0.043;
0.072 0.08 0.077 0.081 0.089 0.06 0.044 0.062 0.047 0.078 0.057 0.05 0.07 0.081 0.052;0.072 0.08 0.06 0.044 0.062 0.077 0.081 0.089 0.047 0.078 0.057 0.05 0.081 0.07 0.052;0.072 0.06 0.077 0.047 0.05 0.08 0.044 0.062 0.081 0.078 0.081 0.089 0.07 0.057 0.052;
0.064 0.06 0.075 0.089 0.102 0.067 0.031 0.059 0.037 0.078 0.054 0.068 0.074 0.084 0.058;0.064 0.06 0.067 0.031 0.059 0.075 0.089 0.102 0.037 0.078 0.054 0.068 0.084 0.074 0.058;0.064 0.067 0.075 0.037 0.068 0.06 0.031 0.059 0.089 0.078 0.084 0.102 0.074 0.054 0.058;
0.074 0.068 0.084 0.085 0.089 0.063 0.031 0.058 0.037 0.086 0.055 0.064 0.067 0.096 0.043;0.074 0.068 0.063 0.031 0.058 0.084 0.085 0.089 0.037 0.086 0.055 0.064 0.096 0.067 0.043;0.074 0.063 0.084 0.037 0.064 0.068 0.031 0.058 0.085 0.086 0.096 0.089 0.067 0.055 0.043;
0.071 0.075 0.082 0.08 0.099 0.063 0.035 0.041 0.032 0.077 0.057 0.075 0.059 0.117 0.037;0.071 0.075 0.063 0.035 0.041 0.082 0.08 0.099 0.032 0.077 0.057 0.075 0.117 0.059 0.037;0.071 0.063 0.082 0.032 0.075 0.075 0.035 0.041 0.08 0.077 0.117 0.099 0.059 0.057 0.037;
0.074 0.076 0.097 0.078 0.085 0.062 0.042 0.057 0.033 0.08 0.07 0.06 0.063 0.072 0.051;0.074 0.076 0.062 0.042 0.057 0.097 0.078 0.085 0.033 0.08 0.07 0.06 0.072 0.063 0.051;0.074 0.062 0.097 0.033 0.06 0.076 0.042 0.057 0.078 0.08 0.072 0.085 0.063 0.07 0.051;
0.068 0.072 0.08 0.078 0.098 0.065 0.038 0.055 0.043 0.077 0.054 0.055 0.062 0.098 0.057;0.068 0.072 0.065 0.038 0.055 0.08 0.078 0.098 0.043 0.077 0.054 0.055 0.098 0.062 0.057;0.068 0.065 0.08 0.043 0.055 0.072 0.038 0.055 0.078 0.077 0.098 0.098 0.062 0.054 0.057;
0.059 0.063 0.069 0.085 0.094 0.07 0.031 0.068 0.035 0.078 0.085 0.058 0.062 0.094 0.049;0.059 0.063 0.07 0.031 0.068 0.069 0.085 0.094 0.035 0.078 0.085 0.058 0.094 0.062 0.049;0.059 0.07 0.069 0.035 0.058 0.063 0.031 0.068 0.085 0.078 0.094 0.094 0.062 0.085 0.049;
0.057 0.063 0.076 0.085 0.109 0.077 0.045 0.061 0.03 0.078 0.067 0.064 0.063 0.078 0.047;0.057 0.063 0.077 0.045 0.061 0.076 0.085 0.109 0.03 0.078 0.067 0.064 0.078 0.063 0.047;0.057 0.077 0.076 0.03 0.064 0.063 0.045 0.061 0.085 0.078 0.078 0.109 0.063 0.067 0.047;
0.07 0.061 0.063 0.071 0.102 0.074 0.042 0.051 0.043 0.083 0.06 0.062 0.057 0.096 0.065;0.07 0.061 0.074 0.042 0.051 0.063 0.071 0.102 0.043 0.083 0.06 0.062 0.096 0.057 0.065;0.07 0.074 0.063 0.043 0.062 0.061 0.042 0.051 0.071 0.083 0.096 0.102 0.057 0.06 0.065;
0.079 0.069 0.063 0.073 0.093 0.072 0.039 0.078 0.038 0.076 0.045 0.073 0.053 0.089 0.06;0.079 0.069 0.072 0.039 0.078 0.063 0.073 0.093 0.038 0.076 0.045 0.073 0.089 0.053 0.06;0.079 0.072 0.063 0.038 0.073 0.069 0.039 0.078 0.073 0.076 0.089 0.093 0.053 0.045 0.06;
0.078 0.074 0.073 0.079 0.103 0.076 0.027 0.057 0.033 0.076 0.051 0.062 0.07 0.095 0.046;0.078 0.074 0.076 0.027 0.057 0.073 0.079 0.103 0.033 0.076 0.051 0.062 0.095 0.07 0.046;0.078 0.076 0.073 0.033 0.062 0.074 0.027 0.057 0.079 0.076 0.095 0.103 0.07 0.051 0.046;
0.067 0.053 0.07 0.08 0.121 0.068 0.039 0.068 0.039 0.091 0.063 0.067 0.062 0.075 0.037;0.067 0.053 0.068 0.039 0.068 0.07 0.08 0.121 0.039 0.091 0.063 0.067 0.075 0.062 0.037;0.067 0.068 0.07 0.039 0.067 0.053 0.039 0.068 0.08 0.091 0.075 0.121 0.062 0.063 0.037;
0.071 0.076 0.073 0.067 0.11 0.076 0.036 0.057 0.041 0.062 0.065 0.067 0.054 0.089 0.056;0.071 0.076 0.076 0.036 0.057 0.073 0.067 0.11 0.041 0.062 0.065 0.067 0.089 0.054 0.056;0.071 0.076 0.073 0.041 0.067 0.076 0.036 0.057 0.067 0.062 0.089 0.11 0.054 0.065 0.056;
0.078 0.076 0.087 0.074 0.094 0.062 0.051 0.054 0.029 0.075 0.063 0.066 0.066 0.072 0.053;0.078 0.076 0.062 0.051 0.054 0.087 0.074 0.094 0.029 0.075 0.063 0.066 0.072 0.066 0.053;0.078 0.062 0.087 0.029 0.066 0.076 0.051 0.054 0.074 0.075 0.072 0.094 0.066 0.063 0.053;
0.067 0.065 0.069 0.078 0.09 0.062 0.03 0.055 0.047 0.078 0.059 0.066 0.062 0.105 0.067;0.067 0.065 0.062 0.03 0.055 0.069 0.078 0.09 0.047 0.078 0.059 0.066 0.105 0.062 0.067;0.067 0.062 0.069 0.047 0.066 0.065 0.03 0.055 0.078 0.078 0.105 0.09 0.062 0.059 0.067;
0.076 0.079 0.081 0.079 0.076 0.068 0.033 0.05 0.037 0.063 0.06 0.066 0.086 0.093 0.053;0.076 0.079 0.068 0.033 0.05 0.081 0.079 0.076 0.037 0.063 0.06 0.066 0.093 0.086 0.053;0.076 0.068 0.081 0.037 0.066 0.079 0.033 0.05 0.079 0.063 0.093 0.076 0.086 0.06 0.053;
0.077 0.053 0.07 0.082 0.09 0.07 0.04 0.058 0.037 0.072 0.076 0.064 0.054 0.093 0.064;0.077 0.053 0.07 0.04 0.058 0.07 0.082 0.09 0.037 0.072 0.076 0.064 0.093 0.054 0.064;0.077 0.07 0.07 0.037 0.064 0.053 0.04 0.058 0.082 0.072 0.093 0.09 0.054 0.076 0.064;
0.082 0.069 0.078 0.083 0.098 0.064 0.032 0.056 0.031 0.071 0.069 0.057 0.057 0.1 0.053;0.082 0.069 0.064 0.032 0.056 0.078 0.083 0.098 0.031 0.071 0.069 0.057 0.1 0.057 0.053;0.082 0.064 0.078 0.031 0.057 0.069 0.032 0.056 0.083 0.071 0.1 0.098 0.057 0.069 0.053;
0.088 0.073 0.087 0.082 0.091 0.059 0.031 0.057 0.029 0.08 0.067 0.058 0.061 0.089 0.048;0.088 0.073 0.059 0.031 0.057 0.087 0.082 0.091 0.029 0.08 0.067 0.058 0.089 0.061 0.048;0.088 0.059 0.087 0.029 0.058 0.073 0.031 0.057 0.082 0.08 0.089 0.091 0.061 0.067 0.048;
0.075 0.072 0.073 0.077 0.08 0.073 0.038 0.07 0.049 0.082 0.056 0.07 0.06 0.079 0.046;0.075 0.072 0.073 0.038 0.07 0.073 0.077 0.08 0.049 0.082 0.056 0.07 0.079 0.06 0.046;0.075 0.073 0.073 0.049 0.07 0.072 0.038 0.07 0.077 0.082 0.079 0.08 0.06 0.056 0.046;
0.061 0.07 0.067 0.084 0.09 0.072 0.044 0.056 0.03 0.085 0.062 0.07 0.067 0.094 0.048;0.061 0.07 0.072 0.044 0.056 0.067 0.084 0.09 0.03 0.085 0.062 0.07 0.094 0.067 0.048;0.061 0.072 0.067 0.03 0.07 0.07 0.044 0.056 0.084 0.085 0.094 0.09 0.067 0.062 0.048;
0.067 0.055 0.069 0.088 0.09 0.083 0.027 0.056 0.036 0.08 0.06 0.063 0.08 0.085 0.061;0.067 0.055 0.083 0.027 0.056 0.069 0.088 0.09 0.036 0.08 0.06 0.063 0.085 0.08 0.061;0.067 0.083 0.069 0.036 0.063 0.055 0.027 0.056 0.088 0.08 0.085 0.09 0.08 0.06 0.061;
0.07 0.077 0.071 0.074 0.102 0.066 0.038 0.06 0.037 0.079 0.053 0.052 0.065 0.102 0.054;0.07 0.077 0.066 0.038 0.06 0.071 0.074 0.102 0.037 0.079 0.053 0.052 0.102 0.065 0.054;0.07 0.066 0.071 0.037 0.052 0.077 0.038 0.06 0.074 0.079 0.102 0.102 0.065 0.053 0.054;
0.074 0.066 0.083 0.08 0.079 0.068 0.032 0.065 0.03 0.079 0.064 0.07 0.073 0.083 0.054;0.074 0.066 0.068 0.032 0.065 0.083 0.08 0.079 0.03 0.079 0.064 0.07 0.083 0.073 0.054;0.074 0.068 0.083 0.03 0.07 0.066 0.032 0.065 0.08 0.079 0.083 0.079 0.073 0.064 0.054;
0.073 0.066 0.078 0.075 0.09 0.066 0.031 0.068 0.037 0.077 0.072 0.064 0.07 0.09 0.043;0.073 0.066 0.066 0.031 0.068 0.078 0.075 0.09 0.037 0.077 0.072 0.064 0.09 0.07 0.043;0.073 0.066 0.078 0.037 0.064 0.066 0.031 0.068 0.075 0.077 0.09 0.09 0.07 0.072 0.043;
0.074 0.076 0.079 0.076 0.097 0.072 0.042 0.062 0.036 0.067 0.055 0.06 0.061 0.108 0.035;0.074 0.076 0.072 0.042 0.062 0.079 0.076 0.097 0.036 0.067 0.055 0.06 0.108 0.061 0.035;0.074 0.072 0.079 0.036 0.06 0.076 0.042 0.062 0.076 0.067 0.108 0.097 0.061 0.055 0.035;
0.058 0.065 0.069 0.092 0.089 0.076 0.03 0.066 0.046 0.1 0.06 0.066 0.052 0.081 0.05;0.058 0.065 0.076 0.03 0.066 0.069 0.092 0.089 0.046 0.1 0.06 0.066 0.081 0.052 0.05;0.058 0.076 0.069 0.046 0.066 0.065 0.03 0.066 0.092 0.1 0.081 0.089 0.052 0.06 0.05];