pntP=[0.133 0.019 0.204 0.013 0.017 0.011 0.123 0.008 0.011 0.204 0.014 0.015 0.19 0.029 0.009;0.133 0.019 0.011 0.123 0.008 0.204 0.013 0.017 0.011 0.204 0.014 0.015 0.029 0.19 0.009;0.133 0.011 0.204 0.011 0.015 0.019 0.123 0.008 0.013 0.204 0.029 0.017 0.19 0.014 0.009;
0.117 0.011 0.202 0.016 0.02 0.008 0.107 0.013 0.005 0.221 0.012 0.014 0.226 0.014 0.014;0.117 0.011 0.008 0.107 0.013 0.202 0.016 0.02 0.005 0.221 0.012 0.014 0.014 0.226 0.014;0.117 0.008 0.202 0.005 0.014 0.011 0.107 0.013 0.016 0.221 0.014 0.02 0.226 0.012 0.014;
0.128 0.016 0.214 0.016 0.025 0.009 0.117 0.009 0.004 0.206 0.013 0.013 0.21 0.012 0.008;0.128 0.016 0.009 0.117 0.009 0.214 0.016 0.025 0.004 0.206 0.013 0.013 0.012 0.21 0.008;0.128 0.009 0.214 0.004 0.013 0.016 0.117 0.009 0.016 0.206 0.012 0.025 0.21 0.013 0.008;
0.147 0.011 0.185 0.015 0.018 0.015 0.105 0.004 0.014 0.207 0.016 0.018 0.215 0.024 0.006;0.147 0.011 0.015 0.105 0.004 0.185 0.015 0.018 0.014 0.207 0.016 0.018 0.024 0.215 0.006;0.147 0.015 0.185 0.014 0.018 0.011 0.105 0.004 0.015 0.207 0.024 0.018 0.215 0.016 0.006;
0.13 0.007 0.201 0.019 0.016 0.013 0.1 0.01 0.016 0.224 0.015 0.01 0.21 0.015 0.014;0.13 0.007 0.013 0.1 0.01 0.201 0.019 0.016 0.016 0.224 0.015 0.01 0.015 0.21 0.014;0.13 0.013 0.201 0.016 0.01 0.007 0.1 0.01 0.019 0.224 0.015 0.016 0.21 0.015 0.014;
0.132 0.01 0.218 0.019 0.017 0.016 0.104 0.011 0.01 0.188 0.019 0.012 0.212 0.022 0.01;0.132 0.01 0.016 0.104 0.011 0.218 0.019 0.017 0.01 0.188 0.019 0.012 0.022 0.212 0.01;0.132 0.016 0.218 0.01 0.012 0.01 0.104 0.011 0.019 0.188 0.022 0.017 0.212 0.019 0.01;
0.12 0.01 0.21 0.016 0.017 0.019 0.095 0.01 0.014 0.211 0.016 0.014 0.225 0.018 0.005;0.12 0.01 0.019 0.095 0.01 0.21 0.016 0.017 0.014 0.211 0.016 0.014 0.018 0.225 0.005;0.12 0.019 0.21 0.014 0.014 0.01 0.095 0.01 0.016 0.211 0.018 0.017 0.225 0.016 0.005;
0.164 0.012 0.208 0.014 0.024 0.008 0.094 0.014 0.012 0.178 0.015 0.015 0.205 0.019 0.018;0.164 0.012 0.008 0.094 0.014 0.208 0.014 0.024 0.012 0.178 0.015 0.015 0.019 0.205 0.018;0.164 0.008 0.208 0.012 0.015 0.012 0.094 0.014 0.014 0.178 0.019 0.024 0.205 0.015 0.018;
0.128 0.011 0.213 0.009 0.02 0.009 0.107 0.012 0.011 0.218 0.012 0.016 0.21 0.017 0.007;0.128 0.011 0.009 0.107 0.012 0.213 0.009 0.02 0.011 0.218 0.012 0.016 0.017 0.21 0.007;0.128 0.009 0.213 0.011 0.016 0.011 0.107 0.012 0.009 0.218 0.017 0.02 0.21 0.012 0.007;
0.141 0.015 0.213 0.01 0.018 0.008 0.101 0.005 0.007 0.2 0.016 0.01 0.222 0.017 0.017;0.141 0.015 0.008 0.101 0.005 0.213 0.01 0.018 0.007 0.2 0.016 0.01 0.017 0.222 0.017;0.141 0.008 0.213 0.007 0.01 0.015 0.101 0.005 0.01 0.2 0.017 0.018 0.222 0.016 0.017;
0.124 0.017 0.193 0.014 0.017 0.014 0.117 0.008 0.02 0.195 0.019 0.011 0.214 0.02 0.017;0.124 0.017 0.014 0.117 0.008 0.193 0.014 0.017 0.02 0.195 0.019 0.011 0.02 0.214 0.017;0.124 0.014 0.193 0.02 0.011 0.017 0.117 0.008 0.014 0.195 0.02 0.017 0.214 0.019 0.017;
0.121 0.009 0.223 0.012 0.016 0.013 0.107 0.01 0.01 0.204 0.011 0.014 0.219 0.019 0.012;0.121 0.009 0.013 0.107 0.01 0.223 0.012 0.016 0.01 0.204 0.011 0.014 0.019 0.219 0.012;0.121 0.013 0.223 0.01 0.014 0.009 0.107 0.01 0.012 0.204 0.019 0.016 0.219 0.011 0.012;
0.106 0.011 0.208 0.014 0.02 0.013 0.12 0.015 0.011 0.206 0.019 0.016 0.21 0.019 0.012;0.106 0.011 0.013 0.12 0.015 0.208 0.014 0.02 0.011 0.206 0.019 0.016 0.019 0.21 0.012;0.106 0.013 0.208 0.011 0.016 0.011 0.12 0.015 0.014 0.206 0.019 0.02 0.21 0.019 0.012;
0.132 0.017 0.215 0.009 0.022 0.007 0.1 0.009 0.013 0.199 0.013 0.012 0.229 0.017 0.006;0.132 0.017 0.007 0.1 0.009 0.215 0.009 0.022 0.013 0.199 0.013 0.012 0.017 0.229 0.006;0.132 0.007 0.215 0.013 0.012 0.017 0.1 0.009 0.009 0.199 0.017 0.022 0.229 0.013 0.006;
0.134 0.012 0.195 0.013 0.015 0.008 0.116 0.014 0.007 0.228 0.016 0.014 0.199 0.015 0.014;0.134 0.012 0.008 0.116 0.014 0.195 0.013 0.015 0.007 0.228 0.016 0.014 0.015 0.199 0.014;0.134 0.008 0.195 0.007 0.014 0.012 0.116 0.014 0.013 0.228 0.015 0.015 0.199 0.016 0.014;
0.121 0.008 0.208 0.015 0.021 0.01 0.107 0.014 0.009 0.197 0.015 0.017 0.211 0.027 0.02;0.121 0.008 0.01 0.107 0.014 0.208 0.015 0.021 0.009 0.197 0.015 0.017 0.027 0.211 0.02;0.121 0.01 0.208 0.009 0.017 0.008 0.107 0.014 0.015 0.197 0.027 0.021 0.211 0.015 0.02;
0.143 0.008 0.212 0.02 0.02 0.009 0.101 0.009 0.006 0.192 0.014 0.015 0.218 0.022 0.011;0.143 0.008 0.009 0.101 0.009 0.212 0.02 0.02 0.006 0.192 0.014 0.015 0.022 0.218 0.011;0.143 0.009 0.212 0.006 0.015 0.008 0.101 0.009 0.02 0.192 0.022 0.02 0.218 0.014 0.011;
0.134 0.006 0.184 0.014 0.021 0.015 0.097 0.012 0.01 0.211 0.013 0.014 0.227 0.026 0.016;0.134 0.006 0.015 0.097 0.012 0.184 0.014 0.021 0.01 0.211 0.013 0.014 0.026 0.227 0.016;0.134 0.015 0.184 0.01 0.014 0.006 0.097 0.012 0.014 0.211 0.026 0.021 0.227 0.013 0.016;
0.13 0.018 0.198 0.01 0.017 0.008 0.111 0.014 0.009 0.197 0.016 0.018 0.224 0.021 0.009;0.13 0.018 0.008 0.111 0.014 0.198 0.01 0.017 0.009 0.197 0.016 0.018 0.021 0.224 0.009;0.13 0.008 0.198 0.009 0.018 0.018 0.111 0.014 0.01 0.197 0.021 0.017 0.224 0.016 0.009;
0.137 0.01 0.217 0.012 0.015 0.008 0.087 0.013 0.016 0.2 0.014 0.014 0.222 0.026 0.009;0.137 0.01 0.008 0.087 0.013 0.217 0.012 0.015 0.016 0.2 0.014 0.014 0.026 0.222 0.009;0.137 0.008 0.217 0.016 0.014 0.01 0.087 0.013 0.012 0.2 0.026 0.015 0.222 0.014 0.009;
0.128 0.012 0.193 0.012 0.012 0.016 0.104 0.011 0.009 0.206 0.018 0.018 0.232 0.022 0.007;0.128 0.012 0.016 0.104 0.011 0.193 0.012 0.012 0.009 0.206 0.018 0.018 0.022 0.232 0.007;0.128 0.016 0.193 0.009 0.018 0.012 0.104 0.011 0.012 0.206 0.022 0.012 0.232 0.018 0.007;
0.137 0.016 0.19 0.01 0.018 0.014 0.118 0.011 0.007 0.234 0.015 0.006 0.198 0.014 0.012;0.137 0.016 0.014 0.118 0.011 0.19 0.01 0.018 0.007 0.234 0.015 0.006 0.014 0.198 0.012;0.137 0.014 0.19 0.007 0.006 0.016 0.118 0.011 0.01 0.234 0.014 0.018 0.198 0.015 0.012;
0.149 0.009 0.205 0.013 0.017 0.008 0.102 0.017 0.008 0.202 0.01 0.01 0.218 0.023 0.009;0.149 0.009 0.008 0.102 0.017 0.205 0.013 0.017 0.008 0.202 0.01 0.01 0.023 0.218 0.009;0.149 0.008 0.205 0.008 0.01 0.009 0.102 0.017 0.013 0.202 0.023 0.017 0.218 0.01 0.009;
0.13 0.012 0.201 0.013 0.018 0.016 0.11 0.016 0.013 0.199 0.017 0.012 0.208 0.025 0.01;0.13 0.012 0.016 0.11 0.016 0.201 0.013 0.018 0.013 0.199 0.017 0.012 0.025 0.208 0.01;0.13 0.016 0.201 0.013 0.012 0.012 0.11 0.016 0.013 0.199 0.025 0.018 0.208 0.017 0.01;
0.134 0.012 0.2 0.013 0.016 0.016 0.096 0.012 0.009 0.206 0.012 0.017 0.226 0.027 0.004;0.134 0.012 0.016 0.096 0.012 0.2 0.013 0.016 0.009 0.206 0.012 0.017 0.027 0.226 0.004;0.134 0.016 0.2 0.009 0.017 0.012 0.096 0.012 0.013 0.206 0.027 0.016 0.226 0.012 0.004;
0.105 0.01 0.209 0.012 0.019 0.007 0.114 0.012 0.011 0.21 0.019 0.013 0.227 0.024 0.008;0.105 0.01 0.007 0.114 0.012 0.209 0.012 0.019 0.011 0.21 0.019 0.013 0.024 0.227 0.008;0.105 0.007 0.209 0.011 0.013 0.01 0.114 0.012 0.012 0.21 0.024 0.019 0.227 0.019 0.008;
0.123 0.005 0.222 0.009 0.023 0.014 0.103 0.007 0.007 0.214 0.01 0.013 0.213 0.025 0.012;0.123 0.005 0.014 0.103 0.007 0.222 0.009 0.023 0.007 0.214 0.01 0.013 0.025 0.213 0.012;0.123 0.014 0.222 0.007 0.013 0.005 0.103 0.007 0.009 0.214 0.025 0.023 0.213 0.01 0.012;
0.135 0.01 0.201 0.005 0.019 0.017 0.09 0.015 0.007 0.227 0.012 0.02 0.203 0.028 0.011;0.135 0.01 0.017 0.09 0.015 0.201 0.005 0.019 0.007 0.227 0.012 0.02 0.028 0.203 0.011;0.135 0.017 0.201 0.007 0.02 0.01 0.09 0.015 0.005 0.227 0.028 0.019 0.203 0.012 0.011;
0.125 0.016 0.208 0.017 0.022 0.01 0.085 0.013 0.007 0.224 0.016 0.007 0.219 0.02 0.011;0.125 0.016 0.01 0.085 0.013 0.208 0.017 0.022 0.007 0.224 0.016 0.007 0.02 0.219 0.011;0.125 0.01 0.208 0.007 0.007 0.016 0.085 0.013 0.017 0.224 0.02 0.022 0.219 0.016 0.011;
0.129 0.007 0.194 0.008 0.02 0.016 0.119 0.016 0.012 0.21 0.012 0.015 0.216 0.015 0.011;0.129 0.007 0.016 0.119 0.016 0.194 0.008 0.02 0.012 0.21 0.012 0.015 0.015 0.216 0.011;0.129 0.016 0.194 0.012 0.015 0.007 0.119 0.016 0.008 0.21 0.015 0.02 0.216 0.012 0.011;
0.127 0.007 0.217 0.011 0.012 0.014 0.123 0.01 0.006 0.194 0.013 0.016 0.228 0.016 0.006;0.127 0.007 0.014 0.123 0.01 0.217 0.011 0.012 0.006 0.194 0.013 0.016 0.016 0.228 0.006;0.127 0.014 0.217 0.006 0.016 0.007 0.123 0.01 0.011 0.194 0.016 0.012 0.228 0.013 0.006;
0.145 0.011 0.21 0.018 0.021 0.01 0.095 0.012 0.005 0.192 0.013 0.015 0.223 0.021 0.009;0.145 0.011 0.01 0.095 0.012 0.21 0.018 0.021 0.005 0.192 0.013 0.015 0.021 0.223 0.009;0.145 0.01 0.21 0.005 0.015 0.011 0.095 0.012 0.018 0.192 0.021 0.021 0.223 0.013 0.009;
0.134 0.007 0.197 0.013 0.021 0.015 0.097 0.013 0.011 0.217 0.012 0.016 0.224 0.014 0.009;0.134 0.007 0.015 0.097 0.013 0.197 0.013 0.021 0.011 0.217 0.012 0.016 0.014 0.224 0.009;0.134 0.015 0.197 0.011 0.016 0.007 0.097 0.013 0.013 0.217 0.014 0.021 0.224 0.012 0.009;
0.129 0.008 0.216 0.019 0.016 0.016 0.087 0.007 0.014 0.21 0.016 0.016 0.22 0.015 0.011;0.129 0.008 0.016 0.087 0.007 0.216 0.019 0.016 0.014 0.21 0.016 0.016 0.015 0.22 0.011;0.129 0.016 0.216 0.014 0.016 0.008 0.087 0.007 0.019 0.21 0.015 0.016 0.22 0.016 0.011;
0.122 0.012 0.192 0.02 0.019 0.008 0.103 0.016 0.006 0.214 0.011 0.019 0.221 0.024 0.013;0.122 0.012 0.008 0.103 0.016 0.192 0.02 0.019 0.006 0.214 0.011 0.019 0.024 0.221 0.013;0.122 0.008 0.192 0.006 0.019 0.012 0.103 0.016 0.02 0.214 0.024 0.019 0.221 0.011 0.013;
0.135 0.015 0.222 0.013 0.022 0.014 0.105 0.012 0.012 0.213 0.015 0.013 0.186 0.01 0.013;0.135 0.015 0.014 0.105 0.012 0.222 0.013 0.022 0.012 0.213 0.015 0.013 0.01 0.186 0.013;0.135 0.014 0.222 0.012 0.013 0.015 0.105 0.012 0.013 0.213 0.01 0.022 0.186 0.015 0.013;
0.118 0.011 0.222 0.016 0.022 0.009 0.116 0.011 0.011 0.181 0.011 0.015 0.229 0.015 0.013;0.118 0.011 0.009 0.116 0.011 0.222 0.016 0.022 0.011 0.181 0.011 0.015 0.015 0.229 0.013;0.118 0.009 0.222 0.011 0.015 0.011 0.116 0.011 0.016 0.181 0.015 0.022 0.229 0.011 0.013;
0.124 0.018 0.185 0.013 0.019 0.015 0.117 0.016 0.004 0.209 0.019 0.009 0.219 0.023 0.01;0.124 0.018 0.015 0.117 0.016 0.185 0.013 0.019 0.004 0.209 0.019 0.009 0.023 0.219 0.01;0.124 0.015 0.185 0.004 0.009 0.018 0.117 0.016 0.013 0.209 0.023 0.019 0.219 0.019 0.01;
0.142 0.012 0.213 0.018 0.01 0.009 0.116 0.008 0.005 0.203 0.017 0.01 0.205 0.018 0.014;0.142 0.012 0.009 0.116 0.008 0.213 0.018 0.01 0.005 0.203 0.017 0.01 0.018 0.205 0.014;0.142 0.009 0.213 0.005 0.01 0.012 0.116 0.008 0.018 0.203 0.018 0.01 0.205 0.017 0.014;
0.139 0.006 0.225 0.014 0.019 0.01 0.103 0.013 0.01 0.194 0.011 0.015 0.208 0.019 0.014;0.139 0.006 0.01 0.103 0.013 0.225 0.014 0.019 0.01 0.194 0.011 0.015 0.019 0.208 0.014;0.139 0.01 0.225 0.01 0.015 0.006 0.103 0.013 0.014 0.194 0.019 0.019 0.208 0.011 0.014;
0.144 0.011 0.22 0.013 0.018 0.011 0.098 0.012 0.01 0.18 0.016 0.01 0.221 0.017 0.019;0.144 0.011 0.011 0.098 0.012 0.22 0.013 0.018 0.01 0.18 0.016 0.01 0.017 0.221 0.019;0.144 0.011 0.22 0.01 0.01 0.011 0.098 0.012 0.013 0.18 0.017 0.018 0.221 0.016 0.019;
0.125 0.016 0.19 0.015 0.013 0.013 0.116 0.014 0.003 0.206 0.016 0.017 0.227 0.019 0.01;0.125 0.016 0.013 0.116 0.014 0.19 0.015 0.013 0.003 0.206 0.016 0.017 0.019 0.227 0.01;0.125 0.013 0.19 0.003 0.017 0.016 0.116 0.014 0.015 0.206 0.019 0.013 0.227 0.016 0.01;
0.111 0.003 0.222 0.009 0.015 0.009 0.113 0.015 0.01 0.22 0.015 0.009 0.221 0.017 0.011;0.111 0.003 0.009 0.113 0.015 0.222 0.009 0.015 0.01 0.22 0.015 0.009 0.017 0.221 0.011;0.111 0.009 0.222 0.01 0.009 0.003 0.113 0.015 0.009 0.22 0.017 0.015 0.221 0.015 0.011;
0.124 0.016 0.212 0.015 0.021 0.015 0.123 0.01 0.005 0.204 0.016 0.013 0.197 0.014 0.015;0.124 0.016 0.015 0.123 0.01 0.212 0.015 0.021 0.005 0.204 0.016 0.013 0.014 0.197 0.015;0.124 0.015 0.212 0.005 0.013 0.016 0.123 0.01 0.015 0.204 0.014 0.021 0.197 0.016 0.015;
0.124 0.008 0.209 0.014 0.01 0.014 0.12 0.013 0.009 0.213 0.007 0.015 0.216 0.02 0.008;0.124 0.008 0.014 0.12 0.013 0.209 0.014 0.01 0.009 0.213 0.007 0.015 0.02 0.216 0.008;0.124 0.014 0.209 0.009 0.015 0.008 0.12 0.013 0.014 0.213 0.02 0.01 0.216 0.007 0.008;
0.119 0.011 0.208 0.013 0.017 0.007 0.12 0.011 0.017 0.192 0.023 0.017 0.22 0.017 0.008;0.119 0.011 0.007 0.12 0.011 0.208 0.013 0.017 0.017 0.192 0.023 0.017 0.017 0.22 0.008;0.119 0.007 0.208 0.017 0.017 0.011 0.12 0.011 0.013 0.192 0.017 0.017 0.22 0.023 0.008;
0.12 0.014 0.2 0.01 0.016 0.01 0.101 0.008 0.014 0.205 0.013 0.016 0.238 0.021 0.014;0.12 0.014 0.01 0.101 0.008 0.2 0.01 0.016 0.014 0.205 0.013 0.016 0.021 0.238 0.014;0.12 0.01 0.2 0.014 0.016 0.014 0.101 0.008 0.01 0.205 0.021 0.016 0.238 0.013 0.014;
0.124 0.014 0.204 0.015 0.015 0.006 0.109 0.013 0.011 0.215 0.014 0.011 0.222 0.017 0.01;0.124 0.014 0.006 0.109 0.013 0.204 0.015 0.015 0.011 0.215 0.014 0.011 0.017 0.222 0.01;0.124 0.006 0.204 0.011 0.011 0.014 0.109 0.013 0.015 0.215 0.017 0.015 0.222 0.014 0.01;
0.142 0.013 0.209 0.017 0.024 0.016 0.093 0.01 0.007 0.21 0.018 0.014 0.205 0.013 0.009;0.142 0.013 0.016 0.093 0.01 0.209 0.017 0.024 0.007 0.21 0.018 0.014 0.013 0.205 0.009;0.142 0.016 0.209 0.007 0.014 0.013 0.093 0.01 0.017 0.21 0.013 0.024 0.205 0.018 0.009;
0.127 0.015 0.175 0.015 0.012 0.011 0.107 0.014 0.012 0.234 0.019 0.014 0.21 0.021 0.014;0.127 0.015 0.011 0.107 0.014 0.175 0.015 0.012 0.012 0.234 0.019 0.014 0.021 0.21 0.014;0.127 0.011 0.175 0.012 0.014 0.015 0.107 0.014 0.015 0.234 0.021 0.012 0.21 0.019 0.014;
0.138 0.015 0.185 0.015 0.014 0.019 0.126 0.007 0.014 0.193 0.014 0.013 0.22 0.021 0.006;0.138 0.015 0.019 0.126 0.007 0.185 0.015 0.014 0.014 0.193 0.014 0.013 0.021 0.22 0.006;0.138 0.019 0.185 0.014 0.013 0.015 0.126 0.007 0.015 0.193 0.021 0.014 0.22 0.014 0.006;
0.126 0.013 0.203 0.011 0.016 0.02 0.109 0.015 0.003 0.223 0.024 0.023 0.182 0.016 0.016;0.126 0.013 0.02 0.109 0.015 0.203 0.011 0.016 0.003 0.223 0.024 0.023 0.016 0.182 0.016;0.126 0.02 0.203 0.003 0.023 0.013 0.109 0.015 0.011 0.223 0.016 0.016 0.182 0.024 0.016;
0.12 0.02 0.215 0.013 0.017 0.005 0.104 0.01 0.008 0.196 0.019 0.014 0.226 0.021 0.012;0.12 0.02 0.005 0.104 0.01 0.215 0.013 0.017 0.008 0.196 0.019 0.014 0.021 0.226 0.012;0.12 0.005 0.215 0.008 0.014 0.02 0.104 0.01 0.013 0.196 0.021 0.017 0.226 0.019 0.012;
0.137 0.013 0.188 0.011 0.015 0.007 0.114 0.013 0.011 0.23 0.01 0.013 0.204 0.017 0.017;0.137 0.013 0.007 0.114 0.013 0.188 0.011 0.015 0.011 0.23 0.01 0.013 0.017 0.204 0.017;0.137 0.007 0.188 0.011 0.013 0.013 0.114 0.013 0.011 0.23 0.017 0.015 0.204 0.01 0.017;
0.14 0.021 0.183 0.017 0.013 0.014 0.106 0.012 0.008 0.203 0.015 0.02 0.212 0.02 0.016;0.14 0.021 0.014 0.106 0.012 0.183 0.017 0.013 0.008 0.203 0.015 0.02 0.02 0.212 0.016;0.14 0.014 0.183 0.008 0.02 0.021 0.106 0.012 0.017 0.203 0.02 0.013 0.212 0.015 0.016;
0.118 0.018 0.182 0.015 0.017 0.009 0.111 0.013 0.007 0.22 0.011 0.013 0.227 0.023 0.016;0.118 0.018 0.009 0.111 0.013 0.182 0.015 0.017 0.007 0.22 0.011 0.013 0.023 0.227 0.016;0.118 0.009 0.182 0.007 0.013 0.018 0.111 0.013 0.015 0.22 0.023 0.017 0.227 0.011 0.016;
0.121 0.01 0.206 0.014 0.014 0.012 0.115 0.013 0.011 0.193 0.015 0.014 0.23 0.017 0.015;0.121 0.01 0.012 0.115 0.013 0.206 0.014 0.014 0.011 0.193 0.015 0.014 0.017 0.23 0.015;0.121 0.012 0.206 0.011 0.014 0.01 0.115 0.013 0.014 0.193 0.017 0.014 0.23 0.015 0.015;
0.135 0.015 0.196 0.014 0.014 0.005 0.102 0.013 0.006 0.228 0.014 0.008 0.221 0.018 0.011;0.135 0.015 0.005 0.102 0.013 0.196 0.014 0.014 0.006 0.228 0.014 0.008 0.018 0.221 0.011;0.135 0.005 0.196 0.006 0.008 0.015 0.102 0.013 0.014 0.228 0.018 0.014 0.221 0.014 0.011;
0.148 0.016 0.214 0.017 0.017 0.008 0.099 0.009 0.01 0.21 0.014 0.008 0.193 0.021 0.016;0.148 0.016 0.008 0.099 0.009 0.214 0.017 0.017 0.01 0.21 0.014 0.008 0.021 0.193 0.016;0.148 0.008 0.214 0.01 0.008 0.016 0.099 0.009 0.017 0.21 0.021 0.017 0.193 0.014 0.016;
0.104 0.01 0.201 0.015 0.014 0.012 0.113 0.014 0.009 0.221 0.011 0.016 0.236 0.015 0.009;0.104 0.01 0.012 0.113 0.014 0.201 0.015 0.014 0.009 0.221 0.011 0.016 0.015 0.236 0.009;0.104 0.012 0.201 0.009 0.016 0.01 0.113 0.014 0.015 0.221 0.015 0.014 0.236 0.011 0.009;
0.128 0.015 0.196 0.015 0.024 0.018 0.087 0.017 0.009 0.209 0.015 0.014 0.227 0.014 0.012;0.128 0.015 0.018 0.087 0.017 0.196 0.015 0.024 0.009 0.209 0.015 0.014 0.014 0.227 0.012;0.128 0.018 0.196 0.009 0.014 0.015 0.087 0.017 0.015 0.209 0.014 0.024 0.227 0.015 0.012;
0.108 0.012 0.181 0.014 0.023 0.017 0.121 0.015 0.006 0.224 0.02 0.019 0.224 0.012 0.004;0.108 0.012 0.017 0.121 0.015 0.181 0.014 0.023 0.006 0.224 0.02 0.019 0.012 0.224 0.004;0.108 0.017 0.181 0.006 0.019 0.012 0.121 0.015 0.014 0.224 0.012 0.023 0.224 0.02 0.004;
0.135 0.013 0.212 0.007 0.02 0.009 0.107 0.012 0.012 0.19 0.014 0.016 0.223 0.021 0.009;0.135 0.013 0.009 0.107 0.012 0.212 0.007 0.02 0.012 0.19 0.014 0.016 0.021 0.223 0.009;0.135 0.009 0.212 0.012 0.016 0.013 0.107 0.012 0.007 0.19 0.021 0.02 0.223 0.014 0.009;
0.145 0.014 0.21 0.017 0.011 0.008 0.12 0.011 0.007 0.21 0.009 0.019 0.195 0.014 0.01;0.145 0.014 0.008 0.12 0.011 0.21 0.017 0.011 0.007 0.21 0.009 0.019 0.014 0.195 0.01;0.145 0.008 0.21 0.007 0.019 0.014 0.12 0.011 0.017 0.21 0.014 0.011 0.195 0.009 0.01;
0.111 0.014 0.199 0.01 0.019 0.003 0.128 0.012 0.009 0.223 0.013 0.018 0.211 0.017 0.013;0.111 0.014 0.003 0.128 0.012 0.199 0.01 0.019 0.009 0.223 0.013 0.018 0.017 0.211 0.013;0.111 0.003 0.199 0.009 0.018 0.014 0.128 0.012 0.01 0.223 0.017 0.019 0.211 0.013 0.013;
0.126 0.017 0.215 0.01 0.02 0.009 0.095 0.01 0.006 0.196 0.018 0.013 0.234 0.021 0.01;0.126 0.017 0.009 0.095 0.01 0.215 0.01 0.02 0.006 0.196 0.018 0.013 0.021 0.234 0.01;0.126 0.009 0.215 0.006 0.013 0.017 0.095 0.01 0.01 0.196 0.021 0.02 0.234 0.018 0.01;
0.106 0.01 0.167 0.009 0.021 0.013 0.119 0.014 0.011 0.206 0.02 0.025 0.244 0.026 0.009;0.106 0.01 0.013 0.119 0.014 0.167 0.009 0.021 0.011 0.206 0.02 0.025 0.026 0.244 0.009;0.106 0.013 0.167 0.011 0.025 0.01 0.119 0.014 0.009 0.206 0.026 0.021 0.244 0.02 0.009;
0.121 0.012 0.199 0.009 0.018 0.014 0.101 0.008 0.012 0.21 0.016 0.011 0.235 0.021 0.013;0.121 0.012 0.014 0.101 0.008 0.199 0.009 0.018 0.012 0.21 0.016 0.011 0.021 0.235 0.013;0.121 0.014 0.199 0.012 0.011 0.012 0.101 0.008 0.009 0.21 0.021 0.018 0.235 0.016 0.013;
0.13 0.01 0.212 0.016 0.019 0.011 0.094 0.013 0.007 0.21 0.02 0.014 0.217 0.019 0.008;0.13 0.01 0.011 0.094 0.013 0.212 0.016 0.019 0.007 0.21 0.02 0.014 0.019 0.217 0.008;0.13 0.011 0.212 0.007 0.014 0.01 0.094 0.013 0.016 0.21 0.019 0.019 0.217 0.02 0.008;
0.115 0.011 0.202 0.012 0.016 0.015 0.105 0.009 0.008 0.222 0.013 0.017 0.22 0.023 0.012;0.115 0.011 0.015 0.105 0.009 0.202 0.012 0.016 0.008 0.222 0.013 0.017 0.023 0.22 0.012;0.115 0.015 0.202 0.008 0.017 0.011 0.105 0.009 0.012 0.222 0.023 0.016 0.22 0.013 0.012;
0.134 0.005 0.195 0.014 0.025 0.01 0.108 0.01 0.007 0.201 0.016 0.016 0.231 0.018 0.01;0.134 0.005 0.01 0.108 0.01 0.195 0.014 0.025 0.007 0.201 0.016 0.016 0.018 0.231 0.01;0.134 0.01 0.195 0.007 0.016 0.005 0.108 0.01 0.014 0.201 0.018 0.025 0.231 0.016 0.01;
0.136 0.011 0.197 0.015 0.019 0.014 0.115 0.006 0.009 0.2 0.02 0.011 0.221 0.014 0.012;0.136 0.011 0.014 0.115 0.006 0.197 0.015 0.019 0.009 0.2 0.02 0.011 0.014 0.221 0.012;0.136 0.014 0.197 0.009 0.011 0.011 0.115 0.006 0.015 0.2 0.014 0.019 0.221 0.02 0.012;
0.097 0.011 0.221 0.015 0.022 0.015 0.114 0.011 0.003 0.212 0.015 0.007 0.232 0.01 0.015;0.097 0.011 0.015 0.114 0.011 0.221 0.015 0.022 0.003 0.212 0.015 0.007 0.01 0.232 0.015;0.097 0.015 0.221 0.003 0.007 0.011 0.114 0.011 0.015 0.212 0.01 0.022 0.232 0.015 0.015;
0.125 0.011 0.218 0.015 0.013 0.007 0.111 0.009 0.003 0.204 0.014 0.01 0.229 0.017 0.014;0.125 0.011 0.007 0.111 0.009 0.218 0.015 0.013 0.003 0.204 0.014 0.01 0.017 0.229 0.014;0.125 0.007 0.218 0.003 0.01 0.011 0.111 0.009 0.015 0.204 0.017 0.013 0.229 0.014 0.014;
0.137 0.012 0.217 0.019 0.021 0.017 0.102 0.009 0.008 0.203 0.016 0.011 0.203 0.012 0.013;0.137 0.012 0.017 0.102 0.009 0.217 0.019 0.021 0.008 0.203 0.016 0.011 0.012 0.203 0.013;0.137 0.017 0.217 0.008 0.011 0.012 0.102 0.009 0.019 0.203 0.012 0.021 0.203 0.016 0.013;
0.122 0.011 0.211 0.017 0.019 0.01 0.093 0.014 0.007 0.213 0.011 0.02 0.222 0.018 0.012;0.122 0.011 0.01 0.093 0.014 0.211 0.017 0.019 0.007 0.213 0.011 0.02 0.018 0.222 0.012;0.122 0.01 0.211 0.007 0.02 0.011 0.093 0.014 0.017 0.213 0.018 0.019 0.222 0.011 0.012;
0.129 0.011 0.202 0.01 0.012 0.012 0.103 0.012 0.009 0.203 0.013 0.018 0.237 0.016 0.013;0.129 0.011 0.012 0.103 0.012 0.202 0.01 0.012 0.009 0.203 0.013 0.018 0.016 0.237 0.013;0.129 0.012 0.202 0.009 0.018 0.011 0.103 0.012 0.01 0.203 0.016 0.012 0.237 0.013 0.013;
0.136 0.01 0.195 0.013 0.019 0.014 0.123 0.013 0.012 0.212 0.014 0.016 0.197 0.011 0.015;0.136 0.01 0.014 0.123 0.013 0.195 0.013 0.019 0.012 0.212 0.014 0.016 0.011 0.197 0.015;0.136 0.014 0.195 0.012 0.016 0.01 0.123 0.013 0.013 0.212 0.011 0.019 0.197 0.014 0.015;
0.124 0.013 0.203 0.019 0.023 0.014 0.108 0.01 0.006 0.219 0.019 0.013 0.193 0.019 0.017;0.124 0.013 0.014 0.108 0.01 0.203 0.019 0.023 0.006 0.219 0.019 0.013 0.019 0.193 0.017;0.124 0.014 0.203 0.006 0.013 0.013 0.108 0.01 0.019 0.219 0.019 0.023 0.193 0.019 0.017;
0.126 0.009 0.217 0.019 0.017 0.013 0.105 0.007 0.01 0.208 0.01 0.015 0.221 0.011 0.012;0.126 0.009 0.013 0.105 0.007 0.217 0.019 0.017 0.01 0.208 0.01 0.015 0.011 0.221 0.012;0.126 0.013 0.217 0.01 0.015 0.009 0.105 0.007 0.019 0.208 0.011 0.017 0.221 0.01 0.012;
0.137 0.01 0.189 0.011 0.018 0.009 0.12 0.013 0.01 0.203 0.008 0.019 0.223 0.018 0.012;0.137 0.01 0.009 0.12 0.013 0.189 0.011 0.018 0.01 0.203 0.008 0.019 0.018 0.223 0.012;0.137 0.009 0.189 0.01 0.019 0.01 0.12 0.013 0.011 0.203 0.018 0.018 0.223 0.008 0.012;
0.125 0.009 0.211 0.014 0.018 0.01 0.096 0.011 0.007 0.202 0.014 0.013 0.245 0.016 0.009;0.125 0.009 0.01 0.096 0.011 0.211 0.014 0.018 0.007 0.202 0.014 0.013 0.016 0.245 0.009;0.125 0.01 0.211 0.007 0.013 0.009 0.096 0.011 0.014 0.202 0.016 0.018 0.245 0.014 0.009;
0.138 0.009 0.201 0.01 0.017 0.013 0.127 0.013 0.012 0.19 0.016 0.018 0.203 0.014 0.019;0.138 0.009 0.013 0.127 0.013 0.201 0.01 0.017 0.012 0.19 0.016 0.018 0.014 0.203 0.019;0.138 0.013 0.201 0.012 0.018 0.009 0.127 0.013 0.01 0.19 0.014 0.017 0.203 0.016 0.019;
0.128 0.009 0.204 0.012 0.028 0.011 0.103 0.008 0.012 0.193 0.014 0.015 0.236 0.018 0.009;0.128 0.009 0.011 0.103 0.008 0.204 0.012 0.028 0.012 0.193 0.014 0.015 0.018 0.236 0.009;0.128 0.011 0.204 0.012 0.015 0.009 0.103 0.008 0.012 0.193 0.018 0.028 0.236 0.014 0.009;
0.149 0.011 0.193 0.013 0.022 0.011 0.112 0.009 0.012 0.191 0.015 0.012 0.228 0.01 0.012;0.149 0.011 0.011 0.112 0.009 0.193 0.013 0.022 0.012 0.191 0.015 0.012 0.01 0.228 0.012;0.149 0.011 0.193 0.012 0.012 0.011 0.112 0.009 0.013 0.191 0.01 0.022 0.228 0.015 0.012;
0.129 0.011 0.204 0.011 0.014 0.012 0.121 0.009 0.009 0.209 0.013 0.016 0.215 0.019 0.008;0.129 0.011 0.012 0.121 0.009 0.204 0.011 0.014 0.009 0.209 0.013 0.016 0.019 0.215 0.008;0.129 0.012 0.204 0.009 0.016 0.011 0.121 0.009 0.011 0.209 0.019 0.014 0.215 0.013 0.008;
0.122 0.012 0.218 0.017 0.017 0.015 0.099 0.01 0.006 0.2 0.014 0.014 0.221 0.02 0.015;0.122 0.012 0.015 0.099 0.01 0.218 0.017 0.017 0.006 0.2 0.014 0.014 0.02 0.221 0.015;0.122 0.015 0.218 0.006 0.014 0.012 0.099 0.01 0.017 0.2 0.02 0.017 0.221 0.014 0.015;
0.118 0.012 0.198 0.011 0.014 0.009 0.125 0.015 0.006 0.212 0.011 0.016 0.222 0.018 0.013;0.118 0.012 0.009 0.125 0.015 0.198 0.011 0.014 0.006 0.212 0.011 0.016 0.018 0.222 0.013;0.118 0.009 0.198 0.006 0.016 0.012 0.125 0.015 0.011 0.212 0.018 0.014 0.222 0.011 0.013;
0.138 0.01 0.18 0.013 0.02 0.015 0.119 0.013 0.01 0.185 0.017 0.02 0.233 0.015 0.012;0.138 0.01 0.015 0.119 0.013 0.18 0.013 0.02 0.01 0.185 0.017 0.02 0.015 0.233 0.012;0.138 0.015 0.18 0.01 0.02 0.01 0.119 0.013 0.013 0.185 0.015 0.02 0.233 0.017 0.012;
0.11 0.012 0.202 0.008 0.027 0.007 0.112 0.015 0.004 0.216 0.014 0.016 0.225 0.02 0.012;0.11 0.012 0.007 0.112 0.015 0.202 0.008 0.027 0.004 0.216 0.014 0.016 0.02 0.225 0.012;0.11 0.007 0.202 0.004 0.016 0.012 0.112 0.015 0.008 0.216 0.02 0.027 0.225 0.014 0.012;
0.129 0.012 0.187 0.013 0.016 0.013 0.109 0.012 0.01 0.208 0.022 0.011 0.225 0.017 0.016;0.129 0.012 0.013 0.109 0.012 0.187 0.013 0.016 0.01 0.208 0.022 0.011 0.017 0.225 0.016;0.129 0.013 0.187 0.01 0.011 0.012 0.109 0.012 0.013 0.208 0.017 0.016 0.225 0.022 0.016;
0.13 0.014 0.181 0.015 0.019 0.01 0.116 0.01 0.012 0.219 0.015 0.015 0.212 0.017 0.015;0.13 0.014 0.01 0.116 0.01 0.181 0.015 0.019 0.012 0.219 0.015 0.015 0.017 0.212 0.015;0.13 0.01 0.181 0.012 0.015 0.014 0.116 0.01 0.015 0.219 0.017 0.019 0.212 0.015 0.015;
0.117 0.01 0.21 0.011 0.015 0.01 0.111 0.016 0.01 0.222 0.01 0.02 0.206 0.021 0.011;0.117 0.01 0.01 0.111 0.016 0.21 0.011 0.015 0.01 0.222 0.01 0.02 0.021 0.206 0.011;0.117 0.01 0.21 0.01 0.02 0.01 0.111 0.016 0.011 0.222 0.021 0.015 0.206 0.01 0.011;
0.127 0.004 0.197 0.012 0.019 0.015 0.103 0.011 0.012 0.205 0.016 0.016 0.232 0.02 0.011;0.127 0.004 0.015 0.103 0.011 0.197 0.012 0.019 0.012 0.205 0.016 0.016 0.02 0.232 0.011;0.127 0.015 0.197 0.012 0.016 0.004 0.103 0.011 0.012 0.205 0.02 0.019 0.232 0.016 0.011;
0.123 0.01 0.185 0.006 0.021 0.011 0.112 0.02 0.014 0.228 0.011 0.01 0.213 0.026 0.01;0.123 0.01 0.011 0.112 0.02 0.185 0.006 0.021 0.014 0.228 0.011 0.01 0.026 0.213 0.01;0.123 0.011 0.185 0.014 0.01 0.01 0.112 0.02 0.006 0.228 0.026 0.021 0.213 0.011 0.01;
0.128 0.011 0.195 0.011 0.016 0.014 0.109 0.011 0.005 0.201 0.017 0.018 0.234 0.024 0.006;0.128 0.011 0.014 0.109 0.011 0.195 0.011 0.016 0.005 0.201 0.017 0.018 0.024 0.234 0.006;0.128 0.014 0.195 0.005 0.018 0.011 0.109 0.011 0.011 0.201 0.024 0.016 0.234 0.017 0.006;
0.123 0.013 0.21 0.012 0.017 0.008 0.118 0.013 0.011 0.206 0.013 0.011 0.21 0.022 0.013;0.123 0.013 0.008 0.118 0.013 0.21 0.012 0.017 0.011 0.206 0.013 0.011 0.022 0.21 0.013;0.123 0.008 0.21 0.011 0.011 0.013 0.118 0.013 0.012 0.206 0.022 0.017 0.21 0.013 0.013;
0.126 0.011 0.214 0.014 0.015 0.019 0.106 0.01 0.005 0.183 0.015 0.017 0.231 0.018 0.016;0.126 0.011 0.019 0.106 0.01 0.214 0.014 0.015 0.005 0.183 0.015 0.017 0.018 0.231 0.016;0.126 0.019 0.214 0.005 0.017 0.011 0.106 0.01 0.014 0.183 0.018 0.015 0.231 0.015 0.016;
0.137 0.008 0.185 0.01 0.012 0.011 0.128 0.015 0.01 0.218 0.017 0.008 0.209 0.018 0.014;0.137 0.008 0.011 0.128 0.015 0.185 0.01 0.012 0.01 0.218 0.017 0.008 0.018 0.209 0.014;0.137 0.011 0.185 0.01 0.008 0.008 0.128 0.015 0.01 0.218 0.018 0.012 0.209 0.017 0.014;
0.122 0.015 0.231 0.013 0.013 0.012 0.097 0.017 0.011 0.19 0.014 0.023 0.219 0.019 0.004;0.122 0.015 0.012 0.097 0.017 0.231 0.013 0.013 0.011 0.19 0.014 0.023 0.019 0.219 0.004;0.122 0.012 0.231 0.011 0.023 0.015 0.097 0.017 0.013 0.19 0.019 0.013 0.219 0.014 0.004];