pntP=[0.021 0.039 0.058 0.059 0.098 0.058 0.032 0.093 0.047 0.05 0.091 0.076 0.09 0.117 0.071;0.021 0.039 0.058 0.032 0.093 0.058 0.059 0.098 0.047 0.05 0.091 0.076 0.117 0.09 0.071;0.021 0.058 0.058 0.047 0.076 0.039 0.032 0.093 0.059 0.05 0.117 0.098 0.09 0.091 0.071;
0.019 0.044 0.047 0.067 0.09 0.062 0.051 0.087 0.032 0.053 0.094 0.095 0.087 0.093 0.079;0.019 0.044 0.062 0.051 0.087 0.047 0.067 0.09 0.032 0.053 0.094 0.095 0.093 0.087 0.079;0.019 0.062 0.047 0.032 0.095 0.044 0.051 0.087 0.067 0.053 0.093 0.09 0.087 0.094 0.079;
0.032 0.05 0.053 0.058 0.106 0.06 0.041 0.091 0.043 0.05 0.09 0.089 0.079 0.095 0.063;0.032 0.05 0.06 0.041 0.091 0.053 0.058 0.106 0.043 0.05 0.09 0.089 0.095 0.079 0.063;0.032 0.06 0.053 0.043 0.089 0.05 0.041 0.091 0.058 0.05 0.095 0.106 0.079 0.09 0.063;
0.028 0.056 0.064 0.061 0.1 0.052 0.035 0.076 0.047 0.048 0.076 0.087 0.078 0.104 0.088;0.028 0.056 0.052 0.035 0.076 0.064 0.061 0.1 0.047 0.048 0.076 0.087 0.104 0.078 0.088;0.028 0.052 0.064 0.047 0.087 0.056 0.035 0.076 0.061 0.048 0.104 0.1 0.078 0.076 0.088;
0.025 0.071 0.034 0.079 0.101 0.052 0.039 0.106 0.05 0.052 0.078 0.095 0.064 0.081 0.073;0.025 0.071 0.052 0.039 0.106 0.034 0.079 0.101 0.05 0.052 0.078 0.095 0.081 0.064 0.073;0.025 0.052 0.034 0.05 0.095 0.071 0.039 0.106 0.079 0.052 0.081 0.101 0.064 0.078 0.073;
0.027 0.045 0.046 0.069 0.088 0.06 0.049 0.071 0.044 0.046 0.101 0.082 0.104 0.091 0.077;0.027 0.045 0.06 0.049 0.071 0.046 0.069 0.088 0.044 0.046 0.101 0.082 0.091 0.104 0.077;0.027 0.06 0.046 0.044 0.082 0.045 0.049 0.071 0.069 0.046 0.091 0.088 0.104 0.101 0.077;
0.02 0.053 0.05 0.059 0.089 0.054 0.043 0.089 0.035 0.053 0.097 0.091 0.087 0.108 0.072;0.02 0.053 0.054 0.043 0.089 0.05 0.059 0.089 0.035 0.053 0.097 0.091 0.108 0.087 0.072;0.02 0.054 0.05 0.035 0.091 0.053 0.043 0.089 0.059 0.053 0.108 0.089 0.087 0.097 0.072;
0.022 0.062 0.048 0.056 0.117 0.042 0.04 0.095 0.048 0.056 0.079 0.075 0.083 0.085 0.092;0.022 0.062 0.042 0.04 0.095 0.048 0.056 0.117 0.048 0.056 0.079 0.075 0.085 0.083 0.092;0.022 0.042 0.048 0.048 0.075 0.062 0.04 0.095 0.056 0.056 0.085 0.117 0.083 0.079 0.092;
0.027 0.055 0.059 0.063 0.083 0.051 0.047 0.085 0.053 0.044 0.094 0.091 0.058 0.112 0.078;0.027 0.055 0.051 0.047 0.085 0.059 0.063 0.083 0.053 0.044 0.094 0.091 0.112 0.058 0.078;0.027 0.051 0.059 0.053 0.091 0.055 0.047 0.085 0.063 0.044 0.112 0.083 0.058 0.094 0.078;
0.022 0.059 0.037 0.058 0.102 0.053 0.057 0.103 0.028 0.053 0.088 0.086 0.072 0.103 0.079;0.022 0.059 0.053 0.057 0.103 0.037 0.058 0.102 0.028 0.053 0.088 0.086 0.103 0.072 0.079;0.022 0.053 0.037 0.028 0.086 0.059 0.057 0.103 0.058 0.053 0.103 0.102 0.072 0.088 0.079;
0.031 0.072 0.056 0.061 0.091 0.047 0.04 0.095 0.05 0.054 0.079 0.071 0.072 0.109 0.072;0.031 0.072 0.047 0.04 0.095 0.056 0.061 0.091 0.05 0.054 0.079 0.071 0.109 0.072 0.072;0.031 0.047 0.056 0.05 0.071 0.072 0.04 0.095 0.061 0.054 0.109 0.091 0.072 0.079 0.072;
0.032 0.059 0.049 0.061 0.087 0.049 0.04 0.09 0.047 0.049 0.095 0.072 0.08 0.1 0.09;0.032 0.059 0.049 0.04 0.09 0.049 0.061 0.087 0.047 0.049 0.095 0.072 0.1 0.08 0.09;0.032 0.049 0.049 0.047 0.072 0.059 0.04 0.09 0.061 0.049 0.1 0.087 0.08 0.095 0.09;
0.019 0.061 0.048 0.052 0.101 0.052 0.04 0.088 0.046 0.047 0.09 0.08 0.097 0.09 0.089;0.019 0.061 0.052 0.04 0.088 0.048 0.052 0.101 0.046 0.047 0.09 0.08 0.09 0.097 0.089;0.019 0.052 0.048 0.046 0.08 0.061 0.04 0.088 0.052 0.047 0.09 0.101 0.097 0.09 0.089;
0.021 0.045 0.061 0.068 0.102 0.06 0.044 0.087 0.048 0.046 0.083 0.064 0.081 0.099 0.091;0.021 0.045 0.06 0.044 0.087 0.061 0.068 0.102 0.048 0.046 0.083 0.064 0.099 0.081 0.091;0.021 0.06 0.061 0.048 0.064 0.045 0.044 0.087 0.068 0.046 0.099 0.102 0.081 0.083 0.091;
0.03 0.049 0.054 0.056 0.122 0.05 0.047 0.083 0.035 0.055 0.079 0.092 0.069 0.106 0.073;0.03 0.049 0.05 0.047 0.083 0.054 0.056 0.122 0.035 0.055 0.079 0.092 0.106 0.069 0.073;0.03 0.05 0.054 0.035 0.092 0.049 0.047 0.083 0.056 0.055 0.106 0.122 0.069 0.079 0.073;
0.026 0.052 0.045 0.069 0.097 0.056 0.062 0.093 0.045 0.048 0.079 0.069 0.084 0.095 0.08;0.026 0.052 0.056 0.062 0.093 0.045 0.069 0.097 0.045 0.048 0.079 0.069 0.095 0.084 0.08;0.026 0.056 0.045 0.045 0.069 0.052 0.062 0.093 0.069 0.048 0.095 0.097 0.084 0.079 0.08;
0.021 0.051 0.066 0.06 0.108 0.058 0.043 0.075 0.04 0.033 0.082 0.084 0.076 0.104 0.099;0.021 0.051 0.058 0.043 0.075 0.066 0.06 0.108 0.04 0.033 0.082 0.084 0.104 0.076 0.099;0.021 0.058 0.066 0.04 0.084 0.051 0.043 0.075 0.06 0.033 0.104 0.108 0.076 0.082 0.099;
0.031 0.056 0.064 0.061 0.104 0.053 0.052 0.097 0.044 0.039 0.074 0.08 0.078 0.081 0.086;0.031 0.056 0.053 0.052 0.097 0.064 0.061 0.104 0.044 0.039 0.074 0.08 0.081 0.078 0.086;0.031 0.053 0.064 0.044 0.08 0.056 0.052 0.097 0.061 0.039 0.081 0.104 0.078 0.074 0.086;
0.02 0.058 0.049 0.067 0.095 0.055 0.04 0.088 0.05 0.049 0.065 0.099 0.071 0.109 0.085;0.02 0.058 0.055 0.04 0.088 0.049 0.067 0.095 0.05 0.049 0.065 0.099 0.109 0.071 0.085;0.02 0.055 0.049 0.05 0.099 0.058 0.04 0.088 0.067 0.049 0.109 0.095 0.071 0.065 0.085;
0.025 0.049 0.047 0.054 0.111 0.056 0.053 0.086 0.043 0.054 0.088 0.088 0.086 0.079 0.081;0.025 0.049 0.056 0.053 0.086 0.047 0.054 0.111 0.043 0.054 0.088 0.088 0.079 0.086 0.081;0.025 0.056 0.047 0.043 0.088 0.049 0.053 0.086 0.054 0.054 0.079 0.111 0.086 0.088 0.081;
0.022 0.055 0.063 0.053 0.09 0.057 0.032 0.085 0.033 0.04 0.074 0.094 0.104 0.106 0.092;0.022 0.055 0.057 0.032 0.085 0.063 0.053 0.09 0.033 0.04 0.074 0.094 0.106 0.104 0.092;0.022 0.057 0.063 0.033 0.094 0.055 0.032 0.085 0.053 0.04 0.106 0.09 0.104 0.074 0.092;
0.025 0.075 0.056 0.056 0.091 0.045 0.042 0.074 0.038 0.056 0.069 0.087 0.087 0.118 0.081;0.025 0.075 0.045 0.042 0.074 0.056 0.056 0.091 0.038 0.056 0.069 0.087 0.118 0.087 0.081;0.025 0.045 0.056 0.038 0.087 0.075 0.042 0.074 0.056 0.056 0.118 0.091 0.087 0.069 0.081;
0.021 0.063 0.052 0.058 0.105 0.058 0.044 0.095 0.029 0.049 0.1 0.094 0.064 0.084 0.084;0.021 0.063 0.058 0.044 0.095 0.052 0.058 0.105 0.029 0.049 0.1 0.094 0.084 0.064 0.084;0.021 0.058 0.052 0.029 0.094 0.063 0.044 0.095 0.058 0.049 0.084 0.105 0.064 0.1 0.084;
0.03 0.05 0.047 0.066 0.093 0.057 0.037 0.076 0.042 0.051 0.083 0.084 0.085 0.106 0.093;0.03 0.05 0.057 0.037 0.076 0.047 0.066 0.093 0.042 0.051 0.083 0.084 0.106 0.085 0.093;0.03 0.057 0.047 0.042 0.084 0.05 0.037 0.076 0.066 0.051 0.106 0.093 0.085 0.083 0.093;
0.029 0.053 0.061 0.064 0.097 0.07 0.047 0.073 0.045 0.065 0.07 0.075 0.085 0.106 0.06;0.029 0.053 0.07 0.047 0.073 0.061 0.064 0.097 0.045 0.065 0.07 0.075 0.106 0.085 0.06;0.029 0.07 0.061 0.045 0.075 0.053 0.047 0.073 0.064 0.065 0.106 0.097 0.085 0.07 0.06;
0.025 0.061 0.066 0.059 0.117 0.055 0.04 0.083 0.04 0.053 0.063 0.097 0.081 0.09 0.07;0.025 0.061 0.055 0.04 0.083 0.066 0.059 0.117 0.04 0.053 0.063 0.097 0.09 0.081 0.07;0.025 0.055 0.066 0.04 0.097 0.061 0.04 0.083 0.059 0.053 0.09 0.117 0.081 0.063 0.07;
0.027 0.064 0.066 0.065 0.083 0.057 0.032 0.084 0.042 0.057 0.075 0.089 0.081 0.111 0.067;0.027 0.064 0.057 0.032 0.084 0.066 0.065 0.083 0.042 0.057 0.075 0.089 0.111 0.081 0.067;0.027 0.057 0.066 0.042 0.089 0.064 0.032 0.084 0.065 0.057 0.111 0.083 0.081 0.075 0.067;
0.022 0.056 0.055 0.054 0.097 0.042 0.053 0.097 0.05 0.055 0.069 0.08 0.083 0.099 0.088;0.022 0.056 0.042 0.053 0.097 0.055 0.054 0.097 0.05 0.055 0.069 0.08 0.099 0.083 0.088;0.022 0.042 0.055 0.05 0.08 0.056 0.053 0.097 0.054 0.055 0.099 0.097 0.083 0.069 0.088;
0.016 0.051 0.061 0.07 0.107 0.068 0.035 0.087 0.034 0.061 0.085 0.088 0.084 0.082 0.071;0.016 0.051 0.068 0.035 0.087 0.061 0.07 0.107 0.034 0.061 0.085 0.088 0.082 0.084 0.071;0.016 0.068 0.061 0.034 0.088 0.051 0.035 0.087 0.07 0.061 0.082 0.107 0.084 0.085 0.071;
0.019 0.053 0.067 0.064 0.109 0.065 0.042 0.081 0.041 0.05 0.073 0.082 0.078 0.088 0.088;0.019 0.053 0.065 0.042 0.081 0.067 0.064 0.109 0.041 0.05 0.073 0.082 0.088 0.078 0.088;0.019 0.065 0.067 0.041 0.082 0.053 0.042 0.081 0.064 0.05 0.088 0.109 0.078 0.073 0.088;
0.025 0.053 0.048 0.054 0.095 0.047 0.046 0.092 0.045 0.054 0.077 0.079 0.068 0.106 0.111;0.025 0.053 0.047 0.046 0.092 0.048 0.054 0.095 0.045 0.054 0.077 0.079 0.106 0.068 0.111;0.025 0.047 0.048 0.045 0.079 0.053 0.046 0.092 0.054 0.054 0.106 0.095 0.068 0.077 0.111;
0.027 0.064 0.061 0.068 0.093 0.055 0.046 0.067 0.037 0.057 0.07 0.084 0.087 0.096 0.088;0.027 0.064 0.055 0.046 0.067 0.061 0.068 0.093 0.037 0.057 0.07 0.084 0.096 0.087 0.088;0.027 0.055 0.061 0.037 0.084 0.064 0.046 0.067 0.068 0.057 0.096 0.093 0.087 0.07 0.088;
0.031 0.051 0.06 0.054 0.107 0.059 0.047 0.083 0.031 0.059 0.077 0.077 0.086 0.089 0.089;0.031 0.051 0.059 0.047 0.083 0.06 0.054 0.107 0.031 0.059 0.077 0.077 0.089 0.086 0.089;0.031 0.059 0.06 0.031 0.077 0.051 0.047 0.083 0.054 0.059 0.089 0.107 0.086 0.077 0.089;
0.02 0.038 0.047 0.082 0.105 0.07 0.025 0.094 0.042 0.051 0.068 0.09 0.098 0.095 0.075;0.02 0.038 0.07 0.025 0.094 0.047 0.082 0.105 0.042 0.051 0.068 0.09 0.095 0.098 0.075;0.02 0.07 0.047 0.042 0.09 0.038 0.025 0.094 0.082 0.051 0.095 0.105 0.098 0.068 0.075;
0.03 0.056 0.052 0.071 0.105 0.058 0.042 0.083 0.048 0.054 0.078 0.078 0.078 0.105 0.062;0.03 0.056 0.058 0.042 0.083 0.052 0.071 0.105 0.048 0.054 0.078 0.078 0.105 0.078 0.062;0.03 0.058 0.052 0.048 0.078 0.056 0.042 0.083 0.071 0.054 0.105 0.105 0.078 0.078 0.062;
0.027 0.069 0.064 0.061 0.082 0.056 0.043 0.094 0.042 0.051 0.071 0.086 0.078 0.103 0.073;0.027 0.069 0.056 0.043 0.094 0.064 0.061 0.082 0.042 0.051 0.071 0.086 0.103 0.078 0.073;0.027 0.056 0.064 0.042 0.086 0.069 0.043 0.094 0.061 0.051 0.103 0.082 0.078 0.071 0.073;
0.024 0.064 0.052 0.049 0.098 0.062 0.038 0.103 0.034 0.051 0.087 0.067 0.09 0.107 0.074;0.024 0.064 0.062 0.038 0.103 0.052 0.049 0.098 0.034 0.051 0.087 0.067 0.107 0.09 0.074;0.024 0.062 0.052 0.034 0.067 0.064 0.038 0.103 0.049 0.051 0.107 0.098 0.09 0.087 0.074;
0.019 0.055 0.05 0.066 0.091 0.051 0.043 0.099 0.039 0.051 0.082 0.084 0.078 0.107 0.085;0.019 0.055 0.051 0.043 0.099 0.05 0.066 0.091 0.039 0.051 0.082 0.084 0.107 0.078 0.085;0.019 0.051 0.05 0.039 0.084 0.055 0.043 0.099 0.066 0.051 0.107 0.091 0.078 0.082 0.085;
0.029 0.063 0.048 0.06 0.093 0.067 0.037 0.087 0.046 0.062 0.074 0.074 0.079 0.103 0.078;0.029 0.063 0.067 0.037 0.087 0.048 0.06 0.093 0.046 0.062 0.074 0.074 0.103 0.079 0.078;0.029 0.067 0.048 0.046 0.074 0.063 0.037 0.087 0.06 0.062 0.103 0.093 0.079 0.074 0.078;
0.025 0.058 0.047 0.065 0.089 0.05 0.044 0.087 0.046 0.05 0.099 0.085 0.076 0.095 0.084;0.025 0.058 0.05 0.044 0.087 0.047 0.065 0.089 0.046 0.05 0.099 0.085 0.095 0.076 0.084;0.025 0.05 0.047 0.046 0.085 0.058 0.044 0.087 0.065 0.05 0.095 0.089 0.076 0.099 0.084;
0.038 0.054 0.055 0.048 0.105 0.051 0.039 0.098 0.038 0.055 0.088 0.071 0.08 0.105 0.075;0.038 0.054 0.051 0.039 0.098 0.055 0.048 0.105 0.038 0.055 0.088 0.071 0.105 0.08 0.075;0.038 0.051 0.055 0.038 0.071 0.054 0.039 0.098 0.048 0.055 0.105 0.105 0.08 0.088 0.075;
0.026 0.057 0.05 0.061 0.099 0.056 0.04 0.1 0.035 0.042 0.086 0.077 0.077 0.11 0.084;0.026 0.057 0.056 0.04 0.1 0.05 0.061 0.099 0.035 0.042 0.086 0.077 0.11 0.077 0.084;0.026 0.056 0.05 0.035 0.077 0.057 0.04 0.1 0.061 0.042 0.11 0.099 0.077 0.086 0.084;
0.026 0.048 0.047 0.055 0.103 0.067 0.047 0.085 0.04 0.042 0.096 0.086 0.08 0.11 0.068;0.026 0.048 0.067 0.047 0.085 0.047 0.055 0.103 0.04 0.042 0.096 0.086 0.11 0.08 0.068;0.026 0.067 0.047 0.04 0.086 0.048 0.047 0.085 0.055 0.042 0.11 0.103 0.08 0.096 0.068;
0.019 0.057 0.045 0.065 0.11 0.054 0.052 0.086 0.052 0.052 0.081 0.081 0.069 0.084 0.093;0.019 0.057 0.054 0.052 0.086 0.045 0.065 0.11 0.052 0.052 0.081 0.081 0.084 0.069 0.093;0.019 0.054 0.045 0.052 0.081 0.057 0.052 0.086 0.065 0.052 0.084 0.11 0.069 0.081 0.093;
0.021 0.058 0.05 0.058 0.09 0.055 0.041 0.095 0.04 0.05 0.071 0.088 0.088 0.11 0.085;0.021 0.058 0.055 0.041 0.095 0.05 0.058 0.09 0.04 0.05 0.071 0.088 0.11 0.088 0.085;0.021 0.055 0.05 0.04 0.088 0.058 0.041 0.095 0.058 0.05 0.11 0.09 0.088 0.071 0.085;
0.018 0.044 0.054 0.056 0.081 0.051 0.045 0.093 0.044 0.053 0.078 0.088 0.094 0.104 0.097;0.018 0.044 0.051 0.045 0.093 0.054 0.056 0.081 0.044 0.053 0.078 0.088 0.104 0.094 0.097;0.018 0.051 0.054 0.044 0.088 0.044 0.045 0.093 0.056 0.053 0.104 0.081 0.094 0.078 0.097;
0.023 0.042 0.067 0.051 0.117 0.05 0.036 0.08 0.05 0.062 0.072 0.092 0.081 0.098 0.079;0.023 0.042 0.05 0.036 0.08 0.067 0.051 0.117 0.05 0.062 0.072 0.092 0.098 0.081 0.079;0.023 0.05 0.067 0.05 0.092 0.042 0.036 0.08 0.051 0.062 0.098 0.117 0.081 0.072 0.079;
0.031 0.047 0.055 0.063 0.098 0.044 0.038 0.089 0.039 0.062 0.075 0.066 0.087 0.117 0.089;0.031 0.047 0.044 0.038 0.089 0.055 0.063 0.098 0.039 0.062 0.075 0.066 0.117 0.087 0.089;0.031 0.044 0.055 0.039 0.066 0.047 0.038 0.089 0.063 0.062 0.117 0.098 0.087 0.075 0.089;
0.024 0.058 0.051 0.07 0.098 0.057 0.051 0.079 0.04 0.057 0.076 0.103 0.092 0.094 0.05;0.024 0.058 0.057 0.051 0.079 0.051 0.07 0.098 0.04 0.057 0.076 0.103 0.094 0.092 0.05;0.024 0.057 0.051 0.04 0.103 0.058 0.051 0.079 0.07 0.057 0.094 0.098 0.092 0.076 0.05;
0.031 0.045 0.054 0.065 0.097 0.049 0.057 0.096 0.051 0.035 0.06 0.078 0.076 0.119 0.087;0.031 0.045 0.049 0.057 0.096 0.054 0.065 0.097 0.051 0.035 0.06 0.078 0.119 0.076 0.087;0.031 0.049 0.054 0.051 0.078 0.045 0.057 0.096 0.065 0.035 0.119 0.097 0.076 0.06 0.087;
0.011 0.056 0.037 0.067 0.114 0.064 0.055 0.081 0.048 0.049 0.082 0.064 0.093 0.09 0.089;0.011 0.056 0.064 0.055 0.081 0.037 0.067 0.114 0.048 0.049 0.082 0.064 0.09 0.093 0.089;0.011 0.064 0.037 0.048 0.064 0.056 0.055 0.081 0.067 0.049 0.09 0.114 0.093 0.082 0.089;
0.025 0.05 0.06 0.069 0.095 0.044 0.037 0.077 0.051 0.05 0.084 0.097 0.074 0.096 0.091;0.025 0.05 0.044 0.037 0.077 0.06 0.069 0.095 0.051 0.05 0.084 0.097 0.096 0.074 0.091;0.025 0.044 0.06 0.051 0.097 0.05 0.037 0.077 0.069 0.05 0.096 0.095 0.074 0.084 0.091;
0.024 0.064 0.041 0.069 0.09 0.045 0.043 0.079 0.047 0.056 0.081 0.088 0.094 0.098 0.081;0.024 0.064 0.045 0.043 0.079 0.041 0.069 0.09 0.047 0.056 0.081 0.088 0.098 0.094 0.081;0.024 0.045 0.041 0.047 0.088 0.064 0.043 0.079 0.069 0.056 0.098 0.09 0.094 0.081 0.081;
0.021 0.068 0.052 0.053 0.099 0.064 0.045 0.082 0.044 0.059 0.083 0.081 0.072 0.102 0.075;0.021 0.068 0.064 0.045 0.082 0.052 0.053 0.099 0.044 0.059 0.083 0.081 0.102 0.072 0.075;0.021 0.064 0.052 0.044 0.081 0.068 0.045 0.082 0.053 0.059 0.102 0.099 0.072 0.083 0.075;
0.016 0.07 0.053 0.08 0.098 0.057 0.044 0.1 0.047 0.054 0.066 0.074 0.07 0.097 0.074;0.016 0.07 0.057 0.044 0.1 0.053 0.08 0.098 0.047 0.054 0.066 0.074 0.097 0.07 0.074;0.016 0.057 0.053 0.047 0.074 0.07 0.044 0.1 0.08 0.054 0.097 0.098 0.07 0.066 0.074;
0.012 0.062 0.045 0.059 0.111 0.06 0.045 0.082 0.044 0.055 0.082 0.086 0.077 0.103 0.077;0.012 0.062 0.06 0.045 0.082 0.045 0.059 0.111 0.044 0.055 0.082 0.086 0.103 0.077 0.077;0.012 0.06 0.045 0.044 0.086 0.062 0.045 0.082 0.059 0.055 0.103 0.111 0.077 0.082 0.077;
0.025 0.063 0.047 0.063 0.084 0.053 0.039 0.083 0.048 0.058 0.075 0.099 0.096 0.094 0.073;0.025 0.063 0.053 0.039 0.083 0.047 0.063 0.084 0.048 0.058 0.075 0.099 0.094 0.096 0.073;0.025 0.053 0.047 0.048 0.099 0.063 0.039 0.083 0.063 0.058 0.094 0.084 0.096 0.075 0.073;
0.026 0.055 0.052 0.061 0.095 0.048 0.036 0.083 0.05 0.048 0.08 0.088 0.084 0.105 0.089;0.026 0.055 0.048 0.036 0.083 0.052 0.061 0.095 0.05 0.048 0.08 0.088 0.105 0.084 0.089;0.026 0.048 0.052 0.05 0.088 0.055 0.036 0.083 0.061 0.048 0.105 0.095 0.084 0.08 0.089;
0.028 0.067 0.051 0.072 0.089 0.052 0.036 0.068 0.035 0.049 0.082 0.1 0.083 0.082 0.106;0.028 0.067 0.052 0.036 0.068 0.051 0.072 0.089 0.035 0.049 0.082 0.1 0.082 0.083 0.106;0.028 0.052 0.051 0.035 0.1 0.067 0.036 0.068 0.072 0.049 0.082 0.089 0.083 0.082 0.106;
0.028 0.065 0.059 0.054 0.095 0.048 0.044 0.083 0.031 0.043 0.1 0.077 0.083 0.1 0.09;0.028 0.065 0.048 0.044 0.083 0.059 0.054 0.095 0.031 0.043 0.1 0.077 0.1 0.083 0.09;0.028 0.048 0.059 0.031 0.077 0.065 0.044 0.083 0.054 0.043 0.1 0.095 0.083 0.1 0.09;
0.026 0.054 0.045 0.066 0.098 0.047 0.045 0.09 0.031 0.064 0.093 0.077 0.08 0.105 0.079;0.026 0.054 0.047 0.045 0.09 0.045 0.066 0.098 0.031 0.064 0.093 0.077 0.105 0.08 0.079;0.026 0.047 0.045 0.031 0.077 0.054 0.045 0.09 0.066 0.064 0.105 0.098 0.08 0.093 0.079;
0.025 0.058 0.054 0.069 0.099 0.059 0.04 0.083 0.044 0.055 0.081 0.077 0.077 0.099 0.08;0.025 0.058 0.059 0.04 0.083 0.054 0.069 0.099 0.044 0.055 0.081 0.077 0.099 0.077 0.08;0.025 0.059 0.054 0.044 0.077 0.058 0.04 0.083 0.069 0.055 0.099 0.099 0.077 0.081 0.08;
0.026 0.063 0.056 0.06 0.084 0.059 0.051 0.075 0.044 0.058 0.08 0.082 0.084 0.103 0.075;0.026 0.063 0.059 0.051 0.075 0.056 0.06 0.084 0.044 0.058 0.08 0.082 0.103 0.084 0.075;0.026 0.059 0.056 0.044 0.082 0.063 0.051 0.075 0.06 0.058 0.103 0.084 0.084 0.08 0.075;
0.026 0.065 0.043 0.045 0.103 0.052 0.057 0.075 0.043 0.06 0.081 0.07 0.085 0.101 0.094;0.026 0.065 0.052 0.057 0.075 0.043 0.045 0.103 0.043 0.06 0.081 0.07 0.101 0.085 0.094;0.026 0.052 0.043 0.043 0.07 0.065 0.057 0.075 0.045 0.06 0.101 0.103 0.085 0.081 0.094;
0.012 0.052 0.052 0.066 0.109 0.055 0.037 0.092 0.046 0.041 0.078 0.09 0.095 0.088 0.087;0.012 0.052 0.055 0.037 0.092 0.052 0.066 0.109 0.046 0.041 0.078 0.09 0.088 0.095 0.087;0.012 0.055 0.052 0.046 0.09 0.052 0.037 0.092 0.066 0.041 0.088 0.109 0.095 0.078 0.087;
0.023 0.053 0.053 0.061 0.103 0.048 0.043 0.085 0.059 0.054 0.077 0.08 0.084 0.095 0.082;0.023 0.053 0.048 0.043 0.085 0.053 0.061 0.103 0.059 0.054 0.077 0.08 0.095 0.084 0.082;0.023 0.048 0.053 0.059 0.08 0.053 0.043 0.085 0.061 0.054 0.095 0.103 0.084 0.077 0.082;
0.017 0.076 0.054 0.057 0.096 0.057 0.044 0.086 0.047 0.049 0.08 0.087 0.087 0.091 0.072;0.017 0.076 0.057 0.044 0.086 0.054 0.057 0.096 0.047 0.049 0.08 0.087 0.091 0.087 0.072;0.017 0.057 0.054 0.047 0.087 0.076 0.044 0.086 0.057 0.049 0.091 0.096 0.087 0.08 0.072;
0.024 0.055 0.046 0.057 0.092 0.043 0.048 0.074 0.036 0.05 0.099 0.082 0.095 0.109 0.09;0.024 0.055 0.043 0.048 0.074 0.046 0.057 0.092 0.036 0.05 0.099 0.082 0.109 0.095 0.09;0.024 0.043 0.046 0.036 0.082 0.055 0.048 0.074 0.057 0.05 0.109 0.092 0.095 0.099 0.09;
0.03 0.041 0.051 0.067 0.107 0.062 0.03 0.086 0.044 0.066 0.078 0.08 0.079 0.098 0.081;0.03 0.041 0.062 0.03 0.086 0.051 0.067 0.107 0.044 0.066 0.078 0.08 0.098 0.079 0.081;0.03 0.062 0.051 0.044 0.08 0.041 0.03 0.086 0.067 0.066 0.098 0.107 0.079 0.078 0.081;
0.029 0.057 0.042 0.064 0.113 0.06 0.04 0.094 0.038 0.048 0.078 0.079 0.077 0.115 0.066;0.029 0.057 0.06 0.04 0.094 0.042 0.064 0.113 0.038 0.048 0.078 0.079 0.115 0.077 0.066;0.029 0.06 0.042 0.038 0.079 0.057 0.04 0.094 0.064 0.048 0.115 0.113 0.077 0.078 0.066;
0.015 0.065 0.059 0.053 0.095 0.062 0.048 0.073 0.042 0.044 0.088 0.084 0.078 0.101 0.093;0.015 0.065 0.062 0.048 0.073 0.059 0.053 0.095 0.042 0.044 0.088 0.084 0.101 0.078 0.093;0.015 0.062 0.059 0.042 0.084 0.065 0.048 0.073 0.053 0.044 0.101 0.095 0.078 0.088 0.093;
0.035 0.058 0.048 0.067 0.108 0.048 0.052 0.08 0.043 0.055 0.066 0.079 0.079 0.101 0.081;0.035 0.058 0.048 0.052 0.08 0.048 0.067 0.108 0.043 0.055 0.066 0.079 0.101 0.079 0.081;0.035 0.048 0.048 0.043 0.079 0.058 0.052 0.08 0.067 0.055 0.101 0.108 0.079 0.066 0.081;
0.026 0.062 0.048 0.069 0.092 0.056 0.058 0.08 0.038 0.044 0.075 0.091 0.077 0.104 0.08;0.026 0.062 0.056 0.058 0.08 0.048 0.069 0.092 0.038 0.044 0.075 0.091 0.104 0.077 0.08;0.026 0.056 0.048 0.038 0.091 0.062 0.058 0.08 0.069 0.044 0.104 0.092 0.077 0.075 0.08;
0.018 0.052 0.043 0.065 0.091 0.074 0.041 0.082 0.052 0.058 0.087 0.077 0.083 0.098 0.079;0.018 0.052 0.074 0.041 0.082 0.043 0.065 0.091 0.052 0.058 0.087 0.077 0.098 0.083 0.079;0.018 0.074 0.043 0.052 0.077 0.052 0.041 0.082 0.065 0.058 0.098 0.091 0.083 0.087 0.079;
0.029 0.053 0.054 0.055 0.111 0.061 0.041 0.086 0.031 0.062 0.078 0.091 0.085 0.09 0.073;0.029 0.053 0.061 0.041 0.086 0.054 0.055 0.111 0.031 0.062 0.078 0.091 0.09 0.085 0.073;0.029 0.061 0.054 0.031 0.091 0.053 0.041 0.086 0.055 0.062 0.09 0.111 0.085 0.078 0.073;
0.027 0.065 0.049 0.062 0.092 0.036 0.047 0.081 0.046 0.063 0.082 0.075 0.09 0.109 0.076;0.027 0.065 0.036 0.047 0.081 0.049 0.062 0.092 0.046 0.063 0.082 0.075 0.109 0.09 0.076;0.027 0.036 0.049 0.046 0.075 0.065 0.047 0.081 0.062 0.063 0.109 0.092 0.09 0.082 0.076;
0.02 0.058 0.044 0.072 0.092 0.062 0.033 0.103 0.041 0.05 0.088 0.083 0.093 0.091 0.07;0.02 0.058 0.062 0.033 0.103 0.044 0.072 0.092 0.041 0.05 0.088 0.083 0.091 0.093 0.07;0.02 0.062 0.044 0.041 0.083 0.058 0.033 0.103 0.072 0.05 0.091 0.092 0.093 0.088 0.07;
0.03 0.049 0.042 0.054 0.097 0.049 0.037 0.084 0.033 0.059 0.087 0.09 0.088 0.106 0.095;0.03 0.049 0.049 0.037 0.084 0.042 0.054 0.097 0.033 0.059 0.087 0.09 0.106 0.088 0.095;0.03 0.049 0.042 0.033 0.09 0.049 0.037 0.084 0.054 0.059 0.106 0.097 0.088 0.087 0.095;
0.017 0.058 0.049 0.078 0.106 0.055 0.047 0.061 0.045 0.052 0.085 0.086 0.08 0.094 0.087;0.017 0.058 0.055 0.047 0.061 0.049 0.078 0.106 0.045 0.052 0.085 0.086 0.094 0.08 0.087;0.017 0.055 0.049 0.045 0.086 0.058 0.047 0.061 0.078 0.052 0.094 0.106 0.08 0.085 0.087;
0.029 0.059 0.055 0.05 0.089 0.051 0.041 0.077 0.045 0.066 0.082 0.081 0.078 0.114 0.083;0.029 0.059 0.051 0.041 0.077 0.055 0.05 0.089 0.045 0.066 0.082 0.081 0.114 0.078 0.083;0.029 0.051 0.055 0.045 0.081 0.059 0.041 0.077 0.05 0.066 0.114 0.089 0.078 0.082 0.083;
0.025 0.046 0.05 0.072 0.108 0.057 0.045 0.091 0.041 0.051 0.09 0.081 0.08 0.098 0.065;0.025 0.046 0.057 0.045 0.091 0.05 0.072 0.108 0.041 0.051 0.09 0.081 0.098 0.08 0.065;0.025 0.057 0.05 0.041 0.081 0.046 0.045 0.091 0.072 0.051 0.098 0.108 0.08 0.09 0.065;
0.025 0.041 0.064 0.05 0.098 0.066 0.062 0.085 0.046 0.045 0.087 0.079 0.082 0.083 0.087;0.025 0.041 0.066 0.062 0.085 0.064 0.05 0.098 0.046 0.045 0.087 0.079 0.083 0.082 0.087;0.025 0.066 0.064 0.046 0.079 0.041 0.062 0.085 0.05 0.045 0.083 0.098 0.082 0.087 0.087;
0.025 0.058 0.048 0.06 0.092 0.056 0.037 0.097 0.041 0.062 0.087 0.079 0.084 0.096 0.078;0.025 0.058 0.056 0.037 0.097 0.048 0.06 0.092 0.041 0.062 0.087 0.079 0.096 0.084 0.078;0.025 0.056 0.048 0.041 0.079 0.058 0.037 0.097 0.06 0.062 0.096 0.092 0.084 0.087 0.078;
0.026 0.053 0.067 0.062 0.095 0.061 0.036 0.088 0.045 0.045 0.075 0.08 0.083 0.105 0.079;0.026 0.053 0.061 0.036 0.088 0.067 0.062 0.095 0.045 0.045 0.075 0.08 0.105 0.083 0.079;0.026 0.061 0.067 0.045 0.08 0.053 0.036 0.088 0.062 0.045 0.105 0.095 0.083 0.075 0.079;
0.021 0.056 0.065 0.061 0.087 0.056 0.04 0.081 0.036 0.051 0.088 0.073 0.079 0.124 0.082;0.021 0.056 0.056 0.04 0.081 0.065 0.061 0.087 0.036 0.051 0.088 0.073 0.124 0.079 0.082;0.021 0.056 0.065 0.036 0.073 0.056 0.04 0.081 0.061 0.051 0.124 0.087 0.079 0.088 0.082;
0.015 0.068 0.056 0.055 0.104 0.045 0.048 0.081 0.037 0.051 0.081 0.082 0.082 0.095 0.1;0.015 0.068 0.045 0.048 0.081 0.056 0.055 0.104 0.037 0.051 0.081 0.082 0.095 0.082 0.1;0.015 0.045 0.056 0.037 0.082 0.068 0.048 0.081 0.055 0.051 0.095 0.104 0.082 0.081 0.1;
0.03 0.043 0.054 0.064 0.124 0.049 0.042 0.085 0.038 0.058 0.081 0.085 0.077 0.09 0.08;0.03 0.043 0.049 0.042 0.085 0.054 0.064 0.124 0.038 0.058 0.081 0.085 0.09 0.077 0.08;0.03 0.049 0.054 0.038 0.085 0.043 0.042 0.085 0.064 0.058 0.09 0.124 0.077 0.081 0.08;
0.022 0.066 0.051 0.073 0.092 0.056 0.047 0.079 0.052 0.044 0.092 0.079 0.076 0.098 0.073;0.022 0.066 0.056 0.047 0.079 0.051 0.073 0.092 0.052 0.044 0.092 0.079 0.098 0.076 0.073;0.022 0.056 0.051 0.052 0.079 0.066 0.047 0.079 0.073 0.044 0.098 0.092 0.076 0.092 0.073;
0.024 0.057 0.052 0.053 0.103 0.058 0.041 0.095 0.032 0.046 0.086 0.092 0.076 0.096 0.089;0.024 0.057 0.058 0.041 0.095 0.052 0.053 0.103 0.032 0.046 0.086 0.092 0.096 0.076 0.089;0.024 0.058 0.052 0.032 0.092 0.057 0.041 0.095 0.053 0.046 0.096 0.103 0.076 0.086 0.089;
0.019 0.056 0.057 0.055 0.093 0.067 0.049 0.085 0.043 0.062 0.071 0.097 0.086 0.074 0.086;0.019 0.056 0.067 0.049 0.085 0.057 0.055 0.093 0.043 0.062 0.071 0.097 0.074 0.086 0.086;0.019 0.067 0.057 0.043 0.097 0.056 0.049 0.085 0.055 0.062 0.074 0.093 0.086 0.071 0.086;
0.031 0.051 0.044 0.062 0.108 0.053 0.043 0.108 0.047 0.06 0.089 0.071 0.058 0.09 0.085;0.031 0.051 0.053 0.043 0.108 0.044 0.062 0.108 0.047 0.06 0.089 0.071 0.09 0.058 0.085;0.031 0.053 0.044 0.047 0.071 0.051 0.043 0.108 0.062 0.06 0.09 0.108 0.058 0.089 0.085;
0.019 0.051 0.052 0.071 0.109 0.055 0.045 0.084 0.045 0.045 0.087 0.076 0.077 0.116 0.068;0.019 0.051 0.055 0.045 0.084 0.052 0.071 0.109 0.045 0.045 0.087 0.076 0.116 0.077 0.068;0.019 0.055 0.052 0.045 0.076 0.051 0.045 0.084 0.071 0.045 0.116 0.109 0.077 0.087 0.068;
0.022 0.053 0.058 0.057 0.098 0.058 0.043 0.098 0.038 0.051 0.072 0.085 0.088 0.089 0.09;0.022 0.053 0.058 0.043 0.098 0.058 0.057 0.098 0.038 0.051 0.072 0.085 0.089 0.088 0.09;0.022 0.058 0.058 0.038 0.085 0.053 0.043 0.098 0.057 0.051 0.089 0.098 0.088 0.072 0.09;
0.026 0.051 0.055 0.079 0.097 0.045 0.045 0.106 0.036 0.035 0.091 0.071 0.066 0.12 0.077;0.026 0.051 0.045 0.045 0.106 0.055 0.079 0.097 0.036 0.035 0.091 0.071 0.12 0.066 0.077;0.026 0.045 0.055 0.036 0.071 0.051 0.045 0.106 0.079 0.035 0.12 0.097 0.066 0.091 0.077;
0.016 0.059 0.043 0.065 0.117 0.062 0.041 0.094 0.042 0.049 0.08 0.076 0.098 0.091 0.067;0.016 0.059 0.062 0.041 0.094 0.043 0.065 0.117 0.042 0.049 0.08 0.076 0.091 0.098 0.067;0.016 0.062 0.043 0.042 0.076 0.059 0.041 0.094 0.065 0.049 0.091 0.117 0.098 0.08 0.067;
0.036 0.052 0.066 0.056 0.111 0.057 0.046 0.075 0.044 0.048 0.081 0.078 0.081 0.105 0.064;0.036 0.052 0.057 0.046 0.075 0.066 0.056 0.111 0.044 0.048 0.081 0.078 0.105 0.081 0.064;0.036 0.057 0.066 0.044 0.078 0.052 0.046 0.075 0.056 0.048 0.105 0.111 0.081 0.081 0.064;
0.021 0.06 0.065 0.056 0.088 0.059 0.048 0.086 0.05 0.041 0.084 0.083 0.08 0.115 0.064;0.021 0.06 0.059 0.048 0.086 0.065 0.056 0.088 0.05 0.041 0.084 0.083 0.115 0.08 0.064;0.021 0.059 0.065 0.05 0.083 0.06 0.048 0.086 0.056 0.041 0.115 0.088 0.08 0.084 0.064;
0.025 0.065 0.058 0.065 0.102 0.04 0.047 0.092 0.036 0.066 0.074 0.08 0.073 0.09 0.087;0.025 0.065 0.04 0.047 0.092 0.058 0.065 0.102 0.036 0.066 0.074 0.08 0.09 0.073 0.087;0.025 0.04 0.058 0.036 0.08 0.065 0.047 0.092 0.065 0.066 0.09 0.102 0.073 0.074 0.087;
0.019 0.049 0.043 0.067 0.106 0.043 0.053 0.091 0.04 0.069 0.09 0.07 0.077 0.093 0.09;0.019 0.049 0.043 0.053 0.091 0.043 0.067 0.106 0.04 0.069 0.09 0.07 0.093 0.077 0.09;0.019 0.043 0.043 0.04 0.07 0.049 0.053 0.091 0.067 0.069 0.093 0.106 0.077 0.09 0.09;
0.035 0.04 0.041 0.064 0.098 0.056 0.041 0.083 0.048 0.056 0.091 0.079 0.094 0.095 0.079;0.035 0.04 0.056 0.041 0.083 0.041 0.064 0.098 0.048 0.056 0.091 0.079 0.095 0.094 0.079;0.035 0.056 0.041 0.048 0.079 0.04 0.041 0.083 0.064 0.056 0.095 0.098 0.094 0.091 0.079];