pntP=[0.119 0.021 0.203 0.018 0.029 0.016 0.102 0.018 0.011 0.195 0.015 0.021 0.189 0.025 0.018;0.119 0.021 0.016 0.102 0.018 0.203 0.018 0.029 0.011 0.195 0.015 0.021 0.025 0.189 0.018;0.119 0.016 0.203 0.011 0.021 0.021 0.102 0.018 0.018 0.195 0.025 0.029 0.189 0.015 0.018;
0.109 0.02 0.207 0.023 0.028 0.02 0.098 0.016 0.014 0.187 0.01 0.023 0.204 0.025 0.016;0.109 0.02 0.02 0.098 0.016 0.207 0.023 0.028 0.014 0.187 0.01 0.023 0.025 0.204 0.016;0.109 0.02 0.207 0.014 0.023 0.02 0.098 0.016 0.023 0.187 0.025 0.028 0.204 0.01 0.016;
0.119 0.021 0.189 0.012 0.024 0.021 0.111 0.015 0.008 0.186 0.011 0.015 0.224 0.03 0.014;0.119 0.021 0.021 0.111 0.015 0.189 0.012 0.024 0.008 0.186 0.011 0.015 0.03 0.224 0.014;0.119 0.021 0.189 0.008 0.015 0.021 0.111 0.015 0.012 0.186 0.03 0.024 0.224 0.011 0.014;
0.136 0.019 0.208 0.011 0.017 0.003 0.093 0.026 0.017 0.185 0.012 0.026 0.197 0.028 0.022;0.136 0.019 0.003 0.093 0.026 0.208 0.011 0.017 0.017 0.185 0.012 0.026 0.028 0.197 0.022;0.136 0.003 0.208 0.017 0.026 0.019 0.093 0.026 0.011 0.185 0.028 0.017 0.197 0.012 0.022;
0.13 0.024 0.176 0.021 0.025 0.015 0.107 0.009 0.01 0.178 0.017 0.018 0.225 0.03 0.015;0.13 0.024 0.015 0.107 0.009 0.176 0.021 0.025 0.01 0.178 0.017 0.018 0.03 0.225 0.015;0.13 0.015 0.176 0.01 0.018 0.024 0.107 0.009 0.021 0.178 0.03 0.025 0.225 0.017 0.015;
0.113 0.012 0.184 0.029 0.018 0.018 0.111 0.015 0.009 0.204 0.02 0.016 0.211 0.027 0.013;0.113 0.012 0.018 0.111 0.015 0.184 0.029 0.018 0.009 0.204 0.02 0.016 0.027 0.211 0.013;0.113 0.018 0.184 0.009 0.016 0.012 0.111 0.015 0.029 0.204 0.027 0.018 0.211 0.02 0.013;
0.105 0.015 0.187 0.016 0.02 0.021 0.109 0.017 0.012 0.216 0.013 0.018 0.219 0.019 0.013;0.105 0.015 0.021 0.109 0.017 0.187 0.016 0.02 0.012 0.216 0.013 0.018 0.019 0.219 0.013;0.105 0.021 0.187 0.012 0.018 0.015 0.109 0.017 0.016 0.216 0.019 0.02 0.219 0.013 0.013;
0.123 0.014 0.19 0.02 0.028 0.017 0.095 0.014 0.018 0.2 0.02 0.017 0.202 0.031 0.011;0.123 0.014 0.017 0.095 0.014 0.19 0.02 0.028 0.018 0.2 0.02 0.017 0.031 0.202 0.011;0.123 0.017 0.19 0.018 0.017 0.014 0.095 0.014 0.02 0.2 0.031 0.028 0.202 0.02 0.011;
0.103 0.017 0.195 0.02 0.03 0.017 0.106 0.008 0.019 0.188 0.027 0.017 0.226 0.016 0.011;0.103 0.017 0.017 0.106 0.008 0.195 0.02 0.03 0.019 0.188 0.027 0.017 0.016 0.226 0.011;0.103 0.017 0.195 0.019 0.017 0.017 0.106 0.008 0.02 0.188 0.016 0.03 0.226 0.027 0.011;
0.13 0.015 0.206 0.013 0.027 0.021 0.104 0.011 0.012 0.196 0.027 0.018 0.179 0.021 0.02;0.13 0.015 0.021 0.104 0.011 0.206 0.013 0.027 0.012 0.196 0.027 0.018 0.021 0.179 0.02;0.13 0.021 0.206 0.012 0.018 0.015 0.104 0.011 0.013 0.196 0.021 0.027 0.179 0.027 0.02;
0.12 0.009 0.186 0.02 0.024 0.014 0.108 0.022 0.009 0.191 0.016 0.023 0.219 0.024 0.015;0.12 0.009 0.014 0.108 0.022 0.186 0.02 0.024 0.009 0.191 0.016 0.023 0.024 0.219 0.015;0.12 0.014 0.186 0.009 0.023 0.009 0.108 0.022 0.02 0.191 0.024 0.024 0.219 0.016 0.015;
0.112 0.01 0.196 0.012 0.02 0.009 0.105 0.021 0.02 0.217 0.011 0.022 0.21 0.02 0.015;0.112 0.01 0.009 0.105 0.021 0.196 0.012 0.02 0.02 0.217 0.011 0.022 0.02 0.21 0.015;0.112 0.009 0.196 0.02 0.022 0.01 0.105 0.021 0.012 0.217 0.02 0.02 0.21 0.011 0.015;
0.121 0.018 0.195 0.025 0.019 0.017 0.103 0.007 0.013 0.203 0.02 0.02 0.198 0.025 0.016;0.121 0.018 0.017 0.103 0.007 0.195 0.025 0.019 0.013 0.203 0.02 0.02 0.025 0.198 0.016;0.121 0.017 0.195 0.013 0.02 0.018 0.103 0.007 0.025 0.203 0.025 0.019 0.198 0.02 0.016;
0.105 0.015 0.163 0.018 0.03 0.019 0.117 0.011 0.015 0.212 0.021 0.02 0.215 0.025 0.014;0.105 0.015 0.019 0.117 0.011 0.163 0.018 0.03 0.015 0.212 0.021 0.02 0.025 0.215 0.014;0.105 0.019 0.163 0.015 0.02 0.015 0.117 0.011 0.018 0.212 0.025 0.03 0.215 0.021 0.014;
0.128 0.023 0.207 0.016 0.028 0.013 0.088 0.013 0.011 0.187 0.022 0.018 0.215 0.02 0.011;0.128 0.023 0.013 0.088 0.013 0.207 0.016 0.028 0.011 0.187 0.022 0.018 0.02 0.215 0.011;0.128 0.013 0.207 0.011 0.018 0.023 0.088 0.013 0.016 0.187 0.02 0.028 0.215 0.022 0.011;
0.124 0.011 0.173 0.017 0.029 0.02 0.105 0.021 0.004 0.204 0.012 0.022 0.231 0.017 0.01;0.124 0.011 0.02 0.105 0.021 0.173 0.017 0.029 0.004 0.204 0.012 0.022 0.017 0.231 0.01;0.124 0.02 0.173 0.004 0.022 0.011 0.105 0.021 0.017 0.204 0.017 0.029 0.231 0.012 0.01;
0.124 0.018 0.194 0.014 0.023 0.016 0.103 0.017 0.013 0.214 0.018 0.011 0.205 0.019 0.011;0.124 0.018 0.016 0.103 0.017 0.194 0.014 0.023 0.013 0.214 0.018 0.011 0.019 0.205 0.011;0.124 0.016 0.194 0.013 0.011 0.018 0.103 0.017 0.014 0.214 0.019 0.023 0.205 0.018 0.011;
0.139 0.019 0.194 0.018 0.024 0.022 0.109 0.016 0.01 0.196 0.023 0.014 0.179 0.021 0.016;0.139 0.019 0.022 0.109 0.016 0.194 0.018 0.024 0.01 0.196 0.023 0.014 0.021 0.179 0.016;0.139 0.022 0.194 0.01 0.014 0.019 0.109 0.016 0.018 0.196 0.021 0.024 0.179 0.023 0.016;
0.106 0.022 0.192 0.016 0.025 0.02 0.107 0.01 0.021 0.199 0.022 0.014 0.209 0.024 0.013;0.106 0.022 0.02 0.107 0.01 0.192 0.016 0.025 0.021 0.199 0.022 0.014 0.024 0.209 0.013;0.106 0.02 0.192 0.021 0.014 0.022 0.107 0.01 0.016 0.199 0.024 0.025 0.209 0.022 0.013;
0.123 0.017 0.213 0.019 0.024 0.014 0.111 0.017 0.011 0.188 0.021 0.011 0.193 0.023 0.015;0.123 0.017 0.014 0.111 0.017 0.213 0.019 0.024 0.011 0.188 0.021 0.011 0.023 0.193 0.015;0.123 0.014 0.213 0.011 0.011 0.017 0.111 0.017 0.019 0.188 0.023 0.024 0.193 0.021 0.015;
0.129 0.011 0.2 0.012 0.02 0.013 0.096 0.014 0.009 0.192 0.02 0.019 0.23 0.02 0.015;0.129 0.011 0.013 0.096 0.014 0.2 0.012 0.02 0.009 0.192 0.02 0.019 0.02 0.23 0.015;0.129 0.013 0.2 0.009 0.019 0.011 0.096 0.014 0.012 0.192 0.02 0.02 0.23 0.02 0.015;
0.099 0.026 0.196 0.021 0.011 0.017 0.11 0.017 0.015 0.223 0.012 0.019 0.195 0.022 0.017;0.099 0.026 0.017 0.11 0.017 0.196 0.021 0.011 0.015 0.223 0.012 0.019 0.022 0.195 0.017;0.099 0.017 0.196 0.015 0.019 0.026 0.11 0.017 0.021 0.223 0.022 0.011 0.195 0.012 0.017;
0.128 0.015 0.201 0.014 0.026 0.018 0.107 0.018 0.01 0.166 0.031 0.019 0.201 0.025 0.021;0.128 0.015 0.018 0.107 0.018 0.201 0.014 0.026 0.01 0.166 0.031 0.019 0.025 0.201 0.021;0.128 0.018 0.201 0.01 0.019 0.015 0.107 0.018 0.014 0.166 0.025 0.026 0.201 0.031 0.021;
0.114 0.021 0.188 0.021 0.023 0.017 0.119 0.012 0.013 0.204 0.022 0.018 0.197 0.02 0.011;0.114 0.021 0.017 0.119 0.012 0.188 0.021 0.023 0.013 0.204 0.022 0.018 0.02 0.197 0.011;0.114 0.017 0.188 0.013 0.018 0.021 0.119 0.012 0.021 0.204 0.02 0.023 0.197 0.022 0.011;
0.128 0.018 0.192 0.019 0.021 0.014 0.086 0.017 0.019 0.163 0.015 0.027 0.239 0.03 0.012;0.128 0.018 0.014 0.086 0.017 0.192 0.019 0.021 0.019 0.163 0.015 0.027 0.03 0.239 0.012;0.128 0.014 0.192 0.019 0.027 0.018 0.086 0.017 0.019 0.163 0.03 0.021 0.239 0.015 0.012;
0.112 0.021 0.198 0.017 0.021 0.016 0.087 0.02 0.017 0.192 0.021 0.023 0.213 0.023 0.019;0.112 0.021 0.016 0.087 0.02 0.198 0.017 0.021 0.017 0.192 0.021 0.023 0.023 0.213 0.019;0.112 0.016 0.198 0.017 0.023 0.021 0.087 0.02 0.017 0.192 0.023 0.021 0.213 0.021 0.019;
0.126 0.02 0.184 0.025 0.024 0.02 0.106 0.013 0.015 0.203 0.015 0.016 0.19 0.029 0.014;0.126 0.02 0.02 0.106 0.013 0.184 0.025 0.024 0.015 0.203 0.015 0.016 0.029 0.19 0.014;0.126 0.02 0.184 0.015 0.016 0.02 0.106 0.013 0.025 0.203 0.029 0.024 0.19 0.015 0.014;
0.122 0.011 0.19 0.019 0.027 0.017 0.1 0.012 0.01 0.198 0.022 0.021 0.205 0.031 0.015;0.122 0.011 0.017 0.1 0.012 0.19 0.019 0.027 0.01 0.198 0.022 0.021 0.031 0.205 0.015;0.122 0.017 0.19 0.01 0.021 0.011 0.1 0.012 0.019 0.198 0.031 0.027 0.205 0.022 0.015;
0.128 0.019 0.18 0.015 0.024 0.015 0.105 0.014 0.014 0.197 0.028 0.03 0.19 0.026 0.015;0.128 0.019 0.015 0.105 0.014 0.18 0.015 0.024 0.014 0.197 0.028 0.03 0.026 0.19 0.015;0.128 0.015 0.18 0.014 0.03 0.019 0.105 0.014 0.015 0.197 0.026 0.024 0.19 0.028 0.015;
0.118 0.014 0.18 0.017 0.024 0.018 0.093 0.014 0.013 0.185 0.025 0.032 0.216 0.034 0.017;0.118 0.014 0.018 0.093 0.014 0.18 0.017 0.024 0.013 0.185 0.025 0.032 0.034 0.216 0.017;0.118 0.018 0.18 0.013 0.032 0.014 0.093 0.014 0.017 0.185 0.034 0.024 0.216 0.025 0.017;
0.121 0.012 0.174 0.024 0.019 0.013 0.098 0.017 0.012 0.219 0.017 0.024 0.215 0.023 0.012;0.121 0.012 0.013 0.098 0.017 0.174 0.024 0.019 0.012 0.219 0.017 0.024 0.023 0.215 0.012;0.121 0.013 0.174 0.012 0.024 0.012 0.098 0.017 0.024 0.219 0.023 0.019 0.215 0.017 0.012;
0.127 0.013 0.185 0.025 0.029 0.02 0.088 0.015 0.009 0.184 0.015 0.019 0.223 0.034 0.014;0.127 0.013 0.02 0.088 0.015 0.185 0.025 0.029 0.009 0.184 0.015 0.019 0.034 0.223 0.014;0.127 0.02 0.185 0.009 0.019 0.013 0.088 0.015 0.025 0.184 0.034 0.029 0.223 0.015 0.014;
0.118 0.02 0.176 0.02 0.03 0.013 0.092 0.013 0.01 0.198 0.015 0.022 0.221 0.028 0.024;0.118 0.02 0.013 0.092 0.013 0.176 0.02 0.03 0.01 0.198 0.015 0.022 0.028 0.221 0.024;0.118 0.013 0.176 0.01 0.022 0.02 0.092 0.013 0.02 0.198 0.028 0.03 0.221 0.015 0.024;
0.133 0.01 0.188 0.015 0.027 0.016 0.104 0.013 0.015 0.188 0.018 0.015 0.219 0.025 0.014;0.133 0.01 0.016 0.104 0.013 0.188 0.015 0.027 0.015 0.188 0.018 0.015 0.025 0.219 0.014;0.133 0.016 0.188 0.015 0.015 0.01 0.104 0.013 0.015 0.188 0.025 0.027 0.219 0.018 0.014;
0.117 0.024 0.18 0.017 0.016 0.019 0.119 0.016 0.004 0.176 0.03 0.021 0.213 0.028 0.02;0.117 0.024 0.019 0.119 0.016 0.18 0.017 0.016 0.004 0.176 0.03 0.021 0.028 0.213 0.02;0.117 0.019 0.18 0.004 0.021 0.024 0.119 0.016 0.017 0.176 0.028 0.016 0.213 0.03 0.02;
0.128 0.01 0.191 0.012 0.03 0.016 0.09 0.007 0.014 0.193 0.02 0.014 0.237 0.024 0.014;0.128 0.01 0.016 0.09 0.007 0.191 0.012 0.03 0.014 0.193 0.02 0.014 0.024 0.237 0.014;0.128 0.016 0.191 0.014 0.014 0.01 0.09 0.007 0.012 0.193 0.024 0.03 0.237 0.02 0.014;
0.115 0.018 0.187 0.015 0.029 0.014 0.1 0.012 0.01 0.198 0.018 0.027 0.21 0.02 0.027;0.115 0.018 0.014 0.1 0.012 0.187 0.015 0.029 0.01 0.198 0.018 0.027 0.02 0.21 0.027;0.115 0.014 0.187 0.01 0.027 0.018 0.1 0.012 0.015 0.198 0.02 0.029 0.21 0.018 0.027;
0.115 0.013 0.197 0.018 0.026 0.02 0.108 0.019 0.007 0.197 0.034 0.019 0.19 0.024 0.013;0.115 0.013 0.02 0.108 0.019 0.197 0.018 0.026 0.007 0.197 0.034 0.019 0.024 0.19 0.013;0.115 0.02 0.197 0.007 0.019 0.013 0.108 0.019 0.018 0.197 0.024 0.026 0.19 0.034 0.013;
0.122 0.021 0.183 0.023 0.033 0.013 0.109 0.01 0.009 0.181 0.024 0.019 0.211 0.021 0.021;0.122 0.021 0.013 0.109 0.01 0.183 0.023 0.033 0.009 0.181 0.024 0.019 0.021 0.211 0.021;0.122 0.013 0.183 0.009 0.019 0.021 0.109 0.01 0.023 0.181 0.021 0.033 0.211 0.024 0.021;
0.123 0.013 0.185 0.018 0.029 0.02 0.095 0.015 0.013 0.182 0.013 0.017 0.232 0.025 0.02;0.123 0.013 0.02 0.095 0.015 0.185 0.018 0.029 0.013 0.182 0.013 0.017 0.025 0.232 0.02;0.123 0.02 0.185 0.013 0.017 0.013 0.095 0.015 0.018 0.182 0.025 0.029 0.232 0.013 0.02;
0.107 0.009 0.184 0.017 0.024 0.014 0.113 0.014 0.015 0.214 0.02 0.017 0.217 0.021 0.014;0.107 0.009 0.014 0.113 0.014 0.184 0.017 0.024 0.015 0.214 0.02 0.017 0.021 0.217 0.014;0.107 0.014 0.184 0.015 0.017 0.009 0.113 0.014 0.017 0.214 0.021 0.024 0.217 0.02 0.014;
0.119 0.016 0.175 0.024 0.028 0.014 0.102 0.019 0.011 0.195 0.019 0.014 0.217 0.034 0.013;0.119 0.016 0.014 0.102 0.019 0.175 0.024 0.028 0.011 0.195 0.019 0.014 0.034 0.217 0.013;0.119 0.014 0.175 0.011 0.014 0.016 0.102 0.019 0.024 0.195 0.034 0.028 0.217 0.019 0.013;
0.115 0.022 0.184 0.022 0.021 0.011 0.118 0.01 0.008 0.205 0.018 0.023 0.192 0.034 0.017;0.115 0.022 0.011 0.118 0.01 0.184 0.022 0.021 0.008 0.205 0.018 0.023 0.034 0.192 0.017;0.115 0.011 0.184 0.008 0.023 0.022 0.118 0.01 0.022 0.205 0.034 0.021 0.192 0.018 0.017;
0.115 0.016 0.215 0.032 0.027 0.014 0.1 0.022 0.011 0.17 0.017 0.026 0.199 0.018 0.018;0.115 0.016 0.014 0.1 0.022 0.215 0.032 0.027 0.011 0.17 0.017 0.026 0.018 0.199 0.018;0.115 0.014 0.215 0.011 0.026 0.016 0.1 0.022 0.032 0.17 0.018 0.027 0.199 0.017 0.018;
0.12 0.019 0.194 0.014 0.018 0.011 0.113 0.024 0.012 0.187 0.023 0.013 0.213 0.02 0.019;0.12 0.019 0.011 0.113 0.024 0.194 0.014 0.018 0.012 0.187 0.023 0.013 0.02 0.213 0.019;0.12 0.011 0.194 0.012 0.013 0.019 0.113 0.024 0.014 0.187 0.02 0.018 0.213 0.023 0.019;
0.127 0.014 0.17 0.017 0.029 0.019 0.11 0.016 0.014 0.198 0.021 0.026 0.207 0.022 0.01;0.127 0.014 0.019 0.11 0.016 0.17 0.017 0.029 0.014 0.198 0.021 0.026 0.022 0.207 0.01;0.127 0.019 0.17 0.014 0.026 0.014 0.11 0.016 0.017 0.198 0.022 0.029 0.207 0.021 0.01;
0.116 0.019 0.199 0.017 0.026 0.015 0.107 0.015 0.009 0.19 0.015 0.023 0.217 0.02 0.012;0.116 0.019 0.015 0.107 0.015 0.199 0.017 0.026 0.009 0.19 0.015 0.023 0.02 0.217 0.012;0.116 0.015 0.199 0.009 0.023 0.019 0.107 0.015 0.017 0.19 0.02 0.026 0.217 0.015 0.012;
0.124 0.015 0.199 0.022 0.016 0.014 0.102 0.025 0.014 0.181 0.028 0.027 0.188 0.028 0.017;0.124 0.015 0.014 0.102 0.025 0.199 0.022 0.016 0.014 0.181 0.028 0.027 0.028 0.188 0.017;0.124 0.014 0.199 0.014 0.027 0.015 0.102 0.025 0.022 0.181 0.028 0.016 0.188 0.028 0.017;
0.123 0.02 0.194 0.015 0.022 0.01 0.104 0.013 0.011 0.211 0.026 0.016 0.182 0.026 0.027;0.123 0.02 0.01 0.104 0.013 0.194 0.015 0.022 0.011 0.211 0.026 0.016 0.026 0.182 0.027;0.123 0.01 0.194 0.011 0.016 0.02 0.104 0.013 0.015 0.211 0.026 0.022 0.182 0.026 0.027;
0.14 0.012 0.183 0.012 0.023 0.02 0.111 0.009 0.009 0.212 0.021 0.029 0.184 0.026 0.009;0.14 0.012 0.02 0.111 0.009 0.183 0.012 0.023 0.009 0.212 0.021 0.029 0.026 0.184 0.009;0.14 0.02 0.183 0.009 0.029 0.012 0.111 0.009 0.012 0.212 0.026 0.023 0.184 0.021 0.009;
0.099 0.018 0.21 0.015 0.026 0.02 0.116 0.015 0.009 0.201 0.017 0.012 0.21 0.015 0.017;0.099 0.018 0.02 0.116 0.015 0.21 0.015 0.026 0.009 0.201 0.017 0.012 0.015 0.21 0.017;0.099 0.02 0.21 0.009 0.012 0.018 0.116 0.015 0.015 0.201 0.015 0.026 0.21 0.017 0.017;
0.119 0.023 0.201 0.018 0.018 0.01 0.085 0.019 0.007 0.185 0.023 0.024 0.23 0.025 0.013;0.119 0.023 0.01 0.085 0.019 0.201 0.018 0.018 0.007 0.185 0.023 0.024 0.025 0.23 0.013;0.119 0.01 0.201 0.007 0.024 0.023 0.085 0.019 0.018 0.185 0.025 0.018 0.23 0.023 0.013;
0.121 0.014 0.191 0.013 0.019 0.017 0.102 0.013 0.011 0.208 0.026 0.017 0.199 0.029 0.02;0.121 0.014 0.017 0.102 0.013 0.191 0.013 0.019 0.011 0.208 0.026 0.017 0.029 0.199 0.02;0.121 0.017 0.191 0.011 0.017 0.014 0.102 0.013 0.013 0.208 0.029 0.019 0.199 0.026 0.02;
0.133 0.014 0.187 0.022 0.026 0.014 0.092 0.018 0.006 0.192 0.019 0.018 0.218 0.021 0.02;0.133 0.014 0.014 0.092 0.018 0.187 0.022 0.026 0.006 0.192 0.019 0.018 0.021 0.218 0.02;0.133 0.014 0.187 0.006 0.018 0.014 0.092 0.018 0.022 0.192 0.021 0.026 0.218 0.019 0.02;
0.118 0.014 0.19 0.018 0.028 0.021 0.102 0.014 0.018 0.195 0.019 0.018 0.202 0.025 0.018;0.118 0.014 0.021 0.102 0.014 0.19 0.018 0.028 0.018 0.195 0.019 0.018 0.025 0.202 0.018;0.118 0.021 0.19 0.018 0.018 0.014 0.102 0.014 0.018 0.195 0.025 0.028 0.202 0.019 0.018;
0.136 0.012 0.179 0.019 0.03 0.009 0.1 0.016 0.017 0.183 0.012 0.026 0.22 0.024 0.017;0.136 0.012 0.009 0.1 0.016 0.179 0.019 0.03 0.017 0.183 0.012 0.026 0.024 0.22 0.017;0.136 0.009 0.179 0.017 0.026 0.012 0.1 0.016 0.019 0.183 0.024 0.03 0.22 0.012 0.017;
0.152 0.016 0.184 0.021 0.028 0.017 0.115 0.009 0.013 0.193 0.019 0.019 0.184 0.014 0.016;0.152 0.016 0.017 0.115 0.009 0.184 0.021 0.028 0.013 0.193 0.019 0.019 0.014 0.184 0.016;0.152 0.017 0.184 0.013 0.019 0.016 0.115 0.009 0.021 0.193 0.014 0.028 0.184 0.019 0.016;
0.136 0.012 0.183 0.017 0.016 0.017 0.104 0.019 0.017 0.169 0.025 0.012 0.234 0.021 0.018;0.136 0.012 0.017 0.104 0.019 0.183 0.017 0.016 0.017 0.169 0.025 0.012 0.021 0.234 0.018;0.136 0.017 0.183 0.017 0.012 0.012 0.104 0.019 0.017 0.169 0.021 0.016 0.234 0.025 0.018;
0.112 0.011 0.195 0.023 0.012 0.014 0.107 0.017 0.018 0.198 0.02 0.02 0.219 0.022 0.012;0.112 0.011 0.014 0.107 0.017 0.195 0.023 0.012 0.018 0.198 0.02 0.02 0.022 0.219 0.012;0.112 0.014 0.195 0.018 0.02 0.011 0.107 0.017 0.023 0.198 0.022 0.012 0.219 0.02 0.012;
0.1 0.021 0.177 0.017 0.029 0.02 0.1 0.017 0.011 0.211 0.015 0.013 0.227 0.029 0.013;0.1 0.021 0.02 0.1 0.017 0.177 0.017 0.029 0.011 0.211 0.015 0.013 0.029 0.227 0.013;0.1 0.02 0.177 0.011 0.013 0.021 0.1 0.017 0.017 0.211 0.029 0.029 0.227 0.015 0.013;
0.118 0.021 0.207 0.024 0.027 0.018 0.104 0.012 0.013 0.177 0.023 0.023 0.192 0.024 0.017;0.118 0.021 0.018 0.104 0.012 0.207 0.024 0.027 0.013 0.177 0.023 0.023 0.024 0.192 0.017;0.118 0.018 0.207 0.013 0.023 0.021 0.104 0.012 0.024 0.177 0.024 0.027 0.192 0.023 0.017;
0.122 0.015 0.188 0.026 0.023 0.014 0.099 0.019 0.011 0.201 0.019 0.016 0.212 0.025 0.01;0.122 0.015 0.014 0.099 0.019 0.188 0.026 0.023 0.011 0.201 0.019 0.016 0.025 0.212 0.01;0.122 0.014 0.188 0.011 0.016 0.015 0.099 0.019 0.026 0.201 0.025 0.023 0.212 0.019 0.01;
0.118 0.022 0.204 0.018 0.029 0.012 0.111 0.02 0.013 0.168 0.021 0.019 0.201 0.029 0.015;0.118 0.022 0.012 0.111 0.02 0.204 0.018 0.029 0.013 0.168 0.021 0.019 0.029 0.201 0.015;0.118 0.012 0.204 0.013 0.019 0.022 0.111 0.02 0.018 0.168 0.029 0.029 0.201 0.021 0.015;
0.11 0.026 0.199 0.015 0.028 0.015 0.089 0.022 0.017 0.182 0.026 0.017 0.212 0.024 0.018;0.11 0.026 0.015 0.089 0.022 0.199 0.015 0.028 0.017 0.182 0.026 0.017 0.024 0.212 0.018;0.11 0.015 0.199 0.017 0.017 0.026 0.089 0.022 0.015 0.182 0.024 0.028 0.212 0.026 0.018;
0.137 0.024 0.191 0.012 0.019 0.017 0.107 0.02 0.011 0.159 0.021 0.026 0.219 0.02 0.017;0.137 0.024 0.017 0.107 0.02 0.191 0.012 0.019 0.011 0.159 0.021 0.026 0.02 0.219 0.017;0.137 0.017 0.191 0.011 0.026 0.024 0.107 0.02 0.012 0.159 0.02 0.019 0.219 0.021 0.017;
0.13 0.019 0.171 0.027 0.026 0.011 0.093 0.021 0.013 0.212 0.016 0.022 0.199 0.021 0.019;0.13 0.019 0.011 0.093 0.021 0.171 0.027 0.026 0.013 0.212 0.016 0.022 0.021 0.199 0.019;0.13 0.011 0.171 0.013 0.022 0.019 0.093 0.021 0.027 0.212 0.021 0.026 0.199 0.016 0.019;
0.137 0.024 0.179 0.015 0.028 0.026 0.117 0.008 0.009 0.158 0.031 0.023 0.212 0.017 0.016;0.137 0.024 0.026 0.117 0.008 0.179 0.015 0.028 0.009 0.158 0.031 0.023 0.017 0.212 0.016;0.137 0.026 0.179 0.009 0.023 0.024 0.117 0.008 0.015 0.158 0.017 0.028 0.212 0.031 0.016;
0.107 0.024 0.178 0.026 0.032 0.019 0.115 0.009 0.01 0.199 0.018 0.02 0.205 0.021 0.017;0.107 0.024 0.019 0.115 0.009 0.178 0.026 0.032 0.01 0.199 0.018 0.02 0.021 0.205 0.017;0.107 0.019 0.178 0.01 0.02 0.024 0.115 0.009 0.026 0.199 0.021 0.032 0.205 0.018 0.017;
0.125 0.019 0.194 0.016 0.027 0.009 0.103 0.027 0.006 0.201 0.021 0.018 0.193 0.027 0.014;0.125 0.019 0.009 0.103 0.027 0.194 0.016 0.027 0.006 0.201 0.021 0.018 0.027 0.193 0.014;0.125 0.009 0.194 0.006 0.018 0.019 0.103 0.027 0.016 0.201 0.027 0.027 0.193 0.021 0.014;
0.124 0.012 0.191 0.031 0.022 0.01 0.111 0.017 0.01 0.196 0.02 0.031 0.188 0.027 0.01;0.124 0.012 0.01 0.111 0.017 0.191 0.031 0.022 0.01 0.196 0.02 0.031 0.027 0.188 0.01;0.124 0.01 0.191 0.01 0.031 0.012 0.111 0.017 0.031 0.196 0.027 0.022 0.188 0.02 0.01;
0.123 0.016 0.197 0.017 0.03 0.017 0.11 0.012 0.015 0.196 0.023 0.013 0.196 0.024 0.011;0.123 0.016 0.017 0.11 0.012 0.197 0.017 0.03 0.015 0.196 0.023 0.013 0.024 0.196 0.011;0.123 0.017 0.197 0.015 0.013 0.016 0.11 0.012 0.017 0.196 0.024 0.03 0.196 0.023 0.011;
0.127 0.013 0.196 0.015 0.022 0.017 0.11 0.02 0.012 0.184 0.012 0.018 0.209 0.026 0.019;0.127 0.013 0.017 0.11 0.02 0.196 0.015 0.022 0.012 0.184 0.012 0.018 0.026 0.209 0.019;0.127 0.017 0.196 0.012 0.018 0.013 0.11 0.02 0.015 0.184 0.026 0.022 0.209 0.012 0.019;
0.113 0.018 0.2 0.016 0.021 0.016 0.091 0.012 0.008 0.213 0.03 0.021 0.207 0.019 0.015;0.113 0.018 0.016 0.091 0.012 0.2 0.016 0.021 0.008 0.213 0.03 0.021 0.019 0.207 0.015;0.113 0.016 0.2 0.008 0.021 0.018 0.091 0.012 0.016 0.213 0.019 0.021 0.207 0.03 0.015;
0.129 0.017 0.212 0.011 0.034 0.017 0.107 0.022 0.01 0.167 0.015 0.018 0.207 0.018 0.016;0.129 0.017 0.017 0.107 0.022 0.212 0.011 0.034 0.01 0.167 0.015 0.018 0.018 0.207 0.016;0.129 0.017 0.212 0.01 0.018 0.017 0.107 0.022 0.011 0.167 0.018 0.034 0.207 0.015 0.016;
0.128 0.015 0.2 0.016 0.02 0.014 0.098 0.011 0.013 0.194 0.025 0.022 0.201 0.029 0.014;0.128 0.015 0.014 0.098 0.011 0.2 0.016 0.02 0.013 0.194 0.025 0.022 0.029 0.201 0.014;0.128 0.014 0.2 0.013 0.022 0.015 0.098 0.011 0.016 0.194 0.029 0.02 0.201 0.025 0.014;
0.111 0.015 0.204 0.018 0.028 0.014 0.091 0.021 0.011 0.188 0.022 0.017 0.227 0.025 0.008;0.111 0.015 0.014 0.091 0.021 0.204 0.018 0.028 0.011 0.188 0.022 0.017 0.025 0.227 0.008;0.111 0.014 0.204 0.011 0.017 0.015 0.091 0.021 0.018 0.188 0.025 0.028 0.227 0.022 0.008;
0.122 0.016 0.207 0.015 0.029 0.016 0.1 0.022 0.009 0.162 0.021 0.019 0.224 0.026 0.012;0.122 0.016 0.016 0.1 0.022 0.207 0.015 0.029 0.009 0.162 0.021 0.019 0.026 0.224 0.012;0.122 0.016 0.207 0.009 0.019 0.016 0.1 0.022 0.015 0.162 0.026 0.029 0.224 0.021 0.012;
0.126 0.013 0.167 0.011 0.032 0.013 0.123 0.022 0.012 0.176 0.027 0.016 0.218 0.023 0.021;0.126 0.013 0.013 0.123 0.022 0.167 0.011 0.032 0.012 0.176 0.027 0.016 0.023 0.218 0.021;0.126 0.013 0.167 0.012 0.016 0.013 0.123 0.022 0.011 0.176 0.023 0.032 0.218 0.027 0.021;
0.12 0.016 0.193 0.018 0.021 0.021 0.106 0.013 0.013 0.194 0.016 0.016 0.213 0.025 0.015;0.12 0.016 0.021 0.106 0.013 0.193 0.018 0.021 0.013 0.194 0.016 0.016 0.025 0.213 0.015;0.12 0.021 0.193 0.013 0.016 0.016 0.106 0.013 0.018 0.194 0.025 0.021 0.213 0.016 0.015;
0.114 0.019 0.19 0.016 0.022 0.015 0.106 0.018 0.021 0.17 0.02 0.031 0.205 0.036 0.017;0.114 0.019 0.015 0.106 0.018 0.19 0.016 0.022 0.021 0.17 0.02 0.031 0.036 0.205 0.017;0.114 0.015 0.19 0.021 0.031 0.019 0.106 0.018 0.016 0.17 0.036 0.022 0.205 0.02 0.017;
0.118 0.019 0.191 0.018 0.021 0.011 0.097 0.02 0.013 0.215 0.019 0.019 0.191 0.032 0.016;0.118 0.019 0.011 0.097 0.02 0.191 0.018 0.021 0.013 0.215 0.019 0.019 0.032 0.191 0.016;0.118 0.011 0.191 0.013 0.019 0.019 0.097 0.02 0.018 0.215 0.032 0.021 0.191 0.019 0.016;
0.113 0.016 0.194 0.017 0.029 0.018 0.094 0.019 0.011 0.198 0.013 0.014 0.22 0.028 0.016;0.113 0.016 0.018 0.094 0.019 0.194 0.017 0.029 0.011 0.198 0.013 0.014 0.028 0.22 0.016;0.113 0.018 0.194 0.011 0.014 0.016 0.094 0.019 0.017 0.198 0.028 0.029 0.22 0.013 0.016;
0.14 0.018 0.18 0.016 0.032 0.023 0.085 0.014 0.011 0.195 0.022 0.021 0.208 0.024 0.011;0.14 0.018 0.023 0.085 0.014 0.18 0.016 0.032 0.011 0.195 0.022 0.021 0.024 0.208 0.011;0.14 0.023 0.18 0.011 0.021 0.018 0.085 0.014 0.016 0.195 0.024 0.032 0.208 0.022 0.011;
0.131 0.014 0.181 0.016 0.014 0.019 0.117 0.019 0.009 0.176 0.02 0.019 0.23 0.023 0.012;0.131 0.014 0.019 0.117 0.019 0.181 0.016 0.014 0.009 0.176 0.02 0.019 0.023 0.23 0.012;0.131 0.019 0.181 0.009 0.019 0.014 0.117 0.019 0.016 0.176 0.023 0.014 0.23 0.02 0.012;
0.108 0.014 0.19 0.019 0.024 0.021 0.107 0.022 0.016 0.205 0.017 0.019 0.194 0.025 0.019;0.108 0.014 0.021 0.107 0.022 0.19 0.019 0.024 0.016 0.205 0.017 0.019 0.025 0.194 0.019;0.108 0.021 0.19 0.016 0.019 0.014 0.107 0.022 0.019 0.205 0.025 0.024 0.194 0.017 0.019;
0.123 0.018 0.186 0.017 0.031 0.018 0.094 0.016 0.008 0.194 0.022 0.016 0.218 0.024 0.015;0.123 0.018 0.018 0.094 0.016 0.186 0.017 0.031 0.008 0.194 0.022 0.016 0.024 0.218 0.015;0.123 0.018 0.186 0.008 0.016 0.018 0.094 0.016 0.017 0.194 0.024 0.031 0.218 0.022 0.015;
0.114 0.015 0.187 0.021 0.025 0.017 0.115 0.019 0.015 0.176 0.016 0.024 0.219 0.025 0.012;0.114 0.015 0.017 0.115 0.019 0.187 0.021 0.025 0.015 0.176 0.016 0.024 0.025 0.219 0.012;0.114 0.017 0.187 0.015 0.024 0.015 0.115 0.019 0.021 0.176 0.025 0.025 0.219 0.016 0.012;
0.134 0.019 0.185 0.019 0.028 0.023 0.088 0.021 0.004 0.182 0.019 0.019 0.221 0.027 0.011;0.134 0.019 0.023 0.088 0.021 0.185 0.019 0.028 0.004 0.182 0.019 0.019 0.027 0.221 0.011;0.134 0.023 0.185 0.004 0.019 0.019 0.088 0.021 0.019 0.182 0.027 0.028 0.221 0.019 0.011;
0.112 0.016 0.206 0.017 0.018 0.018 0.097 0.017 0.016 0.185 0.024 0.013 0.234 0.017 0.01;0.112 0.016 0.018 0.097 0.017 0.206 0.017 0.018 0.016 0.185 0.024 0.013 0.017 0.234 0.01;0.112 0.018 0.206 0.016 0.013 0.016 0.097 0.017 0.017 0.185 0.017 0.018 0.234 0.024 0.01;
0.115 0.012 0.21 0.012 0.028 0.017 0.123 0.012 0.01 0.194 0.022 0.023 0.189 0.02 0.013;0.115 0.012 0.017 0.123 0.012 0.21 0.012 0.028 0.01 0.194 0.022 0.023 0.02 0.189 0.013;0.115 0.017 0.21 0.01 0.023 0.012 0.123 0.012 0.012 0.194 0.02 0.028 0.189 0.022 0.013;
0.111 0.023 0.166 0.016 0.021 0.021 0.125 0.024 0.009 0.195 0.016 0.025 0.209 0.025 0.014;0.111 0.023 0.021 0.125 0.024 0.166 0.016 0.021 0.009 0.195 0.016 0.025 0.025 0.209 0.014;0.111 0.021 0.166 0.009 0.025 0.023 0.125 0.024 0.016 0.195 0.025 0.021 0.209 0.016 0.014;
0.118 0.016 0.193 0.019 0.021 0.015 0.111 0.02 0.012 0.183 0.022 0.017 0.213 0.02 0.02;0.118 0.016 0.015 0.111 0.02 0.193 0.019 0.021 0.012 0.183 0.022 0.017 0.02 0.213 0.02;0.118 0.015 0.193 0.012 0.017 0.016 0.111 0.02 0.019 0.183 0.02 0.021 0.213 0.022 0.02;
0.107 0.015 0.212 0.016 0.018 0.013 0.1 0.02 0.01 0.192 0.022 0.018 0.22 0.02 0.017;0.107 0.015 0.013 0.1 0.02 0.212 0.016 0.018 0.01 0.192 0.022 0.018 0.02 0.22 0.017;0.107 0.013 0.212 0.01 0.018 0.015 0.1 0.02 0.016 0.192 0.02 0.018 0.22 0.022 0.017;
0.124 0.01 0.173 0.016 0.027 0.018 0.102 0.016 0.016 0.195 0.02 0.017 0.229 0.022 0.015;0.124 0.01 0.018 0.102 0.016 0.173 0.016 0.027 0.016 0.195 0.02 0.017 0.022 0.229 0.015;0.124 0.018 0.173 0.016 0.017 0.01 0.102 0.016 0.016 0.195 0.022 0.027 0.229 0.02 0.015;
0.131 0.017 0.162 0.014 0.029 0.02 0.1 0.017 0.016 0.193 0.02 0.02 0.219 0.025 0.017;0.131 0.017 0.02 0.1 0.017 0.162 0.014 0.029 0.016 0.193 0.02 0.02 0.025 0.219 0.017;0.131 0.02 0.162 0.016 0.02 0.017 0.1 0.017 0.014 0.193 0.025 0.029 0.219 0.02 0.017;
0.113 0.013 0.204 0.021 0.023 0.018 0.104 0.018 0.007 0.191 0.017 0.017 0.212 0.025 0.017;0.113 0.013 0.018 0.104 0.018 0.204 0.021 0.023 0.007 0.191 0.017 0.017 0.025 0.212 0.017;0.113 0.018 0.204 0.007 0.017 0.013 0.104 0.018 0.021 0.191 0.025 0.023 0.212 0.017 0.017;
0.115 0.014 0.185 0.016 0.025 0.017 0.098 0.022 0.013 0.183 0.032 0.02 0.21 0.036 0.014;0.115 0.014 0.017 0.098 0.022 0.185 0.016 0.025 0.013 0.183 0.032 0.02 0.036 0.21 0.014;0.115 0.017 0.185 0.013 0.02 0.014 0.098 0.022 0.016 0.183 0.036 0.025 0.21 0.032 0.014;
0.133 0.021 0.217 0.016 0.031 0.011 0.092 0.017 0.013 0.155 0.021 0.022 0.206 0.03 0.015;0.133 0.021 0.011 0.092 0.017 0.217 0.016 0.031 0.013 0.155 0.021 0.022 0.03 0.206 0.015;0.133 0.011 0.217 0.013 0.022 0.021 0.092 0.017 0.016 0.155 0.03 0.031 0.206 0.021 0.015;
0.116 0.012 0.178 0.025 0.023 0.015 0.108 0.023 0.011 0.198 0.016 0.014 0.222 0.019 0.02;0.116 0.012 0.015 0.108 0.023 0.178 0.025 0.023 0.011 0.198 0.016 0.014 0.019 0.222 0.02;0.116 0.015 0.178 0.011 0.014 0.012 0.108 0.023 0.025 0.198 0.019 0.023 0.222 0.016 0.02;
0.118 0.014 0.186 0.015 0.031 0.019 0.105 0.015 0.011 0.215 0.017 0.012 0.204 0.025 0.013;0.118 0.014 0.019 0.105 0.015 0.186 0.015 0.031 0.011 0.215 0.017 0.012 0.025 0.204 0.013;0.118 0.019 0.186 0.011 0.012 0.014 0.105 0.015 0.015 0.215 0.025 0.031 0.204 0.017 0.013];