pntP=[0.06 0.072 0.077 0.072 0.094 0.061 0.04 0.082 0.045 0.065 0.052 0.056 0.063 0.105 0.056;0.06 0.072 0.061 0.04 0.082 0.077 0.072 0.094 0.045 0.065 0.052 0.056 0.105 0.063 0.056;0.06 0.061 0.077 0.045 0.056 0.072 0.04 0.082 0.072 0.065 0.105 0.094 0.063 0.052 0.056;
0.05 0.051 0.065 0.082 0.087 0.071 0.032 0.059 0.044 0.083 0.069 0.077 0.071 0.101 0.058;0.05 0.051 0.071 0.032 0.059 0.065 0.082 0.087 0.044 0.083 0.069 0.077 0.101 0.071 0.058;0.05 0.071 0.065 0.044 0.077 0.051 0.032 0.059 0.082 0.083 0.101 0.087 0.071 0.069 0.058;
0.056 0.07 0.068 0.078 0.104 0.065 0.036 0.059 0.035 0.087 0.068 0.057 0.073 0.081 0.063;0.056 0.07 0.065 0.036 0.059 0.068 0.078 0.104 0.035 0.087 0.068 0.057 0.081 0.073 0.063;0.056 0.065 0.068 0.035 0.057 0.07 0.036 0.059 0.078 0.087 0.081 0.104 0.073 0.068 0.063;
0.066 0.067 0.077 0.077 0.099 0.049 0.039 0.06 0.032 0.066 0.079 0.065 0.064 0.103 0.057;0.066 0.067 0.049 0.039 0.06 0.077 0.077 0.099 0.032 0.066 0.079 0.065 0.103 0.064 0.057;0.066 0.049 0.077 0.032 0.065 0.067 0.039 0.06 0.077 0.066 0.103 0.099 0.064 0.079 0.057;
0.06 0.075 0.082 0.086 0.089 0.092 0.039 0.047 0.03 0.082 0.054 0.069 0.058 0.093 0.044;0.06 0.075 0.092 0.039 0.047 0.082 0.086 0.089 0.03 0.082 0.054 0.069 0.093 0.058 0.044;0.06 0.092 0.082 0.03 0.069 0.075 0.039 0.047 0.086 0.082 0.093 0.089 0.058 0.054 0.044;
0.071 0.065 0.056 0.09 0.102 0.056 0.032 0.05 0.044 0.086 0.057 0.074 0.06 0.102 0.055;0.071 0.065 0.056 0.032 0.05 0.056 0.09 0.102 0.044 0.086 0.057 0.074 0.102 0.06 0.055;0.071 0.056 0.056 0.044 0.074 0.065 0.032 0.05 0.09 0.086 0.102 0.102 0.06 0.057 0.055;
0.056 0.063 0.071 0.07 0.087 0.062 0.035 0.065 0.032 0.061 0.067 0.078 0.07 0.109 0.074;0.056 0.063 0.062 0.035 0.065 0.071 0.07 0.087 0.032 0.061 0.067 0.078 0.109 0.07 0.074;0.056 0.062 0.071 0.032 0.078 0.063 0.035 0.065 0.07 0.061 0.109 0.087 0.07 0.067 0.074;
0.056 0.065 0.069 0.081 0.099 0.076 0.038 0.049 0.029 0.071 0.066 0.073 0.065 0.103 0.06;0.056 0.065 0.076 0.038 0.049 0.069 0.081 0.099 0.029 0.071 0.066 0.073 0.103 0.065 0.06;0.056 0.076 0.069 0.029 0.073 0.065 0.038 0.049 0.081 0.071 0.103 0.099 0.065 0.066 0.06;
0.06 0.057 0.053 0.085 0.11 0.058 0.032 0.067 0.045 0.065 0.072 0.067 0.073 0.103 0.053;0.06 0.057 0.058 0.032 0.067 0.053 0.085 0.11 0.045 0.065 0.072 0.067 0.103 0.073 0.053;0.06 0.058 0.053 0.045 0.067 0.057 0.032 0.067 0.085 0.065 0.103 0.11 0.073 0.072 0.053;
0.058 0.052 0.083 0.075 0.093 0.083 0.04 0.063 0.04 0.081 0.06 0.059 0.057 0.086 0.07;0.058 0.052 0.083 0.04 0.063 0.083 0.075 0.093 0.04 0.081 0.06 0.059 0.086 0.057 0.07;0.058 0.083 0.083 0.04 0.059 0.052 0.04 0.063 0.075 0.081 0.086 0.093 0.057 0.06 0.07;
0.054 0.061 0.061 0.066 0.101 0.076 0.036 0.073 0.036 0.091 0.08 0.063 0.062 0.087 0.053;0.054 0.061 0.076 0.036 0.073 0.061 0.066 0.101 0.036 0.091 0.08 0.063 0.087 0.062 0.053;0.054 0.076 0.061 0.036 0.063 0.061 0.036 0.073 0.066 0.091 0.087 0.101 0.062 0.08 0.053;
0.054 0.063 0.063 0.09 0.092 0.076 0.043 0.069 0.032 0.071 0.07 0.063 0.049 0.102 0.063;0.054 0.063 0.076 0.043 0.069 0.063 0.09 0.092 0.032 0.071 0.07 0.063 0.102 0.049 0.063;0.054 0.076 0.063 0.032 0.063 0.063 0.043 0.069 0.09 0.071 0.102 0.092 0.049 0.07 0.063;
0.047 0.072 0.091 0.08 0.099 0.061 0.047 0.061 0.037 0.053 0.061 0.056 0.078 0.095 0.062;0.047 0.072 0.061 0.047 0.061 0.091 0.08 0.099 0.037 0.053 0.061 0.056 0.095 0.078 0.062;0.047 0.061 0.091 0.037 0.056 0.072 0.047 0.061 0.08 0.053 0.095 0.099 0.078 0.061 0.062;
0.053 0.065 0.083 0.076 0.089 0.067 0.034 0.066 0.042 0.064 0.07 0.064 0.066 0.104 0.057;0.053 0.065 0.067 0.034 0.066 0.083 0.076 0.089 0.042 0.064 0.07 0.064 0.104 0.066 0.057;0.053 0.067 0.083 0.042 0.064 0.065 0.034 0.066 0.076 0.064 0.104 0.089 0.066 0.07 0.057;
0.069 0.064 0.066 0.07 0.103 0.083 0.041 0.073 0.053 0.058 0.056 0.059 0.068 0.088 0.049;0.069 0.064 0.083 0.041 0.073 0.066 0.07 0.103 0.053 0.058 0.056 0.059 0.088 0.068 0.049;0.069 0.083 0.066 0.053 0.059 0.064 0.041 0.073 0.07 0.058 0.088 0.103 0.068 0.056 0.049;
0.044 0.059 0.075 0.064 0.092 0.061 0.04 0.085 0.043 0.075 0.064 0.085 0.062 0.101 0.05;0.044 0.059 0.061 0.04 0.085 0.075 0.064 0.092 0.043 0.075 0.064 0.085 0.101 0.062 0.05;0.044 0.061 0.075 0.043 0.085 0.059 0.04 0.085 0.064 0.075 0.101 0.092 0.062 0.064 0.05;
0.051 0.072 0.071 0.076 0.086 0.082 0.038 0.075 0.038 0.073 0.064 0.061 0.068 0.093 0.052;0.051 0.072 0.082 0.038 0.075 0.071 0.076 0.086 0.038 0.073 0.064 0.061 0.093 0.068 0.052;0.051 0.082 0.071 0.038 0.061 0.072 0.038 0.075 0.076 0.073 0.093 0.086 0.068 0.064 0.052;
0.049 0.071 0.059 0.062 0.104 0.063 0.037 0.078 0.033 0.069 0.076 0.067 0.063 0.103 0.066;0.049 0.071 0.063 0.037 0.078 0.059 0.062 0.104 0.033 0.069 0.076 0.067 0.103 0.063 0.066;0.049 0.063 0.059 0.033 0.067 0.071 0.037 0.078 0.062 0.069 0.103 0.104 0.063 0.076 0.066;
0.058 0.067 0.07 0.088 0.099 0.07 0.037 0.067 0.037 0.076 0.061 0.07 0.071 0.082 0.047;0.058 0.067 0.07 0.037 0.067 0.07 0.088 0.099 0.037 0.076 0.061 0.07 0.082 0.071 0.047;0.058 0.07 0.07 0.037 0.07 0.067 0.037 0.067 0.088 0.076 0.082 0.099 0.071 0.061 0.047;
0.054 0.073 0.06 0.082 0.092 0.091 0.036 0.078 0.045 0.06 0.068 0.066 0.069 0.082 0.044;0.054 0.073 0.091 0.036 0.078 0.06 0.082 0.092 0.045 0.06 0.068 0.066 0.082 0.069 0.044;0.054 0.091 0.06 0.045 0.066 0.073 0.036 0.078 0.082 0.06 0.082 0.092 0.069 0.068 0.044;
0.054 0.065 0.064 0.074 0.104 0.072 0.038 0.059 0.038 0.067 0.065 0.065 0.062 0.117 0.056;0.054 0.065 0.072 0.038 0.059 0.064 0.074 0.104 0.038 0.067 0.065 0.065 0.117 0.062 0.056;0.054 0.072 0.064 0.038 0.065 0.065 0.038 0.059 0.074 0.067 0.117 0.104 0.062 0.065 0.056;
0.066 0.064 0.055 0.074 0.104 0.077 0.034 0.068 0.04 0.068 0.068 0.052 0.08 0.095 0.055;0.066 0.064 0.077 0.034 0.068 0.055 0.074 0.104 0.04 0.068 0.068 0.052 0.095 0.08 0.055;0.066 0.077 0.055 0.04 0.052 0.064 0.034 0.068 0.074 0.068 0.095 0.104 0.08 0.068 0.055;
0.052 0.072 0.079 0.085 0.107 0.06 0.038 0.067 0.032 0.068 0.056 0.061 0.066 0.096 0.061;0.052 0.072 0.06 0.038 0.067 0.079 0.085 0.107 0.032 0.068 0.056 0.061 0.096 0.066 0.061;0.052 0.06 0.079 0.032 0.061 0.072 0.038 0.067 0.085 0.068 0.096 0.107 0.066 0.056 0.061;
0.055 0.079 0.067 0.083 0.07 0.083 0.037 0.067 0.028 0.066 0.063 0.077 0.064 0.094 0.067;0.055 0.079 0.083 0.037 0.067 0.067 0.083 0.07 0.028 0.066 0.063 0.077 0.094 0.064 0.067;0.055 0.083 0.067 0.028 0.077 0.079 0.037 0.067 0.083 0.066 0.094 0.07 0.064 0.063 0.067;
0.061 0.065 0.062 0.077 0.098 0.068 0.037 0.071 0.033 0.093 0.066 0.055 0.073 0.079 0.062;0.061 0.065 0.068 0.037 0.071 0.062 0.077 0.098 0.033 0.093 0.066 0.055 0.079 0.073 0.062;0.061 0.068 0.062 0.033 0.055 0.065 0.037 0.071 0.077 0.093 0.079 0.098 0.073 0.066 0.062;
0.05 0.07 0.076 0.075 0.081 0.079 0.046 0.067 0.039 0.068 0.057 0.054 0.068 0.115 0.055;0.05 0.07 0.079 0.046 0.067 0.076 0.075 0.081 0.039 0.068 0.057 0.054 0.115 0.068 0.055;0.05 0.079 0.076 0.039 0.054 0.07 0.046 0.067 0.075 0.068 0.115 0.081 0.068 0.057 0.055;
0.061 0.069 0.078 0.068 0.087 0.066 0.038 0.065 0.036 0.077 0.064 0.058 0.069 0.102 0.062;0.061 0.069 0.066 0.038 0.065 0.078 0.068 0.087 0.036 0.077 0.064 0.058 0.102 0.069 0.062;0.061 0.066 0.078 0.036 0.058 0.069 0.038 0.065 0.068 0.077 0.102 0.087 0.069 0.064 0.062;
0.059 0.077 0.064 0.087 0.104 0.063 0.039 0.065 0.038 0.063 0.066 0.07 0.062 0.09 0.053;0.059 0.077 0.063 0.039 0.065 0.064 0.087 0.104 0.038 0.063 0.066 0.07 0.09 0.062 0.053;0.059 0.063 0.064 0.038 0.07 0.077 0.039 0.065 0.087 0.063 0.09 0.104 0.062 0.066 0.053;
0.049 0.07 0.063 0.095 0.078 0.073 0.03 0.058 0.031 0.086 0.075 0.071 0.065 0.096 0.06;0.049 0.07 0.073 0.03 0.058 0.063 0.095 0.078 0.031 0.086 0.075 0.071 0.096 0.065 0.06;0.049 0.073 0.063 0.031 0.071 0.07 0.03 0.058 0.095 0.086 0.096 0.078 0.065 0.075 0.06;
0.05 0.053 0.065 0.069 0.102 0.071 0.033 0.06 0.04 0.076 0.072 0.065 0.074 0.107 0.063;0.05 0.053 0.071 0.033 0.06 0.065 0.069 0.102 0.04 0.076 0.072 0.065 0.107 0.074 0.063;0.05 0.071 0.065 0.04 0.065 0.053 0.033 0.06 0.069 0.076 0.107 0.102 0.074 0.072 0.063;
0.058 0.066 0.089 0.072 0.1 0.074 0.033 0.065 0.046 0.067 0.071 0.057 0.073 0.089 0.04;0.058 0.066 0.074 0.033 0.065 0.089 0.072 0.1 0.046 0.067 0.071 0.057 0.089 0.073 0.04;0.058 0.074 0.089 0.046 0.057 0.066 0.033 0.065 0.072 0.067 0.089 0.1 0.073 0.071 0.04;
0.059 0.051 0.065 0.073 0.092 0.063 0.037 0.076 0.041 0.065 0.071 0.074 0.075 0.107 0.051;0.059 0.051 0.063 0.037 0.076 0.065 0.073 0.092 0.041 0.065 0.071 0.074 0.107 0.075 0.051;0.059 0.063 0.065 0.041 0.074 0.051 0.037 0.076 0.073 0.065 0.107 0.092 0.075 0.071 0.051;
0.052 0.07 0.067 0.071 0.104 0.067 0.048 0.065 0.043 0.072 0.066 0.074 0.067 0.093 0.041;0.052 0.07 0.067 0.048 0.065 0.067 0.071 0.104 0.043 0.072 0.066 0.074 0.093 0.067 0.041;0.052 0.067 0.067 0.043 0.074 0.07 0.048 0.065 0.071 0.072 0.093 0.104 0.067 0.066 0.041;
0.066 0.07 0.058 0.086 0.093 0.061 0.034 0.055 0.042 0.069 0.072 0.072 0.068 0.098 0.056;0.066 0.07 0.061 0.034 0.055 0.058 0.086 0.093 0.042 0.069 0.072 0.072 0.098 0.068 0.056;0.066 0.061 0.058 0.042 0.072 0.07 0.034 0.055 0.086 0.069 0.098 0.093 0.068 0.072 0.056;
0.045 0.082 0.079 0.09 0.113 0.056 0.03 0.061 0.043 0.067 0.067 0.061 0.066 0.076 0.064;0.045 0.082 0.056 0.03 0.061 0.079 0.09 0.113 0.043 0.067 0.067 0.061 0.076 0.066 0.064;0.045 0.056 0.079 0.043 0.061 0.082 0.03 0.061 0.09 0.067 0.076 0.113 0.066 0.067 0.064;
0.057 0.062 0.076 0.09 0.101 0.054 0.035 0.056 0.051 0.07 0.071 0.063 0.063 0.096 0.055;0.057 0.062 0.054 0.035 0.056 0.076 0.09 0.101 0.051 0.07 0.071 0.063 0.096 0.063 0.055;0.057 0.054 0.076 0.051 0.063 0.062 0.035 0.056 0.09 0.07 0.096 0.101 0.063 0.071 0.055;
0.055 0.065 0.07 0.071 0.091 0.07 0.031 0.077 0.042 0.065 0.073 0.076 0.067 0.092 0.055;0.055 0.065 0.07 0.031 0.077 0.07 0.071 0.091 0.042 0.065 0.073 0.076 0.092 0.067 0.055;0.055 0.07 0.07 0.042 0.076 0.065 0.031 0.077 0.071 0.065 0.092 0.091 0.067 0.073 0.055;
0.05 0.063 0.081 0.068 0.091 0.072 0.041 0.062 0.044 0.058 0.062 0.074 0.066 0.109 0.059;0.05 0.063 0.072 0.041 0.062 0.081 0.068 0.091 0.044 0.058 0.062 0.074 0.109 0.066 0.059;0.05 0.072 0.081 0.044 0.074 0.063 0.041 0.062 0.068 0.058 0.109 0.091 0.066 0.062 0.059;
0.063 0.069 0.059 0.085 0.11 0.068 0.039 0.071 0.035 0.059 0.057 0.088 0.052 0.102 0.043;0.063 0.069 0.068 0.039 0.071 0.059 0.085 0.11 0.035 0.059 0.057 0.088 0.102 0.052 0.043;0.063 0.068 0.059 0.035 0.088 0.069 0.039 0.071 0.085 0.059 0.102 0.11 0.052 0.057 0.043;
0.056 0.073 0.08 0.066 0.107 0.071 0.039 0.074 0.041 0.051 0.063 0.066 0.07 0.092 0.051;0.056 0.073 0.071 0.039 0.074 0.08 0.066 0.107 0.041 0.051 0.063 0.066 0.092 0.07 0.051;0.056 0.071 0.08 0.041 0.066 0.073 0.039 0.074 0.066 0.051 0.092 0.107 0.07 0.063 0.051;
0.056 0.077 0.057 0.086 0.096 0.059 0.036 0.061 0.039 0.071 0.058 0.074 0.073 0.108 0.049;0.056 0.077 0.059 0.036 0.061 0.057 0.086 0.096 0.039 0.071 0.058 0.074 0.108 0.073 0.049;0.056 0.059 0.057 0.039 0.074 0.077 0.036 0.061 0.086 0.071 0.108 0.096 0.073 0.058 0.049;
0.055 0.069 0.07 0.079 0.091 0.07 0.029 0.07 0.034 0.068 0.062 0.067 0.076 0.099 0.061;0.055 0.069 0.07 0.029 0.07 0.07 0.079 0.091 0.034 0.068 0.062 0.067 0.099 0.076 0.061;0.055 0.07 0.07 0.034 0.067 0.069 0.029 0.07 0.079 0.068 0.099 0.091 0.076 0.062 0.061;
0.051 0.067 0.069 0.091 0.097 0.074 0.035 0.06 0.038 0.078 0.071 0.068 0.066 0.089 0.046;0.051 0.067 0.074 0.035 0.06 0.069 0.091 0.097 0.038 0.078 0.071 0.068 0.089 0.066 0.046;0.051 0.074 0.069 0.038 0.068 0.067 0.035 0.06 0.091 0.078 0.089 0.097 0.066 0.071 0.046;
0.062 0.072 0.072 0.078 0.092 0.06 0.039 0.062 0.044 0.071 0.078 0.052 0.069 0.096 0.053;0.062 0.072 0.06 0.039 0.062 0.072 0.078 0.092 0.044 0.071 0.078 0.052 0.096 0.069 0.053;0.062 0.06 0.072 0.044 0.052 0.072 0.039 0.062 0.078 0.071 0.096 0.092 0.069 0.078 0.053;
0.053 0.067 0.066 0.079 0.12 0.076 0.031 0.064 0.035 0.062 0.063 0.072 0.061 0.093 0.058;0.053 0.067 0.076 0.031 0.064 0.066 0.079 0.12 0.035 0.062 0.063 0.072 0.093 0.061 0.058;0.053 0.076 0.066 0.035 0.072 0.067 0.031 0.064 0.079 0.062 0.093 0.12 0.061 0.063 0.058;
0.057 0.069 0.073 0.092 0.087 0.071 0.029 0.065 0.036 0.074 0.059 0.069 0.06 0.104 0.055;0.057 0.069 0.071 0.029 0.065 0.073 0.092 0.087 0.036 0.074 0.059 0.069 0.104 0.06 0.055;0.057 0.071 0.073 0.036 0.069 0.069 0.029 0.065 0.092 0.074 0.104 0.087 0.06 0.059 0.055;
0.071 0.071 0.061 0.088 0.078 0.067 0.039 0.063 0.027 0.084 0.086 0.066 0.068 0.075 0.056;0.071 0.071 0.067 0.039 0.063 0.061 0.088 0.078 0.027 0.084 0.086 0.066 0.075 0.068 0.056;0.071 0.067 0.061 0.027 0.066 0.071 0.039 0.063 0.088 0.084 0.075 0.078 0.068 0.086 0.056;
0.065 0.071 0.071 0.091 0.084 0.075 0.03 0.067 0.028 0.073 0.071 0.073 0.064 0.082 0.055;0.065 0.071 0.075 0.03 0.067 0.071 0.091 0.084 0.028 0.073 0.071 0.073 0.082 0.064 0.055;0.065 0.075 0.071 0.028 0.073 0.071 0.03 0.067 0.091 0.073 0.082 0.084 0.064 0.071 0.055;
0.056 0.069 0.064 0.078 0.107 0.062 0.033 0.066 0.039 0.073 0.07 0.077 0.059 0.09 0.057;0.056 0.069 0.062 0.033 0.066 0.064 0.078 0.107 0.039 0.073 0.07 0.077 0.09 0.059 0.057;0.056 0.062 0.064 0.039 0.077 0.069 0.033 0.066 0.078 0.073 0.09 0.107 0.059 0.07 0.057;
0.069 0.069 0.069 0.077 0.1 0.071 0.041 0.059 0.036 0.064 0.075 0.063 0.068 0.084 0.055;0.069 0.069 0.071 0.041 0.059 0.069 0.077 0.1 0.036 0.064 0.075 0.063 0.084 0.068 0.055;0.069 0.071 0.069 0.036 0.063 0.069 0.041 0.059 0.077 0.064 0.084 0.1 0.068 0.075 0.055;
0.062 0.08 0.067 0.074 0.1 0.066 0.036 0.066 0.037 0.058 0.055 0.07 0.073 0.094 0.062;0.062 0.08 0.066 0.036 0.066 0.067 0.074 0.1 0.037 0.058 0.055 0.07 0.094 0.073 0.062;0.062 0.066 0.067 0.037 0.07 0.08 0.036 0.066 0.074 0.058 0.094 0.1 0.073 0.055 0.062;
0.061 0.056 0.08 0.08 0.097 0.069 0.037 0.062 0.036 0.076 0.055 0.065 0.066 0.1 0.06;0.061 0.056 0.069 0.037 0.062 0.08 0.08 0.097 0.036 0.076 0.055 0.065 0.1 0.066 0.06;0.061 0.069 0.08 0.036 0.065 0.056 0.037 0.062 0.08 0.076 0.1 0.097 0.066 0.055 0.06;
0.052 0.082 0.081 0.067 0.085 0.062 0.037 0.066 0.039 0.073 0.06 0.076 0.059 0.085 0.076;0.052 0.082 0.062 0.037 0.066 0.081 0.067 0.085 0.039 0.073 0.06 0.076 0.085 0.059 0.076;0.052 0.062 0.081 0.039 0.076 0.082 0.037 0.066 0.067 0.073 0.085 0.085 0.059 0.06 0.076;
0.05 0.057 0.087 0.082 0.101 0.066 0.038 0.057 0.023 0.068 0.062 0.067 0.078 0.096 0.068;0.05 0.057 0.066 0.038 0.057 0.087 0.082 0.101 0.023 0.068 0.062 0.067 0.096 0.078 0.068;0.05 0.066 0.087 0.023 0.067 0.057 0.038 0.057 0.082 0.068 0.096 0.101 0.078 0.062 0.068;
0.062 0.07 0.063 0.069 0.097 0.064 0.042 0.064 0.042 0.082 0.069 0.058 0.069 0.095 0.054;0.062 0.07 0.064 0.042 0.064 0.063 0.069 0.097 0.042 0.082 0.069 0.058 0.095 0.069 0.054;0.062 0.064 0.063 0.042 0.058 0.07 0.042 0.064 0.069 0.082 0.095 0.097 0.069 0.069 0.054;
0.06 0.073 0.059 0.092 0.08 0.075 0.043 0.054 0.039 0.061 0.074 0.058 0.074 0.1 0.058;0.06 0.073 0.075 0.043 0.054 0.059 0.092 0.08 0.039 0.061 0.074 0.058 0.1 0.074 0.058;0.06 0.075 0.059 0.039 0.058 0.073 0.043 0.054 0.092 0.061 0.1 0.08 0.074 0.074 0.058;
0.057 0.074 0.073 0.079 0.082 0.064 0.045 0.08 0.025 0.067 0.072 0.063 0.071 0.09 0.058;0.057 0.074 0.064 0.045 0.08 0.073 0.079 0.082 0.025 0.067 0.072 0.063 0.09 0.071 0.058;0.057 0.064 0.073 0.025 0.063 0.074 0.045 0.08 0.079 0.067 0.09 0.082 0.071 0.072 0.058;
0.064 0.076 0.068 0.098 0.096 0.063 0.033 0.071 0.026 0.064 0.063 0.064 0.061 0.082 0.071;0.064 0.076 0.063 0.033 0.071 0.068 0.098 0.096 0.026 0.064 0.063 0.064 0.082 0.061 0.071;0.064 0.063 0.068 0.026 0.064 0.076 0.033 0.071 0.098 0.064 0.082 0.096 0.061 0.063 0.071;
0.068 0.083 0.078 0.076 0.1 0.066 0.037 0.062 0.034 0.068 0.055 0.066 0.059 0.102 0.046;0.068 0.083 0.066 0.037 0.062 0.078 0.076 0.1 0.034 0.068 0.055 0.066 0.102 0.059 0.046;0.068 0.066 0.078 0.034 0.066 0.083 0.037 0.062 0.076 0.068 0.102 0.1 0.059 0.055 0.046;
0.059 0.064 0.064 0.086 0.087 0.069 0.035 0.062 0.035 0.077 0.082 0.058 0.064 0.099 0.059;0.059 0.064 0.069 0.035 0.062 0.064 0.086 0.087 0.035 0.077 0.082 0.058 0.099 0.064 0.059;0.059 0.069 0.064 0.035 0.058 0.064 0.035 0.062 0.086 0.077 0.099 0.087 0.064 0.082 0.059;
0.066 0.059 0.083 0.068 0.08 0.061 0.045 0.068 0.033 0.067 0.088 0.056 0.064 0.097 0.065;0.066 0.059 0.061 0.045 0.068 0.083 0.068 0.08 0.033 0.067 0.088 0.056 0.097 0.064 0.065;0.066 0.061 0.083 0.033 0.056 0.059 0.045 0.068 0.068 0.067 0.097 0.08 0.064 0.088 0.065;
0.052 0.073 0.068 0.085 0.094 0.052 0.041 0.074 0.041 0.071 0.071 0.071 0.055 0.089 0.063;0.052 0.073 0.052 0.041 0.074 0.068 0.085 0.094 0.041 0.071 0.071 0.071 0.089 0.055 0.063;0.052 0.052 0.068 0.041 0.071 0.073 0.041 0.074 0.085 0.071 0.089 0.094 0.055 0.071 0.063;
0.063 0.067 0.074 0.059 0.115 0.073 0.039 0.054 0.026 0.076 0.058 0.073 0.076 0.093 0.054;0.063 0.067 0.073 0.039 0.054 0.074 0.059 0.115 0.026 0.076 0.058 0.073 0.093 0.076 0.054;0.063 0.073 0.074 0.026 0.073 0.067 0.039 0.054 0.059 0.076 0.093 0.115 0.076 0.058 0.054;
0.071 0.071 0.071 0.068 0.088 0.065 0.035 0.065 0.045 0.069 0.072 0.063 0.059 0.107 0.051;0.071 0.071 0.065 0.035 0.065 0.071 0.068 0.088 0.045 0.069 0.072 0.063 0.107 0.059 0.051;0.071 0.065 0.071 0.045 0.063 0.071 0.035 0.065 0.068 0.069 0.107 0.088 0.059 0.072 0.051;
0.057 0.057 0.07 0.078 0.089 0.073 0.037 0.069 0.024 0.078 0.065 0.064 0.066 0.109 0.064;0.057 0.057 0.073 0.037 0.069 0.07 0.078 0.089 0.024 0.078 0.065 0.064 0.109 0.066 0.064;0.057 0.073 0.07 0.024 0.064 0.057 0.037 0.069 0.078 0.078 0.109 0.089 0.066 0.065 0.064;
0.067 0.064 0.071 0.083 0.093 0.064 0.033 0.06 0.048 0.067 0.07 0.067 0.071 0.094 0.048;0.067 0.064 0.064 0.033 0.06 0.071 0.083 0.093 0.048 0.067 0.07 0.067 0.094 0.071 0.048;0.067 0.064 0.071 0.048 0.067 0.064 0.033 0.06 0.083 0.067 0.094 0.093 0.071 0.07 0.048;
0.052 0.081 0.062 0.086 0.077 0.071 0.03 0.08 0.037 0.074 0.07 0.056 0.075 0.095 0.054;0.052 0.081 0.071 0.03 0.08 0.062 0.086 0.077 0.037 0.074 0.07 0.056 0.095 0.075 0.054;0.052 0.071 0.062 0.037 0.056 0.081 0.03 0.08 0.086 0.074 0.095 0.077 0.075 0.07 0.054;
0.052 0.088 0.07 0.077 0.076 0.051 0.041 0.061 0.04 0.071 0.075 0.079 0.067 0.098 0.054;0.052 0.088 0.051 0.041 0.061 0.07 0.077 0.076 0.04 0.071 0.075 0.079 0.098 0.067 0.054;0.052 0.051 0.07 0.04 0.079 0.088 0.041 0.061 0.077 0.071 0.098 0.076 0.067 0.075 0.054;
0.059 0.057 0.074 0.077 0.102 0.067 0.03 0.055 0.031 0.059 0.064 0.072 0.078 0.111 0.064;0.059 0.057 0.067 0.03 0.055 0.074 0.077 0.102 0.031 0.059 0.064 0.072 0.111 0.078 0.064;0.059 0.067 0.074 0.031 0.072 0.057 0.03 0.055 0.077 0.059 0.111 0.102 0.078 0.064 0.064;
0.053 0.061 0.08 0.083 0.112 0.08 0.034 0.063 0.033 0.067 0.069 0.066 0.062 0.078 0.059;0.053 0.061 0.08 0.034 0.063 0.08 0.083 0.112 0.033 0.067 0.069 0.066 0.078 0.062 0.059;0.053 0.08 0.08 0.033 0.066 0.061 0.034 0.063 0.083 0.067 0.078 0.112 0.062 0.069 0.059;
0.056 0.05 0.076 0.075 0.082 0.067 0.038 0.084 0.039 0.07 0.068 0.06 0.062 0.116 0.057;0.056 0.05 0.067 0.038 0.084 0.076 0.075 0.082 0.039 0.07 0.068 0.06 0.116 0.062 0.057;0.056 0.067 0.076 0.039 0.06 0.05 0.038 0.084 0.075 0.07 0.116 0.082 0.062 0.068 0.057;
0.054 0.067 0.078 0.071 0.092 0.067 0.039 0.061 0.036 0.079 0.063 0.067 0.058 0.104 0.064;0.054 0.067 0.067 0.039 0.061 0.078 0.071 0.092 0.036 0.079 0.063 0.067 0.104 0.058 0.064;0.054 0.067 0.078 0.036 0.067 0.067 0.039 0.061 0.071 0.079 0.104 0.092 0.058 0.063 0.064;
0.063 0.067 0.077 0.075 0.099 0.067 0.044 0.062 0.038 0.063 0.064 0.065 0.061 0.096 0.059;0.063 0.067 0.067 0.044 0.062 0.077 0.075 0.099 0.038 0.063 0.064 0.065 0.096 0.061 0.059;0.063 0.067 0.077 0.038 0.065 0.067 0.044 0.062 0.075 0.063 0.096 0.099 0.061 0.064 0.059;
0.069 0.063 0.069 0.09 0.094 0.065 0.029 0.069 0.033 0.068 0.071 0.07 0.064 0.096 0.05;0.069 0.063 0.065 0.029 0.069 0.069 0.09 0.094 0.033 0.068 0.071 0.07 0.096 0.064 0.05;0.069 0.065 0.069 0.033 0.07 0.063 0.029 0.069 0.09 0.068 0.096 0.094 0.064 0.071 0.05;
0.047 0.072 0.078 0.064 0.098 0.063 0.038 0.07 0.036 0.069 0.079 0.062 0.071 0.099 0.054;0.047 0.072 0.063 0.038 0.07 0.078 0.064 0.098 0.036 0.069 0.079 0.062 0.099 0.071 0.054;0.047 0.063 0.078 0.036 0.062 0.072 0.038 0.07 0.064 0.069 0.099 0.098 0.071 0.079 0.054;
0.048 0.066 0.082 0.084 0.09 0.069 0.036 0.057 0.039 0.055 0.075 0.068 0.075 0.105 0.051;0.048 0.066 0.069 0.036 0.057 0.082 0.084 0.09 0.039 0.055 0.075 0.068 0.105 0.075 0.051;0.048 0.069 0.082 0.039 0.068 0.066 0.036 0.057 0.084 0.055 0.105 0.09 0.075 0.075 0.051;
0.05 0.066 0.073 0.063 0.11 0.074 0.046 0.083 0.024 0.062 0.07 0.059 0.067 0.081 0.072;0.05 0.066 0.074 0.046 0.083 0.073 0.063 0.11 0.024 0.062 0.07 0.059 0.081 0.067 0.072;0.05 0.074 0.073 0.024 0.059 0.066 0.046 0.083 0.063 0.062 0.081 0.11 0.067 0.07 0.072;
0.062 0.078 0.082 0.073 0.108 0.074 0.037 0.069 0.034 0.058 0.05 0.076 0.044 0.091 0.064;0.062 0.078 0.074 0.037 0.069 0.082 0.073 0.108 0.034 0.058 0.05 0.076 0.091 0.044 0.064;0.062 0.074 0.082 0.034 0.076 0.078 0.037 0.069 0.073 0.058 0.091 0.108 0.044 0.05 0.064;
0.052 0.059 0.06 0.072 0.108 0.073 0.038 0.071 0.038 0.063 0.066 0.059 0.069 0.109 0.063;0.052 0.059 0.073 0.038 0.071 0.06 0.072 0.108 0.038 0.063 0.066 0.059 0.109 0.069 0.063;0.052 0.073 0.06 0.038 0.059 0.059 0.038 0.071 0.072 0.063 0.109 0.108 0.069 0.066 0.063;
0.049 0.073 0.059 0.086 0.092 0.084 0.031 0.056 0.041 0.078 0.066 0.073 0.062 0.09 0.06;0.049 0.073 0.084 0.031 0.056 0.059 0.086 0.092 0.041 0.078 0.066 0.073 0.09 0.062 0.06;0.049 0.084 0.059 0.041 0.073 0.073 0.031 0.056 0.086 0.078 0.09 0.092 0.062 0.066 0.06;
0.056 0.07 0.064 0.072 0.092 0.07 0.042 0.065 0.037 0.075 0.074 0.07 0.073 0.084 0.056;0.056 0.07 0.07 0.042 0.065 0.064 0.072 0.092 0.037 0.075 0.074 0.07 0.084 0.073 0.056;0.056 0.07 0.064 0.037 0.07 0.07 0.042 0.065 0.072 0.075 0.084 0.092 0.073 0.074 0.056;
0.061 0.066 0.064 0.071 0.102 0.067 0.029 0.06 0.036 0.087 0.065 0.077 0.057 0.104 0.054;0.061 0.066 0.067 0.029 0.06 0.064 0.071 0.102 0.036 0.087 0.065 0.077 0.104 0.057 0.054;0.061 0.067 0.064 0.036 0.077 0.066 0.029 0.06 0.071 0.087 0.104 0.102 0.057 0.065 0.054;
0.047 0.068 0.076 0.073 0.086 0.078 0.045 0.054 0.038 0.077 0.056 0.076 0.061 0.103 0.062;0.047 0.068 0.078 0.045 0.054 0.076 0.073 0.086 0.038 0.077 0.056 0.076 0.103 0.061 0.062;0.047 0.078 0.076 0.038 0.076 0.068 0.045 0.054 0.073 0.077 0.103 0.086 0.061 0.056 0.062;
0.057 0.08 0.068 0.071 0.116 0.059 0.043 0.063 0.036 0.063 0.061 0.06 0.062 0.109 0.052;0.057 0.08 0.059 0.043 0.063 0.068 0.071 0.116 0.036 0.063 0.061 0.06 0.109 0.062 0.052;0.057 0.059 0.068 0.036 0.06 0.08 0.043 0.063 0.071 0.063 0.109 0.116 0.062 0.061 0.052;
0.058 0.058 0.069 0.073 0.084 0.074 0.046 0.068 0.038 0.068 0.06 0.07 0.068 0.115 0.051;0.058 0.058 0.074 0.046 0.068 0.069 0.073 0.084 0.038 0.068 0.06 0.07 0.115 0.068 0.051;0.058 0.074 0.069 0.038 0.07 0.058 0.046 0.068 0.073 0.068 0.115 0.084 0.068 0.06 0.051;
0.072 0.058 0.06 0.09 0.108 0.072 0.044 0.065 0.041 0.062 0.055 0.063 0.07 0.087 0.053;0.072 0.058 0.072 0.044 0.065 0.06 0.09 0.108 0.041 0.062 0.055 0.063 0.087 0.07 0.053;0.072 0.072 0.06 0.041 0.063 0.058 0.044 0.065 0.09 0.062 0.087 0.108 0.07 0.055 0.053;
0.053 0.074 0.073 0.07 0.112 0.049 0.035 0.071 0.043 0.073 0.065 0.067 0.066 0.099 0.05;0.053 0.074 0.049 0.035 0.071 0.073 0.07 0.112 0.043 0.073 0.065 0.067 0.099 0.066 0.05;0.053 0.049 0.073 0.043 0.067 0.074 0.035 0.071 0.07 0.073 0.099 0.112 0.066 0.065 0.05;
0.052 0.059 0.071 0.086 0.102 0.068 0.045 0.065 0.034 0.061 0.08 0.064 0.074 0.084 0.055;0.052 0.059 0.068 0.045 0.065 0.071 0.086 0.102 0.034 0.061 0.08 0.064 0.084 0.074 0.055;0.052 0.068 0.071 0.034 0.064 0.059 0.045 0.065 0.086 0.061 0.084 0.102 0.074 0.08 0.055;
0.053 0.058 0.06 0.088 0.106 0.068 0.043 0.06 0.038 0.081 0.061 0.058 0.065 0.105 0.056;0.053 0.058 0.068 0.043 0.06 0.06 0.088 0.106 0.038 0.081 0.061 0.058 0.105 0.065 0.056;0.053 0.068 0.06 0.038 0.058 0.058 0.043 0.06 0.088 0.081 0.105 0.106 0.065 0.061 0.056;
0.059 0.08 0.071 0.068 0.072 0.086 0.04 0.063 0.047 0.07 0.068 0.058 0.058 0.104 0.056;0.059 0.08 0.086 0.04 0.063 0.071 0.068 0.072 0.047 0.07 0.068 0.058 0.104 0.058 0.056;0.059 0.086 0.071 0.047 0.058 0.08 0.04 0.063 0.068 0.07 0.104 0.072 0.058 0.068 0.056;
0.058 0.076 0.069 0.09 0.101 0.068 0.032 0.068 0.033 0.079 0.06 0.07 0.057 0.077 0.062;0.058 0.076 0.068 0.032 0.068 0.069 0.09 0.101 0.033 0.079 0.06 0.07 0.077 0.057 0.062;0.058 0.068 0.069 0.033 0.07 0.076 0.032 0.068 0.09 0.079 0.077 0.101 0.057 0.06 0.062;
0.058 0.065 0.081 0.064 0.096 0.053 0.049 0.064 0.028 0.07 0.072 0.067 0.075 0.095 0.063;0.058 0.065 0.053 0.049 0.064 0.081 0.064 0.096 0.028 0.07 0.072 0.067 0.095 0.075 0.063;0.058 0.053 0.081 0.028 0.067 0.065 0.049 0.064 0.064 0.07 0.095 0.096 0.075 0.072 0.063;
0.059 0.075 0.066 0.061 0.102 0.056 0.036 0.07 0.049 0.072 0.062 0.067 0.088 0.088 0.049;0.059 0.075 0.056 0.036 0.07 0.066 0.061 0.102 0.049 0.072 0.062 0.067 0.088 0.088 0.049;0.059 0.056 0.066 0.049 0.067 0.075 0.036 0.07 0.061 0.072 0.088 0.102 0.088 0.062 0.049;
0.041 0.072 0.073 0.063 0.09 0.064 0.032 0.068 0.045 0.082 0.074 0.059 0.068 0.119 0.05;0.041 0.072 0.064 0.032 0.068 0.073 0.063 0.09 0.045 0.082 0.074 0.059 0.119 0.068 0.05;0.041 0.064 0.073 0.045 0.059 0.072 0.032 0.068 0.063 0.082 0.119 0.09 0.068 0.074 0.05;
0.064 0.084 0.068 0.066 0.087 0.055 0.027 0.07 0.049 0.077 0.057 0.061 0.064 0.105 0.066;0.064 0.084 0.055 0.027 0.07 0.068 0.066 0.087 0.049 0.077 0.057 0.061 0.105 0.064 0.066;0.064 0.055 0.068 0.049 0.061 0.084 0.027 0.07 0.066 0.077 0.105 0.087 0.064 0.057 0.066;
0.06 0.062 0.069 0.076 0.098 0.073 0.027 0.082 0.043 0.073 0.057 0.056 0.063 0.095 0.066;0.06 0.062 0.073 0.027 0.082 0.069 0.076 0.098 0.043 0.073 0.057 0.056 0.095 0.063 0.066;0.06 0.073 0.069 0.043 0.056 0.062 0.027 0.082 0.076 0.073 0.095 0.098 0.063 0.057 0.066;
0.059 0.063 0.074 0.06 0.105 0.059 0.038 0.061 0.042 0.079 0.063 0.063 0.078 0.103 0.053;0.059 0.063 0.059 0.038 0.061 0.074 0.06 0.105 0.042 0.079 0.063 0.063 0.103 0.078 0.053;0.059 0.059 0.074 0.042 0.063 0.063 0.038 0.061 0.06 0.079 0.103 0.105 0.078 0.063 0.053;
0.039 0.075 0.073 0.067 0.101 0.072 0.045 0.07 0.039 0.065 0.058 0.066 0.059 0.116 0.055;0.039 0.075 0.072 0.045 0.07 0.073 0.067 0.101 0.039 0.065 0.058 0.066 0.116 0.059 0.055;0.039 0.072 0.073 0.039 0.066 0.075 0.045 0.07 0.067 0.065 0.116 0.101 0.059 0.058 0.055;
0.062 0.06 0.078 0.094 0.089 0.06 0.041 0.068 0.04 0.065 0.066 0.07 0.061 0.09 0.056;0.062 0.06 0.06 0.041 0.068 0.078 0.094 0.089 0.04 0.065 0.066 0.07 0.09 0.061 0.056;0.062 0.06 0.078 0.04 0.07 0.06 0.041 0.068 0.094 0.065 0.09 0.089 0.061 0.066 0.056;
0.05 0.073 0.079 0.083 0.112 0.068 0.026 0.064 0.036 0.076 0.07 0.062 0.056 0.078 0.067;0.05 0.073 0.068 0.026 0.064 0.079 0.083 0.112 0.036 0.076 0.07 0.062 0.078 0.056 0.067;0.05 0.068 0.079 0.036 0.062 0.073 0.026 0.064 0.083 0.076 0.078 0.112 0.056 0.07 0.067];