pntP=[0.046 0.052 0.066 0.066 0.09 0.058 0.041 0.076 0.047 0.059 0.075 0.078 0.065 0.101 0.08;0.046 0.052 0.058 0.041 0.076 0.066 0.066 0.09 0.047 0.059 0.075 0.078 0.101 0.065 0.08;0.046 0.058 0.066 0.047 0.078 0.052 0.041 0.076 0.066 0.059 0.101 0.09 0.065 0.075 0.08;
0.054 0.057 0.07 0.075 0.084 0.07 0.037 0.072 0.035 0.068 0.072 0.063 0.074 0.107 0.062;0.054 0.057 0.07 0.037 0.072 0.07 0.075 0.084 0.035 0.068 0.072 0.063 0.107 0.074 0.062;0.054 0.07 0.07 0.035 0.063 0.057 0.037 0.072 0.075 0.068 0.107 0.084 0.074 0.072 0.062;
0.038 0.059 0.07 0.058 0.093 0.063 0.034 0.078 0.034 0.067 0.104 0.067 0.069 0.097 0.069;0.038 0.059 0.063 0.034 0.078 0.07 0.058 0.093 0.034 0.067 0.104 0.067 0.097 0.069 0.069;0.038 0.063 0.07 0.034 0.067 0.059 0.034 0.078 0.058 0.067 0.097 0.093 0.069 0.104 0.069;
0.039 0.063 0.056 0.069 0.11 0.066 0.039 0.072 0.043 0.066 0.085 0.066 0.074 0.088 0.064;0.039 0.063 0.066 0.039 0.072 0.056 0.069 0.11 0.043 0.066 0.085 0.066 0.088 0.074 0.064;0.039 0.066 0.056 0.043 0.066 0.063 0.039 0.072 0.069 0.066 0.088 0.11 0.074 0.085 0.064;
0.043 0.063 0.081 0.059 0.098 0.052 0.038 0.069 0.033 0.056 0.063 0.078 0.089 0.099 0.079;0.043 0.063 0.052 0.038 0.069 0.081 0.059 0.098 0.033 0.056 0.063 0.078 0.099 0.089 0.079;0.043 0.052 0.081 0.033 0.078 0.063 0.038 0.069 0.059 0.056 0.099 0.098 0.089 0.063 0.079;
0.035 0.067 0.077 0.071 0.085 0.049 0.037 0.076 0.045 0.078 0.067 0.071 0.083 0.092 0.067;0.035 0.067 0.049 0.037 0.076 0.077 0.071 0.085 0.045 0.078 0.067 0.071 0.092 0.083 0.067;0.035 0.049 0.077 0.045 0.071 0.067 0.037 0.076 0.071 0.078 0.092 0.085 0.083 0.067 0.067;
0.053 0.052 0.074 0.063 0.101 0.068 0.028 0.068 0.044 0.07 0.071 0.083 0.065 0.094 0.066;0.053 0.052 0.068 0.028 0.068 0.074 0.063 0.101 0.044 0.07 0.071 0.083 0.094 0.065 0.066;0.053 0.068 0.074 0.044 0.083 0.052 0.028 0.068 0.063 0.07 0.094 0.101 0.065 0.071 0.066;
0.038 0.056 0.068 0.065 0.096 0.06 0.055 0.071 0.027 0.079 0.062 0.08 0.074 0.101 0.068;0.038 0.056 0.06 0.055 0.071 0.068 0.065 0.096 0.027 0.079 0.062 0.08 0.101 0.074 0.068;0.038 0.06 0.068 0.027 0.08 0.056 0.055 0.071 0.065 0.079 0.101 0.096 0.074 0.062 0.068;
0.038 0.072 0.068 0.075 0.106 0.059 0.033 0.065 0.038 0.078 0.061 0.075 0.08 0.086 0.066;0.038 0.072 0.059 0.033 0.065 0.068 0.075 0.106 0.038 0.078 0.061 0.075 0.086 0.08 0.066;0.038 0.059 0.068 0.038 0.075 0.072 0.033 0.065 0.075 0.078 0.086 0.106 0.08 0.061 0.066;
0.041 0.05 0.065 0.069 0.1 0.056 0.039 0.067 0.037 0.077 0.08 0.077 0.074 0.092 0.076;0.041 0.05 0.056 0.039 0.067 0.065 0.069 0.1 0.037 0.077 0.08 0.077 0.092 0.074 0.076;0.041 0.056 0.065 0.037 0.077 0.05 0.039 0.067 0.069 0.077 0.092 0.1 0.074 0.08 0.076;
0.041 0.051 0.074 0.059 0.107 0.061 0.024 0.075 0.045 0.079 0.096 0.074 0.063 0.089 0.062;0.041 0.051 0.061 0.024 0.075 0.074 0.059 0.107 0.045 0.079 0.096 0.074 0.089 0.063 0.062;0.041 0.061 0.074 0.045 0.074 0.051 0.024 0.075 0.059 0.079 0.089 0.107 0.063 0.096 0.062;
0.035 0.061 0.06 0.064 0.09 0.066 0.034 0.076 0.042 0.063 0.08 0.086 0.088 0.086 0.069;0.035 0.061 0.066 0.034 0.076 0.06 0.064 0.09 0.042 0.063 0.08 0.086 0.086 0.088 0.069;0.035 0.066 0.06 0.042 0.086 0.061 0.034 0.076 0.064 0.063 0.086 0.09 0.088 0.08 0.069;
0.041 0.059 0.075 0.072 0.093 0.063 0.042 0.078 0.03 0.058 0.071 0.098 0.07 0.086 0.064;0.041 0.059 0.063 0.042 0.078 0.075 0.072 0.093 0.03 0.058 0.071 0.098 0.086 0.07 0.064;0.041 0.063 0.075 0.03 0.098 0.059 0.042 0.078 0.072 0.058 0.086 0.093 0.07 0.071 0.064;
0.042 0.053 0.066 0.078 0.098 0.072 0.041 0.079 0.03 0.059 0.058 0.062 0.093 0.106 0.063;0.042 0.053 0.072 0.041 0.079 0.066 0.078 0.098 0.03 0.059 0.058 0.062 0.106 0.093 0.063;0.042 0.072 0.066 0.03 0.062 0.053 0.041 0.079 0.078 0.059 0.106 0.098 0.093 0.058 0.063;
0.045 0.052 0.06 0.078 0.097 0.059 0.041 0.074 0.047 0.06 0.09 0.072 0.069 0.089 0.067;0.045 0.052 0.059 0.041 0.074 0.06 0.078 0.097 0.047 0.06 0.09 0.072 0.089 0.069 0.067;0.045 0.059 0.06 0.047 0.072 0.052 0.041 0.074 0.078 0.06 0.089 0.097 0.069 0.09 0.067;
0.045 0.05 0.06 0.073 0.079 0.044 0.05 0.071 0.04 0.081 0.08 0.086 0.079 0.095 0.067;0.045 0.05 0.044 0.05 0.071 0.06 0.073 0.079 0.04 0.081 0.08 0.086 0.095 0.079 0.067;0.045 0.044 0.06 0.04 0.086 0.05 0.05 0.071 0.073 0.081 0.095 0.079 0.079 0.08 0.067;
0.039 0.077 0.068 0.066 0.105 0.048 0.041 0.075 0.038 0.068 0.058 0.066 0.062 0.107 0.082;0.039 0.077 0.048 0.041 0.075 0.068 0.066 0.105 0.038 0.068 0.058 0.066 0.107 0.062 0.082;0.039 0.048 0.068 0.038 0.066 0.077 0.041 0.075 0.066 0.068 0.107 0.105 0.062 0.058 0.082;
0.05 0.044 0.074 0.068 0.099 0.056 0.052 0.067 0.04 0.055 0.088 0.075 0.075 0.089 0.068;0.05 0.044 0.056 0.052 0.067 0.074 0.068 0.099 0.04 0.055 0.088 0.075 0.089 0.075 0.068;0.05 0.056 0.074 0.04 0.075 0.044 0.052 0.067 0.068 0.055 0.089 0.099 0.075 0.088 0.068;
0.049 0.063 0.082 0.067 0.105 0.064 0.052 0.064 0.048 0.059 0.074 0.075 0.062 0.08 0.056;0.049 0.063 0.064 0.052 0.064 0.082 0.067 0.105 0.048 0.059 0.074 0.075 0.08 0.062 0.056;0.049 0.064 0.082 0.048 0.075 0.063 0.052 0.064 0.067 0.059 0.08 0.105 0.062 0.074 0.056;
0.045 0.059 0.074 0.071 0.102 0.061 0.046 0.071 0.032 0.064 0.057 0.066 0.087 0.092 0.073;0.045 0.059 0.061 0.046 0.071 0.074 0.071 0.102 0.032 0.064 0.057 0.066 0.092 0.087 0.073;0.045 0.061 0.074 0.032 0.066 0.059 0.046 0.071 0.071 0.064 0.092 0.102 0.087 0.057 0.073;
0.052 0.06 0.069 0.065 0.087 0.062 0.042 0.06 0.038 0.076 0.062 0.084 0.087 0.09 0.066;0.052 0.06 0.062 0.042 0.06 0.069 0.065 0.087 0.038 0.076 0.062 0.084 0.09 0.087 0.066;0.052 0.062 0.069 0.038 0.084 0.06 0.042 0.06 0.065 0.076 0.09 0.087 0.087 0.062 0.066;
0.049 0.044 0.067 0.075 0.101 0.066 0.036 0.064 0.04 0.069 0.07 0.075 0.075 0.107 0.062;0.049 0.044 0.066 0.036 0.064 0.067 0.075 0.101 0.04 0.069 0.07 0.075 0.107 0.075 0.062;0.049 0.066 0.067 0.04 0.075 0.044 0.036 0.064 0.075 0.069 0.107 0.101 0.075 0.07 0.062;
0.042 0.055 0.083 0.06 0.102 0.055 0.04 0.078 0.036 0.06 0.072 0.091 0.072 0.091 0.063;0.042 0.055 0.055 0.04 0.078 0.083 0.06 0.102 0.036 0.06 0.072 0.091 0.091 0.072 0.063;0.042 0.055 0.083 0.036 0.091 0.055 0.04 0.078 0.06 0.06 0.091 0.102 0.072 0.072 0.063;
0.046 0.055 0.069 0.066 0.098 0.066 0.039 0.065 0.044 0.074 0.074 0.065 0.076 0.097 0.066;0.046 0.055 0.066 0.039 0.065 0.069 0.066 0.098 0.044 0.074 0.074 0.065 0.097 0.076 0.066;0.046 0.066 0.069 0.044 0.065 0.055 0.039 0.065 0.066 0.074 0.097 0.098 0.076 0.074 0.066;
0.041 0.07 0.062 0.063 0.095 0.047 0.043 0.062 0.039 0.09 0.081 0.067 0.073 0.102 0.065;0.041 0.07 0.047 0.043 0.062 0.062 0.063 0.095 0.039 0.09 0.081 0.067 0.102 0.073 0.065;0.041 0.047 0.062 0.039 0.067 0.07 0.043 0.062 0.063 0.09 0.102 0.095 0.073 0.081 0.065;
0.051 0.058 0.061 0.072 0.087 0.066 0.042 0.069 0.032 0.052 0.084 0.078 0.068 0.115 0.065;0.051 0.058 0.066 0.042 0.069 0.061 0.072 0.087 0.032 0.052 0.084 0.078 0.115 0.068 0.065;0.051 0.066 0.061 0.032 0.078 0.058 0.042 0.069 0.072 0.052 0.115 0.087 0.068 0.084 0.065;
0.045 0.047 0.065 0.086 0.091 0.062 0.047 0.072 0.04 0.061 0.084 0.063 0.069 0.102 0.066;0.045 0.047 0.062 0.047 0.072 0.065 0.086 0.091 0.04 0.061 0.084 0.063 0.102 0.069 0.066;0.045 0.062 0.065 0.04 0.063 0.047 0.047 0.072 0.086 0.061 0.102 0.091 0.069 0.084 0.066;
0.043 0.052 0.074 0.06 0.107 0.051 0.041 0.07 0.036 0.073 0.081 0.085 0.073 0.09 0.064;0.043 0.052 0.051 0.041 0.07 0.074 0.06 0.107 0.036 0.073 0.081 0.085 0.09 0.073 0.064;0.043 0.051 0.074 0.036 0.085 0.052 0.041 0.07 0.06 0.073 0.09 0.107 0.073 0.081 0.064;
0.04 0.05 0.068 0.063 0.098 0.068 0.038 0.089 0.05 0.068 0.076 0.07 0.066 0.085 0.071;0.04 0.05 0.068 0.038 0.089 0.068 0.063 0.098 0.05 0.068 0.076 0.07 0.085 0.066 0.071;0.04 0.068 0.068 0.05 0.07 0.05 0.038 0.089 0.063 0.068 0.085 0.098 0.066 0.076 0.071;
0.033 0.068 0.067 0.051 0.092 0.056 0.036 0.058 0.05 0.077 0.079 0.075 0.089 0.088 0.081;0.033 0.068 0.056 0.036 0.058 0.067 0.051 0.092 0.05 0.077 0.079 0.075 0.088 0.089 0.081;0.033 0.056 0.067 0.05 0.075 0.068 0.036 0.058 0.051 0.077 0.088 0.092 0.089 0.079 0.081;
0.062 0.057 0.075 0.061 0.104 0.055 0.041 0.065 0.044 0.055 0.066 0.068 0.08 0.111 0.056;0.062 0.057 0.055 0.041 0.065 0.075 0.061 0.104 0.044 0.055 0.066 0.068 0.111 0.08 0.056;0.062 0.055 0.075 0.044 0.068 0.057 0.041 0.065 0.061 0.055 0.111 0.104 0.08 0.066 0.056;
0.046 0.06 0.059 0.077 0.082 0.065 0.044 0.072 0.044 0.062 0.055 0.082 0.098 0.089 0.065;0.046 0.06 0.065 0.044 0.072 0.059 0.077 0.082 0.044 0.062 0.055 0.082 0.089 0.098 0.065;0.046 0.065 0.059 0.044 0.082 0.06 0.044 0.072 0.077 0.062 0.089 0.082 0.098 0.055 0.065;
0.031 0.062 0.068 0.061 0.092 0.068 0.067 0.065 0.036 0.062 0.062 0.072 0.067 0.094 0.093;0.031 0.062 0.068 0.067 0.065 0.068 0.061 0.092 0.036 0.062 0.062 0.072 0.094 0.067 0.093;0.031 0.068 0.068 0.036 0.072 0.062 0.067 0.065 0.061 0.062 0.094 0.092 0.067 0.062 0.093;
0.053 0.065 0.065 0.061 0.102 0.058 0.034 0.071 0.026 0.069 0.072 0.064 0.09 0.098 0.072;0.053 0.065 0.058 0.034 0.071 0.065 0.061 0.102 0.026 0.069 0.072 0.064 0.098 0.09 0.072;0.053 0.058 0.065 0.026 0.064 0.065 0.034 0.071 0.061 0.069 0.098 0.102 0.09 0.072 0.072;
0.051 0.053 0.069 0.06 0.105 0.048 0.036 0.069 0.04 0.064 0.071 0.081 0.094 0.098 0.061;0.051 0.053 0.048 0.036 0.069 0.069 0.06 0.105 0.04 0.064 0.071 0.081 0.098 0.094 0.061;0.051 0.048 0.069 0.04 0.081 0.053 0.036 0.069 0.06 0.064 0.098 0.105 0.094 0.071 0.061;
0.054 0.072 0.052 0.07 0.103 0.061 0.046 0.079 0.039 0.061 0.077 0.067 0.064 0.09 0.065;0.054 0.072 0.061 0.046 0.079 0.052 0.07 0.103 0.039 0.061 0.077 0.067 0.09 0.064 0.065;0.054 0.061 0.052 0.039 0.067 0.072 0.046 0.079 0.07 0.061 0.09 0.103 0.064 0.077 0.065;
0.048 0.06 0.071 0.063 0.096 0.049 0.046 0.072 0.046 0.084 0.063 0.069 0.078 0.088 0.067;0.048 0.06 0.049 0.046 0.072 0.071 0.063 0.096 0.046 0.084 0.063 0.069 0.088 0.078 0.067;0.048 0.049 0.071 0.046 0.069 0.06 0.046 0.072 0.063 0.084 0.088 0.096 0.078 0.063 0.067;
0.034 0.058 0.058 0.078 0.086 0.05 0.039 0.077 0.041 0.073 0.078 0.075 0.094 0.095 0.064;0.034 0.058 0.05 0.039 0.077 0.058 0.078 0.086 0.041 0.073 0.078 0.075 0.095 0.094 0.064;0.034 0.05 0.058 0.041 0.075 0.058 0.039 0.077 0.078 0.073 0.095 0.086 0.094 0.078 0.064;
0.049 0.064 0.077 0.06 0.093 0.056 0.031 0.066 0.051 0.052 0.073 0.078 0.084 0.111 0.055;0.049 0.064 0.056 0.031 0.066 0.077 0.06 0.093 0.051 0.052 0.073 0.078 0.111 0.084 0.055;0.049 0.056 0.077 0.051 0.078 0.064 0.031 0.066 0.06 0.052 0.111 0.093 0.084 0.073 0.055;
0.058 0.066 0.066 0.064 0.085 0.044 0.034 0.076 0.047 0.078 0.07 0.068 0.076 0.097 0.071;0.058 0.066 0.044 0.034 0.076 0.066 0.064 0.085 0.047 0.078 0.07 0.068 0.097 0.076 0.071;0.058 0.044 0.066 0.047 0.068 0.066 0.034 0.076 0.064 0.078 0.097 0.085 0.076 0.07 0.071;
0.035 0.061 0.07 0.079 0.091 0.069 0.036 0.078 0.052 0.06 0.067 0.065 0.065 0.104 0.068;0.035 0.061 0.069 0.036 0.078 0.07 0.079 0.091 0.052 0.06 0.067 0.065 0.104 0.065 0.068;0.035 0.069 0.07 0.052 0.065 0.061 0.036 0.078 0.079 0.06 0.104 0.091 0.065 0.067 0.068;
0.05 0.067 0.066 0.07 0.087 0.063 0.043 0.07 0.047 0.057 0.082 0.069 0.08 0.078 0.071;0.05 0.067 0.063 0.043 0.07 0.066 0.07 0.087 0.047 0.057 0.082 0.069 0.078 0.08 0.071;0.05 0.063 0.066 0.047 0.069 0.067 0.043 0.07 0.07 0.057 0.078 0.087 0.08 0.082 0.071;
0.041 0.072 0.084 0.063 0.098 0.055 0.026 0.064 0.036 0.063 0.075 0.077 0.073 0.106 0.067;0.041 0.072 0.055 0.026 0.064 0.084 0.063 0.098 0.036 0.063 0.075 0.077 0.106 0.073 0.067;0.041 0.055 0.084 0.036 0.077 0.072 0.026 0.064 0.063 0.063 0.106 0.098 0.073 0.075 0.067;
0.037 0.064 0.069 0.064 0.096 0.071 0.036 0.069 0.035 0.076 0.089 0.069 0.069 0.086 0.07;0.037 0.064 0.071 0.036 0.069 0.069 0.064 0.096 0.035 0.076 0.089 0.069 0.086 0.069 0.07;0.037 0.071 0.069 0.035 0.069 0.064 0.036 0.069 0.064 0.076 0.086 0.096 0.069 0.089 0.07;
0.035 0.066 0.057 0.065 0.092 0.058 0.054 0.064 0.042 0.068 0.069 0.072 0.099 0.095 0.064;0.035 0.066 0.058 0.054 0.064 0.057 0.065 0.092 0.042 0.068 0.069 0.072 0.095 0.099 0.064;0.035 0.058 0.057 0.042 0.072 0.066 0.054 0.064 0.065 0.068 0.095 0.092 0.099 0.069 0.064;
0.042 0.058 0.061 0.077 0.092 0.057 0.031 0.072 0.037 0.061 0.077 0.084 0.085 0.107 0.059;0.042 0.058 0.057 0.031 0.072 0.061 0.077 0.092 0.037 0.061 0.077 0.084 0.107 0.085 0.059;0.042 0.057 0.061 0.037 0.084 0.058 0.031 0.072 0.077 0.061 0.107 0.092 0.085 0.077 0.059;
0.057 0.055 0.065 0.089 0.099 0.062 0.042 0.069 0.036 0.061 0.059 0.072 0.079 0.099 0.056;0.057 0.055 0.062 0.042 0.069 0.065 0.089 0.099 0.036 0.061 0.059 0.072 0.099 0.079 0.056;0.057 0.062 0.065 0.036 0.072 0.055 0.042 0.069 0.089 0.061 0.099 0.099 0.079 0.059 0.056;
0.054 0.074 0.068 0.069 0.074 0.056 0.03 0.074 0.039 0.062 0.072 0.068 0.09 0.097 0.073;0.054 0.074 0.056 0.03 0.074 0.068 0.069 0.074 0.039 0.062 0.072 0.068 0.097 0.09 0.073;0.054 0.056 0.068 0.039 0.068 0.074 0.03 0.074 0.069 0.062 0.097 0.074 0.09 0.072 0.073;
0.032 0.064 0.05 0.085 0.088 0.063 0.038 0.082 0.039 0.082 0.074 0.066 0.074 0.103 0.06;0.032 0.064 0.063 0.038 0.082 0.05 0.085 0.088 0.039 0.082 0.074 0.066 0.103 0.074 0.06;0.032 0.063 0.05 0.039 0.066 0.064 0.038 0.082 0.085 0.082 0.103 0.088 0.074 0.074 0.06;
0.054 0.05 0.066 0.078 0.103 0.057 0.039 0.067 0.044 0.061 0.08 0.085 0.065 0.085 0.066;0.054 0.05 0.057 0.039 0.067 0.066 0.078 0.103 0.044 0.061 0.08 0.085 0.085 0.065 0.066;0.054 0.057 0.066 0.044 0.085 0.05 0.039 0.067 0.078 0.061 0.085 0.103 0.065 0.08 0.066;
0.049 0.059 0.071 0.075 0.089 0.05 0.041 0.06 0.044 0.08 0.072 0.073 0.084 0.074 0.079;0.049 0.059 0.05 0.041 0.06 0.071 0.075 0.089 0.044 0.08 0.072 0.073 0.074 0.084 0.079;0.049 0.05 0.071 0.044 0.073 0.059 0.041 0.06 0.075 0.08 0.074 0.089 0.084 0.072 0.079;
0.047 0.061 0.068 0.059 0.088 0.055 0.04 0.076 0.048 0.067 0.083 0.057 0.081 0.107 0.063;0.047 0.061 0.055 0.04 0.076 0.068 0.059 0.088 0.048 0.067 0.083 0.057 0.107 0.081 0.063;0.047 0.055 0.068 0.048 0.057 0.061 0.04 0.076 0.059 0.067 0.107 0.088 0.081 0.083 0.063;
0.043 0.065 0.066 0.081 0.104 0.056 0.037 0.068 0.038 0.071 0.08 0.064 0.076 0.105 0.046;0.043 0.065 0.056 0.037 0.068 0.066 0.081 0.104 0.038 0.071 0.08 0.064 0.105 0.076 0.046;0.043 0.056 0.066 0.038 0.064 0.065 0.037 0.068 0.081 0.071 0.105 0.104 0.076 0.08 0.046;
0.037 0.051 0.069 0.065 0.101 0.054 0.04 0.077 0.048 0.072 0.061 0.088 0.077 0.096 0.064;0.037 0.051 0.054 0.04 0.077 0.069 0.065 0.101 0.048 0.072 0.061 0.088 0.096 0.077 0.064;0.037 0.054 0.069 0.048 0.088 0.051 0.04 0.077 0.065 0.072 0.096 0.101 0.077 0.061 0.064;
0.034 0.057 0.07 0.074 0.113 0.056 0.034 0.068 0.041 0.057 0.076 0.081 0.071 0.092 0.076;0.034 0.057 0.056 0.034 0.068 0.07 0.074 0.113 0.041 0.057 0.076 0.081 0.092 0.071 0.076;0.034 0.056 0.07 0.041 0.081 0.057 0.034 0.068 0.074 0.057 0.092 0.113 0.071 0.076 0.076;
0.031 0.058 0.062 0.081 0.101 0.061 0.047 0.065 0.052 0.055 0.072 0.077 0.075 0.091 0.072;0.031 0.058 0.061 0.047 0.065 0.062 0.081 0.101 0.052 0.055 0.072 0.077 0.091 0.075 0.072;0.031 0.061 0.062 0.052 0.077 0.058 0.047 0.065 0.081 0.055 0.091 0.101 0.075 0.072 0.072;
0.047 0.052 0.069 0.077 0.095 0.062 0.035 0.068 0.04 0.068 0.074 0.083 0.072 0.093 0.065;0.047 0.052 0.062 0.035 0.068 0.069 0.077 0.095 0.04 0.068 0.074 0.083 0.093 0.072 0.065;0.047 0.062 0.069 0.04 0.083 0.052 0.035 0.068 0.077 0.068 0.093 0.095 0.072 0.074 0.065;
0.041 0.058 0.061 0.069 0.108 0.06 0.043 0.069 0.037 0.061 0.081 0.053 0.083 0.097 0.079;0.041 0.058 0.06 0.043 0.069 0.061 0.069 0.108 0.037 0.061 0.081 0.053 0.097 0.083 0.079;0.041 0.06 0.061 0.037 0.053 0.058 0.043 0.069 0.069 0.061 0.097 0.108 0.083 0.081 0.079;
0.041 0.053 0.068 0.058 0.107 0.057 0.041 0.07 0.041 0.06 0.086 0.069 0.072 0.108 0.069;0.041 0.053 0.057 0.041 0.07 0.068 0.058 0.107 0.041 0.06 0.086 0.069 0.108 0.072 0.069;0.041 0.057 0.068 0.041 0.069 0.053 0.041 0.07 0.058 0.06 0.108 0.107 0.072 0.086 0.069;
0.047 0.06 0.058 0.077 0.085 0.068 0.037 0.081 0.043 0.063 0.074 0.064 0.073 0.094 0.076;0.047 0.06 0.068 0.037 0.081 0.058 0.077 0.085 0.043 0.063 0.074 0.064 0.094 0.073 0.076;0.047 0.068 0.058 0.043 0.064 0.06 0.037 0.081 0.077 0.063 0.094 0.085 0.073 0.074 0.076;
0.037 0.051 0.065 0.056 0.095 0.059 0.033 0.074 0.031 0.067 0.083 0.087 0.079 0.107 0.076;0.037 0.051 0.059 0.033 0.074 0.065 0.056 0.095 0.031 0.067 0.083 0.087 0.107 0.079 0.076;0.037 0.059 0.065 0.031 0.087 0.051 0.033 0.074 0.056 0.067 0.107 0.095 0.079 0.083 0.076;
0.044 0.05 0.069 0.076 0.088 0.054 0.035 0.084 0.047 0.066 0.085 0.068 0.081 0.084 0.069;0.044 0.05 0.054 0.035 0.084 0.069 0.076 0.088 0.047 0.066 0.085 0.068 0.084 0.081 0.069;0.044 0.054 0.069 0.047 0.068 0.05 0.035 0.084 0.076 0.066 0.084 0.088 0.081 0.085 0.069;
0.032 0.057 0.085 0.089 0.098 0.057 0.045 0.058 0.037 0.076 0.073 0.064 0.067 0.093 0.069;0.032 0.057 0.057 0.045 0.058 0.085 0.089 0.098 0.037 0.076 0.073 0.064 0.093 0.067 0.069;0.032 0.057 0.085 0.037 0.064 0.057 0.045 0.058 0.089 0.076 0.093 0.098 0.067 0.073 0.069;
0.048 0.077 0.059 0.076 0.084 0.077 0.035 0.062 0.04 0.067 0.083 0.063 0.081 0.099 0.049;0.048 0.077 0.077 0.035 0.062 0.059 0.076 0.084 0.04 0.067 0.083 0.063 0.099 0.081 0.049;0.048 0.077 0.059 0.04 0.063 0.077 0.035 0.062 0.076 0.067 0.099 0.084 0.081 0.083 0.049;
0.044 0.047 0.063 0.081 0.104 0.058 0.045 0.064 0.04 0.064 0.068 0.065 0.084 0.098 0.075;0.044 0.047 0.058 0.045 0.064 0.063 0.081 0.104 0.04 0.064 0.068 0.065 0.098 0.084 0.075;0.044 0.058 0.063 0.04 0.065 0.047 0.045 0.064 0.081 0.064 0.098 0.104 0.084 0.068 0.075;
0.046 0.061 0.045 0.074 0.09 0.064 0.039 0.07 0.03 0.069 0.068 0.071 0.077 0.114 0.082;0.046 0.061 0.064 0.039 0.07 0.045 0.074 0.09 0.03 0.069 0.068 0.071 0.114 0.077 0.082;0.046 0.064 0.045 0.03 0.071 0.061 0.039 0.07 0.074 0.069 0.114 0.09 0.077 0.068 0.082;
0.036 0.06 0.057 0.072 0.085 0.058 0.041 0.069 0.038 0.073 0.08 0.073 0.093 0.102 0.063;0.036 0.06 0.058 0.041 0.069 0.057 0.072 0.085 0.038 0.073 0.08 0.073 0.102 0.093 0.063;0.036 0.058 0.057 0.038 0.073 0.06 0.041 0.069 0.072 0.073 0.102 0.085 0.093 0.08 0.063;
0.05 0.069 0.06 0.07 0.088 0.061 0.039 0.076 0.037 0.067 0.072 0.071 0.081 0.084 0.075;0.05 0.069 0.061 0.039 0.076 0.06 0.07 0.088 0.037 0.067 0.072 0.071 0.084 0.081 0.075;0.05 0.061 0.06 0.037 0.071 0.069 0.039 0.076 0.07 0.067 0.084 0.088 0.081 0.072 0.075;
0.046 0.056 0.055 0.082 0.11 0.077 0.045 0.065 0.038 0.057 0.066 0.066 0.075 0.082 0.08;0.046 0.056 0.077 0.045 0.065 0.055 0.082 0.11 0.038 0.057 0.066 0.066 0.082 0.075 0.08;0.046 0.077 0.055 0.038 0.066 0.056 0.045 0.065 0.082 0.057 0.082 0.11 0.075 0.066 0.08;
0.043 0.069 0.071 0.064 0.104 0.059 0.03 0.079 0.042 0.058 0.076 0.084 0.07 0.097 0.054;0.043 0.069 0.059 0.03 0.079 0.071 0.064 0.104 0.042 0.058 0.076 0.084 0.097 0.07 0.054;0.043 0.059 0.071 0.042 0.084 0.069 0.03 0.079 0.064 0.058 0.097 0.104 0.07 0.076 0.054;
0.06 0.061 0.067 0.068 0.092 0.058 0.027 0.076 0.037 0.061 0.069 0.081 0.072 0.115 0.056;0.06 0.061 0.058 0.027 0.076 0.067 0.068 0.092 0.037 0.061 0.069 0.081 0.115 0.072 0.056;0.06 0.058 0.067 0.037 0.081 0.061 0.027 0.076 0.068 0.061 0.115 0.092 0.072 0.069 0.056;
0.037 0.064 0.041 0.078 0.09 0.067 0.047 0.085 0.037 0.062 0.07 0.077 0.078 0.098 0.069;0.037 0.064 0.067 0.047 0.085 0.041 0.078 0.09 0.037 0.062 0.07 0.077 0.098 0.078 0.069;0.037 0.067 0.041 0.037 0.077 0.064 0.047 0.085 0.078 0.062 0.098 0.09 0.078 0.07 0.069;
0.038 0.062 0.06 0.065 0.098 0.05 0.039 0.07 0.043 0.066 0.08 0.083 0.077 0.103 0.066;0.038 0.062 0.05 0.039 0.07 0.06 0.065 0.098 0.043 0.066 0.08 0.083 0.103 0.077 0.066;0.038 0.05 0.06 0.043 0.083 0.062 0.039 0.07 0.065 0.066 0.103 0.098 0.077 0.08 0.066;
0.035 0.05 0.086 0.064 0.07 0.051 0.044 0.083 0.029 0.065 0.094 0.086 0.073 0.103 0.067;0.035 0.05 0.051 0.044 0.083 0.086 0.064 0.07 0.029 0.065 0.094 0.086 0.103 0.073 0.067;0.035 0.051 0.086 0.029 0.086 0.05 0.044 0.083 0.064 0.065 0.103 0.07 0.073 0.094 0.067;
0.043 0.06 0.059 0.066 0.112 0.054 0.041 0.072 0.038 0.071 0.062 0.076 0.087 0.088 0.071;0.043 0.06 0.054 0.041 0.072 0.059 0.066 0.112 0.038 0.071 0.062 0.076 0.088 0.087 0.071;0.043 0.054 0.059 0.038 0.076 0.06 0.041 0.072 0.066 0.071 0.088 0.112 0.087 0.062 0.071;
0.043 0.056 0.061 0.081 0.106 0.066 0.038 0.08 0.044 0.06 0.055 0.076 0.073 0.098 0.063;0.043 0.056 0.066 0.038 0.08 0.061 0.081 0.106 0.044 0.06 0.055 0.076 0.098 0.073 0.063;0.043 0.066 0.061 0.044 0.076 0.056 0.038 0.08 0.081 0.06 0.098 0.106 0.073 0.055 0.063;
0.037 0.067 0.059 0.062 0.101 0.078 0.041 0.069 0.04 0.066 0.076 0.08 0.079 0.076 0.069;0.037 0.067 0.078 0.041 0.069 0.059 0.062 0.101 0.04 0.066 0.076 0.08 0.076 0.079 0.069;0.037 0.078 0.059 0.04 0.08 0.067 0.041 0.069 0.062 0.066 0.076 0.101 0.079 0.076 0.069;
0.041 0.067 0.061 0.065 0.084 0.059 0.034 0.074 0.038 0.077 0.078 0.075 0.084 0.091 0.072;0.041 0.067 0.059 0.034 0.074 0.061 0.065 0.084 0.038 0.077 0.078 0.075 0.091 0.084 0.072;0.041 0.059 0.061 0.038 0.075 0.067 0.034 0.074 0.065 0.077 0.091 0.084 0.084 0.078 0.072;
0.048 0.059 0.054 0.076 0.09 0.061 0.04 0.059 0.041 0.077 0.069 0.089 0.077 0.088 0.072;0.048 0.059 0.061 0.04 0.059 0.054 0.076 0.09 0.041 0.077 0.069 0.089 0.088 0.077 0.072;0.048 0.061 0.054 0.041 0.089 0.059 0.04 0.059 0.076 0.077 0.088 0.09 0.077 0.069 0.072;
0.037 0.064 0.067 0.072 0.105 0.061 0.038 0.073 0.036 0.06 0.075 0.06 0.078 0.097 0.077;0.037 0.064 0.061 0.038 0.073 0.067 0.072 0.105 0.036 0.06 0.075 0.06 0.097 0.078 0.077;0.037 0.061 0.067 0.036 0.06 0.064 0.038 0.073 0.072 0.06 0.097 0.105 0.078 0.075 0.077;
0.035 0.067 0.072 0.067 0.087 0.057 0.033 0.067 0.036 0.058 0.069 0.093 0.084 0.107 0.068;0.035 0.067 0.057 0.033 0.067 0.072 0.067 0.087 0.036 0.058 0.069 0.093 0.107 0.084 0.068;0.035 0.057 0.072 0.036 0.093 0.067 0.033 0.067 0.067 0.058 0.107 0.087 0.084 0.069 0.068;
0.038 0.045 0.081 0.068 0.101 0.051 0.034 0.069 0.046 0.062 0.084 0.078 0.07 0.107 0.066;0.038 0.045 0.051 0.034 0.069 0.081 0.068 0.101 0.046 0.062 0.084 0.078 0.107 0.07 0.066;0.038 0.051 0.081 0.046 0.078 0.045 0.034 0.069 0.068 0.062 0.107 0.101 0.07 0.084 0.066;
0.04 0.07 0.06 0.071 0.107 0.074 0.031 0.073 0.039 0.06 0.07 0.066 0.074 0.094 0.071;0.04 0.07 0.074 0.031 0.073 0.06 0.071 0.107 0.039 0.06 0.07 0.066 0.094 0.074 0.071;0.04 0.074 0.06 0.039 0.066 0.07 0.031 0.073 0.071 0.06 0.094 0.107 0.074 0.07 0.071;
0.036 0.067 0.059 0.063 0.108 0.06 0.045 0.073 0.049 0.075 0.061 0.084 0.072 0.088 0.06;0.036 0.067 0.06 0.045 0.073 0.059 0.063 0.108 0.049 0.075 0.061 0.084 0.088 0.072 0.06;0.036 0.06 0.059 0.049 0.084 0.067 0.045 0.073 0.063 0.075 0.088 0.108 0.072 0.061 0.06;
0.039 0.047 0.068 0.073 0.086 0.059 0.043 0.096 0.042 0.056 0.086 0.079 0.066 0.105 0.055;0.039 0.047 0.059 0.043 0.096 0.068 0.073 0.086 0.042 0.056 0.086 0.079 0.105 0.066 0.055;0.039 0.059 0.068 0.042 0.079 0.047 0.043 0.096 0.073 0.056 0.105 0.086 0.066 0.086 0.055;
0.041 0.065 0.076 0.072 0.106 0.053 0.04 0.067 0.044 0.056 0.07 0.065 0.074 0.105 0.066;0.041 0.065 0.053 0.04 0.067 0.076 0.072 0.106 0.044 0.056 0.07 0.065 0.105 0.074 0.066;0.041 0.053 0.076 0.044 0.065 0.065 0.04 0.067 0.072 0.056 0.105 0.106 0.074 0.07 0.066;
0.043 0.069 0.073 0.069 0.09 0.05 0.041 0.064 0.042 0.077 0.067 0.061 0.071 0.109 0.074;0.043 0.069 0.05 0.041 0.064 0.073 0.069 0.09 0.042 0.077 0.067 0.061 0.109 0.071 0.074;0.043 0.05 0.073 0.042 0.061 0.069 0.041 0.064 0.069 0.077 0.109 0.09 0.071 0.067 0.074;
0.036 0.063 0.067 0.076 0.103 0.066 0.038 0.064 0.043 0.065 0.075 0.075 0.062 0.092 0.075;0.036 0.063 0.066 0.038 0.064 0.067 0.076 0.103 0.043 0.065 0.075 0.075 0.092 0.062 0.075;0.036 0.066 0.067 0.043 0.075 0.063 0.038 0.064 0.076 0.065 0.092 0.103 0.062 0.075 0.075;
0.038 0.062 0.06 0.081 0.09 0.057 0.043 0.064 0.043 0.062 0.068 0.084 0.081 0.089 0.078;0.038 0.062 0.057 0.043 0.064 0.06 0.081 0.09 0.043 0.062 0.068 0.084 0.089 0.081 0.078;0.038 0.057 0.06 0.043 0.084 0.062 0.043 0.064 0.081 0.062 0.089 0.09 0.081 0.068 0.078;
0.039 0.054 0.072 0.06 0.095 0.063 0.036 0.076 0.039 0.068 0.073 0.076 0.081 0.095 0.073;0.039 0.054 0.063 0.036 0.076 0.072 0.06 0.095 0.039 0.068 0.073 0.076 0.095 0.081 0.073;0.039 0.063 0.072 0.039 0.076 0.054 0.036 0.076 0.06 0.068 0.095 0.095 0.081 0.073 0.073;
0.048 0.072 0.069 0.071 0.076 0.052 0.049 0.079 0.041 0.066 0.078 0.071 0.073 0.084 0.071;0.048 0.072 0.052 0.049 0.079 0.069 0.071 0.076 0.041 0.066 0.078 0.071 0.084 0.073 0.071;0.048 0.052 0.069 0.041 0.071 0.072 0.049 0.079 0.071 0.066 0.084 0.076 0.073 0.078 0.071;
0.042 0.059 0.069 0.065 0.102 0.067 0.037 0.072 0.042 0.057 0.076 0.083 0.066 0.107 0.056;0.042 0.059 0.067 0.037 0.072 0.069 0.065 0.102 0.042 0.057 0.076 0.083 0.107 0.066 0.056;0.042 0.067 0.069 0.042 0.083 0.059 0.037 0.072 0.065 0.057 0.107 0.102 0.066 0.076 0.056;
0.048 0.05 0.083 0.055 0.093 0.054 0.03 0.071 0.029 0.063 0.081 0.082 0.081 0.111 0.069;0.048 0.05 0.054 0.03 0.071 0.083 0.055 0.093 0.029 0.063 0.081 0.082 0.111 0.081 0.069;0.048 0.054 0.083 0.029 0.082 0.05 0.03 0.071 0.055 0.063 0.111 0.093 0.081 0.081 0.069;
0.038 0.06 0.066 0.077 0.087 0.059 0.043 0.067 0.038 0.068 0.067 0.081 0.089 0.095 0.065;0.038 0.06 0.059 0.043 0.067 0.066 0.077 0.087 0.038 0.068 0.067 0.081 0.095 0.089 0.065;0.038 0.059 0.066 0.038 0.081 0.06 0.043 0.067 0.077 0.068 0.095 0.087 0.089 0.067 0.065;
0.05 0.059 0.067 0.063 0.088 0.05 0.045 0.071 0.05 0.06 0.072 0.066 0.08 0.106 0.073;0.05 0.059 0.05 0.045 0.071 0.067 0.063 0.088 0.05 0.06 0.072 0.066 0.106 0.08 0.073;0.05 0.05 0.067 0.05 0.066 0.059 0.045 0.071 0.063 0.06 0.106 0.088 0.08 0.072 0.073;
0.045 0.061 0.064 0.07 0.099 0.052 0.036 0.073 0.048 0.069 0.072 0.064 0.077 0.109 0.061;0.045 0.061 0.052 0.036 0.073 0.064 0.07 0.099 0.048 0.069 0.072 0.064 0.109 0.077 0.061;0.045 0.052 0.064 0.048 0.064 0.061 0.036 0.073 0.07 0.069 0.109 0.099 0.077 0.072 0.061;
0.05 0.074 0.071 0.068 0.087 0.058 0.043 0.078 0.052 0.047 0.075 0.071 0.078 0.085 0.063;0.05 0.074 0.058 0.043 0.078 0.071 0.068 0.087 0.052 0.047 0.075 0.071 0.085 0.078 0.063;0.05 0.058 0.071 0.052 0.071 0.074 0.043 0.078 0.068 0.047 0.085 0.087 0.078 0.075 0.063;
0.044 0.06 0.059 0.069 0.106 0.053 0.051 0.089 0.04 0.065 0.069 0.056 0.081 0.101 0.057;0.044 0.06 0.053 0.051 0.089 0.059 0.069 0.106 0.04 0.065 0.069 0.056 0.101 0.081 0.057;0.044 0.053 0.059 0.04 0.056 0.06 0.051 0.089 0.069 0.065 0.101 0.106 0.081 0.069 0.057;
0.046 0.069 0.069 0.058 0.101 0.053 0.035 0.078 0.046 0.062 0.067 0.073 0.094 0.093 0.056;0.046 0.069 0.053 0.035 0.078 0.069 0.058 0.101 0.046 0.062 0.067 0.073 0.093 0.094 0.056;0.046 0.053 0.069 0.046 0.073 0.069 0.035 0.078 0.058 0.062 0.093 0.101 0.094 0.067 0.056;
0.038 0.06 0.074 0.057 0.103 0.061 0.043 0.072 0.038 0.066 0.089 0.084 0.076 0.08 0.059;0.038 0.06 0.061 0.043 0.072 0.074 0.057 0.103 0.038 0.066 0.089 0.084 0.08 0.076 0.059;0.038 0.061 0.074 0.038 0.084 0.06 0.043 0.072 0.057 0.066 0.08 0.103 0.076 0.089 0.059];