pntP=[0.072 0.083 0.065 0.095 0.104 0.077 0.03 0.079 0.035 0.055 0.062 0.062 0.035 0.101 0.045;0.072 0.083 0.077 0.03 0.079 0.065 0.095 0.104 0.035 0.055 0.062 0.062 0.101 0.035 0.045;0.072 0.077 0.065 0.035 0.062 0.083 0.03 0.079 0.095 0.055 0.101 0.104 0.035 0.062 0.045;
0.065 0.065 0.083 0.103 0.09 0.086 0.035 0.069 0.035 0.063 0.053 0.064 0.06 0.081 0.048;0.065 0.065 0.086 0.035 0.069 0.083 0.103 0.09 0.035 0.063 0.053 0.064 0.081 0.06 0.048;0.065 0.086 0.083 0.035 0.064 0.065 0.035 0.069 0.103 0.063 0.081 0.09 0.06 0.053 0.048;
0.069 0.076 0.064 0.097 0.099 0.081 0.025 0.072 0.04 0.059 0.062 0.047 0.059 0.088 0.062;0.069 0.076 0.081 0.025 0.072 0.064 0.097 0.099 0.04 0.059 0.062 0.047 0.088 0.059 0.062;0.069 0.081 0.064 0.04 0.047 0.076 0.025 0.072 0.097 0.059 0.088 0.099 0.059 0.062 0.062;
0.082 0.076 0.057 0.098 0.085 0.068 0.025 0.066 0.033 0.065 0.052 0.062 0.072 0.114 0.045;0.082 0.076 0.068 0.025 0.066 0.057 0.098 0.085 0.033 0.065 0.052 0.062 0.114 0.072 0.045;0.082 0.068 0.057 0.033 0.062 0.076 0.025 0.066 0.098 0.065 0.114 0.085 0.072 0.052 0.045;
0.07 0.078 0.072 0.09 0.084 0.094 0.033 0.055 0.033 0.066 0.062 0.058 0.058 0.095 0.052;0.07 0.078 0.094 0.033 0.055 0.072 0.09 0.084 0.033 0.066 0.062 0.058 0.095 0.058 0.052;0.07 0.094 0.072 0.033 0.058 0.078 0.033 0.055 0.09 0.066 0.095 0.084 0.058 0.062 0.052;
0.07 0.087 0.076 0.101 0.096 0.086 0.03 0.071 0.031 0.075 0.052 0.049 0.056 0.085 0.035;0.07 0.087 0.086 0.03 0.071 0.076 0.101 0.096 0.031 0.075 0.052 0.049 0.085 0.056 0.035;0.07 0.086 0.076 0.031 0.049 0.087 0.03 0.071 0.101 0.075 0.085 0.096 0.056 0.052 0.035;
0.077 0.084 0.066 0.082 0.102 0.067 0.03 0.068 0.036 0.07 0.061 0.053 0.045 0.099 0.06;0.077 0.084 0.067 0.03 0.068 0.066 0.082 0.102 0.036 0.07 0.061 0.053 0.099 0.045 0.06;0.077 0.067 0.066 0.036 0.053 0.084 0.03 0.068 0.082 0.07 0.099 0.102 0.045 0.061 0.06;
0.067 0.078 0.058 0.089 0.096 0.081 0.035 0.064 0.02 0.074 0.066 0.055 0.059 0.113 0.045;0.067 0.078 0.081 0.035 0.064 0.058 0.089 0.096 0.02 0.074 0.066 0.055 0.113 0.059 0.045;0.067 0.081 0.058 0.02 0.055 0.078 0.035 0.064 0.089 0.074 0.113 0.096 0.059 0.066 0.045;
0.088 0.076 0.063 0.089 0.105 0.081 0.048 0.068 0.021 0.069 0.054 0.047 0.042 0.094 0.055;0.088 0.076 0.081 0.048 0.068 0.063 0.089 0.105 0.021 0.069 0.054 0.047 0.094 0.042 0.055;0.088 0.081 0.063 0.021 0.047 0.076 0.048 0.068 0.089 0.069 0.094 0.105 0.042 0.054 0.055;
0.081 0.079 0.074 0.08 0.098 0.074 0.035 0.07 0.036 0.056 0.058 0.069 0.05 0.102 0.038;0.081 0.079 0.074 0.035 0.07 0.074 0.08 0.098 0.036 0.056 0.058 0.069 0.102 0.05 0.038;0.081 0.074 0.074 0.036 0.069 0.079 0.035 0.07 0.08 0.056 0.102 0.098 0.05 0.058 0.038;
0.087 0.079 0.072 0.09 0.095 0.078 0.032 0.071 0.024 0.059 0.056 0.059 0.048 0.11 0.04;0.087 0.079 0.078 0.032 0.071 0.072 0.09 0.095 0.024 0.059 0.056 0.059 0.11 0.048 0.04;0.087 0.078 0.072 0.024 0.059 0.079 0.032 0.071 0.09 0.059 0.11 0.095 0.048 0.056 0.04;
0.062 0.073 0.073 0.089 0.092 0.074 0.045 0.055 0.036 0.064 0.059 0.072 0.05 0.099 0.057;0.062 0.073 0.074 0.045 0.055 0.073 0.089 0.092 0.036 0.064 0.059 0.072 0.099 0.05 0.057;0.062 0.074 0.073 0.036 0.072 0.073 0.045 0.055 0.089 0.064 0.099 0.092 0.05 0.059 0.057;
0.084 0.083 0.071 0.081 0.103 0.089 0.024 0.057 0.044 0.056 0.069 0.052 0.058 0.094 0.035;0.084 0.083 0.089 0.024 0.057 0.071 0.081 0.103 0.044 0.056 0.069 0.052 0.094 0.058 0.035;0.084 0.089 0.071 0.044 0.052 0.083 0.024 0.057 0.081 0.056 0.094 0.103 0.058 0.069 0.035;
0.067 0.081 0.054 0.09 0.105 0.071 0.045 0.057 0.035 0.066 0.071 0.048 0.063 0.096 0.051;0.067 0.081 0.071 0.045 0.057 0.054 0.09 0.105 0.035 0.066 0.071 0.048 0.096 0.063 0.051;0.067 0.071 0.054 0.035 0.048 0.081 0.045 0.057 0.09 0.066 0.096 0.105 0.063 0.071 0.051;
0.09 0.084 0.071 0.089 0.091 0.074 0.04 0.054 0.035 0.067 0.071 0.048 0.053 0.091 0.042;0.09 0.084 0.074 0.04 0.054 0.071 0.089 0.091 0.035 0.067 0.071 0.048 0.091 0.053 0.042;0.09 0.074 0.071 0.035 0.048 0.084 0.04 0.054 0.089 0.067 0.091 0.091 0.053 0.071 0.042;
0.091 0.076 0.074 0.088 0.095 0.066 0.045 0.056 0.041 0.072 0.043 0.058 0.051 0.095 0.049;0.091 0.076 0.066 0.045 0.056 0.074 0.088 0.095 0.041 0.072 0.043 0.058 0.095 0.051 0.049;0.091 0.066 0.074 0.041 0.058 0.076 0.045 0.056 0.088 0.072 0.095 0.095 0.051 0.043 0.049;
0.08 0.081 0.066 0.089 0.086 0.07 0.03 0.069 0.03 0.071 0.061 0.062 0.055 0.107 0.043;0.08 0.081 0.07 0.03 0.069 0.066 0.089 0.086 0.03 0.071 0.061 0.062 0.107 0.055 0.043;0.08 0.07 0.066 0.03 0.062 0.081 0.03 0.069 0.089 0.071 0.107 0.086 0.055 0.061 0.043;
0.081 0.086 0.071 0.092 0.084 0.074 0.034 0.064 0.034 0.064 0.058 0.072 0.049 0.094 0.043;0.081 0.086 0.074 0.034 0.064 0.071 0.092 0.084 0.034 0.064 0.058 0.072 0.094 0.049 0.043;0.081 0.074 0.071 0.034 0.072 0.086 0.034 0.064 0.092 0.064 0.094 0.084 0.049 0.058 0.043;
0.074 0.075 0.07 0.091 0.094 0.093 0.031 0.061 0.027 0.049 0.062 0.07 0.058 0.096 0.049;0.074 0.075 0.093 0.031 0.061 0.07 0.091 0.094 0.027 0.049 0.062 0.07 0.096 0.058 0.049;0.074 0.093 0.07 0.027 0.07 0.075 0.031 0.061 0.091 0.049 0.096 0.094 0.058 0.062 0.049;
0.065 0.076 0.068 0.09 0.09 0.088 0.034 0.089 0.042 0.061 0.054 0.066 0.053 0.09 0.034;0.065 0.076 0.088 0.034 0.089 0.068 0.09 0.09 0.042 0.061 0.054 0.066 0.09 0.053 0.034;0.065 0.088 0.068 0.042 0.066 0.076 0.034 0.089 0.09 0.061 0.09 0.09 0.053 0.054 0.034;
0.072 0.088 0.071 0.101 0.099 0.078 0.036 0.06 0.035 0.062 0.046 0.054 0.05 0.109 0.039;0.072 0.088 0.078 0.036 0.06 0.071 0.101 0.099 0.035 0.062 0.046 0.054 0.109 0.05 0.039;0.072 0.078 0.071 0.035 0.054 0.088 0.036 0.06 0.101 0.062 0.109 0.099 0.05 0.046 0.039;
0.065 0.088 0.06 0.102 0.095 0.092 0.039 0.067 0.036 0.06 0.051 0.056 0.037 0.101 0.051;0.065 0.088 0.092 0.039 0.067 0.06 0.102 0.095 0.036 0.06 0.051 0.056 0.101 0.037 0.051;0.065 0.092 0.06 0.036 0.056 0.088 0.039 0.067 0.102 0.06 0.101 0.095 0.037 0.051 0.051;
0.063 0.078 0.076 0.09 0.101 0.073 0.041 0.058 0.033 0.068 0.06 0.048 0.051 0.099 0.061;0.063 0.078 0.073 0.041 0.058 0.076 0.09 0.101 0.033 0.068 0.06 0.048 0.099 0.051 0.061;0.063 0.073 0.076 0.033 0.048 0.078 0.041 0.058 0.09 0.068 0.099 0.101 0.051 0.06 0.061;
0.073 0.082 0.068 0.096 0.097 0.087 0.031 0.072 0.034 0.06 0.053 0.048 0.064 0.093 0.042;0.073 0.082 0.087 0.031 0.072 0.068 0.096 0.097 0.034 0.06 0.053 0.048 0.093 0.064 0.042;0.073 0.087 0.068 0.034 0.048 0.082 0.031 0.072 0.096 0.06 0.093 0.097 0.064 0.053 0.042;
0.08 0.08 0.071 0.088 0.099 0.089 0.03 0.062 0.03 0.053 0.06 0.061 0.054 0.09 0.053;0.08 0.08 0.089 0.03 0.062 0.071 0.088 0.099 0.03 0.053 0.06 0.061 0.09 0.054 0.053;0.08 0.089 0.071 0.03 0.061 0.08 0.03 0.062 0.088 0.053 0.09 0.099 0.054 0.06 0.053;
0.08 0.073 0.066 0.094 0.095 0.074 0.038 0.056 0.032 0.058 0.071 0.062 0.056 0.097 0.048;0.08 0.073 0.074 0.038 0.056 0.066 0.094 0.095 0.032 0.058 0.071 0.062 0.097 0.056 0.048;0.08 0.074 0.066 0.032 0.062 0.073 0.038 0.056 0.094 0.058 0.097 0.095 0.056 0.071 0.048;
0.07 0.07 0.074 0.105 0.096 0.082 0.035 0.059 0.022 0.068 0.058 0.066 0.059 0.095 0.041;0.07 0.07 0.082 0.035 0.059 0.074 0.105 0.096 0.022 0.068 0.058 0.066 0.095 0.059 0.041;0.07 0.082 0.074 0.022 0.066 0.07 0.035 0.059 0.105 0.068 0.095 0.096 0.059 0.058 0.041;
0.078 0.067 0.078 0.089 0.09 0.072 0.044 0.059 0.031 0.069 0.055 0.067 0.06 0.094 0.047;0.078 0.067 0.072 0.044 0.059 0.078 0.089 0.09 0.031 0.069 0.055 0.067 0.094 0.06 0.047;0.078 0.072 0.078 0.031 0.067 0.067 0.044 0.059 0.089 0.069 0.094 0.09 0.06 0.055 0.047;
0.095 0.065 0.07 0.088 0.084 0.076 0.042 0.065 0.04 0.061 0.074 0.049 0.051 0.09 0.05;0.095 0.065 0.076 0.042 0.065 0.07 0.088 0.084 0.04 0.061 0.074 0.049 0.09 0.051 0.05;0.095 0.076 0.07 0.04 0.049 0.065 0.042 0.065 0.088 0.061 0.09 0.084 0.051 0.074 0.05;
0.061 0.072 0.07 0.09 0.103 0.065 0.036 0.079 0.027 0.061 0.054 0.052 0.068 0.112 0.05;0.061 0.072 0.065 0.036 0.079 0.07 0.09 0.103 0.027 0.061 0.054 0.052 0.112 0.068 0.05;0.061 0.065 0.07 0.027 0.052 0.072 0.036 0.079 0.09 0.061 0.112 0.103 0.068 0.054 0.05;
0.086 0.082 0.068 0.077 0.106 0.081 0.038 0.087 0.029 0.049 0.064 0.046 0.05 0.091 0.046;0.086 0.082 0.081 0.038 0.087 0.068 0.077 0.106 0.029 0.049 0.064 0.046 0.091 0.05 0.046;0.086 0.081 0.068 0.029 0.046 0.082 0.038 0.087 0.077 0.049 0.091 0.106 0.05 0.064 0.046;
0.081 0.078 0.062 0.093 0.098 0.073 0.034 0.065 0.036 0.064 0.049 0.065 0.061 0.102 0.039;0.081 0.078 0.073 0.034 0.065 0.062 0.093 0.098 0.036 0.064 0.049 0.065 0.102 0.061 0.039;0.081 0.073 0.062 0.036 0.065 0.078 0.034 0.065 0.093 0.064 0.102 0.098 0.061 0.049 0.039;
0.078 0.084 0.066 0.086 0.092 0.07 0.033 0.074 0.03 0.068 0.056 0.05 0.053 0.106 0.054;0.078 0.084 0.07 0.033 0.074 0.066 0.086 0.092 0.03 0.068 0.056 0.05 0.106 0.053 0.054;0.078 0.07 0.066 0.03 0.05 0.084 0.033 0.074 0.086 0.068 0.106 0.092 0.053 0.056 0.054;
0.076 0.086 0.048 0.088 0.104 0.073 0.022 0.065 0.048 0.066 0.058 0.063 0.051 0.099 0.053;0.076 0.086 0.073 0.022 0.065 0.048 0.088 0.104 0.048 0.066 0.058 0.063 0.099 0.051 0.053;0.076 0.073 0.048 0.048 0.063 0.086 0.022 0.065 0.088 0.066 0.099 0.104 0.051 0.058 0.053;
0.079 0.091 0.068 0.078 0.096 0.077 0.044 0.068 0.037 0.071 0.053 0.059 0.059 0.074 0.046;0.079 0.091 0.077 0.044 0.068 0.068 0.078 0.096 0.037 0.071 0.053 0.059 0.074 0.059 0.046;0.079 0.077 0.068 0.037 0.059 0.091 0.044 0.068 0.078 0.071 0.074 0.096 0.059 0.053 0.046;
0.063 0.078 0.071 0.079 0.102 0.088 0.04 0.071 0.032 0.069 0.052 0.065 0.063 0.085 0.042;0.063 0.078 0.088 0.04 0.071 0.071 0.079 0.102 0.032 0.069 0.052 0.065 0.085 0.063 0.042;0.063 0.088 0.071 0.032 0.065 0.078 0.04 0.071 0.079 0.069 0.085 0.102 0.063 0.052 0.042;
0.083 0.069 0.059 0.105 0.099 0.069 0.038 0.054 0.04 0.064 0.059 0.061 0.05 0.103 0.047;0.083 0.069 0.069 0.038 0.054 0.059 0.105 0.099 0.04 0.064 0.059 0.061 0.103 0.05 0.047;0.083 0.069 0.059 0.04 0.061 0.069 0.038 0.054 0.105 0.064 0.103 0.099 0.05 0.059 0.047;
0.068 0.082 0.053 0.111 0.107 0.078 0.034 0.054 0.034 0.065 0.056 0.061 0.049 0.1 0.048;0.068 0.082 0.078 0.034 0.054 0.053 0.111 0.107 0.034 0.065 0.056 0.061 0.1 0.049 0.048;0.068 0.078 0.053 0.034 0.061 0.082 0.034 0.054 0.111 0.065 0.1 0.107 0.049 0.056 0.048;
0.064 0.075 0.081 0.089 0.1 0.076 0.039 0.064 0.032 0.068 0.056 0.05 0.052 0.096 0.058;0.064 0.075 0.076 0.039 0.064 0.081 0.089 0.1 0.032 0.068 0.056 0.05 0.096 0.052 0.058;0.064 0.076 0.081 0.032 0.05 0.075 0.039 0.064 0.089 0.068 0.096 0.1 0.052 0.056 0.058;
0.082 0.077 0.06 0.086 0.101 0.079 0.035 0.057 0.038 0.069 0.055 0.073 0.046 0.098 0.044;0.082 0.077 0.079 0.035 0.057 0.06 0.086 0.101 0.038 0.069 0.055 0.073 0.098 0.046 0.044;0.082 0.079 0.06 0.038 0.073 0.077 0.035 0.057 0.086 0.069 0.098 0.101 0.046 0.055 0.044;
0.067 0.081 0.08 0.099 0.1 0.066 0.036 0.064 0.028 0.069 0.065 0.045 0.064 0.104 0.032;0.067 0.081 0.066 0.036 0.064 0.08 0.099 0.1 0.028 0.069 0.065 0.045 0.104 0.064 0.032;0.067 0.066 0.08 0.028 0.045 0.081 0.036 0.064 0.099 0.069 0.104 0.1 0.064 0.065 0.032;
0.074 0.088 0.059 0.092 0.096 0.079 0.039 0.063 0.033 0.062 0.067 0.048 0.056 0.093 0.051;0.074 0.088 0.079 0.039 0.063 0.059 0.092 0.096 0.033 0.062 0.067 0.048 0.093 0.056 0.051;0.074 0.079 0.059 0.033 0.048 0.088 0.039 0.063 0.092 0.062 0.093 0.096 0.056 0.067 0.051;
0.06 0.076 0.068 0.114 0.115 0.067 0.031 0.054 0.028 0.067 0.067 0.06 0.052 0.091 0.05;0.06 0.076 0.067 0.031 0.054 0.068 0.114 0.115 0.028 0.067 0.067 0.06 0.091 0.052 0.05;0.06 0.067 0.068 0.028 0.06 0.076 0.031 0.054 0.114 0.067 0.091 0.115 0.052 0.067 0.05;
0.074 0.067 0.064 0.084 0.096 0.081 0.043 0.072 0.034 0.071 0.053 0.068 0.054 0.079 0.06;0.074 0.067 0.081 0.043 0.072 0.064 0.084 0.096 0.034 0.071 0.053 0.068 0.079 0.054 0.06;0.074 0.081 0.064 0.034 0.068 0.067 0.043 0.072 0.084 0.071 0.079 0.096 0.054 0.053 0.06;
0.076 0.082 0.062 0.101 0.088 0.091 0.03 0.061 0.029 0.059 0.054 0.068 0.058 0.086 0.055;0.076 0.082 0.091 0.03 0.061 0.062 0.101 0.088 0.029 0.059 0.054 0.068 0.086 0.058 0.055;0.076 0.091 0.062 0.029 0.068 0.082 0.03 0.061 0.101 0.059 0.086 0.088 0.058 0.054 0.055;
0.079 0.08 0.063 0.082 0.091 0.079 0.05 0.06 0.037 0.056 0.071 0.051 0.038 0.098 0.065;0.079 0.08 0.079 0.05 0.06 0.063 0.082 0.091 0.037 0.056 0.071 0.051 0.098 0.038 0.065;0.079 0.079 0.063 0.037 0.051 0.08 0.05 0.06 0.082 0.056 0.098 0.091 0.038 0.071 0.065;
0.067 0.095 0.062 0.076 0.091 0.105 0.043 0.052 0.031 0.072 0.061 0.045 0.063 0.095 0.042;0.067 0.095 0.105 0.043 0.052 0.062 0.076 0.091 0.031 0.072 0.061 0.045 0.095 0.063 0.042;0.067 0.105 0.062 0.031 0.045 0.095 0.043 0.052 0.076 0.072 0.095 0.091 0.063 0.061 0.042;
0.074 0.091 0.05 0.074 0.105 0.08 0.038 0.075 0.034 0.083 0.062 0.063 0.05 0.085 0.036;0.074 0.091 0.08 0.038 0.075 0.05 0.074 0.105 0.034 0.083 0.062 0.063 0.085 0.05 0.036;0.074 0.08 0.05 0.034 0.063 0.091 0.038 0.075 0.074 0.083 0.085 0.105 0.05 0.062 0.036;
0.077 0.114 0.067 0.071 0.09 0.083 0.027 0.058 0.036 0.072 0.054 0.053 0.05 0.101 0.047;0.077 0.114 0.083 0.027 0.058 0.067 0.071 0.09 0.036 0.072 0.054 0.053 0.101 0.05 0.047;0.077 0.083 0.067 0.036 0.053 0.114 0.027 0.058 0.071 0.072 0.101 0.09 0.05 0.054 0.047;
0.077 0.079 0.077 0.088 0.094 0.079 0.026 0.06 0.036 0.067 0.057 0.049 0.06 0.102 0.049;0.077 0.079 0.079 0.026 0.06 0.077 0.088 0.094 0.036 0.067 0.057 0.049 0.102 0.06 0.049;0.077 0.079 0.077 0.036 0.049 0.079 0.026 0.06 0.088 0.067 0.102 0.094 0.06 0.057 0.049;
0.08 0.079 0.057 0.083 0.123 0.085 0.036 0.049 0.041 0.063 0.047 0.058 0.055 0.098 0.046;0.08 0.079 0.085 0.036 0.049 0.057 0.083 0.123 0.041 0.063 0.047 0.058 0.098 0.055 0.046;0.08 0.085 0.057 0.041 0.058 0.079 0.036 0.049 0.083 0.063 0.098 0.123 0.055 0.047 0.046;
0.076 0.073 0.057 0.087 0.085 0.075 0.038 0.068 0.045 0.075 0.06 0.059 0.045 0.108 0.049;0.076 0.073 0.075 0.038 0.068 0.057 0.087 0.085 0.045 0.075 0.06 0.059 0.108 0.045 0.049;0.076 0.075 0.057 0.045 0.059 0.073 0.038 0.068 0.087 0.075 0.108 0.085 0.045 0.06 0.049;
0.094 0.078 0.068 0.109 0.087 0.086 0.027 0.049 0.038 0.059 0.052 0.061 0.054 0.1 0.038;0.094 0.078 0.086 0.027 0.049 0.068 0.109 0.087 0.038 0.059 0.052 0.061 0.1 0.054 0.038;0.094 0.086 0.068 0.038 0.061 0.078 0.027 0.049 0.109 0.059 0.1 0.087 0.054 0.052 0.038;
0.067 0.076 0.064 0.081 0.111 0.074 0.032 0.063 0.036 0.076 0.061 0.062 0.052 0.091 0.054;0.067 0.076 0.074 0.032 0.063 0.064 0.081 0.111 0.036 0.076 0.061 0.062 0.091 0.052 0.054;0.067 0.074 0.064 0.036 0.062 0.076 0.032 0.063 0.081 0.076 0.091 0.111 0.052 0.061 0.054;
0.081 0.09 0.069 0.101 0.08 0.079 0.042 0.07 0.03 0.058 0.063 0.048 0.044 0.104 0.041;0.081 0.09 0.079 0.042 0.07 0.069 0.101 0.08 0.03 0.058 0.063 0.048 0.104 0.044 0.041;0.081 0.079 0.069 0.03 0.048 0.09 0.042 0.07 0.101 0.058 0.104 0.08 0.044 0.063 0.041;
0.074 0.063 0.062 0.086 0.102 0.088 0.033 0.06 0.034 0.083 0.056 0.063 0.054 0.097 0.045;0.074 0.063 0.088 0.033 0.06 0.062 0.086 0.102 0.034 0.083 0.056 0.063 0.097 0.054 0.045;0.074 0.088 0.062 0.034 0.063 0.063 0.033 0.06 0.086 0.083 0.097 0.102 0.054 0.056 0.045;
0.073 0.098 0.062 0.091 0.098 0.085 0.031 0.057 0.033 0.065 0.059 0.048 0.055 0.102 0.043;0.073 0.098 0.085 0.031 0.057 0.062 0.091 0.098 0.033 0.065 0.059 0.048 0.102 0.055 0.043;0.073 0.085 0.062 0.033 0.048 0.098 0.031 0.057 0.091 0.065 0.102 0.098 0.055 0.059 0.043;
0.078 0.068 0.073 0.099 0.085 0.076 0.034 0.07 0.04 0.065 0.047 0.061 0.051 0.101 0.052;0.078 0.068 0.076 0.034 0.07 0.073 0.099 0.085 0.04 0.065 0.047 0.061 0.101 0.051 0.052;0.078 0.076 0.073 0.04 0.061 0.068 0.034 0.07 0.099 0.065 0.101 0.085 0.051 0.047 0.052;
0.077 0.066 0.068 0.092 0.115 0.074 0.034 0.065 0.033 0.058 0.064 0.054 0.046 0.109 0.045;0.077 0.066 0.074 0.034 0.065 0.068 0.092 0.115 0.033 0.058 0.064 0.054 0.109 0.046 0.045;0.077 0.074 0.068 0.033 0.054 0.066 0.034 0.065 0.092 0.058 0.109 0.115 0.046 0.064 0.045;
0.093 0.085 0.066 0.09 0.097 0.075 0.022 0.058 0.03 0.072 0.048 0.062 0.045 0.099 0.058;0.093 0.085 0.075 0.022 0.058 0.066 0.09 0.097 0.03 0.072 0.048 0.062 0.099 0.045 0.058;0.093 0.075 0.066 0.03 0.062 0.085 0.022 0.058 0.09 0.072 0.099 0.097 0.045 0.048 0.058;
0.086 0.079 0.074 0.104 0.099 0.091 0.039 0.057 0.037 0.058 0.051 0.055 0.044 0.077 0.049;0.086 0.079 0.091 0.039 0.057 0.074 0.104 0.099 0.037 0.058 0.051 0.055 0.077 0.044 0.049;0.086 0.091 0.074 0.037 0.055 0.079 0.039 0.057 0.104 0.058 0.077 0.099 0.044 0.051 0.049;
0.076 0.082 0.07 0.091 0.082 0.088 0.029 0.064 0.02 0.078 0.044 0.053 0.066 0.104 0.053;0.076 0.082 0.088 0.029 0.064 0.07 0.091 0.082 0.02 0.078 0.044 0.053 0.104 0.066 0.053;0.076 0.088 0.07 0.02 0.053 0.082 0.029 0.064 0.091 0.078 0.104 0.082 0.066 0.044 0.053;
0.071 0.089 0.06 0.091 0.094 0.083 0.046 0.066 0.032 0.065 0.054 0.05 0.058 0.097 0.044;0.071 0.089 0.083 0.046 0.066 0.06 0.091 0.094 0.032 0.065 0.054 0.05 0.097 0.058 0.044;0.071 0.083 0.06 0.032 0.05 0.089 0.046 0.066 0.091 0.065 0.097 0.094 0.058 0.054 0.044;
0.062 0.077 0.07 0.096 0.08 0.066 0.044 0.067 0.04 0.062 0.06 0.06 0.072 0.095 0.049;0.062 0.077 0.066 0.044 0.067 0.07 0.096 0.08 0.04 0.062 0.06 0.06 0.095 0.072 0.049;0.062 0.066 0.07 0.04 0.06 0.077 0.044 0.067 0.096 0.062 0.095 0.08 0.072 0.06 0.049;
0.072 0.089 0.065 0.101 0.108 0.057 0.036 0.065 0.038 0.062 0.056 0.05 0.044 0.114 0.043;0.072 0.089 0.057 0.036 0.065 0.065 0.101 0.108 0.038 0.062 0.056 0.05 0.114 0.044 0.043;0.072 0.057 0.065 0.038 0.05 0.089 0.036 0.065 0.101 0.062 0.114 0.108 0.044 0.056 0.043;
0.071 0.074 0.064 0.091 0.091 0.087 0.04 0.062 0.029 0.063 0.07 0.06 0.052 0.093 0.053;0.071 0.074 0.087 0.04 0.062 0.064 0.091 0.091 0.029 0.063 0.07 0.06 0.093 0.052 0.053;0.071 0.087 0.064 0.029 0.06 0.074 0.04 0.062 0.091 0.063 0.093 0.091 0.052 0.07 0.053;
0.075 0.067 0.069 0.092 0.097 0.071 0.039 0.066 0.032 0.077 0.061 0.055 0.04 0.103 0.056;0.075 0.067 0.071 0.039 0.066 0.069 0.092 0.097 0.032 0.077 0.061 0.055 0.103 0.04 0.056;0.075 0.071 0.069 0.032 0.055 0.067 0.039 0.066 0.092 0.077 0.103 0.097 0.04 0.061 0.056;
0.072 0.081 0.063 0.079 0.098 0.076 0.044 0.069 0.032 0.079 0.043 0.058 0.053 0.104 0.049;0.072 0.081 0.076 0.044 0.069 0.063 0.079 0.098 0.032 0.079 0.043 0.058 0.104 0.053 0.049;0.072 0.076 0.063 0.032 0.058 0.081 0.044 0.069 0.079 0.079 0.104 0.098 0.053 0.043 0.049;
0.083 0.086 0.063 0.081 0.093 0.075 0.029 0.076 0.034 0.063 0.058 0.066 0.056 0.091 0.046;0.083 0.086 0.075 0.029 0.076 0.063 0.081 0.093 0.034 0.063 0.058 0.066 0.091 0.056 0.046;0.083 0.075 0.063 0.034 0.066 0.086 0.029 0.076 0.081 0.063 0.091 0.093 0.056 0.058 0.046;
0.086 0.082 0.056 0.088 0.081 0.083 0.045 0.064 0.036 0.064 0.064 0.052 0.06 0.094 0.045;0.086 0.082 0.083 0.045 0.064 0.056 0.088 0.081 0.036 0.064 0.064 0.052 0.094 0.06 0.045;0.086 0.083 0.056 0.036 0.052 0.082 0.045 0.064 0.088 0.064 0.094 0.081 0.06 0.064 0.045;
0.06 0.101 0.061 0.085 0.108 0.058 0.043 0.057 0.043 0.067 0.067 0.063 0.057 0.085 0.045;0.06 0.101 0.058 0.043 0.057 0.061 0.085 0.108 0.043 0.067 0.067 0.063 0.085 0.057 0.045;0.06 0.058 0.061 0.043 0.063 0.101 0.043 0.057 0.085 0.067 0.085 0.108 0.057 0.067 0.045;
0.071 0.089 0.061 0.094 0.103 0.064 0.035 0.06 0.032 0.066 0.069 0.062 0.048 0.088 0.058;0.071 0.089 0.064 0.035 0.06 0.061 0.094 0.103 0.032 0.066 0.069 0.062 0.088 0.048 0.058;0.071 0.064 0.061 0.032 0.062 0.089 0.035 0.06 0.094 0.066 0.088 0.103 0.048 0.069 0.058;
0.062 0.07 0.065 0.082 0.108 0.094 0.04 0.067 0.037 0.059 0.054 0.065 0.052 0.101 0.044;0.062 0.07 0.094 0.04 0.067 0.065 0.082 0.108 0.037 0.059 0.054 0.065 0.101 0.052 0.044;0.062 0.094 0.065 0.037 0.065 0.07 0.04 0.067 0.082 0.059 0.101 0.108 0.052 0.054 0.044;
0.081 0.064 0.067 0.079 0.087 0.071 0.044 0.08 0.029 0.075 0.061 0.064 0.061 0.09 0.047;0.081 0.064 0.071 0.044 0.08 0.067 0.079 0.087 0.029 0.075 0.061 0.064 0.09 0.061 0.047;0.081 0.071 0.067 0.029 0.064 0.064 0.044 0.08 0.079 0.075 0.09 0.087 0.061 0.061 0.047;
0.07 0.08 0.078 0.097 0.094 0.079 0.043 0.075 0.026 0.057 0.062 0.05 0.062 0.09 0.037;0.07 0.08 0.079 0.043 0.075 0.078 0.097 0.094 0.026 0.057 0.062 0.05 0.09 0.062 0.037;0.07 0.079 0.078 0.026 0.05 0.08 0.043 0.075 0.097 0.057 0.09 0.094 0.062 0.062 0.037;
0.074 0.068 0.08 0.095 0.106 0.074 0.035 0.061 0.038 0.062 0.067 0.061 0.044 0.087 0.048;0.074 0.068 0.074 0.035 0.061 0.08 0.095 0.106 0.038 0.062 0.067 0.061 0.087 0.044 0.048;0.074 0.074 0.08 0.038 0.061 0.068 0.035 0.061 0.095 0.062 0.087 0.106 0.044 0.067 0.048;
0.089 0.065 0.065 0.1 0.096 0.082 0.034 0.066 0.04 0.052 0.063 0.064 0.051 0.086 0.047;0.089 0.065 0.082 0.034 0.066 0.065 0.1 0.096 0.04 0.052 0.063 0.064 0.086 0.051 0.047;0.089 0.082 0.065 0.04 0.064 0.065 0.034 0.066 0.1 0.052 0.086 0.096 0.051 0.063 0.047;
0.059 0.093 0.068 0.081 0.091 0.078 0.047 0.074 0.035 0.065 0.058 0.044 0.058 0.093 0.056;0.059 0.093 0.078 0.047 0.074 0.068 0.081 0.091 0.035 0.065 0.058 0.044 0.093 0.058 0.056;0.059 0.078 0.068 0.035 0.044 0.093 0.047 0.074 0.081 0.065 0.093 0.091 0.058 0.058 0.056;
0.078 0.083 0.065 0.094 0.1 0.069 0.03 0.063 0.033 0.066 0.048 0.052 0.059 0.107 0.053;0.078 0.083 0.069 0.03 0.063 0.065 0.094 0.1 0.033 0.066 0.048 0.052 0.107 0.059 0.053;0.078 0.069 0.065 0.033 0.052 0.083 0.03 0.063 0.094 0.066 0.107 0.1 0.059 0.048 0.053;
0.082 0.075 0.079 0.092 0.088 0.076 0.036 0.067 0.03 0.076 0.049 0.059 0.048 0.102 0.041;0.082 0.075 0.076 0.036 0.067 0.079 0.092 0.088 0.03 0.076 0.049 0.059 0.102 0.048 0.041;0.082 0.076 0.079 0.03 0.059 0.075 0.036 0.067 0.092 0.076 0.102 0.088 0.048 0.049 0.041;
0.071 0.084 0.077 0.103 0.095 0.075 0.032 0.066 0.044 0.069 0.059 0.052 0.042 0.084 0.047;0.071 0.084 0.075 0.032 0.066 0.077 0.103 0.095 0.044 0.069 0.059 0.052 0.084 0.042 0.047;0.071 0.075 0.077 0.044 0.052 0.084 0.032 0.066 0.103 0.069 0.084 0.095 0.042 0.059 0.047;
0.085 0.067 0.07 0.109 0.099 0.079 0.034 0.066 0.03 0.064 0.054 0.051 0.055 0.094 0.043;0.085 0.067 0.079 0.034 0.066 0.07 0.109 0.099 0.03 0.064 0.054 0.051 0.094 0.055 0.043;0.085 0.079 0.07 0.03 0.051 0.067 0.034 0.066 0.109 0.064 0.094 0.099 0.055 0.054 0.043;
0.074 0.077 0.068 0.084 0.096 0.071 0.035 0.073 0.037 0.067 0.043 0.065 0.055 0.089 0.066;0.074 0.077 0.071 0.035 0.073 0.068 0.084 0.096 0.037 0.067 0.043 0.065 0.089 0.055 0.066;0.074 0.071 0.068 0.037 0.065 0.077 0.035 0.073 0.084 0.067 0.089 0.096 0.055 0.043 0.066;
0.081 0.071 0.08 0.084 0.091 0.069 0.037 0.066 0.043 0.065 0.058 0.055 0.057 0.093 0.05;0.081 0.071 0.069 0.037 0.066 0.08 0.084 0.091 0.043 0.065 0.058 0.055 0.093 0.057 0.05;0.081 0.069 0.08 0.043 0.055 0.071 0.037 0.066 0.084 0.065 0.093 0.091 0.057 0.058 0.05;
0.058 0.07 0.069 0.077 0.101 0.08 0.038 0.064 0.039 0.06 0.072 0.066 0.059 0.101 0.046;0.058 0.07 0.08 0.038 0.064 0.069 0.077 0.101 0.039 0.06 0.072 0.066 0.101 0.059 0.046;0.058 0.08 0.069 0.039 0.066 0.07 0.038 0.064 0.077 0.06 0.101 0.101 0.059 0.072 0.046;
0.087 0.09 0.063 0.08 0.105 0.082 0.034 0.073 0.039 0.06 0.05 0.047 0.06 0.085 0.045;0.087 0.09 0.082 0.034 0.073 0.063 0.08 0.105 0.039 0.06 0.05 0.047 0.085 0.06 0.045;0.087 0.082 0.063 0.039 0.047 0.09 0.034 0.073 0.08 0.06 0.085 0.105 0.06 0.05 0.045;
0.071 0.083 0.058 0.108 0.084 0.083 0.032 0.064 0.036 0.075 0.059 0.049 0.048 0.107 0.043;0.071 0.083 0.083 0.032 0.064 0.058 0.108 0.084 0.036 0.075 0.059 0.049 0.107 0.048 0.043;0.071 0.083 0.058 0.036 0.049 0.083 0.032 0.064 0.108 0.075 0.107 0.084 0.048 0.059 0.043;
0.071 0.079 0.072 0.077 0.091 0.081 0.045 0.059 0.038 0.066 0.066 0.057 0.055 0.094 0.049;0.071 0.079 0.081 0.045 0.059 0.072 0.077 0.091 0.038 0.066 0.066 0.057 0.094 0.055 0.049;0.071 0.081 0.072 0.038 0.057 0.079 0.045 0.059 0.077 0.066 0.094 0.091 0.055 0.066 0.049;
0.079 0.079 0.062 0.069 0.099 0.093 0.042 0.073 0.035 0.075 0.051 0.047 0.055 0.098 0.043;0.079 0.079 0.093 0.042 0.073 0.062 0.069 0.099 0.035 0.075 0.051 0.047 0.098 0.055 0.043;0.079 0.093 0.062 0.035 0.047 0.079 0.042 0.073 0.069 0.075 0.098 0.099 0.055 0.051 0.043;
0.081 0.071 0.067 0.091 0.1 0.066 0.043 0.06 0.037 0.061 0.057 0.06 0.048 0.118 0.04;0.081 0.071 0.066 0.043 0.06 0.067 0.091 0.1 0.037 0.061 0.057 0.06 0.118 0.048 0.04;0.081 0.066 0.067 0.037 0.06 0.071 0.043 0.06 0.091 0.061 0.118 0.1 0.048 0.057 0.04;
0.066 0.072 0.062 0.104 0.11 0.089 0.027 0.058 0.03 0.067 0.054 0.054 0.055 0.092 0.06;0.066 0.072 0.089 0.027 0.058 0.062 0.104 0.11 0.03 0.067 0.054 0.054 0.092 0.055 0.06;0.066 0.089 0.062 0.03 0.054 0.072 0.027 0.058 0.104 0.067 0.092 0.11 0.055 0.054 0.06;
0.07 0.097 0.061 0.1 0.084 0.075 0.034 0.045 0.032 0.066 0.063 0.061 0.056 0.113 0.043;0.07 0.097 0.075 0.034 0.045 0.061 0.1 0.084 0.032 0.066 0.063 0.061 0.113 0.056 0.043;0.07 0.075 0.061 0.032 0.061 0.097 0.034 0.045 0.1 0.066 0.113 0.084 0.056 0.063 0.043;
0.064 0.083 0.06 0.082 0.094 0.081 0.035 0.069 0.029 0.07 0.057 0.058 0.052 0.113 0.053;0.064 0.083 0.081 0.035 0.069 0.06 0.082 0.094 0.029 0.07 0.057 0.058 0.113 0.052 0.053;0.064 0.081 0.06 0.029 0.058 0.083 0.035 0.069 0.082 0.07 0.113 0.094 0.052 0.057 0.053;
0.073 0.076 0.058 0.093 0.091 0.084 0.03 0.062 0.029 0.066 0.071 0.054 0.048 0.103 0.062;0.073 0.076 0.084 0.03 0.062 0.058 0.093 0.091 0.029 0.066 0.071 0.054 0.103 0.048 0.062;0.073 0.084 0.058 0.029 0.054 0.076 0.03 0.062 0.093 0.066 0.103 0.091 0.048 0.071 0.062;
0.088 0.067 0.087 0.094 0.082 0.089 0.028 0.07 0.026 0.066 0.052 0.063 0.063 0.082 0.043;0.088 0.067 0.089 0.028 0.07 0.087 0.094 0.082 0.026 0.066 0.052 0.063 0.082 0.063 0.043;0.088 0.089 0.087 0.026 0.063 0.067 0.028 0.07 0.094 0.066 0.082 0.082 0.063 0.052 0.043;
0.072 0.087 0.074 0.087 0.102 0.086 0.033 0.059 0.04 0.049 0.054 0.053 0.057 0.099 0.048;0.072 0.087 0.086 0.033 0.059 0.074 0.087 0.102 0.04 0.049 0.054 0.053 0.099 0.057 0.048;0.072 0.086 0.074 0.04 0.053 0.087 0.033 0.059 0.087 0.049 0.099 0.102 0.057 0.054 0.048;
0.064 0.082 0.071 0.095 0.093 0.101 0.025 0.061 0.035 0.073 0.06 0.058 0.042 0.093 0.047;0.064 0.082 0.101 0.025 0.061 0.071 0.095 0.093 0.035 0.073 0.06 0.058 0.093 0.042 0.047;0.064 0.101 0.071 0.035 0.058 0.082 0.025 0.061 0.095 0.073 0.093 0.093 0.042 0.06 0.047;
0.091 0.081 0.068 0.097 0.096 0.088 0.04 0.062 0.035 0.061 0.046 0.062 0.042 0.083 0.048;0.091 0.081 0.088 0.04 0.062 0.068 0.097 0.096 0.035 0.061 0.046 0.062 0.083 0.042 0.048;0.091 0.088 0.068 0.035 0.062 0.081 0.04 0.062 0.097 0.061 0.083 0.096 0.042 0.046 0.048;
0.07 0.082 0.076 0.097 0.09 0.075 0.034 0.06 0.028 0.049 0.053 0.068 0.052 0.111 0.055;0.07 0.082 0.075 0.034 0.06 0.076 0.097 0.09 0.028 0.049 0.053 0.068 0.111 0.052 0.055;0.07 0.075 0.076 0.028 0.068 0.082 0.034 0.06 0.097 0.049 0.111 0.09 0.052 0.053 0.055;
0.075 0.071 0.063 0.072 0.117 0.097 0.028 0.078 0.031 0.057 0.055 0.059 0.052 0.101 0.044;0.075 0.071 0.097 0.028 0.078 0.063 0.072 0.117 0.031 0.057 0.055 0.059 0.101 0.052 0.044;0.075 0.097 0.063 0.031 0.059 0.071 0.028 0.078 0.072 0.057 0.101 0.117 0.052 0.055 0.044];