pntP=[0.023 0.058 0.059 0.062 0.099 0.042 0.048 0.082 0.046 0.047 0.093 0.081 0.088 0.08 0.092;0.023 0.058 0.042 0.048 0.082 0.059 0.062 0.099 0.046 0.047 0.093 0.081 0.08 0.088 0.092;0.023 0.042 0.059 0.046 0.081 0.058 0.048 0.082 0.062 0.047 0.08 0.099 0.088 0.093 0.092;
0.025 0.05 0.051 0.062 0.109 0.044 0.054 0.076 0.042 0.062 0.088 0.092 0.061 0.098 0.086;0.025 0.05 0.044 0.054 0.076 0.051 0.062 0.109 0.042 0.062 0.088 0.092 0.098 0.061 0.086;0.025 0.044 0.051 0.042 0.092 0.05 0.054 0.076 0.062 0.062 0.098 0.109 0.061 0.088 0.086;
0.017 0.05 0.043 0.066 0.09 0.065 0.055 0.101 0.049 0.046 0.076 0.089 0.087 0.097 0.069;0.017 0.05 0.065 0.055 0.101 0.043 0.066 0.09 0.049 0.046 0.076 0.089 0.097 0.087 0.069;0.017 0.065 0.043 0.049 0.089 0.05 0.055 0.101 0.066 0.046 0.097 0.09 0.087 0.076 0.069;
0.019 0.061 0.049 0.058 0.084 0.055 0.04 0.098 0.041 0.046 0.092 0.084 0.085 0.102 0.086;0.019 0.061 0.055 0.04 0.098 0.049 0.058 0.084 0.041 0.046 0.092 0.084 0.102 0.085 0.086;0.019 0.055 0.049 0.041 0.084 0.061 0.04 0.098 0.058 0.046 0.102 0.084 0.085 0.092 0.086;
0.021 0.041 0.059 0.058 0.088 0.065 0.037 0.096 0.048 0.06 0.082 0.088 0.071 0.083 0.103;0.021 0.041 0.065 0.037 0.096 0.059 0.058 0.088 0.048 0.06 0.082 0.088 0.083 0.071 0.103;0.021 0.065 0.059 0.048 0.088 0.041 0.037 0.096 0.058 0.06 0.083 0.088 0.071 0.082 0.103;
0.022 0.06 0.052 0.07 0.094 0.049 0.048 0.082 0.043 0.04 0.093 0.085 0.082 0.105 0.075;0.022 0.06 0.049 0.048 0.082 0.052 0.07 0.094 0.043 0.04 0.093 0.085 0.105 0.082 0.075;0.022 0.049 0.052 0.043 0.085 0.06 0.048 0.082 0.07 0.04 0.105 0.094 0.082 0.093 0.075;
0.025 0.049 0.065 0.052 0.118 0.048 0.04 0.08 0.042 0.062 0.072 0.075 0.092 0.101 0.079;0.025 0.049 0.048 0.04 0.08 0.065 0.052 0.118 0.042 0.062 0.072 0.075 0.101 0.092 0.079;0.025 0.048 0.065 0.042 0.075 0.049 0.04 0.08 0.052 0.062 0.101 0.118 0.092 0.072 0.079;
0.026 0.046 0.046 0.045 0.113 0.079 0.037 0.086 0.038 0.047 0.065 0.102 0.088 0.091 0.091;0.026 0.046 0.079 0.037 0.086 0.046 0.045 0.113 0.038 0.047 0.065 0.102 0.091 0.088 0.091;0.026 0.079 0.046 0.038 0.102 0.046 0.037 0.086 0.045 0.047 0.091 0.113 0.088 0.065 0.091;
0.013 0.048 0.051 0.067 0.105 0.056 0.046 0.104 0.047 0.056 0.076 0.078 0.064 0.116 0.073;0.013 0.048 0.056 0.046 0.104 0.051 0.067 0.105 0.047 0.056 0.076 0.078 0.116 0.064 0.073;0.013 0.056 0.051 0.047 0.078 0.048 0.046 0.104 0.067 0.056 0.116 0.105 0.064 0.076 0.073;
0.026 0.046 0.06 0.057 0.087 0.06 0.043 0.073 0.051 0.053 0.087 0.09 0.076 0.106 0.085;0.026 0.046 0.06 0.043 0.073 0.06 0.057 0.087 0.051 0.053 0.087 0.09 0.106 0.076 0.085;0.026 0.06 0.06 0.051 0.09 0.046 0.043 0.073 0.057 0.053 0.106 0.087 0.076 0.087 0.085;
0.029 0.057 0.052 0.053 0.097 0.055 0.039 0.096 0.046 0.04 0.085 0.093 0.084 0.092 0.082;0.029 0.057 0.055 0.039 0.096 0.052 0.053 0.097 0.046 0.04 0.085 0.093 0.092 0.084 0.082;0.029 0.055 0.052 0.046 0.093 0.057 0.039 0.096 0.053 0.04 0.092 0.097 0.084 0.085 0.082;
0.023 0.082 0.042 0.062 0.095 0.047 0.043 0.074 0.043 0.047 0.102 0.078 0.083 0.097 0.082;0.023 0.082 0.047 0.043 0.074 0.042 0.062 0.095 0.043 0.047 0.102 0.078 0.097 0.083 0.082;0.023 0.047 0.042 0.043 0.078 0.082 0.043 0.074 0.062 0.047 0.097 0.095 0.083 0.102 0.082;
0.02 0.046 0.056 0.05 0.106 0.058 0.031 0.111 0.03 0.053 0.087 0.073 0.084 0.103 0.092;0.02 0.046 0.058 0.031 0.111 0.056 0.05 0.106 0.03 0.053 0.087 0.073 0.103 0.084 0.092;0.02 0.058 0.056 0.03 0.073 0.046 0.031 0.111 0.05 0.053 0.103 0.106 0.084 0.087 0.092;
0.029 0.052 0.051 0.066 0.097 0.053 0.047 0.094 0.039 0.051 0.083 0.079 0.09 0.085 0.084;0.029 0.052 0.053 0.047 0.094 0.051 0.066 0.097 0.039 0.051 0.083 0.079 0.085 0.09 0.084;0.029 0.053 0.051 0.039 0.079 0.052 0.047 0.094 0.066 0.051 0.085 0.097 0.09 0.083 0.084;
0.02 0.047 0.051 0.054 0.097 0.064 0.047 0.086 0.038 0.055 0.079 0.084 0.079 0.111 0.088;0.02 0.047 0.064 0.047 0.086 0.051 0.054 0.097 0.038 0.055 0.079 0.084 0.111 0.079 0.088;0.02 0.064 0.051 0.038 0.084 0.047 0.047 0.086 0.054 0.055 0.111 0.097 0.079 0.079 0.088;
0.023 0.071 0.045 0.066 0.101 0.061 0.039 0.087 0.038 0.049 0.072 0.092 0.087 0.099 0.07;0.023 0.071 0.061 0.039 0.087 0.045 0.066 0.101 0.038 0.049 0.072 0.092 0.099 0.087 0.07;0.023 0.061 0.045 0.038 0.092 0.071 0.039 0.087 0.066 0.049 0.099 0.101 0.087 0.072 0.07;
0.033 0.058 0.055 0.058 0.109 0.058 0.048 0.086 0.047 0.051 0.072 0.083 0.083 0.09 0.069;0.033 0.058 0.058 0.048 0.086 0.055 0.058 0.109 0.047 0.051 0.072 0.083 0.09 0.083 0.069;0.033 0.058 0.055 0.047 0.083 0.058 0.048 0.086 0.058 0.051 0.09 0.109 0.083 0.072 0.069;
0.025 0.05 0.055 0.064 0.103 0.047 0.032 0.084 0.047 0.05 0.09 0.085 0.076 0.117 0.075;0.025 0.05 0.047 0.032 0.084 0.055 0.064 0.103 0.047 0.05 0.09 0.085 0.117 0.076 0.075;0.025 0.047 0.055 0.047 0.085 0.05 0.032 0.084 0.064 0.05 0.117 0.103 0.076 0.09 0.075;
0.026 0.048 0.044 0.055 0.106 0.058 0.056 0.086 0.05 0.049 0.093 0.081 0.071 0.094 0.083;0.026 0.048 0.058 0.056 0.086 0.044 0.055 0.106 0.05 0.049 0.093 0.081 0.094 0.071 0.083;0.026 0.058 0.044 0.05 0.081 0.048 0.056 0.086 0.055 0.049 0.094 0.106 0.071 0.093 0.083;
0.021 0.062 0.052 0.06 0.085 0.061 0.036 0.08 0.039 0.048 0.084 0.092 0.082 0.107 0.091;0.021 0.062 0.061 0.036 0.08 0.052 0.06 0.085 0.039 0.048 0.084 0.092 0.107 0.082 0.091;0.021 0.061 0.052 0.039 0.092 0.062 0.036 0.08 0.06 0.048 0.107 0.085 0.082 0.084 0.091;
0.032 0.058 0.04 0.071 0.1 0.056 0.042 0.1 0.038 0.051 0.08 0.092 0.082 0.096 0.062;0.032 0.058 0.056 0.042 0.1 0.04 0.071 0.1 0.038 0.051 0.08 0.092 0.096 0.082 0.062;0.032 0.056 0.04 0.038 0.092 0.058 0.042 0.1 0.071 0.051 0.096 0.1 0.082 0.08 0.062;
0.021 0.041 0.046 0.048 0.107 0.057 0.055 0.103 0.04 0.045 0.095 0.09 0.073 0.094 0.085;0.021 0.041 0.057 0.055 0.103 0.046 0.048 0.107 0.04 0.045 0.095 0.09 0.094 0.073 0.085;0.021 0.057 0.046 0.04 0.09 0.041 0.055 0.103 0.048 0.045 0.094 0.107 0.073 0.095 0.085;
0.03 0.048 0.07 0.061 0.077 0.049 0.042 0.085 0.047 0.058 0.08 0.074 0.073 0.118 0.088;0.03 0.048 0.049 0.042 0.085 0.07 0.061 0.077 0.047 0.058 0.08 0.074 0.118 0.073 0.088;0.03 0.049 0.07 0.047 0.074 0.048 0.042 0.085 0.061 0.058 0.118 0.077 0.073 0.08 0.088;
0.022 0.043 0.046 0.063 0.096 0.045 0.055 0.108 0.04 0.059 0.085 0.071 0.09 0.095 0.082;0.022 0.043 0.045 0.055 0.108 0.046 0.063 0.096 0.04 0.059 0.085 0.071 0.095 0.09 0.082;0.022 0.045 0.046 0.04 0.071 0.043 0.055 0.108 0.063 0.059 0.095 0.096 0.09 0.085 0.082;
0.019 0.054 0.049 0.057 0.088 0.056 0.043 0.084 0.033 0.067 0.085 0.078 0.098 0.107 0.082;0.019 0.054 0.056 0.043 0.084 0.049 0.057 0.088 0.033 0.067 0.085 0.078 0.107 0.098 0.082;0.019 0.056 0.049 0.033 0.078 0.054 0.043 0.084 0.057 0.067 0.107 0.088 0.098 0.085 0.082;
0.016 0.052 0.044 0.055 0.09 0.066 0.024 0.084 0.047 0.049 0.081 0.087 0.085 0.11 0.11;0.016 0.052 0.066 0.024 0.084 0.044 0.055 0.09 0.047 0.049 0.081 0.087 0.11 0.085 0.11;0.016 0.066 0.044 0.047 0.087 0.052 0.024 0.084 0.055 0.049 0.11 0.09 0.085 0.081 0.11;
0.028 0.049 0.052 0.057 0.091 0.053 0.048 0.084 0.043 0.04 0.081 0.083 0.095 0.112 0.084;0.028 0.049 0.053 0.048 0.084 0.052 0.057 0.091 0.043 0.04 0.081 0.083 0.112 0.095 0.084;0.028 0.053 0.052 0.043 0.083 0.049 0.048 0.084 0.057 0.04 0.112 0.091 0.095 0.081 0.084;
0.019 0.055 0.051 0.056 0.106 0.047 0.045 0.088 0.043 0.054 0.076 0.083 0.083 0.114 0.08;0.019 0.055 0.047 0.045 0.088 0.051 0.056 0.106 0.043 0.054 0.076 0.083 0.114 0.083 0.08;0.019 0.047 0.051 0.043 0.083 0.055 0.045 0.088 0.056 0.054 0.114 0.106 0.083 0.076 0.08;
0.015 0.061 0.059 0.058 0.089 0.059 0.043 0.083 0.044 0.06 0.088 0.085 0.095 0.088 0.073;0.015 0.061 0.059 0.043 0.083 0.059 0.058 0.089 0.044 0.06 0.088 0.085 0.088 0.095 0.073;0.015 0.059 0.059 0.044 0.085 0.061 0.043 0.083 0.058 0.06 0.088 0.089 0.095 0.088 0.073;
0.028 0.06 0.045 0.063 0.103 0.049 0.04 0.085 0.039 0.041 0.089 0.094 0.096 0.085 0.083;0.028 0.06 0.049 0.04 0.085 0.045 0.063 0.103 0.039 0.041 0.089 0.094 0.085 0.096 0.083;0.028 0.049 0.045 0.039 0.094 0.06 0.04 0.085 0.063 0.041 0.085 0.103 0.096 0.089 0.083;
0.028 0.069 0.037 0.053 0.116 0.05 0.045 0.084 0.039 0.034 0.1 0.092 0.073 0.112 0.068;0.028 0.069 0.05 0.045 0.084 0.037 0.053 0.116 0.039 0.034 0.1 0.092 0.112 0.073 0.068;0.028 0.05 0.037 0.039 0.092 0.069 0.045 0.084 0.053 0.034 0.112 0.116 0.073 0.1 0.068;
0.024 0.051 0.051 0.075 0.093 0.061 0.051 0.077 0.037 0.046 0.075 0.095 0.077 0.101 0.086;0.024 0.051 0.061 0.051 0.077 0.051 0.075 0.093 0.037 0.046 0.075 0.095 0.101 0.077 0.086;0.024 0.061 0.051 0.037 0.095 0.051 0.051 0.077 0.075 0.046 0.101 0.093 0.077 0.075 0.086;
0.017 0.059 0.061 0.057 0.099 0.063 0.054 0.083 0.046 0.044 0.087 0.094 0.07 0.078 0.088;0.017 0.059 0.063 0.054 0.083 0.061 0.057 0.099 0.046 0.044 0.087 0.094 0.078 0.07 0.088;0.017 0.063 0.061 0.046 0.094 0.059 0.054 0.083 0.057 0.044 0.078 0.099 0.07 0.087 0.088;
0.022 0.054 0.056 0.061 0.099 0.05 0.043 0.08 0.048 0.048 0.085 0.092 0.088 0.094 0.08;0.022 0.054 0.05 0.043 0.08 0.056 0.061 0.099 0.048 0.048 0.085 0.092 0.094 0.088 0.08;0.022 0.05 0.056 0.048 0.092 0.054 0.043 0.08 0.061 0.048 0.094 0.099 0.088 0.085 0.08;
0.024 0.044 0.052 0.045 0.091 0.057 0.054 0.1 0.044 0.059 0.088 0.073 0.098 0.082 0.089;0.024 0.044 0.057 0.054 0.1 0.052 0.045 0.091 0.044 0.059 0.088 0.073 0.082 0.098 0.089;0.024 0.057 0.052 0.044 0.073 0.044 0.054 0.1 0.045 0.059 0.082 0.091 0.098 0.088 0.089;
0.025 0.064 0.053 0.07 0.095 0.061 0.041 0.084 0.043 0.048 0.081 0.075 0.089 0.087 0.084;0.025 0.064 0.061 0.041 0.084 0.053 0.07 0.095 0.043 0.048 0.081 0.075 0.087 0.089 0.084;0.025 0.061 0.053 0.043 0.075 0.064 0.041 0.084 0.07 0.048 0.087 0.095 0.089 0.081 0.084;
0.031 0.053 0.063 0.046 0.107 0.053 0.049 0.069 0.054 0.048 0.091 0.085 0.075 0.087 0.089;0.031 0.053 0.053 0.049 0.069 0.063 0.046 0.107 0.054 0.048 0.091 0.085 0.087 0.075 0.089;0.031 0.053 0.063 0.054 0.085 0.053 0.049 0.069 0.046 0.048 0.087 0.107 0.075 0.091 0.089;
0.028 0.058 0.052 0.071 0.083 0.057 0.034 0.089 0.04 0.048 0.084 0.081 0.088 0.105 0.082;0.028 0.058 0.057 0.034 0.089 0.052 0.071 0.083 0.04 0.048 0.084 0.081 0.105 0.088 0.082;0.028 0.057 0.052 0.04 0.081 0.058 0.034 0.089 0.071 0.048 0.105 0.083 0.088 0.084 0.082;
0.028 0.059 0.064 0.052 0.097 0.043 0.039 0.076 0.037 0.048 0.095 0.08 0.086 0.112 0.084;0.028 0.059 0.043 0.039 0.076 0.064 0.052 0.097 0.037 0.048 0.095 0.08 0.112 0.086 0.084;0.028 0.043 0.064 0.037 0.08 0.059 0.039 0.076 0.052 0.048 0.112 0.097 0.086 0.095 0.084;
0.03 0.06 0.045 0.059 0.095 0.062 0.049 0.083 0.036 0.044 0.082 0.087 0.091 0.093 0.084;0.03 0.06 0.062 0.049 0.083 0.045 0.059 0.095 0.036 0.044 0.082 0.087 0.093 0.091 0.084;0.03 0.062 0.045 0.036 0.087 0.06 0.049 0.083 0.059 0.044 0.093 0.095 0.091 0.082 0.084;
0.011 0.057 0.06 0.057 0.111 0.053 0.041 0.116 0.048 0.052 0.074 0.079 0.069 0.092 0.08;0.011 0.057 0.053 0.041 0.116 0.06 0.057 0.111 0.048 0.052 0.074 0.079 0.092 0.069 0.08;0.011 0.053 0.06 0.048 0.079 0.057 0.041 0.116 0.057 0.052 0.092 0.111 0.069 0.074 0.08;
0.028 0.06 0.053 0.06 0.1 0.049 0.037 0.086 0.054 0.051 0.082 0.093 0.078 0.098 0.071;0.028 0.06 0.049 0.037 0.086 0.053 0.06 0.1 0.054 0.051 0.082 0.093 0.098 0.078 0.071;0.028 0.049 0.053 0.054 0.093 0.06 0.037 0.086 0.06 0.051 0.098 0.1 0.078 0.082 0.071;
0.024 0.058 0.053 0.063 0.108 0.053 0.045 0.104 0.043 0.047 0.071 0.081 0.08 0.096 0.074;0.024 0.058 0.053 0.045 0.104 0.053 0.063 0.108 0.043 0.047 0.071 0.081 0.096 0.08 0.074;0.024 0.053 0.053 0.043 0.081 0.058 0.045 0.104 0.063 0.047 0.096 0.108 0.08 0.071 0.074;
0.022 0.052 0.046 0.054 0.109 0.043 0.045 0.099 0.048 0.054 0.077 0.081 0.09 0.103 0.077;0.022 0.052 0.043 0.045 0.099 0.046 0.054 0.109 0.048 0.054 0.077 0.081 0.103 0.09 0.077;0.022 0.043 0.046 0.048 0.081 0.052 0.045 0.099 0.054 0.054 0.103 0.109 0.09 0.077 0.077;
0.028 0.044 0.052 0.054 0.102 0.042 0.041 0.091 0.043 0.045 0.089 0.091 0.094 0.107 0.077;0.028 0.044 0.042 0.041 0.091 0.052 0.054 0.102 0.043 0.045 0.089 0.091 0.107 0.094 0.077;0.028 0.042 0.052 0.043 0.091 0.044 0.041 0.091 0.054 0.045 0.107 0.102 0.094 0.089 0.077;
0.026 0.067 0.055 0.061 0.096 0.063 0.053 0.075 0.042 0.059 0.065 0.089 0.094 0.085 0.07;0.026 0.067 0.063 0.053 0.075 0.055 0.061 0.096 0.042 0.059 0.065 0.089 0.085 0.094 0.07;0.026 0.063 0.055 0.042 0.089 0.067 0.053 0.075 0.061 0.059 0.085 0.096 0.094 0.065 0.07;
0.026 0.053 0.041 0.052 0.094 0.061 0.048 0.095 0.052 0.048 0.086 0.074 0.078 0.104 0.088;0.026 0.053 0.061 0.048 0.095 0.041 0.052 0.094 0.052 0.048 0.086 0.074 0.104 0.078 0.088;0.026 0.061 0.041 0.052 0.074 0.053 0.048 0.095 0.052 0.048 0.104 0.094 0.078 0.086 0.088;
0.022 0.069 0.058 0.059 0.095 0.057 0.051 0.086 0.038 0.042 0.073 0.078 0.101 0.099 0.072;0.022 0.069 0.057 0.051 0.086 0.058 0.059 0.095 0.038 0.042 0.073 0.078 0.099 0.101 0.072;0.022 0.057 0.058 0.038 0.078 0.069 0.051 0.086 0.059 0.042 0.099 0.095 0.101 0.073 0.072;
0.031 0.062 0.056 0.052 0.097 0.055 0.041 0.083 0.038 0.054 0.078 0.074 0.082 0.109 0.088;0.031 0.062 0.055 0.041 0.083 0.056 0.052 0.097 0.038 0.054 0.078 0.074 0.109 0.082 0.088;0.031 0.055 0.056 0.038 0.074 0.062 0.041 0.083 0.052 0.054 0.109 0.097 0.082 0.078 0.088;
0.02 0.041 0.055 0.056 0.109 0.058 0.05 0.086 0.055 0.047 0.086 0.079 0.086 0.086 0.086;0.02 0.041 0.058 0.05 0.086 0.055 0.056 0.109 0.055 0.047 0.086 0.079 0.086 0.086 0.086;0.02 0.058 0.055 0.055 0.079 0.041 0.05 0.086 0.056 0.047 0.086 0.109 0.086 0.086 0.086;
0.026 0.066 0.049 0.053 0.109 0.056 0.044 0.091 0.053 0.059 0.077 0.065 0.09 0.088 0.074;0.026 0.066 0.056 0.044 0.091 0.049 0.053 0.109 0.053 0.059 0.077 0.065 0.088 0.09 0.074;0.026 0.056 0.049 0.053 0.065 0.066 0.044 0.091 0.053 0.059 0.088 0.109 0.09 0.077 0.074;
0.028 0.074 0.057 0.06 0.071 0.038 0.038 0.095 0.045 0.043 0.085 0.083 0.083 0.105 0.095;0.028 0.074 0.038 0.038 0.095 0.057 0.06 0.071 0.045 0.043 0.085 0.083 0.105 0.083 0.095;0.028 0.038 0.057 0.045 0.083 0.074 0.038 0.095 0.06 0.043 0.105 0.071 0.083 0.085 0.095;
0.024 0.066 0.048 0.046 0.09 0.056 0.045 0.093 0.041 0.045 0.074 0.081 0.112 0.097 0.082;0.024 0.066 0.056 0.045 0.093 0.048 0.046 0.09 0.041 0.045 0.074 0.081 0.097 0.112 0.082;0.024 0.056 0.048 0.041 0.081 0.066 0.045 0.093 0.046 0.045 0.097 0.09 0.112 0.074 0.082;
0.023 0.082 0.058 0.051 0.104 0.047 0.048 0.067 0.032 0.053 0.1 0.069 0.08 0.099 0.087;0.023 0.082 0.047 0.048 0.067 0.058 0.051 0.104 0.032 0.053 0.1 0.069 0.099 0.08 0.087;0.023 0.047 0.058 0.032 0.069 0.082 0.048 0.067 0.051 0.053 0.099 0.104 0.08 0.1 0.087;
0.028 0.052 0.043 0.074 0.099 0.059 0.039 0.087 0.053 0.054 0.087 0.068 0.073 0.091 0.093;0.028 0.052 0.059 0.039 0.087 0.043 0.074 0.099 0.053 0.054 0.087 0.068 0.091 0.073 0.093;0.028 0.059 0.043 0.053 0.068 0.052 0.039 0.087 0.074 0.054 0.091 0.099 0.073 0.087 0.093;
0.039 0.04 0.051 0.048 0.087 0.049 0.05 0.091 0.046 0.052 0.081 0.09 0.089 0.085 0.102;0.039 0.04 0.049 0.05 0.091 0.051 0.048 0.087 0.046 0.052 0.081 0.09 0.085 0.089 0.102;0.039 0.049 0.051 0.046 0.09 0.04 0.05 0.091 0.048 0.052 0.085 0.087 0.089 0.081 0.102;
0.026 0.058 0.054 0.069 0.082 0.051 0.053 0.073 0.046 0.045 0.083 0.088 0.094 0.1 0.078;0.026 0.058 0.051 0.053 0.073 0.054 0.069 0.082 0.046 0.045 0.083 0.088 0.1 0.094 0.078;0.026 0.051 0.054 0.046 0.088 0.058 0.053 0.073 0.069 0.045 0.1 0.082 0.094 0.083 0.078;
0.023 0.061 0.044 0.054 0.086 0.051 0.046 0.072 0.03 0.055 0.102 0.092 0.075 0.123 0.086;0.023 0.061 0.051 0.046 0.072 0.044 0.054 0.086 0.03 0.055 0.102 0.092 0.123 0.075 0.086;0.023 0.051 0.044 0.03 0.092 0.061 0.046 0.072 0.054 0.055 0.123 0.086 0.075 0.102 0.086;
0.015 0.058 0.048 0.057 0.086 0.054 0.051 0.084 0.045 0.064 0.077 0.089 0.088 0.105 0.079;0.015 0.058 0.054 0.051 0.084 0.048 0.057 0.086 0.045 0.064 0.077 0.089 0.105 0.088 0.079;0.015 0.054 0.048 0.045 0.089 0.058 0.051 0.084 0.057 0.064 0.105 0.086 0.088 0.077 0.079;
0.022 0.046 0.039 0.057 0.102 0.059 0.047 0.082 0.045 0.047 0.089 0.082 0.088 0.114 0.081;0.022 0.046 0.059 0.047 0.082 0.039 0.057 0.102 0.045 0.047 0.089 0.082 0.114 0.088 0.081;0.022 0.059 0.039 0.045 0.082 0.046 0.047 0.082 0.057 0.047 0.114 0.102 0.088 0.089 0.081;
0.019 0.057 0.048 0.067 0.085 0.058 0.05 0.089 0.035 0.049 0.082 0.088 0.087 0.09 0.096;0.019 0.057 0.058 0.05 0.089 0.048 0.067 0.085 0.035 0.049 0.082 0.088 0.09 0.087 0.096;0.019 0.058 0.048 0.035 0.088 0.057 0.05 0.089 0.067 0.049 0.09 0.085 0.087 0.082 0.096;
0.024 0.053 0.064 0.064 0.093 0.046 0.044 0.077 0.043 0.053 0.082 0.094 0.082 0.109 0.072;0.024 0.053 0.046 0.044 0.077 0.064 0.064 0.093 0.043 0.053 0.082 0.094 0.109 0.082 0.072;0.024 0.046 0.064 0.043 0.094 0.053 0.044 0.077 0.064 0.053 0.109 0.093 0.082 0.082 0.072;
0.025 0.059 0.057 0.077 0.104 0.052 0.042 0.092 0.036 0.041 0.077 0.074 0.093 0.092 0.079;0.025 0.059 0.052 0.042 0.092 0.057 0.077 0.104 0.036 0.041 0.077 0.074 0.092 0.093 0.079;0.025 0.052 0.057 0.036 0.074 0.059 0.042 0.092 0.077 0.041 0.092 0.104 0.093 0.077 0.079;
0.03 0.052 0.043 0.064 0.086 0.059 0.045 0.092 0.045 0.054 0.079 0.092 0.072 0.097 0.09;0.03 0.052 0.059 0.045 0.092 0.043 0.064 0.086 0.045 0.054 0.079 0.092 0.097 0.072 0.09;0.03 0.059 0.043 0.045 0.092 0.052 0.045 0.092 0.064 0.054 0.097 0.086 0.072 0.079 0.09;
0.021 0.047 0.047 0.057 0.117 0.056 0.034 0.095 0.032 0.051 0.088 0.086 0.084 0.111 0.074;0.021 0.047 0.056 0.034 0.095 0.047 0.057 0.117 0.032 0.051 0.088 0.086 0.111 0.084 0.074;0.021 0.056 0.047 0.032 0.086 0.047 0.034 0.095 0.057 0.051 0.111 0.117 0.084 0.088 0.074;
0.017 0.043 0.059 0.072 0.099 0.047 0.035 0.077 0.043 0.046 0.082 0.109 0.089 0.1 0.082;0.017 0.043 0.047 0.035 0.077 0.059 0.072 0.099 0.043 0.046 0.082 0.109 0.1 0.089 0.082;0.017 0.047 0.059 0.043 0.109 0.043 0.035 0.077 0.072 0.046 0.1 0.099 0.089 0.082 0.082;
0.02 0.052 0.05 0.051 0.1 0.058 0.042 0.088 0.058 0.059 0.081 0.082 0.084 0.095 0.08;0.02 0.052 0.058 0.042 0.088 0.05 0.051 0.1 0.058 0.059 0.081 0.082 0.095 0.084 0.08;0.02 0.058 0.05 0.058 0.082 0.052 0.042 0.088 0.051 0.059 0.095 0.1 0.084 0.081 0.08;
0.027 0.038 0.062 0.053 0.098 0.055 0.039 0.086 0.042 0.064 0.081 0.083 0.087 0.099 0.086;0.027 0.038 0.055 0.039 0.086 0.062 0.053 0.098 0.042 0.064 0.081 0.083 0.099 0.087 0.086;0.027 0.055 0.062 0.042 0.083 0.038 0.039 0.086 0.053 0.064 0.099 0.098 0.087 0.081 0.086;
0.024 0.055 0.066 0.059 0.107 0.044 0.045 0.078 0.043 0.049 0.097 0.086 0.086 0.106 0.055;0.024 0.055 0.044 0.045 0.078 0.066 0.059 0.107 0.043 0.049 0.097 0.086 0.106 0.086 0.055;0.024 0.044 0.066 0.043 0.086 0.055 0.045 0.078 0.059 0.049 0.106 0.107 0.086 0.097 0.055;
0.017 0.04 0.054 0.056 0.092 0.059 0.046 0.073 0.04 0.044 0.098 0.086 0.088 0.119 0.088;0.017 0.04 0.059 0.046 0.073 0.054 0.056 0.092 0.04 0.044 0.098 0.086 0.119 0.088 0.088;0.017 0.059 0.054 0.04 0.086 0.04 0.046 0.073 0.056 0.044 0.119 0.092 0.088 0.098 0.088;
0.021 0.047 0.052 0.062 0.092 0.065 0.044 0.089 0.041 0.049 0.081 0.095 0.081 0.103 0.078;0.021 0.047 0.065 0.044 0.089 0.052 0.062 0.092 0.041 0.049 0.081 0.095 0.103 0.081 0.078;0.021 0.065 0.052 0.041 0.095 0.047 0.044 0.089 0.062 0.049 0.103 0.092 0.081 0.081 0.078;
0.019 0.046 0.039 0.059 0.113 0.059 0.047 0.089 0.04 0.048 0.085 0.083 0.09 0.09 0.093;0.019 0.046 0.059 0.047 0.089 0.039 0.059 0.113 0.04 0.048 0.085 0.083 0.09 0.09 0.093;0.019 0.059 0.039 0.04 0.083 0.046 0.047 0.089 0.059 0.048 0.09 0.113 0.09 0.085 0.093;
0.019 0.049 0.046 0.061 0.097 0.045 0.037 0.091 0.045 0.058 0.088 0.079 0.091 0.099 0.095;0.019 0.049 0.045 0.037 0.091 0.046 0.061 0.097 0.045 0.058 0.088 0.079 0.099 0.091 0.095;0.019 0.045 0.046 0.045 0.079 0.049 0.037 0.091 0.061 0.058 0.099 0.097 0.091 0.088 0.095;
0.017 0.061 0.053 0.055 0.109 0.057 0.044 0.085 0.049 0.054 0.068 0.088 0.074 0.109 0.077;0.017 0.061 0.057 0.044 0.085 0.053 0.055 0.109 0.049 0.054 0.068 0.088 0.109 0.074 0.077;0.017 0.057 0.053 0.049 0.088 0.061 0.044 0.085 0.055 0.054 0.109 0.109 0.074 0.068 0.077;
0.026 0.05 0.053 0.064 0.096 0.052 0.049 0.086 0.052 0.051 0.079 0.089 0.078 0.091 0.084;0.026 0.05 0.052 0.049 0.086 0.053 0.064 0.096 0.052 0.051 0.079 0.089 0.091 0.078 0.084;0.026 0.052 0.053 0.052 0.089 0.05 0.049 0.086 0.064 0.051 0.091 0.096 0.078 0.079 0.084;
0.028 0.045 0.056 0.079 0.082 0.051 0.03 0.092 0.049 0.039 0.069 0.102 0.082 0.102 0.094;0.028 0.045 0.051 0.03 0.092 0.056 0.079 0.082 0.049 0.039 0.069 0.102 0.102 0.082 0.094;0.028 0.051 0.056 0.049 0.102 0.045 0.03 0.092 0.079 0.039 0.102 0.082 0.082 0.069 0.094;
0.016 0.06 0.042 0.068 0.087 0.057 0.043 0.098 0.039 0.066 0.098 0.09 0.074 0.079 0.083;0.016 0.06 0.057 0.043 0.098 0.042 0.068 0.087 0.039 0.066 0.098 0.09 0.079 0.074 0.083;0.016 0.057 0.042 0.039 0.09 0.06 0.043 0.098 0.068 0.066 0.079 0.087 0.074 0.098 0.083;
0.025 0.061 0.046 0.064 0.103 0.055 0.048 0.076 0.029 0.054 0.074 0.086 0.094 0.105 0.08;0.025 0.061 0.055 0.048 0.076 0.046 0.064 0.103 0.029 0.054 0.074 0.086 0.105 0.094 0.08;0.025 0.055 0.046 0.029 0.086 0.061 0.048 0.076 0.064 0.054 0.105 0.103 0.094 0.074 0.08;
0.022 0.046 0.059 0.055 0.092 0.061 0.042 0.079 0.047 0.054 0.083 0.078 0.085 0.114 0.083;0.022 0.046 0.061 0.042 0.079 0.059 0.055 0.092 0.047 0.054 0.083 0.078 0.114 0.085 0.083;0.022 0.061 0.059 0.047 0.078 0.046 0.042 0.079 0.055 0.054 0.114 0.092 0.085 0.083 0.083;
0.013 0.052 0.049 0.051 0.108 0.062 0.046 0.083 0.048 0.044 0.078 0.076 0.102 0.105 0.083;0.013 0.052 0.062 0.046 0.083 0.049 0.051 0.108 0.048 0.044 0.078 0.076 0.105 0.102 0.083;0.013 0.062 0.049 0.048 0.076 0.052 0.046 0.083 0.051 0.044 0.105 0.108 0.102 0.078 0.083;
0.021 0.057 0.054 0.056 0.07 0.051 0.042 0.083 0.05 0.047 0.079 0.101 0.087 0.109 0.093;0.021 0.057 0.051 0.042 0.083 0.054 0.056 0.07 0.05 0.047 0.079 0.101 0.109 0.087 0.093;0.021 0.051 0.054 0.05 0.101 0.057 0.042 0.083 0.056 0.047 0.109 0.07 0.087 0.079 0.093;
0.02 0.061 0.046 0.06 0.095 0.066 0.042 0.1 0.032 0.043 0.086 0.09 0.07 0.082 0.107;0.02 0.061 0.066 0.042 0.1 0.046 0.06 0.095 0.032 0.043 0.086 0.09 0.082 0.07 0.107;0.02 0.066 0.046 0.032 0.09 0.061 0.042 0.1 0.06 0.043 0.082 0.095 0.07 0.086 0.107;
0.024 0.047 0.051 0.063 0.099 0.058 0.044 0.086 0.042 0.054 0.084 0.093 0.087 0.08 0.088;0.024 0.047 0.058 0.044 0.086 0.051 0.063 0.099 0.042 0.054 0.084 0.093 0.08 0.087 0.088;0.024 0.058 0.051 0.042 0.093 0.047 0.044 0.086 0.063 0.054 0.08 0.099 0.087 0.084 0.088;
0.022 0.056 0.054 0.065 0.08 0.052 0.041 0.085 0.044 0.049 0.081 0.084 0.078 0.121 0.088;0.022 0.056 0.052 0.041 0.085 0.054 0.065 0.08 0.044 0.049 0.081 0.084 0.121 0.078 0.088;0.022 0.052 0.054 0.044 0.084 0.056 0.041 0.085 0.065 0.049 0.121 0.08 0.078 0.081 0.088;
0.018 0.053 0.063 0.052 0.098 0.056 0.039 0.09 0.04 0.051 0.096 0.095 0.081 0.103 0.065;0.018 0.053 0.056 0.039 0.09 0.063 0.052 0.098 0.04 0.051 0.096 0.095 0.103 0.081 0.065;0.018 0.056 0.063 0.04 0.095 0.053 0.039 0.09 0.052 0.051 0.103 0.098 0.081 0.096 0.065;
0.024 0.052 0.046 0.058 0.115 0.054 0.04 0.09 0.034 0.057 0.097 0.072 0.088 0.1 0.073;0.024 0.052 0.054 0.04 0.09 0.046 0.058 0.115 0.034 0.057 0.097 0.072 0.1 0.088 0.073;0.024 0.054 0.046 0.034 0.072 0.052 0.04 0.09 0.058 0.057 0.1 0.115 0.088 0.097 0.073;
0.013 0.052 0.059 0.054 0.102 0.041 0.036 0.079 0.055 0.057 0.098 0.081 0.087 0.105 0.081;0.013 0.052 0.041 0.036 0.079 0.059 0.054 0.102 0.055 0.057 0.098 0.081 0.105 0.087 0.081;0.013 0.041 0.059 0.055 0.081 0.052 0.036 0.079 0.054 0.057 0.105 0.102 0.087 0.098 0.081;
0.018 0.061 0.046 0.063 0.103 0.051 0.04 0.096 0.04 0.06 0.091 0.074 0.069 0.1 0.088;0.018 0.061 0.051 0.04 0.096 0.046 0.063 0.103 0.04 0.06 0.091 0.074 0.1 0.069 0.088;0.018 0.051 0.046 0.04 0.074 0.061 0.04 0.096 0.063 0.06 0.1 0.103 0.069 0.091 0.088;
0.023 0.046 0.061 0.049 0.097 0.064 0.052 0.082 0.037 0.057 0.087 0.089 0.08 0.1 0.076;0.023 0.046 0.064 0.052 0.082 0.061 0.049 0.097 0.037 0.057 0.087 0.089 0.1 0.08 0.076;0.023 0.064 0.061 0.037 0.089 0.046 0.052 0.082 0.049 0.057 0.1 0.097 0.08 0.087 0.076;
0.029 0.061 0.042 0.053 0.109 0.058 0.039 0.09 0.032 0.054 0.093 0.099 0.072 0.089 0.08;0.029 0.061 0.058 0.039 0.09 0.042 0.053 0.109 0.032 0.054 0.093 0.099 0.089 0.072 0.08;0.029 0.058 0.042 0.032 0.099 0.061 0.039 0.09 0.053 0.054 0.089 0.109 0.072 0.093 0.08;
0.02 0.047 0.071 0.063 0.084 0.053 0.044 0.076 0.037 0.053 0.078 0.092 0.079 0.099 0.104;0.02 0.047 0.053 0.044 0.076 0.071 0.063 0.084 0.037 0.053 0.078 0.092 0.099 0.079 0.104;0.02 0.053 0.071 0.037 0.092 0.047 0.044 0.076 0.063 0.053 0.099 0.084 0.079 0.078 0.104;
0.03 0.052 0.05 0.061 0.097 0.06 0.04 0.088 0.029 0.068 0.085 0.103 0.073 0.081 0.083;0.03 0.052 0.06 0.04 0.088 0.05 0.061 0.097 0.029 0.068 0.085 0.103 0.081 0.073 0.083;0.03 0.06 0.05 0.029 0.103 0.052 0.04 0.088 0.061 0.068 0.081 0.097 0.073 0.085 0.083;
0.026 0.063 0.059 0.064 0.102 0.057 0.037 0.077 0.033 0.052 0.079 0.08 0.078 0.102 0.091;0.026 0.063 0.057 0.037 0.077 0.059 0.064 0.102 0.033 0.052 0.079 0.08 0.102 0.078 0.091;0.026 0.057 0.059 0.033 0.08 0.063 0.037 0.077 0.064 0.052 0.102 0.102 0.078 0.079 0.091;
0.02 0.054 0.048 0.062 0.108 0.047 0.045 0.091 0.041 0.049 0.083 0.076 0.096 0.097 0.083;0.02 0.054 0.047 0.045 0.091 0.048 0.062 0.108 0.041 0.049 0.083 0.076 0.097 0.096 0.083;0.02 0.047 0.048 0.041 0.076 0.054 0.045 0.091 0.062 0.049 0.097 0.108 0.096 0.083 0.083;
0.013 0.053 0.063 0.067 0.096 0.055 0.047 0.084 0.035 0.052 0.091 0.077 0.094 0.086 0.087;0.013 0.053 0.055 0.047 0.084 0.063 0.067 0.096 0.035 0.052 0.091 0.077 0.086 0.094 0.087;0.013 0.055 0.063 0.035 0.077 0.053 0.047 0.084 0.067 0.052 0.086 0.096 0.094 0.091 0.087;
0.023 0.046 0.054 0.058 0.103 0.062 0.044 0.089 0.038 0.05 0.08 0.08 0.098 0.097 0.078;0.023 0.046 0.062 0.044 0.089 0.054 0.058 0.103 0.038 0.05 0.08 0.08 0.097 0.098 0.078;0.023 0.062 0.054 0.038 0.08 0.046 0.044 0.089 0.058 0.05 0.097 0.103 0.098 0.08 0.078;
0.021 0.055 0.053 0.06 0.103 0.045 0.041 0.084 0.042 0.044 0.102 0.088 0.093 0.09 0.079;0.021 0.055 0.045 0.041 0.084 0.053 0.06 0.103 0.042 0.044 0.102 0.088 0.09 0.093 0.079;0.021 0.045 0.053 0.042 0.088 0.055 0.041 0.084 0.06 0.044 0.09 0.103 0.093 0.102 0.079;
0.024 0.063 0.04 0.063 0.109 0.059 0.051 0.075 0.048 0.045 0.087 0.084 0.071 0.091 0.09;0.024 0.063 0.059 0.051 0.075 0.04 0.063 0.109 0.048 0.045 0.087 0.084 0.091 0.071 0.09;0.024 0.059 0.04 0.048 0.084 0.063 0.051 0.075 0.063 0.045 0.091 0.109 0.071 0.087 0.09;
0.015 0.045 0.046 0.064 0.101 0.047 0.045 0.101 0.048 0.062 0.071 0.087 0.081 0.094 0.093;0.015 0.045 0.047 0.045 0.101 0.046 0.064 0.101 0.048 0.062 0.071 0.087 0.094 0.081 0.093;0.015 0.047 0.046 0.048 0.087 0.045 0.045 0.101 0.064 0.062 0.094 0.101 0.081 0.071 0.093;
0.03 0.054 0.046 0.069 0.1 0.044 0.047 0.077 0.046 0.039 0.082 0.085 0.094 0.099 0.088;0.03 0.054 0.044 0.047 0.077 0.046 0.069 0.1 0.046 0.039 0.082 0.085 0.099 0.094 0.088;0.03 0.044 0.046 0.046 0.085 0.054 0.047 0.077 0.069 0.039 0.099 0.1 0.094 0.082 0.088];