pntP=[0.046 0.066 0.045 0.077 0.115 0.07 0.038 0.089 0.032 0.047 0.063 0.066 0.076 0.091 0.079;0.046 0.066 0.07 0.038 0.089 0.045 0.077 0.115 0.032 0.047 0.063 0.066 0.091 0.076 0.079;0.046 0.07 0.045 0.032 0.066 0.066 0.038 0.089 0.077 0.047 0.091 0.115 0.076 0.063 0.079;
0.041 0.073 0.063 0.082 0.102 0.079 0.04 0.087 0.042 0.045 0.066 0.073 0.061 0.09 0.056;0.041 0.073 0.079 0.04 0.087 0.063 0.082 0.102 0.042 0.045 0.066 0.073 0.09 0.061 0.056;0.041 0.079 0.063 0.042 0.073 0.073 0.04 0.087 0.082 0.045 0.09 0.102 0.061 0.066 0.056;
0.05 0.083 0.056 0.09 0.09 0.083 0.039 0.064 0.032 0.048 0.066 0.07 0.081 0.079 0.069;0.05 0.083 0.083 0.039 0.064 0.056 0.09 0.09 0.032 0.048 0.066 0.07 0.079 0.081 0.069;0.05 0.083 0.056 0.032 0.07 0.083 0.039 0.064 0.09 0.048 0.079 0.09 0.081 0.066 0.069;
0.041 0.07 0.054 0.068 0.098 0.081 0.046 0.091 0.041 0.043 0.07 0.067 0.068 0.091 0.071;0.041 0.07 0.081 0.046 0.091 0.054 0.068 0.098 0.041 0.043 0.07 0.067 0.091 0.068 0.071;0.041 0.081 0.054 0.041 0.067 0.07 0.046 0.091 0.068 0.043 0.091 0.098 0.068 0.07 0.071;
0.026 0.061 0.056 0.077 0.098 0.071 0.038 0.085 0.027 0.051 0.075 0.079 0.066 0.124 0.066;0.026 0.061 0.071 0.038 0.085 0.056 0.077 0.098 0.027 0.051 0.075 0.079 0.124 0.066 0.066;0.026 0.071 0.056 0.027 0.079 0.061 0.038 0.085 0.077 0.051 0.124 0.098 0.066 0.075 0.066;
0.034 0.085 0.056 0.088 0.1 0.083 0.038 0.08 0.035 0.055 0.073 0.062 0.061 0.101 0.049;0.034 0.085 0.083 0.038 0.08 0.056 0.088 0.1 0.035 0.055 0.073 0.062 0.101 0.061 0.049;0.034 0.083 0.056 0.035 0.062 0.085 0.038 0.08 0.088 0.055 0.101 0.1 0.061 0.073 0.049;
0.036 0.067 0.056 0.07 0.101 0.082 0.04 0.103 0.033 0.06 0.066 0.071 0.06 0.108 0.047;0.036 0.067 0.082 0.04 0.103 0.056 0.07 0.101 0.033 0.06 0.066 0.071 0.108 0.06 0.047;0.036 0.082 0.056 0.033 0.071 0.067 0.04 0.103 0.07 0.06 0.108 0.101 0.06 0.066 0.047;
0.039 0.053 0.054 0.067 0.107 0.068 0.055 0.087 0.031 0.047 0.07 0.069 0.068 0.121 0.064;0.039 0.053 0.068 0.055 0.087 0.054 0.067 0.107 0.031 0.047 0.07 0.069 0.121 0.068 0.064;0.039 0.068 0.054 0.031 0.069 0.053 0.055 0.087 0.067 0.047 0.121 0.107 0.068 0.07 0.064;
0.043 0.074 0.046 0.096 0.101 0.092 0.037 0.078 0.026 0.054 0.058 0.072 0.059 0.103 0.061;0.043 0.074 0.092 0.037 0.078 0.046 0.096 0.101 0.026 0.054 0.058 0.072 0.103 0.059 0.061;0.043 0.092 0.046 0.026 0.072 0.074 0.037 0.078 0.096 0.054 0.103 0.101 0.059 0.058 0.061;
0.049 0.079 0.048 0.073 0.103 0.071 0.041 0.087 0.033 0.057 0.067 0.064 0.075 0.093 0.06;0.049 0.079 0.071 0.041 0.087 0.048 0.073 0.103 0.033 0.057 0.067 0.064 0.093 0.075 0.06;0.049 0.071 0.048 0.033 0.064 0.079 0.041 0.087 0.073 0.057 0.093 0.103 0.075 0.067 0.06;
0.041 0.065 0.056 0.091 0.113 0.058 0.042 0.091 0.025 0.053 0.065 0.055 0.066 0.115 0.064;0.041 0.065 0.058 0.042 0.091 0.056 0.091 0.113 0.025 0.053 0.065 0.055 0.115 0.066 0.064;0.041 0.058 0.056 0.025 0.055 0.065 0.042 0.091 0.091 0.053 0.115 0.113 0.066 0.065 0.064;
0.036 0.07 0.052 0.085 0.099 0.082 0.046 0.077 0.037 0.053 0.066 0.069 0.054 0.099 0.075;0.036 0.07 0.082 0.046 0.077 0.052 0.085 0.099 0.037 0.053 0.066 0.069 0.099 0.054 0.075;0.036 0.082 0.052 0.037 0.069 0.07 0.046 0.077 0.085 0.053 0.099 0.099 0.054 0.066 0.075;
0.038 0.073 0.054 0.077 0.114 0.059 0.043 0.078 0.032 0.053 0.062 0.074 0.057 0.113 0.073;0.038 0.073 0.059 0.043 0.078 0.054 0.077 0.114 0.032 0.053 0.062 0.074 0.113 0.057 0.073;0.038 0.059 0.054 0.032 0.074 0.073 0.043 0.078 0.077 0.053 0.113 0.114 0.057 0.062 0.073;
0.035 0.076 0.057 0.077 0.105 0.069 0.053 0.087 0.036 0.049 0.048 0.07 0.055 0.116 0.067;0.035 0.076 0.069 0.053 0.087 0.057 0.077 0.105 0.036 0.049 0.048 0.07 0.116 0.055 0.067;0.035 0.069 0.057 0.036 0.07 0.076 0.053 0.087 0.077 0.049 0.116 0.105 0.055 0.048 0.067;
0.049 0.073 0.052 0.082 0.097 0.069 0.04 0.096 0.035 0.052 0.073 0.061 0.051 0.099 0.071;0.049 0.073 0.069 0.04 0.096 0.052 0.082 0.097 0.035 0.052 0.073 0.061 0.099 0.051 0.071;0.049 0.069 0.052 0.035 0.061 0.073 0.04 0.096 0.082 0.052 0.099 0.097 0.051 0.073 0.071;
0.035 0.072 0.057 0.068 0.097 0.071 0.049 0.098 0.028 0.039 0.077 0.065 0.063 0.118 0.063;0.035 0.072 0.071 0.049 0.098 0.057 0.068 0.097 0.028 0.039 0.077 0.065 0.118 0.063 0.063;0.035 0.071 0.057 0.028 0.065 0.072 0.049 0.098 0.068 0.039 0.118 0.097 0.063 0.077 0.063;
0.044 0.068 0.053 0.078 0.096 0.071 0.046 0.1 0.031 0.052 0.064 0.068 0.068 0.097 0.064;0.044 0.068 0.071 0.046 0.1 0.053 0.078 0.096 0.031 0.052 0.064 0.068 0.097 0.068 0.064;0.044 0.071 0.053 0.031 0.068 0.068 0.046 0.1 0.078 0.052 0.097 0.096 0.068 0.064 0.064;
0.038 0.071 0.065 0.08 0.098 0.071 0.044 0.081 0.035 0.055 0.073 0.07 0.057 0.107 0.055;0.038 0.071 0.071 0.044 0.081 0.065 0.08 0.098 0.035 0.055 0.073 0.07 0.107 0.057 0.055;0.038 0.071 0.065 0.035 0.07 0.071 0.044 0.081 0.08 0.055 0.107 0.098 0.057 0.073 0.055;
0.04 0.076 0.064 0.075 0.101 0.069 0.038 0.08 0.032 0.059 0.068 0.081 0.058 0.091 0.068;0.04 0.076 0.069 0.038 0.08 0.064 0.075 0.101 0.032 0.059 0.068 0.081 0.091 0.058 0.068;0.04 0.069 0.064 0.032 0.081 0.076 0.038 0.08 0.075 0.059 0.091 0.101 0.058 0.068 0.068;
0.039 0.078 0.057 0.06 0.122 0.081 0.055 0.087 0.033 0.045 0.073 0.058 0.059 0.096 0.057;0.039 0.078 0.081 0.055 0.087 0.057 0.06 0.122 0.033 0.045 0.073 0.058 0.096 0.059 0.057;0.039 0.081 0.057 0.033 0.058 0.078 0.055 0.087 0.06 0.045 0.096 0.122 0.059 0.073 0.057;
0.049 0.053 0.048 0.078 0.104 0.084 0.035 0.083 0.037 0.054 0.071 0.078 0.062 0.105 0.059;0.049 0.053 0.084 0.035 0.083 0.048 0.078 0.104 0.037 0.054 0.071 0.078 0.105 0.062 0.059;0.049 0.084 0.048 0.037 0.078 0.053 0.035 0.083 0.078 0.054 0.105 0.104 0.062 0.071 0.059;
0.044 0.08 0.05 0.07 0.103 0.082 0.035 0.081 0.032 0.063 0.072 0.052 0.063 0.106 0.067;0.044 0.08 0.082 0.035 0.081 0.05 0.07 0.103 0.032 0.063 0.072 0.052 0.106 0.063 0.067;0.044 0.082 0.05 0.032 0.052 0.08 0.035 0.081 0.07 0.063 0.106 0.103 0.063 0.072 0.067;
0.041 0.062 0.056 0.081 0.103 0.09 0.041 0.089 0.028 0.05 0.051 0.074 0.072 0.106 0.056;0.041 0.062 0.09 0.041 0.089 0.056 0.081 0.103 0.028 0.05 0.051 0.074 0.106 0.072 0.056;0.041 0.09 0.056 0.028 0.074 0.062 0.041 0.089 0.081 0.05 0.106 0.103 0.072 0.051 0.056;
0.046 0.086 0.063 0.072 0.117 0.074 0.034 0.085 0.024 0.044 0.059 0.056 0.067 0.106 0.067;0.046 0.086 0.074 0.034 0.085 0.063 0.072 0.117 0.024 0.044 0.059 0.056 0.106 0.067 0.067;0.046 0.074 0.063 0.024 0.056 0.086 0.034 0.085 0.072 0.044 0.106 0.117 0.067 0.059 0.067;
0.046 0.076 0.046 0.067 0.086 0.071 0.056 0.092 0.031 0.053 0.062 0.06 0.067 0.111 0.076;0.046 0.076 0.071 0.056 0.092 0.046 0.067 0.086 0.031 0.053 0.062 0.06 0.111 0.067 0.076;0.046 0.071 0.046 0.031 0.06 0.076 0.056 0.092 0.067 0.053 0.111 0.086 0.067 0.062 0.076;
0.046 0.101 0.055 0.072 0.114 0.066 0.05 0.07 0.03 0.051 0.057 0.065 0.061 0.1 0.062;0.046 0.101 0.066 0.05 0.07 0.055 0.072 0.114 0.03 0.051 0.057 0.065 0.1 0.061 0.062;0.046 0.066 0.055 0.03 0.065 0.101 0.05 0.07 0.072 0.051 0.1 0.114 0.061 0.057 0.062;
0.047 0.081 0.053 0.069 0.103 0.081 0.048 0.082 0.043 0.062 0.05 0.07 0.057 0.093 0.061;0.047 0.081 0.081 0.048 0.082 0.053 0.069 0.103 0.043 0.062 0.05 0.07 0.093 0.057 0.061;0.047 0.081 0.053 0.043 0.07 0.081 0.048 0.082 0.069 0.062 0.093 0.103 0.057 0.05 0.061;
0.032 0.075 0.045 0.084 0.105 0.076 0.049 0.083 0.032 0.05 0.067 0.062 0.078 0.095 0.067;0.032 0.075 0.076 0.049 0.083 0.045 0.084 0.105 0.032 0.05 0.067 0.062 0.095 0.078 0.067;0.032 0.076 0.045 0.032 0.062 0.075 0.049 0.083 0.084 0.05 0.095 0.105 0.078 0.067 0.067;
0.043 0.074 0.051 0.086 0.113 0.093 0.046 0.073 0.037 0.044 0.065 0.074 0.054 0.084 0.063;0.043 0.074 0.093 0.046 0.073 0.051 0.086 0.113 0.037 0.044 0.065 0.074 0.084 0.054 0.063;0.043 0.093 0.051 0.037 0.074 0.074 0.046 0.073 0.086 0.044 0.084 0.113 0.054 0.065 0.063;
0.039 0.069 0.048 0.084 0.11 0.075 0.048 0.088 0.027 0.052 0.058 0.076 0.06 0.09 0.076;0.039 0.069 0.075 0.048 0.088 0.048 0.084 0.11 0.027 0.052 0.058 0.076 0.09 0.06 0.076;0.039 0.075 0.048 0.027 0.076 0.069 0.048 0.088 0.084 0.052 0.09 0.11 0.06 0.058 0.076;
0.049 0.087 0.044 0.076 0.105 0.075 0.055 0.088 0.029 0.043 0.066 0.072 0.054 0.095 0.062;0.049 0.087 0.075 0.055 0.088 0.044 0.076 0.105 0.029 0.043 0.066 0.072 0.095 0.054 0.062;0.049 0.075 0.044 0.029 0.072 0.087 0.055 0.088 0.076 0.043 0.095 0.105 0.054 0.066 0.062;
0.047 0.079 0.05 0.082 0.088 0.071 0.035 0.094 0.035 0.044 0.069 0.075 0.067 0.101 0.063;0.047 0.079 0.071 0.035 0.094 0.05 0.082 0.088 0.035 0.044 0.069 0.075 0.101 0.067 0.063;0.047 0.071 0.05 0.035 0.075 0.079 0.035 0.094 0.082 0.044 0.101 0.088 0.067 0.069 0.063;
0.035 0.078 0.05 0.085 0.087 0.078 0.031 0.085 0.033 0.052 0.069 0.073 0.072 0.103 0.069;0.035 0.078 0.078 0.031 0.085 0.05 0.085 0.087 0.033 0.052 0.069 0.073 0.103 0.072 0.069;0.035 0.078 0.05 0.033 0.073 0.078 0.031 0.085 0.085 0.052 0.103 0.087 0.072 0.069 0.069;
0.042 0.075 0.036 0.079 0.096 0.085 0.046 0.082 0.026 0.056 0.065 0.067 0.069 0.115 0.061;0.042 0.075 0.085 0.046 0.082 0.036 0.079 0.096 0.026 0.056 0.065 0.067 0.115 0.069 0.061;0.042 0.085 0.036 0.026 0.067 0.075 0.046 0.082 0.079 0.056 0.115 0.096 0.069 0.065 0.061;
0.043 0.08 0.056 0.068 0.09 0.083 0.038 0.083 0.032 0.06 0.054 0.073 0.076 0.093 0.071;0.043 0.08 0.083 0.038 0.083 0.056 0.068 0.09 0.032 0.06 0.054 0.073 0.093 0.076 0.071;0.043 0.083 0.056 0.032 0.073 0.08 0.038 0.083 0.068 0.06 0.093 0.09 0.076 0.054 0.071;
0.036 0.089 0.051 0.088 0.086 0.063 0.038 0.096 0.029 0.062 0.065 0.07 0.059 0.093 0.075;0.036 0.089 0.063 0.038 0.096 0.051 0.088 0.086 0.029 0.062 0.065 0.07 0.093 0.059 0.075;0.036 0.063 0.051 0.029 0.07 0.089 0.038 0.096 0.088 0.062 0.093 0.086 0.059 0.065 0.075;
0.037 0.077 0.051 0.076 0.101 0.069 0.042 0.079 0.033 0.057 0.083 0.065 0.074 0.093 0.063;0.037 0.077 0.069 0.042 0.079 0.051 0.076 0.101 0.033 0.057 0.083 0.065 0.093 0.074 0.063;0.037 0.069 0.051 0.033 0.065 0.077 0.042 0.079 0.076 0.057 0.093 0.101 0.074 0.083 0.063;
0.043 0.093 0.051 0.067 0.089 0.079 0.054 0.081 0.033 0.048 0.063 0.066 0.062 0.105 0.066;0.043 0.093 0.079 0.054 0.081 0.051 0.067 0.089 0.033 0.048 0.063 0.066 0.105 0.062 0.066;0.043 0.079 0.051 0.033 0.066 0.093 0.054 0.081 0.067 0.048 0.105 0.089 0.062 0.063 0.066;
0.033 0.073 0.038 0.085 0.104 0.064 0.047 0.083 0.041 0.057 0.061 0.071 0.065 0.111 0.067;0.033 0.073 0.064 0.047 0.083 0.038 0.085 0.104 0.041 0.057 0.061 0.071 0.111 0.065 0.067;0.033 0.064 0.038 0.041 0.071 0.073 0.047 0.083 0.085 0.057 0.111 0.104 0.065 0.061 0.067;
0.043 0.072 0.058 0.102 0.108 0.072 0.042 0.085 0.025 0.039 0.069 0.066 0.06 0.1 0.059;0.043 0.072 0.072 0.042 0.085 0.058 0.102 0.108 0.025 0.039 0.069 0.066 0.1 0.06 0.059;0.043 0.072 0.058 0.025 0.066 0.072 0.042 0.085 0.102 0.039 0.1 0.108 0.06 0.069 0.059;
0.049 0.068 0.056 0.073 0.114 0.063 0.04 0.097 0.031 0.056 0.067 0.058 0.063 0.105 0.06;0.049 0.068 0.063 0.04 0.097 0.056 0.073 0.114 0.031 0.056 0.067 0.058 0.105 0.063 0.06;0.049 0.063 0.056 0.031 0.058 0.068 0.04 0.097 0.073 0.056 0.105 0.114 0.063 0.067 0.06;
0.042 0.062 0.057 0.09 0.089 0.07 0.051 0.108 0.038 0.041 0.063 0.06 0.065 0.112 0.052;0.042 0.062 0.07 0.051 0.108 0.057 0.09 0.089 0.038 0.041 0.063 0.06 0.112 0.065 0.052;0.042 0.07 0.057 0.038 0.06 0.062 0.051 0.108 0.09 0.041 0.112 0.089 0.065 0.063 0.052;
0.046 0.096 0.057 0.064 0.086 0.067 0.045 0.089 0.037 0.051 0.074 0.061 0.059 0.08 0.088;0.046 0.096 0.067 0.045 0.089 0.057 0.064 0.086 0.037 0.051 0.074 0.061 0.08 0.059 0.088;0.046 0.067 0.057 0.037 0.061 0.096 0.045 0.089 0.064 0.051 0.08 0.086 0.059 0.074 0.088;
0.037 0.075 0.056 0.077 0.108 0.056 0.049 0.091 0.023 0.053 0.072 0.06 0.075 0.099 0.069;0.037 0.075 0.056 0.049 0.091 0.056 0.077 0.108 0.023 0.053 0.072 0.06 0.099 0.075 0.069;0.037 0.056 0.056 0.023 0.06 0.075 0.049 0.091 0.077 0.053 0.099 0.108 0.075 0.072 0.069;
0.035 0.078 0.065 0.085 0.096 0.073 0.058 0.078 0.024 0.051 0.072 0.064 0.055 0.096 0.07;0.035 0.078 0.073 0.058 0.078 0.065 0.085 0.096 0.024 0.051 0.072 0.064 0.096 0.055 0.07;0.035 0.073 0.065 0.024 0.064 0.078 0.058 0.078 0.085 0.051 0.096 0.096 0.055 0.072 0.07;
0.041 0.074 0.049 0.077 0.105 0.085 0.044 0.08 0.03 0.044 0.075 0.079 0.058 0.103 0.056;0.041 0.074 0.085 0.044 0.08 0.049 0.077 0.105 0.03 0.044 0.075 0.079 0.103 0.058 0.056;0.041 0.085 0.049 0.03 0.079 0.074 0.044 0.08 0.077 0.044 0.103 0.105 0.058 0.075 0.056;
0.044 0.07 0.048 0.075 0.099 0.081 0.053 0.092 0.035 0.057 0.071 0.062 0.049 0.105 0.059;0.044 0.07 0.081 0.053 0.092 0.048 0.075 0.099 0.035 0.057 0.071 0.062 0.105 0.049 0.059;0.044 0.081 0.048 0.035 0.062 0.07 0.053 0.092 0.075 0.057 0.105 0.099 0.049 0.071 0.059;
0.035 0.085 0.045 0.079 0.1 0.079 0.041 0.081 0.039 0.055 0.062 0.064 0.066 0.092 0.077;0.035 0.085 0.079 0.041 0.081 0.045 0.079 0.1 0.039 0.055 0.062 0.064 0.092 0.066 0.077;0.035 0.079 0.045 0.039 0.064 0.085 0.041 0.081 0.079 0.055 0.092 0.1 0.066 0.062 0.077;
0.046 0.08 0.053 0.082 0.102 0.06 0.05 0.09 0.031 0.047 0.067 0.061 0.073 0.103 0.055;0.046 0.08 0.06 0.05 0.09 0.053 0.082 0.102 0.031 0.047 0.067 0.061 0.103 0.073 0.055;0.046 0.06 0.053 0.031 0.061 0.08 0.05 0.09 0.082 0.047 0.103 0.102 0.073 0.067 0.055;
0.041 0.077 0.05 0.068 0.09 0.08 0.047 0.089 0.043 0.051 0.075 0.059 0.068 0.1 0.062;0.041 0.077 0.08 0.047 0.089 0.05 0.068 0.09 0.043 0.051 0.075 0.059 0.1 0.068 0.062;0.041 0.08 0.05 0.043 0.059 0.077 0.047 0.089 0.068 0.051 0.1 0.09 0.068 0.075 0.062;
0.032 0.065 0.05 0.092 0.102 0.077 0.043 0.087 0.033 0.058 0.064 0.072 0.051 0.103 0.071;0.032 0.065 0.077 0.043 0.087 0.05 0.092 0.102 0.033 0.058 0.064 0.072 0.103 0.051 0.071;0.032 0.077 0.05 0.033 0.072 0.065 0.043 0.087 0.092 0.058 0.103 0.102 0.051 0.064 0.071;
0.04 0.062 0.057 0.082 0.095 0.075 0.037 0.086 0.038 0.048 0.066 0.075 0.067 0.104 0.068;0.04 0.062 0.075 0.037 0.086 0.057 0.082 0.095 0.038 0.048 0.066 0.075 0.104 0.067 0.068;0.04 0.075 0.057 0.038 0.075 0.062 0.037 0.086 0.082 0.048 0.104 0.095 0.067 0.066 0.068;
0.037 0.073 0.05 0.1 0.103 0.067 0.046 0.079 0.034 0.064 0.071 0.074 0.043 0.088 0.071;0.037 0.073 0.067 0.046 0.079 0.05 0.1 0.103 0.034 0.064 0.071 0.074 0.088 0.043 0.071;0.037 0.067 0.05 0.034 0.074 0.073 0.046 0.079 0.1 0.064 0.088 0.103 0.043 0.071 0.071;
0.045 0.08 0.049 0.085 0.088 0.085 0.043 0.086 0.033 0.051 0.061 0.082 0.06 0.1 0.052;0.045 0.08 0.085 0.043 0.086 0.049 0.085 0.088 0.033 0.051 0.061 0.082 0.1 0.06 0.052;0.045 0.085 0.049 0.033 0.082 0.08 0.043 0.086 0.085 0.051 0.1 0.088 0.06 0.061 0.052;
0.04 0.082 0.049 0.086 0.106 0.067 0.039 0.096 0.027 0.054 0.063 0.063 0.062 0.111 0.055;0.04 0.082 0.067 0.039 0.096 0.049 0.086 0.106 0.027 0.054 0.063 0.063 0.111 0.062 0.055;0.04 0.067 0.049 0.027 0.063 0.082 0.039 0.096 0.086 0.054 0.111 0.106 0.062 0.063 0.055;
0.034 0.066 0.065 0.079 0.115 0.061 0.037 0.09 0.038 0.052 0.065 0.054 0.076 0.107 0.061;0.034 0.066 0.061 0.037 0.09 0.065 0.079 0.115 0.038 0.052 0.065 0.054 0.107 0.076 0.061;0.034 0.061 0.065 0.038 0.054 0.066 0.037 0.09 0.079 0.052 0.107 0.115 0.076 0.065 0.061;
0.047 0.065 0.053 0.076 0.108 0.074 0.059 0.077 0.036 0.046 0.067 0.062 0.068 0.096 0.066;0.047 0.065 0.074 0.059 0.077 0.053 0.076 0.108 0.036 0.046 0.067 0.062 0.096 0.068 0.066;0.047 0.074 0.053 0.036 0.062 0.065 0.059 0.077 0.076 0.046 0.096 0.108 0.068 0.067 0.066;
0.043 0.07 0.049 0.08 0.086 0.071 0.04 0.09 0.038 0.065 0.078 0.079 0.056 0.096 0.059;0.043 0.07 0.071 0.04 0.09 0.049 0.08 0.086 0.038 0.065 0.078 0.079 0.096 0.056 0.059;0.043 0.071 0.049 0.038 0.079 0.07 0.04 0.09 0.08 0.065 0.096 0.086 0.056 0.078 0.059;
0.038 0.066 0.05 0.087 0.095 0.077 0.069 0.079 0.035 0.047 0.064 0.068 0.059 0.095 0.071;0.038 0.066 0.077 0.069 0.079 0.05 0.087 0.095 0.035 0.047 0.064 0.068 0.095 0.059 0.071;0.038 0.077 0.05 0.035 0.068 0.066 0.069 0.079 0.087 0.047 0.095 0.095 0.059 0.064 0.071;
0.034 0.079 0.059 0.088 0.098 0.081 0.048 0.09 0.038 0.045 0.064 0.055 0.066 0.098 0.057;0.034 0.079 0.081 0.048 0.09 0.059 0.088 0.098 0.038 0.045 0.064 0.055 0.098 0.066 0.057;0.034 0.081 0.059 0.038 0.055 0.079 0.048 0.09 0.088 0.045 0.098 0.098 0.066 0.064 0.057;
0.037 0.081 0.051 0.076 0.101 0.058 0.053 0.086 0.03 0.043 0.085 0.068 0.056 0.118 0.057;0.037 0.081 0.058 0.053 0.086 0.051 0.076 0.101 0.03 0.043 0.085 0.068 0.118 0.056 0.057;0.037 0.058 0.051 0.03 0.068 0.081 0.053 0.086 0.076 0.043 0.118 0.101 0.056 0.085 0.057;
0.04 0.078 0.059 0.081 0.107 0.08 0.042 0.08 0.03 0.049 0.067 0.08 0.065 0.081 0.061;0.04 0.078 0.08 0.042 0.08 0.059 0.081 0.107 0.03 0.049 0.067 0.08 0.081 0.065 0.061;0.04 0.08 0.059 0.03 0.08 0.078 0.042 0.08 0.081 0.049 0.081 0.107 0.065 0.067 0.061;
0.038 0.074 0.038 0.073 0.123 0.07 0.031 0.105 0.039 0.057 0.056 0.068 0.061 0.1 0.067;0.038 0.074 0.07 0.031 0.105 0.038 0.073 0.123 0.039 0.057 0.056 0.068 0.1 0.061 0.067;0.038 0.07 0.038 0.039 0.068 0.074 0.031 0.105 0.073 0.057 0.1 0.123 0.061 0.056 0.067;
0.04 0.071 0.06 0.079 0.115 0.065 0.039 0.074 0.038 0.057 0.068 0.055 0.071 0.099 0.069;0.04 0.071 0.065 0.039 0.074 0.06 0.079 0.115 0.038 0.057 0.068 0.055 0.099 0.071 0.069;0.04 0.065 0.06 0.038 0.055 0.071 0.039 0.074 0.079 0.057 0.099 0.115 0.071 0.068 0.069;
0.04 0.08 0.052 0.086 0.101 0.062 0.033 0.083 0.031 0.052 0.064 0.074 0.074 0.098 0.07;0.04 0.08 0.062 0.033 0.083 0.052 0.086 0.101 0.031 0.052 0.064 0.074 0.098 0.074 0.07;0.04 0.062 0.052 0.031 0.074 0.08 0.033 0.083 0.086 0.052 0.098 0.101 0.074 0.064 0.07;
0.049 0.07 0.042 0.087 0.099 0.073 0.039 0.084 0.037 0.063 0.064 0.066 0.074 0.091 0.062;0.049 0.07 0.073 0.039 0.084 0.042 0.087 0.099 0.037 0.063 0.064 0.066 0.091 0.074 0.062;0.049 0.073 0.042 0.037 0.066 0.07 0.039 0.084 0.087 0.063 0.091 0.099 0.074 0.064 0.062;
0.039 0.083 0.053 0.076 0.085 0.08 0.047 0.088 0.03 0.048 0.063 0.073 0.073 0.103 0.059;0.039 0.083 0.08 0.047 0.088 0.053 0.076 0.085 0.03 0.048 0.063 0.073 0.103 0.073 0.059;0.039 0.08 0.053 0.03 0.073 0.083 0.047 0.088 0.076 0.048 0.103 0.085 0.073 0.063 0.059;
0.045 0.075 0.039 0.076 0.089 0.078 0.043 0.092 0.041 0.049 0.071 0.068 0.063 0.101 0.07;0.045 0.075 0.078 0.043 0.092 0.039 0.076 0.089 0.041 0.049 0.071 0.068 0.101 0.063 0.07;0.045 0.078 0.039 0.041 0.068 0.075 0.043 0.092 0.076 0.049 0.101 0.089 0.063 0.071 0.07;
0.034 0.082 0.045 0.073 0.093 0.08 0.054 0.097 0.026 0.054 0.072 0.06 0.055 0.104 0.071;0.034 0.082 0.08 0.054 0.097 0.045 0.073 0.093 0.026 0.054 0.072 0.06 0.104 0.055 0.071;0.034 0.08 0.045 0.026 0.06 0.082 0.054 0.097 0.073 0.054 0.104 0.093 0.055 0.072 0.071;
0.036 0.07 0.051 0.074 0.105 0.071 0.053 0.08 0.028 0.061 0.071 0.058 0.076 0.094 0.072;0.036 0.07 0.071 0.053 0.08 0.051 0.074 0.105 0.028 0.061 0.071 0.058 0.094 0.076 0.072;0.036 0.071 0.051 0.028 0.058 0.07 0.053 0.08 0.074 0.061 0.094 0.105 0.076 0.071 0.072;
0.04 0.074 0.057 0.068 0.085 0.067 0.049 0.094 0.032 0.034 0.068 0.07 0.059 0.127 0.076;0.04 0.074 0.067 0.049 0.094 0.057 0.068 0.085 0.032 0.034 0.068 0.07 0.127 0.059 0.076;0.04 0.067 0.057 0.032 0.07 0.074 0.049 0.094 0.068 0.034 0.127 0.085 0.059 0.068 0.076;
0.05 0.063 0.061 0.075 0.088 0.07 0.044 0.084 0.031 0.064 0.071 0.076 0.066 0.093 0.064;0.05 0.063 0.07 0.044 0.084 0.061 0.075 0.088 0.031 0.064 0.071 0.076 0.093 0.066 0.064;0.05 0.07 0.061 0.031 0.076 0.063 0.044 0.084 0.075 0.064 0.093 0.088 0.066 0.071 0.064;
0.037 0.058 0.059 0.074 0.112 0.091 0.044 0.096 0.027 0.046 0.071 0.068 0.077 0.086 0.054;0.037 0.058 0.091 0.044 0.096 0.059 0.074 0.112 0.027 0.046 0.071 0.068 0.086 0.077 0.054;0.037 0.091 0.059 0.027 0.068 0.058 0.044 0.096 0.074 0.046 0.086 0.112 0.077 0.071 0.054;
0.038 0.066 0.055 0.1 0.093 0.072 0.047 0.071 0.038 0.053 0.067 0.069 0.051 0.11 0.07;0.038 0.066 0.072 0.047 0.071 0.055 0.1 0.093 0.038 0.053 0.067 0.069 0.11 0.051 0.07;0.038 0.072 0.055 0.038 0.069 0.066 0.047 0.071 0.1 0.053 0.11 0.093 0.051 0.067 0.07;
0.043 0.082 0.053 0.082 0.085 0.068 0.043 0.085 0.035 0.054 0.059 0.077 0.059 0.109 0.066;0.043 0.082 0.068 0.043 0.085 0.053 0.082 0.085 0.035 0.054 0.059 0.077 0.109 0.059 0.066;0.043 0.068 0.053 0.035 0.077 0.082 0.043 0.085 0.082 0.054 0.109 0.085 0.059 0.059 0.066;
0.054 0.079 0.055 0.081 0.109 0.065 0.038 0.07 0.033 0.05 0.086 0.055 0.063 0.095 0.067;0.054 0.079 0.065 0.038 0.07 0.055 0.081 0.109 0.033 0.05 0.086 0.055 0.095 0.063 0.067;0.054 0.065 0.055 0.033 0.055 0.079 0.038 0.07 0.081 0.05 0.095 0.109 0.063 0.086 0.067;
0.043 0.069 0.057 0.073 0.086 0.073 0.055 0.102 0.024 0.048 0.075 0.069 0.049 0.113 0.064;0.043 0.069 0.073 0.055 0.102 0.057 0.073 0.086 0.024 0.048 0.075 0.069 0.113 0.049 0.064;0.043 0.073 0.057 0.024 0.069 0.069 0.055 0.102 0.073 0.048 0.113 0.086 0.049 0.075 0.064;
0.042 0.071 0.058 0.071 0.116 0.065 0.046 0.078 0.028 0.051 0.063 0.065 0.068 0.106 0.072;0.042 0.071 0.065 0.046 0.078 0.058 0.071 0.116 0.028 0.051 0.063 0.065 0.106 0.068 0.072;0.042 0.065 0.058 0.028 0.065 0.071 0.046 0.078 0.071 0.051 0.106 0.116 0.068 0.063 0.072;
0.039 0.084 0.049 0.091 0.095 0.083 0.033 0.086 0.029 0.058 0.059 0.071 0.057 0.102 0.064;0.039 0.084 0.083 0.033 0.086 0.049 0.091 0.095 0.029 0.058 0.059 0.071 0.102 0.057 0.064;0.039 0.083 0.049 0.029 0.071 0.084 0.033 0.086 0.091 0.058 0.102 0.095 0.057 0.059 0.064;
0.043 0.069 0.042 0.073 0.106 0.067 0.044 0.092 0.034 0.056 0.062 0.084 0.067 0.08 0.081;0.043 0.069 0.067 0.044 0.092 0.042 0.073 0.106 0.034 0.056 0.062 0.084 0.08 0.067 0.081;0.043 0.067 0.042 0.034 0.084 0.069 0.044 0.092 0.073 0.056 0.08 0.106 0.067 0.062 0.081;
0.046 0.061 0.046 0.085 0.106 0.077 0.04 0.097 0.034 0.051 0.076 0.048 0.064 0.106 0.063;0.046 0.061 0.077 0.04 0.097 0.046 0.085 0.106 0.034 0.051 0.076 0.048 0.106 0.064 0.063;0.046 0.077 0.046 0.034 0.048 0.061 0.04 0.097 0.085 0.051 0.106 0.106 0.064 0.076 0.063;
0.046 0.073 0.062 0.095 0.084 0.082 0.055 0.084 0.03 0.053 0.066 0.065 0.056 0.096 0.053;0.046 0.073 0.082 0.055 0.084 0.062 0.095 0.084 0.03 0.053 0.066 0.065 0.096 0.056 0.053;0.046 0.082 0.062 0.03 0.065 0.073 0.055 0.084 0.095 0.053 0.096 0.084 0.056 0.066 0.053;
0.049 0.065 0.05 0.079 0.103 0.084 0.041 0.077 0.031 0.041 0.061 0.063 0.076 0.109 0.071;0.049 0.065 0.084 0.041 0.077 0.05 0.079 0.103 0.031 0.041 0.061 0.063 0.109 0.076 0.071;0.049 0.084 0.05 0.031 0.063 0.065 0.041 0.077 0.079 0.041 0.109 0.103 0.076 0.061 0.071;
0.043 0.081 0.054 0.084 0.089 0.064 0.038 0.089 0.037 0.054 0.072 0.06 0.067 0.111 0.057;0.043 0.081 0.064 0.038 0.089 0.054 0.084 0.089 0.037 0.054 0.072 0.06 0.111 0.067 0.057;0.043 0.064 0.054 0.037 0.06 0.081 0.038 0.089 0.084 0.054 0.111 0.089 0.067 0.072 0.057;
0.059 0.067 0.045 0.069 0.116 0.072 0.047 0.081 0.038 0.049 0.069 0.064 0.055 0.11 0.059;0.059 0.067 0.072 0.047 0.081 0.045 0.069 0.116 0.038 0.049 0.069 0.064 0.11 0.055 0.059;0.059 0.072 0.045 0.038 0.064 0.067 0.047 0.081 0.069 0.049 0.11 0.116 0.055 0.069 0.059;
0.03 0.077 0.062 0.09 0.096 0.08 0.034 0.08 0.031 0.046 0.069 0.081 0.072 0.09 0.062;0.03 0.077 0.08 0.034 0.08 0.062 0.09 0.096 0.031 0.046 0.069 0.081 0.09 0.072 0.062;0.03 0.08 0.062 0.031 0.081 0.077 0.034 0.08 0.09 0.046 0.09 0.096 0.072 0.069 0.062;
0.045 0.058 0.049 0.071 0.118 0.076 0.043 0.083 0.032 0.046 0.058 0.075 0.05 0.118 0.078;0.045 0.058 0.076 0.043 0.083 0.049 0.071 0.118 0.032 0.046 0.058 0.075 0.118 0.05 0.078;0.045 0.076 0.049 0.032 0.075 0.058 0.043 0.083 0.071 0.046 0.118 0.118 0.05 0.058 0.078;
0.041 0.079 0.057 0.083 0.099 0.059 0.043 0.09 0.023 0.055 0.069 0.071 0.068 0.105 0.058;0.041 0.079 0.059 0.043 0.09 0.057 0.083 0.099 0.023 0.055 0.069 0.071 0.105 0.068 0.058;0.041 0.059 0.057 0.023 0.071 0.079 0.043 0.09 0.083 0.055 0.105 0.099 0.068 0.069 0.058;
0.041 0.071 0.062 0.08 0.102 0.069 0.048 0.097 0.029 0.054 0.065 0.062 0.054 0.114 0.052;0.041 0.071 0.069 0.048 0.097 0.062 0.08 0.102 0.029 0.054 0.065 0.062 0.114 0.054 0.052;0.041 0.069 0.062 0.029 0.062 0.071 0.048 0.097 0.08 0.054 0.114 0.102 0.054 0.065 0.052;
0.044 0.066 0.05 0.068 0.098 0.075 0.034 0.106 0.041 0.058 0.07 0.065 0.067 0.087 0.071;0.044 0.066 0.075 0.034 0.106 0.05 0.068 0.098 0.041 0.058 0.07 0.065 0.087 0.067 0.071;0.044 0.075 0.05 0.041 0.065 0.066 0.034 0.106 0.068 0.058 0.087 0.098 0.067 0.07 0.071;
0.033 0.074 0.062 0.071 0.105 0.072 0.054 0.078 0.033 0.058 0.072 0.067 0.056 0.099 0.066;0.033 0.074 0.072 0.054 0.078 0.062 0.071 0.105 0.033 0.058 0.072 0.067 0.099 0.056 0.066;0.033 0.072 0.062 0.033 0.067 0.074 0.054 0.078 0.071 0.058 0.099 0.105 0.056 0.072 0.066;
0.035 0.062 0.055 0.076 0.114 0.075 0.042 0.088 0.036 0.043 0.066 0.064 0.073 0.101 0.07;0.035 0.062 0.075 0.042 0.088 0.055 0.076 0.114 0.036 0.043 0.066 0.064 0.101 0.073 0.07;0.035 0.075 0.055 0.036 0.064 0.062 0.042 0.088 0.076 0.043 0.101 0.114 0.073 0.066 0.07;
0.03 0.073 0.06 0.083 0.099 0.077 0.046 0.088 0.036 0.07 0.062 0.063 0.051 0.099 0.063;0.03 0.073 0.077 0.046 0.088 0.06 0.083 0.099 0.036 0.07 0.062 0.063 0.099 0.051 0.063;0.03 0.077 0.06 0.036 0.063 0.073 0.046 0.088 0.083 0.07 0.099 0.099 0.051 0.062 0.063;
0.035 0.083 0.053 0.069 0.088 0.077 0.046 0.092 0.035 0.057 0.068 0.068 0.06 0.1 0.069;0.035 0.083 0.077 0.046 0.092 0.053 0.069 0.088 0.035 0.057 0.068 0.068 0.1 0.06 0.069;0.035 0.077 0.053 0.035 0.068 0.083 0.046 0.092 0.069 0.057 0.1 0.088 0.06 0.068 0.069;
0.043 0.065 0.057 0.1 0.113 0.071 0.04 0.074 0.031 0.044 0.063 0.068 0.069 0.104 0.058;0.043 0.065 0.071 0.04 0.074 0.057 0.1 0.113 0.031 0.044 0.063 0.068 0.104 0.069 0.058;0.043 0.071 0.057 0.031 0.068 0.065 0.04 0.074 0.1 0.044 0.104 0.113 0.069 0.063 0.058;
0.042 0.077 0.056 0.086 0.096 0.059 0.045 0.092 0.031 0.057 0.077 0.054 0.062 0.103 0.063;0.042 0.077 0.059 0.045 0.092 0.056 0.086 0.096 0.031 0.057 0.077 0.054 0.103 0.062 0.063;0.042 0.059 0.056 0.031 0.054 0.077 0.045 0.092 0.086 0.057 0.103 0.096 0.062 0.077 0.063;
0.035 0.086 0.049 0.085 0.097 0.087 0.041 0.093 0.035 0.045 0.061 0.056 0.06 0.11 0.06;0.035 0.086 0.087 0.041 0.093 0.049 0.085 0.097 0.035 0.045 0.061 0.056 0.11 0.06 0.06;0.035 0.087 0.049 0.035 0.056 0.086 0.041 0.093 0.085 0.045 0.11 0.097 0.06 0.061 0.06;
0.047 0.075 0.061 0.076 0.113 0.074 0.044 0.092 0.028 0.05 0.071 0.055 0.052 0.108 0.054;0.047 0.075 0.074 0.044 0.092 0.061 0.076 0.113 0.028 0.05 0.071 0.055 0.108 0.052 0.054;0.047 0.074 0.061 0.028 0.055 0.075 0.044 0.092 0.076 0.05 0.108 0.113 0.052 0.071 0.054;
0.048 0.064 0.043 0.068 0.115 0.063 0.049 0.075 0.039 0.064 0.075 0.074 0.064 0.097 0.062;0.048 0.064 0.063 0.049 0.075 0.043 0.068 0.115 0.039 0.064 0.075 0.074 0.097 0.064 0.062;0.048 0.063 0.043 0.039 0.074 0.064 0.049 0.075 0.068 0.064 0.097 0.115 0.064 0.075 0.062;
0.043 0.08 0.056 0.092 0.111 0.063 0.038 0.085 0.042 0.03 0.063 0.065 0.066 0.097 0.069;0.043 0.08 0.063 0.038 0.085 0.056 0.092 0.111 0.042 0.03 0.063 0.065 0.097 0.066 0.069;0.043 0.063 0.056 0.042 0.065 0.08 0.038 0.085 0.092 0.03 0.097 0.111 0.066 0.063 0.069];