pntP=[0.031 0.051 0.049 0.067 0.099 0.053 0.051 0.083 0.032 0.053 0.085 0.09 0.082 0.092 0.082;0.031 0.051 0.053 0.051 0.083 0.049 0.067 0.099 0.032 0.053 0.085 0.09 0.092 0.082 0.082;0.031 0.053 0.049 0.032 0.09 0.051 0.051 0.083 0.067 0.053 0.092 0.099 0.082 0.085 0.082;
0.021 0.055 0.057 0.057 0.106 0.055 0.041 0.078 0.049 0.057 0.089 0.087 0.086 0.092 0.07;0.021 0.055 0.055 0.041 0.078 0.057 0.057 0.106 0.049 0.057 0.089 0.087 0.092 0.086 0.07;0.021 0.055 0.057 0.049 0.087 0.055 0.041 0.078 0.057 0.057 0.092 0.106 0.086 0.089 0.07;
0.02 0.061 0.047 0.056 0.097 0.051 0.033 0.079 0.031 0.069 0.098 0.085 0.088 0.098 0.087;0.02 0.061 0.051 0.033 0.079 0.047 0.056 0.097 0.031 0.069 0.098 0.085 0.098 0.088 0.087;0.02 0.051 0.047 0.031 0.085 0.061 0.033 0.079 0.056 0.069 0.098 0.097 0.088 0.098 0.087;
0.012 0.055 0.059 0.067 0.1 0.055 0.032 0.094 0.039 0.068 0.079 0.087 0.071 0.106 0.076;0.012 0.055 0.055 0.032 0.094 0.059 0.067 0.1 0.039 0.068 0.079 0.087 0.106 0.071 0.076;0.012 0.055 0.059 0.039 0.087 0.055 0.032 0.094 0.067 0.068 0.106 0.1 0.071 0.079 0.076;
0.022 0.047 0.052 0.074 0.101 0.053 0.038 0.078 0.04 0.047 0.077 0.105 0.083 0.107 0.076;0.022 0.047 0.053 0.038 0.078 0.052 0.074 0.101 0.04 0.047 0.077 0.105 0.107 0.083 0.076;0.022 0.053 0.052 0.04 0.105 0.047 0.038 0.078 0.074 0.047 0.107 0.101 0.083 0.077 0.076;
0.026 0.052 0.062 0.05 0.115 0.05 0.035 0.087 0.052 0.057 0.085 0.074 0.08 0.087 0.088;0.026 0.052 0.05 0.035 0.087 0.062 0.05 0.115 0.052 0.057 0.085 0.074 0.087 0.08 0.088;0.026 0.05 0.062 0.052 0.074 0.052 0.035 0.087 0.05 0.057 0.087 0.115 0.08 0.085 0.088;
0.022 0.052 0.046 0.074 0.104 0.051 0.038 0.095 0.036 0.054 0.078 0.072 0.1 0.1 0.078;0.022 0.052 0.051 0.038 0.095 0.046 0.074 0.104 0.036 0.054 0.078 0.072 0.1 0.1 0.078;0.022 0.051 0.046 0.036 0.072 0.052 0.038 0.095 0.074 0.054 0.1 0.104 0.1 0.078 0.078;
0.018 0.059 0.054 0.062 0.092 0.057 0.053 0.098 0.057 0.053 0.061 0.076 0.083 0.105 0.072;0.018 0.059 0.057 0.053 0.098 0.054 0.062 0.092 0.057 0.053 0.061 0.076 0.105 0.083 0.072;0.018 0.057 0.054 0.057 0.076 0.059 0.053 0.098 0.062 0.053 0.105 0.092 0.083 0.061 0.072;
0.019 0.044 0.06 0.061 0.103 0.052 0.042 0.075 0.052 0.047 0.081 0.093 0.084 0.099 0.088;0.019 0.044 0.052 0.042 0.075 0.06 0.061 0.103 0.052 0.047 0.081 0.093 0.099 0.084 0.088;0.019 0.052 0.06 0.052 0.093 0.044 0.042 0.075 0.061 0.047 0.099 0.103 0.084 0.081 0.088;
0.015 0.057 0.046 0.072 0.084 0.057 0.046 0.082 0.052 0.045 0.081 0.089 0.088 0.112 0.074;0.015 0.057 0.057 0.046 0.082 0.046 0.072 0.084 0.052 0.045 0.081 0.089 0.112 0.088 0.074;0.015 0.057 0.046 0.052 0.089 0.057 0.046 0.082 0.072 0.045 0.112 0.084 0.088 0.081 0.074;
0.027 0.054 0.053 0.042 0.089 0.044 0.041 0.093 0.047 0.05 0.075 0.094 0.091 0.103 0.097;0.027 0.054 0.044 0.041 0.093 0.053 0.042 0.089 0.047 0.05 0.075 0.094 0.103 0.091 0.097;0.027 0.044 0.053 0.047 0.094 0.054 0.041 0.093 0.042 0.05 0.103 0.089 0.091 0.075 0.097;
0.017 0.065 0.044 0.051 0.094 0.062 0.054 0.101 0.039 0.041 0.092 0.095 0.072 0.093 0.08;0.017 0.065 0.062 0.054 0.101 0.044 0.051 0.094 0.039 0.041 0.092 0.095 0.093 0.072 0.08;0.017 0.062 0.044 0.039 0.095 0.065 0.054 0.101 0.051 0.041 0.093 0.094 0.072 0.092 0.08;
0.017 0.058 0.05 0.058 0.096 0.052 0.047 0.1 0.036 0.053 0.093 0.078 0.081 0.093 0.088;0.017 0.058 0.052 0.047 0.1 0.05 0.058 0.096 0.036 0.053 0.093 0.078 0.093 0.081 0.088;0.017 0.052 0.05 0.036 0.078 0.058 0.047 0.1 0.058 0.053 0.093 0.096 0.081 0.093 0.088;
0.025 0.066 0.058 0.052 0.11 0.053 0.049 0.071 0.036 0.051 0.086 0.085 0.09 0.09 0.078;0.025 0.066 0.053 0.049 0.071 0.058 0.052 0.11 0.036 0.051 0.086 0.085 0.09 0.09 0.078;0.025 0.053 0.058 0.036 0.085 0.066 0.049 0.071 0.052 0.051 0.09 0.11 0.09 0.086 0.078;
0.032 0.053 0.055 0.055 0.098 0.07 0.034 0.08 0.031 0.05 0.089 0.073 0.103 0.097 0.08;0.032 0.053 0.07 0.034 0.08 0.055 0.055 0.098 0.031 0.05 0.089 0.073 0.097 0.103 0.08;0.032 0.07 0.055 0.031 0.073 0.053 0.034 0.08 0.055 0.05 0.097 0.098 0.103 0.089 0.08;
0.022 0.065 0.056 0.066 0.1 0.065 0.04 0.085 0.037 0.049 0.082 0.078 0.07 0.114 0.071;0.022 0.065 0.065 0.04 0.085 0.056 0.066 0.1 0.037 0.049 0.082 0.078 0.114 0.07 0.071;0.022 0.065 0.056 0.037 0.078 0.065 0.04 0.085 0.066 0.049 0.114 0.1 0.07 0.082 0.071;
0.027 0.054 0.056 0.062 0.1 0.05 0.035 0.083 0.045 0.048 0.079 0.093 0.084 0.082 0.102;0.027 0.054 0.05 0.035 0.083 0.056 0.062 0.1 0.045 0.048 0.079 0.093 0.082 0.084 0.102;0.027 0.05 0.056 0.045 0.093 0.054 0.035 0.083 0.062 0.048 0.082 0.1 0.084 0.079 0.102;
0.024 0.051 0.057 0.053 0.109 0.056 0.045 0.084 0.047 0.052 0.081 0.073 0.08 0.111 0.077;0.024 0.051 0.056 0.045 0.084 0.057 0.053 0.109 0.047 0.052 0.081 0.073 0.111 0.08 0.077;0.024 0.056 0.057 0.047 0.073 0.051 0.045 0.084 0.053 0.052 0.111 0.109 0.08 0.081 0.077;
0.031 0.059 0.047 0.063 0.094 0.067 0.042 0.077 0.038 0.05 0.08 0.073 0.088 0.108 0.083;0.031 0.059 0.067 0.042 0.077 0.047 0.063 0.094 0.038 0.05 0.08 0.073 0.108 0.088 0.083;0.031 0.067 0.047 0.038 0.073 0.059 0.042 0.077 0.063 0.05 0.108 0.094 0.088 0.08 0.083;
0.028 0.042 0.054 0.055 0.104 0.065 0.042 0.068 0.045 0.043 0.08 0.081 0.089 0.123 0.081;0.028 0.042 0.065 0.042 0.068 0.054 0.055 0.104 0.045 0.043 0.08 0.081 0.123 0.089 0.081;0.028 0.065 0.054 0.045 0.081 0.042 0.042 0.068 0.055 0.043 0.123 0.104 0.089 0.08 0.081;
0.017 0.054 0.064 0.057 0.098 0.044 0.039 0.087 0.041 0.05 0.085 0.077 0.073 0.115 0.099;0.017 0.054 0.044 0.039 0.087 0.064 0.057 0.098 0.041 0.05 0.085 0.077 0.115 0.073 0.099;0.017 0.044 0.064 0.041 0.077 0.054 0.039 0.087 0.057 0.05 0.115 0.098 0.073 0.085 0.099;
0.027 0.06 0.05 0.057 0.103 0.056 0.045 0.082 0.045 0.047 0.093 0.087 0.076 0.09 0.082;0.027 0.06 0.056 0.045 0.082 0.05 0.057 0.103 0.045 0.047 0.093 0.087 0.09 0.076 0.082;0.027 0.056 0.05 0.045 0.087 0.06 0.045 0.082 0.057 0.047 0.09 0.103 0.076 0.093 0.082;
0.021 0.045 0.055 0.059 0.102 0.054 0.041 0.091 0.034 0.062 0.098 0.075 0.074 0.111 0.078;0.021 0.045 0.054 0.041 0.091 0.055 0.059 0.102 0.034 0.062 0.098 0.075 0.111 0.074 0.078;0.021 0.054 0.055 0.034 0.075 0.045 0.041 0.091 0.059 0.062 0.111 0.102 0.074 0.098 0.078;
0.018 0.05 0.054 0.077 0.087 0.062 0.047 0.079 0.05 0.06 0.075 0.09 0.074 0.09 0.087;0.018 0.05 0.062 0.047 0.079 0.054 0.077 0.087 0.05 0.06 0.075 0.09 0.09 0.074 0.087;0.018 0.062 0.054 0.05 0.09 0.05 0.047 0.079 0.077 0.06 0.09 0.087 0.074 0.075 0.087;
0.025 0.054 0.047 0.055 0.104 0.055 0.048 0.089 0.047 0.061 0.071 0.091 0.072 0.093 0.088;0.025 0.054 0.055 0.048 0.089 0.047 0.055 0.104 0.047 0.061 0.071 0.091 0.093 0.072 0.088;0.025 0.055 0.047 0.047 0.091 0.054 0.048 0.089 0.055 0.061 0.093 0.104 0.072 0.071 0.088;
0.017 0.057 0.045 0.061 0.135 0.051 0.04 0.085 0.036 0.051 0.076 0.08 0.085 0.086 0.095;0.017 0.057 0.051 0.04 0.085 0.045 0.061 0.135 0.036 0.051 0.076 0.08 0.086 0.085 0.095;0.017 0.051 0.045 0.036 0.08 0.057 0.04 0.085 0.061 0.051 0.086 0.135 0.085 0.076 0.095;
0.02 0.061 0.04 0.047 0.092 0.046 0.044 0.084 0.049 0.052 0.084 0.093 0.086 0.101 0.101;0.02 0.061 0.046 0.044 0.084 0.04 0.047 0.092 0.049 0.052 0.084 0.093 0.101 0.086 0.101;0.02 0.046 0.04 0.049 0.093 0.061 0.044 0.084 0.047 0.052 0.101 0.092 0.086 0.084 0.101;
0.02 0.059 0.056 0.075 0.095 0.051 0.05 0.089 0.05 0.051 0.084 0.072 0.079 0.083 0.086;0.02 0.059 0.051 0.05 0.089 0.056 0.075 0.095 0.05 0.051 0.084 0.072 0.083 0.079 0.086;0.02 0.051 0.056 0.05 0.072 0.059 0.05 0.089 0.075 0.051 0.083 0.095 0.079 0.084 0.086;
0.014 0.045 0.051 0.056 0.095 0.053 0.049 0.091 0.044 0.051 0.085 0.095 0.089 0.093 0.089;0.014 0.045 0.053 0.049 0.091 0.051 0.056 0.095 0.044 0.051 0.085 0.095 0.093 0.089 0.089;0.014 0.053 0.051 0.044 0.095 0.045 0.049 0.091 0.056 0.051 0.093 0.095 0.089 0.085 0.089;
0.02 0.053 0.045 0.045 0.096 0.063 0.057 0.094 0.042 0.048 0.086 0.084 0.088 0.089 0.09;0.02 0.053 0.063 0.057 0.094 0.045 0.045 0.096 0.042 0.048 0.086 0.084 0.089 0.088 0.09;0.02 0.063 0.045 0.042 0.084 0.053 0.057 0.094 0.045 0.048 0.089 0.096 0.088 0.086 0.09;
0.024 0.053 0.06 0.059 0.118 0.064 0.039 0.086 0.046 0.05 0.082 0.079 0.074 0.083 0.083;0.024 0.053 0.064 0.039 0.086 0.06 0.059 0.118 0.046 0.05 0.082 0.079 0.083 0.074 0.083;0.024 0.064 0.06 0.046 0.079 0.053 0.039 0.086 0.059 0.05 0.083 0.118 0.074 0.082 0.083;
0.029 0.063 0.052 0.041 0.097 0.06 0.048 0.082 0.039 0.052 0.076 0.088 0.098 0.089 0.086;0.029 0.063 0.06 0.048 0.082 0.052 0.041 0.097 0.039 0.052 0.076 0.088 0.089 0.098 0.086;0.029 0.06 0.052 0.039 0.088 0.063 0.048 0.082 0.041 0.052 0.089 0.097 0.098 0.076 0.086;
0.021 0.051 0.052 0.056 0.111 0.059 0.039 0.084 0.033 0.041 0.091 0.08 0.097 0.103 0.082;0.021 0.051 0.059 0.039 0.084 0.052 0.056 0.111 0.033 0.041 0.091 0.08 0.103 0.097 0.082;0.021 0.059 0.052 0.033 0.08 0.051 0.039 0.084 0.056 0.041 0.103 0.111 0.097 0.091 0.082;
0.02 0.056 0.043 0.065 0.101 0.065 0.037 0.063 0.054 0.044 0.086 0.09 0.089 0.101 0.086;0.02 0.056 0.065 0.037 0.063 0.043 0.065 0.101 0.054 0.044 0.086 0.09 0.101 0.089 0.086;0.02 0.065 0.043 0.054 0.09 0.056 0.037 0.063 0.065 0.044 0.101 0.101 0.089 0.086 0.086;
0.02 0.054 0.049 0.055 0.092 0.057 0.044 0.086 0.035 0.055 0.087 0.075 0.097 0.108 0.086;0.02 0.054 0.057 0.044 0.086 0.049 0.055 0.092 0.035 0.055 0.087 0.075 0.108 0.097 0.086;0.02 0.057 0.049 0.035 0.075 0.054 0.044 0.086 0.055 0.055 0.108 0.092 0.097 0.087 0.086;
0.01 0.057 0.043 0.046 0.108 0.058 0.045 0.093 0.041 0.047 0.093 0.081 0.096 0.103 0.079;0.01 0.057 0.058 0.045 0.093 0.043 0.046 0.108 0.041 0.047 0.093 0.081 0.103 0.096 0.079;0.01 0.058 0.043 0.041 0.081 0.057 0.045 0.093 0.046 0.047 0.103 0.108 0.096 0.093 0.079;
0.018 0.066 0.052 0.053 0.093 0.055 0.047 0.097 0.045 0.052 0.086 0.08 0.073 0.093 0.09;0.018 0.066 0.055 0.047 0.097 0.052 0.053 0.093 0.045 0.052 0.086 0.08 0.093 0.073 0.09;0.018 0.055 0.052 0.045 0.08 0.066 0.047 0.097 0.053 0.052 0.093 0.093 0.073 0.086 0.09;
0.017 0.054 0.05 0.051 0.093 0.056 0.046 0.106 0.044 0.05 0.074 0.094 0.087 0.094 0.084;0.017 0.054 0.056 0.046 0.106 0.05 0.051 0.093 0.044 0.05 0.074 0.094 0.094 0.087 0.084;0.017 0.056 0.05 0.044 0.094 0.054 0.046 0.106 0.051 0.05 0.094 0.093 0.087 0.074 0.084;
0.024 0.042 0.043 0.068 0.102 0.061 0.047 0.099 0.031 0.047 0.098 0.079 0.086 0.093 0.08;0.024 0.042 0.061 0.047 0.099 0.043 0.068 0.102 0.031 0.047 0.098 0.079 0.093 0.086 0.08;0.024 0.061 0.043 0.031 0.079 0.042 0.047 0.099 0.068 0.047 0.093 0.102 0.086 0.098 0.08;
0.022 0.06 0.049 0.058 0.094 0.053 0.038 0.089 0.043 0.052 0.076 0.087 0.097 0.103 0.079;0.022 0.06 0.053 0.038 0.089 0.049 0.058 0.094 0.043 0.052 0.076 0.087 0.103 0.097 0.079;0.022 0.053 0.049 0.043 0.087 0.06 0.038 0.089 0.058 0.052 0.103 0.094 0.097 0.076 0.079;
0.024 0.047 0.051 0.07 0.092 0.065 0.034 0.093 0.043 0.052 0.08 0.085 0.073 0.101 0.09;0.024 0.047 0.065 0.034 0.093 0.051 0.07 0.092 0.043 0.052 0.08 0.085 0.101 0.073 0.09;0.024 0.065 0.051 0.043 0.085 0.047 0.034 0.093 0.07 0.052 0.101 0.092 0.073 0.08 0.09;
0.021 0.073 0.043 0.065 0.104 0.051 0.03 0.093 0.05 0.047 0.09 0.089 0.082 0.089 0.073;0.021 0.073 0.051 0.03 0.093 0.043 0.065 0.104 0.05 0.047 0.09 0.089 0.089 0.082 0.073;0.021 0.051 0.043 0.05 0.089 0.073 0.03 0.093 0.065 0.047 0.089 0.104 0.082 0.09 0.073;
0.028 0.049 0.062 0.058 0.112 0.043 0.042 0.092 0.037 0.046 0.075 0.099 0.077 0.097 0.083;0.028 0.049 0.043 0.042 0.092 0.062 0.058 0.112 0.037 0.046 0.075 0.099 0.097 0.077 0.083;0.028 0.043 0.062 0.037 0.099 0.049 0.042 0.092 0.058 0.046 0.097 0.112 0.077 0.075 0.083;
0.027 0.054 0.061 0.064 0.09 0.045 0.039 0.093 0.041 0.045 0.081 0.094 0.078 0.104 0.084;0.027 0.054 0.045 0.039 0.093 0.061 0.064 0.09 0.041 0.045 0.081 0.094 0.104 0.078 0.084;0.027 0.045 0.061 0.041 0.094 0.054 0.039 0.093 0.064 0.045 0.104 0.09 0.078 0.081 0.084;
0.019 0.05 0.048 0.049 0.112 0.05 0.054 0.107 0.045 0.051 0.088 0.074 0.073 0.096 0.084;0.019 0.05 0.05 0.054 0.107 0.048 0.049 0.112 0.045 0.051 0.088 0.074 0.096 0.073 0.084;0.019 0.05 0.048 0.045 0.074 0.05 0.054 0.107 0.049 0.051 0.096 0.112 0.073 0.088 0.084;
0.028 0.042 0.058 0.058 0.073 0.05 0.048 0.074 0.051 0.052 0.091 0.097 0.077 0.114 0.087;0.028 0.042 0.05 0.048 0.074 0.058 0.058 0.073 0.051 0.052 0.091 0.097 0.114 0.077 0.087;0.028 0.05 0.058 0.051 0.097 0.042 0.048 0.074 0.058 0.052 0.114 0.073 0.077 0.091 0.087;
0.021 0.052 0.051 0.057 0.098 0.065 0.046 0.089 0.052 0.058 0.073 0.073 0.082 0.103 0.08;0.021 0.052 0.065 0.046 0.089 0.051 0.057 0.098 0.052 0.058 0.073 0.073 0.103 0.082 0.08;0.021 0.065 0.051 0.052 0.073 0.052 0.046 0.089 0.057 0.058 0.103 0.098 0.082 0.073 0.08;
0.025 0.049 0.046 0.055 0.12 0.055 0.032 0.097 0.045 0.046 0.093 0.094 0.092 0.081 0.07;0.025 0.049 0.055 0.032 0.097 0.046 0.055 0.12 0.045 0.046 0.093 0.094 0.081 0.092 0.07;0.025 0.055 0.046 0.045 0.094 0.049 0.032 0.097 0.055 0.046 0.081 0.12 0.092 0.093 0.07;
0.026 0.058 0.056 0.059 0.085 0.057 0.041 0.106 0.04 0.053 0.079 0.102 0.066 0.088 0.084;0.026 0.058 0.057 0.041 0.106 0.056 0.059 0.085 0.04 0.053 0.079 0.102 0.088 0.066 0.084;0.026 0.057 0.056 0.04 0.102 0.058 0.041 0.106 0.059 0.053 0.088 0.085 0.066 0.079 0.084;
0.017 0.051 0.061 0.061 0.105 0.04 0.038 0.09 0.045 0.054 0.091 0.066 0.092 0.098 0.091;0.017 0.051 0.04 0.038 0.09 0.061 0.061 0.105 0.045 0.054 0.091 0.066 0.098 0.092 0.091;0.017 0.04 0.061 0.045 0.066 0.051 0.038 0.09 0.061 0.054 0.098 0.105 0.092 0.091 0.091;
0.028 0.048 0.058 0.069 0.111 0.057 0.047 0.068 0.05 0.067 0.081 0.08 0.072 0.095 0.069;0.028 0.048 0.057 0.047 0.068 0.058 0.069 0.111 0.05 0.067 0.081 0.08 0.095 0.072 0.069;0.028 0.057 0.058 0.05 0.08 0.048 0.047 0.068 0.069 0.067 0.095 0.111 0.072 0.081 0.069;
0.016 0.053 0.04 0.075 0.116 0.047 0.047 0.087 0.035 0.043 0.094 0.087 0.088 0.098 0.074;0.016 0.053 0.047 0.047 0.087 0.04 0.075 0.116 0.035 0.043 0.094 0.087 0.098 0.088 0.074;0.016 0.047 0.04 0.035 0.087 0.053 0.047 0.087 0.075 0.043 0.098 0.116 0.088 0.094 0.074;
0.026 0.058 0.056 0.06 0.092 0.058 0.043 0.089 0.037 0.05 0.095 0.089 0.075 0.097 0.075;0.026 0.058 0.058 0.043 0.089 0.056 0.06 0.092 0.037 0.05 0.095 0.089 0.097 0.075 0.075;0.026 0.058 0.056 0.037 0.089 0.058 0.043 0.089 0.06 0.05 0.097 0.092 0.075 0.095 0.075;
0.018 0.053 0.057 0.051 0.094 0.061 0.037 0.098 0.049 0.05 0.088 0.091 0.09 0.085 0.078;0.018 0.053 0.061 0.037 0.098 0.057 0.051 0.094 0.049 0.05 0.088 0.091 0.085 0.09 0.078;0.018 0.061 0.057 0.049 0.091 0.053 0.037 0.098 0.051 0.05 0.085 0.094 0.09 0.088 0.078;
0.022 0.034 0.051 0.045 0.122 0.054 0.04 0.081 0.035 0.06 0.086 0.093 0.082 0.107 0.088;0.022 0.034 0.054 0.04 0.081 0.051 0.045 0.122 0.035 0.06 0.086 0.093 0.107 0.082 0.088;0.022 0.054 0.051 0.035 0.093 0.034 0.04 0.081 0.045 0.06 0.107 0.122 0.082 0.086 0.088;
0.021 0.052 0.052 0.07 0.095 0.057 0.044 0.095 0.041 0.047 0.075 0.083 0.094 0.101 0.073;0.021 0.052 0.057 0.044 0.095 0.052 0.07 0.095 0.041 0.047 0.075 0.083 0.101 0.094 0.073;0.021 0.057 0.052 0.041 0.083 0.052 0.044 0.095 0.07 0.047 0.101 0.095 0.094 0.075 0.073;
0.023 0.053 0.051 0.054 0.108 0.054 0.041 0.084 0.039 0.055 0.092 0.084 0.093 0.101 0.068;0.023 0.053 0.054 0.041 0.084 0.051 0.054 0.108 0.039 0.055 0.092 0.084 0.101 0.093 0.068;0.023 0.054 0.051 0.039 0.084 0.053 0.041 0.084 0.054 0.055 0.101 0.108 0.093 0.092 0.068;
0.02 0.059 0.047 0.059 0.106 0.063 0.043 0.09 0.046 0.044 0.093 0.073 0.079 0.096 0.082;0.02 0.059 0.063 0.043 0.09 0.047 0.059 0.106 0.046 0.044 0.093 0.073 0.096 0.079 0.082;0.02 0.063 0.047 0.046 0.073 0.059 0.043 0.09 0.059 0.044 0.096 0.106 0.079 0.093 0.082;
0.021 0.058 0.051 0.048 0.107 0.049 0.052 0.075 0.045 0.039 0.072 0.089 0.091 0.119 0.084;0.021 0.058 0.049 0.052 0.075 0.051 0.048 0.107 0.045 0.039 0.072 0.089 0.119 0.091 0.084;0.021 0.049 0.051 0.045 0.089 0.058 0.052 0.075 0.048 0.039 0.119 0.107 0.091 0.072 0.084;
0.018 0.056 0.047 0.069 0.111 0.056 0.037 0.081 0.058 0.062 0.081 0.079 0.073 0.083 0.089;0.018 0.056 0.056 0.037 0.081 0.047 0.069 0.111 0.058 0.062 0.081 0.079 0.083 0.073 0.089;0.018 0.056 0.047 0.058 0.079 0.056 0.037 0.081 0.069 0.062 0.083 0.111 0.073 0.081 0.089;
0.03 0.049 0.062 0.054 0.113 0.04 0.043 0.097 0.042 0.044 0.083 0.083 0.086 0.097 0.077;0.03 0.049 0.04 0.043 0.097 0.062 0.054 0.113 0.042 0.044 0.083 0.083 0.097 0.086 0.077;0.03 0.04 0.062 0.042 0.083 0.049 0.043 0.097 0.054 0.044 0.097 0.113 0.086 0.083 0.077;
0.018 0.055 0.044 0.064 0.106 0.055 0.057 0.086 0.036 0.05 0.074 0.075 0.086 0.101 0.093;0.018 0.055 0.055 0.057 0.086 0.044 0.064 0.106 0.036 0.05 0.074 0.075 0.101 0.086 0.093;0.018 0.055 0.044 0.036 0.075 0.055 0.057 0.086 0.064 0.05 0.101 0.106 0.086 0.074 0.093;
0.023 0.071 0.044 0.055 0.091 0.047 0.036 0.08 0.044 0.058 0.082 0.096 0.091 0.096 0.086;0.023 0.071 0.047 0.036 0.08 0.044 0.055 0.091 0.044 0.058 0.082 0.096 0.096 0.091 0.086;0.023 0.047 0.044 0.044 0.096 0.071 0.036 0.08 0.055 0.058 0.096 0.091 0.091 0.082 0.086;
0.017 0.073 0.05 0.052 0.103 0.066 0.045 0.084 0.046 0.06 0.089 0.069 0.077 0.093 0.076;0.017 0.073 0.066 0.045 0.084 0.05 0.052 0.103 0.046 0.06 0.089 0.069 0.093 0.077 0.076;0.017 0.066 0.05 0.046 0.069 0.073 0.045 0.084 0.052 0.06 0.093 0.103 0.077 0.089 0.076;
0.02 0.037 0.04 0.054 0.099 0.054 0.045 0.084 0.042 0.067 0.091 0.103 0.086 0.1 0.078;0.02 0.037 0.054 0.045 0.084 0.04 0.054 0.099 0.042 0.067 0.091 0.103 0.1 0.086 0.078;0.02 0.054 0.04 0.042 0.103 0.037 0.045 0.084 0.054 0.067 0.1 0.099 0.086 0.091 0.078;
0.032 0.053 0.045 0.05 0.094 0.054 0.045 0.086 0.044 0.054 0.079 0.093 0.085 0.08 0.106;0.032 0.053 0.054 0.045 0.086 0.045 0.05 0.094 0.044 0.054 0.079 0.093 0.08 0.085 0.106;0.032 0.054 0.045 0.044 0.093 0.053 0.045 0.086 0.05 0.054 0.08 0.094 0.085 0.079 0.106;
0.016 0.063 0.048 0.061 0.08 0.052 0.045 0.087 0.048 0.045 0.08 0.086 0.082 0.118 0.089;0.016 0.063 0.052 0.045 0.087 0.048 0.061 0.08 0.048 0.045 0.08 0.086 0.118 0.082 0.089;0.016 0.052 0.048 0.048 0.086 0.063 0.045 0.087 0.061 0.045 0.118 0.08 0.082 0.08 0.089;
0.019 0.045 0.049 0.063 0.105 0.05 0.051 0.091 0.039 0.044 0.086 0.08 0.074 0.114 0.09;0.019 0.045 0.05 0.051 0.091 0.049 0.063 0.105 0.039 0.044 0.086 0.08 0.114 0.074 0.09;0.019 0.05 0.049 0.039 0.08 0.045 0.051 0.091 0.063 0.044 0.114 0.105 0.074 0.086 0.09;
0.017 0.053 0.057 0.065 0.105 0.063 0.042 0.086 0.042 0.055 0.08 0.084 0.071 0.099 0.081;0.017 0.053 0.063 0.042 0.086 0.057 0.065 0.105 0.042 0.055 0.08 0.084 0.099 0.071 0.081;0.017 0.063 0.057 0.042 0.084 0.053 0.042 0.086 0.065 0.055 0.099 0.105 0.071 0.08 0.081;
0.026 0.055 0.041 0.061 0.11 0.037 0.042 0.088 0.04 0.046 0.083 0.092 0.091 0.114 0.074;0.026 0.055 0.037 0.042 0.088 0.041 0.061 0.11 0.04 0.046 0.083 0.092 0.114 0.091 0.074;0.026 0.037 0.041 0.04 0.092 0.055 0.042 0.088 0.061 0.046 0.114 0.11 0.091 0.083 0.074;
0.022 0.046 0.053 0.064 0.085 0.048 0.055 0.079 0.038 0.05 0.075 0.083 0.098 0.104 0.1;0.022 0.046 0.048 0.055 0.079 0.053 0.064 0.085 0.038 0.05 0.075 0.083 0.104 0.098 0.1;0.022 0.048 0.053 0.038 0.083 0.046 0.055 0.079 0.064 0.05 0.104 0.085 0.098 0.075 0.1;
0.016 0.058 0.053 0.051 0.102 0.058 0.042 0.087 0.046 0.055 0.084 0.085 0.083 0.101 0.079;0.016 0.058 0.058 0.042 0.087 0.053 0.051 0.102 0.046 0.055 0.084 0.085 0.101 0.083 0.079;0.016 0.058 0.053 0.046 0.085 0.058 0.042 0.087 0.051 0.055 0.101 0.102 0.083 0.084 0.079;
0.023 0.047 0.061 0.056 0.101 0.057 0.057 0.083 0.034 0.055 0.094 0.073 0.075 0.099 0.085;0.023 0.047 0.057 0.057 0.083 0.061 0.056 0.101 0.034 0.055 0.094 0.073 0.099 0.075 0.085;0.023 0.057 0.061 0.034 0.073 0.047 0.057 0.083 0.056 0.055 0.099 0.101 0.075 0.094 0.085;
0.024 0.051 0.06 0.062 0.087 0.05 0.042 0.084 0.051 0.052 0.091 0.083 0.091 0.102 0.07;0.024 0.051 0.05 0.042 0.084 0.06 0.062 0.087 0.051 0.052 0.091 0.083 0.102 0.091 0.07;0.024 0.05 0.06 0.051 0.083 0.051 0.042 0.084 0.062 0.052 0.102 0.087 0.091 0.091 0.07;
0.017 0.053 0.049 0.051 0.104 0.052 0.056 0.084 0.041 0.059 0.081 0.081 0.076 0.118 0.078;0.017 0.053 0.052 0.056 0.084 0.049 0.051 0.104 0.041 0.059 0.081 0.081 0.118 0.076 0.078;0.017 0.052 0.049 0.041 0.081 0.053 0.056 0.084 0.051 0.059 0.118 0.104 0.076 0.081 0.078;
0.025 0.055 0.049 0.061 0.102 0.043 0.04 0.093 0.05 0.057 0.079 0.086 0.084 0.1 0.076;0.025 0.055 0.043 0.04 0.093 0.049 0.061 0.102 0.05 0.057 0.079 0.086 0.1 0.084 0.076;0.025 0.043 0.049 0.05 0.086 0.055 0.04 0.093 0.061 0.057 0.1 0.102 0.084 0.079 0.076;
0.019 0.044 0.048 0.056 0.107 0.061 0.04 0.08 0.046 0.073 0.09 0.091 0.091 0.082 0.072;0.019 0.044 0.061 0.04 0.08 0.048 0.056 0.107 0.046 0.073 0.09 0.091 0.082 0.091 0.072;0.019 0.061 0.048 0.046 0.091 0.044 0.04 0.08 0.056 0.073 0.082 0.107 0.091 0.09 0.072;
0.02 0.055 0.047 0.057 0.087 0.051 0.044 0.081 0.042 0.053 0.087 0.079 0.088 0.113 0.096;0.02 0.055 0.051 0.044 0.081 0.047 0.057 0.087 0.042 0.053 0.087 0.079 0.113 0.088 0.096;0.02 0.051 0.047 0.042 0.079 0.055 0.044 0.081 0.057 0.053 0.113 0.087 0.088 0.087 0.096;
0.028 0.054 0.046 0.059 0.102 0.048 0.044 0.084 0.034 0.07 0.092 0.08 0.076 0.1 0.083;0.028 0.054 0.048 0.044 0.084 0.046 0.059 0.102 0.034 0.07 0.092 0.08 0.1 0.076 0.083;0.028 0.048 0.046 0.034 0.08 0.054 0.044 0.084 0.059 0.07 0.1 0.102 0.076 0.092 0.083;
0.018 0.058 0.06 0.053 0.098 0.054 0.048 0.086 0.049 0.05 0.084 0.087 0.084 0.085 0.086;0.018 0.058 0.054 0.048 0.086 0.06 0.053 0.098 0.049 0.05 0.084 0.087 0.085 0.084 0.086;0.018 0.054 0.06 0.049 0.087 0.058 0.048 0.086 0.053 0.05 0.085 0.098 0.084 0.084 0.086;
0.023 0.057 0.053 0.066 0.1 0.052 0.045 0.088 0.04 0.053 0.073 0.09 0.08 0.111 0.069;0.023 0.057 0.052 0.045 0.088 0.053 0.066 0.1 0.04 0.053 0.073 0.09 0.111 0.08 0.069;0.023 0.052 0.053 0.04 0.09 0.057 0.045 0.088 0.066 0.053 0.111 0.1 0.08 0.073 0.069;
0.02 0.05 0.058 0.05 0.102 0.041 0.056 0.077 0.045 0.034 0.086 0.083 0.079 0.12 0.099;0.02 0.05 0.041 0.056 0.077 0.058 0.05 0.102 0.045 0.034 0.086 0.083 0.12 0.079 0.099;0.02 0.041 0.058 0.045 0.083 0.05 0.056 0.077 0.05 0.034 0.12 0.102 0.079 0.086 0.099;
0.018 0.063 0.049 0.063 0.092 0.05 0.054 0.1 0.047 0.048 0.07 0.081 0.085 0.102 0.078;0.018 0.063 0.05 0.054 0.1 0.049 0.063 0.092 0.047 0.048 0.07 0.081 0.102 0.085 0.078;0.018 0.05 0.049 0.047 0.081 0.063 0.054 0.1 0.063 0.048 0.102 0.092 0.085 0.07 0.078;
0.02 0.055 0.05 0.069 0.119 0.065 0.037 0.087 0.05 0.038 0.078 0.077 0.074 0.087 0.094;0.02 0.055 0.065 0.037 0.087 0.05 0.069 0.119 0.05 0.038 0.078 0.077 0.087 0.074 0.094;0.02 0.065 0.05 0.05 0.077 0.055 0.037 0.087 0.069 0.038 0.087 0.119 0.074 0.078 0.094;
0.023 0.047 0.036 0.059 0.101 0.059 0.045 0.087 0.052 0.054 0.076 0.089 0.08 0.09 0.102;0.023 0.047 0.059 0.045 0.087 0.036 0.059 0.101 0.052 0.054 0.076 0.089 0.09 0.08 0.102;0.023 0.059 0.036 0.052 0.089 0.047 0.045 0.087 0.059 0.054 0.09 0.101 0.08 0.076 0.102;
0.017 0.059 0.045 0.068 0.106 0.037 0.055 0.09 0.038 0.044 0.078 0.1 0.085 0.103 0.075;0.017 0.059 0.037 0.055 0.09 0.045 0.068 0.106 0.038 0.044 0.078 0.1 0.103 0.085 0.075;0.017 0.037 0.045 0.038 0.1 0.059 0.055 0.09 0.068 0.044 0.103 0.106 0.085 0.078 0.075;
0.031 0.056 0.051 0.05 0.095 0.049 0.045 0.096 0.043 0.047 0.084 0.076 0.079 0.106 0.092;0.031 0.056 0.049 0.045 0.096 0.051 0.05 0.095 0.043 0.047 0.084 0.076 0.106 0.079 0.092;0.031 0.049 0.051 0.043 0.076 0.056 0.045 0.096 0.05 0.047 0.106 0.095 0.079 0.084 0.092;
0.025 0.046 0.052 0.055 0.095 0.058 0.048 0.112 0.045 0.046 0.078 0.068 0.089 0.099 0.084;0.025 0.046 0.058 0.048 0.112 0.052 0.055 0.095 0.045 0.046 0.078 0.068 0.099 0.089 0.084;0.025 0.058 0.052 0.045 0.068 0.046 0.048 0.112 0.055 0.046 0.099 0.095 0.089 0.078 0.084;
0.029 0.055 0.054 0.049 0.103 0.047 0.048 0.093 0.037 0.049 0.077 0.086 0.085 0.092 0.096;0.029 0.055 0.047 0.048 0.093 0.054 0.049 0.103 0.037 0.049 0.077 0.086 0.092 0.085 0.096;0.029 0.047 0.054 0.037 0.086 0.055 0.048 0.093 0.049 0.049 0.092 0.103 0.085 0.077 0.096;
0.022 0.058 0.058 0.053 0.085 0.058 0.043 0.08 0.049 0.051 0.085 0.084 0.089 0.101 0.084;0.022 0.058 0.058 0.043 0.08 0.058 0.053 0.085 0.049 0.051 0.085 0.084 0.101 0.089 0.084;0.022 0.058 0.058 0.049 0.084 0.058 0.043 0.08 0.053 0.051 0.101 0.085 0.089 0.085 0.084;
0.017 0.054 0.047 0.079 0.081 0.064 0.042 0.077 0.041 0.043 0.091 0.094 0.079 0.103 0.088;0.017 0.054 0.064 0.042 0.077 0.047 0.079 0.081 0.041 0.043 0.091 0.094 0.103 0.079 0.088;0.017 0.064 0.047 0.041 0.094 0.054 0.042 0.077 0.079 0.043 0.103 0.081 0.079 0.091 0.088;
0.028 0.068 0.049 0.061 0.096 0.047 0.046 0.089 0.051 0.04 0.101 0.063 0.089 0.093 0.079;0.028 0.068 0.047 0.046 0.089 0.049 0.061 0.096 0.051 0.04 0.101 0.063 0.093 0.089 0.079;0.028 0.047 0.049 0.051 0.063 0.068 0.046 0.089 0.061 0.04 0.093 0.096 0.089 0.101 0.079;
0.013 0.052 0.048 0.08 0.096 0.056 0.053 0.099 0.044 0.038 0.075 0.092 0.088 0.095 0.071;0.013 0.052 0.056 0.053 0.099 0.048 0.08 0.096 0.044 0.038 0.075 0.092 0.095 0.088 0.071;0.013 0.056 0.048 0.044 0.092 0.052 0.053 0.099 0.08 0.038 0.095 0.096 0.088 0.075 0.071;
0.021 0.054 0.052 0.063 0.087 0.063 0.056 0.079 0.029 0.059 0.08 0.087 0.098 0.094 0.078;0.021 0.054 0.063 0.056 0.079 0.052 0.063 0.087 0.029 0.059 0.08 0.087 0.094 0.098 0.078;0.021 0.063 0.052 0.029 0.087 0.054 0.056 0.079 0.063 0.059 0.094 0.087 0.098 0.08 0.078;
0.022 0.061 0.056 0.056 0.095 0.052 0.043 0.089 0.035 0.043 0.084 0.078 0.091 0.097 0.098;0.022 0.061 0.052 0.043 0.089 0.056 0.056 0.095 0.035 0.043 0.084 0.078 0.097 0.091 0.098;0.022 0.052 0.056 0.035 0.078 0.061 0.043 0.089 0.056 0.043 0.097 0.095 0.091 0.084 0.098;
0.027 0.062 0.052 0.064 0.105 0.049 0.045 0.089 0.034 0.039 0.089 0.092 0.091 0.095 0.067;0.027 0.062 0.049 0.045 0.089 0.052 0.064 0.105 0.034 0.039 0.089 0.092 0.095 0.091 0.067;0.027 0.049 0.052 0.034 0.092 0.062 0.045 0.089 0.064 0.039 0.095 0.105 0.091 0.089 0.067;
0.022 0.055 0.059 0.045 0.112 0.068 0.042 0.084 0.033 0.039 0.089 0.093 0.081 0.091 0.087;0.022 0.055 0.068 0.042 0.084 0.059 0.045 0.112 0.033 0.039 0.089 0.093 0.091 0.081 0.087;0.022 0.068 0.059 0.033 0.093 0.055 0.042 0.084 0.045 0.039 0.091 0.112 0.081 0.089 0.087;
0.021 0.048 0.051 0.059 0.088 0.06 0.05 0.085 0.048 0.046 0.081 0.079 0.082 0.103 0.099;0.021 0.048 0.06 0.05 0.085 0.051 0.059 0.088 0.048 0.046 0.081 0.079 0.103 0.082 0.099;0.021 0.06 0.051 0.048 0.079 0.048 0.05 0.085 0.059 0.046 0.103 0.088 0.082 0.081 0.099;
0.022 0.049 0.059 0.065 0.09 0.052 0.041 0.089 0.044 0.056 0.088 0.083 0.074 0.114 0.074;0.022 0.049 0.052 0.041 0.089 0.059 0.065 0.09 0.044 0.056 0.088 0.083 0.114 0.074 0.074;0.022 0.052 0.059 0.044 0.083 0.049 0.041 0.089 0.065 0.056 0.114 0.09 0.074 0.088 0.074;
0.012 0.055 0.055 0.065 0.094 0.047 0.031 0.091 0.046 0.055 0.081 0.097 0.077 0.112 0.082;0.012 0.055 0.047 0.031 0.091 0.055 0.065 0.094 0.046 0.055 0.081 0.097 0.112 0.077 0.082;0.012 0.047 0.055 0.046 0.097 0.055 0.031 0.091 0.065 0.055 0.112 0.094 0.077 0.081 0.082];