pntP=[0.021 0.053 0.043 0.05 0.092 0.061 0.054 0.086 0.031 0.065 0.09 0.077 0.083 0.101 0.093;0.021 0.053 0.061 0.054 0.086 0.043 0.05 0.092 0.031 0.065 0.09 0.077 0.101 0.083 0.093;0.021 0.061 0.043 0.031 0.077 0.053 0.054 0.086 0.05 0.065 0.101 0.092 0.083 0.09 0.093;
0.025 0.047 0.04 0.053 0.086 0.045 0.047 0.091 0.053 0.057 0.087 0.08 0.098 0.105 0.086;0.025 0.047 0.045 0.047 0.091 0.04 0.053 0.086 0.053 0.057 0.087 0.08 0.105 0.098 0.086;0.025 0.045 0.04 0.053 0.08 0.047 0.047 0.091 0.053 0.057 0.105 0.086 0.098 0.087 0.086;
0.016 0.042 0.057 0.059 0.104 0.061 0.044 0.072 0.039 0.047 0.1 0.08 0.083 0.104 0.092;0.016 0.042 0.061 0.044 0.072 0.057 0.059 0.104 0.039 0.047 0.1 0.08 0.104 0.083 0.092;0.016 0.061 0.057 0.039 0.08 0.042 0.044 0.072 0.059 0.047 0.104 0.104 0.083 0.1 0.092;
0.022 0.057 0.059 0.07 0.101 0.052 0.046 0.076 0.036 0.049 0.073 0.094 0.078 0.102 0.085;0.022 0.057 0.052 0.046 0.076 0.059 0.07 0.101 0.036 0.049 0.073 0.094 0.102 0.078 0.085;0.022 0.052 0.059 0.036 0.094 0.057 0.046 0.076 0.07 0.049 0.102 0.101 0.078 0.073 0.085;
0.025 0.053 0.056 0.071 0.075 0.062 0.042 0.082 0.048 0.042 0.078 0.08 0.095 0.099 0.092;0.025 0.053 0.062 0.042 0.082 0.056 0.071 0.075 0.048 0.042 0.078 0.08 0.099 0.095 0.092;0.025 0.062 0.056 0.048 0.08 0.053 0.042 0.082 0.071 0.042 0.099 0.075 0.095 0.078 0.092;
0.03 0.054 0.046 0.063 0.096 0.056 0.044 0.084 0.046 0.055 0.097 0.084 0.085 0.088 0.072;0.03 0.054 0.056 0.044 0.084 0.046 0.063 0.096 0.046 0.055 0.097 0.084 0.088 0.085 0.072;0.03 0.056 0.046 0.046 0.084 0.054 0.044 0.084 0.063 0.055 0.088 0.096 0.085 0.097 0.072;
0.026 0.046 0.056 0.058 0.102 0.05 0.052 0.08 0.044 0.058 0.081 0.093 0.09 0.094 0.07;0.026 0.046 0.05 0.052 0.08 0.056 0.058 0.102 0.044 0.058 0.081 0.093 0.094 0.09 0.07;0.026 0.05 0.056 0.044 0.093 0.046 0.052 0.08 0.058 0.058 0.094 0.102 0.09 0.081 0.07;
0.024 0.042 0.049 0.06 0.112 0.064 0.04 0.09 0.047 0.062 0.069 0.085 0.08 0.098 0.078;0.024 0.042 0.064 0.04 0.09 0.049 0.06 0.112 0.047 0.062 0.069 0.085 0.098 0.08 0.078;0.024 0.064 0.049 0.047 0.085 0.042 0.04 0.09 0.06 0.062 0.098 0.112 0.08 0.069 0.078;
0.024 0.049 0.045 0.044 0.101 0.054 0.051 0.094 0.033 0.051 0.082 0.091 0.089 0.106 0.086;0.024 0.049 0.054 0.051 0.094 0.045 0.044 0.101 0.033 0.051 0.082 0.091 0.106 0.089 0.086;0.024 0.054 0.045 0.033 0.091 0.049 0.051 0.094 0.044 0.051 0.106 0.101 0.089 0.082 0.086;
0.023 0.054 0.062 0.064 0.101 0.048 0.045 0.084 0.058 0.062 0.077 0.082 0.087 0.078 0.075;0.023 0.054 0.048 0.045 0.084 0.062 0.064 0.101 0.058 0.062 0.077 0.082 0.078 0.087 0.075;0.023 0.048 0.062 0.058 0.082 0.054 0.045 0.084 0.064 0.062 0.078 0.101 0.087 0.077 0.075;
0.024 0.049 0.036 0.055 0.094 0.055 0.047 0.101 0.044 0.06 0.082 0.09 0.079 0.099 0.085;0.024 0.049 0.055 0.047 0.101 0.036 0.055 0.094 0.044 0.06 0.082 0.09 0.099 0.079 0.085;0.024 0.055 0.036 0.044 0.09 0.049 0.047 0.101 0.055 0.06 0.099 0.094 0.079 0.082 0.085;
0.03 0.053 0.047 0.065 0.102 0.056 0.036 0.079 0.04 0.057 0.095 0.078 0.091 0.098 0.073;0.03 0.053 0.056 0.036 0.079 0.047 0.065 0.102 0.04 0.057 0.095 0.078 0.098 0.091 0.073;0.03 0.056 0.047 0.04 0.078 0.053 0.036 0.079 0.065 0.057 0.098 0.102 0.091 0.095 0.073;
0.018 0.052 0.056 0.054 0.114 0.049 0.037 0.081 0.036 0.063 0.071 0.089 0.08 0.114 0.086;0.018 0.052 0.049 0.037 0.081 0.056 0.054 0.114 0.036 0.063 0.071 0.089 0.114 0.08 0.086;0.018 0.049 0.056 0.036 0.089 0.052 0.037 0.081 0.054 0.063 0.114 0.114 0.08 0.071 0.086;
0.025 0.054 0.043 0.055 0.113 0.065 0.039 0.088 0.046 0.061 0.076 0.074 0.075 0.103 0.083;0.025 0.054 0.065 0.039 0.088 0.043 0.055 0.113 0.046 0.061 0.076 0.074 0.103 0.075 0.083;0.025 0.065 0.043 0.046 0.074 0.054 0.039 0.088 0.055 0.061 0.103 0.113 0.075 0.076 0.083;
0.018 0.055 0.043 0.062 0.076 0.056 0.038 0.07 0.048 0.072 0.102 0.088 0.099 0.096 0.077;0.018 0.055 0.056 0.038 0.07 0.043 0.062 0.076 0.048 0.072 0.102 0.088 0.096 0.099 0.077;0.018 0.056 0.043 0.048 0.088 0.055 0.038 0.07 0.062 0.072 0.096 0.076 0.099 0.102 0.077;
0.025 0.034 0.063 0.072 0.098 0.048 0.047 0.09 0.052 0.051 0.095 0.077 0.078 0.098 0.072;0.025 0.034 0.048 0.047 0.09 0.063 0.072 0.098 0.052 0.051 0.095 0.077 0.098 0.078 0.072;0.025 0.048 0.063 0.052 0.077 0.034 0.047 0.09 0.072 0.051 0.098 0.098 0.078 0.095 0.072;
0.022 0.053 0.067 0.056 0.109 0.058 0.048 0.085 0.041 0.056 0.081 0.075 0.071 0.094 0.084;0.022 0.053 0.058 0.048 0.085 0.067 0.056 0.109 0.041 0.056 0.081 0.075 0.094 0.071 0.084;0.022 0.058 0.067 0.041 0.075 0.053 0.048 0.085 0.056 0.056 0.094 0.109 0.071 0.081 0.084;
0.025 0.051 0.048 0.07 0.105 0.054 0.041 0.086 0.038 0.048 0.083 0.08 0.075 0.098 0.098;0.025 0.051 0.054 0.041 0.086 0.048 0.07 0.105 0.038 0.048 0.083 0.08 0.098 0.075 0.098;0.025 0.054 0.048 0.038 0.08 0.051 0.041 0.086 0.07 0.048 0.098 0.105 0.075 0.083 0.098;
0.025 0.048 0.055 0.05 0.095 0.059 0.038 0.092 0.048 0.057 0.097 0.071 0.074 0.107 0.084;0.025 0.048 0.059 0.038 0.092 0.055 0.05 0.095 0.048 0.057 0.097 0.071 0.107 0.074 0.084;0.025 0.059 0.055 0.048 0.071 0.048 0.038 0.092 0.05 0.057 0.107 0.095 0.074 0.097 0.084;
0.019 0.039 0.06 0.056 0.106 0.043 0.048 0.093 0.046 0.065 0.069 0.094 0.068 0.108 0.086;0.019 0.039 0.043 0.048 0.093 0.06 0.056 0.106 0.046 0.065 0.069 0.094 0.108 0.068 0.086;0.019 0.043 0.06 0.046 0.094 0.039 0.048 0.093 0.056 0.065 0.108 0.106 0.068 0.069 0.086;
0.031 0.038 0.057 0.062 0.099 0.064 0.047 0.064 0.049 0.033 0.089 0.085 0.088 0.119 0.075;0.031 0.038 0.064 0.047 0.064 0.057 0.062 0.099 0.049 0.033 0.089 0.085 0.119 0.088 0.075;0.031 0.064 0.057 0.049 0.085 0.038 0.047 0.064 0.062 0.033 0.119 0.099 0.088 0.089 0.075;
0.032 0.052 0.044 0.057 0.108 0.058 0.036 0.079 0.037 0.053 0.097 0.083 0.087 0.106 0.071;0.032 0.052 0.058 0.036 0.079 0.044 0.057 0.108 0.037 0.053 0.097 0.083 0.106 0.087 0.071;0.032 0.058 0.044 0.037 0.083 0.052 0.036 0.079 0.057 0.053 0.106 0.108 0.087 0.097 0.071;
0.019 0.051 0.051 0.058 0.086 0.067 0.04 0.079 0.041 0.045 0.097 0.083 0.102 0.1 0.081;0.019 0.051 0.067 0.04 0.079 0.051 0.058 0.086 0.041 0.045 0.097 0.083 0.1 0.102 0.081;0.019 0.067 0.051 0.041 0.083 0.051 0.04 0.079 0.058 0.045 0.1 0.086 0.102 0.097 0.081;
0.027 0.065 0.058 0.064 0.089 0.067 0.038 0.083 0.027 0.046 0.087 0.085 0.09 0.101 0.073;0.027 0.065 0.067 0.038 0.083 0.058 0.064 0.089 0.027 0.046 0.087 0.085 0.101 0.09 0.073;0.027 0.067 0.058 0.027 0.085 0.065 0.038 0.083 0.064 0.046 0.101 0.089 0.09 0.087 0.073;
0.025 0.051 0.05 0.063 0.103 0.062 0.044 0.089 0.05 0.046 0.087 0.073 0.093 0.086 0.078;0.025 0.051 0.062 0.044 0.089 0.05 0.063 0.103 0.05 0.046 0.087 0.073 0.086 0.093 0.078;0.025 0.062 0.05 0.05 0.073 0.051 0.044 0.089 0.063 0.046 0.086 0.103 0.093 0.087 0.078;
0.029 0.048 0.055 0.07 0.108 0.042 0.037 0.081 0.045 0.068 0.08 0.094 0.075 0.081 0.087;0.029 0.048 0.042 0.037 0.081 0.055 0.07 0.108 0.045 0.068 0.08 0.094 0.081 0.075 0.087;0.029 0.042 0.055 0.045 0.094 0.048 0.037 0.081 0.07 0.068 0.081 0.108 0.075 0.08 0.087;
0.025 0.054 0.054 0.063 0.1 0.05 0.04 0.101 0.04 0.053 0.089 0.08 0.082 0.088 0.081;0.025 0.054 0.05 0.04 0.101 0.054 0.063 0.1 0.04 0.053 0.089 0.08 0.088 0.082 0.081;0.025 0.05 0.054 0.04 0.08 0.054 0.04 0.101 0.063 0.053 0.088 0.1 0.082 0.089 0.081;
0.021 0.056 0.051 0.06 0.115 0.046 0.042 0.079 0.045 0.057 0.082 0.086 0.086 0.095 0.079;0.021 0.056 0.046 0.042 0.079 0.051 0.06 0.115 0.045 0.057 0.082 0.086 0.095 0.086 0.079;0.021 0.046 0.051 0.045 0.086 0.056 0.042 0.079 0.06 0.057 0.095 0.115 0.086 0.082 0.079;
0.022 0.045 0.04 0.071 0.089 0.061 0.04 0.082 0.044 0.052 0.074 0.086 0.108 0.098 0.088;0.022 0.045 0.061 0.04 0.082 0.04 0.071 0.089 0.044 0.052 0.074 0.086 0.098 0.108 0.088;0.022 0.061 0.04 0.044 0.086 0.045 0.04 0.082 0.071 0.052 0.098 0.089 0.108 0.074 0.088;
0.025 0.059 0.056 0.054 0.103 0.051 0.035 0.088 0.037 0.054 0.088 0.083 0.086 0.108 0.073;0.025 0.059 0.051 0.035 0.088 0.056 0.054 0.103 0.037 0.054 0.088 0.083 0.108 0.086 0.073;0.025 0.051 0.056 0.037 0.083 0.059 0.035 0.088 0.054 0.054 0.108 0.103 0.086 0.088 0.073;
0.027 0.061 0.045 0.07 0.106 0.041 0.037 0.086 0.055 0.052 0.075 0.082 0.08 0.104 0.079;0.027 0.061 0.041 0.037 0.086 0.045 0.07 0.106 0.055 0.052 0.075 0.082 0.104 0.08 0.079;0.027 0.041 0.045 0.055 0.082 0.061 0.037 0.086 0.07 0.052 0.104 0.106 0.08 0.075 0.079;
0.021 0.046 0.047 0.061 0.084 0.071 0.041 0.093 0.038 0.049 0.082 0.093 0.076 0.11 0.088;0.021 0.046 0.071 0.041 0.093 0.047 0.061 0.084 0.038 0.049 0.082 0.093 0.11 0.076 0.088;0.021 0.071 0.047 0.038 0.093 0.046 0.041 0.093 0.061 0.049 0.11 0.084 0.076 0.082 0.088;
0.017 0.046 0.054 0.064 0.096 0.061 0.045 0.089 0.041 0.047 0.087 0.085 0.07 0.124 0.074;0.017 0.046 0.061 0.045 0.089 0.054 0.064 0.096 0.041 0.047 0.087 0.085 0.124 0.07 0.074;0.017 0.061 0.054 0.041 0.085 0.046 0.045 0.089 0.064 0.047 0.124 0.096 0.07 0.087 0.074;
0.019 0.054 0.056 0.054 0.085 0.041 0.035 0.097 0.044 0.058 0.09 0.102 0.088 0.099 0.078;0.019 0.054 0.041 0.035 0.097 0.056 0.054 0.085 0.044 0.058 0.09 0.102 0.099 0.088 0.078;0.019 0.041 0.056 0.044 0.102 0.054 0.035 0.097 0.054 0.058 0.099 0.085 0.088 0.09 0.078;
0.026 0.05 0.048 0.062 0.089 0.055 0.044 0.088 0.036 0.059 0.084 0.081 0.082 0.11 0.086;0.026 0.05 0.055 0.044 0.088 0.048 0.062 0.089 0.036 0.059 0.084 0.081 0.11 0.082 0.086;0.026 0.055 0.048 0.036 0.081 0.05 0.044 0.088 0.062 0.059 0.11 0.089 0.082 0.084 0.086;
0.022 0.044 0.051 0.061 0.099 0.062 0.04 0.088 0.041 0.048 0.092 0.086 0.095 0.082 0.089;0.022 0.044 0.062 0.04 0.088 0.051 0.061 0.099 0.041 0.048 0.092 0.086 0.082 0.095 0.089;0.022 0.062 0.051 0.041 0.086 0.044 0.04 0.088 0.061 0.048 0.082 0.099 0.095 0.092 0.089;
0.029 0.051 0.052 0.068 0.095 0.039 0.052 0.086 0.054 0.047 0.079 0.075 0.085 0.12 0.068;0.029 0.051 0.039 0.052 0.086 0.052 0.068 0.095 0.054 0.047 0.079 0.075 0.12 0.085 0.068;0.029 0.039 0.052 0.054 0.075 0.051 0.052 0.086 0.068 0.047 0.12 0.095 0.085 0.079 0.068;
0.018 0.057 0.054 0.059 0.114 0.058 0.038 0.076 0.053 0.042 0.085 0.093 0.074 0.09 0.089;0.018 0.057 0.058 0.038 0.076 0.054 0.059 0.114 0.053 0.042 0.085 0.093 0.09 0.074 0.089;0.018 0.058 0.054 0.053 0.093 0.057 0.038 0.076 0.059 0.042 0.09 0.114 0.074 0.085 0.089;
0.022 0.053 0.042 0.058 0.103 0.05 0.046 0.085 0.044 0.06 0.073 0.077 0.092 0.104 0.091;0.022 0.053 0.05 0.046 0.085 0.042 0.058 0.103 0.044 0.06 0.073 0.077 0.104 0.092 0.091;0.022 0.05 0.042 0.044 0.077 0.053 0.046 0.085 0.058 0.06 0.104 0.103 0.092 0.073 0.091;
0.019 0.038 0.05 0.054 0.101 0.059 0.041 0.097 0.047 0.043 0.082 0.094 0.09 0.103 0.082;0.019 0.038 0.059 0.041 0.097 0.05 0.054 0.101 0.047 0.043 0.082 0.094 0.103 0.09 0.082;0.019 0.059 0.05 0.047 0.094 0.038 0.041 0.097 0.054 0.043 0.103 0.101 0.09 0.082 0.082;
0.028 0.046 0.053 0.048 0.11 0.056 0.038 0.077 0.038 0.048 0.084 0.088 0.104 0.105 0.077;0.028 0.046 0.056 0.038 0.077 0.053 0.048 0.11 0.038 0.048 0.084 0.088 0.105 0.104 0.077;0.028 0.056 0.053 0.038 0.088 0.046 0.038 0.077 0.048 0.048 0.105 0.11 0.104 0.084 0.077;
0.026 0.051 0.064 0.071 0.105 0.05 0.046 0.097 0.038 0.052 0.071 0.074 0.089 0.102 0.064;0.026 0.051 0.05 0.046 0.097 0.064 0.071 0.105 0.038 0.052 0.071 0.074 0.102 0.089 0.064;0.026 0.05 0.064 0.038 0.074 0.051 0.046 0.097 0.071 0.052 0.102 0.105 0.089 0.071 0.064;
0.019 0.055 0.052 0.058 0.097 0.049 0.041 0.083 0.039 0.051 0.103 0.091 0.075 0.113 0.074;0.019 0.055 0.049 0.041 0.083 0.052 0.058 0.097 0.039 0.051 0.103 0.091 0.113 0.075 0.074;0.019 0.049 0.052 0.039 0.091 0.055 0.041 0.083 0.058 0.051 0.113 0.097 0.075 0.103 0.074;
0.018 0.05 0.057 0.066 0.097 0.051 0.033 0.09 0.038 0.058 0.096 0.087 0.083 0.089 0.087;0.018 0.05 0.051 0.033 0.09 0.057 0.066 0.097 0.038 0.058 0.096 0.087 0.089 0.083 0.087;0.018 0.051 0.057 0.038 0.087 0.05 0.033 0.09 0.066 0.058 0.089 0.097 0.083 0.096 0.087;
0.034 0.048 0.056 0.06 0.08 0.054 0.052 0.087 0.033 0.055 0.077 0.087 0.091 0.097 0.089;0.034 0.048 0.054 0.052 0.087 0.056 0.06 0.08 0.033 0.055 0.077 0.087 0.097 0.091 0.089;0.034 0.054 0.056 0.033 0.087 0.048 0.052 0.087 0.06 0.055 0.097 0.08 0.091 0.077 0.089;
0.027 0.051 0.049 0.056 0.092 0.053 0.043 0.08 0.039 0.053 0.086 0.089 0.097 0.1 0.085;0.027 0.051 0.053 0.043 0.08 0.049 0.056 0.092 0.039 0.053 0.086 0.089 0.1 0.097 0.085;0.027 0.053 0.049 0.039 0.089 0.051 0.043 0.08 0.056 0.053 0.1 0.092 0.097 0.086 0.085;
0.017 0.061 0.05 0.06 0.088 0.049 0.049 0.082 0.051 0.051 0.082 0.067 0.078 0.117 0.098;0.017 0.061 0.049 0.049 0.082 0.05 0.06 0.088 0.051 0.051 0.082 0.067 0.117 0.078 0.098;0.017 0.049 0.05 0.051 0.067 0.061 0.049 0.082 0.06 0.051 0.117 0.088 0.078 0.082 0.098;
0.026 0.036 0.056 0.058 0.095 0.059 0.039 0.07 0.046 0.048 0.088 0.085 0.098 0.099 0.097;0.026 0.036 0.059 0.039 0.07 0.056 0.058 0.095 0.046 0.048 0.088 0.085 0.099 0.098 0.097;0.026 0.059 0.056 0.046 0.085 0.036 0.039 0.07 0.058 0.048 0.099 0.095 0.098 0.088 0.097;
0.025 0.042 0.056 0.058 0.11 0.055 0.047 0.088 0.049 0.05 0.073 0.082 0.079 0.104 0.082;0.025 0.042 0.055 0.047 0.088 0.056 0.058 0.11 0.049 0.05 0.073 0.082 0.104 0.079 0.082;0.025 0.055 0.056 0.049 0.082 0.042 0.047 0.088 0.058 0.05 0.104 0.11 0.079 0.073 0.082;
0.024 0.053 0.05 0.059 0.098 0.053 0.043 0.107 0.038 0.045 0.086 0.089 0.087 0.075 0.093;0.024 0.053 0.053 0.043 0.107 0.05 0.059 0.098 0.038 0.045 0.086 0.089 0.075 0.087 0.093;0.024 0.053 0.05 0.038 0.089 0.053 0.043 0.107 0.059 0.045 0.075 0.098 0.087 0.086 0.093;
0.027 0.05 0.053 0.053 0.112 0.055 0.049 0.106 0.04 0.064 0.068 0.078 0.074 0.092 0.079;0.027 0.05 0.055 0.049 0.106 0.053 0.053 0.112 0.04 0.064 0.068 0.078 0.092 0.074 0.079;0.027 0.055 0.053 0.04 0.078 0.05 0.049 0.106 0.053 0.064 0.092 0.112 0.074 0.068 0.079;
0.026 0.058 0.063 0.065 0.119 0.049 0.037 0.102 0.048 0.038 0.081 0.079 0.072 0.088 0.075;0.026 0.058 0.049 0.037 0.102 0.063 0.065 0.119 0.048 0.038 0.081 0.079 0.088 0.072 0.075;0.026 0.049 0.063 0.048 0.079 0.058 0.037 0.102 0.065 0.038 0.088 0.119 0.072 0.081 0.075;
0.018 0.047 0.049 0.073 0.099 0.058 0.043 0.071 0.04 0.054 0.091 0.085 0.085 0.096 0.091;0.018 0.047 0.058 0.043 0.071 0.049 0.073 0.099 0.04 0.054 0.091 0.085 0.096 0.085 0.091;0.018 0.058 0.049 0.04 0.085 0.047 0.043 0.071 0.073 0.054 0.096 0.099 0.085 0.091 0.091;
0.016 0.057 0.048 0.069 0.093 0.041 0.037 0.095 0.041 0.052 0.107 0.082 0.09 0.095 0.077;0.016 0.057 0.041 0.037 0.095 0.048 0.069 0.093 0.041 0.052 0.107 0.082 0.095 0.09 0.077;0.016 0.041 0.048 0.041 0.082 0.057 0.037 0.095 0.069 0.052 0.095 0.093 0.09 0.107 0.077;
0.027 0.057 0.043 0.061 0.092 0.059 0.047 0.086 0.045 0.059 0.084 0.092 0.064 0.1 0.084;0.027 0.057 0.059 0.047 0.086 0.043 0.061 0.092 0.045 0.059 0.084 0.092 0.1 0.064 0.084;0.027 0.059 0.043 0.045 0.092 0.057 0.047 0.086 0.061 0.059 0.1 0.092 0.064 0.084 0.084;
0.028 0.057 0.057 0.063 0.111 0.057 0.05 0.072 0.035 0.052 0.093 0.083 0.08 0.095 0.067;0.028 0.057 0.057 0.05 0.072 0.057 0.063 0.111 0.035 0.052 0.093 0.083 0.095 0.08 0.067;0.028 0.057 0.057 0.035 0.083 0.057 0.05 0.072 0.063 0.052 0.095 0.111 0.08 0.093 0.067;
0.026 0.049 0.057 0.06 0.085 0.055 0.044 0.091 0.043 0.065 0.078 0.09 0.08 0.1 0.077;0.026 0.049 0.055 0.044 0.091 0.057 0.06 0.085 0.043 0.065 0.078 0.09 0.1 0.08 0.077;0.026 0.055 0.057 0.043 0.09 0.049 0.044 0.091 0.06 0.065 0.1 0.085 0.08 0.078 0.077;
0.028 0.054 0.048 0.074 0.116 0.045 0.044 0.083 0.042 0.039 0.071 0.087 0.094 0.092 0.083;0.028 0.054 0.045 0.044 0.083 0.048 0.074 0.116 0.042 0.039 0.071 0.087 0.092 0.094 0.083;0.028 0.045 0.048 0.042 0.087 0.054 0.044 0.083 0.074 0.039 0.092 0.116 0.094 0.071 0.083;
0.019 0.047 0.055 0.049 0.09 0.049 0.048 0.083 0.054 0.055 0.093 0.099 0.09 0.092 0.077;0.019 0.047 0.049 0.048 0.083 0.055 0.049 0.09 0.054 0.055 0.093 0.099 0.092 0.09 0.077;0.019 0.049 0.055 0.054 0.099 0.047 0.048 0.083 0.049 0.055 0.092 0.09 0.09 0.093 0.077;
0.029 0.051 0.041 0.059 0.101 0.057 0.045 0.069 0.042 0.067 0.083 0.079 0.072 0.12 0.085;0.029 0.051 0.057 0.045 0.069 0.041 0.059 0.101 0.042 0.067 0.083 0.079 0.12 0.072 0.085;0.029 0.057 0.041 0.042 0.079 0.051 0.045 0.069 0.059 0.067 0.12 0.101 0.072 0.083 0.085;
0.025 0.052 0.049 0.042 0.085 0.065 0.035 0.103 0.044 0.062 0.097 0.081 0.087 0.106 0.067;0.025 0.052 0.065 0.035 0.103 0.049 0.042 0.085 0.044 0.062 0.097 0.081 0.106 0.087 0.067;0.025 0.065 0.049 0.044 0.081 0.052 0.035 0.103 0.042 0.062 0.106 0.085 0.087 0.097 0.067;
0.02 0.049 0.061 0.069 0.098 0.054 0.042 0.084 0.042 0.068 0.077 0.087 0.072 0.106 0.071;0.02 0.049 0.054 0.042 0.084 0.061 0.069 0.098 0.042 0.068 0.077 0.087 0.106 0.072 0.071;0.02 0.054 0.061 0.042 0.087 0.049 0.042 0.084 0.069 0.068 0.106 0.098 0.072 0.077 0.071;
0.027 0.051 0.065 0.051 0.097 0.06 0.038 0.074 0.048 0.045 0.097 0.084 0.086 0.093 0.084;0.027 0.051 0.06 0.038 0.074 0.065 0.051 0.097 0.048 0.045 0.097 0.084 0.093 0.086 0.084;0.027 0.06 0.065 0.048 0.084 0.051 0.038 0.074 0.051 0.045 0.093 0.097 0.086 0.097 0.084;
0.024 0.049 0.065 0.05 0.085 0.059 0.047 0.081 0.047 0.053 0.088 0.098 0.073 0.096 0.085;0.024 0.049 0.059 0.047 0.081 0.065 0.05 0.085 0.047 0.053 0.088 0.098 0.096 0.073 0.085;0.024 0.059 0.065 0.047 0.098 0.049 0.047 0.081 0.05 0.053 0.096 0.085 0.073 0.088 0.085;
0.02 0.069 0.052 0.064 0.095 0.05 0.033 0.099 0.039 0.049 0.085 0.085 0.093 0.088 0.079;0.02 0.069 0.05 0.033 0.099 0.052 0.064 0.095 0.039 0.049 0.085 0.085 0.088 0.093 0.079;0.02 0.05 0.052 0.039 0.085 0.069 0.033 0.099 0.064 0.049 0.088 0.095 0.093 0.085 0.079;
0.033 0.043 0.071 0.05 0.109 0.062 0.039 0.081 0.038 0.042 0.07 0.097 0.085 0.097 0.083;0.033 0.043 0.062 0.039 0.081 0.071 0.05 0.109 0.038 0.042 0.07 0.097 0.097 0.085 0.083;0.033 0.062 0.071 0.038 0.097 0.043 0.039 0.081 0.05 0.042 0.097 0.109 0.085 0.07 0.083;
0.032 0.064 0.045 0.055 0.11 0.051 0.045 0.079 0.035 0.067 0.076 0.083 0.076 0.088 0.094;0.032 0.064 0.051 0.045 0.079 0.045 0.055 0.11 0.035 0.067 0.076 0.083 0.088 0.076 0.094;0.032 0.051 0.045 0.035 0.083 0.064 0.045 0.079 0.055 0.067 0.088 0.11 0.076 0.076 0.094;
0.032 0.045 0.048 0.055 0.112 0.063 0.04 0.091 0.031 0.061 0.089 0.089 0.084 0.09 0.07;0.032 0.045 0.063 0.04 0.091 0.048 0.055 0.112 0.031 0.061 0.089 0.089 0.09 0.084 0.07;0.032 0.063 0.048 0.031 0.089 0.045 0.04 0.091 0.055 0.061 0.09 0.112 0.084 0.089 0.07;
0.027 0.054 0.047 0.062 0.105 0.061 0.037 0.099 0.039 0.056 0.081 0.069 0.089 0.101 0.073;0.027 0.054 0.061 0.037 0.099 0.047 0.062 0.105 0.039 0.056 0.081 0.069 0.101 0.089 0.073;0.027 0.061 0.047 0.039 0.069 0.054 0.037 0.099 0.062 0.056 0.101 0.105 0.089 0.081 0.073;
0.033 0.049 0.042 0.059 0.102 0.054 0.038 0.096 0.043 0.055 0.093 0.088 0.072 0.088 0.088;0.033 0.049 0.054 0.038 0.096 0.042 0.059 0.102 0.043 0.055 0.093 0.088 0.088 0.072 0.088;0.033 0.054 0.042 0.043 0.088 0.049 0.038 0.096 0.059 0.055 0.088 0.102 0.072 0.093 0.088;
0.024 0.043 0.064 0.057 0.12 0.053 0.043 0.077 0.034 0.065 0.077 0.083 0.086 0.099 0.075;0.024 0.043 0.053 0.043 0.077 0.064 0.057 0.12 0.034 0.065 0.077 0.083 0.099 0.086 0.075;0.024 0.053 0.064 0.034 0.083 0.043 0.043 0.077 0.057 0.065 0.099 0.12 0.086 0.077 0.075;
0.024 0.053 0.049 0.06 0.083 0.065 0.037 0.088 0.045 0.054 0.096 0.079 0.085 0.109 0.073;0.024 0.053 0.065 0.037 0.088 0.049 0.06 0.083 0.045 0.054 0.096 0.079 0.109 0.085 0.073;0.024 0.065 0.049 0.045 0.079 0.053 0.037 0.088 0.06 0.054 0.109 0.083 0.085 0.096 0.073;
0.025 0.047 0.051 0.051 0.097 0.053 0.044 0.094 0.048 0.061 0.072 0.108 0.078 0.086 0.085;0.025 0.047 0.053 0.044 0.094 0.051 0.051 0.097 0.048 0.061 0.072 0.108 0.086 0.078 0.085;0.025 0.053 0.051 0.048 0.108 0.047 0.044 0.094 0.051 0.061 0.086 0.097 0.078 0.072 0.085;
0.018 0.053 0.055 0.07 0.101 0.059 0.046 0.094 0.049 0.039 0.101 0.067 0.073 0.093 0.082;0.018 0.053 0.059 0.046 0.094 0.055 0.07 0.101 0.049 0.039 0.101 0.067 0.093 0.073 0.082;0.018 0.059 0.055 0.049 0.067 0.053 0.046 0.094 0.07 0.039 0.093 0.101 0.073 0.101 0.082;
0.026 0.051 0.043 0.064 0.094 0.044 0.047 0.09 0.046 0.062 0.094 0.084 0.082 0.097 0.076;0.026 0.051 0.044 0.047 0.09 0.043 0.064 0.094 0.046 0.062 0.094 0.084 0.097 0.082 0.076;0.026 0.044 0.043 0.046 0.084 0.051 0.047 0.09 0.064 0.062 0.097 0.094 0.082 0.094 0.076;
0.029 0.048 0.051 0.05 0.111 0.049 0.055 0.071 0.031 0.053 0.076 0.081 0.076 0.132 0.087;0.029 0.048 0.049 0.055 0.071 0.051 0.05 0.111 0.031 0.053 0.076 0.081 0.132 0.076 0.087;0.029 0.049 0.051 0.031 0.081 0.048 0.055 0.071 0.05 0.053 0.132 0.111 0.076 0.076 0.087;
0.025 0.059 0.049 0.074 0.112 0.06 0.045 0.084 0.037 0.05 0.082 0.07 0.082 0.102 0.069;0.025 0.059 0.06 0.045 0.084 0.049 0.074 0.112 0.037 0.05 0.082 0.07 0.102 0.082 0.069;0.025 0.06 0.049 0.037 0.07 0.059 0.045 0.084 0.074 0.05 0.102 0.112 0.082 0.082 0.069;
0.028 0.075 0.052 0.06 0.096 0.06 0.042 0.089 0.033 0.047 0.088 0.078 0.083 0.103 0.066;0.028 0.075 0.06 0.042 0.089 0.052 0.06 0.096 0.033 0.047 0.088 0.078 0.103 0.083 0.066;0.028 0.06 0.052 0.033 0.078 0.075 0.042 0.089 0.06 0.047 0.103 0.096 0.083 0.088 0.066;
0.02 0.063 0.061 0.062 0.114 0.043 0.048 0.07 0.043 0.047 0.082 0.086 0.079 0.105 0.077;0.02 0.063 0.043 0.048 0.07 0.061 0.062 0.114 0.043 0.047 0.082 0.086 0.105 0.079 0.077;0.02 0.043 0.061 0.043 0.086 0.063 0.048 0.07 0.062 0.047 0.105 0.114 0.079 0.082 0.077;
0.025 0.055 0.051 0.065 0.089 0.039 0.045 0.092 0.042 0.048 0.08 0.08 0.085 0.116 0.088;0.025 0.055 0.039 0.045 0.092 0.051 0.065 0.089 0.042 0.048 0.08 0.08 0.116 0.085 0.088;0.025 0.039 0.051 0.042 0.08 0.055 0.045 0.092 0.065 0.048 0.116 0.089 0.085 0.08 0.088;
0.023 0.048 0.057 0.059 0.101 0.048 0.047 0.076 0.044 0.059 0.08 0.093 0.086 0.103 0.076;0.023 0.048 0.048 0.047 0.076 0.057 0.059 0.101 0.044 0.059 0.08 0.093 0.103 0.086 0.076;0.023 0.048 0.057 0.044 0.093 0.048 0.047 0.076 0.059 0.059 0.103 0.101 0.086 0.08 0.076;
0.023 0.048 0.045 0.057 0.105 0.054 0.035 0.104 0.041 0.053 0.068 0.089 0.081 0.111 0.086;0.023 0.048 0.054 0.035 0.104 0.045 0.057 0.105 0.041 0.053 0.068 0.089 0.111 0.081 0.086;0.023 0.054 0.045 0.041 0.089 0.048 0.035 0.104 0.057 0.053 0.111 0.105 0.081 0.068 0.086;
0.026 0.054 0.047 0.061 0.104 0.042 0.054 0.08 0.039 0.05 0.084 0.072 0.081 0.115 0.091;0.026 0.054 0.042 0.054 0.08 0.047 0.061 0.104 0.039 0.05 0.084 0.072 0.115 0.081 0.091;0.026 0.042 0.047 0.039 0.072 0.054 0.054 0.08 0.061 0.05 0.115 0.104 0.081 0.084 0.091;
0.017 0.066 0.054 0.055 0.087 0.055 0.04 0.086 0.061 0.055 0.086 0.093 0.079 0.096 0.07;0.017 0.066 0.055 0.04 0.086 0.054 0.055 0.087 0.061 0.055 0.086 0.093 0.096 0.079 0.07;0.017 0.055 0.054 0.061 0.093 0.066 0.04 0.086 0.055 0.055 0.096 0.087 0.079 0.086 0.07;
0.024 0.057 0.055 0.054 0.094 0.061 0.043 0.069 0.05 0.06 0.086 0.092 0.079 0.107 0.069;0.024 0.057 0.061 0.043 0.069 0.055 0.054 0.094 0.05 0.06 0.086 0.092 0.107 0.079 0.069;0.024 0.061 0.055 0.05 0.092 0.057 0.043 0.069 0.054 0.06 0.107 0.094 0.079 0.086 0.069;
0.023 0.059 0.042 0.067 0.097 0.043 0.05 0.094 0.042 0.053 0.079 0.101 0.074 0.105 0.071;0.023 0.059 0.043 0.05 0.094 0.042 0.067 0.097 0.042 0.053 0.079 0.101 0.105 0.074 0.071;0.023 0.043 0.042 0.042 0.101 0.059 0.05 0.094 0.067 0.053 0.105 0.097 0.074 0.079 0.071;
0.023 0.048 0.047 0.061 0.106 0.06 0.059 0.068 0.044 0.055 0.084 0.091 0.074 0.091 0.089;0.023 0.048 0.06 0.059 0.068 0.047 0.061 0.106 0.044 0.055 0.084 0.091 0.091 0.074 0.089;0.023 0.06 0.047 0.044 0.091 0.048 0.059 0.068 0.061 0.055 0.091 0.106 0.074 0.084 0.089;
0.02 0.054 0.064 0.062 0.105 0.04 0.045 0.081 0.033 0.054 0.078 0.098 0.084 0.096 0.086;0.02 0.054 0.04 0.045 0.081 0.064 0.062 0.105 0.033 0.054 0.078 0.098 0.096 0.084 0.086;0.02 0.04 0.064 0.033 0.098 0.054 0.045 0.081 0.062 0.054 0.096 0.105 0.084 0.078 0.086;
0.02 0.04 0.059 0.061 0.097 0.054 0.036 0.076 0.046 0.048 0.104 0.087 0.097 0.095 0.08;0.02 0.04 0.054 0.036 0.076 0.059 0.061 0.097 0.046 0.048 0.104 0.087 0.095 0.097 0.08;0.02 0.054 0.059 0.046 0.087 0.04 0.036 0.076 0.061 0.048 0.095 0.097 0.097 0.104 0.08;
0.024 0.053 0.046 0.058 0.088 0.057 0.042 0.104 0.046 0.057 0.093 0.089 0.079 0.077 0.087;0.024 0.053 0.057 0.042 0.104 0.046 0.058 0.088 0.046 0.057 0.093 0.089 0.077 0.079 0.087;0.024 0.057 0.046 0.046 0.089 0.053 0.042 0.104 0.058 0.057 0.077 0.088 0.079 0.093 0.087;
0.022 0.061 0.045 0.048 0.112 0.054 0.042 0.087 0.038 0.054 0.071 0.09 0.097 0.093 0.086;0.022 0.061 0.054 0.042 0.087 0.045 0.048 0.112 0.038 0.054 0.071 0.09 0.093 0.097 0.086;0.022 0.054 0.045 0.038 0.09 0.061 0.042 0.087 0.048 0.054 0.093 0.112 0.097 0.071 0.086;
0.029 0.053 0.063 0.062 0.093 0.051 0.051 0.095 0.039 0.064 0.067 0.087 0.073 0.084 0.089;0.029 0.053 0.051 0.051 0.095 0.063 0.062 0.093 0.039 0.064 0.067 0.087 0.084 0.073 0.089;0.029 0.051 0.063 0.039 0.087 0.053 0.051 0.095 0.062 0.064 0.084 0.093 0.073 0.067 0.089;
0.019 0.06 0.046 0.062 0.099 0.061 0.046 0.083 0.036 0.044 0.085 0.084 0.101 0.093 0.081;0.019 0.06 0.061 0.046 0.083 0.046 0.062 0.099 0.036 0.044 0.085 0.084 0.093 0.101 0.081;0.019 0.061 0.046 0.036 0.084 0.06 0.046 0.083 0.062 0.044 0.093 0.099 0.101 0.085 0.081;
0.022 0.052 0.048 0.061 0.093 0.065 0.038 0.077 0.039 0.043 0.095 0.078 0.097 0.102 0.09;0.022 0.052 0.065 0.038 0.077 0.048 0.061 0.093 0.039 0.043 0.095 0.078 0.102 0.097 0.09;0.022 0.065 0.048 0.039 0.078 0.052 0.038 0.077 0.061 0.043 0.102 0.093 0.097 0.095 0.09;
0.024 0.048 0.061 0.063 0.102 0.062 0.033 0.08 0.051 0.06 0.077 0.085 0.071 0.094 0.089;0.024 0.048 0.062 0.033 0.08 0.061 0.063 0.102 0.051 0.06 0.077 0.085 0.094 0.071 0.089;0.024 0.062 0.061 0.051 0.085 0.048 0.033 0.08 0.063 0.06 0.094 0.102 0.071 0.077 0.089;
0.026 0.047 0.055 0.062 0.091 0.04 0.046 0.099 0.05 0.056 0.082 0.086 0.091 0.107 0.062;0.026 0.047 0.04 0.046 0.099 0.055 0.062 0.091 0.05 0.056 0.082 0.086 0.107 0.091 0.062;0.026 0.04 0.055 0.05 0.086 0.047 0.046 0.099 0.062 0.056 0.107 0.091 0.091 0.082 0.062;
0.028 0.053 0.052 0.062 0.11 0.052 0.042 0.077 0.045 0.044 0.089 0.074 0.084 0.1 0.088;0.028 0.053 0.052 0.042 0.077 0.052 0.062 0.11 0.045 0.044 0.089 0.074 0.1 0.084 0.088;0.028 0.052 0.052 0.045 0.074 0.053 0.042 0.077 0.062 0.044 0.1 0.11 0.084 0.089 0.088;
0.024 0.06 0.055 0.056 0.081 0.061 0.037 0.094 0.053 0.041 0.103 0.076 0.075 0.099 0.085;0.024 0.06 0.061 0.037 0.094 0.055 0.056 0.081 0.053 0.041 0.103 0.076 0.099 0.075 0.085;0.024 0.061 0.055 0.053 0.076 0.06 0.037 0.094 0.056 0.041 0.099 0.081 0.075 0.103 0.085;
0.023 0.038 0.058 0.071 0.089 0.059 0.045 0.095 0.036 0.054 0.096 0.085 0.082 0.088 0.081;0.023 0.038 0.059 0.045 0.095 0.058 0.071 0.089 0.036 0.054 0.096 0.085 0.088 0.082 0.081;0.023 0.059 0.058 0.036 0.085 0.038 0.045 0.095 0.071 0.054 0.088 0.089 0.082 0.096 0.081;
0.021 0.064 0.061 0.054 0.1 0.045 0.041 0.083 0.047 0.046 0.098 0.071 0.087 0.103 0.079;0.021 0.064 0.045 0.041 0.083 0.061 0.054 0.1 0.047 0.046 0.098 0.071 0.103 0.087 0.079;0.021 0.045 0.061 0.047 0.071 0.064 0.041 0.083 0.054 0.046 0.103 0.1 0.087 0.098 0.079];