pntP=[0.02 0.046 0.048 0.068 0.079 0.046 0.04 0.088 0.046 0.061 0.094 0.075 0.083 0.113 0.093;0.02 0.046 0.046 0.04 0.088 0.048 0.068 0.079 0.046 0.061 0.094 0.075 0.113 0.083 0.093;0.02 0.046 0.048 0.046 0.075 0.046 0.04 0.088 0.068 0.061 0.113 0.079 0.083 0.094 0.093;
0.028 0.039 0.046 0.063 0.081 0.07 0.036 0.085 0.052 0.063 0.081 0.085 0.107 0.084 0.08;0.028 0.039 0.07 0.036 0.085 0.046 0.063 0.081 0.052 0.063 0.081 0.085 0.084 0.107 0.08;0.028 0.07 0.046 0.052 0.085 0.039 0.036 0.085 0.063 0.063 0.084 0.081 0.107 0.081 0.08;
0.022 0.043 0.055 0.056 0.105 0.058 0.041 0.073 0.034 0.05 0.097 0.086 0.094 0.095 0.091;0.022 0.043 0.058 0.041 0.073 0.055 0.056 0.105 0.034 0.05 0.097 0.086 0.095 0.094 0.091;0.022 0.058 0.055 0.034 0.086 0.043 0.041 0.073 0.056 0.05 0.095 0.105 0.094 0.097 0.091;
0.027 0.043 0.051 0.045 0.099 0.065 0.04 0.089 0.052 0.049 0.074 0.089 0.098 0.098 0.081;0.027 0.043 0.065 0.04 0.089 0.051 0.045 0.099 0.052 0.049 0.074 0.089 0.098 0.098 0.081;0.027 0.065 0.051 0.052 0.089 0.043 0.04 0.089 0.045 0.049 0.098 0.099 0.098 0.074 0.081;
0.018 0.05 0.057 0.042 0.099 0.051 0.053 0.09 0.044 0.052 0.086 0.083 0.108 0.092 0.075;0.018 0.05 0.051 0.053 0.09 0.057 0.042 0.099 0.044 0.052 0.086 0.083 0.092 0.108 0.075;0.018 0.051 0.057 0.044 0.083 0.05 0.053 0.09 0.042 0.052 0.092 0.099 0.108 0.086 0.075;
0.019 0.058 0.051 0.057 0.099 0.057 0.054 0.08 0.05 0.047 0.077 0.07 0.08 0.114 0.087;0.019 0.058 0.057 0.054 0.08 0.051 0.057 0.099 0.05 0.047 0.077 0.07 0.114 0.08 0.087;0.019 0.057 0.051 0.05 0.07 0.058 0.054 0.08 0.057 0.047 0.114 0.099 0.08 0.077 0.087;
0.029 0.061 0.042 0.059 0.094 0.048 0.047 0.083 0.046 0.06 0.091 0.07 0.09 0.089 0.091;0.029 0.061 0.048 0.047 0.083 0.042 0.059 0.094 0.046 0.06 0.091 0.07 0.089 0.09 0.091;0.029 0.048 0.042 0.046 0.07 0.061 0.047 0.083 0.059 0.06 0.089 0.094 0.09 0.091 0.091;
0.025 0.048 0.054 0.055 0.095 0.05 0.041 0.074 0.056 0.052 0.09 0.085 0.09 0.109 0.076;0.025 0.048 0.05 0.041 0.074 0.054 0.055 0.095 0.056 0.052 0.09 0.085 0.109 0.09 0.076;0.025 0.05 0.054 0.056 0.085 0.048 0.041 0.074 0.055 0.052 0.109 0.095 0.09 0.09 0.076;
0.015 0.045 0.049 0.059 0.091 0.061 0.048 0.089 0.036 0.059 0.091 0.073 0.098 0.099 0.087;0.015 0.045 0.061 0.048 0.089 0.049 0.059 0.091 0.036 0.059 0.091 0.073 0.099 0.098 0.087;0.015 0.061 0.049 0.036 0.073 0.045 0.048 0.089 0.059 0.059 0.099 0.091 0.098 0.091 0.087;
0.022 0.055 0.044 0.061 0.101 0.039 0.048 0.095 0.049 0.044 0.083 0.097 0.082 0.099 0.081;0.022 0.055 0.039 0.048 0.095 0.044 0.061 0.101 0.049 0.044 0.083 0.097 0.099 0.082 0.081;0.022 0.039 0.044 0.049 0.097 0.055 0.048 0.095 0.061 0.044 0.099 0.101 0.082 0.083 0.081;
0.023 0.044 0.061 0.062 0.092 0.057 0.032 0.084 0.058 0.059 0.081 0.087 0.084 0.099 0.077;0.023 0.044 0.057 0.032 0.084 0.061 0.062 0.092 0.058 0.059 0.081 0.087 0.099 0.084 0.077;0.023 0.057 0.061 0.058 0.087 0.044 0.032 0.084 0.062 0.059 0.099 0.092 0.084 0.081 0.077;
0.024 0.059 0.055 0.054 0.104 0.053 0.053 0.07 0.037 0.057 0.086 0.076 0.083 0.101 0.088;0.024 0.059 0.053 0.053 0.07 0.055 0.054 0.104 0.037 0.057 0.086 0.076 0.101 0.083 0.088;0.024 0.053 0.055 0.037 0.076 0.059 0.053 0.07 0.054 0.057 0.101 0.104 0.083 0.086 0.088;
0.024 0.051 0.06 0.052 0.103 0.056 0.068 0.064 0.034 0.046 0.095 0.08 0.087 0.091 0.089;0.024 0.051 0.056 0.068 0.064 0.06 0.052 0.103 0.034 0.046 0.095 0.08 0.091 0.087 0.089;0.024 0.056 0.06 0.034 0.08 0.051 0.068 0.064 0.052 0.046 0.091 0.103 0.087 0.095 0.089;
0.026 0.044 0.044 0.063 0.095 0.05 0.038 0.087 0.046 0.053 0.077 0.09 0.096 0.101 0.09;0.026 0.044 0.05 0.038 0.087 0.044 0.063 0.095 0.046 0.053 0.077 0.09 0.101 0.096 0.09;0.026 0.05 0.044 0.046 0.09 0.044 0.038 0.087 0.063 0.053 0.101 0.095 0.096 0.077 0.09;
0.034 0.046 0.059 0.06 0.097 0.056 0.049 0.092 0.047 0.042 0.077 0.073 0.088 0.098 0.082;0.034 0.046 0.056 0.049 0.092 0.059 0.06 0.097 0.047 0.042 0.077 0.073 0.098 0.088 0.082;0.034 0.056 0.059 0.047 0.073 0.046 0.049 0.092 0.06 0.042 0.098 0.097 0.088 0.077 0.082;
0.028 0.041 0.055 0.042 0.096 0.045 0.062 0.104 0.043 0.05 0.084 0.082 0.083 0.089 0.096;0.028 0.041 0.045 0.062 0.104 0.055 0.042 0.096 0.043 0.05 0.084 0.082 0.089 0.083 0.096;0.028 0.045 0.055 0.043 0.082 0.041 0.062 0.104 0.042 0.05 0.089 0.096 0.083 0.084 0.096;
0.024 0.065 0.034 0.055 0.1 0.059 0.045 0.097 0.048 0.059 0.081 0.077 0.083 0.093 0.08;0.024 0.065 0.059 0.045 0.097 0.034 0.055 0.1 0.048 0.059 0.081 0.077 0.093 0.083 0.08;0.024 0.059 0.034 0.048 0.077 0.065 0.045 0.097 0.055 0.059 0.093 0.1 0.083 0.081 0.08;
0.025 0.061 0.056 0.042 0.112 0.049 0.048 0.082 0.038 0.054 0.084 0.098 0.085 0.096 0.07;0.025 0.061 0.049 0.048 0.082 0.056 0.042 0.112 0.038 0.054 0.084 0.098 0.096 0.085 0.07;0.025 0.049 0.056 0.038 0.098 0.061 0.048 0.082 0.042 0.054 0.096 0.112 0.085 0.084 0.07;
0.026 0.063 0.043 0.059 0.106 0.044 0.048 0.082 0.037 0.055 0.088 0.083 0.076 0.11 0.08;0.026 0.063 0.044 0.048 0.082 0.043 0.059 0.106 0.037 0.055 0.088 0.083 0.11 0.076 0.08;0.026 0.044 0.043 0.037 0.083 0.063 0.048 0.082 0.059 0.055 0.11 0.106 0.076 0.088 0.08;
0.029 0.053 0.051 0.056 0.106 0.045 0.044 0.072 0.035 0.049 0.09 0.081 0.093 0.107 0.089;0.029 0.053 0.045 0.044 0.072 0.051 0.056 0.106 0.035 0.049 0.09 0.081 0.107 0.093 0.089;0.029 0.045 0.051 0.035 0.081 0.053 0.044 0.072 0.056 0.049 0.107 0.106 0.093 0.09 0.089;
0.027 0.065 0.06 0.052 0.1 0.059 0.041 0.071 0.049 0.055 0.068 0.103 0.08 0.097 0.073;0.027 0.065 0.059 0.041 0.071 0.06 0.052 0.1 0.049 0.055 0.068 0.103 0.097 0.08 0.073;0.027 0.059 0.06 0.049 0.103 0.065 0.041 0.071 0.052 0.055 0.097 0.1 0.08 0.068 0.073;
0.029 0.065 0.049 0.052 0.092 0.052 0.032 0.079 0.047 0.048 0.092 0.086 0.093 0.091 0.093;0.029 0.065 0.052 0.032 0.079 0.049 0.052 0.092 0.047 0.048 0.092 0.086 0.091 0.093 0.093;0.029 0.052 0.049 0.047 0.086 0.065 0.032 0.079 0.052 0.048 0.091 0.092 0.093 0.092 0.093;
0.03 0.055 0.057 0.058 0.094 0.046 0.045 0.083 0.034 0.049 0.081 0.092 0.079 0.111 0.086;0.03 0.055 0.046 0.045 0.083 0.057 0.058 0.094 0.034 0.049 0.081 0.092 0.111 0.079 0.086;0.03 0.046 0.057 0.034 0.092 0.055 0.045 0.083 0.058 0.049 0.111 0.094 0.079 0.081 0.086;
0.016 0.045 0.053 0.063 0.108 0.05 0.04 0.081 0.047 0.058 0.088 0.092 0.083 0.095 0.081;0.016 0.045 0.05 0.04 0.081 0.053 0.063 0.108 0.047 0.058 0.088 0.092 0.095 0.083 0.081;0.016 0.05 0.053 0.047 0.092 0.045 0.04 0.081 0.063 0.058 0.095 0.108 0.083 0.088 0.081;
0.021 0.05 0.048 0.053 0.093 0.042 0.043 0.093 0.045 0.054 0.08 0.108 0.09 0.095 0.085;0.021 0.05 0.042 0.043 0.093 0.048 0.053 0.093 0.045 0.054 0.08 0.108 0.095 0.09 0.085;0.021 0.042 0.048 0.045 0.108 0.05 0.043 0.093 0.053 0.054 0.095 0.093 0.09 0.08 0.085;
0.015 0.065 0.054 0.056 0.109 0.05 0.047 0.084 0.05 0.053 0.078 0.073 0.079 0.102 0.085;0.015 0.065 0.05 0.047 0.084 0.054 0.056 0.109 0.05 0.053 0.078 0.073 0.102 0.079 0.085;0.015 0.05 0.054 0.05 0.073 0.065 0.047 0.084 0.056 0.053 0.102 0.109 0.079 0.078 0.085;
0.023 0.053 0.058 0.048 0.103 0.047 0.05 0.078 0.041 0.062 0.096 0.072 0.076 0.098 0.095;0.023 0.053 0.047 0.05 0.078 0.058 0.048 0.103 0.041 0.062 0.096 0.072 0.098 0.076 0.095;0.023 0.047 0.058 0.041 0.072 0.053 0.05 0.078 0.048 0.062 0.098 0.103 0.076 0.096 0.095;
0.017 0.053 0.06 0.049 0.082 0.059 0.041 0.09 0.047 0.051 0.087 0.077 0.091 0.122 0.074;0.017 0.053 0.059 0.041 0.09 0.06 0.049 0.082 0.047 0.051 0.087 0.077 0.122 0.091 0.074;0.017 0.059 0.06 0.047 0.077 0.053 0.041 0.09 0.049 0.051 0.122 0.082 0.091 0.087 0.074;
0.019 0.049 0.051 0.06 0.093 0.055 0.051 0.069 0.051 0.063 0.092 0.084 0.078 0.107 0.078;0.019 0.049 0.055 0.051 0.069 0.051 0.06 0.093 0.051 0.063 0.092 0.084 0.107 0.078 0.078;0.019 0.055 0.051 0.051 0.084 0.049 0.051 0.069 0.06 0.063 0.107 0.093 0.078 0.092 0.078;
0.024 0.059 0.047 0.05 0.105 0.056 0.042 0.08 0.043 0.06 0.077 0.097 0.088 0.093 0.079;0.024 0.059 0.056 0.042 0.08 0.047 0.05 0.105 0.043 0.06 0.077 0.097 0.093 0.088 0.079;0.024 0.056 0.047 0.043 0.097 0.059 0.042 0.08 0.05 0.06 0.093 0.105 0.088 0.077 0.079;
0.02 0.043 0.055 0.061 0.092 0.061 0.04 0.085 0.051 0.046 0.089 0.092 0.087 0.087 0.091;0.02 0.043 0.061 0.04 0.085 0.055 0.061 0.092 0.051 0.046 0.089 0.092 0.087 0.087 0.091;0.02 0.061 0.055 0.051 0.092 0.043 0.04 0.085 0.061 0.046 0.087 0.092 0.087 0.089 0.091;
0.026 0.063 0.059 0.053 0.108 0.052 0.044 0.082 0.036 0.06 0.084 0.082 0.076 0.093 0.082;0.026 0.063 0.052 0.044 0.082 0.059 0.053 0.108 0.036 0.06 0.084 0.082 0.093 0.076 0.082;0.026 0.052 0.059 0.036 0.082 0.063 0.044 0.082 0.053 0.06 0.093 0.108 0.076 0.084 0.082;
0.018 0.042 0.06 0.051 0.077 0.049 0.057 0.078 0.052 0.06 0.083 0.105 0.093 0.083 0.092;0.018 0.042 0.049 0.057 0.078 0.06 0.051 0.077 0.052 0.06 0.083 0.105 0.083 0.093 0.092;0.018 0.049 0.06 0.052 0.105 0.042 0.057 0.078 0.051 0.06 0.083 0.077 0.093 0.083 0.092;
0.018 0.061 0.051 0.054 0.118 0.052 0.041 0.081 0.046 0.059 0.085 0.089 0.082 0.079 0.084;0.018 0.061 0.052 0.041 0.081 0.051 0.054 0.118 0.046 0.059 0.085 0.089 0.079 0.082 0.084;0.018 0.052 0.051 0.046 0.089 0.061 0.041 0.081 0.054 0.059 0.079 0.118 0.082 0.085 0.084;
0.016 0.05 0.051 0.053 0.091 0.045 0.042 0.104 0.048 0.043 0.103 0.087 0.085 0.096 0.086;0.016 0.05 0.045 0.042 0.104 0.051 0.053 0.091 0.048 0.043 0.103 0.087 0.096 0.085 0.086;0.016 0.045 0.051 0.048 0.087 0.05 0.042 0.104 0.053 0.043 0.096 0.091 0.085 0.103 0.086;
0.024 0.05 0.05 0.048 0.103 0.051 0.046 0.083 0.048 0.051 0.078 0.085 0.081 0.121 0.081;0.024 0.05 0.051 0.046 0.083 0.05 0.048 0.103 0.048 0.051 0.078 0.085 0.121 0.081 0.081;0.024 0.051 0.05 0.048 0.085 0.05 0.046 0.083 0.048 0.051 0.121 0.103 0.081 0.078 0.081;
0.017 0.055 0.047 0.06 0.091 0.044 0.053 0.102 0.05 0.052 0.089 0.081 0.084 0.086 0.089;0.017 0.055 0.044 0.053 0.102 0.047 0.06 0.091 0.05 0.052 0.089 0.081 0.086 0.084 0.089;0.017 0.044 0.047 0.05 0.081 0.055 0.053 0.102 0.06 0.052 0.086 0.091 0.084 0.089 0.089;
0.029 0.045 0.046 0.062 0.108 0.04 0.048 0.089 0.045 0.052 0.094 0.075 0.089 0.095 0.083;0.029 0.045 0.04 0.048 0.089 0.046 0.062 0.108 0.045 0.052 0.094 0.075 0.095 0.089 0.083;0.029 0.04 0.046 0.045 0.075 0.045 0.048 0.089 0.062 0.052 0.095 0.108 0.089 0.094 0.083;
0.025 0.067 0.069 0.06 0.104 0.047 0.043 0.08 0.041 0.034 0.079 0.087 0.087 0.107 0.07;0.025 0.067 0.047 0.043 0.08 0.069 0.06 0.104 0.041 0.034 0.079 0.087 0.107 0.087 0.07;0.025 0.047 0.069 0.041 0.087 0.067 0.043 0.08 0.06 0.034 0.107 0.104 0.087 0.079 0.07;
0.021 0.052 0.048 0.057 0.1 0.053 0.048 0.092 0.05 0.05 0.086 0.085 0.101 0.08 0.077;0.021 0.052 0.053 0.048 0.092 0.048 0.057 0.1 0.05 0.05 0.086 0.085 0.08 0.101 0.077;0.021 0.053 0.048 0.05 0.085 0.052 0.048 0.092 0.057 0.05 0.08 0.1 0.101 0.086 0.077;
0.019 0.054 0.046 0.052 0.088 0.051 0.049 0.074 0.041 0.061 0.095 0.078 0.101 0.098 0.093;0.019 0.054 0.051 0.049 0.074 0.046 0.052 0.088 0.041 0.061 0.095 0.078 0.098 0.101 0.093;0.019 0.051 0.046 0.041 0.078 0.054 0.049 0.074 0.052 0.061 0.098 0.088 0.101 0.095 0.093;
0.021 0.061 0.068 0.053 0.095 0.047 0.041 0.088 0.039 0.047 0.098 0.104 0.07 0.099 0.069;0.021 0.061 0.047 0.041 0.088 0.068 0.053 0.095 0.039 0.047 0.098 0.104 0.099 0.07 0.069;0.021 0.047 0.068 0.039 0.104 0.061 0.041 0.088 0.053 0.047 0.099 0.095 0.07 0.098 0.069;
0.02 0.048 0.054 0.069 0.088 0.062 0.042 0.084 0.041 0.048 0.1 0.09 0.082 0.088 0.084;0.02 0.048 0.062 0.042 0.084 0.054 0.069 0.088 0.041 0.048 0.1 0.09 0.088 0.082 0.084;0.02 0.062 0.054 0.041 0.09 0.048 0.042 0.084 0.069 0.048 0.088 0.088 0.082 0.1 0.084;
0.017 0.049 0.043 0.066 0.1 0.053 0.045 0.062 0.064 0.051 0.095 0.092 0.082 0.096 0.085;0.017 0.049 0.053 0.045 0.062 0.043 0.066 0.1 0.064 0.051 0.095 0.092 0.096 0.082 0.085;0.017 0.053 0.043 0.064 0.092 0.049 0.045 0.062 0.066 0.051 0.096 0.1 0.082 0.095 0.085;
0.026 0.053 0.051 0.065 0.092 0.058 0.04 0.086 0.041 0.051 0.083 0.073 0.088 0.104 0.089;0.026 0.053 0.058 0.04 0.086 0.051 0.065 0.092 0.041 0.051 0.083 0.073 0.104 0.088 0.089;0.026 0.058 0.051 0.041 0.073 0.053 0.04 0.086 0.065 0.051 0.104 0.092 0.088 0.083 0.089;
0.024 0.056 0.045 0.066 0.112 0.04 0.03 0.089 0.045 0.051 0.09 0.093 0.095 0.095 0.069;0.024 0.056 0.04 0.03 0.089 0.045 0.066 0.112 0.045 0.051 0.09 0.093 0.095 0.095 0.069;0.024 0.04 0.045 0.045 0.093 0.056 0.03 0.089 0.066 0.051 0.095 0.112 0.095 0.09 0.069;
0.021 0.047 0.049 0.063 0.091 0.043 0.052 0.089 0.035 0.05 0.099 0.101 0.086 0.099 0.075;0.021 0.047 0.043 0.052 0.089 0.049 0.063 0.091 0.035 0.05 0.099 0.101 0.099 0.086 0.075;0.021 0.043 0.049 0.035 0.101 0.047 0.052 0.089 0.063 0.05 0.099 0.091 0.086 0.099 0.075;
0.023 0.059 0.057 0.064 0.091 0.052 0.044 0.091 0.042 0.052 0.088 0.074 0.078 0.097 0.088;0.023 0.059 0.052 0.044 0.091 0.057 0.064 0.091 0.042 0.052 0.088 0.074 0.097 0.078 0.088;0.023 0.052 0.057 0.042 0.074 0.059 0.044 0.091 0.064 0.052 0.097 0.091 0.078 0.088 0.088;
0.016 0.052 0.04 0.05 0.105 0.06 0.033 0.083 0.038 0.052 0.096 0.097 0.108 0.095 0.075;0.016 0.052 0.06 0.033 0.083 0.04 0.05 0.105 0.038 0.052 0.096 0.097 0.095 0.108 0.075;0.016 0.06 0.04 0.038 0.097 0.052 0.033 0.083 0.05 0.052 0.095 0.105 0.108 0.096 0.075;
0.026 0.057 0.043 0.047 0.109 0.056 0.051 0.078 0.04 0.053 0.078 0.082 0.082 0.118 0.08;0.026 0.057 0.056 0.051 0.078 0.043 0.047 0.109 0.04 0.053 0.078 0.082 0.118 0.082 0.08;0.026 0.056 0.043 0.04 0.082 0.057 0.051 0.078 0.047 0.053 0.118 0.109 0.082 0.078 0.08;
0.024 0.048 0.052 0.065 0.11 0.056 0.052 0.076 0.036 0.045 0.084 0.09 0.099 0.082 0.081;0.024 0.048 0.056 0.052 0.076 0.052 0.065 0.11 0.036 0.045 0.084 0.09 0.082 0.099 0.081;0.024 0.056 0.052 0.036 0.09 0.048 0.052 0.076 0.065 0.045 0.082 0.11 0.099 0.084 0.081;
0.018 0.054 0.061 0.059 0.092 0.045 0.047 0.078 0.052 0.062 0.101 0.091 0.089 0.08 0.071;0.018 0.054 0.045 0.047 0.078 0.061 0.059 0.092 0.052 0.062 0.101 0.091 0.08 0.089 0.071;0.018 0.045 0.061 0.052 0.091 0.054 0.047 0.078 0.059 0.062 0.08 0.092 0.089 0.101 0.071;
0.023 0.046 0.048 0.055 0.112 0.064 0.042 0.09 0.038 0.054 0.093 0.076 0.091 0.091 0.077;0.023 0.046 0.064 0.042 0.09 0.048 0.055 0.112 0.038 0.054 0.093 0.076 0.091 0.091 0.077;0.023 0.064 0.048 0.038 0.076 0.046 0.042 0.09 0.055 0.054 0.091 0.112 0.091 0.093 0.077;
0.024 0.045 0.054 0.055 0.11 0.039 0.052 0.097 0.048 0.051 0.078 0.071 0.085 0.11 0.081;0.024 0.045 0.039 0.052 0.097 0.054 0.055 0.11 0.048 0.051 0.078 0.071 0.11 0.085 0.081;0.024 0.039 0.054 0.048 0.071 0.045 0.052 0.097 0.055 0.051 0.11 0.11 0.085 0.078 0.081;
0.022 0.047 0.064 0.058 0.095 0.063 0.046 0.077 0.039 0.049 0.081 0.083 0.094 0.106 0.076;0.022 0.047 0.063 0.046 0.077 0.064 0.058 0.095 0.039 0.049 0.081 0.083 0.106 0.094 0.076;0.022 0.063 0.064 0.039 0.083 0.047 0.046 0.077 0.058 0.049 0.106 0.095 0.094 0.081 0.076;
0.018 0.049 0.047 0.052 0.111 0.053 0.035 0.095 0.049 0.049 0.086 0.098 0.091 0.094 0.073;0.018 0.049 0.053 0.035 0.095 0.047 0.052 0.111 0.049 0.049 0.086 0.098 0.094 0.091 0.073;0.018 0.053 0.047 0.049 0.098 0.049 0.035 0.095 0.052 0.049 0.094 0.111 0.091 0.086 0.073;
0.022 0.06 0.064 0.051 0.085 0.049 0.045 0.082 0.046 0.053 0.071 0.086 0.086 0.111 0.089;0.022 0.06 0.049 0.045 0.082 0.064 0.051 0.085 0.046 0.053 0.071 0.086 0.111 0.086 0.089;0.022 0.049 0.064 0.046 0.086 0.06 0.045 0.082 0.051 0.053 0.111 0.085 0.086 0.071 0.089;
0.024 0.053 0.061 0.06 0.085 0.045 0.039 0.081 0.042 0.061 0.091 0.094 0.097 0.091 0.076;0.024 0.053 0.045 0.039 0.081 0.061 0.06 0.085 0.042 0.061 0.091 0.094 0.091 0.097 0.076;0.024 0.045 0.061 0.042 0.094 0.053 0.039 0.081 0.06 0.061 0.091 0.085 0.097 0.091 0.076;
0.025 0.05 0.059 0.056 0.093 0.055 0.056 0.075 0.051 0.048 0.097 0.079 0.085 0.107 0.064;0.025 0.05 0.055 0.056 0.075 0.059 0.056 0.093 0.051 0.048 0.097 0.079 0.107 0.085 0.064;0.025 0.055 0.059 0.051 0.079 0.05 0.056 0.075 0.056 0.048 0.107 0.093 0.085 0.097 0.064;
0.034 0.06 0.057 0.049 0.089 0.042 0.044 0.099 0.048 0.044 0.079 0.101 0.081 0.093 0.08;0.034 0.06 0.042 0.044 0.099 0.057 0.049 0.089 0.048 0.044 0.079 0.101 0.093 0.081 0.08;0.034 0.042 0.057 0.048 0.101 0.06 0.044 0.099 0.049 0.044 0.093 0.089 0.081 0.079 0.08;
0.021 0.05 0.061 0.043 0.101 0.04 0.043 0.102 0.045 0.06 0.075 0.088 0.083 0.096 0.092;0.021 0.05 0.04 0.043 0.102 0.061 0.043 0.101 0.045 0.06 0.075 0.088 0.096 0.083 0.092;0.021 0.04 0.061 0.045 0.088 0.05 0.043 0.102 0.043 0.06 0.096 0.101 0.083 0.075 0.092;
0.015 0.052 0.05 0.056 0.087 0.053 0.046 0.087 0.042 0.046 0.098 0.091 0.091 0.104 0.082;0.015 0.052 0.053 0.046 0.087 0.05 0.056 0.087 0.042 0.046 0.098 0.091 0.104 0.091 0.082;0.015 0.053 0.05 0.042 0.091 0.052 0.046 0.087 0.056 0.046 0.104 0.087 0.091 0.098 0.082;
0.024 0.056 0.05 0.055 0.101 0.057 0.04 0.092 0.04 0.056 0.077 0.093 0.087 0.101 0.071;0.024 0.056 0.057 0.04 0.092 0.05 0.055 0.101 0.04 0.056 0.077 0.093 0.101 0.087 0.071;0.024 0.057 0.05 0.04 0.093 0.056 0.04 0.092 0.055 0.056 0.101 0.101 0.087 0.077 0.071;
0.017 0.061 0.033 0.059 0.105 0.062 0.042 0.081 0.051 0.053 0.092 0.09 0.094 0.086 0.074;0.017 0.061 0.062 0.042 0.081 0.033 0.059 0.105 0.051 0.053 0.092 0.09 0.086 0.094 0.074;0.017 0.062 0.033 0.051 0.09 0.061 0.042 0.081 0.059 0.053 0.086 0.105 0.094 0.092 0.074;
0.02 0.061 0.047 0.064 0.086 0.06 0.044 0.075 0.038 0.055 0.094 0.09 0.094 0.09 0.082;0.02 0.061 0.06 0.044 0.075 0.047 0.064 0.086 0.038 0.055 0.094 0.09 0.09 0.094 0.082;0.02 0.06 0.047 0.038 0.09 0.061 0.044 0.075 0.064 0.055 0.09 0.086 0.094 0.094 0.082;
0.023 0.038 0.065 0.062 0.092 0.045 0.05 0.086 0.054 0.05 0.089 0.084 0.081 0.099 0.082;0.023 0.038 0.045 0.05 0.086 0.065 0.062 0.092 0.054 0.05 0.089 0.084 0.099 0.081 0.082;0.023 0.045 0.065 0.054 0.084 0.038 0.05 0.086 0.062 0.05 0.099 0.092 0.081 0.089 0.082;
0.025 0.045 0.059 0.053 0.101 0.045 0.043 0.09 0.051 0.055 0.093 0.074 0.085 0.107 0.074;0.025 0.045 0.045 0.043 0.09 0.059 0.053 0.101 0.051 0.055 0.093 0.074 0.107 0.085 0.074;0.025 0.045 0.059 0.051 0.074 0.045 0.043 0.09 0.053 0.055 0.107 0.101 0.085 0.093 0.074;
0.023 0.058 0.046 0.057 0.099 0.044 0.052 0.102 0.032 0.044 0.077 0.091 0.089 0.086 0.1;0.023 0.058 0.044 0.052 0.102 0.046 0.057 0.099 0.032 0.044 0.077 0.091 0.086 0.089 0.1;0.023 0.044 0.046 0.032 0.091 0.058 0.052 0.102 0.057 0.044 0.086 0.099 0.089 0.077 0.1;
0.024 0.05 0.041 0.051 0.09 0.064 0.051 0.084 0.048 0.058 0.071 0.081 0.095 0.113 0.079;0.024 0.05 0.064 0.051 0.084 0.041 0.051 0.09 0.048 0.058 0.071 0.081 0.113 0.095 0.079;0.024 0.064 0.041 0.048 0.081 0.05 0.051 0.084 0.051 0.058 0.113 0.09 0.095 0.071 0.079;
0.026 0.053 0.051 0.047 0.093 0.056 0.036 0.087 0.044 0.058 0.091 0.084 0.099 0.097 0.078;0.026 0.053 0.056 0.036 0.087 0.051 0.047 0.093 0.044 0.058 0.091 0.084 0.097 0.099 0.078;0.026 0.056 0.051 0.044 0.084 0.053 0.036 0.087 0.047 0.058 0.097 0.093 0.099 0.091 0.078;
0.024 0.064 0.064 0.044 0.107 0.043 0.035 0.085 0.037 0.052 0.081 0.091 0.082 0.104 0.087;0.024 0.064 0.043 0.035 0.085 0.064 0.044 0.107 0.037 0.052 0.081 0.091 0.104 0.082 0.087;0.024 0.043 0.064 0.037 0.091 0.064 0.035 0.085 0.044 0.052 0.104 0.107 0.082 0.081 0.087;
0.022 0.055 0.046 0.066 0.106 0.044 0.051 0.077 0.042 0.04 0.078 0.083 0.1 0.105 0.085;0.022 0.055 0.044 0.051 0.077 0.046 0.066 0.106 0.042 0.04 0.078 0.083 0.105 0.1 0.085;0.022 0.044 0.046 0.042 0.083 0.055 0.051 0.077 0.066 0.04 0.105 0.106 0.1 0.078 0.085;
0.015 0.057 0.059 0.054 0.109 0.047 0.037 0.104 0.042 0.048 0.085 0.086 0.087 0.09 0.08;0.015 0.057 0.047 0.037 0.104 0.059 0.054 0.109 0.042 0.048 0.085 0.086 0.09 0.087 0.08;0.015 0.047 0.059 0.042 0.086 0.057 0.037 0.104 0.054 0.048 0.09 0.109 0.087 0.085 0.08;
0.018 0.057 0.054 0.068 0.094 0.049 0.044 0.085 0.035 0.06 0.101 0.071 0.094 0.102 0.068;0.018 0.057 0.049 0.044 0.085 0.054 0.068 0.094 0.035 0.06 0.101 0.071 0.102 0.094 0.068;0.018 0.049 0.054 0.035 0.071 0.057 0.044 0.085 0.068 0.06 0.102 0.094 0.094 0.101 0.068;
0.018 0.037 0.05 0.046 0.106 0.06 0.047 0.095 0.041 0.045 0.091 0.098 0.079 0.112 0.075;0.018 0.037 0.06 0.047 0.095 0.05 0.046 0.106 0.041 0.045 0.091 0.098 0.112 0.079 0.075;0.018 0.06 0.05 0.041 0.098 0.037 0.047 0.095 0.046 0.045 0.112 0.106 0.079 0.091 0.075;
0.02 0.049 0.048 0.037 0.099 0.052 0.049 0.079 0.046 0.052 0.086 0.102 0.099 0.083 0.099;0.02 0.049 0.052 0.049 0.079 0.048 0.037 0.099 0.046 0.052 0.086 0.102 0.083 0.099 0.099;0.02 0.052 0.048 0.046 0.102 0.049 0.049 0.079 0.037 0.052 0.083 0.099 0.099 0.086 0.099;
0.026 0.05 0.053 0.058 0.1 0.045 0.041 0.093 0.045 0.047 0.081 0.105 0.078 0.092 0.086;0.026 0.05 0.045 0.041 0.093 0.053 0.058 0.1 0.045 0.047 0.081 0.105 0.092 0.078 0.086;0.026 0.045 0.053 0.045 0.105 0.05 0.041 0.093 0.058 0.047 0.092 0.1 0.078 0.081 0.086;
0.031 0.051 0.055 0.051 0.095 0.045 0.039 0.089 0.038 0.06 0.075 0.086 0.081 0.113 0.091;0.031 0.051 0.045 0.039 0.089 0.055 0.051 0.095 0.038 0.06 0.075 0.086 0.113 0.081 0.091;0.031 0.045 0.055 0.038 0.086 0.051 0.039 0.089 0.051 0.06 0.113 0.095 0.081 0.075 0.091;
0.027 0.042 0.056 0.049 0.098 0.048 0.043 0.079 0.045 0.058 0.082 0.081 0.098 0.113 0.081;0.027 0.042 0.048 0.043 0.079 0.056 0.049 0.098 0.045 0.058 0.082 0.081 0.113 0.098 0.081;0.027 0.048 0.056 0.045 0.081 0.042 0.043 0.079 0.049 0.058 0.113 0.098 0.098 0.082 0.081;
0.018 0.05 0.038 0.058 0.094 0.057 0.046 0.084 0.054 0.052 0.097 0.077 0.097 0.089 0.089;0.018 0.05 0.057 0.046 0.084 0.038 0.058 0.094 0.054 0.052 0.097 0.077 0.089 0.097 0.089;0.018 0.057 0.038 0.054 0.077 0.05 0.046 0.084 0.058 0.052 0.089 0.094 0.097 0.097 0.089;
0.021 0.056 0.049 0.061 0.097 0.06 0.043 0.092 0.029 0.063 0.085 0.093 0.067 0.101 0.083;0.021 0.056 0.06 0.043 0.092 0.049 0.061 0.097 0.029 0.063 0.085 0.093 0.101 0.067 0.083;0.021 0.06 0.049 0.029 0.093 0.056 0.043 0.092 0.061 0.063 0.101 0.097 0.067 0.085 0.083;
0.024 0.04 0.056 0.05 0.108 0.043 0.048 0.08 0.046 0.062 0.097 0.092 0.07 0.104 0.08;0.024 0.04 0.043 0.048 0.08 0.056 0.05 0.108 0.046 0.062 0.097 0.092 0.104 0.07 0.08;0.024 0.043 0.056 0.046 0.092 0.04 0.048 0.08 0.05 0.062 0.104 0.108 0.07 0.097 0.08;
0.021 0.049 0.059 0.055 0.1 0.053 0.046 0.086 0.035 0.044 0.086 0.094 0.093 0.097 0.082;0.021 0.049 0.053 0.046 0.086 0.059 0.055 0.1 0.035 0.044 0.086 0.094 0.097 0.093 0.082;0.021 0.053 0.059 0.035 0.094 0.049 0.046 0.086 0.055 0.044 0.097 0.1 0.093 0.086 0.082;
0.02 0.062 0.062 0.052 0.098 0.048 0.038 0.083 0.042 0.057 0.093 0.097 0.079 0.071 0.098;0.02 0.062 0.048 0.038 0.083 0.062 0.052 0.098 0.042 0.057 0.093 0.097 0.071 0.079 0.098;0.02 0.048 0.062 0.042 0.097 0.062 0.038 0.083 0.052 0.057 0.071 0.098 0.079 0.093 0.098;
0.021 0.058 0.06 0.048 0.087 0.043 0.038 0.086 0.052 0.064 0.091 0.093 0.086 0.083 0.09;0.021 0.058 0.043 0.038 0.086 0.06 0.048 0.087 0.052 0.064 0.091 0.093 0.083 0.086 0.09;0.021 0.043 0.06 0.052 0.093 0.058 0.038 0.086 0.048 0.064 0.083 0.087 0.086 0.091 0.09;
0.024 0.049 0.05 0.056 0.087 0.047 0.052 0.093 0.048 0.054 0.086 0.097 0.086 0.092 0.079;0.024 0.049 0.047 0.052 0.093 0.05 0.056 0.087 0.048 0.054 0.086 0.097 0.092 0.086 0.079;0.024 0.047 0.05 0.048 0.097 0.049 0.052 0.093 0.056 0.054 0.092 0.087 0.086 0.086 0.079;
0.021 0.044 0.056 0.067 0.088 0.049 0.04 0.088 0.034 0.043 0.085 0.103 0.082 0.104 0.096;0.021 0.044 0.049 0.04 0.088 0.056 0.067 0.088 0.034 0.043 0.085 0.103 0.104 0.082 0.096;0.021 0.049 0.056 0.034 0.103 0.044 0.04 0.088 0.067 0.043 0.104 0.088 0.082 0.085 0.096;
0.023 0.063 0.052 0.049 0.095 0.056 0.049 0.084 0.048 0.045 0.102 0.083 0.066 0.093 0.092;0.023 0.063 0.056 0.049 0.084 0.052 0.049 0.095 0.048 0.045 0.102 0.083 0.093 0.066 0.092;0.023 0.056 0.052 0.048 0.083 0.063 0.049 0.084 0.049 0.045 0.093 0.095 0.066 0.102 0.092;
0.022 0.041 0.059 0.063 0.093 0.045 0.047 0.094 0.053 0.051 0.08 0.08 0.091 0.101 0.08;0.022 0.041 0.045 0.047 0.094 0.059 0.063 0.093 0.053 0.051 0.08 0.08 0.101 0.091 0.08;0.022 0.045 0.059 0.053 0.08 0.041 0.047 0.094 0.063 0.051 0.101 0.093 0.091 0.08 0.08;
0.02 0.048 0.051 0.058 0.105 0.058 0.045 0.091 0.054 0.054 0.082 0.073 0.076 0.102 0.083;0.02 0.048 0.058 0.045 0.091 0.051 0.058 0.105 0.054 0.054 0.082 0.073 0.102 0.076 0.083;0.02 0.058 0.051 0.054 0.073 0.048 0.045 0.091 0.058 0.054 0.102 0.105 0.076 0.082 0.083;
0.012 0.05 0.054 0.044 0.097 0.051 0.063 0.091 0.048 0.058 0.089 0.07 0.086 0.103 0.084;0.012 0.05 0.051 0.063 0.091 0.054 0.044 0.097 0.048 0.058 0.089 0.07 0.103 0.086 0.084;0.012 0.051 0.054 0.048 0.07 0.05 0.063 0.091 0.044 0.058 0.103 0.097 0.086 0.089 0.084;
0.025 0.057 0.05 0.06 0.103 0.041 0.044 0.08 0.043 0.058 0.087 0.084 0.077 0.099 0.092;0.025 0.057 0.041 0.044 0.08 0.05 0.06 0.103 0.043 0.058 0.087 0.084 0.099 0.077 0.092;0.025 0.041 0.05 0.043 0.084 0.057 0.044 0.08 0.06 0.058 0.099 0.103 0.077 0.087 0.092;
0.019 0.065 0.057 0.037 0.093 0.052 0.046 0.092 0.049 0.043 0.078 0.095 0.096 0.103 0.075;0.019 0.065 0.052 0.046 0.092 0.057 0.037 0.093 0.049 0.043 0.078 0.095 0.103 0.096 0.075;0.019 0.052 0.057 0.049 0.095 0.065 0.046 0.092 0.037 0.043 0.103 0.093 0.096 0.078 0.075;
0.019 0.058 0.056 0.049 0.084 0.042 0.036 0.09 0.038 0.054 0.098 0.095 0.09 0.104 0.087;0.019 0.058 0.042 0.036 0.09 0.056 0.049 0.084 0.038 0.054 0.098 0.095 0.104 0.09 0.087;0.019 0.042 0.056 0.038 0.095 0.058 0.036 0.09 0.049 0.054 0.104 0.084 0.09 0.098 0.087;
0.02 0.046 0.051 0.068 0.09 0.053 0.048 0.069 0.052 0.046 0.086 0.104 0.086 0.086 0.095;0.02 0.046 0.053 0.048 0.069 0.051 0.068 0.09 0.052 0.046 0.086 0.104 0.086 0.086 0.095;0.02 0.053 0.051 0.052 0.104 0.046 0.048 0.069 0.068 0.046 0.086 0.09 0.086 0.086 0.095;
0.019 0.048 0.066 0.054 0.082 0.048 0.04 0.084 0.038 0.041 0.093 0.088 0.108 0.103 0.088;0.019 0.048 0.048 0.04 0.084 0.066 0.054 0.082 0.038 0.041 0.093 0.088 0.103 0.108 0.088;0.019 0.048 0.066 0.038 0.088 0.048 0.04 0.084 0.054 0.041 0.103 0.082 0.108 0.093 0.088;
0.031 0.063 0.046 0.045 0.111 0.045 0.051 0.096 0.032 0.057 0.087 0.082 0.102 0.08 0.072;0.031 0.063 0.045 0.051 0.096 0.046 0.045 0.111 0.032 0.057 0.087 0.082 0.08 0.102 0.072;0.031 0.045 0.046 0.032 0.082 0.063 0.051 0.096 0.045 0.057 0.08 0.111 0.102 0.087 0.072;
0.02 0.045 0.059 0.061 0.088 0.051 0.031 0.094 0.041 0.049 0.101 0.093 0.076 0.101 0.09;0.02 0.045 0.051 0.031 0.094 0.059 0.061 0.088 0.041 0.049 0.101 0.093 0.101 0.076 0.09;0.02 0.051 0.059 0.041 0.093 0.045 0.031 0.094 0.061 0.049 0.101 0.088 0.076 0.101 0.09;
0.023 0.069 0.049 0.046 0.094 0.053 0.046 0.091 0.038 0.064 0.074 0.08 0.095 0.087 0.091;0.023 0.069 0.053 0.046 0.091 0.049 0.046 0.094 0.038 0.064 0.074 0.08 0.087 0.095 0.091;0.023 0.053 0.049 0.038 0.08 0.069 0.046 0.091 0.046 0.064 0.087 0.094 0.095 0.074 0.091;
0.021 0.041 0.058 0.053 0.088 0.079 0.048 0.081 0.06 0.04 0.093 0.086 0.083 0.089 0.08;0.021 0.041 0.079 0.048 0.081 0.058 0.053 0.088 0.06 0.04 0.093 0.086 0.089 0.083 0.08;0.021 0.079 0.058 0.06 0.086 0.041 0.048 0.081 0.053 0.04 0.089 0.088 0.083 0.093 0.08];