pntP=[0.025 0.049 0.078 0.058 0.092 0.047 0.059 0.082 0.042 0.087 0.068 0.073 0.1 0.076 0.064;0.025 0.049 0.047 0.059 0.082 0.078 0.058 0.092 0.042 0.087 0.068 0.073 0.076 0.1 0.064;0.025 0.047 0.078 0.042 0.073 0.049 0.059 0.082 0.058 0.087 0.076 0.092 0.1 0.068 0.064;
0.038 0.044 0.086 0.05 0.073 0.042 0.068 0.081 0.047 0.097 0.063 0.083 0.081 0.08 0.067;0.038 0.044 0.042 0.068 0.081 0.086 0.05 0.073 0.047 0.097 0.063 0.083 0.08 0.081 0.067;0.038 0.042 0.086 0.047 0.083 0.044 0.068 0.081 0.05 0.097 0.08 0.073 0.081 0.063 0.067;
0.038 0.061 0.068 0.066 0.07 0.05 0.048 0.071 0.039 0.107 0.078 0.056 0.1 0.082 0.066;0.038 0.061 0.05 0.048 0.071 0.068 0.066 0.07 0.039 0.107 0.078 0.056 0.082 0.1 0.066;0.038 0.05 0.068 0.039 0.056 0.061 0.048 0.071 0.066 0.107 0.082 0.07 0.1 0.078 0.066;
0.054 0.042 0.093 0.055 0.089 0.032 0.053 0.063 0.036 0.082 0.077 0.071 0.117 0.084 0.052;0.054 0.042 0.032 0.053 0.063 0.093 0.055 0.089 0.036 0.082 0.077 0.071 0.084 0.117 0.052;0.054 0.032 0.093 0.036 0.071 0.042 0.053 0.063 0.055 0.082 0.084 0.089 0.117 0.077 0.052;
0.039 0.045 0.082 0.053 0.083 0.033 0.056 0.076 0.033 0.092 0.08 0.063 0.105 0.078 0.082;0.039 0.045 0.033 0.056 0.076 0.082 0.053 0.083 0.033 0.092 0.08 0.063 0.078 0.105 0.082;0.039 0.033 0.082 0.033 0.063 0.045 0.056 0.076 0.053 0.092 0.078 0.083 0.105 0.08 0.082;
0.045 0.062 0.087 0.041 0.086 0.046 0.046 0.066 0.039 0.08 0.084 0.07 0.096 0.082 0.07;0.045 0.062 0.046 0.046 0.066 0.087 0.041 0.086 0.039 0.08 0.084 0.07 0.082 0.096 0.07;0.045 0.046 0.087 0.039 0.07 0.062 0.046 0.066 0.041 0.08 0.082 0.086 0.096 0.084 0.07;
0.037 0.042 0.073 0.057 0.079 0.051 0.046 0.063 0.043 0.079 0.075 0.083 0.12 0.089 0.063;0.037 0.042 0.051 0.046 0.063 0.073 0.057 0.079 0.043 0.079 0.075 0.083 0.089 0.12 0.063;0.037 0.051 0.073 0.043 0.083 0.042 0.046 0.063 0.057 0.079 0.089 0.079 0.12 0.075 0.063;
0.043 0.044 0.076 0.057 0.075 0.043 0.045 0.062 0.035 0.088 0.07 0.073 0.129 0.096 0.064;0.043 0.044 0.043 0.045 0.062 0.076 0.057 0.075 0.035 0.088 0.07 0.073 0.096 0.129 0.064;0.043 0.043 0.076 0.035 0.073 0.044 0.045 0.062 0.057 0.088 0.096 0.075 0.129 0.07 0.064;
0.04 0.047 0.072 0.062 0.097 0.049 0.062 0.056 0.055 0.079 0.068 0.057 0.09 0.103 0.063;0.04 0.047 0.049 0.062 0.056 0.072 0.062 0.097 0.055 0.079 0.068 0.057 0.103 0.09 0.063;0.04 0.049 0.072 0.055 0.057 0.047 0.062 0.056 0.062 0.079 0.103 0.097 0.09 0.068 0.063;
0.038 0.036 0.099 0.052 0.074 0.056 0.054 0.082 0.04 0.078 0.076 0.057 0.104 0.076 0.078;0.038 0.036 0.056 0.054 0.082 0.099 0.052 0.074 0.04 0.078 0.076 0.057 0.076 0.104 0.078;0.038 0.056 0.099 0.04 0.057 0.036 0.054 0.082 0.052 0.078 0.076 0.074 0.104 0.076 0.078;
0.036 0.055 0.089 0.056 0.082 0.043 0.064 0.066 0.041 0.073 0.07 0.077 0.113 0.081 0.054;0.036 0.055 0.043 0.064 0.066 0.089 0.056 0.082 0.041 0.073 0.07 0.077 0.081 0.113 0.054;0.036 0.043 0.089 0.041 0.077 0.055 0.064 0.066 0.056 0.073 0.081 0.082 0.113 0.07 0.054;
0.043 0.064 0.087 0.059 0.076 0.052 0.05 0.065 0.047 0.059 0.062 0.063 0.117 0.093 0.063;0.043 0.064 0.052 0.05 0.065 0.087 0.059 0.076 0.047 0.059 0.062 0.063 0.093 0.117 0.063;0.043 0.052 0.087 0.047 0.063 0.064 0.05 0.065 0.059 0.059 0.093 0.076 0.117 0.062 0.063;
0.03 0.04 0.092 0.063 0.078 0.043 0.067 0.063 0.042 0.066 0.069 0.073 0.118 0.093 0.063;0.03 0.04 0.043 0.067 0.063 0.092 0.063 0.078 0.042 0.066 0.069 0.073 0.093 0.118 0.063;0.03 0.043 0.092 0.042 0.073 0.04 0.067 0.063 0.063 0.066 0.093 0.078 0.118 0.069 0.063;
0.044 0.045 0.082 0.058 0.077 0.052 0.058 0.062 0.038 0.081 0.079 0.062 0.116 0.08 0.066;0.044 0.045 0.052 0.058 0.062 0.082 0.058 0.077 0.038 0.081 0.079 0.062 0.08 0.116 0.066;0.044 0.052 0.082 0.038 0.062 0.045 0.058 0.062 0.058 0.081 0.08 0.077 0.116 0.079 0.066;
0.038 0.042 0.084 0.048 0.086 0.041 0.05 0.066 0.033 0.101 0.07 0.057 0.134 0.081 0.069;0.038 0.042 0.041 0.05 0.066 0.084 0.048 0.086 0.033 0.101 0.07 0.057 0.081 0.134 0.069;0.038 0.041 0.084 0.033 0.057 0.042 0.05 0.066 0.048 0.101 0.081 0.086 0.134 0.07 0.069;
0.026 0.039 0.072 0.054 0.102 0.038 0.072 0.073 0.041 0.089 0.069 0.068 0.106 0.078 0.073;0.026 0.039 0.038 0.072 0.073 0.072 0.054 0.102 0.041 0.089 0.069 0.068 0.078 0.106 0.073;0.026 0.038 0.072 0.041 0.068 0.039 0.072 0.073 0.054 0.089 0.078 0.102 0.106 0.069 0.073;
0.039 0.048 0.07 0.058 0.086 0.06 0.05 0.061 0.034 0.075 0.089 0.065 0.115 0.081 0.069;0.039 0.048 0.06 0.05 0.061 0.07 0.058 0.086 0.034 0.075 0.089 0.065 0.081 0.115 0.069;0.039 0.06 0.07 0.034 0.065 0.048 0.05 0.061 0.058 0.075 0.081 0.086 0.115 0.089 0.069;
0.047 0.04 0.07 0.05 0.087 0.034 0.06 0.07 0.034 0.092 0.064 0.082 0.108 0.086 0.076;0.047 0.04 0.034 0.06 0.07 0.07 0.05 0.087 0.034 0.092 0.064 0.082 0.086 0.108 0.076;0.047 0.034 0.07 0.034 0.082 0.04 0.06 0.07 0.05 0.092 0.086 0.087 0.108 0.064 0.076;
0.047 0.054 0.065 0.058 0.095 0.05 0.046 0.066 0.042 0.095 0.063 0.081 0.105 0.08 0.053;0.047 0.054 0.05 0.046 0.066 0.065 0.058 0.095 0.042 0.095 0.063 0.081 0.08 0.105 0.053;0.047 0.05 0.065 0.042 0.081 0.054 0.046 0.066 0.058 0.095 0.08 0.095 0.105 0.063 0.053;
0.048 0.059 0.092 0.047 0.085 0.058 0.047 0.074 0.041 0.069 0.063 0.078 0.108 0.064 0.067;0.048 0.059 0.058 0.047 0.074 0.092 0.047 0.085 0.041 0.069 0.063 0.078 0.064 0.108 0.067;0.048 0.058 0.092 0.041 0.078 0.059 0.047 0.074 0.047 0.069 0.064 0.085 0.108 0.063 0.067;
0.04 0.063 0.078 0.058 0.084 0.049 0.058 0.046 0.032 0.081 0.074 0.06 0.117 0.09 0.07;0.04 0.063 0.049 0.058 0.046 0.078 0.058 0.084 0.032 0.081 0.074 0.06 0.09 0.117 0.07;0.04 0.049 0.078 0.032 0.06 0.063 0.058 0.046 0.058 0.081 0.09 0.084 0.117 0.074 0.07;
0.056 0.034 0.068 0.054 0.08 0.045 0.052 0.055 0.038 0.09 0.079 0.069 0.134 0.067 0.079;0.056 0.034 0.045 0.052 0.055 0.068 0.054 0.08 0.038 0.09 0.079 0.069 0.067 0.134 0.079;0.056 0.045 0.068 0.038 0.069 0.034 0.052 0.055 0.054 0.09 0.067 0.08 0.134 0.079 0.079;
0.04 0.043 0.079 0.061 0.091 0.051 0.054 0.065 0.038 0.078 0.07 0.071 0.106 0.078 0.075;0.04 0.043 0.051 0.054 0.065 0.079 0.061 0.091 0.038 0.078 0.07 0.071 0.078 0.106 0.075;0.04 0.051 0.079 0.038 0.071 0.043 0.054 0.065 0.061 0.078 0.078 0.091 0.106 0.07 0.075;
0.043 0.051 0.11 0.057 0.079 0.049 0.043 0.059 0.029 0.08 0.07 0.064 0.109 0.099 0.058;0.043 0.051 0.049 0.043 0.059 0.11 0.057 0.079 0.029 0.08 0.07 0.064 0.099 0.109 0.058;0.043 0.049 0.11 0.029 0.064 0.051 0.043 0.059 0.057 0.08 0.099 0.079 0.109 0.07 0.058;
0.049 0.051 0.071 0.061 0.072 0.063 0.052 0.055 0.037 0.08 0.066 0.063 0.122 0.098 0.06;0.049 0.051 0.063 0.052 0.055 0.071 0.061 0.072 0.037 0.08 0.066 0.063 0.098 0.122 0.06;0.049 0.063 0.071 0.037 0.063 0.051 0.052 0.055 0.061 0.08 0.098 0.072 0.122 0.066 0.06;
0.054 0.044 0.095 0.062 0.083 0.044 0.055 0.065 0.042 0.071 0.065 0.067 0.121 0.082 0.05;0.054 0.044 0.044 0.055 0.065 0.095 0.062 0.083 0.042 0.071 0.065 0.067 0.082 0.121 0.05;0.054 0.044 0.095 0.042 0.067 0.044 0.055 0.065 0.062 0.071 0.082 0.083 0.121 0.065 0.05;
0.031 0.043 0.076 0.052 0.089 0.053 0.055 0.058 0.034 0.077 0.079 0.067 0.126 0.101 0.059;0.031 0.043 0.053 0.055 0.058 0.076 0.052 0.089 0.034 0.077 0.079 0.067 0.101 0.126 0.059;0.031 0.053 0.076 0.034 0.067 0.043 0.055 0.058 0.052 0.077 0.101 0.089 0.126 0.079 0.059;
0.038 0.042 0.082 0.047 0.081 0.057 0.065 0.068 0.047 0.074 0.079 0.068 0.115 0.073 0.064;0.038 0.042 0.057 0.065 0.068 0.082 0.047 0.081 0.047 0.074 0.079 0.068 0.073 0.115 0.064;0.038 0.057 0.082 0.047 0.068 0.042 0.065 0.068 0.047 0.074 0.073 0.081 0.115 0.079 0.064;
0.038 0.049 0.085 0.054 0.081 0.042 0.055 0.057 0.039 0.07 0.073 0.076 0.128 0.094 0.059;0.038 0.049 0.042 0.055 0.057 0.085 0.054 0.081 0.039 0.07 0.073 0.076 0.094 0.128 0.059;0.038 0.042 0.085 0.039 0.076 0.049 0.055 0.057 0.054 0.07 0.094 0.081 0.128 0.073 0.059;
0.044 0.049 0.078 0.075 0.069 0.039 0.061 0.069 0.031 0.095 0.066 0.09 0.104 0.074 0.056;0.044 0.049 0.039 0.061 0.069 0.078 0.075 0.069 0.031 0.095 0.066 0.09 0.074 0.104 0.056;0.044 0.039 0.078 0.031 0.09 0.049 0.061 0.069 0.075 0.095 0.074 0.069 0.104 0.066 0.056;
0.038 0.046 0.068 0.059 0.091 0.045 0.055 0.066 0.043 0.085 0.064 0.074 0.108 0.098 0.06;0.038 0.046 0.045 0.055 0.066 0.068 0.059 0.091 0.043 0.085 0.064 0.074 0.098 0.108 0.06;0.038 0.045 0.068 0.043 0.074 0.046 0.055 0.066 0.059 0.085 0.098 0.091 0.108 0.064 0.06;
0.035 0.04 0.083 0.056 0.086 0.039 0.054 0.07 0.042 0.075 0.073 0.076 0.117 0.09 0.064;0.035 0.04 0.039 0.054 0.07 0.083 0.056 0.086 0.042 0.075 0.073 0.076 0.09 0.117 0.064;0.035 0.039 0.083 0.042 0.076 0.04 0.054 0.07 0.056 0.075 0.09 0.086 0.117 0.073 0.064;
0.032 0.048 0.087 0.059 0.086 0.051 0.059 0.074 0.03 0.1 0.069 0.063 0.116 0.077 0.049;0.032 0.048 0.051 0.059 0.074 0.087 0.059 0.086 0.03 0.1 0.069 0.063 0.077 0.116 0.049;0.032 0.051 0.087 0.03 0.063 0.048 0.059 0.074 0.059 0.1 0.077 0.086 0.116 0.069 0.049;
0.046 0.06 0.074 0.047 0.074 0.043 0.059 0.06 0.039 0.086 0.07 0.074 0.131 0.072 0.065;0.046 0.06 0.043 0.059 0.06 0.074 0.047 0.074 0.039 0.086 0.07 0.074 0.072 0.131 0.065;0.046 0.043 0.074 0.039 0.074 0.06 0.059 0.06 0.047 0.086 0.072 0.074 0.131 0.07 0.065;
0.038 0.051 0.073 0.044 0.08 0.054 0.058 0.068 0.04 0.072 0.071 0.064 0.126 0.092 0.069;0.038 0.051 0.054 0.058 0.068 0.073 0.044 0.08 0.04 0.072 0.071 0.064 0.092 0.126 0.069;0.038 0.054 0.073 0.04 0.064 0.051 0.058 0.068 0.044 0.072 0.092 0.08 0.126 0.071 0.069;
0.037 0.047 0.074 0.052 0.084 0.058 0.054 0.071 0.051 0.089 0.079 0.059 0.1 0.086 0.059;0.037 0.047 0.058 0.054 0.071 0.074 0.052 0.084 0.051 0.089 0.079 0.059 0.086 0.1 0.059;0.037 0.058 0.074 0.051 0.059 0.047 0.054 0.071 0.052 0.089 0.086 0.084 0.1 0.079 0.059;
0.045 0.04 0.087 0.056 0.091 0.056 0.05 0.053 0.036 0.076 0.076 0.059 0.121 0.08 0.074;0.045 0.04 0.056 0.05 0.053 0.087 0.056 0.091 0.036 0.076 0.076 0.059 0.08 0.121 0.074;0.045 0.056 0.087 0.036 0.059 0.04 0.05 0.053 0.056 0.076 0.08 0.091 0.121 0.076 0.074;
0.035 0.059 0.088 0.055 0.101 0.037 0.058 0.062 0.039 0.079 0.068 0.072 0.112 0.08 0.055;0.035 0.059 0.037 0.058 0.062 0.088 0.055 0.101 0.039 0.079 0.068 0.072 0.08 0.112 0.055;0.035 0.037 0.088 0.039 0.072 0.059 0.058 0.062 0.055 0.079 0.08 0.101 0.112 0.068 0.055;
0.052 0.042 0.072 0.051 0.083 0.055 0.05 0.066 0.032 0.096 0.086 0.079 0.115 0.067 0.054;0.052 0.042 0.055 0.05 0.066 0.072 0.051 0.083 0.032 0.096 0.086 0.079 0.067 0.115 0.054;0.052 0.055 0.072 0.032 0.079 0.042 0.05 0.066 0.051 0.096 0.067 0.083 0.115 0.086 0.054;
0.04 0.035 0.072 0.051 0.093 0.048 0.061 0.061 0.041 0.08 0.064 0.071 0.12 0.083 0.08;0.04 0.035 0.048 0.061 0.061 0.072 0.051 0.093 0.041 0.08 0.064 0.071 0.083 0.12 0.08;0.04 0.048 0.072 0.041 0.071 0.035 0.061 0.061 0.051 0.08 0.083 0.093 0.12 0.064 0.08;
0.038 0.047 0.069 0.058 0.083 0.049 0.06 0.066 0.04 0.084 0.061 0.083 0.107 0.095 0.06;0.038 0.047 0.049 0.06 0.066 0.069 0.058 0.083 0.04 0.084 0.061 0.083 0.095 0.107 0.06;0.038 0.049 0.069 0.04 0.083 0.047 0.06 0.066 0.058 0.084 0.095 0.083 0.107 0.061 0.06;
0.037 0.042 0.087 0.055 0.083 0.043 0.057 0.066 0.036 0.076 0.073 0.088 0.115 0.084 0.058;0.037 0.042 0.043 0.057 0.066 0.087 0.055 0.083 0.036 0.076 0.073 0.088 0.084 0.115 0.058;0.037 0.043 0.087 0.036 0.088 0.042 0.057 0.066 0.055 0.076 0.084 0.083 0.115 0.073 0.058;
0.041 0.043 0.099 0.051 0.085 0.038 0.059 0.065 0.042 0.095 0.066 0.064 0.093 0.09 0.069;0.041 0.043 0.038 0.059 0.065 0.099 0.051 0.085 0.042 0.095 0.066 0.064 0.09 0.093 0.069;0.041 0.038 0.099 0.042 0.064 0.043 0.059 0.065 0.051 0.095 0.09 0.085 0.093 0.066 0.069;
0.051 0.051 0.085 0.057 0.077 0.052 0.068 0.062 0.037 0.08 0.066 0.058 0.108 0.082 0.066;0.051 0.051 0.052 0.068 0.062 0.085 0.057 0.077 0.037 0.08 0.066 0.058 0.082 0.108 0.066;0.051 0.052 0.085 0.037 0.058 0.051 0.068 0.062 0.057 0.08 0.082 0.077 0.108 0.066 0.066;
0.042 0.05 0.074 0.054 0.09 0.042 0.066 0.066 0.033 0.079 0.073 0.074 0.114 0.078 0.065;0.042 0.05 0.042 0.066 0.066 0.074 0.054 0.09 0.033 0.079 0.073 0.074 0.078 0.114 0.065;0.042 0.042 0.074 0.033 0.074 0.05 0.066 0.066 0.054 0.079 0.078 0.09 0.114 0.073 0.065;
0.039 0.046 0.092 0.051 0.082 0.058 0.058 0.077 0.042 0.076 0.067 0.07 0.112 0.09 0.04;0.039 0.046 0.058 0.058 0.077 0.092 0.051 0.082 0.042 0.076 0.067 0.07 0.09 0.112 0.04;0.039 0.058 0.092 0.042 0.07 0.046 0.058 0.077 0.051 0.076 0.09 0.082 0.112 0.067 0.04;
0.051 0.048 0.086 0.047 0.079 0.04 0.055 0.069 0.047 0.074 0.08 0.063 0.114 0.087 0.06;0.051 0.048 0.04 0.055 0.069 0.086 0.047 0.079 0.047 0.074 0.08 0.063 0.087 0.114 0.06;0.051 0.04 0.086 0.047 0.063 0.048 0.055 0.069 0.047 0.074 0.087 0.079 0.114 0.08 0.06;
0.042 0.044 0.089 0.043 0.095 0.043 0.064 0.061 0.037 0.083 0.065 0.065 0.122 0.087 0.06;0.042 0.044 0.043 0.064 0.061 0.089 0.043 0.095 0.037 0.083 0.065 0.065 0.087 0.122 0.06;0.042 0.043 0.089 0.037 0.065 0.044 0.064 0.061 0.043 0.083 0.087 0.095 0.122 0.065 0.06;
0.035 0.045 0.077 0.044 0.084 0.047 0.061 0.066 0.055 0.077 0.063 0.069 0.124 0.101 0.052;0.035 0.045 0.047 0.061 0.066 0.077 0.044 0.084 0.055 0.077 0.063 0.069 0.101 0.124 0.052;0.035 0.047 0.077 0.055 0.069 0.045 0.061 0.066 0.044 0.077 0.101 0.084 0.124 0.063 0.052;
0.04 0.039 0.071 0.046 0.111 0.047 0.058 0.065 0.037 0.072 0.067 0.071 0.115 0.088 0.073;0.04 0.039 0.047 0.058 0.065 0.071 0.046 0.111 0.037 0.072 0.067 0.071 0.088 0.115 0.073;0.04 0.047 0.071 0.037 0.071 0.039 0.058 0.065 0.046 0.072 0.088 0.111 0.115 0.067 0.073;
0.042 0.053 0.072 0.044 0.083 0.046 0.063 0.064 0.039 0.088 0.07 0.078 0.112 0.075 0.071;0.042 0.053 0.046 0.063 0.064 0.072 0.044 0.083 0.039 0.088 0.07 0.078 0.075 0.112 0.071;0.042 0.046 0.072 0.039 0.078 0.053 0.063 0.064 0.044 0.088 0.075 0.083 0.112 0.07 0.071;
0.04 0.051 0.08 0.055 0.075 0.049 0.055 0.07 0.031 0.085 0.071 0.077 0.119 0.09 0.052;0.04 0.051 0.049 0.055 0.07 0.08 0.055 0.075 0.031 0.085 0.071 0.077 0.09 0.119 0.052;0.04 0.049 0.08 0.031 0.077 0.051 0.055 0.07 0.055 0.085 0.09 0.075 0.119 0.071 0.052;
0.048 0.041 0.076 0.055 0.071 0.044 0.047 0.076 0.044 0.081 0.078 0.081 0.105 0.082 0.071;0.048 0.041 0.044 0.047 0.076 0.076 0.055 0.071 0.044 0.081 0.078 0.081 0.082 0.105 0.071;0.048 0.044 0.076 0.044 0.081 0.041 0.047 0.076 0.055 0.081 0.082 0.071 0.105 0.078 0.071;
0.04 0.038 0.07 0.056 0.083 0.044 0.046 0.073 0.045 0.076 0.07 0.086 0.106 0.092 0.075;0.04 0.038 0.044 0.046 0.073 0.07 0.056 0.083 0.045 0.076 0.07 0.086 0.092 0.106 0.075;0.04 0.044 0.07 0.045 0.086 0.038 0.046 0.073 0.056 0.076 0.092 0.083 0.106 0.07 0.075;
0.033 0.046 0.087 0.066 0.093 0.053 0.054 0.068 0.04 0.085 0.067 0.071 0.094 0.079 0.064;0.033 0.046 0.053 0.054 0.068 0.087 0.066 0.093 0.04 0.085 0.067 0.071 0.079 0.094 0.064;0.033 0.053 0.087 0.04 0.071 0.046 0.054 0.068 0.066 0.085 0.079 0.093 0.094 0.067 0.064;
0.04 0.056 0.073 0.045 0.085 0.053 0.056 0.072 0.038 0.084 0.05 0.087 0.116 0.072 0.073;0.04 0.056 0.053 0.056 0.072 0.073 0.045 0.085 0.038 0.084 0.05 0.087 0.072 0.116 0.073;0.04 0.053 0.073 0.038 0.087 0.056 0.056 0.072 0.045 0.084 0.072 0.085 0.116 0.05 0.073;
0.04 0.039 0.09 0.051 0.087 0.041 0.063 0.066 0.041 0.086 0.065 0.079 0.107 0.081 0.064;0.04 0.039 0.041 0.063 0.066 0.09 0.051 0.087 0.041 0.086 0.065 0.079 0.081 0.107 0.064;0.04 0.041 0.09 0.041 0.079 0.039 0.063 0.066 0.051 0.086 0.081 0.087 0.107 0.065 0.064;
0.043 0.044 0.073 0.046 0.086 0.048 0.059 0.068 0.046 0.101 0.075 0.06 0.104 0.08 0.067;0.043 0.044 0.048 0.059 0.068 0.073 0.046 0.086 0.046 0.101 0.075 0.06 0.08 0.104 0.067;0.043 0.048 0.073 0.046 0.06 0.044 0.059 0.068 0.046 0.101 0.08 0.086 0.104 0.075 0.067;
0.042 0.049 0.091 0.057 0.075 0.053 0.044 0.063 0.028 0.085 0.062 0.072 0.122 0.09 0.067;0.042 0.049 0.053 0.044 0.063 0.091 0.057 0.075 0.028 0.085 0.062 0.072 0.09 0.122 0.067;0.042 0.053 0.091 0.028 0.072 0.049 0.044 0.063 0.057 0.085 0.09 0.075 0.122 0.062 0.067;
0.035 0.053 0.074 0.04 0.095 0.059 0.059 0.07 0.052 0.079 0.063 0.076 0.104 0.075 0.066;0.035 0.053 0.059 0.059 0.07 0.074 0.04 0.095 0.052 0.079 0.063 0.076 0.075 0.104 0.066;0.035 0.059 0.074 0.052 0.076 0.053 0.059 0.07 0.04 0.079 0.075 0.095 0.104 0.063 0.066;
0.056 0.048 0.083 0.06 0.069 0.051 0.056 0.064 0.033 0.085 0.07 0.075 0.107 0.089 0.054;0.056 0.048 0.051 0.056 0.064 0.083 0.06 0.069 0.033 0.085 0.07 0.075 0.089 0.107 0.054;0.056 0.051 0.083 0.033 0.075 0.048 0.056 0.064 0.06 0.085 0.089 0.069 0.107 0.07 0.054;
0.042 0.045 0.082 0.055 0.086 0.047 0.063 0.063 0.04 0.066 0.059 0.092 0.119 0.079 0.062;0.042 0.045 0.047 0.063 0.063 0.082 0.055 0.086 0.04 0.066 0.059 0.092 0.079 0.119 0.062;0.042 0.047 0.082 0.04 0.092 0.045 0.063 0.063 0.055 0.066 0.079 0.086 0.119 0.059 0.062;
0.052 0.05 0.085 0.044 0.078 0.04 0.067 0.067 0.033 0.092 0.059 0.061 0.11 0.097 0.065;0.052 0.05 0.04 0.067 0.067 0.085 0.044 0.078 0.033 0.092 0.059 0.061 0.097 0.11 0.065;0.052 0.04 0.085 0.033 0.061 0.05 0.067 0.067 0.044 0.092 0.097 0.078 0.11 0.059 0.065;
0.036 0.047 0.079 0.048 0.076 0.05 0.053 0.07 0.037 0.077 0.057 0.073 0.135 0.087 0.075;0.036 0.047 0.05 0.053 0.07 0.079 0.048 0.076 0.037 0.077 0.057 0.073 0.087 0.135 0.075;0.036 0.05 0.079 0.037 0.073 0.047 0.053 0.07 0.048 0.077 0.087 0.076 0.135 0.057 0.075;
0.04 0.049 0.092 0.065 0.087 0.05 0.05 0.066 0.036 0.065 0.074 0.082 0.098 0.087 0.059;0.04 0.049 0.05 0.05 0.066 0.092 0.065 0.087 0.036 0.065 0.074 0.082 0.087 0.098 0.059;0.04 0.05 0.092 0.036 0.082 0.049 0.05 0.066 0.065 0.065 0.087 0.087 0.098 0.074 0.059;
0.048 0.049 0.089 0.058 0.073 0.047 0.065 0.069 0.035 0.07 0.068 0.075 0.087 0.088 0.079;0.048 0.049 0.047 0.065 0.069 0.089 0.058 0.073 0.035 0.07 0.068 0.075 0.088 0.087 0.079;0.048 0.047 0.089 0.035 0.075 0.049 0.065 0.069 0.058 0.07 0.088 0.073 0.087 0.068 0.079;
0.041 0.049 0.091 0.044 0.099 0.059 0.054 0.058 0.034 0.092 0.061 0.061 0.103 0.085 0.069;0.041 0.049 0.059 0.054 0.058 0.091 0.044 0.099 0.034 0.092 0.061 0.061 0.085 0.103 0.069;0.041 0.059 0.091 0.034 0.061 0.049 0.054 0.058 0.044 0.092 0.085 0.099 0.103 0.061 0.069;
0.04 0.054 0.091 0.042 0.088 0.044 0.055 0.062 0.041 0.092 0.058 0.067 0.118 0.093 0.055;0.04 0.054 0.044 0.055 0.062 0.091 0.042 0.088 0.041 0.092 0.058 0.067 0.093 0.118 0.055;0.04 0.044 0.091 0.041 0.067 0.054 0.055 0.062 0.042 0.092 0.093 0.088 0.118 0.058 0.055;
0.052 0.051 0.097 0.044 0.087 0.041 0.069 0.06 0.041 0.075 0.074 0.079 0.106 0.068 0.056;0.052 0.051 0.041 0.069 0.06 0.097 0.044 0.087 0.041 0.075 0.074 0.079 0.068 0.106 0.056;0.052 0.041 0.097 0.041 0.079 0.051 0.069 0.06 0.044 0.075 0.068 0.087 0.106 0.074 0.056;
0.044 0.044 0.084 0.048 0.08 0.058 0.057 0.056 0.037 0.085 0.068 0.072 0.125 0.078 0.064;0.044 0.044 0.058 0.057 0.056 0.084 0.048 0.08 0.037 0.085 0.068 0.072 0.078 0.125 0.064;0.044 0.058 0.084 0.037 0.072 0.044 0.057 0.056 0.048 0.085 0.078 0.08 0.125 0.068 0.064;
0.042 0.046 0.084 0.059 0.089 0.044 0.061 0.067 0.038 0.083 0.069 0.078 0.087 0.087 0.066;0.042 0.046 0.044 0.061 0.067 0.084 0.059 0.089 0.038 0.083 0.069 0.078 0.087 0.087 0.066;0.042 0.044 0.084 0.038 0.078 0.046 0.061 0.067 0.059 0.083 0.087 0.089 0.087 0.069 0.066;
0.042 0.051 0.083 0.046 0.075 0.044 0.053 0.064 0.037 0.085 0.067 0.074 0.122 0.084 0.073;0.042 0.051 0.044 0.053 0.064 0.083 0.046 0.075 0.037 0.085 0.067 0.074 0.084 0.122 0.073;0.042 0.044 0.083 0.037 0.074 0.051 0.053 0.064 0.046 0.085 0.084 0.075 0.122 0.067 0.073;
0.039 0.036 0.095 0.046 0.083 0.043 0.061 0.063 0.047 0.067 0.08 0.067 0.117 0.087 0.069;0.039 0.036 0.043 0.061 0.063 0.095 0.046 0.083 0.047 0.067 0.08 0.067 0.087 0.117 0.069;0.039 0.043 0.095 0.047 0.067 0.036 0.061 0.063 0.046 0.067 0.087 0.083 0.117 0.08 0.069;
0.038 0.048 0.089 0.073 0.072 0.041 0.056 0.057 0.035 0.096 0.058 0.081 0.108 0.077 0.071;0.038 0.048 0.041 0.056 0.057 0.089 0.073 0.072 0.035 0.096 0.058 0.081 0.077 0.108 0.071;0.038 0.041 0.089 0.035 0.081 0.048 0.056 0.057 0.073 0.096 0.077 0.072 0.108 0.058 0.071;
0.041 0.055 0.075 0.057 0.092 0.048 0.059 0.085 0.04 0.073 0.078 0.061 0.106 0.072 0.058;0.041 0.055 0.048 0.059 0.085 0.075 0.057 0.092 0.04 0.073 0.078 0.061 0.072 0.106 0.058;0.041 0.048 0.075 0.04 0.061 0.055 0.059 0.085 0.057 0.073 0.072 0.092 0.106 0.078 0.058;
0.046 0.048 0.069 0.049 0.086 0.051 0.057 0.065 0.053 0.078 0.069 0.063 0.113 0.081 0.072;0.046 0.048 0.051 0.057 0.065 0.069 0.049 0.086 0.053 0.078 0.069 0.063 0.081 0.113 0.072;0.046 0.051 0.069 0.053 0.063 0.048 0.057 0.065 0.049 0.078 0.081 0.086 0.113 0.069 0.072;
0.036 0.052 0.071 0.056 0.094 0.04 0.054 0.071 0.028 0.089 0.074 0.08 0.109 0.093 0.053;0.036 0.052 0.04 0.054 0.071 0.071 0.056 0.094 0.028 0.089 0.074 0.08 0.093 0.109 0.053;0.036 0.04 0.071 0.028 0.08 0.052 0.054 0.071 0.056 0.089 0.093 0.094 0.109 0.074 0.053;
0.049 0.048 0.071 0.039 0.074 0.052 0.059 0.069 0.052 0.086 0.078 0.068 0.109 0.082 0.064;0.049 0.048 0.052 0.059 0.069 0.071 0.039 0.074 0.052 0.086 0.078 0.068 0.082 0.109 0.064;0.049 0.052 0.071 0.052 0.068 0.048 0.059 0.069 0.039 0.086 0.082 0.074 0.109 0.078 0.064;
0.039 0.045 0.073 0.057 0.084 0.043 0.064 0.068 0.039 0.081 0.064 0.068 0.136 0.083 0.056;0.039 0.045 0.043 0.064 0.068 0.073 0.057 0.084 0.039 0.081 0.064 0.068 0.083 0.136 0.056;0.039 0.043 0.073 0.039 0.068 0.045 0.064 0.068 0.057 0.081 0.083 0.084 0.136 0.064 0.056;
0.042 0.061 0.072 0.049 0.089 0.038 0.062 0.068 0.036 0.08 0.068 0.079 0.119 0.069 0.068;0.042 0.061 0.038 0.062 0.068 0.072 0.049 0.089 0.036 0.08 0.068 0.079 0.069 0.119 0.068;0.042 0.038 0.072 0.036 0.079 0.061 0.062 0.068 0.049 0.08 0.069 0.089 0.119 0.068 0.068;
0.045 0.05 0.083 0.06 0.068 0.035 0.064 0.061 0.041 0.079 0.068 0.067 0.107 0.095 0.077;0.045 0.05 0.035 0.064 0.061 0.083 0.06 0.068 0.041 0.079 0.068 0.067 0.095 0.107 0.077;0.045 0.035 0.083 0.041 0.067 0.05 0.064 0.061 0.06 0.079 0.095 0.068 0.107 0.068 0.077;
0.037 0.039 0.08 0.046 0.088 0.056 0.046 0.077 0.044 0.073 0.07 0.079 0.124 0.078 0.063;0.037 0.039 0.056 0.046 0.077 0.08 0.046 0.088 0.044 0.073 0.07 0.079 0.078 0.124 0.063;0.037 0.056 0.08 0.044 0.079 0.039 0.046 0.077 0.046 0.073 0.078 0.088 0.124 0.07 0.063;
0.044 0.05 0.08 0.048 0.085 0.045 0.053 0.075 0.037 0.092 0.063 0.068 0.118 0.088 0.054;0.044 0.05 0.045 0.053 0.075 0.08 0.048 0.085 0.037 0.092 0.063 0.068 0.088 0.118 0.054;0.044 0.045 0.08 0.037 0.068 0.05 0.053 0.075 0.048 0.092 0.088 0.085 0.118 0.063 0.054;
0.048 0.046 0.083 0.047 0.084 0.038 0.056 0.078 0.038 0.077 0.069 0.074 0.105 0.081 0.076;0.048 0.046 0.038 0.056 0.078 0.083 0.047 0.084 0.038 0.077 0.069 0.074 0.081 0.105 0.076;0.048 0.038 0.083 0.038 0.074 0.046 0.056 0.078 0.047 0.077 0.081 0.084 0.105 0.069 0.076;
0.045 0.037 0.092 0.054 0.089 0.044 0.054 0.058 0.034 0.087 0.077 0.082 0.107 0.077 0.063;0.045 0.037 0.044 0.054 0.058 0.092 0.054 0.089 0.034 0.087 0.077 0.082 0.077 0.107 0.063;0.045 0.044 0.092 0.034 0.082 0.037 0.054 0.058 0.054 0.087 0.077 0.089 0.107 0.077 0.063;
0.043 0.049 0.09 0.05 0.095 0.033 0.057 0.074 0.041 0.083 0.063 0.076 0.104 0.073 0.069;0.043 0.049 0.033 0.057 0.074 0.09 0.05 0.095 0.041 0.083 0.063 0.076 0.073 0.104 0.069;0.043 0.033 0.09 0.041 0.076 0.049 0.057 0.074 0.05 0.083 0.073 0.095 0.104 0.063 0.069;
0.053 0.046 0.072 0.064 0.088 0.04 0.043 0.064 0.044 0.083 0.061 0.075 0.114 0.081 0.072;0.053 0.046 0.04 0.043 0.064 0.072 0.064 0.088 0.044 0.083 0.061 0.075 0.081 0.114 0.072;0.053 0.04 0.072 0.044 0.075 0.046 0.043 0.064 0.064 0.083 0.081 0.088 0.114 0.061 0.072;
0.031 0.048 0.112 0.05 0.077 0.037 0.051 0.075 0.04 0.073 0.083 0.065 0.093 0.097 0.068;0.031 0.048 0.037 0.051 0.075 0.112 0.05 0.077 0.04 0.073 0.083 0.065 0.097 0.093 0.068;0.031 0.037 0.112 0.04 0.065 0.048 0.051 0.075 0.05 0.073 0.097 0.077 0.093 0.083 0.068;
0.044 0.046 0.083 0.039 0.082 0.04 0.05 0.07 0.04 0.075 0.083 0.075 0.114 0.087 0.072;0.044 0.046 0.04 0.05 0.07 0.083 0.039 0.082 0.04 0.075 0.083 0.075 0.087 0.114 0.072;0.044 0.04 0.083 0.04 0.075 0.046 0.05 0.07 0.039 0.075 0.087 0.082 0.114 0.083 0.072;
0.049 0.043 0.069 0.052 0.08 0.055 0.065 0.07 0.03 0.089 0.06 0.071 0.108 0.098 0.061;0.049 0.043 0.055 0.065 0.07 0.069 0.052 0.08 0.03 0.089 0.06 0.071 0.098 0.108 0.061;0.049 0.055 0.069 0.03 0.071 0.043 0.065 0.07 0.052 0.089 0.098 0.08 0.108 0.06 0.061;
0.034 0.046 0.082 0.052 0.077 0.05 0.067 0.081 0.047 0.087 0.066 0.068 0.103 0.082 0.058;0.034 0.046 0.05 0.067 0.081 0.082 0.052 0.077 0.047 0.087 0.066 0.068 0.082 0.103 0.058;0.034 0.05 0.082 0.047 0.068 0.046 0.067 0.081 0.052 0.087 0.082 0.077 0.103 0.066 0.058;
0.039 0.057 0.093 0.045 0.087 0.043 0.064 0.064 0.036 0.082 0.077 0.065 0.11 0.068 0.07;0.039 0.057 0.043 0.064 0.064 0.093 0.045 0.087 0.036 0.082 0.077 0.065 0.068 0.11 0.07;0.039 0.043 0.093 0.036 0.065 0.057 0.064 0.064 0.045 0.082 0.068 0.087 0.11 0.077 0.07;
0.041 0.049 0.098 0.049 0.079 0.046 0.042 0.062 0.033 0.088 0.087 0.089 0.102 0.075 0.06;0.041 0.049 0.046 0.042 0.062 0.098 0.049 0.079 0.033 0.088 0.087 0.089 0.075 0.102 0.06;0.041 0.046 0.098 0.033 0.089 0.049 0.042 0.062 0.049 0.088 0.075 0.079 0.102 0.087 0.06;
0.044 0.05 0.094 0.051 0.085 0.043 0.064 0.059 0.036 0.07 0.056 0.072 0.107 0.094 0.075;0.044 0.05 0.043 0.064 0.059 0.094 0.051 0.085 0.036 0.07 0.056 0.072 0.094 0.107 0.075;0.044 0.043 0.094 0.036 0.072 0.05 0.064 0.059 0.051 0.07 0.094 0.085 0.107 0.056 0.075;
0.041 0.034 0.084 0.058 0.079 0.064 0.049 0.062 0.051 0.069 0.056 0.075 0.114 0.096 0.068;0.041 0.034 0.064 0.049 0.062 0.084 0.058 0.079 0.051 0.069 0.056 0.075 0.096 0.114 0.068;0.041 0.064 0.084 0.051 0.075 0.034 0.049 0.062 0.058 0.069 0.096 0.079 0.114 0.056 0.068;
0.049 0.037 0.088 0.049 0.071 0.028 0.058 0.067 0.048 0.091 0.08 0.065 0.112 0.088 0.069;0.049 0.037 0.028 0.058 0.067 0.088 0.049 0.071 0.048 0.091 0.08 0.065 0.088 0.112 0.069;0.049 0.028 0.088 0.048 0.065 0.037 0.058 0.067 0.049 0.091 0.088 0.071 0.112 0.08 0.069;
0.031 0.053 0.074 0.056 0.087 0.058 0.046 0.066 0.036 0.083 0.072 0.063 0.118 0.083 0.074;0.031 0.053 0.058 0.046 0.066 0.074 0.056 0.087 0.036 0.083 0.072 0.063 0.083 0.118 0.074;0.031 0.058 0.074 0.036 0.063 0.053 0.046 0.066 0.056 0.083 0.083 0.087 0.118 0.072 0.074;
0.036 0.055 0.081 0.043 0.075 0.046 0.055 0.072 0.041 0.097 0.059 0.073 0.121 0.077 0.069;0.036 0.055 0.046 0.055 0.072 0.081 0.043 0.075 0.041 0.097 0.059 0.073 0.077 0.121 0.069;0.036 0.046 0.081 0.041 0.073 0.055 0.055 0.072 0.043 0.097 0.077 0.075 0.121 0.059 0.069;
0.041 0.043 0.087 0.047 0.079 0.049 0.062 0.057 0.049 0.068 0.081 0.067 0.116 0.086 0.068;0.041 0.043 0.049 0.062 0.057 0.087 0.047 0.079 0.049 0.068 0.081 0.067 0.086 0.116 0.068;0.041 0.049 0.087 0.049 0.067 0.043 0.062 0.057 0.047 0.068 0.086 0.079 0.116 0.081 0.068;
0.043 0.037 0.069 0.049 0.087 0.046 0.068 0.067 0.038 0.085 0.075 0.064 0.126 0.091 0.055;0.043 0.037 0.046 0.068 0.067 0.069 0.049 0.087 0.038 0.085 0.075 0.064 0.091 0.126 0.055;0.043 0.046 0.069 0.038 0.064 0.037 0.068 0.067 0.049 0.085 0.091 0.087 0.126 0.075 0.055];