pntP=[0.174 0.116 0.087 0.116 0.068 0.111 0.023 0.042 0.017 0.07 0.029 0.03 0.022 0.074 0.021;0.174 0.116 0.111 0.023 0.042 0.087 0.116 0.068 0.017 0.07 0.029 0.03 0.074 0.022 0.021;0.174 0.111 0.087 0.017 0.03 0.116 0.023 0.042 0.116 0.07 0.074 0.068 0.022 0.029 0.021;
0.173 0.098 0.06 0.122 0.093 0.09 0.026 0.036 0.033 0.079 0.026 0.031 0.03 0.076 0.027;0.173 0.098 0.09 0.026 0.036 0.06 0.122 0.093 0.033 0.079 0.026 0.031 0.076 0.03 0.027;0.173 0.09 0.06 0.033 0.031 0.098 0.026 0.036 0.122 0.079 0.076 0.093 0.03 0.026 0.027;
0.173 0.103 0.062 0.125 0.09 0.102 0.02 0.042 0.023 0.07 0.025 0.038 0.029 0.074 0.024;0.173 0.103 0.102 0.02 0.042 0.062 0.125 0.09 0.023 0.07 0.025 0.038 0.074 0.029 0.024;0.173 0.102 0.062 0.023 0.038 0.103 0.02 0.042 0.125 0.07 0.074 0.09 0.029 0.025 0.024;
0.167 0.119 0.075 0.106 0.073 0.12 0.028 0.053 0.018 0.07 0.025 0.027 0.029 0.068 0.022;0.167 0.119 0.12 0.028 0.053 0.075 0.106 0.073 0.018 0.07 0.025 0.027 0.068 0.029 0.022;0.167 0.12 0.075 0.018 0.027 0.119 0.028 0.053 0.106 0.07 0.068 0.073 0.029 0.025 0.022;
0.188 0.09 0.072 0.099 0.082 0.106 0.026 0.039 0.028 0.075 0.033 0.035 0.022 0.079 0.026;0.188 0.09 0.106 0.026 0.039 0.072 0.099 0.082 0.028 0.075 0.033 0.035 0.079 0.022 0.026;0.188 0.106 0.072 0.028 0.035 0.09 0.026 0.039 0.099 0.075 0.079 0.082 0.022 0.033 0.026;
0.2 0.114 0.06 0.109 0.075 0.112 0.025 0.037 0.017 0.08 0.023 0.025 0.028 0.069 0.026;0.2 0.114 0.112 0.025 0.037 0.06 0.109 0.075 0.017 0.08 0.023 0.025 0.069 0.028 0.026;0.2 0.112 0.06 0.017 0.025 0.114 0.025 0.037 0.109 0.08 0.069 0.075 0.028 0.023 0.026;
0.18 0.114 0.062 0.099 0.078 0.126 0.022 0.036 0.022 0.07 0.041 0.037 0.023 0.067 0.023;0.18 0.114 0.126 0.022 0.036 0.062 0.099 0.078 0.022 0.07 0.041 0.037 0.067 0.023 0.023;0.18 0.126 0.062 0.022 0.037 0.114 0.022 0.036 0.099 0.07 0.067 0.078 0.023 0.041 0.023;
0.188 0.106 0.056 0.116 0.079 0.093 0.022 0.034 0.02 0.075 0.042 0.032 0.028 0.084 0.025;0.188 0.106 0.093 0.022 0.034 0.056 0.116 0.079 0.02 0.075 0.042 0.032 0.084 0.028 0.025;0.188 0.093 0.056 0.02 0.032 0.106 0.022 0.034 0.116 0.075 0.084 0.079 0.028 0.042 0.025;
0.172 0.107 0.079 0.112 0.072 0.11 0.016 0.042 0.025 0.071 0.024 0.036 0.035 0.075 0.024;0.172 0.107 0.11 0.016 0.042 0.079 0.112 0.072 0.025 0.071 0.024 0.036 0.075 0.035 0.024;0.172 0.11 0.079 0.025 0.036 0.107 0.016 0.042 0.112 0.071 0.075 0.072 0.035 0.024 0.024;
0.18 0.114 0.071 0.125 0.067 0.117 0.024 0.047 0.026 0.05 0.034 0.04 0.024 0.062 0.019;0.18 0.114 0.117 0.024 0.047 0.071 0.125 0.067 0.026 0.05 0.034 0.04 0.062 0.024 0.019;0.18 0.117 0.071 0.026 0.04 0.114 0.024 0.047 0.125 0.05 0.062 0.067 0.024 0.034 0.019;
0.185 0.101 0.08 0.125 0.064 0.113 0.016 0.041 0.016 0.061 0.037 0.037 0.031 0.071 0.022;0.185 0.101 0.113 0.016 0.041 0.08 0.125 0.064 0.016 0.061 0.037 0.037 0.071 0.031 0.022;0.185 0.113 0.08 0.016 0.037 0.101 0.016 0.041 0.125 0.061 0.071 0.064 0.031 0.037 0.022;
0.186 0.092 0.08 0.118 0.085 0.103 0.024 0.044 0.021 0.063 0.038 0.036 0.026 0.063 0.021;0.186 0.092 0.103 0.024 0.044 0.08 0.118 0.085 0.021 0.063 0.038 0.036 0.063 0.026 0.021;0.186 0.103 0.08 0.021 0.036 0.092 0.024 0.044 0.118 0.063 0.063 0.085 0.026 0.038 0.021;
0.181 0.108 0.065 0.129 0.07 0.117 0.031 0.052 0.017 0.059 0.034 0.032 0.021 0.066 0.018;0.181 0.108 0.117 0.031 0.052 0.065 0.129 0.07 0.017 0.059 0.034 0.032 0.066 0.021 0.018;0.181 0.117 0.065 0.017 0.032 0.108 0.031 0.052 0.129 0.059 0.066 0.07 0.021 0.034 0.018;
0.195 0.101 0.081 0.107 0.077 0.106 0.022 0.043 0.03 0.065 0.024 0.025 0.026 0.076 0.022;0.195 0.101 0.106 0.022 0.043 0.081 0.107 0.077 0.03 0.065 0.024 0.025 0.076 0.026 0.022;0.195 0.106 0.081 0.03 0.025 0.101 0.022 0.043 0.107 0.065 0.076 0.077 0.026 0.024 0.022;
0.185 0.104 0.083 0.12 0.068 0.101 0.023 0.043 0.027 0.073 0.027 0.038 0.028 0.055 0.025;0.185 0.104 0.101 0.023 0.043 0.083 0.12 0.068 0.027 0.073 0.027 0.038 0.055 0.028 0.025;0.185 0.101 0.083 0.027 0.038 0.104 0.023 0.043 0.12 0.073 0.055 0.068 0.028 0.027 0.025;
0.188 0.101 0.069 0.116 0.066 0.117 0.024 0.04 0.017 0.059 0.026 0.032 0.032 0.087 0.026;0.188 0.101 0.117 0.024 0.04 0.069 0.116 0.066 0.017 0.059 0.026 0.032 0.087 0.032 0.026;0.188 0.117 0.069 0.017 0.032 0.101 0.024 0.04 0.116 0.059 0.087 0.066 0.032 0.026 0.026;
0.189 0.078 0.062 0.116 0.076 0.115 0.03 0.056 0.021 0.062 0.029 0.036 0.038 0.071 0.021;0.189 0.078 0.115 0.03 0.056 0.062 0.116 0.076 0.021 0.062 0.029 0.036 0.071 0.038 0.021;0.189 0.115 0.062 0.021 0.036 0.078 0.03 0.056 0.116 0.062 0.071 0.076 0.038 0.029 0.021;
0.186 0.103 0.06 0.112 0.083 0.116 0.031 0.046 0.011 0.074 0.023 0.046 0.016 0.071 0.022;0.186 0.103 0.116 0.031 0.046 0.06 0.112 0.083 0.011 0.074 0.023 0.046 0.071 0.016 0.022;0.186 0.116 0.06 0.011 0.046 0.103 0.031 0.046 0.112 0.074 0.071 0.083 0.016 0.023 0.022;
0.179 0.11 0.07 0.116 0.08 0.108 0.028 0.043 0.027 0.063 0.026 0.036 0.023 0.075 0.016;0.179 0.11 0.108 0.028 0.043 0.07 0.116 0.08 0.027 0.063 0.026 0.036 0.075 0.023 0.016;0.179 0.108 0.07 0.027 0.036 0.11 0.028 0.043 0.116 0.063 0.075 0.08 0.023 0.026 0.016;
0.192 0.098 0.05 0.117 0.083 0.122 0.02 0.045 0.025 0.074 0.028 0.03 0.026 0.066 0.024;0.192 0.098 0.122 0.02 0.045 0.05 0.117 0.083 0.025 0.074 0.028 0.03 0.066 0.026 0.024;0.192 0.122 0.05 0.025 0.03 0.098 0.02 0.045 0.117 0.074 0.066 0.083 0.026 0.028 0.024;
0.177 0.1 0.073 0.118 0.079 0.103 0.021 0.041 0.019 0.076 0.033 0.035 0.036 0.069 0.02;0.177 0.1 0.103 0.021 0.041 0.073 0.118 0.079 0.019 0.076 0.033 0.035 0.069 0.036 0.02;0.177 0.103 0.073 0.019 0.035 0.1 0.021 0.041 0.118 0.076 0.069 0.079 0.036 0.033 0.02;
0.17 0.084 0.074 0.13 0.075 0.106 0.017 0.055 0.018 0.089 0.029 0.032 0.023 0.065 0.033;0.17 0.084 0.106 0.017 0.055 0.074 0.13 0.075 0.018 0.089 0.029 0.032 0.065 0.023 0.033;0.17 0.106 0.074 0.018 0.032 0.084 0.017 0.055 0.13 0.089 0.065 0.075 0.023 0.029 0.033;
0.159 0.099 0.067 0.12 0.069 0.115 0.033 0.048 0.026 0.076 0.026 0.034 0.035 0.073 0.02;0.159 0.099 0.115 0.033 0.048 0.067 0.12 0.069 0.026 0.076 0.026 0.034 0.073 0.035 0.02;0.159 0.115 0.067 0.026 0.034 0.099 0.033 0.048 0.12 0.076 0.073 0.069 0.035 0.026 0.02;
0.18 0.099 0.086 0.113 0.078 0.107 0.02 0.042 0.021 0.056 0.037 0.036 0.03 0.069 0.026;0.18 0.099 0.107 0.02 0.042 0.086 0.113 0.078 0.021 0.056 0.037 0.036 0.069 0.03 0.026;0.18 0.107 0.086 0.021 0.036 0.099 0.02 0.042 0.113 0.056 0.069 0.078 0.03 0.037 0.026;
0.197 0.104 0.07 0.118 0.074 0.115 0.025 0.043 0.021 0.069 0.022 0.032 0.016 0.072 0.022;0.197 0.104 0.115 0.025 0.043 0.07 0.118 0.074 0.021 0.069 0.022 0.032 0.072 0.016 0.022;0.197 0.115 0.07 0.021 0.032 0.104 0.025 0.043 0.118 0.069 0.072 0.074 0.016 0.022 0.022;
0.171 0.103 0.072 0.111 0.076 0.099 0.028 0.049 0.016 0.067 0.032 0.037 0.029 0.08 0.03;0.171 0.103 0.099 0.028 0.049 0.072 0.111 0.076 0.016 0.067 0.032 0.037 0.08 0.029 0.03;0.171 0.099 0.072 0.016 0.037 0.103 0.028 0.049 0.111 0.067 0.08 0.076 0.029 0.032 0.03;
0.166 0.1 0.068 0.109 0.082 0.11 0.027 0.045 0.026 0.075 0.032 0.034 0.02 0.083 0.023;0.166 0.1 0.11 0.027 0.045 0.068 0.109 0.082 0.026 0.075 0.032 0.034 0.083 0.02 0.023;0.166 0.11 0.068 0.026 0.034 0.1 0.027 0.045 0.109 0.075 0.083 0.082 0.02 0.032 0.023;
0.188 0.105 0.068 0.132 0.083 0.094 0.028 0.052 0.019 0.053 0.032 0.028 0.018 0.074 0.026;0.188 0.105 0.094 0.028 0.052 0.068 0.132 0.083 0.019 0.053 0.032 0.028 0.074 0.018 0.026;0.188 0.094 0.068 0.019 0.028 0.105 0.028 0.052 0.132 0.053 0.074 0.083 0.018 0.032 0.026;
0.175 0.098 0.074 0.121 0.065 0.099 0.024 0.046 0.017 0.075 0.036 0.035 0.028 0.076 0.031;0.175 0.098 0.099 0.024 0.046 0.074 0.121 0.065 0.017 0.075 0.036 0.035 0.076 0.028 0.031;0.175 0.099 0.074 0.017 0.035 0.098 0.024 0.046 0.121 0.075 0.076 0.065 0.028 0.036 0.031;
0.175 0.097 0.066 0.127 0.076 0.107 0.015 0.034 0.021 0.066 0.038 0.031 0.035 0.096 0.016;0.175 0.097 0.107 0.015 0.034 0.066 0.127 0.076 0.021 0.066 0.038 0.031 0.096 0.035 0.016;0.175 0.107 0.066 0.021 0.031 0.097 0.015 0.034 0.127 0.066 0.096 0.076 0.035 0.038 0.016;
0.171 0.097 0.063 0.126 0.066 0.11 0.022 0.037 0.027 0.093 0.043 0.033 0.024 0.067 0.021;0.171 0.097 0.11 0.022 0.037 0.063 0.126 0.066 0.027 0.093 0.043 0.033 0.067 0.024 0.021;0.171 0.11 0.063 0.027 0.033 0.097 0.022 0.037 0.126 0.093 0.067 0.066 0.024 0.043 0.021;
0.172 0.094 0.072 0.104 0.079 0.105 0.021 0.054 0.02 0.072 0.049 0.034 0.031 0.073 0.02;0.172 0.094 0.105 0.021 0.054 0.072 0.104 0.079 0.02 0.072 0.049 0.034 0.073 0.031 0.02;0.172 0.105 0.072 0.02 0.034 0.094 0.021 0.054 0.104 0.072 0.073 0.079 0.031 0.049 0.02;
0.174 0.127 0.066 0.105 0.072 0.094 0.03 0.051 0.025 0.065 0.039 0.033 0.021 0.072 0.026;0.174 0.127 0.094 0.03 0.051 0.066 0.105 0.072 0.025 0.065 0.039 0.033 0.072 0.021 0.026;0.174 0.094 0.066 0.025 0.033 0.127 0.03 0.051 0.105 0.065 0.072 0.072 0.021 0.039 0.026;
0.18 0.104 0.083 0.1 0.081 0.117 0.016 0.042 0.021 0.064 0.035 0.023 0.023 0.085 0.026;0.18 0.104 0.117 0.016 0.042 0.083 0.1 0.081 0.021 0.064 0.035 0.023 0.085 0.023 0.026;0.18 0.117 0.083 0.021 0.023 0.104 0.016 0.042 0.1 0.064 0.085 0.081 0.023 0.035 0.026;
0.177 0.099 0.081 0.122 0.067 0.108 0.027 0.052 0.017 0.065 0.035 0.034 0.033 0.062 0.021;0.177 0.099 0.108 0.027 0.052 0.081 0.122 0.067 0.017 0.065 0.035 0.034 0.062 0.033 0.021;0.177 0.108 0.081 0.017 0.034 0.099 0.027 0.052 0.122 0.065 0.062 0.067 0.033 0.035 0.021;
0.175 0.095 0.076 0.113 0.078 0.115 0.03 0.054 0.021 0.064 0.038 0.034 0.024 0.063 0.02;0.175 0.095 0.115 0.03 0.054 0.076 0.113 0.078 0.021 0.064 0.038 0.034 0.063 0.024 0.02;0.175 0.115 0.076 0.021 0.034 0.095 0.03 0.054 0.113 0.064 0.063 0.078 0.024 0.038 0.02;
0.192 0.101 0.072 0.105 0.084 0.101 0.032 0.049 0.022 0.048 0.03 0.025 0.042 0.076 0.021;0.192 0.101 0.101 0.032 0.049 0.072 0.105 0.084 0.022 0.048 0.03 0.025 0.076 0.042 0.021;0.192 0.101 0.072 0.022 0.025 0.101 0.032 0.049 0.105 0.048 0.076 0.084 0.042 0.03 0.021;
0.205 0.107 0.073 0.11 0.065 0.102 0.021 0.039 0.022 0.077 0.03 0.032 0.021 0.076 0.02;0.205 0.107 0.102 0.021 0.039 0.073 0.11 0.065 0.022 0.077 0.03 0.032 0.076 0.021 0.02;0.205 0.102 0.073 0.022 0.032 0.107 0.021 0.039 0.11 0.077 0.076 0.065 0.021 0.03 0.02;
0.186 0.106 0.063 0.126 0.065 0.094 0.024 0.047 0.025 0.073 0.031 0.027 0.029 0.085 0.019;0.186 0.106 0.094 0.024 0.047 0.063 0.126 0.065 0.025 0.073 0.031 0.027 0.085 0.029 0.019;0.186 0.094 0.063 0.025 0.027 0.106 0.024 0.047 0.126 0.073 0.085 0.065 0.029 0.031 0.019;
0.195 0.112 0.06 0.103 0.066 0.116 0.03 0.041 0.019 0.077 0.025 0.023 0.029 0.073 0.031;0.195 0.112 0.116 0.03 0.041 0.06 0.103 0.066 0.019 0.077 0.025 0.023 0.073 0.029 0.031;0.195 0.116 0.06 0.019 0.023 0.112 0.03 0.041 0.103 0.077 0.073 0.066 0.029 0.025 0.031;
0.187 0.119 0.061 0.11 0.073 0.105 0.024 0.044 0.021 0.065 0.044 0.03 0.028 0.069 0.02;0.187 0.119 0.105 0.024 0.044 0.061 0.11 0.073 0.021 0.065 0.044 0.03 0.069 0.028 0.02;0.187 0.105 0.061 0.021 0.03 0.119 0.024 0.044 0.11 0.065 0.069 0.073 0.028 0.044 0.02;
0.196 0.102 0.056 0.127 0.092 0.092 0.026 0.039 0.018 0.078 0.031 0.03 0.026 0.064 0.023;0.196 0.102 0.092 0.026 0.039 0.056 0.127 0.092 0.018 0.078 0.031 0.03 0.064 0.026 0.023;0.196 0.092 0.056 0.018 0.03 0.102 0.026 0.039 0.127 0.078 0.064 0.092 0.026 0.031 0.023;
0.199 0.099 0.059 0.121 0.068 0.103 0.027 0.035 0.018 0.069 0.038 0.036 0.025 0.082 0.021;0.199 0.099 0.103 0.027 0.035 0.059 0.121 0.068 0.018 0.069 0.038 0.036 0.082 0.025 0.021;0.199 0.103 0.059 0.018 0.036 0.099 0.027 0.035 0.121 0.069 0.082 0.068 0.025 0.038 0.021;
0.166 0.088 0.072 0.125 0.092 0.095 0.029 0.045 0.02 0.068 0.033 0.038 0.034 0.068 0.027;0.166 0.088 0.095 0.029 0.045 0.072 0.125 0.092 0.02 0.068 0.033 0.038 0.068 0.034 0.027;0.166 0.095 0.072 0.02 0.038 0.088 0.029 0.045 0.125 0.068 0.068 0.092 0.034 0.033 0.027;
0.186 0.093 0.081 0.113 0.063 0.133 0.025 0.046 0.024 0.059 0.018 0.033 0.031 0.08 0.015;0.186 0.093 0.133 0.025 0.046 0.081 0.113 0.063 0.024 0.059 0.018 0.033 0.08 0.031 0.015;0.186 0.133 0.081 0.024 0.033 0.093 0.025 0.046 0.113 0.059 0.08 0.063 0.031 0.018 0.015;
0.18 0.104 0.063 0.13 0.065 0.109 0.025 0.038 0.02 0.074 0.028 0.03 0.02 0.089 0.025;0.18 0.104 0.109 0.025 0.038 0.063 0.13 0.065 0.02 0.074 0.028 0.03 0.089 0.02 0.025;0.18 0.109 0.063 0.02 0.03 0.104 0.025 0.038 0.13 0.074 0.089 0.065 0.02 0.028 0.025;
0.171 0.111 0.067 0.109 0.088 0.116 0.03 0.033 0.023 0.078 0.034 0.027 0.029 0.07 0.014;0.171 0.111 0.116 0.03 0.033 0.067 0.109 0.088 0.023 0.078 0.034 0.027 0.07 0.029 0.014;0.171 0.116 0.067 0.023 0.027 0.111 0.03 0.033 0.109 0.078 0.07 0.088 0.029 0.034 0.014;
0.196 0.105 0.075 0.11 0.069 0.101 0.022 0.039 0.024 0.083 0.035 0.034 0.018 0.072 0.017;0.196 0.105 0.101 0.022 0.039 0.075 0.11 0.069 0.024 0.083 0.035 0.034 0.072 0.018 0.017;0.196 0.101 0.075 0.024 0.034 0.105 0.022 0.039 0.11 0.083 0.072 0.069 0.018 0.035 0.017;
0.176 0.096 0.075 0.097 0.076 0.105 0.035 0.034 0.026 0.068 0.035 0.023 0.048 0.095 0.011;0.176 0.096 0.105 0.035 0.034 0.075 0.097 0.076 0.026 0.068 0.035 0.023 0.095 0.048 0.011;0.176 0.105 0.075 0.026 0.023 0.096 0.035 0.034 0.097 0.068 0.095 0.076 0.048 0.035 0.011;
0.196 0.096 0.069 0.112 0.068 0.104 0.027 0.037 0.026 0.075 0.033 0.04 0.023 0.071 0.023;0.196 0.096 0.104 0.027 0.037 0.069 0.112 0.068 0.026 0.075 0.033 0.04 0.071 0.023 0.023;0.196 0.104 0.069 0.026 0.04 0.096 0.027 0.037 0.112 0.075 0.071 0.068 0.023 0.033 0.023;
0.181 0.104 0.057 0.108 0.078 0.107 0.02 0.045 0.017 0.083 0.037 0.028 0.025 0.082 0.028;0.181 0.104 0.107 0.02 0.045 0.057 0.108 0.078 0.017 0.083 0.037 0.028 0.082 0.025 0.028;0.181 0.107 0.057 0.017 0.028 0.104 0.02 0.045 0.108 0.083 0.082 0.078 0.025 0.037 0.028;
0.213 0.108 0.078 0.107 0.063 0.088 0.019 0.046 0.024 0.058 0.03 0.039 0.032 0.069 0.026;0.213 0.108 0.088 0.019 0.046 0.078 0.107 0.063 0.024 0.058 0.03 0.039 0.069 0.032 0.026;0.213 0.088 0.078 0.024 0.039 0.108 0.019 0.046 0.107 0.058 0.069 0.063 0.032 0.03 0.026;
0.172 0.119 0.073 0.103 0.074 0.092 0.022 0.046 0.03 0.055 0.039 0.042 0.031 0.08 0.022;0.172 0.119 0.092 0.022 0.046 0.073 0.103 0.074 0.03 0.055 0.039 0.042 0.08 0.031 0.022;0.172 0.092 0.073 0.03 0.042 0.119 0.022 0.046 0.103 0.055 0.08 0.074 0.031 0.039 0.022;
0.177 0.097 0.056 0.112 0.074 0.118 0.03 0.044 0.025 0.074 0.026 0.036 0.02 0.086 0.025;0.177 0.097 0.118 0.03 0.044 0.056 0.112 0.074 0.025 0.074 0.026 0.036 0.086 0.02 0.025;0.177 0.118 0.056 0.025 0.036 0.097 0.03 0.044 0.112 0.074 0.086 0.074 0.02 0.026 0.025;
0.192 0.104 0.063 0.111 0.075 0.099 0.026 0.029 0.023 0.08 0.027 0.029 0.026 0.075 0.041;0.192 0.104 0.099 0.026 0.029 0.063 0.111 0.075 0.023 0.08 0.027 0.029 0.075 0.026 0.041;0.192 0.099 0.063 0.023 0.029 0.104 0.026 0.029 0.111 0.08 0.075 0.075 0.026 0.027 0.041;
0.186 0.111 0.066 0.118 0.07 0.104 0.017 0.041 0.023 0.068 0.039 0.036 0.03 0.069 0.022;0.186 0.111 0.104 0.017 0.041 0.066 0.118 0.07 0.023 0.068 0.039 0.036 0.069 0.03 0.022;0.186 0.104 0.066 0.023 0.036 0.111 0.017 0.041 0.118 0.068 0.069 0.07 0.03 0.039 0.022;
0.188 0.11 0.066 0.103 0.074 0.117 0.027 0.037 0.026 0.065 0.037 0.035 0.029 0.065 0.021;0.188 0.11 0.117 0.027 0.037 0.066 0.103 0.074 0.026 0.065 0.037 0.035 0.065 0.029 0.021;0.188 0.117 0.066 0.026 0.035 0.11 0.027 0.037 0.103 0.065 0.065 0.074 0.029 0.037 0.021;
0.181 0.102 0.076 0.108 0.082 0.088 0.021 0.047 0.022 0.066 0.048 0.037 0.03 0.07 0.022;0.181 0.102 0.088 0.021 0.047 0.076 0.108 0.082 0.022 0.066 0.048 0.037 0.07 0.03 0.022;0.181 0.088 0.076 0.022 0.037 0.102 0.021 0.047 0.108 0.066 0.07 0.082 0.03 0.048 0.022;
0.179 0.102 0.068 0.103 0.085 0.117 0.02 0.045 0.027 0.07 0.027 0.047 0.033 0.057 0.02;0.179 0.102 0.117 0.02 0.045 0.068 0.103 0.085 0.027 0.07 0.027 0.047 0.057 0.033 0.02;0.179 0.117 0.068 0.027 0.047 0.102 0.02 0.045 0.103 0.07 0.057 0.085 0.033 0.027 0.02;
0.176 0.093 0.071 0.131 0.071 0.114 0.024 0.043 0.018 0.066 0.037 0.03 0.023 0.066 0.037;0.176 0.093 0.114 0.024 0.043 0.071 0.131 0.071 0.018 0.066 0.037 0.03 0.066 0.023 0.037;0.176 0.114 0.071 0.018 0.03 0.093 0.024 0.043 0.131 0.066 0.066 0.071 0.023 0.037 0.037;
0.17 0.113 0.088 0.092 0.074 0.115 0.023 0.036 0.024 0.067 0.04 0.025 0.033 0.075 0.025;0.17 0.113 0.115 0.023 0.036 0.088 0.092 0.074 0.024 0.067 0.04 0.025 0.075 0.033 0.025;0.17 0.115 0.088 0.024 0.025 0.113 0.023 0.036 0.092 0.067 0.075 0.074 0.033 0.04 0.025;
0.189 0.111 0.054 0.129 0.07 0.097 0.028 0.053 0.019 0.07 0.034 0.032 0.027 0.062 0.025;0.189 0.111 0.097 0.028 0.053 0.054 0.129 0.07 0.019 0.07 0.034 0.032 0.062 0.027 0.025;0.189 0.097 0.054 0.019 0.032 0.111 0.028 0.053 0.129 0.07 0.062 0.07 0.027 0.034 0.025;
0.185 0.098 0.064 0.104 0.06 0.108 0.027 0.054 0.021 0.074 0.027 0.034 0.03 0.089 0.025;0.185 0.098 0.108 0.027 0.054 0.064 0.104 0.06 0.021 0.074 0.027 0.034 0.089 0.03 0.025;0.185 0.108 0.064 0.021 0.034 0.098 0.027 0.054 0.104 0.074 0.089 0.06 0.03 0.027 0.025;
0.204 0.103 0.068 0.123 0.067 0.112 0.015 0.043 0.019 0.06 0.036 0.03 0.018 0.085 0.017;0.204 0.103 0.112 0.015 0.043 0.068 0.123 0.067 0.019 0.06 0.036 0.03 0.085 0.018 0.017;0.204 0.112 0.068 0.019 0.03 0.103 0.015 0.043 0.123 0.06 0.085 0.067 0.018 0.036 0.017;
0.168 0.12 0.075 0.109 0.076 0.11 0.023 0.051 0.019 0.07 0.03 0.032 0.031 0.074 0.012;0.168 0.12 0.11 0.023 0.051 0.075 0.109 0.076 0.019 0.07 0.03 0.032 0.074 0.031 0.012;0.168 0.11 0.075 0.019 0.032 0.12 0.023 0.051 0.109 0.07 0.074 0.076 0.031 0.03 0.012;
0.181 0.104 0.075 0.093 0.075 0.103 0.026 0.049 0.021 0.084 0.034 0.029 0.033 0.071 0.022;0.181 0.104 0.103 0.026 0.049 0.075 0.093 0.075 0.021 0.084 0.034 0.029 0.071 0.033 0.022;0.181 0.103 0.075 0.021 0.029 0.104 0.026 0.049 0.093 0.084 0.071 0.075 0.033 0.034 0.022;
0.202 0.101 0.066 0.104 0.072 0.092 0.027 0.05 0.026 0.074 0.034 0.029 0.019 0.081 0.023;0.202 0.101 0.092 0.027 0.05 0.066 0.104 0.072 0.026 0.074 0.034 0.029 0.081 0.019 0.023;0.202 0.092 0.066 0.026 0.029 0.101 0.027 0.05 0.104 0.074 0.081 0.072 0.019 0.034 0.023;
0.191 0.101 0.061 0.114 0.064 0.1 0.023 0.048 0.023 0.08 0.032 0.035 0.028 0.076 0.024;0.191 0.101 0.1 0.023 0.048 0.061 0.114 0.064 0.023 0.08 0.032 0.035 0.076 0.028 0.024;0.191 0.1 0.061 0.023 0.035 0.101 0.023 0.048 0.114 0.08 0.076 0.064 0.028 0.032 0.024;
0.158 0.108 0.092 0.11 0.066 0.095 0.036 0.046 0.024 0.077 0.028 0.022 0.027 0.089 0.022;0.158 0.108 0.095 0.036 0.046 0.092 0.11 0.066 0.024 0.077 0.028 0.022 0.089 0.027 0.022;0.158 0.095 0.092 0.024 0.022 0.108 0.036 0.046 0.11 0.077 0.089 0.066 0.027 0.028 0.022;
0.179 0.103 0.069 0.118 0.084 0.102 0.023 0.044 0.021 0.069 0.026 0.033 0.028 0.074 0.027;0.179 0.103 0.102 0.023 0.044 0.069 0.118 0.084 0.021 0.069 0.026 0.033 0.074 0.028 0.027;0.179 0.102 0.069 0.021 0.033 0.103 0.023 0.044 0.118 0.069 0.074 0.084 0.028 0.026 0.027;
0.196 0.114 0.071 0.112 0.062 0.115 0.015 0.036 0.02 0.075 0.028 0.032 0.027 0.081 0.016;0.196 0.114 0.115 0.015 0.036 0.071 0.112 0.062 0.02 0.075 0.028 0.032 0.081 0.027 0.016;0.196 0.115 0.071 0.02 0.032 0.114 0.015 0.036 0.112 0.075 0.081 0.062 0.027 0.028 0.016;
0.187 0.113 0.068 0.119 0.062 0.101 0.019 0.04 0.022 0.07 0.029 0.039 0.03 0.074 0.027;0.187 0.113 0.101 0.019 0.04 0.068 0.119 0.062 0.022 0.07 0.029 0.039 0.074 0.03 0.027;0.187 0.101 0.068 0.022 0.039 0.113 0.019 0.04 0.119 0.07 0.074 0.062 0.03 0.029 0.027;
0.199 0.105 0.065 0.114 0.074 0.107 0.02 0.043 0.017 0.066 0.034 0.03 0.031 0.063 0.032;0.199 0.105 0.107 0.02 0.043 0.065 0.114 0.074 0.017 0.066 0.034 0.03 0.063 0.031 0.032;0.199 0.107 0.065 0.017 0.03 0.105 0.02 0.043 0.114 0.066 0.063 0.074 0.031 0.034 0.032;
0.178 0.097 0.069 0.118 0.08 0.111 0.025 0.045 0.016 0.06 0.036 0.042 0.033 0.064 0.026;0.178 0.097 0.111 0.025 0.045 0.069 0.118 0.08 0.016 0.06 0.036 0.042 0.064 0.033 0.026;0.178 0.111 0.069 0.016 0.042 0.097 0.025 0.045 0.118 0.06 0.064 0.08 0.033 0.036 0.026;
0.201 0.102 0.071 0.13 0.062 0.105 0.019 0.044 0.017 0.078 0.02 0.027 0.03 0.076 0.018;0.201 0.102 0.105 0.019 0.044 0.071 0.13 0.062 0.017 0.078 0.02 0.027 0.076 0.03 0.018;0.201 0.105 0.071 0.017 0.027 0.102 0.019 0.044 0.13 0.078 0.076 0.062 0.03 0.02 0.018;
0.196 0.105 0.064 0.098 0.07 0.114 0.024 0.044 0.022 0.057 0.042 0.033 0.031 0.08 0.02;0.196 0.105 0.114 0.024 0.044 0.064 0.098 0.07 0.022 0.057 0.042 0.033 0.08 0.031 0.02;0.196 0.114 0.064 0.022 0.033 0.105 0.024 0.044 0.098 0.057 0.08 0.07 0.031 0.042 0.02;
0.178 0.106 0.064 0.121 0.083 0.1 0.036 0.043 0.026 0.064 0.033 0.031 0.025 0.069 0.021;0.178 0.106 0.1 0.036 0.043 0.064 0.121 0.083 0.026 0.064 0.033 0.031 0.069 0.025 0.021;0.178 0.1 0.064 0.026 0.031 0.106 0.036 0.043 0.121 0.064 0.069 0.083 0.025 0.033 0.021;
0.18 0.097 0.076 0.109 0.078 0.106 0.043 0.054 0.016 0.064 0.027 0.034 0.026 0.065 0.025;0.18 0.097 0.106 0.043 0.054 0.076 0.109 0.078 0.016 0.064 0.027 0.034 0.065 0.026 0.025;0.18 0.106 0.076 0.016 0.034 0.097 0.043 0.054 0.109 0.064 0.065 0.078 0.026 0.027 0.025;
0.186 0.108 0.059 0.115 0.06 0.115 0.025 0.056 0.025 0.058 0.035 0.03 0.025 0.079 0.024;0.186 0.108 0.115 0.025 0.056 0.059 0.115 0.06 0.025 0.058 0.035 0.03 0.079 0.025 0.024;0.186 0.115 0.059 0.025 0.03 0.108 0.025 0.056 0.115 0.058 0.079 0.06 0.025 0.035 0.024;
0.18 0.1 0.058 0.126 0.077 0.097 0.025 0.042 0.026 0.06 0.047 0.035 0.028 0.069 0.03;0.18 0.1 0.097 0.025 0.042 0.058 0.126 0.077 0.026 0.06 0.047 0.035 0.069 0.028 0.03;0.18 0.097 0.058 0.026 0.035 0.1 0.025 0.042 0.126 0.06 0.069 0.077 0.028 0.047 0.03;
0.158 0.113 0.069 0.131 0.076 0.116 0.015 0.042 0.019 0.076 0.036 0.037 0.029 0.068 0.015;0.158 0.113 0.116 0.015 0.042 0.069 0.131 0.076 0.019 0.076 0.036 0.037 0.068 0.029 0.015;0.158 0.116 0.069 0.019 0.037 0.113 0.015 0.042 0.131 0.076 0.068 0.076 0.029 0.036 0.015;
0.189 0.104 0.079 0.11 0.074 0.107 0.026 0.043 0.026 0.068 0.039 0.025 0.02 0.07 0.02;0.189 0.104 0.107 0.026 0.043 0.079 0.11 0.074 0.026 0.068 0.039 0.025 0.07 0.02 0.02;0.189 0.107 0.079 0.026 0.025 0.104 0.026 0.043 0.11 0.068 0.07 0.074 0.02 0.039 0.02;
0.139 0.111 0.076 0.132 0.071 0.115 0.024 0.046 0.025 0.06 0.042 0.04 0.029 0.072 0.018;0.139 0.111 0.115 0.024 0.046 0.076 0.132 0.071 0.025 0.06 0.042 0.04 0.072 0.029 0.018;0.139 0.115 0.076 0.025 0.04 0.111 0.024 0.046 0.132 0.06 0.072 0.071 0.029 0.042 0.018;
0.165 0.118 0.076 0.103 0.075 0.1 0.027 0.043 0.02 0.069 0.036 0.031 0.044 0.068 0.025;0.165 0.118 0.1 0.027 0.043 0.076 0.103 0.075 0.02 0.069 0.036 0.031 0.068 0.044 0.025;0.165 0.1 0.076 0.02 0.031 0.118 0.027 0.043 0.103 0.069 0.068 0.075 0.044 0.036 0.025;
0.179 0.107 0.066 0.137 0.065 0.105 0.021 0.043 0.023 0.062 0.036 0.032 0.031 0.067 0.026;0.179 0.107 0.105 0.021 0.043 0.066 0.137 0.065 0.023 0.062 0.036 0.032 0.067 0.031 0.026;0.179 0.105 0.066 0.023 0.032 0.107 0.021 0.043 0.137 0.062 0.067 0.065 0.031 0.036 0.026;
0.191 0.108 0.058 0.104 0.08 0.099 0.032 0.031 0.028 0.06 0.038 0.04 0.03 0.087 0.014;0.191 0.108 0.099 0.032 0.031 0.058 0.104 0.08 0.028 0.06 0.038 0.04 0.087 0.03 0.014;0.191 0.099 0.058 0.028 0.04 0.108 0.032 0.031 0.104 0.06 0.087 0.08 0.03 0.038 0.014;
0.186 0.098 0.057 0.113 0.076 0.124 0.025 0.037 0.023 0.079 0.031 0.025 0.025 0.082 0.019;0.186 0.098 0.124 0.025 0.037 0.057 0.113 0.076 0.023 0.079 0.031 0.025 0.082 0.025 0.019;0.186 0.124 0.057 0.023 0.025 0.098 0.025 0.037 0.113 0.079 0.082 0.076 0.025 0.031 0.019;
0.191 0.101 0.07 0.108 0.072 0.097 0.035 0.044 0.024 0.074 0.052 0.026 0.025 0.061 0.02;0.191 0.101 0.097 0.035 0.044 0.07 0.108 0.072 0.024 0.074 0.052 0.026 0.061 0.025 0.02;0.191 0.097 0.07 0.024 0.026 0.101 0.035 0.044 0.108 0.074 0.061 0.072 0.025 0.052 0.02;
0.197 0.102 0.062 0.129 0.069 0.091 0.03 0.041 0.025 0.07 0.038 0.029 0.019 0.075 0.023;0.197 0.102 0.091 0.03 0.041 0.062 0.129 0.069 0.025 0.07 0.038 0.029 0.075 0.019 0.023;0.197 0.091 0.062 0.025 0.029 0.102 0.03 0.041 0.129 0.07 0.075 0.069 0.019 0.038 0.023;
0.179 0.098 0.082 0.132 0.078 0.108 0.023 0.049 0.019 0.073 0.022 0.035 0.019 0.065 0.018;0.179 0.098 0.108 0.023 0.049 0.082 0.132 0.078 0.019 0.073 0.022 0.035 0.065 0.019 0.018;0.179 0.108 0.082 0.019 0.035 0.098 0.023 0.049 0.132 0.073 0.065 0.078 0.019 0.022 0.018;
0.179 0.101 0.079 0.115 0.074 0.095 0.021 0.045 0.022 0.068 0.047 0.023 0.031 0.07 0.03;0.179 0.101 0.095 0.021 0.045 0.079 0.115 0.074 0.022 0.068 0.047 0.023 0.07 0.031 0.03;0.179 0.095 0.079 0.022 0.023 0.101 0.021 0.045 0.115 0.068 0.07 0.074 0.031 0.047 0.03;
0.19 0.092 0.071 0.109 0.083 0.102 0.024 0.057 0.022 0.07 0.034 0.035 0.028 0.064 0.019;0.19 0.092 0.102 0.024 0.057 0.071 0.109 0.083 0.022 0.07 0.034 0.035 0.064 0.028 0.019;0.19 0.102 0.071 0.022 0.035 0.092 0.024 0.057 0.109 0.07 0.064 0.083 0.028 0.034 0.019;
0.164 0.105 0.069 0.121 0.077 0.119 0.028 0.045 0.029 0.067 0.032 0.039 0.018 0.059 0.028;0.164 0.105 0.119 0.028 0.045 0.069 0.121 0.077 0.029 0.067 0.032 0.039 0.059 0.018 0.028;0.164 0.119 0.069 0.029 0.039 0.105 0.028 0.045 0.121 0.067 0.059 0.077 0.018 0.032 0.028;
0.19 0.097 0.077 0.125 0.072 0.085 0.018 0.039 0.015 0.074 0.036 0.034 0.031 0.088 0.019;0.19 0.097 0.085 0.018 0.039 0.077 0.125 0.072 0.015 0.074 0.036 0.034 0.088 0.031 0.019;0.19 0.085 0.077 0.015 0.034 0.097 0.018 0.039 0.125 0.074 0.088 0.072 0.031 0.036 0.019;
0.197 0.099 0.065 0.114 0.075 0.102 0.028 0.05 0.033 0.063 0.027 0.03 0.028 0.065 0.024;0.197 0.099 0.102 0.028 0.05 0.065 0.114 0.075 0.033 0.063 0.027 0.03 0.065 0.028 0.024;0.197 0.102 0.065 0.033 0.03 0.099 0.028 0.05 0.114 0.063 0.065 0.075 0.028 0.027 0.024;
0.175 0.112 0.064 0.118 0.096 0.106 0.028 0.043 0.022 0.056 0.036 0.019 0.024 0.068 0.033;0.175 0.112 0.106 0.028 0.043 0.064 0.118 0.096 0.022 0.056 0.036 0.019 0.068 0.024 0.033;0.175 0.106 0.064 0.022 0.019 0.112 0.028 0.043 0.118 0.056 0.068 0.096 0.024 0.036 0.033;
0.197 0.096 0.063 0.111 0.085 0.097 0.037 0.037 0.02 0.063 0.024 0.024 0.034 0.09 0.022;0.197 0.096 0.097 0.037 0.037 0.063 0.111 0.085 0.02 0.063 0.024 0.024 0.09 0.034 0.022;0.197 0.097 0.063 0.02 0.024 0.096 0.037 0.037 0.111 0.063 0.09 0.085 0.034 0.024 0.022;
0.164 0.116 0.066 0.116 0.069 0.102 0.026 0.04 0.021 0.075 0.032 0.032 0.033 0.089 0.019;0.164 0.116 0.102 0.026 0.04 0.066 0.116 0.069 0.021 0.075 0.032 0.032 0.089 0.033 0.019;0.164 0.102 0.066 0.021 0.032 0.116 0.026 0.04 0.116 0.075 0.089 0.069 0.033 0.032 0.019;
0.188 0.104 0.063 0.11 0.091 0.096 0.017 0.056 0.021 0.08 0.031 0.023 0.022 0.079 0.019;0.188 0.104 0.096 0.017 0.056 0.063 0.11 0.091 0.021 0.08 0.031 0.023 0.079 0.022 0.019;0.188 0.096 0.063 0.021 0.023 0.104 0.017 0.056 0.11 0.08 0.079 0.091 0.022 0.031 0.019;
0.191 0.099 0.063 0.116 0.063 0.116 0.021 0.059 0.021 0.079 0.02 0.038 0.026 0.07 0.018;0.191 0.099 0.116 0.021 0.059 0.063 0.116 0.063 0.021 0.079 0.02 0.038 0.07 0.026 0.018;0.191 0.116 0.063 0.021 0.038 0.099 0.021 0.059 0.116 0.079 0.07 0.063 0.026 0.02 0.018];