pntP=[0.103 0.076 0.097 0.075 0.089 0.074 0.035 0.035 0.036 0.084 0.055 0.052 0.064 0.087 0.038;0.103 0.076 0.074 0.035 0.035 0.097 0.075 0.089 0.036 0.084 0.055 0.052 0.087 0.064 0.038;0.103 0.074 0.097 0.036 0.052 0.076 0.035 0.035 0.075 0.084 0.087 0.089 0.064 0.055 0.038;
0.117 0.066 0.091 0.081 0.082 0.075 0.03 0.045 0.031 0.08 0.054 0.054 0.063 0.093 0.038;0.117 0.066 0.075 0.03 0.045 0.091 0.081 0.082 0.031 0.08 0.054 0.054 0.093 0.063 0.038;0.117 0.075 0.091 0.031 0.054 0.066 0.03 0.045 0.081 0.08 0.093 0.082 0.063 0.054 0.038;
0.083 0.079 0.097 0.075 0.083 0.078 0.042 0.068 0.033 0.077 0.057 0.052 0.055 0.072 0.049;0.083 0.079 0.078 0.042 0.068 0.097 0.075 0.083 0.033 0.077 0.057 0.052 0.072 0.055 0.049;0.083 0.078 0.097 0.033 0.052 0.079 0.042 0.068 0.075 0.077 0.072 0.083 0.055 0.057 0.049;
0.115 0.065 0.097 0.082 0.077 0.079 0.036 0.046 0.039 0.075 0.047 0.056 0.059 0.084 0.043;0.115 0.065 0.079 0.036 0.046 0.097 0.082 0.077 0.039 0.075 0.047 0.056 0.084 0.059 0.043;0.115 0.079 0.097 0.039 0.056 0.065 0.036 0.046 0.082 0.075 0.084 0.077 0.059 0.047 0.043;
0.097 0.069 0.097 0.096 0.074 0.07 0.043 0.052 0.02 0.092 0.038 0.045 0.069 0.088 0.05;0.097 0.069 0.07 0.043 0.052 0.097 0.096 0.074 0.02 0.092 0.038 0.045 0.088 0.069 0.05;0.097 0.07 0.097 0.02 0.045 0.069 0.043 0.052 0.096 0.092 0.088 0.074 0.069 0.038 0.05;
0.102 0.075 0.088 0.084 0.068 0.093 0.033 0.041 0.027 0.088 0.049 0.056 0.067 0.087 0.042;0.102 0.075 0.093 0.033 0.041 0.088 0.084 0.068 0.027 0.088 0.049 0.056 0.087 0.067 0.042;0.102 0.093 0.088 0.027 0.056 0.075 0.033 0.041 0.084 0.088 0.087 0.068 0.067 0.049 0.042;
0.093 0.087 0.08 0.072 0.106 0.067 0.037 0.05 0.033 0.086 0.048 0.051 0.059 0.095 0.036;0.093 0.087 0.067 0.037 0.05 0.08 0.072 0.106 0.033 0.086 0.048 0.051 0.095 0.059 0.036;0.093 0.067 0.08 0.033 0.051 0.087 0.037 0.05 0.072 0.086 0.095 0.106 0.059 0.048 0.036;
0.124 0.083 0.098 0.08 0.068 0.078 0.026 0.049 0.029 0.093 0.049 0.062 0.055 0.068 0.038;0.124 0.083 0.078 0.026 0.049 0.098 0.08 0.068 0.029 0.093 0.049 0.062 0.068 0.055 0.038;0.124 0.078 0.098 0.029 0.062 0.083 0.026 0.049 0.08 0.093 0.068 0.068 0.055 0.049 0.038;
0.11 0.072 0.089 0.081 0.085 0.068 0.037 0.049 0.027 0.096 0.043 0.057 0.065 0.086 0.035;0.11 0.072 0.068 0.037 0.049 0.089 0.081 0.085 0.027 0.096 0.043 0.057 0.086 0.065 0.035;0.11 0.068 0.089 0.027 0.057 0.072 0.037 0.049 0.081 0.096 0.086 0.085 0.065 0.043 0.035;
0.109 0.085 0.103 0.074 0.084 0.074 0.031 0.052 0.026 0.086 0.051 0.054 0.057 0.071 0.043;0.109 0.085 0.074 0.031 0.052 0.103 0.074 0.084 0.026 0.086 0.051 0.054 0.071 0.057 0.043;0.109 0.074 0.103 0.026 0.054 0.085 0.031 0.052 0.074 0.086 0.071 0.084 0.057 0.051 0.043;
0.116 0.071 0.087 0.087 0.091 0.069 0.032 0.036 0.027 0.086 0.065 0.047 0.065 0.091 0.03;0.116 0.071 0.069 0.032 0.036 0.087 0.087 0.091 0.027 0.086 0.065 0.047 0.091 0.065 0.03;0.116 0.069 0.087 0.027 0.047 0.071 0.032 0.036 0.087 0.086 0.091 0.091 0.065 0.065 0.03;
0.093 0.065 0.095 0.1 0.065 0.077 0.032 0.05 0.032 0.09 0.056 0.048 0.068 0.083 0.046;0.093 0.065 0.077 0.032 0.05 0.095 0.1 0.065 0.032 0.09 0.056 0.048 0.083 0.068 0.046;0.093 0.077 0.095 0.032 0.048 0.065 0.032 0.05 0.1 0.09 0.083 0.065 0.068 0.056 0.046;
0.103 0.072 0.098 0.094 0.069 0.07 0.038 0.054 0.036 0.102 0.046 0.039 0.064 0.075 0.04;0.103 0.072 0.07 0.038 0.054 0.098 0.094 0.069 0.036 0.102 0.046 0.039 0.075 0.064 0.04;0.103 0.07 0.098 0.036 0.039 0.072 0.038 0.054 0.094 0.102 0.075 0.069 0.064 0.046 0.04;
0.105 0.076 0.089 0.076 0.076 0.075 0.039 0.049 0.04 0.101 0.049 0.061 0.056 0.073 0.035;0.105 0.076 0.075 0.039 0.049 0.089 0.076 0.076 0.04 0.101 0.049 0.061 0.073 0.056 0.035;0.105 0.075 0.089 0.04 0.061 0.076 0.039 0.049 0.076 0.101 0.073 0.076 0.056 0.049 0.035;
0.098 0.078 0.07 0.092 0.082 0.091 0.029 0.049 0.037 0.093 0.055 0.051 0.062 0.074 0.039;0.098 0.078 0.091 0.029 0.049 0.07 0.092 0.082 0.037 0.093 0.055 0.051 0.074 0.062 0.039;0.098 0.091 0.07 0.037 0.051 0.078 0.029 0.049 0.092 0.093 0.074 0.082 0.062 0.055 0.039;
0.1 0.078 0.093 0.079 0.077 0.08 0.036 0.038 0.027 0.1 0.052 0.043 0.059 0.104 0.034;0.1 0.078 0.08 0.036 0.038 0.093 0.079 0.077 0.027 0.1 0.052 0.043 0.104 0.059 0.034;0.1 0.08 0.093 0.027 0.043 0.078 0.036 0.038 0.079 0.1 0.104 0.077 0.059 0.052 0.034;
0.117 0.069 0.1 0.077 0.079 0.064 0.047 0.037 0.038 0.083 0.045 0.052 0.059 0.098 0.035;0.117 0.069 0.064 0.047 0.037 0.1 0.077 0.079 0.038 0.083 0.045 0.052 0.098 0.059 0.035;0.117 0.064 0.1 0.038 0.052 0.069 0.047 0.037 0.077 0.083 0.098 0.079 0.059 0.045 0.035;
0.1 0.062 0.095 0.097 0.09 0.062 0.025 0.046 0.035 0.081 0.052 0.049 0.058 0.095 0.053;0.1 0.062 0.062 0.025 0.046 0.095 0.097 0.09 0.035 0.081 0.052 0.049 0.095 0.058 0.053;0.1 0.062 0.095 0.035 0.049 0.062 0.025 0.046 0.097 0.081 0.095 0.09 0.058 0.052 0.053;
0.094 0.064 0.095 0.079 0.091 0.075 0.032 0.063 0.034 0.092 0.048 0.06 0.057 0.088 0.028;0.094 0.064 0.075 0.032 0.063 0.095 0.079 0.091 0.034 0.092 0.048 0.06 0.088 0.057 0.028;0.094 0.075 0.095 0.034 0.06 0.064 0.032 0.063 0.079 0.092 0.088 0.091 0.057 0.048 0.028;
0.105 0.063 0.08 0.091 0.078 0.076 0.036 0.056 0.028 0.082 0.061 0.065 0.065 0.083 0.031;0.105 0.063 0.076 0.036 0.056 0.08 0.091 0.078 0.028 0.082 0.061 0.065 0.083 0.065 0.031;0.105 0.076 0.08 0.028 0.065 0.063 0.036 0.056 0.091 0.082 0.083 0.078 0.065 0.061 0.031;
0.131 0.066 0.092 0.087 0.079 0.058 0.031 0.046 0.029 0.092 0.05 0.053 0.049 0.095 0.042;0.131 0.066 0.058 0.031 0.046 0.092 0.087 0.079 0.029 0.092 0.05 0.053 0.095 0.049 0.042;0.131 0.058 0.092 0.029 0.053 0.066 0.031 0.046 0.087 0.092 0.095 0.079 0.049 0.05 0.042;
0.098 0.07 0.098 0.074 0.073 0.069 0.041 0.06 0.033 0.082 0.062 0.05 0.06 0.084 0.046;0.098 0.07 0.069 0.041 0.06 0.098 0.074 0.073 0.033 0.082 0.062 0.05 0.084 0.06 0.046;0.098 0.069 0.098 0.033 0.05 0.07 0.041 0.06 0.074 0.082 0.084 0.073 0.06 0.062 0.046;
0.116 0.067 0.098 0.091 0.064 0.066 0.024 0.052 0.03 0.102 0.049 0.062 0.059 0.089 0.031;0.116 0.067 0.066 0.024 0.052 0.098 0.091 0.064 0.03 0.102 0.049 0.062 0.089 0.059 0.031;0.116 0.066 0.098 0.03 0.062 0.067 0.024 0.052 0.091 0.102 0.089 0.064 0.059 0.049 0.031;
0.104 0.058 0.087 0.097 0.083 0.075 0.03 0.043 0.034 0.081 0.054 0.055 0.07 0.085 0.044;0.104 0.058 0.075 0.03 0.043 0.087 0.097 0.083 0.034 0.081 0.054 0.055 0.085 0.07 0.044;0.104 0.075 0.087 0.034 0.055 0.058 0.03 0.043 0.097 0.081 0.085 0.083 0.07 0.054 0.044;
0.106 0.067 0.1 0.081 0.094 0.084 0.029 0.042 0.037 0.078 0.046 0.056 0.054 0.084 0.042;0.106 0.067 0.084 0.029 0.042 0.1 0.081 0.094 0.037 0.078 0.046 0.056 0.084 0.054 0.042;0.106 0.084 0.1 0.037 0.056 0.067 0.029 0.042 0.081 0.078 0.084 0.094 0.054 0.046 0.042;
0.097 0.07 0.087 0.093 0.086 0.067 0.034 0.052 0.031 0.089 0.045 0.064 0.064 0.086 0.035;0.097 0.07 0.067 0.034 0.052 0.087 0.093 0.086 0.031 0.089 0.045 0.064 0.086 0.064 0.035;0.097 0.067 0.087 0.031 0.064 0.07 0.034 0.052 0.093 0.089 0.086 0.086 0.064 0.045 0.035;
0.109 0.079 0.089 0.084 0.077 0.064 0.042 0.04 0.044 0.093 0.053 0.047 0.065 0.073 0.041;0.109 0.079 0.064 0.042 0.04 0.089 0.084 0.077 0.044 0.093 0.053 0.047 0.073 0.065 0.041;0.109 0.064 0.089 0.044 0.047 0.079 0.042 0.04 0.084 0.093 0.073 0.077 0.065 0.053 0.041;
0.086 0.081 0.093 0.084 0.095 0.08 0.035 0.061 0.029 0.086 0.05 0.051 0.053 0.074 0.042;0.086 0.081 0.08 0.035 0.061 0.093 0.084 0.095 0.029 0.086 0.05 0.051 0.074 0.053 0.042;0.086 0.08 0.093 0.029 0.051 0.081 0.035 0.061 0.084 0.086 0.074 0.095 0.053 0.05 0.042;
0.103 0.065 0.082 0.102 0.07 0.071 0.035 0.053 0.031 0.087 0.045 0.054 0.062 0.095 0.045;0.103 0.065 0.071 0.035 0.053 0.082 0.102 0.07 0.031 0.087 0.045 0.054 0.095 0.062 0.045;0.103 0.071 0.082 0.031 0.054 0.065 0.035 0.053 0.102 0.087 0.095 0.07 0.062 0.045 0.045;
0.114 0.067 0.078 0.079 0.065 0.074 0.029 0.039 0.051 0.1 0.061 0.049 0.056 0.106 0.032;0.114 0.067 0.074 0.029 0.039 0.078 0.079 0.065 0.051 0.1 0.061 0.049 0.106 0.056 0.032;0.114 0.074 0.078 0.051 0.049 0.067 0.029 0.039 0.079 0.1 0.106 0.065 0.056 0.061 0.032;
0.114 0.088 0.073 0.09 0.084 0.071 0.042 0.047 0.03 0.092 0.047 0.045 0.049 0.096 0.032;0.114 0.088 0.071 0.042 0.047 0.073 0.09 0.084 0.03 0.092 0.047 0.045 0.096 0.049 0.032;0.114 0.071 0.073 0.03 0.045 0.088 0.042 0.047 0.09 0.092 0.096 0.084 0.049 0.047 0.032;
0.097 0.084 0.091 0.081 0.085 0.07 0.031 0.043 0.029 0.093 0.059 0.045 0.063 0.096 0.033;0.097 0.084 0.07 0.031 0.043 0.091 0.081 0.085 0.029 0.093 0.059 0.045 0.096 0.063 0.033;0.097 0.07 0.091 0.029 0.045 0.084 0.031 0.043 0.081 0.093 0.096 0.085 0.063 0.059 0.033;
0.099 0.07 0.097 0.084 0.082 0.079 0.043 0.049 0.037 0.083 0.045 0.049 0.059 0.086 0.038;0.099 0.07 0.079 0.043 0.049 0.097 0.084 0.082 0.037 0.083 0.045 0.049 0.086 0.059 0.038;0.099 0.079 0.097 0.037 0.049 0.07 0.043 0.049 0.084 0.083 0.086 0.082 0.059 0.045 0.038;
0.122 0.075 0.088 0.09 0.079 0.076 0.032 0.036 0.032 0.097 0.053 0.054 0.048 0.077 0.041;0.122 0.075 0.076 0.032 0.036 0.088 0.09 0.079 0.032 0.097 0.053 0.054 0.077 0.048 0.041;0.122 0.076 0.088 0.032 0.054 0.075 0.032 0.036 0.09 0.097 0.077 0.079 0.048 0.053 0.041;
0.097 0.061 0.09 0.092 0.106 0.068 0.027 0.043 0.023 0.087 0.059 0.054 0.077 0.072 0.044;0.097 0.061 0.068 0.027 0.043 0.09 0.092 0.106 0.023 0.087 0.059 0.054 0.072 0.077 0.044;0.097 0.068 0.09 0.023 0.054 0.061 0.027 0.043 0.092 0.087 0.072 0.106 0.077 0.059 0.044;
0.092 0.062 0.082 0.091 0.081 0.086 0.042 0.052 0.027 0.092 0.065 0.042 0.059 0.083 0.044;0.092 0.062 0.086 0.042 0.052 0.082 0.091 0.081 0.027 0.092 0.065 0.042 0.083 0.059 0.044;0.092 0.086 0.082 0.027 0.042 0.062 0.042 0.052 0.091 0.092 0.083 0.081 0.059 0.065 0.044;
0.117 0.085 0.078 0.086 0.089 0.076 0.033 0.04 0.033 0.094 0.058 0.041 0.059 0.079 0.032;0.117 0.085 0.076 0.033 0.04 0.078 0.086 0.089 0.033 0.094 0.058 0.041 0.079 0.059 0.032;0.117 0.076 0.078 0.033 0.041 0.085 0.033 0.04 0.086 0.094 0.079 0.089 0.059 0.058 0.032;
0.108 0.074 0.082 0.087 0.081 0.067 0.034 0.059 0.037 0.081 0.055 0.052 0.067 0.089 0.027;0.108 0.074 0.067 0.034 0.059 0.082 0.087 0.081 0.037 0.081 0.055 0.052 0.089 0.067 0.027;0.108 0.067 0.082 0.037 0.052 0.074 0.034 0.059 0.087 0.081 0.089 0.081 0.067 0.055 0.027;
0.093 0.067 0.078 0.103 0.088 0.079 0.038 0.047 0.031 0.096 0.051 0.056 0.063 0.069 0.041;0.093 0.067 0.079 0.038 0.047 0.078 0.103 0.088 0.031 0.096 0.051 0.056 0.069 0.063 0.041;0.093 0.079 0.078 0.031 0.056 0.067 0.038 0.047 0.103 0.096 0.069 0.088 0.063 0.051 0.041;
0.116 0.078 0.095 0.098 0.079 0.075 0.028 0.033 0.026 0.084 0.05 0.059 0.066 0.073 0.04;0.116 0.078 0.075 0.028 0.033 0.095 0.098 0.079 0.026 0.084 0.05 0.059 0.073 0.066 0.04;0.116 0.075 0.095 0.026 0.059 0.078 0.028 0.033 0.098 0.084 0.073 0.079 0.066 0.05 0.04;
0.094 0.077 0.095 0.076 0.094 0.071 0.039 0.042 0.031 0.092 0.046 0.067 0.053 0.087 0.036;0.094 0.077 0.071 0.039 0.042 0.095 0.076 0.094 0.031 0.092 0.046 0.067 0.087 0.053 0.036;0.094 0.071 0.095 0.031 0.067 0.077 0.039 0.042 0.076 0.092 0.087 0.094 0.053 0.046 0.036;
0.101 0.078 0.092 0.088 0.087 0.069 0.031 0.044 0.032 0.085 0.064 0.045 0.057 0.071 0.056;0.101 0.078 0.069 0.031 0.044 0.092 0.088 0.087 0.032 0.085 0.064 0.045 0.071 0.057 0.056;0.101 0.069 0.092 0.032 0.045 0.078 0.031 0.044 0.088 0.085 0.071 0.087 0.057 0.064 0.056;
0.094 0.058 0.085 0.094 0.08 0.072 0.04 0.046 0.027 0.077 0.071 0.061 0.065 0.08 0.05;0.094 0.058 0.072 0.04 0.046 0.085 0.094 0.08 0.027 0.077 0.071 0.061 0.08 0.065 0.05;0.094 0.072 0.085 0.027 0.061 0.058 0.04 0.046 0.094 0.077 0.08 0.08 0.065 0.071 0.05;
0.104 0.081 0.096 0.086 0.075 0.079 0.024 0.056 0.035 0.077 0.05 0.048 0.062 0.093 0.034;0.104 0.081 0.079 0.024 0.056 0.096 0.086 0.075 0.035 0.077 0.05 0.048 0.093 0.062 0.034;0.104 0.079 0.096 0.035 0.048 0.081 0.024 0.056 0.086 0.077 0.093 0.075 0.062 0.05 0.034;
0.122 0.087 0.095 0.07 0.082 0.076 0.024 0.047 0.027 0.084 0.052 0.045 0.048 0.094 0.047;0.122 0.087 0.076 0.024 0.047 0.095 0.07 0.082 0.027 0.084 0.052 0.045 0.094 0.048 0.047;0.122 0.076 0.095 0.027 0.045 0.087 0.024 0.047 0.07 0.084 0.094 0.082 0.048 0.052 0.047;
0.103 0.066 0.101 0.071 0.078 0.08 0.032 0.045 0.037 0.098 0.055 0.059 0.05 0.095 0.03;0.103 0.066 0.08 0.032 0.045 0.101 0.071 0.078 0.037 0.098 0.055 0.059 0.095 0.05 0.03;0.103 0.08 0.101 0.037 0.059 0.066 0.032 0.045 0.071 0.098 0.095 0.078 0.05 0.055 0.03;
0.108 0.07 0.105 0.086 0.078 0.068 0.041 0.037 0.039 0.074 0.064 0.044 0.053 0.096 0.037;0.108 0.07 0.068 0.041 0.037 0.105 0.086 0.078 0.039 0.074 0.064 0.044 0.096 0.053 0.037;0.108 0.068 0.105 0.039 0.044 0.07 0.041 0.037 0.086 0.074 0.096 0.078 0.053 0.064 0.037;
0.1 0.074 0.079 0.093 0.065 0.081 0.044 0.045 0.032 0.091 0.06 0.045 0.052 0.1 0.039;0.1 0.074 0.081 0.044 0.045 0.079 0.093 0.065 0.032 0.091 0.06 0.045 0.1 0.052 0.039;0.1 0.081 0.079 0.032 0.045 0.074 0.044 0.045 0.093 0.091 0.1 0.065 0.052 0.06 0.039;
0.107 0.079 0.107 0.076 0.083 0.081 0.026 0.047 0.022 0.102 0.053 0.052 0.054 0.073 0.038;0.107 0.079 0.081 0.026 0.047 0.107 0.076 0.083 0.022 0.102 0.053 0.052 0.073 0.054 0.038;0.107 0.081 0.107 0.022 0.052 0.079 0.026 0.047 0.076 0.102 0.073 0.083 0.054 0.053 0.038;
0.099 0.075 0.087 0.097 0.07 0.08 0.027 0.037 0.048 0.079 0.057 0.061 0.058 0.085 0.04;0.099 0.075 0.08 0.027 0.037 0.087 0.097 0.07 0.048 0.079 0.057 0.061 0.085 0.058 0.04;0.099 0.08 0.087 0.048 0.061 0.075 0.027 0.037 0.097 0.079 0.085 0.07 0.058 0.057 0.04;
0.116 0.081 0.1 0.082 0.084 0.074 0.037 0.048 0.017 0.103 0.05 0.047 0.062 0.059 0.04;0.116 0.081 0.074 0.037 0.048 0.1 0.082 0.084 0.017 0.103 0.05 0.047 0.059 0.062 0.04;0.116 0.074 0.1 0.017 0.047 0.081 0.037 0.048 0.082 0.103 0.059 0.084 0.062 0.05 0.04;
0.095 0.074 0.086 0.089 0.076 0.089 0.034 0.051 0.04 0.081 0.043 0.066 0.052 0.083 0.041;0.095 0.074 0.089 0.034 0.051 0.086 0.089 0.076 0.04 0.081 0.043 0.066 0.083 0.052 0.041;0.095 0.089 0.086 0.04 0.066 0.074 0.034 0.051 0.089 0.081 0.083 0.076 0.052 0.043 0.041;
0.095 0.068 0.096 0.092 0.079 0.087 0.023 0.047 0.032 0.095 0.048 0.051 0.062 0.075 0.05;0.095 0.068 0.087 0.023 0.047 0.096 0.092 0.079 0.032 0.095 0.048 0.051 0.075 0.062 0.05;0.095 0.087 0.096 0.032 0.051 0.068 0.023 0.047 0.092 0.095 0.075 0.079 0.062 0.048 0.05;
0.11 0.081 0.084 0.08 0.072 0.08 0.046 0.063 0.032 0.093 0.051 0.042 0.053 0.079 0.034;0.11 0.081 0.08 0.046 0.063 0.084 0.08 0.072 0.032 0.093 0.051 0.042 0.079 0.053 0.034;0.11 0.08 0.084 0.032 0.042 0.081 0.046 0.063 0.08 0.093 0.079 0.072 0.053 0.051 0.034;
0.092 0.078 0.104 0.09 0.081 0.075 0.037 0.039 0.039 0.088 0.042 0.047 0.051 0.082 0.055;0.092 0.078 0.075 0.037 0.039 0.104 0.09 0.081 0.039 0.088 0.042 0.047 0.082 0.051 0.055;0.092 0.075 0.104 0.039 0.047 0.078 0.037 0.039 0.09 0.088 0.082 0.081 0.051 0.042 0.055;
0.104 0.08 0.097 0.088 0.068 0.088 0.026 0.063 0.019 0.082 0.051 0.039 0.058 0.091 0.046;0.104 0.08 0.088 0.026 0.063 0.097 0.088 0.068 0.019 0.082 0.051 0.039 0.091 0.058 0.046;0.104 0.088 0.097 0.019 0.039 0.08 0.026 0.063 0.088 0.082 0.091 0.068 0.058 0.051 0.046;
0.127 0.057 0.084 0.095 0.082 0.092 0.037 0.05 0.031 0.072 0.043 0.049 0.069 0.073 0.039;0.127 0.057 0.092 0.037 0.05 0.084 0.095 0.082 0.031 0.072 0.043 0.049 0.073 0.069 0.039;0.127 0.092 0.084 0.031 0.049 0.057 0.037 0.05 0.095 0.072 0.073 0.082 0.069 0.043 0.039;
0.112 0.062 0.091 0.083 0.088 0.079 0.041 0.049 0.036 0.074 0.055 0.058 0.059 0.076 0.037;0.112 0.062 0.079 0.041 0.049 0.091 0.083 0.088 0.036 0.074 0.055 0.058 0.076 0.059 0.037;0.112 0.079 0.091 0.036 0.058 0.062 0.041 0.049 0.083 0.074 0.076 0.088 0.059 0.055 0.037;
0.1 0.075 0.084 0.099 0.084 0.066 0.029 0.048 0.025 0.098 0.046 0.051 0.069 0.088 0.038;0.1 0.075 0.066 0.029 0.048 0.084 0.099 0.084 0.025 0.098 0.046 0.051 0.088 0.069 0.038;0.1 0.066 0.084 0.025 0.051 0.075 0.029 0.048 0.099 0.098 0.088 0.084 0.069 0.046 0.038;
0.093 0.081 0.095 0.077 0.081 0.074 0.028 0.058 0.043 0.095 0.053 0.051 0.058 0.076 0.037;0.093 0.081 0.074 0.028 0.058 0.095 0.077 0.081 0.043 0.095 0.053 0.051 0.076 0.058 0.037;0.093 0.074 0.095 0.043 0.051 0.081 0.028 0.058 0.077 0.095 0.076 0.081 0.058 0.053 0.037;
0.111 0.08 0.088 0.089 0.088 0.085 0.034 0.054 0.036 0.086 0.038 0.049 0.055 0.08 0.027;0.111 0.08 0.085 0.034 0.054 0.088 0.089 0.088 0.036 0.086 0.038 0.049 0.08 0.055 0.027;0.111 0.085 0.088 0.036 0.049 0.08 0.034 0.054 0.089 0.086 0.08 0.088 0.055 0.038 0.027;
0.106 0.07 0.08 0.101 0.074 0.088 0.04 0.055 0.036 0.085 0.045 0.043 0.055 0.092 0.03;0.106 0.07 0.088 0.04 0.055 0.08 0.101 0.074 0.036 0.085 0.045 0.043 0.092 0.055 0.03;0.106 0.088 0.08 0.036 0.043 0.07 0.04 0.055 0.101 0.085 0.092 0.074 0.055 0.045 0.03;
0.108 0.064 0.087 0.083 0.092 0.077 0.03 0.054 0.028 0.084 0.039 0.065 0.063 0.08 0.046;0.108 0.064 0.077 0.03 0.054 0.087 0.083 0.092 0.028 0.084 0.039 0.065 0.08 0.063 0.046;0.108 0.077 0.087 0.028 0.065 0.064 0.03 0.054 0.083 0.084 0.08 0.092 0.063 0.039 0.046;
0.105 0.07 0.08 0.087 0.097 0.081 0.023 0.058 0.027 0.094 0.055 0.055 0.057 0.07 0.041;0.105 0.07 0.081 0.023 0.058 0.08 0.087 0.097 0.027 0.094 0.055 0.055 0.07 0.057 0.041;0.105 0.081 0.08 0.027 0.055 0.07 0.023 0.058 0.087 0.094 0.07 0.097 0.057 0.055 0.041;
0.1 0.073 0.089 0.085 0.078 0.066 0.038 0.048 0.038 0.083 0.06 0.056 0.054 0.09 0.042;0.1 0.073 0.066 0.038 0.048 0.089 0.085 0.078 0.038 0.083 0.06 0.056 0.09 0.054 0.042;0.1 0.066 0.089 0.038 0.056 0.073 0.038 0.048 0.085 0.083 0.09 0.078 0.054 0.06 0.042;
0.111 0.062 0.089 0.081 0.092 0.081 0.032 0.038 0.038 0.092 0.059 0.047 0.048 0.094 0.036;0.111 0.062 0.081 0.032 0.038 0.089 0.081 0.092 0.038 0.092 0.059 0.047 0.094 0.048 0.036;0.111 0.081 0.089 0.038 0.047 0.062 0.032 0.038 0.081 0.092 0.094 0.092 0.048 0.059 0.036;
0.097 0.066 0.1 0.092 0.089 0.065 0.038 0.052 0.029 0.078 0.067 0.054 0.05 0.094 0.029;0.097 0.066 0.065 0.038 0.052 0.1 0.092 0.089 0.029 0.078 0.067 0.054 0.094 0.05 0.029;0.097 0.065 0.1 0.029 0.054 0.066 0.038 0.052 0.092 0.078 0.094 0.089 0.05 0.067 0.029;
0.098 0.087 0.111 0.076 0.085 0.059 0.037 0.05 0.033 0.086 0.045 0.045 0.046 0.107 0.035;0.098 0.087 0.059 0.037 0.05 0.111 0.076 0.085 0.033 0.086 0.045 0.045 0.107 0.046 0.035;0.098 0.059 0.111 0.033 0.045 0.087 0.037 0.05 0.076 0.086 0.107 0.085 0.046 0.045 0.035;
0.102 0.072 0.095 0.051 0.099 0.071 0.036 0.054 0.027 0.102 0.064 0.052 0.056 0.087 0.032;0.102 0.072 0.071 0.036 0.054 0.095 0.051 0.099 0.027 0.102 0.064 0.052 0.087 0.056 0.032;0.102 0.071 0.095 0.027 0.052 0.072 0.036 0.054 0.051 0.102 0.087 0.099 0.056 0.064 0.032;
0.116 0.07 0.091 0.087 0.068 0.075 0.038 0.052 0.03 0.095 0.045 0.042 0.067 0.083 0.041;0.116 0.07 0.075 0.038 0.052 0.091 0.087 0.068 0.03 0.095 0.045 0.042 0.083 0.067 0.041;0.116 0.075 0.091 0.03 0.042 0.07 0.038 0.052 0.087 0.095 0.083 0.068 0.067 0.045 0.041;
0.097 0.07 0.077 0.088 0.076 0.088 0.032 0.051 0.022 0.086 0.054 0.065 0.069 0.085 0.04;0.097 0.07 0.088 0.032 0.051 0.077 0.088 0.076 0.022 0.086 0.054 0.065 0.085 0.069 0.04;0.097 0.088 0.077 0.022 0.065 0.07 0.032 0.051 0.088 0.086 0.085 0.076 0.069 0.054 0.04;
0.112 0.086 0.081 0.085 0.072 0.073 0.033 0.043 0.026 0.099 0.044 0.064 0.069 0.074 0.039;0.112 0.086 0.073 0.033 0.043 0.081 0.085 0.072 0.026 0.099 0.044 0.064 0.074 0.069 0.039;0.112 0.073 0.081 0.026 0.064 0.086 0.033 0.043 0.085 0.099 0.074 0.072 0.069 0.044 0.039;
0.102 0.063 0.086 0.088 0.082 0.068 0.04 0.056 0.034 0.083 0.055 0.047 0.069 0.086 0.041;0.102 0.063 0.068 0.04 0.056 0.086 0.088 0.082 0.034 0.083 0.055 0.047 0.086 0.069 0.041;0.102 0.068 0.086 0.034 0.047 0.063 0.04 0.056 0.088 0.083 0.086 0.082 0.069 0.055 0.041;
0.112 0.065 0.077 0.085 0.085 0.076 0.039 0.044 0.028 0.095 0.048 0.065 0.053 0.093 0.035;0.112 0.065 0.076 0.039 0.044 0.077 0.085 0.085 0.028 0.095 0.048 0.065 0.093 0.053 0.035;0.112 0.076 0.077 0.028 0.065 0.065 0.039 0.044 0.085 0.095 0.093 0.085 0.053 0.048 0.035;
0.089 0.093 0.104 0.079 0.085 0.074 0.048 0.041 0.035 0.081 0.043 0.042 0.061 0.081 0.044;0.089 0.093 0.074 0.048 0.041 0.104 0.079 0.085 0.035 0.081 0.043 0.042 0.081 0.061 0.044;0.089 0.074 0.104 0.035 0.042 0.093 0.048 0.041 0.079 0.081 0.081 0.085 0.061 0.043 0.044;
0.112 0.067 0.085 0.081 0.09 0.07 0.038 0.048 0.028 0.096 0.043 0.059 0.069 0.078 0.036;0.112 0.067 0.07 0.038 0.048 0.085 0.081 0.09 0.028 0.096 0.043 0.059 0.078 0.069 0.036;0.112 0.07 0.085 0.028 0.059 0.067 0.038 0.048 0.081 0.096 0.078 0.09 0.069 0.043 0.036;
0.098 0.078 0.094 0.099 0.087 0.081 0.03 0.046 0.03 0.076 0.049 0.059 0.071 0.064 0.038;0.098 0.078 0.081 0.03 0.046 0.094 0.099 0.087 0.03 0.076 0.049 0.059 0.064 0.071 0.038;0.098 0.081 0.094 0.03 0.059 0.078 0.03 0.046 0.099 0.076 0.064 0.087 0.071 0.049 0.038;
0.1 0.079 0.088 0.076 0.074 0.065 0.038 0.034 0.041 0.089 0.048 0.047 0.069 0.102 0.05;0.1 0.079 0.065 0.038 0.034 0.088 0.076 0.074 0.041 0.089 0.048 0.047 0.102 0.069 0.05;0.1 0.065 0.088 0.041 0.047 0.079 0.038 0.034 0.076 0.089 0.102 0.074 0.069 0.048 0.05;
0.112 0.08 0.086 0.08 0.087 0.074 0.039 0.044 0.032 0.089 0.044 0.048 0.064 0.09 0.031;0.112 0.08 0.074 0.039 0.044 0.086 0.08 0.087 0.032 0.089 0.044 0.048 0.09 0.064 0.031;0.112 0.074 0.086 0.032 0.048 0.08 0.039 0.044 0.08 0.089 0.09 0.087 0.064 0.044 0.031;
0.101 0.056 0.087 0.089 0.099 0.065 0.039 0.055 0.029 0.087 0.057 0.05 0.064 0.082 0.04;0.101 0.056 0.065 0.039 0.055 0.087 0.089 0.099 0.029 0.087 0.057 0.05 0.082 0.064 0.04;0.101 0.065 0.087 0.029 0.05 0.056 0.039 0.055 0.089 0.087 0.082 0.099 0.064 0.057 0.04;
0.082 0.058 0.092 0.105 0.069 0.077 0.038 0.043 0.038 0.102 0.052 0.061 0.074 0.083 0.026;0.082 0.058 0.077 0.038 0.043 0.092 0.105 0.069 0.038 0.102 0.052 0.061 0.083 0.074 0.026;0.082 0.077 0.092 0.038 0.061 0.058 0.038 0.043 0.105 0.102 0.083 0.069 0.074 0.052 0.026;
0.108 0.068 0.096 0.074 0.083 0.073 0.032 0.043 0.033 0.09 0.06 0.055 0.061 0.085 0.039;0.108 0.068 0.073 0.032 0.043 0.096 0.074 0.083 0.033 0.09 0.06 0.055 0.085 0.061 0.039;0.108 0.073 0.096 0.033 0.055 0.068 0.032 0.043 0.074 0.09 0.085 0.083 0.061 0.06 0.039;
0.121 0.072 0.088 0.074 0.088 0.084 0.032 0.057 0.035 0.084 0.05 0.041 0.062 0.078 0.034;0.121 0.072 0.084 0.032 0.057 0.088 0.074 0.088 0.035 0.084 0.05 0.041 0.078 0.062 0.034;0.121 0.084 0.088 0.035 0.041 0.072 0.032 0.057 0.074 0.084 0.078 0.088 0.062 0.05 0.034;
0.106 0.071 0.093 0.08 0.088 0.086 0.039 0.052 0.03 0.094 0.05 0.044 0.055 0.078 0.034;0.106 0.071 0.086 0.039 0.052 0.093 0.08 0.088 0.03 0.094 0.05 0.044 0.078 0.055 0.034;0.106 0.086 0.093 0.03 0.044 0.071 0.039 0.052 0.08 0.094 0.078 0.088 0.055 0.05 0.034;
0.099 0.064 0.115 0.076 0.092 0.073 0.032 0.054 0.03 0.108 0.048 0.048 0.049 0.076 0.036;0.099 0.064 0.073 0.032 0.054 0.115 0.076 0.092 0.03 0.108 0.048 0.048 0.076 0.049 0.036;0.099 0.073 0.115 0.03 0.048 0.064 0.032 0.054 0.076 0.108 0.076 0.092 0.049 0.048 0.036;
0.121 0.071 0.1 0.079 0.077 0.085 0.037 0.038 0.044 0.083 0.038 0.052 0.048 0.085 0.042;0.121 0.071 0.085 0.037 0.038 0.1 0.079 0.077 0.044 0.083 0.038 0.052 0.085 0.048 0.042;0.121 0.085 0.1 0.044 0.052 0.071 0.037 0.038 0.079 0.083 0.085 0.077 0.048 0.038 0.042;
0.113 0.069 0.082 0.102 0.074 0.077 0.031 0.041 0.034 0.1 0.045 0.057 0.061 0.079 0.035;0.113 0.069 0.077 0.031 0.041 0.082 0.102 0.074 0.034 0.1 0.045 0.057 0.079 0.061 0.035;0.113 0.077 0.082 0.034 0.057 0.069 0.031 0.041 0.102 0.1 0.079 0.074 0.061 0.045 0.035;
0.093 0.078 0.085 0.09 0.078 0.074 0.034 0.047 0.039 0.095 0.047 0.057 0.069 0.088 0.026;0.093 0.078 0.074 0.034 0.047 0.085 0.09 0.078 0.039 0.095 0.047 0.057 0.088 0.069 0.026;0.093 0.074 0.085 0.039 0.057 0.078 0.034 0.047 0.09 0.095 0.088 0.078 0.069 0.047 0.026;
0.096 0.079 0.092 0.072 0.096 0.076 0.035 0.048 0.038 0.093 0.045 0.042 0.059 0.077 0.052;0.096 0.079 0.076 0.035 0.048 0.092 0.072 0.096 0.038 0.093 0.045 0.042 0.077 0.059 0.052;0.096 0.076 0.092 0.038 0.042 0.079 0.035 0.048 0.072 0.093 0.077 0.096 0.059 0.045 0.052;
0.093 0.081 0.08 0.095 0.081 0.065 0.035 0.059 0.037 0.089 0.052 0.059 0.055 0.083 0.036;0.093 0.081 0.065 0.035 0.059 0.08 0.095 0.081 0.037 0.089 0.052 0.059 0.083 0.055 0.036;0.093 0.065 0.08 0.037 0.059 0.081 0.035 0.059 0.095 0.089 0.083 0.081 0.055 0.052 0.036;
0.122 0.086 0.091 0.066 0.081 0.08 0.031 0.042 0.033 0.09 0.041 0.065 0.057 0.076 0.039;0.122 0.086 0.08 0.031 0.042 0.091 0.066 0.081 0.033 0.09 0.041 0.065 0.076 0.057 0.039;0.122 0.08 0.091 0.033 0.065 0.086 0.031 0.042 0.066 0.09 0.076 0.081 0.057 0.041 0.039;
0.103 0.061 0.082 0.083 0.103 0.09 0.034 0.047 0.036 0.09 0.036 0.053 0.062 0.076 0.044;0.103 0.061 0.09 0.034 0.047 0.082 0.083 0.103 0.036 0.09 0.036 0.053 0.076 0.062 0.044;0.103 0.09 0.082 0.036 0.053 0.061 0.034 0.047 0.083 0.09 0.076 0.103 0.062 0.036 0.044;
0.095 0.079 0.086 0.089 0.088 0.073 0.043 0.053 0.03 0.076 0.057 0.046 0.062 0.085 0.038;0.095 0.079 0.073 0.043 0.053 0.086 0.089 0.088 0.03 0.076 0.057 0.046 0.085 0.062 0.038;0.095 0.073 0.086 0.03 0.046 0.079 0.043 0.053 0.089 0.076 0.085 0.088 0.062 0.057 0.038;
0.099 0.08 0.083 0.091 0.072 0.086 0.024 0.048 0.037 0.078 0.067 0.055 0.058 0.085 0.037;0.099 0.08 0.086 0.024 0.048 0.083 0.091 0.072 0.037 0.078 0.067 0.055 0.085 0.058 0.037;0.099 0.086 0.083 0.037 0.055 0.08 0.024 0.048 0.091 0.078 0.085 0.072 0.058 0.067 0.037;
0.097 0.068 0.09 0.092 0.093 0.085 0.033 0.051 0.037 0.079 0.044 0.058 0.046 0.083 0.044;0.097 0.068 0.085 0.033 0.051 0.09 0.092 0.093 0.037 0.079 0.044 0.058 0.083 0.046 0.044;0.097 0.085 0.09 0.037 0.058 0.068 0.033 0.051 0.092 0.079 0.083 0.093 0.046 0.044 0.044;
0.111 0.069 0.077 0.079 0.075 0.063 0.037 0.047 0.035 0.101 0.054 0.067 0.06 0.091 0.034;0.111 0.069 0.063 0.037 0.047 0.077 0.079 0.075 0.035 0.101 0.054 0.067 0.091 0.06 0.034;0.111 0.063 0.077 0.035 0.067 0.069 0.037 0.047 0.079 0.101 0.091 0.075 0.06 0.054 0.034;
0.089 0.075 0.08 0.088 0.102 0.061 0.032 0.036 0.039 0.102 0.056 0.058 0.057 0.095 0.03;0.089 0.075 0.061 0.032 0.036 0.08 0.088 0.102 0.039 0.102 0.056 0.058 0.095 0.057 0.03;0.089 0.061 0.08 0.039 0.058 0.075 0.032 0.036 0.088 0.102 0.095 0.102 0.057 0.056 0.03;
0.108 0.069 0.083 0.07 0.084 0.065 0.042 0.041 0.045 0.085 0.061 0.052 0.073 0.088 0.034;0.108 0.069 0.065 0.042 0.041 0.083 0.07 0.084 0.045 0.085 0.061 0.052 0.088 0.073 0.034;0.108 0.065 0.083 0.045 0.052 0.069 0.042 0.041 0.07 0.085 0.088 0.084 0.073 0.061 0.034;
0.097 0.072 0.071 0.071 0.099 0.088 0.041 0.046 0.037 0.099 0.055 0.05 0.048 0.085 0.041;0.097 0.072 0.088 0.041 0.046 0.071 0.071 0.099 0.037 0.099 0.055 0.05 0.085 0.048 0.041;0.097 0.088 0.071 0.037 0.05 0.072 0.041 0.046 0.071 0.099 0.085 0.099 0.048 0.055 0.041;
0.11 0.078 0.095 0.099 0.086 0.081 0.022 0.042 0.032 0.097 0.049 0.04 0.059 0.074 0.036;0.11 0.078 0.081 0.022 0.042 0.095 0.099 0.086 0.032 0.097 0.049 0.04 0.074 0.059 0.036;0.11 0.081 0.095 0.032 0.04 0.078 0.022 0.042 0.099 0.097 0.074 0.086 0.059 0.049 0.036];