pntP=[0.035 0.081 0.062 0.061 0.104 0.08 0.034 0.09 0.033 0.052 0.06 0.074 0.059 0.101 0.074;0.035 0.081 0.08 0.034 0.09 0.062 0.061 0.104 0.033 0.052 0.06 0.074 0.101 0.059 0.074;0.035 0.08 0.062 0.033 0.074 0.081 0.034 0.09 0.061 0.052 0.101 0.104 0.059 0.06 0.074;
0.039 0.059 0.053 0.074 0.1 0.065 0.038 0.086 0.037 0.055 0.064 0.083 0.072 0.109 0.066;0.039 0.059 0.065 0.038 0.086 0.053 0.074 0.1 0.037 0.055 0.064 0.083 0.109 0.072 0.066;0.039 0.065 0.053 0.037 0.083 0.059 0.038 0.086 0.074 0.055 0.109 0.1 0.072 0.064 0.066;
0.041 0.069 0.052 0.077 0.088 0.071 0.042 0.098 0.037 0.057 0.069 0.063 0.059 0.099 0.078;0.041 0.069 0.071 0.042 0.098 0.052 0.077 0.088 0.037 0.057 0.069 0.063 0.099 0.059 0.078;0.041 0.071 0.052 0.037 0.063 0.069 0.042 0.098 0.077 0.057 0.099 0.088 0.059 0.069 0.078;
0.044 0.065 0.057 0.089 0.086 0.084 0.051 0.079 0.036 0.043 0.061 0.061 0.069 0.111 0.064;0.044 0.065 0.084 0.051 0.079 0.057 0.089 0.086 0.036 0.043 0.061 0.061 0.111 0.069 0.064;0.044 0.084 0.057 0.036 0.061 0.065 0.051 0.079 0.089 0.043 0.111 0.086 0.069 0.061 0.064;
0.035 0.086 0.057 0.063 0.096 0.059 0.054 0.074 0.029 0.043 0.072 0.088 0.068 0.105 0.071;0.035 0.086 0.059 0.054 0.074 0.057 0.063 0.096 0.029 0.043 0.072 0.088 0.105 0.068 0.071;0.035 0.059 0.057 0.029 0.088 0.086 0.054 0.074 0.063 0.043 0.105 0.096 0.068 0.072 0.071;
0.029 0.077 0.043 0.074 0.112 0.086 0.042 0.109 0.037 0.054 0.051 0.072 0.059 0.096 0.059;0.029 0.077 0.086 0.042 0.109 0.043 0.074 0.112 0.037 0.054 0.051 0.072 0.096 0.059 0.059;0.029 0.086 0.043 0.037 0.072 0.077 0.042 0.109 0.074 0.054 0.096 0.112 0.059 0.051 0.059;
0.041 0.067 0.057 0.068 0.086 0.076 0.044 0.088 0.04 0.044 0.073 0.077 0.065 0.103 0.071;0.041 0.067 0.076 0.044 0.088 0.057 0.068 0.086 0.04 0.044 0.073 0.077 0.103 0.065 0.071;0.041 0.076 0.057 0.04 0.077 0.067 0.044 0.088 0.068 0.044 0.103 0.086 0.065 0.073 0.071;
0.036 0.08 0.044 0.066 0.103 0.066 0.05 0.087 0.038 0.051 0.064 0.068 0.063 0.1 0.084;0.036 0.08 0.066 0.05 0.087 0.044 0.066 0.103 0.038 0.051 0.064 0.068 0.1 0.063 0.084;0.036 0.066 0.044 0.038 0.068 0.08 0.05 0.087 0.066 0.051 0.1 0.103 0.063 0.064 0.084;
0.042 0.064 0.046 0.072 0.109 0.074 0.053 0.087 0.04 0.042 0.088 0.066 0.064 0.093 0.06;0.042 0.064 0.074 0.053 0.087 0.046 0.072 0.109 0.04 0.042 0.088 0.066 0.093 0.064 0.06;0.042 0.074 0.046 0.04 0.066 0.064 0.053 0.087 0.072 0.042 0.093 0.109 0.064 0.088 0.06;
0.033 0.069 0.054 0.077 0.097 0.078 0.044 0.099 0.037 0.05 0.065 0.054 0.074 0.1 0.069;0.033 0.069 0.078 0.044 0.099 0.054 0.077 0.097 0.037 0.05 0.065 0.054 0.1 0.074 0.069;0.033 0.078 0.054 0.037 0.054 0.069 0.044 0.099 0.077 0.05 0.1 0.097 0.074 0.065 0.069;
0.044 0.05 0.052 0.071 0.111 0.075 0.039 0.089 0.027 0.05 0.076 0.063 0.072 0.108 0.073;0.044 0.05 0.075 0.039 0.089 0.052 0.071 0.111 0.027 0.05 0.076 0.063 0.108 0.072 0.073;0.044 0.075 0.052 0.027 0.063 0.05 0.039 0.089 0.071 0.05 0.108 0.111 0.072 0.076 0.073;
0.044 0.058 0.056 0.078 0.09 0.078 0.044 0.092 0.029 0.05 0.081 0.083 0.072 0.082 0.063;0.044 0.058 0.078 0.044 0.092 0.056 0.078 0.09 0.029 0.05 0.081 0.083 0.082 0.072 0.063;0.044 0.078 0.056 0.029 0.083 0.058 0.044 0.092 0.078 0.05 0.082 0.09 0.072 0.081 0.063;
0.03 0.085 0.051 0.078 0.104 0.061 0.053 0.089 0.031 0.047 0.08 0.076 0.059 0.095 0.061;0.03 0.085 0.061 0.053 0.089 0.051 0.078 0.104 0.031 0.047 0.08 0.076 0.095 0.059 0.061;0.03 0.061 0.051 0.031 0.076 0.085 0.053 0.089 0.078 0.047 0.095 0.104 0.059 0.08 0.061;
0.032 0.08 0.05 0.072 0.092 0.065 0.055 0.082 0.044 0.051 0.071 0.064 0.076 0.1 0.066;0.032 0.08 0.065 0.055 0.082 0.05 0.072 0.092 0.044 0.051 0.071 0.064 0.1 0.076 0.066;0.032 0.065 0.05 0.044 0.064 0.08 0.055 0.082 0.072 0.051 0.1 0.092 0.076 0.071 0.066;
0.039 0.062 0.041 0.08 0.107 0.072 0.043 0.097 0.041 0.053 0.06 0.07 0.064 0.101 0.07;0.039 0.062 0.072 0.043 0.097 0.041 0.08 0.107 0.041 0.053 0.06 0.07 0.101 0.064 0.07;0.039 0.072 0.041 0.041 0.07 0.062 0.043 0.097 0.08 0.053 0.101 0.107 0.064 0.06 0.07;
0.036 0.074 0.055 0.078 0.113 0.067 0.04 0.103 0.029 0.054 0.071 0.056 0.074 0.092 0.058;0.036 0.074 0.067 0.04 0.103 0.055 0.078 0.113 0.029 0.054 0.071 0.056 0.092 0.074 0.058;0.036 0.067 0.055 0.029 0.056 0.074 0.04 0.103 0.078 0.054 0.092 0.113 0.074 0.071 0.058;
0.04 0.078 0.053 0.074 0.1 0.085 0.041 0.102 0.031 0.053 0.065 0.054 0.074 0.091 0.059;0.04 0.078 0.085 0.041 0.102 0.053 0.074 0.1 0.031 0.053 0.065 0.054 0.091 0.074 0.059;0.04 0.085 0.053 0.031 0.054 0.078 0.041 0.102 0.074 0.053 0.091 0.1 0.074 0.065 0.059;
0.03 0.078 0.053 0.098 0.108 0.073 0.036 0.095 0.026 0.056 0.06 0.067 0.062 0.096 0.062;0.03 0.078 0.073 0.036 0.095 0.053 0.098 0.108 0.026 0.056 0.06 0.067 0.096 0.062 0.062;0.03 0.073 0.053 0.026 0.067 0.078 0.036 0.095 0.098 0.056 0.096 0.108 0.062 0.06 0.062;
0.043 0.069 0.042 0.084 0.108 0.056 0.053 0.095 0.028 0.042 0.062 0.081 0.071 0.106 0.06;0.043 0.069 0.056 0.053 0.095 0.042 0.084 0.108 0.028 0.042 0.062 0.081 0.106 0.071 0.06;0.043 0.056 0.042 0.028 0.081 0.069 0.053 0.095 0.084 0.042 0.106 0.108 0.071 0.062 0.06;
0.039 0.075 0.072 0.082 0.104 0.07 0.036 0.088 0.034 0.034 0.073 0.064 0.062 0.095 0.072;0.039 0.075 0.07 0.036 0.088 0.072 0.082 0.104 0.034 0.034 0.073 0.064 0.095 0.062 0.072;0.039 0.07 0.072 0.034 0.064 0.075 0.036 0.088 0.082 0.034 0.095 0.104 0.062 0.073 0.072;
0.027 0.068 0.052 0.07 0.101 0.071 0.047 0.087 0.031 0.059 0.085 0.068 0.078 0.093 0.063;0.027 0.068 0.071 0.047 0.087 0.052 0.07 0.101 0.031 0.059 0.085 0.068 0.093 0.078 0.063;0.027 0.071 0.052 0.031 0.068 0.068 0.047 0.087 0.07 0.059 0.093 0.101 0.078 0.085 0.063;
0.024 0.076 0.056 0.069 0.098 0.071 0.046 0.091 0.041 0.039 0.078 0.061 0.076 0.102 0.072;0.024 0.076 0.071 0.046 0.091 0.056 0.069 0.098 0.041 0.039 0.078 0.061 0.102 0.076 0.072;0.024 0.071 0.056 0.041 0.061 0.076 0.046 0.091 0.069 0.039 0.102 0.098 0.076 0.078 0.072;
0.038 0.064 0.06 0.07 0.112 0.07 0.052 0.108 0.036 0.054 0.063 0.05 0.065 0.102 0.056;0.038 0.064 0.07 0.052 0.108 0.06 0.07 0.112 0.036 0.054 0.063 0.05 0.102 0.065 0.056;0.038 0.07 0.06 0.036 0.05 0.064 0.052 0.108 0.07 0.054 0.102 0.112 0.065 0.063 0.056;
0.033 0.067 0.05 0.076 0.098 0.061 0.059 0.083 0.035 0.059 0.069 0.07 0.073 0.1 0.067;0.033 0.067 0.061 0.059 0.083 0.05 0.076 0.098 0.035 0.059 0.069 0.07 0.1 0.073 0.067;0.033 0.061 0.05 0.035 0.07 0.067 0.059 0.083 0.076 0.059 0.1 0.098 0.073 0.069 0.067;
0.032 0.075 0.054 0.072 0.09 0.075 0.042 0.1 0.034 0.044 0.059 0.07 0.072 0.109 0.072;0.032 0.075 0.075 0.042 0.1 0.054 0.072 0.09 0.034 0.044 0.059 0.07 0.109 0.072 0.072;0.032 0.075 0.054 0.034 0.07 0.075 0.042 0.1 0.072 0.044 0.109 0.09 0.072 0.059 0.072;
0.035 0.064 0.048 0.063 0.106 0.067 0.05 0.101 0.038 0.053 0.062 0.067 0.068 0.117 0.061;0.035 0.064 0.067 0.05 0.101 0.048 0.063 0.106 0.038 0.053 0.062 0.067 0.117 0.068 0.061;0.035 0.067 0.048 0.038 0.067 0.064 0.05 0.101 0.063 0.053 0.117 0.106 0.068 0.062 0.061;
0.034 0.065 0.052 0.076 0.099 0.054 0.052 0.09 0.041 0.055 0.084 0.056 0.08 0.102 0.06;0.034 0.065 0.054 0.052 0.09 0.052 0.076 0.099 0.041 0.055 0.084 0.056 0.102 0.08 0.06;0.034 0.054 0.052 0.041 0.056 0.065 0.052 0.09 0.076 0.055 0.102 0.099 0.08 0.084 0.06;
0.036 0.054 0.064 0.066 0.082 0.078 0.046 0.093 0.037 0.055 0.06 0.079 0.07 0.104 0.076;0.036 0.054 0.078 0.046 0.093 0.064 0.066 0.082 0.037 0.055 0.06 0.079 0.104 0.07 0.076;0.036 0.078 0.064 0.037 0.079 0.054 0.046 0.093 0.066 0.055 0.104 0.082 0.07 0.06 0.076;
0.04 0.069 0.066 0.073 0.117 0.062 0.043 0.091 0.03 0.052 0.065 0.067 0.068 0.091 0.066;0.04 0.069 0.062 0.043 0.091 0.066 0.073 0.117 0.03 0.052 0.065 0.067 0.091 0.068 0.066;0.04 0.062 0.066 0.03 0.067 0.069 0.043 0.091 0.073 0.052 0.091 0.117 0.068 0.065 0.066;
0.032 0.066 0.041 0.067 0.102 0.082 0.044 0.096 0.023 0.064 0.079 0.061 0.062 0.115 0.066;0.032 0.066 0.082 0.044 0.096 0.041 0.067 0.102 0.023 0.064 0.079 0.061 0.115 0.062 0.066;0.032 0.082 0.041 0.023 0.061 0.066 0.044 0.096 0.067 0.064 0.115 0.102 0.062 0.079 0.066;
0.037 0.075 0.049 0.065 0.097 0.076 0.047 0.104 0.033 0.061 0.06 0.065 0.067 0.091 0.073;0.037 0.075 0.076 0.047 0.104 0.049 0.065 0.097 0.033 0.061 0.06 0.065 0.091 0.067 0.073;0.037 0.076 0.049 0.033 0.065 0.075 0.047 0.104 0.065 0.061 0.091 0.097 0.067 0.06 0.073;
0.039 0.065 0.046 0.084 0.1 0.078 0.033 0.092 0.033 0.045 0.074 0.078 0.063 0.102 0.068;0.039 0.065 0.078 0.033 0.092 0.046 0.084 0.1 0.033 0.045 0.074 0.078 0.102 0.063 0.068;0.039 0.078 0.046 0.033 0.078 0.065 0.033 0.092 0.084 0.045 0.102 0.1 0.063 0.074 0.068;
0.038 0.077 0.047 0.08 0.088 0.077 0.044 0.094 0.029 0.048 0.058 0.088 0.06 0.11 0.062;0.038 0.077 0.077 0.044 0.094 0.047 0.08 0.088 0.029 0.048 0.058 0.088 0.11 0.06 0.062;0.038 0.077 0.047 0.029 0.088 0.077 0.044 0.094 0.08 0.048 0.11 0.088 0.06 0.058 0.062;
0.035 0.08 0.048 0.067 0.104 0.075 0.034 0.084 0.04 0.056 0.067 0.065 0.081 0.1 0.064;0.035 0.08 0.075 0.034 0.084 0.048 0.067 0.104 0.04 0.056 0.067 0.065 0.1 0.081 0.064;0.035 0.075 0.048 0.04 0.065 0.08 0.034 0.084 0.067 0.056 0.1 0.104 0.081 0.067 0.064;
0.042 0.088 0.048 0.067 0.097 0.076 0.052 0.082 0.038 0.043 0.056 0.074 0.068 0.102 0.067;0.042 0.088 0.076 0.052 0.082 0.048 0.067 0.097 0.038 0.043 0.056 0.074 0.102 0.068 0.067;0.042 0.076 0.048 0.038 0.074 0.088 0.052 0.082 0.067 0.043 0.102 0.097 0.068 0.056 0.067;
0.04 0.066 0.046 0.074 0.108 0.072 0.055 0.085 0.039 0.05 0.071 0.07 0.057 0.098 0.069;0.04 0.066 0.072 0.055 0.085 0.046 0.074 0.108 0.039 0.05 0.071 0.07 0.098 0.057 0.069;0.04 0.072 0.046 0.039 0.07 0.066 0.055 0.085 0.074 0.05 0.098 0.108 0.057 0.071 0.069;
0.037 0.068 0.044 0.085 0.089 0.084 0.049 0.088 0.036 0.052 0.071 0.063 0.072 0.092 0.07;0.037 0.068 0.084 0.049 0.088 0.044 0.085 0.089 0.036 0.052 0.071 0.063 0.092 0.072 0.07;0.037 0.084 0.044 0.036 0.063 0.068 0.049 0.088 0.085 0.052 0.092 0.089 0.072 0.071 0.07;
0.037 0.06 0.053 0.065 0.122 0.085 0.057 0.087 0.031 0.048 0.078 0.059 0.064 0.076 0.078;0.037 0.06 0.085 0.057 0.087 0.053 0.065 0.122 0.031 0.048 0.078 0.059 0.076 0.064 0.078;0.037 0.085 0.053 0.031 0.059 0.06 0.057 0.087 0.065 0.048 0.076 0.122 0.064 0.078 0.078;
0.035 0.079 0.057 0.074 0.088 0.077 0.04 0.104 0.04 0.055 0.072 0.065 0.061 0.097 0.056;0.035 0.079 0.077 0.04 0.104 0.057 0.074 0.088 0.04 0.055 0.072 0.065 0.097 0.061 0.056;0.035 0.077 0.057 0.04 0.065 0.079 0.04 0.104 0.074 0.055 0.097 0.088 0.061 0.072 0.056;
0.04 0.064 0.051 0.082 0.101 0.074 0.038 0.094 0.04 0.041 0.07 0.057 0.064 0.115 0.069;0.04 0.064 0.074 0.038 0.094 0.051 0.082 0.101 0.04 0.041 0.07 0.057 0.115 0.064 0.069;0.04 0.074 0.051 0.04 0.057 0.064 0.038 0.094 0.082 0.041 0.115 0.101 0.064 0.07 0.069;
0.037 0.075 0.046 0.073 0.121 0.087 0.037 0.083 0.044 0.051 0.069 0.066 0.057 0.096 0.058;0.037 0.075 0.087 0.037 0.083 0.046 0.073 0.121 0.044 0.051 0.069 0.066 0.096 0.057 0.058;0.037 0.087 0.046 0.044 0.066 0.075 0.037 0.083 0.073 0.051 0.096 0.121 0.057 0.069 0.058;
0.032 0.055 0.045 0.083 0.104 0.074 0.06 0.077 0.035 0.046 0.089 0.067 0.078 0.091 0.064;0.032 0.055 0.074 0.06 0.077 0.045 0.083 0.104 0.035 0.046 0.089 0.067 0.091 0.078 0.064;0.032 0.074 0.045 0.035 0.067 0.055 0.06 0.077 0.083 0.046 0.091 0.104 0.078 0.089 0.064;
0.043 0.075 0.045 0.069 0.112 0.058 0.044 0.1 0.042 0.051 0.082 0.077 0.06 0.092 0.05;0.043 0.075 0.058 0.044 0.1 0.045 0.069 0.112 0.042 0.051 0.082 0.077 0.092 0.06 0.05;0.043 0.058 0.045 0.042 0.077 0.075 0.044 0.1 0.069 0.051 0.092 0.112 0.06 0.082 0.05;
0.029 0.067 0.053 0.084 0.108 0.057 0.049 0.089 0.041 0.055 0.065 0.065 0.066 0.104 0.068;0.029 0.067 0.057 0.049 0.089 0.053 0.084 0.108 0.041 0.055 0.065 0.065 0.104 0.066 0.068;0.029 0.057 0.053 0.041 0.065 0.067 0.049 0.089 0.084 0.055 0.104 0.108 0.066 0.065 0.068;
0.036 0.066 0.045 0.093 0.1 0.066 0.053 0.094 0.034 0.052 0.059 0.063 0.068 0.094 0.077;0.036 0.066 0.066 0.053 0.094 0.045 0.093 0.1 0.034 0.052 0.059 0.063 0.094 0.068 0.077;0.036 0.066 0.045 0.034 0.063 0.066 0.053 0.094 0.093 0.052 0.094 0.1 0.068 0.059 0.077;
0.036 0.057 0.053 0.074 0.105 0.075 0.038 0.093 0.037 0.049 0.068 0.073 0.081 0.105 0.056;0.036 0.057 0.075 0.038 0.093 0.053 0.074 0.105 0.037 0.049 0.068 0.073 0.105 0.081 0.056;0.036 0.075 0.053 0.037 0.073 0.057 0.038 0.093 0.074 0.049 0.105 0.105 0.081 0.068 0.056;
0.037 0.084 0.059 0.084 0.086 0.075 0.051 0.078 0.046 0.05 0.068 0.063 0.059 0.1 0.06;0.037 0.084 0.075 0.051 0.078 0.059 0.084 0.086 0.046 0.05 0.068 0.063 0.1 0.059 0.06;0.037 0.075 0.059 0.046 0.063 0.084 0.051 0.078 0.084 0.05 0.1 0.086 0.059 0.068 0.06;
0.032 0.067 0.056 0.065 0.117 0.07 0.041 0.093 0.028 0.051 0.074 0.082 0.069 0.095 0.06;0.032 0.067 0.07 0.041 0.093 0.056 0.065 0.117 0.028 0.051 0.074 0.082 0.095 0.069 0.06;0.032 0.07 0.056 0.028 0.082 0.067 0.041 0.093 0.065 0.051 0.095 0.117 0.069 0.074 0.06;
0.032 0.067 0.046 0.07 0.111 0.07 0.044 0.083 0.031 0.058 0.071 0.075 0.074 0.112 0.056;0.032 0.067 0.07 0.044 0.083 0.046 0.07 0.111 0.031 0.058 0.071 0.075 0.112 0.074 0.056;0.032 0.07 0.046 0.031 0.075 0.067 0.044 0.083 0.07 0.058 0.112 0.111 0.074 0.071 0.056;
0.054 0.055 0.044 0.075 0.105 0.067 0.053 0.09 0.038 0.045 0.057 0.074 0.057 0.104 0.082;0.054 0.055 0.067 0.053 0.09 0.044 0.075 0.105 0.038 0.045 0.057 0.074 0.104 0.057 0.082;0.054 0.067 0.044 0.038 0.074 0.055 0.053 0.09 0.075 0.045 0.104 0.105 0.057 0.057 0.082;
0.036 0.061 0.051 0.061 0.099 0.062 0.048 0.089 0.034 0.052 0.08 0.087 0.067 0.1 0.073;0.036 0.061 0.062 0.048 0.089 0.051 0.061 0.099 0.034 0.052 0.08 0.087 0.1 0.067 0.073;0.036 0.062 0.051 0.034 0.087 0.061 0.048 0.089 0.061 0.052 0.1 0.099 0.067 0.08 0.073;
0.046 0.07 0.048 0.079 0.09 0.074 0.044 0.097 0.032 0.053 0.077 0.07 0.058 0.088 0.074;0.046 0.07 0.074 0.044 0.097 0.048 0.079 0.09 0.032 0.053 0.077 0.07 0.088 0.058 0.074;0.046 0.074 0.048 0.032 0.07 0.07 0.044 0.097 0.079 0.053 0.088 0.09 0.058 0.077 0.074;
0.032 0.051 0.057 0.08 0.104 0.072 0.043 0.083 0.026 0.058 0.075 0.076 0.058 0.12 0.065;0.032 0.051 0.072 0.043 0.083 0.057 0.08 0.104 0.026 0.058 0.075 0.076 0.12 0.058 0.065;0.032 0.072 0.057 0.026 0.076 0.051 0.043 0.083 0.08 0.058 0.12 0.104 0.058 0.075 0.065;
0.035 0.083 0.039 0.081 0.119 0.056 0.057 0.091 0.027 0.043 0.064 0.061 0.076 0.096 0.072;0.035 0.083 0.056 0.057 0.091 0.039 0.081 0.119 0.027 0.043 0.064 0.061 0.096 0.076 0.072;0.035 0.056 0.039 0.027 0.061 0.083 0.057 0.091 0.081 0.043 0.096 0.119 0.076 0.064 0.072;
0.037 0.072 0.053 0.079 0.093 0.069 0.055 0.094 0.032 0.041 0.069 0.067 0.063 0.102 0.074;0.037 0.072 0.069 0.055 0.094 0.053 0.079 0.093 0.032 0.041 0.069 0.067 0.102 0.063 0.074;0.037 0.069 0.053 0.032 0.067 0.072 0.055 0.094 0.079 0.041 0.102 0.093 0.063 0.069 0.074;
0.034 0.085 0.054 0.076 0.092 0.063 0.045 0.096 0.043 0.052 0.072 0.07 0.065 0.094 0.059;0.034 0.085 0.063 0.045 0.096 0.054 0.076 0.092 0.043 0.052 0.072 0.07 0.094 0.065 0.059;0.034 0.063 0.054 0.043 0.07 0.085 0.045 0.096 0.076 0.052 0.094 0.092 0.065 0.072 0.059;
0.033 0.074 0.049 0.086 0.095 0.06 0.042 0.086 0.032 0.047 0.067 0.076 0.073 0.107 0.073;0.033 0.074 0.06 0.042 0.086 0.049 0.086 0.095 0.032 0.047 0.067 0.076 0.107 0.073 0.073;0.033 0.06 0.049 0.032 0.076 0.074 0.042 0.086 0.086 0.047 0.107 0.095 0.073 0.067 0.073;
0.033 0.074 0.049 0.073 0.103 0.081 0.054 0.082 0.032 0.056 0.076 0.056 0.065 0.091 0.075;0.033 0.074 0.081 0.054 0.082 0.049 0.073 0.103 0.032 0.056 0.076 0.056 0.091 0.065 0.075;0.033 0.081 0.049 0.032 0.056 0.074 0.054 0.082 0.073 0.056 0.091 0.103 0.065 0.076 0.075;
0.039 0.063 0.052 0.083 0.107 0.071 0.045 0.085 0.034 0.056 0.069 0.062 0.056 0.1 0.078;0.039 0.063 0.071 0.045 0.085 0.052 0.083 0.107 0.034 0.056 0.069 0.062 0.1 0.056 0.078;0.039 0.071 0.052 0.034 0.062 0.063 0.045 0.085 0.083 0.056 0.1 0.107 0.056 0.069 0.078;
0.046 0.075 0.056 0.069 0.086 0.085 0.037 0.096 0.037 0.064 0.055 0.06 0.075 0.089 0.07;0.046 0.075 0.085 0.037 0.096 0.056 0.069 0.086 0.037 0.064 0.055 0.06 0.089 0.075 0.07;0.046 0.085 0.056 0.037 0.06 0.075 0.037 0.096 0.069 0.064 0.089 0.086 0.075 0.055 0.07;
0.048 0.066 0.051 0.055 0.104 0.062 0.045 0.1 0.038 0.042 0.073 0.072 0.066 0.098 0.08;0.048 0.066 0.062 0.045 0.1 0.051 0.055 0.104 0.038 0.042 0.073 0.072 0.098 0.066 0.08;0.048 0.062 0.051 0.038 0.072 0.066 0.045 0.1 0.055 0.042 0.098 0.104 0.066 0.073 0.08;
0.036 0.061 0.051 0.1 0.095 0.09 0.051 0.079 0.031 0.044 0.056 0.075 0.058 0.105 0.068;0.036 0.061 0.09 0.051 0.079 0.051 0.1 0.095 0.031 0.044 0.056 0.075 0.105 0.058 0.068;0.036 0.09 0.051 0.031 0.075 0.061 0.051 0.079 0.1 0.044 0.105 0.095 0.058 0.056 0.068;
0.039 0.07 0.062 0.074 0.111 0.067 0.041 0.098 0.032 0.044 0.07 0.073 0.069 0.098 0.052;0.039 0.07 0.067 0.041 0.098 0.062 0.074 0.111 0.032 0.044 0.07 0.073 0.098 0.069 0.052;0.039 0.067 0.062 0.032 0.073 0.07 0.041 0.098 0.074 0.044 0.098 0.111 0.069 0.07 0.052;
0.031 0.067 0.048 0.071 0.103 0.061 0.057 0.101 0.031 0.044 0.066 0.068 0.069 0.108 0.075;0.031 0.067 0.061 0.057 0.101 0.048 0.071 0.103 0.031 0.044 0.066 0.068 0.108 0.069 0.075;0.031 0.061 0.048 0.031 0.068 0.067 0.057 0.101 0.071 0.044 0.108 0.103 0.069 0.066 0.075;
0.037 0.072 0.046 0.073 0.118 0.062 0.048 0.085 0.043 0.043 0.077 0.064 0.072 0.097 0.063;0.037 0.072 0.062 0.048 0.085 0.046 0.073 0.118 0.043 0.043 0.077 0.064 0.097 0.072 0.063;0.037 0.062 0.046 0.043 0.064 0.072 0.048 0.085 0.073 0.043 0.097 0.118 0.072 0.077 0.063;
0.03 0.069 0.044 0.069 0.106 0.071 0.049 0.1 0.044 0.057 0.067 0.064 0.066 0.106 0.058;0.03 0.069 0.071 0.049 0.1 0.044 0.069 0.106 0.044 0.057 0.067 0.064 0.106 0.066 0.058;0.03 0.071 0.044 0.044 0.064 0.069 0.049 0.1 0.069 0.057 0.106 0.106 0.066 0.067 0.058;
0.034 0.073 0.051 0.066 0.12 0.068 0.037 0.101 0.028 0.05 0.065 0.075 0.058 0.11 0.064;0.034 0.073 0.068 0.037 0.101 0.051 0.066 0.12 0.028 0.05 0.065 0.075 0.11 0.058 0.064;0.034 0.068 0.051 0.028 0.075 0.073 0.037 0.101 0.066 0.05 0.11 0.12 0.058 0.065 0.064;
0.031 0.082 0.045 0.07 0.118 0.077 0.045 0.088 0.032 0.058 0.062 0.063 0.053 0.107 0.069;0.031 0.082 0.077 0.045 0.088 0.045 0.07 0.118 0.032 0.058 0.062 0.063 0.107 0.053 0.069;0.031 0.077 0.045 0.032 0.063 0.082 0.045 0.088 0.07 0.058 0.107 0.118 0.053 0.062 0.069;
0.029 0.068 0.058 0.081 0.111 0.068 0.043 0.081 0.033 0.04 0.077 0.063 0.085 0.091 0.072;0.029 0.068 0.068 0.043 0.081 0.058 0.081 0.111 0.033 0.04 0.077 0.063 0.091 0.085 0.072;0.029 0.068 0.058 0.033 0.063 0.068 0.043 0.081 0.081 0.04 0.091 0.111 0.085 0.077 0.072;
0.032 0.074 0.067 0.066 0.08 0.069 0.046 0.111 0.03 0.058 0.057 0.079 0.081 0.086 0.064;0.032 0.074 0.069 0.046 0.111 0.067 0.066 0.08 0.03 0.058 0.057 0.079 0.086 0.081 0.064;0.032 0.069 0.067 0.03 0.079 0.074 0.046 0.111 0.066 0.058 0.086 0.08 0.081 0.057 0.064;
0.054 0.07 0.047 0.071 0.104 0.063 0.037 0.091 0.036 0.048 0.081 0.074 0.066 0.096 0.062;0.054 0.07 0.063 0.037 0.091 0.047 0.071 0.104 0.036 0.048 0.081 0.074 0.096 0.066 0.062;0.054 0.063 0.047 0.036 0.074 0.07 0.037 0.091 0.071 0.048 0.096 0.104 0.066 0.081 0.062;
0.04 0.07 0.043 0.062 0.093 0.067 0.05 0.091 0.037 0.053 0.073 0.078 0.068 0.104 0.071;0.04 0.07 0.067 0.05 0.091 0.043 0.062 0.093 0.037 0.053 0.073 0.078 0.104 0.068 0.071;0.04 0.067 0.043 0.037 0.078 0.07 0.05 0.091 0.062 0.053 0.104 0.093 0.068 0.073 0.071;
0.032 0.085 0.066 0.068 0.083 0.076 0.056 0.096 0.032 0.054 0.073 0.052 0.063 0.087 0.077;0.032 0.085 0.076 0.056 0.096 0.066 0.068 0.083 0.032 0.054 0.073 0.052 0.087 0.063 0.077;0.032 0.076 0.066 0.032 0.052 0.085 0.056 0.096 0.068 0.054 0.087 0.083 0.063 0.073 0.077;
0.032 0.071 0.057 0.081 0.103 0.079 0.046 0.074 0.034 0.048 0.066 0.07 0.067 0.107 0.065;0.032 0.071 0.079 0.046 0.074 0.057 0.081 0.103 0.034 0.048 0.066 0.07 0.107 0.067 0.065;0.032 0.079 0.057 0.034 0.07 0.071 0.046 0.074 0.081 0.048 0.107 0.103 0.067 0.066 0.065;
0.026 0.066 0.057 0.081 0.111 0.074 0.036 0.084 0.036 0.051 0.066 0.088 0.064 0.096 0.064;0.026 0.066 0.074 0.036 0.084 0.057 0.081 0.111 0.036 0.051 0.066 0.088 0.096 0.064 0.064;0.026 0.074 0.057 0.036 0.088 0.066 0.036 0.084 0.081 0.051 0.096 0.111 0.064 0.066 0.064;
0.038 0.082 0.044 0.071 0.092 0.09 0.043 0.092 0.04 0.044 0.074 0.064 0.058 0.091 0.077;0.038 0.082 0.09 0.043 0.092 0.044 0.071 0.092 0.04 0.044 0.074 0.064 0.091 0.058 0.077;0.038 0.09 0.044 0.04 0.064 0.082 0.043 0.092 0.071 0.044 0.091 0.092 0.058 0.074 0.077;
0.034 0.083 0.05 0.077 0.104 0.063 0.038 0.109 0.031 0.041 0.079 0.07 0.063 0.086 0.072;0.034 0.083 0.063 0.038 0.109 0.05 0.077 0.104 0.031 0.041 0.079 0.07 0.086 0.063 0.072;0.034 0.063 0.05 0.031 0.07 0.083 0.038 0.109 0.077 0.041 0.086 0.104 0.063 0.079 0.072;
0.035 0.072 0.049 0.077 0.103 0.086 0.038 0.088 0.032 0.05 0.074 0.066 0.063 0.098 0.069;0.035 0.072 0.086 0.038 0.088 0.049 0.077 0.103 0.032 0.05 0.074 0.066 0.098 0.063 0.069;0.035 0.086 0.049 0.032 0.066 0.072 0.038 0.088 0.077 0.05 0.098 0.103 0.063 0.074 0.069;
0.029 0.068 0.052 0.069 0.107 0.072 0.044 0.086 0.041 0.054 0.078 0.056 0.071 0.109 0.064;0.029 0.068 0.072 0.044 0.086 0.052 0.069 0.107 0.041 0.054 0.078 0.056 0.109 0.071 0.064;0.029 0.072 0.052 0.041 0.056 0.068 0.044 0.086 0.069 0.054 0.109 0.107 0.071 0.078 0.064;
0.033 0.059 0.048 0.059 0.123 0.074 0.049 0.117 0.031 0.04 0.051 0.068 0.074 0.113 0.061;0.033 0.059 0.074 0.049 0.117 0.048 0.059 0.123 0.031 0.04 0.051 0.068 0.113 0.074 0.061;0.033 0.074 0.048 0.031 0.068 0.059 0.049 0.117 0.059 0.04 0.113 0.123 0.074 0.051 0.061;
0.043 0.068 0.052 0.086 0.085 0.067 0.046 0.088 0.028 0.057 0.064 0.071 0.062 0.112 0.071;0.043 0.068 0.067 0.046 0.088 0.052 0.086 0.085 0.028 0.057 0.064 0.071 0.112 0.062 0.071;0.043 0.067 0.052 0.028 0.071 0.068 0.046 0.088 0.086 0.057 0.112 0.085 0.062 0.064 0.071;
0.027 0.062 0.045 0.081 0.084 0.094 0.049 0.1 0.031 0.057 0.071 0.058 0.088 0.088 0.065;0.027 0.062 0.094 0.049 0.1 0.045 0.081 0.084 0.031 0.057 0.071 0.058 0.088 0.088 0.065;0.027 0.094 0.045 0.031 0.058 0.062 0.049 0.1 0.081 0.057 0.088 0.084 0.088 0.071 0.065;
0.033 0.072 0.055 0.096 0.089 0.068 0.06 0.079 0.036 0.053 0.06 0.071 0.067 0.093 0.068;0.033 0.072 0.068 0.06 0.079 0.055 0.096 0.089 0.036 0.053 0.06 0.071 0.093 0.067 0.068;0.033 0.068 0.055 0.036 0.071 0.072 0.06 0.079 0.096 0.053 0.093 0.089 0.067 0.06 0.068;
0.028 0.066 0.036 0.082 0.086 0.065 0.039 0.099 0.036 0.047 0.07 0.068 0.083 0.128 0.067;0.028 0.066 0.065 0.039 0.099 0.036 0.082 0.086 0.036 0.047 0.07 0.068 0.128 0.083 0.067;0.028 0.065 0.036 0.036 0.068 0.066 0.039 0.099 0.082 0.047 0.128 0.086 0.083 0.07 0.067;
0.031 0.077 0.038 0.076 0.105 0.074 0.039 0.106 0.038 0.045 0.075 0.067 0.073 0.09 0.066;0.031 0.077 0.074 0.039 0.106 0.038 0.076 0.105 0.038 0.045 0.075 0.067 0.09 0.073 0.066;0.031 0.074 0.038 0.038 0.067 0.077 0.039 0.106 0.076 0.045 0.09 0.105 0.073 0.075 0.066;
0.041 0.06 0.064 0.074 0.102 0.067 0.037 0.091 0.032 0.048 0.088 0.069 0.067 0.098 0.062;0.041 0.06 0.067 0.037 0.091 0.064 0.074 0.102 0.032 0.048 0.088 0.069 0.098 0.067 0.062;0.041 0.067 0.064 0.032 0.069 0.06 0.037 0.091 0.074 0.048 0.098 0.102 0.067 0.088 0.062;
0.041 0.072 0.038 0.075 0.104 0.072 0.039 0.082 0.03 0.061 0.072 0.073 0.061 0.105 0.075;0.041 0.072 0.072 0.039 0.082 0.038 0.075 0.104 0.03 0.061 0.072 0.073 0.105 0.061 0.075;0.041 0.072 0.038 0.03 0.073 0.072 0.039 0.082 0.075 0.061 0.105 0.104 0.061 0.072 0.075;
0.023 0.068 0.052 0.061 0.111 0.069 0.052 0.098 0.039 0.05 0.063 0.073 0.067 0.099 0.075;0.023 0.068 0.069 0.052 0.098 0.052 0.061 0.111 0.039 0.05 0.063 0.073 0.099 0.067 0.075;0.023 0.069 0.052 0.039 0.073 0.068 0.052 0.098 0.061 0.05 0.099 0.111 0.067 0.063 0.075;
0.042 0.074 0.052 0.073 0.112 0.074 0.05 0.092 0.031 0.037 0.064 0.062 0.073 0.098 0.066;0.042 0.074 0.074 0.05 0.092 0.052 0.073 0.112 0.031 0.037 0.064 0.062 0.098 0.073 0.066;0.042 0.074 0.052 0.031 0.062 0.074 0.05 0.092 0.073 0.037 0.098 0.112 0.073 0.064 0.066;
0.038 0.073 0.054 0.074 0.116 0.077 0.042 0.08 0.035 0.049 0.066 0.058 0.077 0.089 0.072;0.038 0.073 0.077 0.042 0.08 0.054 0.074 0.116 0.035 0.049 0.066 0.058 0.089 0.077 0.072;0.038 0.077 0.054 0.035 0.058 0.073 0.042 0.08 0.074 0.049 0.089 0.116 0.077 0.066 0.072;
0.031 0.066 0.048 0.079 0.097 0.082 0.051 0.083 0.03 0.051 0.063 0.071 0.065 0.108 0.075;0.031 0.066 0.082 0.051 0.083 0.048 0.079 0.097 0.03 0.051 0.063 0.071 0.108 0.065 0.075;0.031 0.082 0.048 0.03 0.071 0.066 0.051 0.083 0.079 0.051 0.108 0.097 0.065 0.063 0.075;
0.04 0.08 0.052 0.072 0.088 0.057 0.051 0.081 0.032 0.044 0.083 0.077 0.071 0.097 0.075;0.04 0.08 0.057 0.051 0.081 0.052 0.072 0.088 0.032 0.044 0.083 0.077 0.097 0.071 0.075;0.04 0.057 0.052 0.032 0.077 0.08 0.051 0.081 0.072 0.044 0.097 0.088 0.071 0.083 0.075;
0.033 0.073 0.044 0.07 0.119 0.069 0.042 0.087 0.026 0.063 0.066 0.09 0.068 0.1 0.05;0.033 0.073 0.069 0.042 0.087 0.044 0.07 0.119 0.026 0.063 0.066 0.09 0.1 0.068 0.05;0.033 0.069 0.044 0.026 0.09 0.073 0.042 0.087 0.07 0.063 0.1 0.119 0.068 0.066 0.05;
0.035 0.069 0.055 0.066 0.119 0.078 0.047 0.082 0.031 0.044 0.07 0.061 0.068 0.112 0.063;0.035 0.069 0.078 0.047 0.082 0.055 0.066 0.119 0.031 0.044 0.07 0.061 0.112 0.068 0.063;0.035 0.078 0.055 0.031 0.061 0.069 0.047 0.082 0.066 0.044 0.112 0.119 0.068 0.07 0.063;
0.03 0.071 0.054 0.076 0.102 0.075 0.046 0.085 0.033 0.063 0.069 0.067 0.068 0.098 0.063;0.03 0.071 0.075 0.046 0.085 0.054 0.076 0.102 0.033 0.063 0.069 0.067 0.098 0.068 0.063;0.03 0.075 0.054 0.033 0.067 0.071 0.046 0.085 0.076 0.063 0.098 0.102 0.068 0.069 0.063;
0.03 0.071 0.053 0.062 0.109 0.076 0.056 0.1 0.035 0.045 0.069 0.075 0.056 0.092 0.071;0.03 0.071 0.076 0.056 0.1 0.053 0.062 0.109 0.035 0.045 0.069 0.075 0.092 0.056 0.071;0.03 0.076 0.053 0.035 0.075 0.071 0.056 0.1 0.062 0.045 0.092 0.109 0.056 0.069 0.071;
0.029 0.079 0.05 0.09 0.102 0.052 0.057 0.09 0.031 0.057 0.07 0.067 0.069 0.094 0.063;0.029 0.079 0.052 0.057 0.09 0.05 0.09 0.102 0.031 0.057 0.07 0.067 0.094 0.069 0.063;0.029 0.052 0.05 0.031 0.067 0.079 0.057 0.09 0.09 0.057 0.094 0.102 0.069 0.07 0.063;
0.043 0.07 0.058 0.08 0.119 0.073 0.039 0.089 0.027 0.039 0.046 0.063 0.082 0.111 0.061;0.043 0.07 0.073 0.039 0.089 0.058 0.08 0.119 0.027 0.039 0.046 0.063 0.111 0.082 0.061;0.043 0.073 0.058 0.027 0.063 0.07 0.039 0.089 0.08 0.039 0.111 0.119 0.082 0.046 0.061;
0.041 0.076 0.042 0.082 0.089 0.063 0.042 0.097 0.043 0.05 0.068 0.083 0.067 0.094 0.063;0.041 0.076 0.063 0.042 0.097 0.042 0.082 0.089 0.043 0.05 0.068 0.083 0.094 0.067 0.063;0.041 0.063 0.042 0.043 0.083 0.076 0.042 0.097 0.082 0.05 0.094 0.089 0.067 0.068 0.063;
0.041 0.075 0.035 0.065 0.108 0.061 0.068 0.103 0.044 0.05 0.057 0.057 0.056 0.112 0.068;0.041 0.075 0.061 0.068 0.103 0.035 0.065 0.108 0.044 0.05 0.057 0.057 0.112 0.056 0.068;0.041 0.061 0.035 0.044 0.057 0.075 0.068 0.103 0.065 0.05 0.112 0.108 0.056 0.057 0.068];