pntP=[0.024 0.048 0.048 0.05 0.109 0.047 0.045 0.083 0.045 0.06 0.09 0.082 0.082 0.099 0.088;0.024 0.048 0.047 0.045 0.083 0.048 0.05 0.109 0.045 0.06 0.09 0.082 0.099 0.082 0.088;0.024 0.047 0.048 0.045 0.082 0.048 0.045 0.083 0.05 0.06 0.099 0.109 0.082 0.09 0.088;
0.024 0.054 0.041 0.064 0.115 0.048 0.05 0.087 0.044 0.043 0.07 0.099 0.083 0.092 0.086;0.024 0.054 0.048 0.05 0.087 0.041 0.064 0.115 0.044 0.043 0.07 0.099 0.092 0.083 0.086;0.024 0.048 0.041 0.044 0.099 0.054 0.05 0.087 0.064 0.043 0.092 0.115 0.083 0.07 0.086;
0.016 0.055 0.059 0.056 0.106 0.039 0.043 0.098 0.042 0.047 0.097 0.082 0.08 0.081 0.099;0.016 0.055 0.039 0.043 0.098 0.059 0.056 0.106 0.042 0.047 0.097 0.082 0.081 0.08 0.099;0.016 0.039 0.059 0.042 0.082 0.055 0.043 0.098 0.056 0.047 0.081 0.106 0.08 0.097 0.099;
0.021 0.045 0.053 0.047 0.09 0.051 0.046 0.09 0.055 0.053 0.086 0.077 0.098 0.092 0.096;0.021 0.045 0.051 0.046 0.09 0.053 0.047 0.09 0.055 0.053 0.086 0.077 0.092 0.098 0.096;0.021 0.051 0.053 0.055 0.077 0.045 0.046 0.09 0.047 0.053 0.092 0.09 0.098 0.086 0.096;
0.02 0.031 0.054 0.055 0.091 0.048 0.047 0.07 0.038 0.056 0.102 0.093 0.096 0.1 0.099;0.02 0.031 0.048 0.047 0.07 0.054 0.055 0.091 0.038 0.056 0.102 0.093 0.1 0.096 0.099;0.02 0.048 0.054 0.038 0.093 0.031 0.047 0.07 0.055 0.056 0.1 0.091 0.096 0.102 0.099;
0.011 0.038 0.057 0.055 0.121 0.051 0.04 0.104 0.042 0.05 0.101 0.092 0.088 0.073 0.077;0.011 0.038 0.051 0.04 0.104 0.057 0.055 0.121 0.042 0.05 0.101 0.092 0.073 0.088 0.077;0.011 0.051 0.057 0.042 0.092 0.038 0.04 0.104 0.055 0.05 0.073 0.121 0.088 0.101 0.077;
0.012 0.052 0.046 0.05 0.105 0.049 0.041 0.102 0.042 0.058 0.087 0.098 0.078 0.091 0.089;0.012 0.052 0.049 0.041 0.102 0.046 0.05 0.105 0.042 0.058 0.087 0.098 0.091 0.078 0.089;0.012 0.049 0.046 0.042 0.098 0.052 0.041 0.102 0.05 0.058 0.091 0.105 0.078 0.087 0.089;
0.018 0.05 0.05 0.062 0.086 0.054 0.051 0.105 0.048 0.045 0.105 0.088 0.073 0.083 0.082;0.018 0.05 0.054 0.051 0.105 0.05 0.062 0.086 0.048 0.045 0.105 0.088 0.083 0.073 0.082;0.018 0.054 0.05 0.048 0.088 0.05 0.051 0.105 0.062 0.045 0.083 0.086 0.073 0.105 0.082;
0.018 0.051 0.033 0.051 0.091 0.057 0.051 0.088 0.037 0.059 0.096 0.096 0.09 0.105 0.077;0.018 0.051 0.057 0.051 0.088 0.033 0.051 0.091 0.037 0.059 0.096 0.096 0.105 0.09 0.077;0.018 0.057 0.033 0.037 0.096 0.051 0.051 0.088 0.051 0.059 0.105 0.091 0.09 0.096 0.077;
0.023 0.05 0.052 0.043 0.091 0.05 0.049 0.097 0.042 0.058 0.089 0.086 0.072 0.107 0.091;0.023 0.05 0.05 0.049 0.097 0.052 0.043 0.091 0.042 0.058 0.089 0.086 0.107 0.072 0.091;0.023 0.05 0.052 0.042 0.086 0.05 0.049 0.097 0.043 0.058 0.107 0.091 0.072 0.089 0.091;
0.016 0.04 0.037 0.052 0.109 0.044 0.045 0.102 0.045 0.046 0.099 0.085 0.086 0.102 0.092;0.016 0.04 0.044 0.045 0.102 0.037 0.052 0.109 0.045 0.046 0.099 0.085 0.102 0.086 0.092;0.016 0.044 0.037 0.045 0.085 0.04 0.045 0.102 0.052 0.046 0.102 0.109 0.086 0.099 0.092;
0.021 0.05 0.041 0.054 0.085 0.047 0.039 0.086 0.034 0.048 0.108 0.1 0.079 0.106 0.102;0.021 0.05 0.047 0.039 0.086 0.041 0.054 0.085 0.034 0.048 0.108 0.1 0.106 0.079 0.102;0.021 0.047 0.041 0.034 0.1 0.05 0.039 0.086 0.054 0.048 0.106 0.085 0.079 0.108 0.102;
0.025 0.051 0.054 0.056 0.1 0.044 0.052 0.078 0.041 0.047 0.099 0.086 0.077 0.102 0.088;0.025 0.051 0.044 0.052 0.078 0.054 0.056 0.1 0.041 0.047 0.099 0.086 0.102 0.077 0.088;0.025 0.044 0.054 0.041 0.086 0.051 0.052 0.078 0.056 0.047 0.102 0.1 0.077 0.099 0.088;
0.021 0.055 0.052 0.047 0.099 0.036 0.046 0.082 0.039 0.048 0.1 0.086 0.087 0.111 0.091;0.021 0.055 0.036 0.046 0.082 0.052 0.047 0.099 0.039 0.048 0.1 0.086 0.111 0.087 0.091;0.021 0.036 0.052 0.039 0.086 0.055 0.046 0.082 0.047 0.048 0.111 0.099 0.087 0.1 0.091;
0.023 0.045 0.051 0.06 0.08 0.049 0.033 0.098 0.045 0.045 0.096 0.091 0.091 0.108 0.085;0.023 0.045 0.049 0.033 0.098 0.051 0.06 0.08 0.045 0.045 0.096 0.091 0.108 0.091 0.085;0.023 0.049 0.051 0.045 0.091 0.045 0.033 0.098 0.06 0.045 0.108 0.08 0.091 0.096 0.085;
0.027 0.057 0.045 0.05 0.099 0.044 0.056 0.078 0.054 0.053 0.084 0.083 0.085 0.098 0.087;0.027 0.057 0.044 0.056 0.078 0.045 0.05 0.099 0.054 0.053 0.084 0.083 0.098 0.085 0.087;0.027 0.044 0.045 0.054 0.083 0.057 0.056 0.078 0.05 0.053 0.098 0.099 0.085 0.084 0.087;
0.012 0.046 0.046 0.054 0.093 0.052 0.038 0.094 0.045 0.046 0.101 0.088 0.087 0.101 0.097;0.012 0.046 0.052 0.038 0.094 0.046 0.054 0.093 0.045 0.046 0.101 0.088 0.101 0.087 0.097;0.012 0.052 0.046 0.045 0.088 0.046 0.038 0.094 0.054 0.046 0.101 0.093 0.087 0.101 0.097;
0.016 0.053 0.042 0.048 0.082 0.049 0.061 0.087 0.051 0.054 0.085 0.089 0.112 0.091 0.08;0.016 0.053 0.049 0.061 0.087 0.042 0.048 0.082 0.051 0.054 0.085 0.089 0.091 0.112 0.08;0.016 0.049 0.042 0.051 0.089 0.053 0.061 0.087 0.048 0.054 0.091 0.082 0.112 0.085 0.08;
0.021 0.053 0.05 0.052 0.085 0.046 0.052 0.095 0.04 0.044 0.088 0.083 0.091 0.106 0.094;0.021 0.053 0.046 0.052 0.095 0.05 0.052 0.085 0.04 0.044 0.088 0.083 0.106 0.091 0.094;0.021 0.046 0.05 0.04 0.083 0.053 0.052 0.095 0.052 0.044 0.106 0.085 0.091 0.088 0.094;
0.017 0.051 0.036 0.054 0.095 0.049 0.04 0.1 0.038 0.061 0.093 0.096 0.085 0.09 0.095;0.017 0.051 0.049 0.04 0.1 0.036 0.054 0.095 0.038 0.061 0.093 0.096 0.09 0.085 0.095;0.017 0.049 0.036 0.038 0.096 0.051 0.04 0.1 0.054 0.061 0.09 0.095 0.085 0.093 0.095;
0.021 0.044 0.046 0.047 0.095 0.05 0.043 0.096 0.057 0.061 0.093 0.084 0.087 0.092 0.084;0.021 0.044 0.05 0.043 0.096 0.046 0.047 0.095 0.057 0.061 0.093 0.084 0.092 0.087 0.084;0.021 0.05 0.046 0.057 0.084 0.044 0.043 0.096 0.047 0.061 0.092 0.095 0.087 0.093 0.084;
0.016 0.036 0.05 0.055 0.098 0.049 0.048 0.085 0.049 0.053 0.085 0.111 0.095 0.091 0.079;0.016 0.036 0.049 0.048 0.085 0.05 0.055 0.098 0.049 0.053 0.085 0.111 0.091 0.095 0.079;0.016 0.049 0.05 0.049 0.111 0.036 0.048 0.085 0.055 0.053 0.091 0.098 0.095 0.085 0.079;
0.02 0.051 0.047 0.06 0.08 0.046 0.047 0.087 0.047 0.04 0.103 0.097 0.101 0.092 0.082;0.02 0.051 0.046 0.047 0.087 0.047 0.06 0.08 0.047 0.04 0.103 0.097 0.092 0.101 0.082;0.02 0.046 0.047 0.047 0.097 0.051 0.047 0.087 0.06 0.04 0.092 0.08 0.101 0.103 0.082;
0.024 0.049 0.061 0.046 0.085 0.051 0.044 0.09 0.044 0.056 0.08 0.093 0.08 0.111 0.086;0.024 0.049 0.051 0.044 0.09 0.061 0.046 0.085 0.044 0.056 0.08 0.093 0.111 0.08 0.086;0.024 0.051 0.061 0.044 0.093 0.049 0.044 0.09 0.046 0.056 0.111 0.085 0.08 0.08 0.086;
0.028 0.051 0.051 0.053 0.096 0.064 0.039 0.086 0.037 0.042 0.097 0.09 0.09 0.094 0.082;0.028 0.051 0.064 0.039 0.086 0.051 0.053 0.096 0.037 0.042 0.097 0.09 0.094 0.09 0.082;0.028 0.064 0.051 0.037 0.09 0.051 0.039 0.086 0.053 0.042 0.094 0.096 0.09 0.097 0.082;
0.023 0.063 0.046 0.06 0.095 0.045 0.043 0.079 0.043 0.038 0.098 0.078 0.094 0.101 0.094;0.023 0.063 0.045 0.043 0.079 0.046 0.06 0.095 0.043 0.038 0.098 0.078 0.101 0.094 0.094;0.023 0.045 0.046 0.043 0.078 0.063 0.043 0.079 0.06 0.038 0.101 0.095 0.094 0.098 0.094;
0.023 0.055 0.045 0.056 0.081 0.051 0.043 0.097 0.032 0.046 0.07 0.11 0.104 0.104 0.083;0.023 0.055 0.051 0.043 0.097 0.045 0.056 0.081 0.032 0.046 0.07 0.11 0.104 0.104 0.083;0.023 0.051 0.045 0.032 0.11 0.055 0.043 0.097 0.056 0.046 0.104 0.081 0.104 0.07 0.083;
0.019 0.051 0.05 0.061 0.102 0.056 0.037 0.096 0.048 0.049 0.086 0.096 0.096 0.079 0.074;0.019 0.051 0.056 0.037 0.096 0.05 0.061 0.102 0.048 0.049 0.086 0.096 0.079 0.096 0.074;0.019 0.056 0.05 0.048 0.096 0.051 0.037 0.096 0.061 0.049 0.079 0.102 0.096 0.086 0.074;
0.033 0.053 0.067 0.047 0.102 0.049 0.043 0.077 0.05 0.05 0.09 0.088 0.081 0.095 0.075;0.033 0.053 0.049 0.043 0.077 0.067 0.047 0.102 0.05 0.05 0.09 0.088 0.095 0.081 0.075;0.033 0.049 0.067 0.05 0.088 0.053 0.043 0.077 0.047 0.05 0.095 0.102 0.081 0.09 0.075;
0.013 0.051 0.058 0.043 0.084 0.053 0.049 0.089 0.048 0.049 0.1 0.094 0.088 0.104 0.077;0.013 0.051 0.053 0.049 0.089 0.058 0.043 0.084 0.048 0.049 0.1 0.094 0.104 0.088 0.077;0.013 0.053 0.058 0.048 0.094 0.051 0.049 0.089 0.043 0.049 0.104 0.084 0.088 0.1 0.077;
0.021 0.046 0.044 0.06 0.09 0.035 0.053 0.095 0.043 0.06 0.083 0.082 0.088 0.096 0.104;0.021 0.046 0.035 0.053 0.095 0.044 0.06 0.09 0.043 0.06 0.083 0.082 0.096 0.088 0.104;0.021 0.035 0.044 0.043 0.082 0.046 0.053 0.095 0.06 0.06 0.096 0.09 0.088 0.083 0.104;
0.024 0.052 0.047 0.046 0.098 0.05 0.041 0.092 0.039 0.06 0.088 0.085 0.099 0.086 0.093;0.024 0.052 0.05 0.041 0.092 0.047 0.046 0.098 0.039 0.06 0.088 0.085 0.086 0.099 0.093;0.024 0.05 0.047 0.039 0.085 0.052 0.041 0.092 0.046 0.06 0.086 0.098 0.099 0.088 0.093;
0.017 0.046 0.044 0.061 0.1 0.038 0.036 0.09 0.039 0.05 0.11 0.093 0.092 0.104 0.08;0.017 0.046 0.038 0.036 0.09 0.044 0.061 0.1 0.039 0.05 0.11 0.093 0.104 0.092 0.08;0.017 0.038 0.044 0.039 0.093 0.046 0.036 0.09 0.061 0.05 0.104 0.1 0.092 0.11 0.08;
0.01 0.06 0.043 0.055 0.089 0.055 0.044 0.088 0.047 0.055 0.083 0.096 0.094 0.096 0.085;0.01 0.06 0.055 0.044 0.088 0.043 0.055 0.089 0.047 0.055 0.083 0.096 0.096 0.094 0.085;0.01 0.055 0.043 0.047 0.096 0.06 0.044 0.088 0.055 0.055 0.096 0.089 0.094 0.083 0.085;
0.02 0.056 0.049 0.052 0.116 0.058 0.055 0.08 0.041 0.046 0.088 0.081 0.083 0.086 0.089;0.02 0.056 0.058 0.055 0.08 0.049 0.052 0.116 0.041 0.046 0.088 0.081 0.086 0.083 0.089;0.02 0.058 0.049 0.041 0.081 0.056 0.055 0.08 0.052 0.046 0.086 0.116 0.083 0.088 0.089;
0.017 0.05 0.053 0.043 0.103 0.048 0.048 0.094 0.043 0.044 0.102 0.074 0.08 0.113 0.088;0.017 0.05 0.048 0.048 0.094 0.053 0.043 0.103 0.043 0.044 0.102 0.074 0.113 0.08 0.088;0.017 0.048 0.053 0.043 0.074 0.05 0.048 0.094 0.043 0.044 0.113 0.103 0.08 0.102 0.088;
0.019 0.04 0.053 0.047 0.098 0.044 0.049 0.097 0.048 0.054 0.087 0.09 0.08 0.111 0.083;0.019 0.04 0.044 0.049 0.097 0.053 0.047 0.098 0.048 0.054 0.087 0.09 0.111 0.08 0.083;0.019 0.044 0.053 0.048 0.09 0.04 0.049 0.097 0.047 0.054 0.111 0.098 0.08 0.087 0.083;
0.02 0.04 0.038 0.047 0.096 0.05 0.038 0.105 0.046 0.046 0.104 0.097 0.096 0.087 0.09;0.02 0.04 0.05 0.038 0.105 0.038 0.047 0.096 0.046 0.046 0.104 0.097 0.087 0.096 0.09;0.02 0.05 0.038 0.046 0.097 0.04 0.038 0.105 0.047 0.046 0.087 0.096 0.096 0.104 0.09;
0.026 0.046 0.049 0.057 0.087 0.059 0.032 0.105 0.046 0.053 0.089 0.087 0.086 0.098 0.08;0.026 0.046 0.059 0.032 0.105 0.049 0.057 0.087 0.046 0.053 0.089 0.087 0.098 0.086 0.08;0.026 0.059 0.049 0.046 0.087 0.046 0.032 0.105 0.057 0.053 0.098 0.087 0.086 0.089 0.08;
0.022 0.042 0.042 0.043 0.087 0.044 0.047 0.112 0.067 0.039 0.093 0.084 0.104 0.088 0.086;0.022 0.042 0.044 0.047 0.112 0.042 0.043 0.087 0.067 0.039 0.093 0.084 0.088 0.104 0.086;0.022 0.044 0.042 0.067 0.084 0.042 0.047 0.112 0.043 0.039 0.088 0.087 0.104 0.093 0.086;
0.023 0.051 0.044 0.06 0.097 0.049 0.046 0.096 0.049 0.053 0.089 0.106 0.088 0.092 0.057;0.023 0.051 0.049 0.046 0.096 0.044 0.06 0.097 0.049 0.053 0.089 0.106 0.092 0.088 0.057;0.023 0.049 0.044 0.049 0.106 0.051 0.046 0.096 0.06 0.053 0.092 0.097 0.088 0.089 0.057;
0.017 0.051 0.041 0.057 0.098 0.067 0.032 0.09 0.043 0.049 0.086 0.076 0.093 0.108 0.092;0.017 0.051 0.067 0.032 0.09 0.041 0.057 0.098 0.043 0.049 0.086 0.076 0.108 0.093 0.092;0.017 0.067 0.041 0.043 0.076 0.051 0.032 0.09 0.057 0.049 0.108 0.098 0.093 0.086 0.092;
0.024 0.046 0.04 0.056 0.097 0.048 0.051 0.084 0.038 0.045 0.086 0.088 0.112 0.108 0.077;0.024 0.046 0.048 0.051 0.084 0.04 0.056 0.097 0.038 0.045 0.086 0.088 0.108 0.112 0.077;0.024 0.048 0.04 0.038 0.088 0.046 0.051 0.084 0.056 0.045 0.108 0.097 0.112 0.086 0.077;
0.018 0.047 0.046 0.062 0.091 0.041 0.052 0.093 0.033 0.044 0.087 0.101 0.093 0.106 0.086;0.018 0.047 0.041 0.052 0.093 0.046 0.062 0.091 0.033 0.044 0.087 0.101 0.106 0.093 0.086;0.018 0.041 0.046 0.033 0.101 0.047 0.052 0.093 0.062 0.044 0.106 0.091 0.093 0.087 0.086;
0.021 0.052 0.056 0.058 0.09 0.042 0.049 0.089 0.033 0.071 0.088 0.074 0.106 0.089 0.082;0.021 0.052 0.042 0.049 0.089 0.056 0.058 0.09 0.033 0.071 0.088 0.074 0.089 0.106 0.082;0.021 0.042 0.056 0.033 0.074 0.052 0.049 0.089 0.058 0.071 0.089 0.09 0.106 0.088 0.082;
0.014 0.049 0.042 0.048 0.115 0.065 0.041 0.096 0.05 0.048 0.077 0.086 0.091 0.085 0.093;0.014 0.049 0.065 0.041 0.096 0.042 0.048 0.115 0.05 0.048 0.077 0.086 0.085 0.091 0.093;0.014 0.065 0.042 0.05 0.086 0.049 0.041 0.096 0.048 0.048 0.085 0.115 0.091 0.077 0.093;
0.02 0.042 0.04 0.046 0.091 0.061 0.057 0.09 0.044 0.05 0.093 0.087 0.089 0.112 0.078;0.02 0.042 0.061 0.057 0.09 0.04 0.046 0.091 0.044 0.05 0.093 0.087 0.112 0.089 0.078;0.02 0.061 0.04 0.044 0.087 0.042 0.057 0.09 0.046 0.05 0.112 0.091 0.089 0.093 0.078;
0.023 0.05 0.053 0.043 0.087 0.061 0.044 0.085 0.052 0.059 0.076 0.097 0.083 0.093 0.094;0.023 0.05 0.061 0.044 0.085 0.053 0.043 0.087 0.052 0.059 0.076 0.097 0.093 0.083 0.094;0.023 0.061 0.053 0.052 0.097 0.05 0.044 0.085 0.043 0.059 0.093 0.087 0.083 0.076 0.094;
0.021 0.041 0.049 0.059 0.093 0.057 0.045 0.086 0.026 0.035 0.095 0.097 0.111 0.096 0.089;0.021 0.041 0.057 0.045 0.086 0.049 0.059 0.093 0.026 0.035 0.095 0.097 0.096 0.111 0.089;0.021 0.057 0.049 0.026 0.097 0.041 0.045 0.086 0.059 0.035 0.096 0.093 0.111 0.095 0.089;
0.014 0.055 0.048 0.055 0.09 0.049 0.04 0.101 0.056 0.049 0.089 0.094 0.083 0.101 0.076;0.014 0.055 0.049 0.04 0.101 0.048 0.055 0.09 0.056 0.049 0.089 0.094 0.101 0.083 0.076;0.014 0.049 0.048 0.056 0.094 0.055 0.04 0.101 0.055 0.049 0.101 0.09 0.083 0.089 0.076;
0.02 0.054 0.05 0.056 0.088 0.049 0.046 0.089 0.038 0.052 0.094 0.097 0.096 0.1 0.071;0.02 0.054 0.049 0.046 0.089 0.05 0.056 0.088 0.038 0.052 0.094 0.097 0.1 0.096 0.071;0.02 0.049 0.05 0.038 0.097 0.054 0.046 0.089 0.056 0.052 0.1 0.088 0.096 0.094 0.071;
0.019 0.042 0.058 0.069 0.098 0.046 0.041 0.1 0.045 0.054 0.074 0.084 0.069 0.104 0.097;0.019 0.042 0.046 0.041 0.1 0.058 0.069 0.098 0.045 0.054 0.074 0.084 0.104 0.069 0.097;0.019 0.046 0.058 0.045 0.084 0.042 0.041 0.1 0.069 0.054 0.104 0.098 0.069 0.074 0.097;
0.022 0.051 0.047 0.046 0.086 0.054 0.048 0.09 0.043 0.053 0.073 0.094 0.107 0.104 0.082;0.022 0.051 0.054 0.048 0.09 0.047 0.046 0.086 0.043 0.053 0.073 0.094 0.104 0.107 0.082;0.022 0.054 0.047 0.043 0.094 0.051 0.048 0.09 0.046 0.053 0.104 0.086 0.107 0.073 0.082;
0.022 0.049 0.055 0.057 0.1 0.052 0.044 0.096 0.04 0.049 0.083 0.085 0.091 0.084 0.093;0.022 0.049 0.052 0.044 0.096 0.055 0.057 0.1 0.04 0.049 0.083 0.085 0.084 0.091 0.093;0.022 0.052 0.055 0.04 0.085 0.049 0.044 0.096 0.057 0.049 0.084 0.1 0.091 0.083 0.093;
0.023 0.049 0.048 0.065 0.093 0.051 0.042 0.093 0.044 0.048 0.079 0.091 0.092 0.099 0.083;0.023 0.049 0.051 0.042 0.093 0.048 0.065 0.093 0.044 0.048 0.079 0.091 0.099 0.092 0.083;0.023 0.051 0.048 0.044 0.091 0.049 0.042 0.093 0.065 0.048 0.099 0.093 0.092 0.079 0.083;
0.017 0.053 0.055 0.045 0.095 0.052 0.041 0.086 0.047 0.055 0.099 0.085 0.082 0.108 0.08;0.017 0.053 0.052 0.041 0.086 0.055 0.045 0.095 0.047 0.055 0.099 0.085 0.108 0.082 0.08;0.017 0.052 0.055 0.047 0.085 0.053 0.041 0.086 0.045 0.055 0.108 0.095 0.082 0.099 0.08;
0.015 0.048 0.052 0.054 0.114 0.056 0.053 0.089 0.035 0.056 0.092 0.058 0.099 0.099 0.08;0.015 0.048 0.056 0.053 0.089 0.052 0.054 0.114 0.035 0.056 0.092 0.058 0.099 0.099 0.08;0.015 0.056 0.052 0.035 0.058 0.048 0.053 0.089 0.054 0.056 0.099 0.114 0.099 0.092 0.08;
0.016 0.048 0.057 0.045 0.115 0.043 0.036 0.093 0.047 0.059 0.091 0.079 0.086 0.099 0.086;0.016 0.048 0.043 0.036 0.093 0.057 0.045 0.115 0.047 0.059 0.091 0.079 0.099 0.086 0.086;0.016 0.043 0.057 0.047 0.079 0.048 0.036 0.093 0.045 0.059 0.099 0.115 0.086 0.091 0.086;
0.015 0.041 0.054 0.055 0.113 0.055 0.042 0.1 0.045 0.069 0.075 0.071 0.085 0.092 0.088;0.015 0.041 0.055 0.042 0.1 0.054 0.055 0.113 0.045 0.069 0.075 0.071 0.092 0.085 0.088;0.015 0.055 0.054 0.045 0.071 0.041 0.042 0.1 0.055 0.069 0.092 0.113 0.085 0.075 0.088;
0.023 0.056 0.048 0.051 0.094 0.061 0.04 0.078 0.047 0.045 0.085 0.105 0.086 0.103 0.078;0.023 0.056 0.061 0.04 0.078 0.048 0.051 0.094 0.047 0.045 0.085 0.105 0.103 0.086 0.078;0.023 0.061 0.048 0.047 0.105 0.056 0.04 0.078 0.051 0.045 0.103 0.094 0.086 0.085 0.078;
0.014 0.055 0.051 0.051 0.106 0.049 0.051 0.099 0.042 0.052 0.086 0.088 0.081 0.093 0.082;0.014 0.055 0.049 0.051 0.099 0.051 0.051 0.106 0.042 0.052 0.086 0.088 0.093 0.081 0.082;0.014 0.049 0.051 0.042 0.088 0.055 0.051 0.099 0.051 0.052 0.093 0.106 0.081 0.086 0.082;
0.018 0.045 0.046 0.059 0.091 0.046 0.042 0.076 0.046 0.049 0.095 0.1 0.094 0.102 0.091;0.018 0.045 0.046 0.042 0.076 0.046 0.059 0.091 0.046 0.049 0.095 0.1 0.102 0.094 0.091;0.018 0.046 0.046 0.046 0.1 0.045 0.042 0.076 0.059 0.049 0.102 0.091 0.094 0.095 0.091;
0.024 0.052 0.047 0.053 0.109 0.061 0.04 0.082 0.038 0.041 0.084 0.087 0.1 0.083 0.099;0.024 0.052 0.061 0.04 0.082 0.047 0.053 0.109 0.038 0.041 0.084 0.087 0.083 0.1 0.099;0.024 0.061 0.047 0.038 0.087 0.052 0.04 0.082 0.053 0.041 0.083 0.109 0.1 0.084 0.099;
0.017 0.055 0.058 0.05 0.086 0.054 0.043 0.104 0.044 0.057 0.08 0.082 0.097 0.086 0.087;0.017 0.055 0.054 0.043 0.104 0.058 0.05 0.086 0.044 0.057 0.08 0.082 0.086 0.097 0.087;0.017 0.054 0.058 0.044 0.082 0.055 0.043 0.104 0.05 0.057 0.086 0.086 0.097 0.08 0.087;
0.017 0.047 0.054 0.056 0.092 0.058 0.05 0.093 0.031 0.037 0.086 0.085 0.086 0.106 0.102;0.017 0.047 0.058 0.05 0.093 0.054 0.056 0.092 0.031 0.037 0.086 0.085 0.106 0.086 0.102;0.017 0.058 0.054 0.031 0.085 0.047 0.05 0.093 0.056 0.037 0.106 0.092 0.086 0.086 0.102;
0.027 0.054 0.047 0.049 0.094 0.043 0.041 0.097 0.048 0.053 0.079 0.092 0.095 0.093 0.088;0.027 0.054 0.043 0.041 0.097 0.047 0.049 0.094 0.048 0.053 0.079 0.092 0.093 0.095 0.088;0.027 0.043 0.047 0.048 0.092 0.054 0.041 0.097 0.049 0.053 0.093 0.094 0.095 0.079 0.088;
0.017 0.051 0.062 0.067 0.101 0.039 0.048 0.082 0.048 0.049 0.079 0.087 0.083 0.103 0.084;0.017 0.051 0.039 0.048 0.082 0.062 0.067 0.101 0.048 0.049 0.079 0.087 0.103 0.083 0.084;0.017 0.039 0.062 0.048 0.087 0.051 0.048 0.082 0.067 0.049 0.103 0.101 0.083 0.079 0.084;
0.015 0.052 0.057 0.041 0.083 0.05 0.054 0.081 0.05 0.064 0.088 0.082 0.088 0.096 0.099;0.015 0.052 0.05 0.054 0.081 0.057 0.041 0.083 0.05 0.064 0.088 0.082 0.096 0.088 0.099;0.015 0.05 0.057 0.05 0.082 0.052 0.054 0.081 0.041 0.064 0.096 0.083 0.088 0.088 0.099;
0.023 0.046 0.041 0.043 0.085 0.05 0.051 0.119 0.049 0.063 0.082 0.097 0.094 0.097 0.06;0.023 0.046 0.05 0.051 0.119 0.041 0.043 0.085 0.049 0.063 0.082 0.097 0.097 0.094 0.06;0.023 0.05 0.041 0.049 0.097 0.046 0.051 0.119 0.043 0.063 0.097 0.085 0.094 0.082 0.06;
0.014 0.046 0.056 0.057 0.108 0.032 0.05 0.083 0.041 0.062 0.095 0.088 0.094 0.089 0.085;0.014 0.046 0.032 0.05 0.083 0.056 0.057 0.108 0.041 0.062 0.095 0.088 0.089 0.094 0.085;0.014 0.032 0.056 0.041 0.088 0.046 0.05 0.083 0.057 0.062 0.089 0.108 0.094 0.095 0.085;
0.019 0.054 0.049 0.054 0.103 0.049 0.045 0.103 0.043 0.051 0.091 0.073 0.094 0.099 0.073;0.019 0.054 0.049 0.045 0.103 0.049 0.054 0.103 0.043 0.051 0.091 0.073 0.099 0.094 0.073;0.019 0.049 0.049 0.043 0.073 0.054 0.045 0.103 0.054 0.051 0.099 0.103 0.094 0.091 0.073;
0.022 0.045 0.042 0.054 0.091 0.06 0.047 0.099 0.041 0.051 0.087 0.093 0.088 0.105 0.075;0.022 0.045 0.06 0.047 0.099 0.042 0.054 0.091 0.041 0.051 0.087 0.093 0.105 0.088 0.075;0.022 0.06 0.042 0.041 0.093 0.045 0.047 0.099 0.054 0.051 0.105 0.091 0.088 0.087 0.075;
0.021 0.04 0.039 0.054 0.09 0.062 0.055 0.093 0.053 0.049 0.074 0.089 0.095 0.088 0.098;0.021 0.04 0.062 0.055 0.093 0.039 0.054 0.09 0.053 0.049 0.074 0.089 0.088 0.095 0.098;0.021 0.062 0.039 0.053 0.089 0.04 0.055 0.093 0.054 0.049 0.088 0.09 0.095 0.074 0.098;
0.029 0.048 0.057 0.058 0.104 0.05 0.048 0.086 0.047 0.039 0.078 0.09 0.083 0.088 0.095;0.029 0.048 0.05 0.048 0.086 0.057 0.058 0.104 0.047 0.039 0.078 0.09 0.088 0.083 0.095;0.029 0.05 0.057 0.047 0.09 0.048 0.048 0.086 0.058 0.039 0.088 0.104 0.083 0.078 0.095;
0.024 0.053 0.041 0.048 0.103 0.054 0.042 0.095 0.046 0.045 0.085 0.085 0.084 0.104 0.091;0.024 0.053 0.054 0.042 0.095 0.041 0.048 0.103 0.046 0.045 0.085 0.085 0.104 0.084 0.091;0.024 0.054 0.041 0.046 0.085 0.053 0.042 0.095 0.048 0.045 0.104 0.103 0.084 0.085 0.091;
0.015 0.044 0.061 0.051 0.1 0.068 0.043 0.081 0.043 0.044 0.099 0.09 0.097 0.094 0.07;0.015 0.044 0.068 0.043 0.081 0.061 0.051 0.1 0.043 0.044 0.099 0.09 0.094 0.097 0.07;0.015 0.068 0.061 0.043 0.09 0.044 0.043 0.081 0.051 0.044 0.094 0.1 0.097 0.099 0.07;
0.016 0.041 0.047 0.058 0.096 0.057 0.049 0.088 0.05 0.042 0.083 0.096 0.105 0.077 0.095;0.016 0.041 0.057 0.049 0.088 0.047 0.058 0.096 0.05 0.042 0.083 0.096 0.077 0.105 0.095;0.016 0.057 0.047 0.05 0.096 0.041 0.049 0.088 0.058 0.042 0.077 0.096 0.105 0.083 0.095;
0.011 0.039 0.058 0.05 0.091 0.07 0.059 0.102 0.042 0.05 0.08 0.095 0.072 0.098 0.083;0.011 0.039 0.07 0.059 0.102 0.058 0.05 0.091 0.042 0.05 0.08 0.095 0.098 0.072 0.083;0.011 0.07 0.058 0.042 0.095 0.039 0.059 0.102 0.05 0.05 0.098 0.091 0.072 0.08 0.083;
0.011 0.036 0.051 0.048 0.103 0.063 0.045 0.088 0.046 0.05 0.101 0.09 0.085 0.094 0.089;0.011 0.036 0.063 0.045 0.088 0.051 0.048 0.103 0.046 0.05 0.101 0.09 0.094 0.085 0.089;0.011 0.063 0.051 0.046 0.09 0.036 0.045 0.088 0.048 0.05 0.094 0.103 0.085 0.101 0.089;
0.012 0.044 0.06 0.051 0.105 0.053 0.052 0.077 0.041 0.049 0.097 0.08 0.106 0.077 0.096;0.012 0.044 0.053 0.052 0.077 0.06 0.051 0.105 0.041 0.049 0.097 0.08 0.077 0.106 0.096;0.012 0.053 0.06 0.041 0.08 0.044 0.052 0.077 0.051 0.049 0.077 0.105 0.106 0.097 0.096;
0.021 0.046 0.045 0.051 0.088 0.044 0.043 0.097 0.04 0.048 0.082 0.098 0.083 0.111 0.103;0.021 0.046 0.044 0.043 0.097 0.045 0.051 0.088 0.04 0.048 0.082 0.098 0.111 0.083 0.103;0.021 0.044 0.045 0.04 0.098 0.046 0.043 0.097 0.051 0.048 0.111 0.088 0.083 0.082 0.103;
0.016 0.046 0.05 0.048 0.099 0.05 0.04 0.09 0.046 0.046 0.081 0.108 0.085 0.116 0.079;0.016 0.046 0.05 0.04 0.09 0.05 0.048 0.099 0.046 0.046 0.081 0.108 0.116 0.085 0.079;0.016 0.05 0.05 0.046 0.108 0.046 0.04 0.09 0.048 0.046 0.116 0.099 0.085 0.081 0.079;
0.013 0.053 0.071 0.057 0.107 0.049 0.033 0.081 0.049 0.041 0.091 0.093 0.098 0.086 0.078;0.013 0.053 0.049 0.033 0.081 0.071 0.057 0.107 0.049 0.041 0.091 0.093 0.086 0.098 0.078;0.013 0.049 0.071 0.049 0.093 0.053 0.033 0.081 0.057 0.041 0.086 0.107 0.098 0.091 0.078;
0.022 0.045 0.054 0.06 0.104 0.058 0.039 0.08 0.048 0.042 0.093 0.091 0.078 0.096 0.09;0.022 0.045 0.058 0.039 0.08 0.054 0.06 0.104 0.048 0.042 0.093 0.091 0.096 0.078 0.09;0.022 0.058 0.054 0.048 0.091 0.045 0.039 0.08 0.06 0.042 0.096 0.104 0.078 0.093 0.09;
0.021 0.048 0.055 0.052 0.102 0.045 0.038 0.074 0.058 0.045 0.084 0.094 0.106 0.102 0.076;0.021 0.048 0.045 0.038 0.074 0.055 0.052 0.102 0.058 0.045 0.084 0.094 0.102 0.106 0.076;0.021 0.045 0.055 0.058 0.094 0.048 0.038 0.074 0.052 0.045 0.102 0.102 0.106 0.084 0.076;
0.019 0.051 0.048 0.054 0.108 0.052 0.046 0.099 0.039 0.051 0.089 0.08 0.085 0.087 0.092;0.019 0.051 0.052 0.046 0.099 0.048 0.054 0.108 0.039 0.051 0.089 0.08 0.087 0.085 0.092;0.019 0.052 0.048 0.039 0.08 0.051 0.046 0.099 0.054 0.051 0.087 0.108 0.085 0.089 0.092;
0.031 0.049 0.043 0.05 0.082 0.051 0.044 0.094 0.045 0.048 0.098 0.092 0.092 0.077 0.104;0.031 0.049 0.051 0.044 0.094 0.043 0.05 0.082 0.045 0.048 0.098 0.092 0.077 0.092 0.104;0.031 0.051 0.043 0.045 0.092 0.049 0.044 0.094 0.05 0.048 0.077 0.082 0.092 0.098 0.104;
0.019 0.044 0.043 0.049 0.112 0.047 0.046 0.084 0.04 0.056 0.082 0.087 0.087 0.103 0.101;0.019 0.044 0.047 0.046 0.084 0.043 0.049 0.112 0.04 0.056 0.082 0.087 0.103 0.087 0.101;0.019 0.047 0.043 0.04 0.087 0.044 0.046 0.084 0.049 0.056 0.103 0.112 0.087 0.082 0.101;
0.026 0.038 0.052 0.051 0.095 0.046 0.046 0.1 0.05 0.034 0.081 0.103 0.089 0.098 0.091;0.026 0.038 0.046 0.046 0.1 0.052 0.051 0.095 0.05 0.034 0.081 0.103 0.098 0.089 0.091;0.026 0.046 0.052 0.05 0.103 0.038 0.046 0.1 0.051 0.034 0.098 0.095 0.089 0.081 0.091;
0.018 0.043 0.057 0.059 0.094 0.055 0.036 0.099 0.026 0.048 0.09 0.098 0.091 0.096 0.09;0.018 0.043 0.055 0.036 0.099 0.057 0.059 0.094 0.026 0.048 0.09 0.098 0.096 0.091 0.09;0.018 0.055 0.057 0.026 0.098 0.043 0.036 0.099 0.059 0.048 0.096 0.094 0.091 0.09 0.09;
0.019 0.048 0.044 0.058 0.092 0.046 0.061 0.087 0.04 0.059 0.083 0.097 0.098 0.089 0.079;0.019 0.048 0.046 0.061 0.087 0.044 0.058 0.092 0.04 0.059 0.083 0.097 0.089 0.098 0.079;0.019 0.046 0.044 0.04 0.097 0.048 0.061 0.087 0.058 0.059 0.089 0.092 0.098 0.083 0.079;
0.02 0.06 0.04 0.044 0.105 0.059 0.053 0.094 0.035 0.054 0.088 0.091 0.09 0.096 0.071;0.02 0.06 0.059 0.053 0.094 0.04 0.044 0.105 0.035 0.054 0.088 0.091 0.096 0.09 0.071;0.02 0.059 0.04 0.035 0.091 0.06 0.053 0.094 0.044 0.054 0.096 0.105 0.09 0.088 0.071;
0.018 0.054 0.054 0.043 0.104 0.042 0.04 0.102 0.062 0.046 0.084 0.101 0.083 0.089 0.078;0.018 0.054 0.042 0.04 0.102 0.054 0.043 0.104 0.062 0.046 0.084 0.101 0.089 0.083 0.078;0.018 0.042 0.054 0.062 0.101 0.054 0.04 0.102 0.043 0.046 0.089 0.104 0.083 0.084 0.078;
0.01 0.055 0.03 0.061 0.102 0.054 0.056 0.097 0.039 0.032 0.1 0.089 0.08 0.106 0.089;0.01 0.055 0.054 0.056 0.097 0.03 0.061 0.102 0.039 0.032 0.1 0.089 0.106 0.08 0.089;0.01 0.054 0.03 0.039 0.089 0.055 0.056 0.097 0.061 0.032 0.106 0.102 0.08 0.1 0.089;
0.025 0.069 0.051 0.056 0.1 0.04 0.047 0.093 0.046 0.04 0.09 0.074 0.084 0.099 0.086;0.025 0.069 0.04 0.047 0.093 0.051 0.056 0.1 0.046 0.04 0.09 0.074 0.099 0.084 0.086;0.025 0.04 0.051 0.046 0.074 0.069 0.047 0.093 0.056 0.04 0.099 0.1 0.084 0.09 0.086;
0.025 0.038 0.041 0.051 0.106 0.053 0.043 0.096 0.033 0.061 0.093 0.089 0.076 0.1 0.095;0.025 0.038 0.053 0.043 0.096 0.041 0.051 0.106 0.033 0.061 0.093 0.089 0.1 0.076 0.095;0.025 0.053 0.041 0.033 0.089 0.038 0.043 0.096 0.051 0.061 0.1 0.106 0.076 0.093 0.095;
0.023 0.051 0.034 0.06 0.104 0.039 0.042 0.085 0.046 0.053 0.097 0.092 0.07 0.124 0.08;0.023 0.051 0.039 0.042 0.085 0.034 0.06 0.104 0.046 0.053 0.097 0.092 0.124 0.07 0.08;0.023 0.039 0.034 0.046 0.092 0.051 0.042 0.085 0.06 0.053 0.124 0.104 0.07 0.097 0.08;
0.016 0.061 0.05 0.045 0.102 0.052 0.055 0.096 0.042 0.044 0.082 0.08 0.097 0.102 0.076;0.016 0.061 0.052 0.055 0.096 0.05 0.045 0.102 0.042 0.044 0.082 0.08 0.102 0.097 0.076;0.016 0.052 0.05 0.042 0.08 0.061 0.055 0.096 0.045 0.044 0.102 0.102 0.097 0.082 0.076;
0.023 0.043 0.051 0.046 0.1 0.051 0.056 0.11 0.048 0.043 0.091 0.085 0.107 0.08 0.066;0.023 0.043 0.051 0.056 0.11 0.051 0.046 0.1 0.048 0.043 0.091 0.085 0.08 0.107 0.066;0.023 0.051 0.051 0.048 0.085 0.043 0.056 0.11 0.046 0.043 0.08 0.1 0.107 0.091 0.066;
0.017 0.049 0.045 0.058 0.085 0.053 0.049 0.098 0.046 0.059 0.088 0.084 0.085 0.103 0.081;0.017 0.049 0.053 0.049 0.098 0.045 0.058 0.085 0.046 0.059 0.088 0.084 0.103 0.085 0.081;0.017 0.053 0.045 0.046 0.084 0.049 0.049 0.098 0.058 0.059 0.103 0.085 0.085 0.088 0.081];